0 , 0.001468, 0.001497, 0.001676, 0.001566, 0.001605, 0.001559, 0.001662, 0.001609, 0.001711, 0.000940, 0.001604, 0.001360, 0.001309, 0.001302, 0.001172, 0.001361, 0.001205, 0.001253, 0.001227, 0.001318, 0.001303, 0.001256, 0.001325, 0.001390, 0.001132, 0.001339, 0.001331, 0.001296, 0.001223, 0.001290, 0.001233, 0.001169, 0.000606, 0.001028, 0.001051, 0.001302, 0.001408, 0.001265, 0.001352, 0.001262, 0.001465, 0.001346, 0.001428, 0.001385, 0.001250, 0.001597, 0.001425, 0.001398, 0.001249, 0.001179, 0.001308, 0.001192, 0.001393, 0.001245, 0.001272, 0.001349, 0.001690, 0.000277, 0.001903, 0.001558, 0.001493, 0.001303, 0.001364, 0.001252, 0.001296, 0.001129, 0.001142, 0.001129, 0.001295, 0.000970, 0.001246, 0.001150, 0.001379, 0.001108, 0.001268, 0.000964, 0.001266, 0.001110, 0.001283, 0.001113, 0.001490, 0.001247, 0.001059, 0.000541, 0.001179, 0.001099, 0.001426, 0.001475, 0.001452, 0.001438, 0.001539, 0.001685
0 , 1, 1, 1, 1, 2, 2, 2
0 , 0.006579, 0.006252, 0.004576, 0.003426, 0.003036, 0.003264, 0.003164
1 , 0.001425, 0.001398, 0.001249, 0.001179, 0.001308, 0.001192, 0.001393, 0.001245, 0.001272, 0.001349, 0.001690, 0.000277, 0.001903, 0.001558, 0.001493, 0.001303, 0.001364, 0.001252, 0.001296, 0.001129, 0.001142, 0.001129, 0.001295, 0.000970, 0.001246, 0.001150, 0.001379, 0.001108, 0.001268, 0.000964, 0.001266, 0.001110, 0.001283, 0.001113, 0.001490, 0.001247, 0.001059, 0.000541, 0.001179, 0.001099, 0.001426, 0.001475, 0.001452, 0.001438, 0.001539, 0.001685, 0.001539, 0.001703, 0.001527, 0.001657, 0.001790, 0.001582, 0.001612, 0.001445, 0.001584, 0.001756, 0.001580, 0.001594, 0.001479, 0.001523, 0.001951, 0.001070, 0.001511, 0.001348, 0.001244, 0.001093, 0.001248, 0.000889, 0.001114, 0.000912, 0.001144, 0.001030, 0.001251, 0.000896, 0.001081, 0.000979, 0.001251, 0.001168, 0.001172, 0.001271, 0.001321, 0.001217, 0.001217, 0.001139, 0.001268, 0.000142, 0.001147, 0.000911, 0.001160, 0.001171, 0.001090, 0.001254
1 , 1, 1, 1, 1, 1, 3, 3
1 , 0.012578, 0.011428, 0.009828, 0.008444, 0.007249, 0.006862, 0.005965
2 , 0.001539, 0.001703, 0.001527, 0.001657, 0.001790, 0.001582, 0.001612, 0.001445, 0.001584, 0.001756, 0.001580, 0.001594, 0.001479, 0.001523, 0.001951, 0.001070, 0.001511, 0.001348, 0.001244, 0.001093, 0.001248, 0.000889, 0.001114, 0.000912, 0.001144, 0.001030, 0.001251, 0.000896, 0.001081, 0.000979, 0.001251, 0.001168, 0.001172, 0.001271, 0.001321, 0.001217, 0.001217, 0.001139, 0.001268, 0.000142, 0.001147, 0.000911, 0.001160, 0.001171, 0.001090, 0.001254, 0.001013, 0.001297, 0.001444, 0.001408, 0.001458, 0.001303, 0.001521, 0.001455, 0.001481, 0.001461, 0.001417, 0.001682, 0.001522, 0.001522, 0.001500, 0.001486, 0.001602, 0.001724, 0.000863, 0.001548, 0.001274, 0.001262, 0.001221, 0.001105, 0.001221, 0.001246, 0.001207, 0.001117, 0.001010, 0.001139, 0.001061, 0.001109, 0.001151, 0.001177, 0.001090, 0.001259, 0.001082, 0.001332, 0.001099, 0.001295, 0.001094, 0.001081, 0.001127, 0.000503, 0.001249, 0.001465
2 , 1, 1, 1, 1, 1, 1, 1
2 , 0.016329, 0.016835, 0.016245, 0.015287, 0.014686, 0.012980, 0.011685
3 , 0.001297, 0.001444, 0.001408, 0.001458, 0.001303, 0.001521, 0.001455, 0.001481, 0.001461, 0.001417, 0.001682, 0.001522, 0.001522, 0.001500, 0.001486, 0.001602, 0.001724, 0.000863, 0.001548, 0.001274, 0.001262, 0.001221, 0.001105, 0.001221, 0.001246, 0.001207, 0.001117, 0.001010, 0.001139, 0.001061, 0.001109, 0.001151, 0.001177, 0.001090, 0.001259, 0.001082, 0.001332, 0.001099, 0.001295, 0.001094, 0.001081, 0.001127, 0.000503, 0.001249, 0.001465, 0.001189, 0.001353, 0.001472, 0.001419, 0.001410, 0.001317, 0.001648, 0.001486, 0.001517, 0.001487, 0.001418, 0.001594, 0.001504, 0.001531, 0.001395, 0.001464, 0.001467, 0.001497, 0.001552, 0.001497, 0.001511, 0.001905, 0.000009, 0.001664, 0.001260, 0.001450, 0.001228, 0.001281, 0.001103, 0.001367, 0.001094, 0.001203, 0.001073, 0.001354, 0.001124, 0.001418, 0.001240, 0.001382, 0.001119, 0.001322, 0.001166, 0.001395, 0.001281, 0.001368, 0.001351, 0.001190, 0.000534
3 , 1, 1, 1, 1, 1, 1, 1
3 , 0.009754, 0.010258, 0.010481, 0.011570, 0.010785, 0.010485, 0.009670
4 , 0.001410, 0.001317, 0.001648, 0.001486, 0.001517, 0.001487, 0.001418, 0.001594, 0.001504, 0.001531, 0.001395, 0.001464, 0.001467, 0.001497, 0.001552, 0.001497, 0.001511, 0.001905, 0.000009, 0.001664, 0.001260, 0.001450, 0.001228, 0.001281, 0.001103, 0.001367, 0.001094, 0.001203, 0.001073, 0.001354, 0.001124, 0.001418, 0.001240, 0.001382, 0.001119, 0.001322, 0.001166, 0.001395, 0.001281, 0.001368, 0.001351, 0.001190, 0.000534, 0.001210, 0.001021, 0.001285, 0.001445, 0.001332, 0.001476, 0.001319, 0.001594, 0.001644, 0.001623, 0.001717, 0.001774, 0.001944, 0.001866, 0.001934, 0.001920, 0.001912, 0.002031, 0.002024, 0.001994, 0.001934, 0.001793, 0.002058, 0.001232, 0.001148, 0.001237, 0.001264, 0.001070, 0.001276, 0.001054, 0.001337, 0.001231, 0.001339, 0.001191, 0.001407, 0.001217, 0.001411, 0.001311, 0.001501, 0.001355, 0.001532, 0.001408, 0.001546, 0.001520, 0.001391, 0.001347, 0.001360, 0.001523, 0.001363
4 , 1, 1, 1, 1, 1, 1, 1
4 , 0.012347, 0.013392, 0.012874, 0.012244, 0.013110, 0.012427, 0.012010
5 , 0.001332, 0.001476, 0.001319, 0.001594, 0.001644, 0.001623, 0.001717, 0.001774, 0.001944, 0.001866, 0.001934, 0.001920, 0.001912, 0.002031, 0.002024, 0.001994, 0.001934, 0.001793, 0.002058, 0.001232, 0.001148, 0.001237, 0.001264, 0.001070, 0.001276, 0.001054, 0.001337, 0.001231, 0.001339, 0.001191, 0.001407, 0.001217, 0.001411, 0.001311, 0.001501, 0.001355, 0.001532, 0.001408, 0.001546, 0.001520, 0.001391, 0.001347, 0.001360, 0.001523, 0.001363, 0.000069, 0.001083, 0.001011, 0.001169, 0.001491, 0.001364, 0.001457, 0.001406, 0.001534, 0.001646, 0.001598, 0.001539, 0.001453, 0.001856, 0.001724, 0.001754, 0.001835, 0.001523, 0.001780, 0.001558, 0.001579, 0.001672, 0.001563, 0.001570, 0.001599, 0.000889, 0.001613, 0.001404, 0.001422, 0.001235, 0.001197, 0.001179, 0.001248, 0.001251, 0.001272, 0.001054, 0.001277, 0.001138, 0.001385, 0.001172, 0.001355, 0.001186, 0.001321, 0.001289, 0.001444, 0.001230, 0.001453
5 , 1, 1, 1, 1, 1, 1, 1
5 , 0.012401, 0.012815, 0.015655, 0.014843, 0.015953, 0.016482, 0.016671
6 , 0.001406, 0.001534, 0.001646, 0.001598, 0.001539, 0.001453, 0.001856, 0.001724, 0.001754, 0.001835, 0.001523, 0.001780, 0.001558, 0.001579, 0.001672, 0.001563, 0.001570, 0.001599, 0.000889, 0.001613, 0.001404, 0.001422, 0.001235, 0.001197, 0.001179, 0.001248, 0.001251, 0.001272, 0.001054, 0.001277, 0.001138, 0.001385, 0.001172, 0.001355, 0.001186, 0.001321, 0.001289, 0.001444, 0.001230, 0.001453, 0.001290, 0.000605, 0.000907, 0.001200, 0.001064, 0.001385, 0.001207, 0.001272, 0.001249, 0.001136, 0.001299, 0.001187, 0.001339, 0.001276, 0.001312, 0.001607, 0.001296, 0.001328, 0.001183, 0.001402, 0.001475, 0.001326, 0.001485, 0.001303, 0.001597, 0.001574, 0.001362, 0.001761, 0.000164, 0.001342, 0.001425, 0.001295, 0.001295, 0.001147, 0.001402, 0.001094, 0.001367, 0.001085, 0.001444, 0.001206, 0.001249, 0.001112, 0.001286, 0.001061, 0.001235, 0.001109, 0.001202, 0.001116, 0.001385, 0.001098, 0.001116, 0.000986
6 , 1, 1, 1, 1, 1, 1, 1
6 , 0.010669, 0.009508, 0.009747, 0.010584, 0.010571, 0.010553, 0.010175
7 , 0.001207, 0.001272, 0.001249, 0.001136, 0.001299, 0.001187, 0.001339, 0.001276, 0.001312, 0.001607, 0.001296, 0.001328, 0.001183, 0.001402, 0.001475, 0.001326, 0.001485, 0.001303, 0.001597, 0.001574, 0.001362, 0.001761, 0.000164, 0.001342, 0.001425, 0.001295, 0.001295, 0.001147, 0.001402, 0.001094, 0.001367, 0.001085, 0.001444, 0.001206, 0.001249, 0.001112, 0.001286, 0.001061, 0.001235, 0.001109, 0.001202, 0.001116, 0.001385, 0.001098, 0.001116, 0.000986, 0.001121, 0.000970, 0.001110, 0.000915, 0.000959, 0.001051, 0.001047, 0.001007, 0.001007, 0.001193, 0.001214, 0.000993, 0.001121, 0.001186, 0.001067, 0.001204, 0.001156, 0.001351, 0.001284, 0.001391, 0.001382, 0.001404, 0.001352, 0.001387, 0.001309, 0.001460, 0.001291, 0.001334, 0.001195, 0.001420, 0.001260, 0.001429, 0.001264, 0.001424, 0.001083, 0.001313, 0.001176, 0.001361, 0.001111, 0.001281, 0.001096, 0.001225, 0.000975, 0.001193, 0.000977, 0.001260
7 , 2, 2, 2, 2, 2, 2, 1
7 , 0.004985, 0.005421, 0.005285, 0.006064, 0.003262, 0.003249, 0.003741
8 , 0.000915, 0.000959, 0.001051, 0.001047, 0.001007, 0.001007, 0.001193, 0.001214, 0.000993, 0.001121, 0.001186, 0.001067, 0.001204, 0.001156, 0.001351, 0.001284, 0.001391, 0.001382, 0.001404, 0.001352, 0.001387, 0.001309, 0.001460, 0.001291, 0.001334, 0.001195, 0.001420, 0.001260, 0.001429, 0.001264, 0.001424, 0.001083, 0.001313, 0.001176, 0.001361, 0.001111, 0.001281, 0.001096, 0.001225, 0.000975, 0.001193, 0.000977, 0.001260, 0.000995, 0.001158, 0.000984, 0.001183, 0.000933, 0.001232, 0.000968, 0.001056, 0.000831, 0.001067, 0.000872, 0.001091, 0.001033, 0.001167, 0.000954, 0.001100, 0.001000, 0.001190, 0.000988, 0.001200, 0.001039, 0.001116, 0.001042, 0.001100, 0.001125, 0.001274, 0.000956, 0.001010, 0.001035, 0.001031, 0.001096, 0.001096, 0.001050, 0.001061, 0.001031, 0.001132, 0.001053, 0.001135, 0.001130, 0.001053, 0.000991, 0.001102, 0.001183, 0.001053, 0.000984, 0.000940, 0.001077, 0.001144, 0.001214
8 , 0, 0, 0, 0, 2, 2, 2
8 , 0.003003, 0.002265, 0.001660, 0.001713, 0.000763, 0.001638, 0.002235
9 , 0.001183, 0.000933, 0.001232, 0.000968, 0.001056, 0.000831, 0.001067, 0.000872, 0.001091, 0.001033, 0.001167, 0.000954, 0.001100, 0.001000, 0.001190, 0.000988, 0.001200, 0.001039, 0.001116, 0.001042, 0.001100, 0.001125, 0.001274, 0.000956, 0.001010, 0.001035, 0.001031, 0.001096, 0.001096, 0.001050, 0.001061, 0.001031, 0.001132, 0.001053, 0.001135, 0.001130, 0.001053, 0.000991, 0.001102, 0.001183, 0.001053, 0.000984, 0.000940, 0.001077, 0.001144, 0.001214, 0.001237, 0.001314, 0.001171, 0.001289, 0.001154, 0.001245, 0.001167, 0.001323, 0.001145, 0.001280, 0.001158, 0.001275, 0.001102, 0.001206, 0.001063, 0.001227, 0.001127, 0.001227, 0.001127, 0.001396, 0.001041, 0.001236, 0.001227, 0.001470, 0.001162, 0.001271, 0.001136, 0.001357, 0.001158, 0.001473, 0.001209, 0.001404, 0.001218, 0.001354, 0.001236, 0.001431, 0.001292, 0.001354, 0.001206, 0.001352, 0.001262, 0.001332, 0.001086, 0.001374, 0.001188, 0.001265
9 , 0, 0, 0, 0, 0, 0, 0
9 , 0.001702, 0.001821, 0.001455, 0.001603, 0.001435, 0.001756, 0.001958
10 , 0.001167, 0.001323, 0.001145, 0.001280, 0.001158, 0.001275, 0.001102, 0.001206, 0.001063, 0.001227, 0.001127, 0.001227, 0.001127, 0.001396, 0.001041, 0.001236, 0.001227, 0.001470, 0.001162, 0.001271, 0.001136, 0.001357, 0.001158, 0.001473, 0.001209, 0.001404, 0.001218, 0.001354, 0.001236, 0.001431, 0.001292, 0.001354, 0.001206, 0.001352, 0.001262, 0.001332, 0.001086, 0.001374, 0.001188, 0.001265, 0.001109, 0.001231, 0.001126, 0.001265, 0.000978, 0.001203, 0.000957, 0.000975, 0.000905, 0.001101, 0.000965, 0.001095, 0.000945, 0.001060, 0.000915, 0.001055, 0.000950, 0.001031, 0.000905, 0.001126, 0.000865, 0.000950, 0.001021, 0.001036, 0.000846, 0.001022, 0.000888, 0.001080, 0.001093, 0.001151, 0.001174, 0.001249, 0.001185, 0.001310, 0.001236, 0.001236, 0.001345, 0.001319, 0.001254, 0.001259, 0.001191, 0.001081, 0.001276, 0.001102, 0.001193, 0.001114, 0.001116, 0.001102, 0.001145, 0.001039, 0.000998, 0.001104
10 , 0, 0, 0, 0, 0, 2, 2
10 , 0.006296, 0.005853, 0.005836, 0.005036, 0.004488, 0.003450, 0.003350
11 , 0.000957, 0.000975, 0.000905, 0.001101, 0.000965, 0.001095, 0.000945, 0.001060, 0.000915, 0.001055, 0.000950, 0.001031, 0.000905, 0.001126, 0.000865, 0.000950, 0.001021, 0.001036, 0.000846, 0.001022, 0.000888, 0.001080, 0.001093, 0.001151, 0.001174, 0.001249, 0.001185, 0.001310, 0.001236, 0.001236, 0.001345, 0.001319, 0.001254, 0.001259, 0.001191, 0.001081, 0.001276, 0.001102, 0.001193, 0.001114, 0.001116, 0.001102, 0.001145, 0.001039, 0.000998, 0.001104, 0.001150, 0.001061, 0.001246, 0.001019, 0.001137, 0.001156, 0.001224, 0.001360, 0.001536, 0.001463, 0.001575, 0.001460, 0.001637, 0.001461, 0.001733, 0.001632, 0.001900, 0.001687, 0.001864, 0.001636, 0.001721, 0.001505, 0.001731, 0.001450, 0.001612, 0.001369, 0.001641, 0.001369, 0.001406, 0.001381, 0.001553, 0.001311, 0.001485, 0.001325, 0.001455, 0.001072, 0.001307, 0.001191, 0.001341, 0.001123, 0.001290, 0.001114, 0.001242, 0.001002, 0.001302, 0.001017
11 , 3, 3, 3, 3, 3, 3, 3
11 , 0.005094, 0.006775, 0.007576, 0.008827, 0.009133, 0.010166, 0.010197
12 , 0.001224, 0.001360, 0.001536, 0.001463, 0.001575, 0.001460, 0.001637, 0.001461, 0.001733, 0.001632, 0.001900, 0.001687, 0.001864, 0.001636, 0.001721, 0.001505, 0.001731, 0.001450, 0.001612, 0.001369, 0.001641, 0.001369, 0.001406, 0.001381, 0.001553, 0.001311, 0.001485, 0.001325, 0.001455, 0.001072, 0.001307, 0.001191, 0.001341, 0.001123, 0.001290, 0.001114, 0.001242, 0.001002, 0.001302, 0.001017, 0.001202, 0.000923, 0.001265, 0.001007, 0.001232, 0.001235, 0.001485, 0.001212, 0.001295, 0.001090, 0.001482, 0.001239, 0.001395, 0.001226, 0.001373, 0.001217, 0.001454, 0.001372, 0.001575, 0.001424, 0.001661, 0.001557, 0.001575, 0.001398, 0.001558, 0.001256, 0.001480, 0.001342, 0.001566, 0.001368, 0.001506, 0.001325, 0.001571, 0.001286, 0.001411, 0.001329, 0.001432, 0.001393, 0.001368, 0.001143, 0.001394, 0.001303, 0.001291, 0.001334, 0.001524, 0.001330, 0.001378, 0.001317, 0.001472, 0.001398, 0.001463, 0.001411
12 , 2, 1, 1, 1, 1, 1, 1
12 , 0.006022, 0.006886, 0.007837, 0.008050, 0.008473, 0.009136, 0.009757
13 , 0.001395, 0.001226, 0.001373, 0.001217, 0.001454, 0.001372, 0.001575, 0.001424, 0.001661, 0.001557, 0.001575, 0.001398, 0.001558, 0.001256, 0.001480, 0.001342, 0.001566, 0.001368, 0.001506, 0.001325, 0.001571, 0.001286, 0.001411, 0.001329, 0.001432, 0.001393, 0.001368, 0.001143, 0.001394, 0.001303, 0.001291, 0.001334, 0.001524, 0.001330, 0.001378, 0.001317, 0.001472, 0.001398, 0.001463, 0.001411, 0.001394, 0.001290, 0.001342, 0.001217, 0.001317, 0.001274, 0.001280, 0.001328, 0.001277, 0.001216, 0.001237, 0.001328, 0.001349, 0.001387, 0.001360, 0.001274, 0.001248, 0.001325, 0.001265, 0.001304, 0.001365, 0.001321, 0.001261, 0.001309, 0.001227, 0.001176, 0.001227, 0.001245, 0.001124, 0.001242, 0.001147, 0.001237, 0.001221, 0.001235, 0.001182, 0.001117, 0.001185, 0.001302, 0.001159, 0.001293, 0.001259, 0.001393, 0.001059, 0.001332, 0.001103, 0.001224, 0.001210, 0.001302, 0.001129, 0.001300, 0.001118, 0.001218
13 , 1, 1, 1, 1, 1, 1, 1
13 , 0.002444, 0.002321, 0.002798, 0.002646, 0.002722, 0.002710, 0.003173
14 , 0.001349, 0.001387, 0.001360, 0.001274, 0.001248, 0.001325, 0.001265, 0.001304, 0.001365, 0.001321, 0.001261, 0.001309, 0.001227, 0.001176, 0.001227, 0.001245, 0.001124, 0.001242, 0.001147, 0.001237, 0.001221, 0.001235, 0.001182, 0.001117, 0.001185, 0.001302, 0.001159, 0.001293, 0.001259, 0.001393, 0.001059, 0.001332, 0.001103, 0.001224, 0.001210, 0.001302, 0.001129, 0.001300, 0.001118, 0.001218, 0.001170, 0.001332, 0.001064, 0.001375, 0.001283, 0.001399, 0.001308, 0.001546, 0.001303, 0.001463, 0.001239, 0.001454, 0.001290, 0.001463, 0.001346, 0.001471, 0.001359, 0.001549, 0.001320, 0.001601, 0.001424, 0.001627, 0.001346, 0.001610, 0.001472, 0.001631, 0.001316, 0.001553, 0.001351, 0.001648, 0.001294, 0.001471, 0.001298, 0.001475, 0.001238, 0.001411, 0.001333, 0.001437, 0.001277, 0.001506, 0.001204, 0.001411, 0.001208, 0.001471, 0.001290, 0.001459, 0.001239, 0.001398, 0.001342, 0.001493, 0.001324, 0.001376
14 , 1, 1, 1, 1, 1, 1, 3
14 , 0.003031, 0.002933, 0.003311, 0.003048, 0.002503, 0.001902, 0.002401
15 , 0.001303, 0.001463, 0.001239, 0.001454, 0.001290, 0.001463, 0.001346, 0.001471, 0.001359, 0.001549, 0.001320, 0.001601, 0.001424, 0.001627, 0.001346, 0.001610, 0.001472, 0.001631, 0.001316, 0.001553, 0.001351, 0.001648, 0.001294, 0.001471, 0.001298, 0.001475, 0.001238, 0.001411, 0.001333, 0.001437, 0.001277, 0.001506, 0.001204, 0.001411, 0.001208, 0.001471, 0.001290, 0.001459, 0.001239, 0.001398, 0.001342, 0.001493, 0.001324, 0.001376, 0.001411, 0.001437, 0.001394, 0.001523, 0.001333, 0.001545, 0.001320, 0.001475, 0.001342, 0.001467, 0.001419, 0.001441, 0.001428, 0.001467, 0.001359, 0.001437, 0.001363, 0.001346, 0.001342, 0.001527, 0.001471, 0.001471, 0.001368, 0.001385, 0.001432, 0.001316, 0.001320, 0.001355, 0.001278, 0.001342, 0.001385, 0.001437, 0.001424, 0.001325, 0.001223, 0.001417, 0.001336, 0.001289, 0.001268, 0.001290, 0.001251, 0.001242, 0.001259, 0.001327, 0.001435, 0.001185, 0.001366, 0.001378
15 , 1, 1, 1, 1, 1, 1, 1
15 , 0.003149, 0.003715, 0.003501, 0.003727, 0.003384, 0.003500, 0.003003
16 , 0.001545, 0.001320, 0.001475, 0.001342, 0.001467, 0.001419, 0.001441, 0.001428, 0.001467, 0.001359, 0.001437, 0.001363, 0.001346, 0.001342, 0.001527, 0.001471, 0.001471, 0.001368, 0.001385, 0.001432, 0.001316, 0.001320, 0.001355, 0.001278, 0.001342, 0.001385, 0.001437, 0.001424, 0.001325, 0.001223, 0.001417, 0.001336, 0.001289, 0.001268, 0.001290, 0.001251, 0.001242, 0.001259, 0.001327, 0.001435, 0.001185, 0.001366, 0.001378, 0.001292, 0.001253, 0.001451, 0.001252, 0.001373, 0.001290, 0.001342, 0.001303, 0.001342, 0.001320, 0.001368, 0.001307, 0.001519, 0.001346, 0.001545, 0.001363, 0.001484, 0.001394, 0.001549, 0.001390, 0.001580, 0.001373, 0.001489, 0.001382, 0.001592, 0.001381, 0.001609, 0.001394, 0.001579, 0.001312, 0.001488, 0.001234, 0.001541, 0.001264, 0.001368, 0.001230, 0.001361, 0.001111, 0.001388, 0.001142, 0.001300, 0.001088, 0.001327, 0.001116, 0.001283, 0.000937, 0.001164, 0.000972, 0.001036
16 , 1, 1, 1, 1, 1, 1, 1
16 , 0.004205, 0.004768, 0.005222, 0.005777, 0.006489, 0.006706, 0.007412
