0 , 0.001323, 0.001279, 0.001112, 0.000973, 0.001163, 0.000938, 0.001133, 0.001071, 0.001270, 0.000911, 0.001192, 0.001067, 0.001292, 0.001080, 0.001361, 0.000985, 0.001171, 0.000993, 0.001115, 0.000955, 0.001156, 0.000938, 0.001086, 0.000875, 0.000570, 0.001280, 0.001482, 0.001583, 0.001411, 0.001656, 0.001633, 0.001676, 0.001720, 0.001516, 0.001779, 0.001754, 0.001708, 0.001740, 0.001655, 0.001939, 0.001846, 0.001927, 0.001759, 0.001774, 0.002002, 0.001900, 0.001879, 0.001807, 0.001957, 0.000300, 0.001268, 0.001041, 0.001230, 0.001033, 0.001133, 0.000901, 0.001142, 0.000963, 0.001028, 0.000910, 0.001174, 0.000965, 0.001077, 0.001098, 0.001023, 0.000989, 0.001126, 0.001103, 0.001165, 0.001091, 0.001016, 0.001283, 0.000033, 0.001248, 0.001516, 0.001602, 0.001712, 0.001664, 0.001944, 0.001678, 0.001863, 0.001783, 0.001791, 0.001954, 0.001866, 0.002006, 0.001702, 0.001892, 0.001963, 0.001771, 0.001829, 0.001626
0 , 0, 0, 0, 0, 0, 0, 0
0 , 0.015433, 0.018924, 0.021209, 0.023857, 0.025897, 0.031091, 0.030980
1 , 0.001041, 0.001230, 0.001033, 0.001133, 0.000901, 0.001142, 0.000963, 0.001028, 0.000910, 0.001174, 0.000965, 0.001077, 0.001098, 0.001023, 0.000989, 0.001126, 0.001103, 0.001165, 0.001091, 0.001016, 0.001283, 0.000033, 0.001248, 0.001516, 0.001602, 0.001712, 0.001664, 0.001944, 0.001678, 0.001863, 0.001783, 0.001791, 0.001954, 0.001866, 0.002006, 0.001702, 0.001892, 0.001963, 0.001771, 0.001829, 0.001626, 0.001841, 0.001818, 0.001814, 0.001521, 0.001930, 0.000238, 0.001385, 0.001293, 0.001385, 0.001285, 0.001242, 0.001190, 0.001177, 0.001246, 0.001181, 0.001280, 0.001173, 0.001185, 0.001043, 0.001250, 0.000978, 0.001177, 0.001013, 0.001226, 0.000936, 0.001278, 0.000993, 0.001213, 0.001008, 0.001226, 0.000529, 0.000835, 0.001434, 0.001472, 0.001822, 0.001579, 0.001675, 0.001802, 0.001863, 0.001872, 0.001777, 0.002133, 0.001928, 0.002002, 0.001981, 0.001841, 0.002069, 0.001981, 0.002033, 0.001922, 0.002010
1 , 0, 0, 0, 0, 0, 0, 0
1 , 0.022936, 0.025508, 0.027009, 0.028245, 0.030635, 0.031765, 0.031386
2 , 0.001242, 0.001190, 0.001177, 0.001246, 0.001181, 0.001280, 0.001173, 0.001185, 0.001043, 0.001250, 0.000978, 0.001177, 0.001013, 0.001226, 0.000936, 0.001278, 0.000993, 0.001213, 0.001008, 0.001226, 0.000529, 0.000835, 0.001434, 0.001472, 0.001822, 0.001579, 0.001675, 0.001802, 0.001863, 0.001872, 0.001777, 0.002133, 0.001928, 0.002002, 0.001981, 0.001841, 0.002069, 0.001981, 0.002033, 0.001922, 0.002010, 0.002134, 0.002014, 0.001890, 0.002008, 0.001332, 0.000703, 0.001112, 0.001043, 0.001137, 0.000876, 0.000936, 0.000791, 0.000971, 0.000580, 0.000825, 0.000615, 0.000926, 0.000836, 0.000892, 0.000742, 0.000957, 0.000792, 0.000983, 0.000778, 0.001044, 0.000900, 0.000954, 0.000969, 0.000625, 0.001481, 0.001573, 0.001621, 0.001436, 0.001509, 0.001690, 0.001475, 0.001582, 0.001488, 0.001756, 0.001756, 0.001601, 0.001813, 0.001653, 0.001795, 0.001759, 0.001711, 0.001877, 0.001637, 0.001891, 0.002000, 0.001958
2 , 0, 0, 0, 0, 0, 0, 0
2 , 0.028147, 0.030958, 0.034697, 0.034713, 0.034077, 0.032924, 0.030077
3 , 0.001137, 0.000876, 0.000936, 0.000791, 0.000971, 0.000580, 0.000825, 0.000615, 0.000926, 0.000836, 0.000892, 0.000742, 0.000957, 0.000792, 0.000983, 0.000778, 0.001044, 0.000900, 0.000954, 0.000969, 0.000625, 0.001481, 0.001573, 0.001621, 0.001436, 0.001509, 0.001690, 0.001475, 0.001582, 0.001488, 0.001756, 0.001756, 0.001601, 0.001813, 0.001653, 0.001795, 0.001759, 0.001711, 0.001877, 0.001637, 0.001891, 0.002000, 0.001958, 0.001913, 0.001757, 0.000217, 0.001243, 0.001071, 0.001079, 0.000985, 0.001014, 0.000817, 0.000816, 0.000695, 0.000750, 0.000660, 0.000651, 0.000711, 0.000571, 0.000756, 0.000761, 0.000786, 0.000645, 0.000671, 0.000661, 0.000692, 0.000588, 0.000852, 0.000454, 0.000791, 0.000542, 0.001600, 0.001976, 0.001879, 0.001909, 0.001791, 0.001975, 0.001996, 0.001825, 0.001904, 0.001641, 0.001836, 0.001781, 0.001763, 0.001722, 0.001534, 0.001810, 0.001526, 0.001592, 0.001545, 0.001440, 0.001645
3 , 0, 0, 0, 0, 0, 0, 0
3 , 0.035577, 0.038494, 0.038646, 0.039775, 0.038412, 0.035902, 0.033900
4 , 0.000985, 0.001014, 0.000817, 0.000816, 0.000695, 0.000750, 0.000660, 0.000651, 0.000711, 0.000571, 0.000756, 0.000761, 0.000786, 0.000645, 0.000671, 0.000661, 0.000692, 0.000588, 0.000852, 0.000454, 0.000791, 0.000542, 0.001600, 0.001976, 0.001879, 0.001909, 0.001791, 0.001975, 0.001996, 0.001825, 0.001904, 0.001641, 0.001836, 0.001781, 0.001763, 0.001722, 0.001534, 0.001810, 0.001526, 0.001592, 0.001545, 0.001440, 0.001645, 0.001705, 0.001649, 0.001721, 0.000286, 0.001172, 0.001322, 0.001258, 0.001103, 0.000964, 0.001163, 0.000964, 0.001112, 0.000973, 0.001224, 0.000904, 0.001114, 0.000935, 0.001203, 0.000913, 0.001135, 0.001059, 0.001365, 0.000955, 0.001283, 0.001046, 0.001259, 0.000571, 0.000911, 0.001310, 0.001396, 0.001307, 0.001373, 0.001449, 0.001718, 0.001509, 0.001641, 0.001511, 0.001663, 0.001708, 0.001704, 0.001852, 0.001571, 0.001830, 0.001702, 0.001626, 0.001686, 0.001397, 0.001665, 0.001761
4 , 0, 0, 0, 0, 0, 0, 0
4 , 0.027186, 0.029698, 0.033152, 0.033659, 0.032980, 0.031823, 0.029661
5 , 0.001258, 0.001103, 0.000964, 0.001163, 0.000964, 0.001112, 0.000973, 0.001224, 0.000904, 0.001114, 0.000935, 0.001203, 0.000913, 0.001135, 0.001059, 0.001365, 0.000955, 0.001283, 0.001046, 0.001259, 0.000571, 0.000911, 0.001310, 0.001396, 0.001307, 0.001373, 0.001449, 0.001718, 0.001509, 0.001641, 0.001511, 0.001663, 0.001708, 0.001704, 0.001852, 0.001571, 0.001830, 0.001702, 0.001626, 0.001686, 0.001397, 0.001665, 0.001761, 0.001811, 0.001930, 0.000876, 0.000889, 0.001301, 0.001122, 0.001180, 0.000996, 0.001080, 0.000871, 0.001145, 0.000884, 0.001043, 0.000848, 0.000973, 0.000762, 0.000942, 0.000791, 0.000921, 0.000781, 0.000707, 0.000732, 0.000802, 0.000757, 0.000748, 0.000773, 0.000778, 0.000949, 0.000834, 0.001595, 0.001696, 0.001562, 0.001638, 0.001631, 0.001619, 0.001676, 0.001699, 0.001772, 0.001445, 0.001745, 0.001711, 0.001775, 0.001708, 0.001523, 0.001802, 0.001583, 0.001660, 0.001596, 0.001523
5 , 0, 0, 0, 0, 0, 0, 0
5 , 0.022912, 0.024655, 0.026478, 0.027382, 0.028746, 0.027751, 0.026853
6 , 0.000996, 0.001080, 0.000871, 0.001145, 0.000884, 0.001043, 0.000848, 0.000973, 0.000762, 0.000942, 0.000791, 0.000921, 0.000781, 0.000707, 0.000732, 0.000802, 0.000757, 0.000748, 0.000773, 0.000778, 0.000949, 0.000834, 0.001595, 0.001696, 0.001562, 0.001638, 0.001631, 0.001619, 0.001676, 0.001699, 0.001772, 0.001445, 0.001745, 0.001711, 0.001775, 0.001708, 0.001523, 0.001802, 0.001583, 0.001660, 0.001596, 0.001523, 0.001791, 0.001642, 0.001783, 0.001491, 0.000448, 0.001237, 0.001276, 0.001341, 0.001172, 0.001037, 0.001191, 0.001121, 0.001142, 0.001080, 0.001139, 0.001164, 0.001337, 0.001069, 0.001453, 0.001147, 0.001410, 0.001285, 0.001488, 0.001411, 0.001475, 0.001082, 0.001562, 0.000200, 0.000944, 0.001209, 0.001330, 0.001390, 0.001413, 0.001488, 0.001701, 0.001591, 0.001687, 0.001429, 0.001541, 0.001637, 0.001594, 0.001567, 0.001480, 0.001738, 0.001798, 0.001612, 0.001653, 0.001583, 0.001676, 0.001580
6 , 0, 0, 0, 0, 0, 0, 0
6 , 0.019578, 0.021349, 0.024832, 0.024931, 0.024380, 0.023558, 0.022490
7 , 0.001341, 0.001172, 0.001037, 0.001191, 0.001121, 0.001142, 0.001080, 0.001139, 0.001164, 0.001337, 0.001069, 0.001453, 0.001147, 0.001410, 0.001285, 0.001488, 0.001411, 0.001475, 0.001082, 0.001562, 0.000200, 0.000944, 0.001209, 0.001330, 0.001390, 0.001413, 0.001488, 0.001701, 0.001591, 0.001687, 0.001429, 0.001541, 0.001637, 0.001594, 0.001567, 0.001480, 0.001738, 0.001798, 0.001612, 0.001653, 0.001583, 0.001676, 0.001580, 0.001585, 0.001598, 0.001282, 0.001967, 0.000286, 0.001406, 0.001218, 0.001211, 0.001037, 0.001014, 0.000900, 0.001193, 0.001067, 0.001109, 0.000944, 0.001251, 0.001070, 0.001084, 0.001024, 0.000938, 0.000928, 0.001038, 0.001022, 0.001026, 0.001168, 0.001026, 0.001171, 0.001006, 0.001061, 0.000877, 0.001089, 0.001044, 0.001089, 0.000970, 0.001107, 0.000942, 0.001195, 0.000942, 0.001207, 0.001049, 0.001186, 0.001055, 0.001180, 0.001002, 0.001239, 0.001010, 0.001351, 0.001139, 0.001273
7 , 3, 0, 0, 0, 0, 0, 0
7 , 0.007472, 0.005964, 0.008162, 0.010745, 0.009165, 0.010032, 0.009696
8 , 0.001218, 0.001211, 0.001037, 0.001014, 0.000900, 0.001193, 0.001067, 0.001109, 0.000944, 0.001251, 0.001070, 0.001084, 0.001024, 0.000938, 0.000928, 0.001038, 0.001022, 0.001026, 0.001168, 0.001026, 0.001171, 0.001006, 0.001061, 0.000877, 0.001089, 0.001044, 0.001089, 0.000970, 0.001107, 0.000942, 0.001195, 0.000942, 0.001207, 0.001049, 0.001186, 0.001055, 0.001180, 0.001002, 0.001239, 0.001010, 0.001351, 0.001139, 0.001273, 0.001047, 0.001298, 0.001147, 0.001332, 0.001147, 0.001203, 0.000914, 0.001212, 0.001142, 0.001389, 0.001065, 0.001169, 0.001142, 0.001263, 0.001289, 0.001375, 0.001190, 0.001293, 0.001272, 0.001315, 0.001280, 0.001242, 0.001138, 0.001224, 0.001259, 0.001173, 0.001302, 0.001290, 0.001186, 0.001092, 0.001067, 0.001059, 0.001203, 0.001151, 0.001130, 0.001061, 0.001105, 0.001012, 0.001139, 0.000928, 0.001066, 0.000925, 0.000968, 0.000787, 0.000948, 0.000716, 0.000927, 0.000736, 0.000892
8 , 3, 3, 3, 3, 3, 3, 3
8 , 0.003763, 0.005096, 0.004909, 0.005991, 0.006794, 0.007509, 0.007896
9 , 0.001389, 0.001065, 0.001169, 0.001142, 0.001263, 0.001289, 0.001375, 0.001190, 0.001293, 0.001272, 0.001315, 0.001280, 0.001242, 0.001138, 0.001224, 0.001259, 0.001173, 0.001302, 0.001290, 0.001186, 0.001092, 0.001067, 0.001059, 0.001203, 0.001151, 0.001130, 0.001061, 0.001105, 0.001012, 0.001139, 0.000928, 0.001066, 0.000925, 0.000968, 0.000787, 0.000948, 0.000716, 0.000927, 0.000736, 0.000892, 0.000666, 0.000927, 0.000607, 0.000922, 0.000804, 0.001036, 0.000847, 0.000993, 0.000719, 0.001100, 0.000914, 0.001168, 0.001032, 0.001308, 0.001147, 0.001320, 0.001142, 0.001432, 0.001181, 0.001350, 0.001203, 0.001406, 0.001021, 0.001237, 0.001155, 0.001332, 0.001237, 0.001445, 0.001328, 0.001492, 0.001332, 0.001324, 0.001250, 0.001259, 0.001168, 0.001393, 0.001203, 0.001208, 0.001114, 0.001123, 0.001218, 0.001274, 0.001243, 0.001242, 0.001247, 0.001212, 0.001186, 0.001246, 0.001250, 0.001207, 0.001246, 0.001255
9 , 2, 2, 2, 2, 1, 1, 1
9 , 0.008386, 0.008395, 0.007630, 0.007212, 0.006649, 0.007878, 0.008049
10 , 0.000993, 0.000719, 0.001100, 0.000914, 0.001168, 0.001032, 0.001308, 0.001147, 0.001320, 0.001142, 0.001432, 0.001181, 0.001350, 0.001203, 0.001406, 0.001021, 0.001237, 0.001155, 0.001332, 0.001237, 0.001445, 0.001328, 0.001492, 0.001332, 0.001324, 0.001250, 0.001259, 0.001168, 0.001393, 0.001203, 0.001208, 0.001114, 0.001123, 0.001218, 0.001274, 0.001243, 0.001242, 0.001247, 0.001212, 0.001186, 0.001246, 0.001250, 0.001207, 0.001246, 0.001255, 0.001324, 0.001173, 0.001281, 0.001151, 0.001182, 0.001018, 0.001286, 0.001179, 0.001322, 0.001308, 0.001270, 0.001103, 0.001228, 0.000999, 0.001100, 0.001014, 0.001204, 0.001073, 0.001212, 0.000991, 0.001228, 0.001068, 0.001233, 0.001150, 0.001237, 0.001024, 0.001379, 0.001141, 0.001448, 0.001181, 0.001385, 0.001091, 0.001218, 0.001109, 0.001383, 0.001044, 0.001244, 0.001093, 0.001153, 0.001219, 0.001372, 0.000966, 0.001230, 0.001065, 0.001204, 0.001044, 0.001235
10 , 0, 0, 0, 0, 0, 2, 2
10 , 0.003531, 0.003275, 0.002639, 0.002360, 0.001303, 0.000774, 0.000443
11 , 0.001173, 0.001281, 0.001151, 0.001182, 0.001018, 0.001286, 0.001179, 0.001322, 0.001308, 0.001270, 0.001103, 0.001228, 0.000999, 0.001100, 0.001014, 0.001204, 0.001073, 0.001212, 0.000991, 0.001228, 0.001068, 0.001233, 0.001150, 0.001237, 0.001024, 0.001379, 0.001141, 0.001448, 0.001181, 0.001385, 0.001091, 0.001218, 0.001109, 0.001383, 0.001044, 0.001244, 0.001093, 0.001153, 0.001219, 0.001372, 0.000966, 0.001230, 0.001065, 0.001204, 0.001044, 0.001235, 0.001130, 0.001283, 0.001019, 0.001248, 0.000998, 0.001137, 0.001065, 0.001221, 0.001040, 0.001193, 0.000991, 0.001228, 0.001055, 0.001236, 0.001278, 0.001278, 0.001165, 0.001156, 0.001182, 0.001351, 0.001315, 0.001337, 0.001246, 0.001328, 0.001289, 0.001306, 0.001358, 0.001229, 0.001156, 0.001067, 0.001130, 0.001223, 0.001230, 0.001068, 0.001006, 0.000884, 0.000918, 0.000897, 0.001006, 0.000791, 0.000931, 0.000871, 0.000825, 0.000725, 0.000755, 0.000690
11 , 3, 3, 3, 3, 3, 3, 3
11 , 0.002565, 0.003121, 0.004140, 0.004887, 0.005537, 0.006370, 0.007110
12 , 0.001065, 0.001221, 0.001040, 0.001193, 0.000991, 0.001228, 0.001055, 0.001236, 0.001278, 0.001278, 0.001165, 0.001156, 0.001182, 0.001351, 0.001315, 0.001337, 0.001246, 0.001328, 0.001289, 0.001306, 0.001358, 0.001229, 0.001156, 0.001067, 0.001130, 0.001223, 0.001230, 0.001068, 0.001006, 0.000884, 0.000918, 0.000897, 0.001006, 0.000791, 0.000931, 0.000871, 0.000825, 0.000725, 0.000755, 0.000690, 0.000836, 0.000690, 0.000820, 0.000690, 0.000746, 0.000660, 0.000771, 0.000715, 0.000851, 0.000600, 0.000845, 0.000705, 0.000966, 0.000751, 0.001027, 0.000787, 0.000962, 0.000919, 0.001084, 0.000861, 0.001147, 0.000910, 0.001105, 0.000814, 0.001125, 0.000998, 0.001149, 0.000935, 0.001181, 0.001115, 0.001236, 0.001062, 0.001252, 0.000937, 0.001215, 0.001103, 0.001195, 0.001056, 0.001209, 0.000963, 0.001114, 0.000817, 0.001098, 0.000933, 0.001132, 0.000966, 0.001181, 0.001059, 0.001224, 0.001094, 0.001119, 0.001079
12 , 2, 2, 2, 2, 2, 2, 2
12 , 0.010079, 0.010174, 0.010782, 0.010711, 0.011090, 0.010607, 0.011140
13 , 0.000966, 0.000751, 0.001027, 0.000787, 0.000962, 0.000919, 0.001084, 0.000861, 0.001147, 0.000910, 0.001105, 0.000814, 0.001125, 0.000998, 0.001149, 0.000935, 0.001181, 0.001115, 0.001236, 0.001062, 0.001252, 0.000937, 0.001215, 0.001103, 0.001195, 0.001056, 0.001209, 0.000963, 0.001114, 0.000817, 0.001098, 0.000933, 0.001132, 0.000966, 0.001181, 0.001059, 0.001224, 0.001094, 0.001119, 0.001079, 0.001256, 0.001108, 0.001186, 0.001061, 0.001229, 0.001156, 0.001332, 0.001285, 0.001224, 0.001198, 0.001198, 0.001177, 0.001263, 0.001285, 0.001280, 0.001125, 0.001237, 0.001302, 0.001238, 0.001311, 0.001341, 0.001259, 0.001388, 0.001337, 0.001457, 0.001337, 0.001267, 0.001281, 0.001216, 0.001186, 0.001147, 0.001234, 0.001079, 0.001175, 0.001163, 0.001228, 0.001091, 0.001151, 0.001130, 0.001209, 0.001070, 0.001179, 0.000882, 0.001021, 0.001102, 0.001137, 0.001111, 0.001202, 0.000924, 0.001118, 0.001026, 0.001170
13 , 3, 3, 3, 3, 3, 3, 3
13 , 0.006378, 0.006166, 0.005854, 0.005810, 0.005717, 0.005283, 0.005349
14 , 0.001332, 0.001285, 0.001224, 0.001198, 0.001198, 0.001177, 0.001263, 0.001285, 0.001280, 0.001125, 0.001237, 0.001302, 0.001238, 0.001311, 0.001341, 0.001259, 0.001388, 0.001337, 0.001457, 0.001337, 0.001267, 0.001281, 0.001216, 0.001186, 0.001147, 0.001234, 0.001079, 0.001175, 0.001163, 0.001228, 0.001091, 0.001151, 0.001130, 0.001209, 0.001070, 0.001179, 0.000882, 0.001021, 0.001102, 0.001137, 0.001111, 0.001202, 0.000924, 0.001118, 0.001026, 0.001170, 0.001098, 0.001138, 0.000922, 0.001323, 0.001038, 0.001304, 0.000970, 0.001246, 0.001010, 0.001167, 0.001049, 0.001318, 0.001144, 0.001100, 0.000995, 0.001262, 0.000954, 0.001235, 0.001065, 0.001328, 0.001210, 0.001374, 0.001127, 0.001292, 0.001174, 0.001391, 0.001046, 0.001258, 0.001089, 0.001387, 0.001239, 0.001334, 0.001200, 0.001281, 0.001307, 0.001385, 0.001160, 0.001363, 0.001186, 0.001303, 0.001112, 0.001440, 0.001181, 0.001242, 0.001272, 0.001440
14 , 2, 2, 2, 2, 2, 2, 2
14 , 0.005079, 0.005678, 0.005672, 0.006170, 0.005790, 0.006235, 0.006105
15 , 0.001304, 0.000970, 0.001246, 0.001010, 0.001167, 0.001049, 0.001318, 0.001144, 0.001100, 0.000995, 0.001262, 0.000954, 0.001235, 0.001065, 0.001328, 0.001210, 0.001374, 0.001127, 0.001292, 0.001174, 0.001391, 0.001046, 0.001258, 0.001089, 0.001387, 0.001239, 0.001334, 0.001200, 0.001281, 0.001307, 0.001385, 0.001160, 0.001363, 0.001186, 0.001303, 0.001112, 0.001440, 0.001181, 0.001242, 0.001272, 0.001440, 0.001302, 0.001449, 0.001315, 0.001483, 0.001281, 0.001449, 0.001410, 0.001276, 0.001328, 0.001436, 0.001332, 0.001423, 0.001311, 0.001293, 0.001427, 0.001229, 0.001198, 0.001268, 0.001307, 0.001315, 0.001324, 0.001298, 0.001307, 0.001233, 0.001315, 0.001341, 0.001281, 0.001177, 0.001281, 0.001178, 0.001247, 0.001182, 0.001364, 0.001260, 0.001236, 0.001085, 0.001252, 0.001162, 0.001270, 0.001080, 0.001267, 0.001064, 0.001240, 0.001084, 0.001170, 0.001217, 0.001320, 0.001138, 0.001397, 0.001220, 0.001397
15 , 3, 3, 3, 3, 3, 3, 3
15 , 0.005519, 0.005049, 0.004932, 0.004837, 0.004859, 0.004558, 0.004500
16 , 0.001449, 0.001410, 0.001276, 0.001328, 0.001436, 0.001332, 0.001423, 0.001311, 0.001293, 0.001427, 0.001229, 0.001198, 0.001268, 0.001307, 0.001315, 0.001324, 0.001298, 0.001307, 0.001233, 0.001315, 0.001341, 0.001281, 0.001177, 0.001281, 0.001178, 0.001247, 0.001182, 0.001364, 0.001260, 0.001236, 0.001085, 0.001252, 0.001162, 0.001270, 0.001080, 0.001267, 0.001064, 0.001240, 0.001084, 0.001170, 0.001217, 0.001320, 0.001138, 0.001397, 0.001220, 0.001397, 0.001259, 0.001457, 0.001259, 0.001410, 0.001216, 0.001307, 0.001138, 0.001414, 0.001237, 0.001449, 0.001311, 0.001436, 0.001233, 0.001398, 0.001074, 0.001351, 0.001152, 0.001286, 0.001109, 0.001290, 0.001135, 0.001284, 0.001073, 0.001193, 0.001089, 0.001224, 0.000994, 0.001129, 0.001038, 0.001242, 0.001029, 0.001281, 0.001059, 0.001249, 0.001103, 0.001242, 0.001073, 0.001117, 0.001003, 0.001228, 0.001008, 0.001237, 0.001100, 0.001165, 0.001115, 0.001201
16 , 1, 1, 1, 1, 1, 1, 1
16 , 0.005747, 0.005603, 0.005279, 0.005020, 0.004249, 0.003537, 0.002789
