0 , 0.001269, 0.001449, 0.001604, 0.001638, 0.001629, 0.001400, 0.001655, 0.001566, 0.001481, 0.001397, 0.001466, 0.001621, 0.001534, 0.001634, 0.001327, 0.001453, 0.001635, 0.001374, 0.001504, 0.001417, 0.001325, 0.001474, 0.001039, 0.001419, 0.001782, 0.001665, 0.001635, 0.001717, 0.001372, 0.001501, 0.001450, 0.001549, 0.001368, 0.001653, 0.001441, 0.001476, 0.001484, 0.001505, 0.001281, 0.001454, 0.001363, 0.001411, 0.001527, 0.001531, 0.001415, 0.001484, 0.001497, 0.001599, 0.000491, 0.000921, 0.001026, 0.001182, 0.001258, 0.001262, 0.001288, 0.001169, 0.001457, 0.001527, 0.001500, 0.001477, 0.001297, 0.001641, 0.001527, 0.001491, 0.001568, 0.001497, 0.001749, 0.001620, 0.001641, 0.001549, 0.001573, 0.001850, 0.001907, 0.000469, 0.001456, 0.001254, 0.001181, 0.001076, 0.001121, 0.001021, 0.001140, 0.000985, 0.001175, 0.001091, 0.001050, 0.000895, 0.001287, 0.001088, 0.001315, 0.000988, 0.001296, 0.001047
0 , 1, 1, 3, 3, 3, 1, 1
0 , 0.002687, 0.003695, 0.003886, 0.004454, 0.006022, 0.007334, 0.006898
1 , 0.001182, 0.001258, 0.001262, 0.001288, 0.001169, 0.001457, 0.001527, 0.001500, 0.001477, 0.001297, 0.001641, 0.001527, 0.001491, 0.001568, 0.001497, 0.001749, 0.001620, 0.001641, 0.001549, 0.001573, 0.001850, 0.001907, 0.000469, 0.001456, 0.001254, 0.001181, 0.001076, 0.001121, 0.001021, 0.001140, 0.000985, 0.001175, 0.001091, 0.001050, 0.000895, 0.001287, 0.001088, 0.001315, 0.000988, 0.001296, 0.001047, 0.001323, 0.001329, 0.001493, 0.001446, 0.001074, 0.000665, 0.001001, 0.000809, 0.001086, 0.000960, 0.001105, 0.000981, 0.000963, 0.001145, 0.000892, 0.001037, 0.000874, 0.001070, 0.001267, 0.001146, 0.001370, 0.001150, 0.001272, 0.001300, 0.001237, 0.001264, 0.001218, 0.001226, 0.001566, 0.000294, 0.001864, 0.001550, 0.001649, 0.001373, 0.001464, 0.001234, 0.001503, 0.001346, 0.001571, 0.001265, 0.001426, 0.001184, 0.001397, 0.001246, 0.001408, 0.001162, 0.001361, 0.001213, 0.001368, 0.001167, 0.001413
1 , 2, 2, 2, 2, 2, 2, 2
1 , 0.009235, 0.010807, 0.011621, 0.015234, 0.012578, 0.012411, 0.011761
2 , 0.001086, 0.000960, 0.001105, 0.000981, 0.000963, 0.001145, 0.000892, 0.001037, 0.000874, 0.001070, 0.001267, 0.001146, 0.001370, 0.001150, 0.001272, 0.001300, 0.001237, 0.001264, 0.001218, 0.001226, 0.001566, 0.000294, 0.001864, 0.001550, 0.001649, 0.001373, 0.001464, 0.001234, 0.001503, 0.001346, 0.001571, 0.001265, 0.001426, 0.001184, 0.001397, 0.001246, 0.001408, 0.001162, 0.001361, 0.001213, 0.001368, 0.001167, 0.001413, 0.001317, 0.001278, 0.001403, 0.001359, 0.000266, 0.001247, 0.000964, 0.001176, 0.001312, 0.001282, 0.001285, 0.001093, 0.001281, 0.001258, 0.001275, 0.001377, 0.001302, 0.001560, 0.001510, 0.001447, 0.001437, 0.001321, 0.001530, 0.001361, 0.001417, 0.001374, 0.001341, 0.001563, 0.001042, 0.001376, 0.001616, 0.001463, 0.001506, 0.001502, 0.001268, 0.001411, 0.001433, 0.001445, 0.001321, 0.001342, 0.001346, 0.001243, 0.001385, 0.001282, 0.001282, 0.001166, 0.001374, 0.001231, 0.001284
2 , 0, 0, 0, 0, 0, 0, 3
2 , 0.007721, 0.007117, 0.006341, 0.007438, 0.004547, 0.003575, 0.002241
3 , 0.001359, 0.000266, 0.001247, 0.000964, 0.001176, 0.001312, 0.001282, 0.001285, 0.001093, 0.001281, 0.001258, 0.001275, 0.001377, 0.001302, 0.001560, 0.001510, 0.001447, 0.001437, 0.001321, 0.001530, 0.001361, 0.001417, 0.001374, 0.001341, 0.001563, 0.001042, 0.001376, 0.001616, 0.001463, 0.001506, 0.001502, 0.001268, 0.001411, 0.001433, 0.001445, 0.001321, 0.001342, 0.001346, 0.001243, 0.001385, 0.001282, 0.001282, 0.001166, 0.001374, 0.001231, 0.001284, 0.001304, 0.001424, 0.001247, 0.000261, 0.001204, 0.001188, 0.001070, 0.001300, 0.001378, 0.001511, 0.001365, 0.001431, 0.001641, 0.001518, 0.001660, 0.001440, 0.001461, 0.001729, 0.001546, 0.001694, 0.001513, 0.001616, 0.001728, 0.001660, 0.001730, 0.001427, 0.001505, 0.001750, 0.000423, 0.001696, 0.001422, 0.001268, 0.001143, 0.001173, 0.001053, 0.001355, 0.001181, 0.001362, 0.001377, 0.001472, 0.001265, 0.001584, 0.001268, 0.001488, 0.001229, 0.001432
3 , 3, 3, 3, 3, 3, 3, 1
3 , 0.002717, 0.002943, 0.003590, 0.004187, 0.004444, 0.003453, 0.005670
4 , 0.001070, 0.001300, 0.001378, 0.001511, 0.001365, 0.001431, 0.001641, 0.001518, 0.001660, 0.001440, 0.001461, 0.001729, 0.001546, 0.001694, 0.001513, 0.001616, 0.001728, 0.001660, 0.001730, 0.001427, 0.001505, 0.001750, 0.000423, 0.001696, 0.001422, 0.001268, 0.001143, 0.001173, 0.001053, 0.001355, 0.001181, 0.001362, 0.001377, 0.001472, 0.001265, 0.001584, 0.001268, 0.001488, 0.001229, 0.001432, 0.001208, 0.001583, 0.001324, 0.001570, 0.001411, 0.001441, 0.001351, 0.000808, 0.000686, 0.001093, 0.000971, 0.001153, 0.001225, 0.001159, 0.001345, 0.001090, 0.001361, 0.001288, 0.001335, 0.001384, 0.001209, 0.001375, 0.001348, 0.001540, 0.001516, 0.001453, 0.001627, 0.001548, 0.001573, 0.001495, 0.001298, 0.001931, 0.000657, 0.001545, 0.001355, 0.001399, 0.001098, 0.001177, 0.001043, 0.001168, 0.001074, 0.001230, 0.001032, 0.001329, 0.001166, 0.001313, 0.001101, 0.001162, 0.001132, 0.001241, 0.001220, 0.001310
4 , 1, 1, 1, 1, 1, 1, 1
4 , 0.002526, 0.004203, 0.004896, 0.005794, 0.006519, 0.007196, 0.008244
5 , 0.001225, 0.001159, 0.001345, 0.001090, 0.001361, 0.001288, 0.001335, 0.001384, 0.001209, 0.001375, 0.001348, 0.001540, 0.001516, 0.001453, 0.001627, 0.001548, 0.001573, 0.001495, 0.001298, 0.001931, 0.000657, 0.001545, 0.001355, 0.001399, 0.001098, 0.001177, 0.001043, 0.001168, 0.001074, 0.001230, 0.001032, 0.001329, 0.001166, 0.001313, 0.001101, 0.001162, 0.001132, 0.001241, 0.001220, 0.001310, 0.001296, 0.001357, 0.001320, 0.001097, 0.000304, 0.001296, 0.001119, 0.001122, 0.001351, 0.001073, 0.001341, 0.001110, 0.001265, 0.001411, 0.001259, 0.001331, 0.001103, 0.001259, 0.001381, 0.001308, 0.001219, 0.001133, 0.001530, 0.001388, 0.001298, 0.001437, 0.001292, 0.001649, 0.001232, 0.001169, 0.001681, 0.001623, 0.001467, 0.001441, 0.001518, 0.001454, 0.001410, 0.001406, 0.001492, 0.001294, 0.001540, 0.001454, 0.001618, 0.001376, 0.001488, 0.001454, 0.001700, 0.001536, 0.001743, 0.001571, 0.001726, 0.001385
5 , 2, 2, 2, 2, 2, 2, 2
5 , 0.007666, 0.009542, 0.009272, 0.009232, 0.008986, 0.009135, 0.007486
6 , 0.001122, 0.001351, 0.001073, 0.001341, 0.001110, 0.001265, 0.001411, 0.001259, 0.001331, 0.001103, 0.001259, 0.001381, 0.001308, 0.001219, 0.001133, 0.001530, 0.001388, 0.001298, 0.001437, 0.001292, 0.001649, 0.001232, 0.001169, 0.001681, 0.001623, 0.001467, 0.001441, 0.001518, 0.001454, 0.001410, 0.001406, 0.001492, 0.001294, 0.001540, 0.001454, 0.001618, 0.001376, 0.001488, 0.001454, 0.001700, 0.001536, 0.001743, 0.001571, 0.001726, 0.001385, 0.001514, 0.001443, 0.000381, 0.000980, 0.001110, 0.001006, 0.001159, 0.001188, 0.001396, 0.001387, 0.001207, 0.001492, 0.001472, 0.001469, 0.001304, 0.001270, 0.001539, 0.001410, 0.001416, 0.001443, 0.001380, 0.001453, 0.001549, 0.001495, 0.001344, 0.001481, 0.001738, 0.000380, 0.001738, 0.001520, 0.001664, 0.001403, 0.001421, 0.001196, 0.001426, 0.001205, 0.001392, 0.001175, 0.001358, 0.001344, 0.001521, 0.001360, 0.001472, 0.001372, 0.001416, 0.001260, 0.001429
6 , 0, 0, 0, 0, 3, 0, 0
6 , 0.007948, 0.006864, 0.006461, 0.006468, 0.004286, 0.004551, 0.002562
7 , 0.001443, 0.000381, 0.000980, 0.001110, 0.001006, 0.001159, 0.001188, 0.001396, 0.001387, 0.001207, 0.001492, 0.001472, 0.001469, 0.001304, 0.001270, 0.001539, 0.001410, 0.001416, 0.001443, 0.001380, 0.001453, 0.001549, 0.001495, 0.001344, 0.001481, 0.001738, 0.000380, 0.001738, 0.001520, 0.001664, 0.001403, 0.001421, 0.001196, 0.001426, 0.001205, 0.001392, 0.001175, 0.001358, 0.001344, 0.001521, 0.001360, 0.001472, 0.001372, 0.001416, 0.001260, 0.001429, 0.001380, 0.001442, 0.001441, 0.000712, 0.000828, 0.000961, 0.001135, 0.001032, 0.001320, 0.001280, 0.001499, 0.001266, 0.001435, 0.001552, 0.001264, 0.001506, 0.001327, 0.001411, 0.001540, 0.001252, 0.001470, 0.001248, 0.001418, 0.001322, 0.001305, 0.001416, 0.001145, 0.001387, 0.001080, 0.001447, 0.000046, 0.001717, 0.001727, 0.001866, 0.001862, 0.001711, 0.001662, 0.001670, 0.001731, 0.001822, 0.001630, 0.001764, 0.001656, 0.001728, 0.001607, 0.001653
7 , 0, 0, 0, 0, 0, 0, 2
7 , 0.006497, 0.006876, 0.007176, 0.007396, 0.007373, 0.007300, 0.006133
8 , 0.000712, 0.000828, 0.000961, 0.001135, 0.001032, 0.001320, 0.001280, 0.001499, 0.001266, 0.001435, 0.001552, 0.001264, 0.001506, 0.001327, 0.001411, 0.001540, 0.001252, 0.001470, 0.001248, 0.001418, 0.001322, 0.001305, 0.001416, 0.001145, 0.001387, 0.001080, 0.001447, 0.000046, 0.001717, 0.001727, 0.001866, 0.001862, 0.001711, 0.001662, 0.001670, 0.001731, 0.001822, 0.001630, 0.001764, 0.001656, 0.001728, 0.001607, 0.001653, 0.001471, 0.001643, 0.001458, 0.001549, 0.001317, 0.001569, 0.001299, 0.001496, 0.001083, 0.001425, 0.001179, 0.001292, 0.001167, 0.001205, 0.001110, 0.001285, 0.000939, 0.001249, 0.001014, 0.001129, 0.000955, 0.001255, 0.001051, 0.001243, 0.001058, 0.001269, 0.001122, 0.001531, 0.001329, 0.001439, 0.001416, 0.001618, 0.001303, 0.001531, 0.001467, 0.001627, 0.001636, 0.001696, 0.001577, 0.001581, 0.001538, 0.001538, 0.001647, 0.001629, 0.001698, 0.001550, 0.001593, 0.001550, 0.001555
8 , 0, 0, 0, 0, 0, 0, 0
8 , 0.011314, 0.012200, 0.013221, 0.013643, 0.013101, 0.013439, 0.012972
9 , 0.001299, 0.001496, 0.001083, 0.001425, 0.001179, 0.001292, 0.001167, 0.001205, 0.001110, 0.001285, 0.000939, 0.001249, 0.001014, 0.001129, 0.000955, 0.001255, 0.001051, 0.001243, 0.001058, 0.001269, 0.001122, 0.001531, 0.001329, 0.001439, 0.001416, 0.001618, 0.001303, 0.001531, 0.001467, 0.001627, 0.001636, 0.001696, 0.001577, 0.001581, 0.001538, 0.001538, 0.001647, 0.001629, 0.001698, 0.001550, 0.001593, 0.001550, 0.001555, 0.001602, 0.001541, 0.001580, 0.001657, 0.001445, 0.001536, 0.001397, 0.001574, 0.001432, 0.001540, 0.001363, 0.001562, 0.001394, 0.001511, 0.001251, 0.001437, 0.001311, 0.001462, 0.001324, 0.001501, 0.001234, 0.001561, 0.001328, 0.001609, 0.001372, 0.001605, 0.001312, 0.001635, 0.001377, 0.001583, 0.001527, 0.001605, 0.001381, 0.001601, 0.001476, 0.001700, 0.001463, 0.001665, 0.001450, 0.001596, 0.001341, 0.001479, 0.001385, 0.001579, 0.001273, 0.001528, 0.001286, 0.001433, 0.001304
9 , 0, 0, 0, 0, 0, 0, 0
9 , 0.007811, 0.007979, 0.009021, 0.008875, 0.009107, 0.009032, 0.008406
10 , 0.001574, 0.001432, 0.001540, 0.001363, 0.001562, 0.001394, 0.001511, 0.001251, 0.001437, 0.001311, 0.001462, 0.001324, 0.001501, 0.001234, 0.001561, 0.001328, 0.001609, 0.001372, 0.001605, 0.001312, 0.001635, 0.001377, 0.001583, 0.001527, 0.001605, 0.001381, 0.001601, 0.001476, 0.001700, 0.001463, 0.001665, 0.001450, 0.001596, 0.001341, 0.001479, 0.001385, 0.001579, 0.001273, 0.001528, 0.001286, 0.001433, 0.001304, 0.001455, 0.001402, 0.001382, 0.001299, 0.001364, 0.001398, 0.001475, 0.001462, 0.001402, 0.001501, 0.001523, 0.001484, 0.001553, 0.001596, 0.001648, 0.001458, 0.001497, 0.001635, 0.001389, 0.001372, 0.001290, 0.001253, 0.001181, 0.001364, 0.001248, 0.001282, 0.001282, 0.001299, 0.001208, 0.001327, 0.001234, 0.001424, 0.001046, 0.001243, 0.001155, 0.001326, 0.001127, 0.001252, 0.001214, 0.001404, 0.001257, 0.001533, 0.001342, 0.001484, 0.001294, 0.001600, 0.001411, 0.001696, 0.001420, 0.001554
10 , 3, 3, 3, 3, 3, 3, 3
10 , 0.003134, 0.002824, 0.002266, 0.001773, 0.001348, 0.000448, 0.000044
11 , 0.001364, 0.001398, 0.001475, 0.001462, 0.001402, 0.001501, 0.001523, 0.001484, 0.001553, 0.001596, 0.001648, 0.001458, 0.001497, 0.001635, 0.001389, 0.001372, 0.001290, 0.001253, 0.001181, 0.001364, 0.001248, 0.001282, 0.001282, 0.001299, 0.001208, 0.001327, 0.001234, 0.001424, 0.001046, 0.001243, 0.001155, 0.001326, 0.001127, 0.001252, 0.001214, 0.001404, 0.001257, 0.001533, 0.001342, 0.001484, 0.001294, 0.001600, 0.001411, 0.001696, 0.001420, 0.001554, 0.001486, 0.001746, 0.001582, 0.001786, 0.001662, 0.001943, 0.001681, 0.001925, 0.001711, 0.001912, 0.001620, 0.001787, 0.001604, 0.001681, 0.001648, 0.001746, 0.001460, 0.001691, 0.001458, 0.001674, 0.001350, 0.001373, 0.001244, 0.001445, 0.001169, 0.001317, 0.001183, 0.001275, 0.001220, 0.001278, 0.001213, 0.001378, 0.001199, 0.001280, 0.001213, 0.001225, 0.001314, 0.001347, 0.001316, 0.001510, 0.001462, 0.001488, 0.001540, 0.001644, 0.001589, 0.001693
11 , 1, 1, 1, 1, 1, 1, 1
11 , 0.010398, 0.009727, 0.009034, 0.007972, 0.006601, 0.005246, 0.003447
12 , 0.001486, 0.001746, 0.001582, 0.001786, 0.001662, 0.001943, 0.001681, 0.001925, 0.001711, 0.001912, 0.001620, 0.001787, 0.001604, 0.001681, 0.001648, 0.001746, 0.001460, 0.001691, 0.001458, 0.001674, 0.001350, 0.001373, 0.001244, 0.001445, 0.001169, 0.001317, 0.001183, 0.001275, 0.001220, 0.001278, 0.001213, 0.001378, 0.001199, 0.001280, 0.001213, 0.001225, 0.001314, 0.001347, 0.001316, 0.001510, 0.001462, 0.001488, 0.001540, 0.001644, 0.001589, 0.001693, 0.001715, 0.001755, 0.001719, 0.001766, 0.001667, 0.001636, 0.001683, 0.001635, 0.001510, 0.001467, 0.001605, 0.001587, 0.001584, 0.001424, 0.001592, 0.001515, 0.001533, 0.001459, 0.001438, 0.001261, 0.001430, 0.001313, 0.001338, 0.001287, 0.001499, 0.001296, 0.001430, 0.001417, 0.001344, 0.001352, 0.001572, 0.001334, 0.001602, 0.001430, 0.001474, 0.001386, 0.001534, 0.001231, 0.001560, 0.001365, 0.001572, 0.001170, 0.001446, 0.001419, 0.001558, 0.001411
12 , 1, 1, 1, 1, 1, 1, 1
12 , 0.011080, 0.010811, 0.009720, 0.009069, 0.007504, 0.006736, 0.005234
13 , 0.001715, 0.001755, 0.001719, 0.001766, 0.001667, 0.001636, 0.001683, 0.001635, 0.001510, 0.001467, 0.001605, 0.001587, 0.001584, 0.001424, 0.001592, 0.001515, 0.001533, 0.001459, 0.001438, 0.001261, 0.001430, 0.001313, 0.001338, 0.001287, 0.001499, 0.001296, 0.001430, 0.001417, 0.001344, 0.001352, 0.001572, 0.001334, 0.001602, 0.001430, 0.001474, 0.001386, 0.001534, 0.001231, 0.001560, 0.001365, 0.001572, 0.001170, 0.001446, 0.001419, 0.001558, 0.001411, 0.001649, 0.001334, 0.001559, 0.001213, 0.001477, 0.001355, 0.001511, 0.001428, 0.001580, 0.001432, 0.001678, 0.001449, 0.001562, 0.001281, 0.001579, 0.001359, 0.001566, 0.001346, 0.001631, 0.001415, 0.001518, 0.001475, 0.001609, 0.001575, 0.001751, 0.001505, 0.001618, 0.001372, 0.001454, 0.001449, 0.001462, 0.001424, 0.001485, 0.001252, 0.001412, 0.001456, 0.001517, 0.001241, 0.001367, 0.001299, 0.001311, 0.001320, 0.001489, 0.001343, 0.001385, 0.001320
13 , 1, 1, 1, 1, 1, 1, 1
13 , 0.005153, 0.004792, 0.005005, 0.004822, 0.004685, 0.004178, 0.004447
14 , 0.001649, 0.001334, 0.001559, 0.001213, 0.001477, 0.001355, 0.001511, 0.001428, 0.001580, 0.001432, 0.001678, 0.001449, 0.001562, 0.001281, 0.001579, 0.001359, 0.001566, 0.001346, 0.001631, 0.001415, 0.001518, 0.001475, 0.001609, 0.001575, 0.001751, 0.001505, 0.001618, 0.001372, 0.001454, 0.001449, 0.001462, 0.001424, 0.001485, 0.001252, 0.001412, 0.001456, 0.001517, 0.001241, 0.001367, 0.001299, 0.001311, 0.001320, 0.001489, 0.001343, 0.001385, 0.001320, 0.001441, 0.001444, 0.001327, 0.001380, 0.001311, 0.001353, 0.001309, 0.001430, 0.001408, 0.001416, 0.001351, 0.001502, 0.001398, 0.001458, 0.001376, 0.001514, 0.001372, 0.001506, 0.001488, 0.001622, 0.001514, 0.001665, 0.001471, 0.001649, 0.001511, 0.001597, 0.001455, 0.001670, 0.001585, 0.001584, 0.001416, 0.001713, 0.001351, 0.001600, 0.001432, 0.001579, 0.001350, 0.001506, 0.001380, 0.001605, 0.001411, 0.001602, 0.001356, 0.001358, 0.001231, 0.001409
14 , 2, 2, 2, 2, 2, 2, 1
14 , 0.002519, 0.002343, 0.001756, 0.001683, 0.001290, 0.001687, 0.002652
15 , 0.001309, 0.001430, 0.001408, 0.001416, 0.001351, 0.001502, 0.001398, 0.001458, 0.001376, 0.001514, 0.001372, 0.001506, 0.001488, 0.001622, 0.001514, 0.001665, 0.001471, 0.001649, 0.001511, 0.001597, 0.001455, 0.001670, 0.001585, 0.001584, 0.001416, 0.001713, 0.001351, 0.001600, 0.001432, 0.001579, 0.001350, 0.001506, 0.001380, 0.001605, 0.001411, 0.001602, 0.001356, 0.001358, 0.001231, 0.001409, 0.001231, 0.001490, 0.001222, 0.001346, 0.001247, 0.001550, 0.001295, 0.001468, 0.001304, 0.001481, 0.001252, 0.001517, 0.001297, 0.001361, 0.001166, 0.001449, 0.001169, 0.001384, 0.001210, 0.001310, 0.001115, 0.001317, 0.001178, 0.001331, 0.001215, 0.001325, 0.001155, 0.001255, 0.001152, 0.001319, 0.001206, 0.001417, 0.001406, 0.001569, 0.001421, 0.001377, 0.001385, 0.001536, 0.001462, 0.001514, 0.001479, 0.001596, 0.001462, 0.001514, 0.001467, 0.001337, 0.001303, 0.001472, 0.001455, 0.001326, 0.001353, 0.001305
15 , 0, 2, 2, 2, 2, 2, 2
15 , 0.002971, 0.003289, 0.003601, 0.004482, 0.004839, 0.005191, 0.004834
16 , 0.001517, 0.001297, 0.001361, 0.001166, 0.001449, 0.001169, 0.001384, 0.001210, 0.001310, 0.001115, 0.001317, 0.001178, 0.001331, 0.001215, 0.001325, 0.001155, 0.001255, 0.001152, 0.001319, 0.001206, 0.001417, 0.001406, 0.001569, 0.001421, 0.001377, 0.001385, 0.001536, 0.001462, 0.001514, 0.001479, 0.001596, 0.001462, 0.001514, 0.001467, 0.001337, 0.001303, 0.001472, 0.001455, 0.001326, 0.001353, 0.001305, 0.001330, 0.001426, 0.001356, 0.001339, 0.001309, 0.001305, 0.001409, 0.001352, 0.001347, 0.001377, 0.001382, 0.001386, 0.001569, 0.001413, 0.001422, 0.001207, 0.001418, 0.001284, 0.001315, 0.001211, 0.001427, 0.001284, 0.001435, 0.001370, 0.001602, 0.001352, 0.001365, 0.001360, 0.001485, 0.001316, 0.001472, 0.001333, 0.001528, 0.001307, 0.001494, 0.001364, 0.001512, 0.001252, 0.001468, 0.001274, 0.001417, 0.001325, 0.001584, 0.001321, 0.001512, 0.001270, 0.001469, 0.001317, 0.001534, 0.001291, 0.001525
16 , 0, 0, 0, 0, 0, 0, 0
16 , 0.003705, 0.004091, 0.003679, 0.003621, 0.003289, 0.003234, 0.002691
