0 , 0.001193, 0.001385, 0.001154, 0.001406, 0.001328, 0.001468, 0.001495, 0.001442, 0.001403, 0.001306, 0.001651, 0.001571, 0.001587, 0.001468, 0.001442, 0.001661, 0.001443, 0.001506, 0.001430, 0.001315, 0.001559, 0.001447, 0.001718, 0.000266, 0.001257, 0.001500, 0.001504, 0.001578, 0.001311, 0.001291, 0.001140, 0.001318, 0.001107, 0.001237, 0.001151, 0.001086, 0.001121, 0.001170, 0.001107, 0.001205, 0.001225, 0.001147, 0.001212, 0.001020, 0.001187, 0.001104, 0.001086, 0.000879, 0.001338, 0.001449, 0.001322, 0.001429, 0.001429, 0.001366, 0.001520, 0.001328, 0.001513, 0.001272, 0.001394, 0.001506, 0.001420, 0.001463, 0.001222, 0.001437, 0.001497, 0.001315, 0.001510, 0.001334, 0.001480, 0.001550, 0.001596, 0.001566, 0.001502, 0.001691, 0.000813, 0.001460, 0.001272, 0.001230, 0.001086, 0.001223, 0.000949, 0.001244, 0.001063, 0.001353, 0.001149, 0.001335, 0.000971, 0.001338, 0.001165, 0.001352, 0.001113, 0.001269
0 , 1, 1, 1, 1, 1, 1, 1
0 , 0.004624, 0.005126, 0.007364, 0.009034, 0.011604, 0.009819, 0.010565
1 , 0.001322, 0.001429, 0.001429, 0.001366, 0.001520, 0.001328, 0.001513, 0.001272, 0.001394, 0.001506, 0.001420, 0.001463, 0.001222, 0.001437, 0.001497, 0.001315, 0.001510, 0.001334, 0.001480, 0.001550, 0.001596, 0.001566, 0.001502, 0.001691, 0.000813, 0.001460, 0.001272, 0.001230, 0.001086, 0.001223, 0.000949, 0.001244, 0.001063, 0.001353, 0.001149, 0.001335, 0.000971, 0.001338, 0.001165, 0.001352, 0.001113, 0.001269, 0.001048, 0.001260, 0.001099, 0.001246, 0.001301, 0.001287, 0.001327, 0.000028, 0.001084, 0.001242, 0.001250, 0.001128, 0.001337, 0.001377, 0.001334, 0.001503, 0.001284, 0.001615, 0.001476, 0.001483, 0.001549, 0.001406, 0.001681, 0.001575, 0.001509, 0.001525, 0.001418, 0.001683, 0.001573, 0.001692, 0.001381, 0.001917, 0.000145, 0.001499, 0.001237, 0.001235, 0.001107, 0.001140, 0.001007, 0.000998, 0.000959, 0.001061, 0.001075, 0.000954, 0.001130, 0.001126, 0.001151, 0.001309, 0.001314, 0.001223
1 , 1, 1, 1, 1, 1, 1, 1
1 , 0.004980, 0.006530, 0.007943, 0.008947, 0.010148, 0.011112, 0.013812
2 , 0.001250, 0.001128, 0.001337, 0.001377, 0.001334, 0.001503, 0.001284, 0.001615, 0.001476, 0.001483, 0.001549, 0.001406, 0.001681, 0.001575, 0.001509, 0.001525, 0.001418, 0.001683, 0.001573, 0.001692, 0.001381, 0.001917, 0.000145, 0.001499, 0.001237, 0.001235, 0.001107, 0.001140, 0.001007, 0.000998, 0.000959, 0.001061, 0.001075, 0.000954, 0.001130, 0.001126, 0.001151, 0.001309, 0.001314, 0.001223, 0.001293, 0.001098, 0.001275, 0.001068, 0.001384, 0.000522, 0.000802, 0.001303, 0.001296, 0.001406, 0.001243, 0.001582, 0.001424, 0.001427, 0.001351, 0.001308, 0.001413, 0.001383, 0.001383, 0.001221, 0.001449, 0.001453, 0.001241, 0.001503, 0.001215, 0.001490, 0.001543, 0.001483, 0.001365, 0.001625, 0.000912, 0.001231, 0.001355, 0.001325, 0.001193, 0.001077, 0.001140, 0.000967, 0.001080, 0.000779, 0.001145, 0.000849, 0.001075, 0.000885, 0.001050, 0.000877, 0.001086, 0.000927, 0.001188, 0.000959, 0.001094, 0.001035
2 , 1, 1, 1, 1, 1, 1, 1
2 , 0.009361, 0.011721, 0.014512, 0.016288, 0.013996, 0.015046, 0.014667
3 , 0.001406, 0.001243, 0.001582, 0.001424, 0.001427, 0.001351, 0.001308, 0.001413, 0.001383, 0.001383, 0.001221, 0.001449, 0.001453, 0.001241, 0.001503, 0.001215, 0.001490, 0.001543, 0.001483, 0.001365, 0.001625, 0.000912, 0.001231, 0.001355, 0.001325, 0.001193, 0.001077, 0.001140, 0.000967, 0.001080, 0.000779, 0.001145, 0.000849, 0.001075, 0.000885, 0.001050, 0.000877, 0.001086, 0.000927, 0.001188, 0.000959, 0.001094, 0.001035, 0.001186, 0.000938, 0.001355, 0.000987, 0.000578, 0.001371, 0.001395, 0.001466, 0.001361, 0.001504, 0.001568, 0.001502, 0.001509, 0.001339, 0.001665, 0.001512, 0.001472, 0.001504, 0.001514, 0.001759, 0.001653, 0.001781, 0.001605, 0.001600, 0.001843, 0.001803, 0.001857, 0.001695, 0.001618, 0.000490, 0.001320, 0.001157, 0.001216, 0.001027, 0.001148, 0.000943, 0.001113, 0.001034, 0.001064, 0.001052, 0.001179, 0.001091, 0.001258, 0.001149, 0.001240, 0.001217, 0.001308, 0.001213, 0.001210
3 , 1, 1, 1, 1, 1, 1, 1
3 , 0.011626, 0.013976, 0.015712, 0.016448, 0.018328, 0.016940, 0.016452
4 , 0.001466, 0.001361, 0.001504, 0.001568, 0.001502, 0.001509, 0.001339, 0.001665, 0.001512, 0.001472, 0.001504, 0.001514, 0.001759, 0.001653, 0.001781, 0.001605, 0.001600, 0.001843, 0.001803, 0.001857, 0.001695, 0.001618, 0.000490, 0.001320, 0.001157, 0.001216, 0.001027, 0.001148, 0.000943, 0.001113, 0.001034, 0.001064, 0.001052, 0.001179, 0.001091, 0.001258, 0.001149, 0.001240, 0.001217, 0.001308, 0.001213, 0.001210, 0.001256, 0.001094, 0.001405, 0.000044, 0.001070, 0.001340, 0.001535, 0.001465, 0.001427, 0.001815, 0.001826, 0.001878, 0.001724, 0.001976, 0.002087, 0.002028, 0.002184, 0.001910, 0.002065, 0.002117, 0.001932, 0.002058, 0.001791, 0.002028, 0.001843, 0.001861, 0.001694, 0.001783, 0.000178, 0.001367, 0.001323, 0.001372, 0.001105, 0.001112, 0.001214, 0.001195, 0.001333, 0.001134, 0.001208, 0.001151, 0.001341, 0.001174, 0.001308, 0.001148, 0.001296, 0.000988, 0.001279, 0.001029, 0.001249, 0.001103
4 , 1, 1, 1, 1, 1, 1, 1
4 , 0.019062, 0.021747, 0.025997, 0.024951, 0.023204, 0.023136, 0.022462
5 , 0.001535, 0.001465, 0.001427, 0.001815, 0.001826, 0.001878, 0.001724, 0.001976, 0.002087, 0.002028, 0.002184, 0.001910, 0.002065, 0.002117, 0.001932, 0.002058, 0.001791, 0.002028, 0.001843, 0.001861, 0.001694, 0.001783, 0.000178, 0.001367, 0.001323, 0.001372, 0.001105, 0.001112, 0.001214, 0.001195, 0.001333, 0.001134, 0.001208, 0.001151, 0.001341, 0.001174, 0.001308, 0.001148, 0.001296, 0.000988, 0.001279, 0.001029, 0.001249, 0.001103, 0.001316, 0.000922, 0.001298, 0.000634, 0.000877, 0.001560, 0.001523, 0.001708, 0.001673, 0.001694, 0.001753, 0.001701, 0.001864, 0.001628, 0.001811, 0.001729, 0.001745, 0.001893, 0.001567, 0.001832, 0.001804, 0.001668, 0.001602, 0.001534, 0.001722, 0.001647, 0.001550, 0.001734, 0.000770, 0.001109, 0.001548, 0.001368, 0.001376, 0.001258, 0.001470, 0.001270, 0.001469, 0.001162, 0.001495, 0.001396, 0.001491, 0.001344, 0.001530, 0.001367, 0.001600, 0.001423, 0.001582, 0.001358
5 , 1, 1, 1, 1, 1, 1, 1
5 , 0.014856, 0.017924, 0.020110, 0.021484, 0.021058, 0.020749, 0.019630
6 , 0.001560, 0.001523, 0.001708, 0.001673, 0.001694, 0.001753, 0.001701, 0.001864, 0.001628, 0.001811, 0.001729, 0.001745, 0.001893, 0.001567, 0.001832, 0.001804, 0.001668, 0.001602, 0.001534, 0.001722, 0.001647, 0.001550, 0.001734, 0.000770, 0.001109, 0.001548, 0.001368, 0.001376, 0.001258, 0.001470, 0.001270, 0.001469, 0.001162, 0.001495, 0.001396, 0.001491, 0.001344, 0.001530, 0.001367, 0.001600, 0.001423, 0.001582, 0.001358, 0.001449, 0.001364, 0.001437, 0.001362, 0.000152, 0.000907, 0.001109, 0.001191, 0.001253, 0.001129, 0.001281, 0.001205, 0.001437, 0.001354, 0.001387, 0.001603, 0.001403, 0.001433, 0.001287, 0.001515, 0.001584, 0.001564, 0.001603, 0.001491, 0.001688, 0.001662, 0.001493, 0.001757, 0.001418, 0.000590, 0.001368, 0.001297, 0.001291, 0.001026, 0.001216, 0.000966, 0.001126, 0.001131, 0.001096, 0.001107, 0.001153, 0.001093, 0.001084, 0.001170, 0.001147, 0.001298, 0.001116, 0.001246, 0.001017
6 , 1, 1, 1, 1, 1, 1, 1
6 , 0.005857, 0.007484, 0.009010, 0.011007, 0.014343, 0.012613, 0.012422
7 , 0.001191, 0.001253, 0.001129, 0.001281, 0.001205, 0.001437, 0.001354, 0.001387, 0.001603, 0.001403, 0.001433, 0.001287, 0.001515, 0.001584, 0.001564, 0.001603, 0.001491, 0.001688, 0.001662, 0.001493, 0.001757, 0.001418, 0.000590, 0.001368, 0.001297, 0.001291, 0.001026, 0.001216, 0.000966, 0.001126, 0.001131, 0.001096, 0.001107, 0.001153, 0.001093, 0.001084, 0.001170, 0.001147, 0.001298, 0.001116, 0.001246, 0.001017, 0.001107, 0.001112, 0.001219, 0.000998, 0.001402, 0.000065, 0.000974, 0.001308, 0.001415, 0.001550, 0.001255, 0.001425, 0.001711, 0.001541, 0.001669, 0.001484, 0.001765, 0.001647, 0.001653, 0.001626, 0.001502, 0.001667, 0.001546, 0.001605, 0.001583, 0.001564, 0.001720, 0.001483, 0.001569, 0.001562, 0.000154, 0.001573, 0.001633, 0.001426, 0.001513, 0.001548, 0.001661, 0.001490, 0.001706, 0.001412, 0.001573, 0.001394, 0.001648, 0.001508, 0.001675, 0.001475, 0.001646, 0.001412, 0.001732, 0.001472
7 , 2, 2, 2, 1, 1, 2, 2
7 , 0.005173, 0.005980, 0.007355, 0.007480, 0.008773, 0.008443, 0.008384
8 , 0.001415, 0.001550, 0.001255, 0.001425, 0.001711, 0.001541, 0.001669, 0.001484, 0.001765, 0.001647, 0.001653, 0.001626, 0.001502, 0.001667, 0.001546, 0.001605, 0.001583, 0.001564, 0.001720, 0.001483, 0.001569, 0.001562, 0.000154, 0.001573, 0.001633, 0.001426, 0.001513, 0.001548, 0.001661, 0.001490, 0.001706, 0.001412, 0.001573, 0.001394, 0.001648, 0.001508, 0.001675, 0.001475, 0.001646, 0.001412, 0.001732, 0.001472, 0.001688, 0.001298, 0.001619, 0.000936, 0.000605, 0.001172, 0.001258, 0.001242, 0.001294, 0.001245, 0.001546, 0.001307, 0.001509, 0.001411, 0.001562, 0.001695, 0.001626, 0.001848, 0.001582, 0.001811, 0.001816, 0.001468, 0.001635, 0.001434, 0.001594, 0.001525, 0.001449, 0.001599, 0.001214, 0.001902, 0.000889, 0.001434, 0.001465, 0.001499, 0.001327, 0.001348, 0.001224, 0.001216, 0.001267, 0.001302, 0.001276, 0.001160, 0.001220, 0.001147, 0.001255, 0.001169, 0.001302, 0.001163, 0.001358, 0.001150
8 , 3, 1, 1, 1, 1, 1, 1
8 , 0.003503, 0.003495, 0.005627, 0.007510, 0.006491, 0.006176, 0.007165
9 , 0.001242, 0.001294, 0.001245, 0.001546, 0.001307, 0.001509, 0.001411, 0.001562, 0.001695, 0.001626, 0.001848, 0.001582, 0.001811, 0.001816, 0.001468, 0.001635, 0.001434, 0.001594, 0.001525, 0.001449, 0.001599, 0.001214, 0.001902, 0.000889, 0.001434, 0.001465, 0.001499, 0.001327, 0.001348, 0.001224, 0.001216, 0.001267, 0.001302, 0.001276, 0.001160, 0.001220, 0.001147, 0.001255, 0.001169, 0.001302, 0.001163, 0.001358, 0.001150, 0.001371, 0.001172, 0.001406, 0.001190, 0.001364, 0.001251, 0.001441, 0.001133, 0.001489, 0.001216, 0.001402, 0.001203, 0.001419, 0.001169, 0.001342, 0.001261, 0.001361, 0.001157, 0.001374, 0.001222, 0.001395, 0.001183, 0.001376, 0.001138, 0.001254, 0.001219, 0.001384, 0.001245, 0.001323, 0.001296, 0.001408, 0.001361, 0.001391, 0.001421, 0.001387, 0.001240, 0.001374, 0.001352, 0.001391, 0.001491, 0.001383, 0.001417, 0.001487, 0.001547, 0.001365, 0.001344, 0.001214, 0.001404, 0.001262
9 , 2, 2, 2, 2, 2, 2, 2
9 , 0.005493, 0.006562, 0.007224, 0.007164, 0.008390, 0.007513, 0.007699
10 , 0.001133, 0.001489, 0.001216, 0.001402, 0.001203, 0.001419, 0.001169, 0.001342, 0.001261, 0.001361, 0.001157, 0.001374, 0.001222, 0.001395, 0.001183, 0.001376, 0.001138, 0.001254, 0.001219, 0.001384, 0.001245, 0.001323, 0.001296, 0.001408, 0.001361, 0.001391, 0.001421, 0.001387, 0.001240, 0.001374, 0.001352, 0.001391, 0.001491, 0.001383, 0.001417, 0.001487, 0.001547, 0.001365, 0.001344, 0.001214, 0.001404, 0.001262, 0.001309, 0.001232, 0.001379, 0.001249, 0.001495, 0.001236, 0.001409, 0.001129, 0.001380, 0.001092, 0.001212, 0.001049, 0.001212, 0.000934, 0.001157, 0.000821, 0.001001, 0.000905, 0.001116, 0.000878, 0.001113, 0.000943, 0.001140, 0.000959, 0.001230, 0.001101, 0.001326, 0.001258, 0.001491, 0.001262, 0.001478, 0.001309, 0.001404, 0.001326, 0.001421, 0.001210, 0.001310, 0.001133, 0.001371, 0.001240, 0.001316, 0.001007, 0.001064, 0.001208, 0.001141, 0.000944, 0.000958, 0.000878, 0.000843, 0.000878
10 , 0, 0, 0, 0, 0, 0, 3
10 , 0.004698, 0.004278, 0.003862, 0.003543, 0.002971, 0.002356, 0.002116
11 , 0.001495, 0.001236, 0.001409, 0.001129, 0.001380, 0.001092, 0.001212, 0.001049, 0.001212, 0.000934, 0.001157, 0.000821, 0.001001, 0.000905, 0.001116, 0.000878, 0.001113, 0.000943, 0.001140, 0.000959, 0.001230, 0.001101, 0.001326, 0.001258, 0.001491, 0.001262, 0.001478, 0.001309, 0.001404, 0.001326, 0.001421, 0.001210, 0.001310, 0.001133, 0.001371, 0.001240, 0.001316, 0.001007, 0.001064, 0.001208, 0.001141, 0.000944, 0.000958, 0.000878, 0.000843, 0.000878, 0.000939, 0.000849, 0.000823, 0.000823, 0.000878, 0.000888, 0.000928, 0.001170, 0.001066, 0.001181, 0.001057, 0.001148, 0.001105, 0.001293, 0.001195, 0.001221, 0.001161, 0.001329, 0.001276, 0.001384, 0.001266, 0.001603, 0.001352, 0.001344, 0.001228, 0.001578, 0.001438, 0.001523, 0.001321, 0.001658, 0.001460, 0.001674, 0.001364, 0.001669, 0.001449, 0.001521, 0.001431, 0.001581, 0.001400, 0.001564, 0.001318, 0.001590, 0.001400, 0.001478, 0.001241, 0.001341
11 , 0, 0, 0, 0, 0, 0, 2
11 , 0.009823, 0.009597, 0.008825, 0.008634, 0.007315, 0.006263, 0.004421
12 , 0.000939, 0.000849, 0.000823, 0.000823, 0.000878, 0.000888, 0.000928, 0.001170, 0.001066, 0.001181, 0.001057, 0.001148, 0.001105, 0.001293, 0.001195, 0.001221, 0.001161, 0.001329, 0.001276, 0.001384, 0.001266, 0.001603, 0.001352, 0.001344, 0.001228, 0.001578, 0.001438, 0.001523, 0.001321, 0.001658, 0.001460, 0.001674, 0.001364, 0.001669, 0.001449, 0.001521, 0.001431, 0.001581, 0.001400, 0.001564, 0.001318, 0.001590, 0.001400, 0.001478, 0.001241, 0.001341, 0.001298, 0.001459, 0.001125, 0.001308, 0.001057, 0.001240, 0.001024, 0.001279, 0.001068, 0.001237, 0.001154, 0.001323, 0.001233, 0.001316, 0.001126, 0.001302, 0.001133, 0.001427, 0.001160, 0.001230, 0.001116, 0.001135, 0.001140, 0.001253, 0.001102, 0.001193, 0.001177, 0.001267, 0.001168, 0.001242, 0.001246, 0.001177, 0.001100, 0.001216, 0.001165, 0.001179, 0.001153, 0.001109, 0.001096, 0.001094, 0.001249, 0.001266, 0.001377, 0.001180, 0.001318, 0.001235
12 , 3, 3, 3, 3, 0, 0, 0
12 , 0.010606, 0.009816, 0.009315, 0.007957, 0.007894, 0.007155, 0.006832
13 , 0.001298, 0.001459, 0.001125, 0.001308, 0.001057, 0.001240, 0.001024, 0.001279, 0.001068, 0.001237, 0.001154, 0.001323, 0.001233, 0.001316, 0.001126, 0.001302, 0.001133, 0.001427, 0.001160, 0.001230, 0.001116, 0.001135, 0.001140, 0.001253, 0.001102, 0.001193, 0.001177, 0.001267, 0.001168, 0.001242, 0.001246, 0.001177, 0.001100, 0.001216, 0.001165, 0.001179, 0.001153, 0.001109, 0.001096, 0.001094, 0.001249, 0.001266, 0.001377, 0.001180, 0.001318, 0.001235, 0.001231, 0.001204, 0.001229, 0.001157, 0.001368, 0.001187, 0.001205, 0.001075, 0.001323, 0.001175, 0.001349, 0.001098, 0.001263, 0.001145, 0.001409, 0.001145, 0.001279, 0.001157, 0.001416, 0.001247, 0.001368, 0.001207, 0.001269, 0.001143, 0.001389, 0.001251, 0.001419, 0.001172, 0.001229, 0.001109, 0.001373, 0.001087, 0.001400, 0.001166, 0.001365, 0.001003, 0.001237, 0.001094, 0.001242, 0.001003, 0.001240, 0.001024, 0.001288, 0.001226, 0.001391, 0.001204
13 , 1, 1, 1, 1, 1, 1, 1
13 , 0.001987, 0.001643, 0.001060, 0.001102, 0.000791, 0.001127, 0.000912
14 , 0.001231, 0.001204, 0.001229, 0.001157, 0.001368, 0.001187, 0.001205, 0.001075, 0.001323, 0.001175, 0.001349, 0.001098, 0.001263, 0.001145, 0.001409, 0.001145, 0.001279, 0.001157, 0.001416, 0.001247, 0.001368, 0.001207, 0.001269, 0.001143, 0.001389, 0.001251, 0.001419, 0.001172, 0.001229, 0.001109, 0.001373, 0.001087, 0.001400, 0.001166, 0.001365, 0.001003, 0.001237, 0.001094, 0.001242, 0.001003, 0.001240, 0.001024, 0.001288, 0.001226, 0.001391, 0.001204, 0.001386, 0.001092, 0.001326, 0.001161, 0.001460, 0.001214, 0.001372, 0.001200, 0.001344, 0.001149, 0.001411, 0.001207, 0.001332, 0.001240, 0.001308, 0.001174, 0.001356, 0.001210, 0.001318, 0.001214, 0.001258, 0.001158, 0.001137, 0.001133, 0.001308, 0.001380, 0.001254, 0.001366, 0.001430, 0.001482, 0.001525, 0.001551, 0.001616, 0.001478, 0.001393, 0.001419, 0.001479, 0.001409, 0.001367, 0.001436, 0.001470, 0.001513, 0.001379, 0.001470, 0.001474, 0.001469
14 , 2, 2, 2, 2, 2, 2, 2
14 , 0.003389, 0.003900, 0.004526, 0.004558, 0.004560, 0.004782, 0.005017
15 , 0.001372, 0.001200, 0.001344, 0.001149, 0.001411, 0.001207, 0.001332, 0.001240, 0.001308, 0.001174, 0.001356, 0.001210, 0.001318, 0.001214, 0.001258, 0.001158, 0.001137, 0.001133, 0.001308, 0.001380, 0.001254, 0.001366, 0.001430, 0.001482, 0.001525, 0.001551, 0.001616, 0.001478, 0.001393, 0.001419, 0.001479, 0.001409, 0.001367, 0.001436, 0.001470, 0.001513, 0.001379, 0.001470, 0.001474, 0.001469, 0.001457, 0.001646, 0.001418, 0.001565, 0.001457, 0.001729, 0.001488, 0.001525, 0.001521, 0.001577, 0.001430, 0.001564, 0.001473, 0.001668, 0.001379, 0.001527, 0.001299, 0.001356, 0.001119, 0.001307, 0.001070, 0.001288, 0.001091, 0.001324, 0.001103, 0.001278, 0.001054, 0.001268, 0.001043, 0.001343, 0.001013, 0.001224, 0.001126, 0.001281, 0.001049, 0.001312, 0.001153, 0.001216, 0.001098, 0.001400, 0.001222, 0.001454, 0.001370, 0.001418, 0.001275, 0.001478, 0.001210, 0.001322, 0.001283, 0.001590, 0.001421, 0.001469
15 , 3, 3, 3, 3, 0, 0, 0
15 , 0.007321, 0.006218, 0.006435, 0.005474, 0.005400, 0.005853, 0.006008
16 , 0.001488, 0.001525, 0.001521, 0.001577, 0.001430, 0.001564, 0.001473, 0.001668, 0.001379, 0.001527, 0.001299, 0.001356, 0.001119, 0.001307, 0.001070, 0.001288, 0.001091, 0.001324, 0.001103, 0.001278, 0.001054, 0.001268, 0.001043, 0.001343, 0.001013, 0.001224, 0.001126, 0.001281, 0.001049, 0.001312, 0.001153, 0.001216, 0.001098, 0.001400, 0.001222, 0.001454, 0.001370, 0.001418, 0.001275, 0.001478, 0.001210, 0.001322, 0.001283, 0.001590, 0.001421, 0.001469, 0.001244, 0.001426, 0.001270, 0.001401, 0.001180, 0.001397, 0.001165, 0.001356, 0.001094, 0.001198, 0.001077, 0.001321, 0.001063, 0.001279, 0.001142, 0.001170, 0.001059, 0.001154, 0.001164, 0.001154, 0.001084, 0.001151, 0.001117, 0.001102, 0.001044, 0.001121, 0.001205, 0.001244, 0.001165, 0.001140, 0.001137, 0.001251, 0.001325, 0.001091, 0.001230, 0.001290, 0.001049, 0.001098, 0.001198, 0.001249, 0.001279, 0.001165, 0.001298, 0.001168, 0.001219, 0.001152
16 , 1, 1, 1, 2, 2, 2, 0
16 , 0.004020, 0.003234, 0.001934, 0.001786, 0.001520, 0.001423, 0.001439
