0 , 0.000248, 0.001241, 0.001082, 0.001073, 0.000911, 0.001010, 0.000850, 0.000985, 0.000802, 0.001043, 0.000813, 0.001008, 0.000946, 0.000946, 0.000876, 0.000984, 0.000824, 0.001092, 0.000987, 0.000952, 0.001046, 0.001005, 0.001140, 0.000112, 0.001314, 0.001540, 0.001655, 0.001553, 0.001487, 0.001795, 0.001679, 0.001735, 0.001636, 0.001805, 0.001940, 0.001872, 0.001897, 0.001790, 0.001989, 0.001863, 0.001833, 0.001881, 0.001824, 0.002101, 0.001872, 0.002055, 0.001983, 0.002288, 0.000671, 0.000928, 0.000753, 0.000806, 0.000742, 0.000776, 0.000691, 0.000499, 0.000539, 0.000525, 0.000524, 0.000419, 0.000484, 0.000484, 0.000519, 0.000364, 0.000509, 0.000384, 0.000560, 0.000435, 0.000665, 0.000435, 0.000662, 0.000396, 0.000776, 0.000009, 0.001345, 0.001796, 0.001892, 0.001979, 0.001876, 0.002053, 0.002034, 0.002131, 0.002103, 0.002030, 0.002339, 0.002066, 0.002154, 0.002184, 0.002117, 0.002310, 0.002081, 0.002220
0 , 0, 0, 0, 0, 0, 0, 0
0 , 0.029045, 0.033752, 0.038964, 0.043857, 0.047639, 0.050615, 0.053134
1 , 0.000742, 0.000776, 0.000691, 0.000499, 0.000539, 0.000525, 0.000524, 0.000419, 0.000484, 0.000484, 0.000519, 0.000364, 0.000509, 0.000384, 0.000560, 0.000435, 0.000665, 0.000435, 0.000662, 0.000396, 0.000776, 0.000009, 0.001345, 0.001796, 0.001892, 0.001979, 0.001876, 0.002053, 0.002034, 0.002131, 0.002103, 0.002030, 0.002339, 0.002066, 0.002154, 0.002184, 0.002117, 0.002310, 0.002081, 0.002220, 0.002030, 0.002168, 0.002227, 0.002171, 0.002255, 0.002269, 0.001268, 0.000737, 0.000957, 0.000920, 0.000906, 0.000693, 0.000890, 0.000720, 0.000950, 0.000646, 0.000955, 0.000539, 0.000725, 0.000565, 0.000644, 0.000481, 0.000676, 0.000537, 0.000818, 0.000635, 0.000883, 0.000742, 0.000953, 0.000790, 0.000857, 0.001511, 0.001693, 0.001805, 0.001706, 0.001792, 0.001905, 0.001799, 0.002034, 0.001732, 0.001944, 0.002024, 0.001868, 0.001954, 0.001776, 0.001991, 0.001838, 0.001776, 0.001805, 0.001722, 0.002034, 0.001917
1 , 0, 0, 0, 0, 0, 0, 0
1 , 0.047926, 0.052388, 0.056579, 0.060106, 0.058544, 0.056136, 0.053072
2 , 0.000920, 0.000906, 0.000693, 0.000890, 0.000720, 0.000950, 0.000646, 0.000955, 0.000539, 0.000725, 0.000565, 0.000644, 0.000481, 0.000676, 0.000537, 0.000818, 0.000635, 0.000883, 0.000742, 0.000953, 0.000790, 0.000857, 0.001511, 0.001693, 0.001805, 0.001706, 0.001792, 0.001905, 0.001799, 0.002034, 0.001732, 0.001944, 0.002024, 0.001868, 0.001954, 0.001776, 0.001991, 0.001838, 0.001776, 0.001805, 0.001722, 0.002034, 0.001917, 0.001934, 0.001879, 0.001799, 0.000234, 0.001166, 0.000899, 0.001131, 0.000732, 0.000855, 0.000753, 0.000836, 0.000697, 0.000811, 0.000676, 0.000785, 0.000730, 0.000750, 0.000665, 0.000625, 0.000690, 0.000660, 0.000669, 0.000730, 0.000804, 0.000602, 0.000699, 0.000500, 0.000916, 0.000424, 0.001522, 0.001829, 0.001894, 0.001958, 0.001923, 0.002112, 0.001913, 0.002149, 0.002137, 0.002021, 0.002317, 0.002103, 0.002222, 0.002119, 0.002088, 0.002262, 0.002100, 0.002255, 0.002161, 0.002091
2 , 0, 0, 0, 0, 0, 0, 0
2 , 0.043301, 0.047277, 0.051190, 0.051161, 0.052696, 0.051060, 0.048816
3 , 0.000732, 0.000855, 0.000753, 0.000836, 0.000697, 0.000811, 0.000676, 0.000785, 0.000730, 0.000750, 0.000665, 0.000625, 0.000690, 0.000660, 0.000669, 0.000730, 0.000804, 0.000602, 0.000699, 0.000500, 0.000916, 0.000424, 0.001522, 0.001829, 0.001894, 0.001958, 0.001923, 0.002112, 0.001913, 0.002149, 0.002137, 0.002021, 0.002317, 0.002103, 0.002222, 0.002119, 0.002088, 0.002262, 0.002100, 0.002255, 0.002161, 0.002091, 0.002154, 0.002089, 0.002068, 0.002222, 0.000598, 0.000910, 0.000888, 0.000916, 0.000718, 0.000658, 0.000699, 0.000702, 0.000862, 0.000691, 0.000837, 0.000715, 0.000953, 0.000810, 0.001009, 0.000689, 0.000854, 0.000659, 0.001011, 0.000756, 0.000898, 0.000570, 0.000934, 0.000278, 0.001126, 0.001718, 0.001649, 0.001726, 0.001511, 0.001613, 0.001984, 0.001829, 0.001825, 0.001610, 0.002031, 0.002004, 0.001967, 0.001924, 0.001916, 0.002160, 0.002019, 0.002073, 0.002084, 0.002206, 0.002273, 0.002065
3 , 0, 0, 0, 0, 0, 0, 0
3 , 0.044580, 0.049219, 0.054448, 0.055740, 0.053835, 0.051866, 0.048583
4 , 0.000916, 0.000718, 0.000658, 0.000699, 0.000702, 0.000862, 0.000691, 0.000837, 0.000715, 0.000953, 0.000810, 0.001009, 0.000689, 0.000854, 0.000659, 0.001011, 0.000756, 0.000898, 0.000570, 0.000934, 0.000278, 0.001126, 0.001718, 0.001649, 0.001726, 0.001511, 0.001613, 0.001984, 0.001829, 0.001825, 0.001610, 0.002031, 0.002004, 0.001967, 0.001924, 0.001916, 0.002160, 0.002019, 0.002073, 0.002084, 0.002206, 0.002273, 0.002065, 0.002024, 0.002357, 0.001371, 0.000513, 0.000860, 0.000726, 0.000660, 0.000420, 0.000710, 0.000435, 0.000665, 0.000410, 0.000612, 0.000562, 0.000767, 0.000548, 0.000778, 0.000569, 0.000569, 0.000429, 0.000659, 0.000670, 0.000526, 0.000588, 0.000690, 0.000676, 0.000709, 0.000602, 0.001035, 0.001719, 0.001907, 0.002018, 0.001954, 0.001846, 0.002131, 0.001975, 0.001982, 0.001879, 0.001954, 0.002087, 0.001925, 0.002181, 0.001900, 0.001980, 0.002094, 0.001819, 0.001993, 0.001807, 0.001891
4 , 0, 0, 0, 0, 0, 0, 0
4 , 0.046426, 0.050508, 0.053994, 0.054343, 0.053514, 0.050687, 0.047459
5 , 0.000660, 0.000420, 0.000710, 0.000435, 0.000665, 0.000410, 0.000612, 0.000562, 0.000767, 0.000548, 0.000778, 0.000569, 0.000569, 0.000429, 0.000659, 0.000670, 0.000526, 0.000588, 0.000690, 0.000676, 0.000709, 0.000602, 0.001035, 0.001719, 0.001907, 0.002018, 0.001954, 0.001846, 0.002131, 0.001975, 0.001982, 0.001879, 0.001954, 0.002087, 0.001925, 0.002181, 0.001900, 0.001980, 0.002094, 0.001819, 0.001993, 0.001807, 0.001891, 0.002040, 0.001739, 0.002059, 0.001562, 0.000226, 0.001134, 0.001141, 0.000996, 0.000727, 0.000955, 0.000788, 0.000870, 0.000887, 0.000806, 0.000771, 0.000741, 0.000866, 0.000720, 0.000733, 0.000784, 0.000919, 0.000801, 0.000922, 0.000771, 0.001020, 0.000729, 0.001058, 0.000216, 0.001401, 0.001778, 0.001687, 0.001775, 0.001748, 0.001818, 0.001957, 0.001818, 0.001983, 0.001810, 0.001924, 0.001917, 0.001810, 0.002160, 0.001961, 0.002151, 0.002151, 0.001979, 0.001853, 0.001840, 0.002039
5 , 0, 0, 0, 0, 0, 0, 0
5 , 0.043631, 0.046666, 0.049950, 0.054203, 0.052320, 0.049965, 0.047753
6 , 0.001141, 0.000996, 0.000727, 0.000955, 0.000788, 0.000870, 0.000887, 0.000806, 0.000771, 0.000741, 0.000866, 0.000720, 0.000733, 0.000784, 0.000919, 0.000801, 0.000922, 0.000771, 0.001020, 0.000729, 0.001058, 0.000216, 0.001401, 0.001778, 0.001687, 0.001775, 0.001748, 0.001818, 0.001957, 0.001818, 0.001983, 0.001810, 0.001924, 0.001917, 0.001810, 0.002160, 0.001961, 0.002151, 0.002151, 0.001979, 0.001853, 0.001840, 0.002039, 0.001876, 0.001948, 0.001983, 0.001845, 0.002264, 0.000366, 0.001013, 0.000872, 0.000967, 0.000774, 0.000821, 0.000722, 0.000869, 0.000718, 0.000849, 0.000668, 0.000918, 0.000665, 0.000726, 0.000492, 0.000615, 0.000374, 0.000389, 0.000293, 0.000299, 0.000249, 0.000265, 0.000140, 0.000195, 0.000205, 0.000177, 0.000141, 0.000096, 0.000232, 0.000085, 0.000156, 0.000229, 0.000429, 0.000444, 0.000504, 0.000336, 0.000630, 0.000598, 0.000777, 0.000563, 0.000955, 0.000782, 0.000946, 0.000822
6 , 3, 3, 3, 3, 3, 3, 0
6 , 0.032395, 0.032217, 0.029910, 0.030070, 0.027765, 0.024664, 0.024404
7 , 0.001845, 0.002264, 0.000366, 0.001013, 0.000872, 0.000967, 0.000774, 0.000821, 0.000722, 0.000869, 0.000718, 0.000849, 0.000668, 0.000918, 0.000665, 0.000726, 0.000492, 0.000615, 0.000374, 0.000389, 0.000293, 0.000299, 0.000249, 0.000265, 0.000140, 0.000195, 0.000205, 0.000177, 0.000141, 0.000096, 0.000232, 0.000085, 0.000156, 0.000229, 0.000429, 0.000444, 0.000504, 0.000336, 0.000630, 0.000598, 0.000777, 0.000563, 0.000955, 0.000782, 0.000946, 0.000822, 0.001035, 0.000952, 0.001188, 0.000889, 0.001101, 0.000825, 0.001117, 0.000799, 0.001104, 0.000884, 0.001037, 0.000778, 0.000937, 0.000773, 0.001045, 0.000790, 0.000877, 0.000726, 0.000827, 0.000650, 0.000753, 0.000577, 0.000748, 0.000542, 0.000559, 0.000473, 0.000583, 0.000486, 0.000465, 0.000324, 0.000394, 0.000475, 0.000454, 0.000515, 0.000531, 0.000406, 0.000501, 0.000526, 0.000477, 0.000548, 0.000624, 0.000745, 0.000526, 0.000642, 0.000596, 0.000486
7 , 1, 1, 1, 1, 1, 1, 1
7 , 0.023706, 0.021570, 0.019053, 0.016230, 0.013379, 0.009821, 0.008359
8 , 0.001035, 0.000952, 0.001188, 0.000889, 0.001101, 0.000825, 0.001117, 0.000799, 0.001104, 0.000884, 0.001037, 0.000778, 0.000937, 0.000773, 0.001045, 0.000790, 0.000877, 0.000726, 0.000827, 0.000650, 0.000753, 0.000577, 0.000748, 0.000542, 0.000559, 0.000473, 0.000583, 0.000486, 0.000465, 0.000324, 0.000394, 0.000475, 0.000454, 0.000515, 0.000531, 0.000406, 0.000501, 0.000526, 0.000477, 0.000548, 0.000624, 0.000745, 0.000526, 0.000642, 0.000596, 0.000486, 0.000549, 0.000614, 0.000570, 0.000771, 0.000632, 0.000867, 0.000816, 0.000851, 0.000600, 0.000748, 0.000661, 0.000772, 0.000691, 0.000739, 0.000617, 0.000919, 0.000689, 0.000987, 0.000702, 0.000943, 0.000701, 0.000892, 0.000726, 0.000930, 0.000726, 0.000912, 0.000739, 0.000937, 0.000769, 0.001006, 0.000739, 0.000950, 0.000786, 0.000937, 0.000812, 0.000985, 0.000726, 0.000947, 0.000735, 0.001011, 0.000843, 0.000925, 0.000826, 0.000916, 0.000744, 0.000866
8 , 2, 2, 2, 2, 2, 2, 2
8 , 0.011796, 0.011778, 0.011223, 0.010967, 0.010372, 0.009885, 0.008627
9 , 0.000549, 0.000614, 0.000570, 0.000771, 0.000632, 0.000867, 0.000816, 0.000851, 0.000600, 0.000748, 0.000661, 0.000772, 0.000691, 0.000739, 0.000617, 0.000919, 0.000689, 0.000987, 0.000702, 0.000943, 0.000701, 0.000892, 0.000726, 0.000930, 0.000726, 0.000912, 0.000739, 0.000937, 0.000769, 0.001006, 0.000739, 0.000950, 0.000786, 0.000937, 0.000812, 0.000985, 0.000726, 0.000947, 0.000735, 0.001011, 0.000843, 0.000925, 0.000826, 0.000916, 0.000744, 0.000866, 0.000766, 0.000858, 0.000686, 0.000739, 0.000607, 0.000769, 0.000723, 0.000871, 0.000686, 0.000616, 0.000667, 0.000706, 0.000679, 0.000644, 0.000790, 0.000709, 0.000695, 0.000544, 0.000611, 0.000783, 0.000955, 0.000751, 0.000807, 0.000750, 0.000879, 0.000759, 0.000946, 0.000888, 0.000923, 0.000729, 0.000884, 0.000845, 0.000890, 0.000751, 0.000908, 0.000726, 0.000892, 0.000718, 0.000759, 0.000543, 0.000697, 0.000441, 0.000640, 0.000445, 0.000675, 0.000545
9 , 0, 0, 0, 0, 0, 3, 3
9 , 0.004812, 0.003887, 0.003989, 0.003011, 0.002931, 0.002550, 0.002809
10 , 0.000766, 0.000858, 0.000686, 0.000739, 0.000607, 0.000769, 0.000723, 0.000871, 0.000686, 0.000616, 0.000667, 0.000706, 0.000679, 0.000644, 0.000790, 0.000709, 0.000695, 0.000544, 0.000611, 0.000783, 0.000955, 0.000751, 0.000807, 0.000750, 0.000879, 0.000759, 0.000946, 0.000888, 0.000923, 0.000729, 0.000884, 0.000845, 0.000890, 0.000751, 0.000908, 0.000726, 0.000892, 0.000718, 0.000759, 0.000543, 0.000697, 0.000441, 0.000640, 0.000445, 0.000675, 0.000545, 0.000625, 0.000400, 0.000635, 0.000415, 0.000575, 0.000420, 0.000716, 0.000455, 0.000615, 0.000435, 0.000610, 0.000389, 0.000569, 0.000374, 0.000644, 0.000450, 0.000580, 0.000480, 0.000661, 0.000477, 0.000824, 0.000640, 0.000772, 0.000644, 0.000785, 0.000632, 0.000898, 0.000839, 0.001016, 0.000929, 0.000993, 0.000907, 0.001131, 0.001033, 0.001029, 0.000882, 0.001124, 0.001069, 0.001009, 0.001099, 0.001113, 0.000915, 0.000988, 0.000948, 0.000991, 0.000994
10 , 0, 0, 0, 0, 0, 0, 2
10 , 0.010017, 0.010122, 0.009749, 0.009787, 0.009425, 0.009094, 0.009189
11 , 0.000400, 0.000635, 0.000415, 0.000575, 0.000420, 0.000716, 0.000455, 0.000615, 0.000435, 0.000610, 0.000389, 0.000569, 0.000374, 0.000644, 0.000450, 0.000580, 0.000480, 0.000661, 0.000477, 0.000824, 0.000640, 0.000772, 0.000644, 0.000785, 0.000632, 0.000898, 0.000839, 0.001016, 0.000929, 0.000993, 0.000907, 0.001131, 0.001033, 0.001029, 0.000882, 0.001124, 0.001069, 0.001009, 0.001099, 0.001113, 0.000915, 0.000988, 0.000948, 0.000991, 0.000994, 0.000951, 0.000834, 0.000894, 0.000881, 0.000821, 0.000976, 0.000791, 0.000808, 0.000813, 0.000830, 0.000938, 0.000938, 0.000826, 0.000982, 0.000801, 0.000750, 0.000729, 0.000914, 0.000712, 0.000777, 0.000789, 0.000807, 0.000689, 0.000888, 0.000566, 0.000748, 0.000588, 0.000850, 0.000711, 0.000834, 0.000628, 0.000918, 0.000618, 0.000899, 0.000725, 0.000723, 0.000609, 0.000774, 0.000539, 0.000758, 0.000549, 0.000829, 0.000616, 0.000848, 0.000614, 0.000804, 0.000579
11 , 3, 3, 3, 3, 3, 3, 3
11 , 0.011919, 0.012109, 0.011701, 0.011700, 0.011211, 0.011394, 0.011050
12 , 0.000894, 0.000881, 0.000821, 0.000976, 0.000791, 0.000808, 0.000813, 0.000830, 0.000938, 0.000938, 0.000826, 0.000982, 0.000801, 0.000750, 0.000729, 0.000914, 0.000712, 0.000777, 0.000789, 0.000807, 0.000689, 0.000888, 0.000566, 0.000748, 0.000588, 0.000850, 0.000711, 0.000834, 0.000628, 0.000918, 0.000618, 0.000899, 0.000725, 0.000723, 0.000609, 0.000774, 0.000539, 0.000758, 0.000549, 0.000829, 0.000616, 0.000848, 0.000614, 0.000804, 0.000579, 0.000779, 0.000582, 0.000916, 0.000652, 0.000923, 0.000750, 0.000892, 0.000654, 0.000860, 0.000652, 0.000954, 0.000782, 0.000920, 0.000843, 0.001097, 0.000873, 0.001006, 0.000903, 0.000942, 0.000916, 0.001015, 0.000813, 0.001076, 0.000877, 0.000980, 0.000756, 0.000903, 0.000790, 0.000907, 0.000808, 0.001037, 0.000838, 0.000873, 0.000799, 0.000804, 0.000782, 0.000769, 0.000735, 0.000713, 0.000757, 0.000843, 0.000808, 0.000808, 0.000825, 0.001011, 0.000972, 0.000864
12 , 1, 1, 1, 1, 1, 1, 1
12 , 0.003580, 0.003786, 0.003646, 0.004073, 0.003316, 0.003367, 0.002874
13 , 0.000923, 0.000750, 0.000892, 0.000654, 0.000860, 0.000652, 0.000954, 0.000782, 0.000920, 0.000843, 0.001097, 0.000873, 0.001006, 0.000903, 0.000942, 0.000916, 0.001015, 0.000813, 0.001076, 0.000877, 0.000980, 0.000756, 0.000903, 0.000790, 0.000907, 0.000808, 0.001037, 0.000838, 0.000873, 0.000799, 0.000804, 0.000782, 0.000769, 0.000735, 0.000713, 0.000757, 0.000843, 0.000808, 0.000808, 0.000825, 0.001011, 0.000972, 0.000864, 0.000967, 0.000843, 0.000817, 0.000714, 0.000762, 0.000926, 0.000845, 0.000689, 0.000837, 0.000656, 0.000834, 0.000658, 0.000621, 0.000546, 0.000769, 0.000718, 0.000813, 0.000700, 0.000839, 0.000704, 0.000887, 0.000667, 0.000767, 0.000542, 0.000878, 0.000661, 0.000872, 0.000694, 0.000886, 0.000664, 0.000872, 0.000661, 0.000774, 0.000605, 0.000860, 0.000628, 0.000836, 0.000640, 0.000878, 0.000584, 0.000825, 0.000685, 0.000839, 0.000817, 0.000904, 0.000817, 0.001041, 0.000743, 0.001002
13 , 2, 2, 2, 2, 2, 2, 2
13 , 0.000669, 0.001561, 0.001606, 0.002080, 0.002198, 0.002837, 0.002975
14 , 0.000656, 0.000834, 0.000658, 0.000621, 0.000546, 0.000769, 0.000718, 0.000813, 0.000700, 0.000839, 0.000704, 0.000887, 0.000667, 0.000767, 0.000542, 0.000878, 0.000661, 0.000872, 0.000694, 0.000886, 0.000664, 0.000872, 0.000661, 0.000774, 0.000605, 0.000860, 0.000628, 0.000836, 0.000640, 0.000878, 0.000584, 0.000825, 0.000685, 0.000839, 0.000817, 0.000904, 0.000817, 0.001041, 0.000743, 0.001002, 0.001006, 0.001136, 0.000959, 0.001032, 0.000838, 0.001045, 0.000777, 0.000964, 0.000787, 0.001068, 0.000822, 0.000825, 0.000762, 0.000799, 0.000463, 0.000776, 0.000621, 0.000735, 0.000642, 0.000894, 0.000720, 0.000802, 0.000738, 0.000857, 0.000826, 0.000838, 0.000752, 0.000868, 0.000924, 0.001076, 0.000986, 0.001034, 0.000952, 0.001064, 0.000947, 0.001021, 0.000969, 0.000977, 0.001129, 0.001133, 0.001034, 0.000921, 0.001046, 0.000977, 0.000977, 0.001107, 0.001128, 0.001033, 0.001153, 0.000968, 0.001006, 0.000954
14 , 0, 0, 0, 0, 0, 0, 0
14 , 0.006861, 0.006730, 0.007037, 0.006669, 0.006783, 0.006620, 0.007070
15 , 0.000762, 0.000799, 0.000463, 0.000776, 0.000621, 0.000735, 0.000642, 0.000894, 0.000720, 0.000802, 0.000738, 0.000857, 0.000826, 0.000838, 0.000752, 0.000868, 0.000924, 0.001076, 0.000986, 0.001034, 0.000952, 0.001064, 0.000947, 0.001021, 0.000969, 0.000977, 0.001129, 0.001133, 0.001034, 0.000921, 0.001046, 0.000977, 0.000977, 0.001107, 0.001128, 0.001033, 0.001153, 0.000968, 0.001006, 0.000954, 0.000920, 0.000881, 0.000994, 0.000839, 0.000801, 0.000741, 0.000984, 0.000691, 0.000853, 0.000695, 0.000707, 0.000591, 0.000780, 0.000634, 0.000682, 0.000355, 0.000590, 0.000465, 0.000529, 0.000309, 0.000574, 0.000525, 0.000665, 0.000404, 0.000619, 0.000389, 0.000529, 0.000318, 0.000554, 0.000449, 0.000655, 0.000450, 0.000605, 0.000572, 0.000764, 0.000521, 0.000850, 0.000567, 0.000864, 0.000673, 0.000901, 0.000852, 0.000994, 0.000730, 0.000908, 0.000873, 0.000951, 0.000757, 0.000865, 0.000628, 0.000848, 0.000676
15 , 0, 0, 0, 0, 0, 0, 0
15 , 0.008296, 0.008419, 0.008767, 0.008798, 0.009071, 0.008945, 0.008575
16 , 0.000707, 0.000591, 0.000780, 0.000634, 0.000682, 0.000355, 0.000590, 0.000465, 0.000529, 0.000309, 0.000574, 0.000525, 0.000665, 0.000404, 0.000619, 0.000389, 0.000529, 0.000318, 0.000554, 0.000449, 0.000655, 0.000450, 0.000605, 0.000572, 0.000764, 0.000521, 0.000850, 0.000567, 0.000864, 0.000673, 0.000901, 0.000852, 0.000994, 0.000730, 0.000908, 0.000873, 0.000951, 0.000757, 0.000865, 0.000628, 0.000848, 0.000676, 0.000923, 0.000621, 0.000860, 0.000682, 0.000860, 0.000623, 0.000686, 0.000672, 0.000706, 0.000495, 0.000660, 0.000672, 0.000758, 0.000658, 0.000918, 0.000697, 0.000795, 0.000587, 0.000777, 0.000789, 0.000840, 0.000774, 0.000951, 0.000761, 0.000864, 0.000825, 0.000860, 0.000791, 0.000721, 0.001006, 0.000920, 0.000941, 0.000955, 0.000899, 0.000968, 0.001076, 0.000963, 0.001110, 0.000985, 0.001011, 0.000821, 0.000865, 0.000853, 0.000916, 0.000769, 0.000797, 0.000625, 0.000813, 0.000551, 0.000570
16 , 0, 0, 0, 0, 0, 0, 0
16 , 0.006982, 0.007588, 0.007465, 0.008107, 0.007436, 0.007047, 0.006171
