0 , 0.001331, 0.001205, 0.001309, 0.001205, 0.001321, 0.001183, 0.001373, 0.001286, 0.001257, 0.001163, 0.001138, 0.001207, 0.001086, 0.001147, 0.001159, 0.001159, 0.001129, 0.001154, 0.001073, 0.001275, 0.000975, 0.001293, 0.000373, 0.001101, 0.001437, 0.001416, 0.001597, 0.001578, 0.001615, 0.001777, 0.001500, 0.001744, 0.001480, 0.001828, 0.001961, 0.001658, 0.001730, 0.001725, 0.001840, 0.001756, 0.001816, 0.001653, 0.001603, 0.001812, 0.001730, 0.001711, 0.001706, 0.000458, 0.001300, 0.001258, 0.001226, 0.001193, 0.000998, 0.001248, 0.000933, 0.001084, 0.001121, 0.001346, 0.001081, 0.001246, 0.001014, 0.001162, 0.001139, 0.001288, 0.000958, 0.001274, 0.000949, 0.001195, 0.001021, 0.001322, 0.000326, 0.001204, 0.001327, 0.001496, 0.001421, 0.001554, 0.001348, 0.001611, 0.001544, 0.001558, 0.001535, 0.001432, 0.001800, 0.001425, 0.001544, 0.001538, 0.001531, 0.001787, 0.001581, 0.001578, 0.001615, 0.001693
0 , 0, 0, 0, 0, 0, 0, 0
0 , 0.013124, 0.014480, 0.016418, 0.019700, 0.020520, 0.021113, 0.020943
1 , 0.001193, 0.000998, 0.001248, 0.000933, 0.001084, 0.001121, 0.001346, 0.001081, 0.001246, 0.001014, 0.001162, 0.001139, 0.001288, 0.000958, 0.001274, 0.000949, 0.001195, 0.001021, 0.001322, 0.000326, 0.001204, 0.001327, 0.001496, 0.001421, 0.001554, 0.001348, 0.001611, 0.001544, 0.001558, 0.001535, 0.001432, 0.001800, 0.001425, 0.001544, 0.001538, 0.001531, 0.001787, 0.001581, 0.001578, 0.001615, 0.001693, 0.001727, 0.001643, 0.001873, 0.001443, 0.001967, 0.000595, 0.001364, 0.001176, 0.001267, 0.001170, 0.001212, 0.001114, 0.001128, 0.001118, 0.001114, 0.001019, 0.001049, 0.001097, 0.001100, 0.001126, 0.001010, 0.001149, 0.001049, 0.001258, 0.000989, 0.001214, 0.001023, 0.001188, 0.000912, 0.001144, 0.000658, 0.000653, 0.001352, 0.001407, 0.001371, 0.001341, 0.001524, 0.001464, 0.001613, 0.001428, 0.001554, 0.001862, 0.001615, 0.001731, 0.001558, 0.001634, 0.001617, 0.001679, 0.001769, 0.001526, 0.001748
1 , 0, 0, 0, 0, 0, 0, 0
1 , 0.013889, 0.016817, 0.019304, 0.018527, 0.019778, 0.020703, 0.020502
2 , 0.001212, 0.001114, 0.001128, 0.001118, 0.001114, 0.001019, 0.001049, 0.001097, 0.001100, 0.001126, 0.001010, 0.001149, 0.001049, 0.001258, 0.000989, 0.001214, 0.001023, 0.001188, 0.000912, 0.001144, 0.000658, 0.000653, 0.001352, 0.001407, 0.001371, 0.001341, 0.001524, 0.001464, 0.001613, 0.001428, 0.001554, 0.001862, 0.001615, 0.001731, 0.001558, 0.001634, 0.001617, 0.001679, 0.001769, 0.001526, 0.001748, 0.001638, 0.001723, 0.001828, 0.001730, 0.001407, 0.000920, 0.001341, 0.001212, 0.001330, 0.001142, 0.001165, 0.001043, 0.001345, 0.001093, 0.001301, 0.001123, 0.001197, 0.000997, 0.001300, 0.001131, 0.001377, 0.001139, 0.001429, 0.001221, 0.001338, 0.001031, 0.001161, 0.001208, 0.000090, 0.001169, 0.001259, 0.001378, 0.001242, 0.001325, 0.001448, 0.001477, 0.001477, 0.001242, 0.001560, 0.001454, 0.001533, 0.001507, 0.001222, 0.001417, 0.001384, 0.001447, 0.001394, 0.001411, 0.001588, 0.001358, 0.001480
2 , 0, 0, 0, 0, 0, 0, 0
2 , 0.011132, 0.012652, 0.016595, 0.017439, 0.017280, 0.016870, 0.015856
3 , 0.001330, 0.001142, 0.001165, 0.001043, 0.001345, 0.001093, 0.001301, 0.001123, 0.001197, 0.000997, 0.001300, 0.001131, 0.001377, 0.001139, 0.001429, 0.001221, 0.001338, 0.001031, 0.001161, 0.001208, 0.000090, 0.001169, 0.001259, 0.001378, 0.001242, 0.001325, 0.001448, 0.001477, 0.001477, 0.001242, 0.001560, 0.001454, 0.001533, 0.001507, 0.001222, 0.001417, 0.001384, 0.001447, 0.001394, 0.001411, 0.001588, 0.001358, 0.001480, 0.001170, 0.001622, 0.000425, 0.001665, 0.001390, 0.001471, 0.001277, 0.001372, 0.001282, 0.001291, 0.001119, 0.001249, 0.001159, 0.001259, 0.001147, 0.000968, 0.001012, 0.000914, 0.000861, 0.000813, 0.001007, 0.000817, 0.000881, 0.000680, 0.000901, 0.000679, 0.001045, 0.000137, 0.001234, 0.001540, 0.001459, 0.001643, 0.001501, 0.001624, 0.001564, 0.001681, 0.001638, 0.001622, 0.001908, 0.001705, 0.001750, 0.001551, 0.001569, 0.001708, 0.001529, 0.001576, 0.001411, 0.001623, 0.001580
3 , 0, 0, 0, 0, 0, 0, 0
3 , 0.010989, 0.012790, 0.014334, 0.017843, 0.018478, 0.018222, 0.018329
4 , 0.001372, 0.001282, 0.001291, 0.001119, 0.001249, 0.001159, 0.001259, 0.001147, 0.000968, 0.001012, 0.000914, 0.000861, 0.000813, 0.001007, 0.000817, 0.000881, 0.000680, 0.000901, 0.000679, 0.001045, 0.000137, 0.001234, 0.001540, 0.001459, 0.001643, 0.001501, 0.001624, 0.001564, 0.001681, 0.001638, 0.001622, 0.001908, 0.001705, 0.001750, 0.001551, 0.001569, 0.001708, 0.001529, 0.001576, 0.001411, 0.001623, 0.001580, 0.001514, 0.001493, 0.001790, 0.000618, 0.001386, 0.001560, 0.001447, 0.001314, 0.001189, 0.001182, 0.000991, 0.001218, 0.001005, 0.001058, 0.000882, 0.001121, 0.000886, 0.001121, 0.001002, 0.001271, 0.000919, 0.001153, 0.000966, 0.001147, 0.001038, 0.001370, 0.001012, 0.000537, 0.001119, 0.001228, 0.001469, 0.001386, 0.001413, 0.001592, 0.001379, 0.001635, 0.001382, 0.001599, 0.001578, 0.001478, 0.001590, 0.001460, 0.001666, 0.001675, 0.001721, 0.001641, 0.001560, 0.001860, 0.001803, 0.001709
4 , 0, 0, 0, 0, 0, 0, 0
4 , 0.016542, 0.019257, 0.022419, 0.023470, 0.024130, 0.023785, 0.022385
5 , 0.001189, 0.001182, 0.000991, 0.001218, 0.001005, 0.001058, 0.000882, 0.001121, 0.000886, 0.001121, 0.001002, 0.001271, 0.000919, 0.001153, 0.000966, 0.001147, 0.001038, 0.001370, 0.001012, 0.000537, 0.001119, 0.001228, 0.001469, 0.001386, 0.001413, 0.001592, 0.001379, 0.001635, 0.001382, 0.001599, 0.001578, 0.001478, 0.001590, 0.001460, 0.001666, 0.001675, 0.001721, 0.001641, 0.001560, 0.001860, 0.001803, 0.001709, 0.001702, 0.001333, 0.000739, 0.001420, 0.001381, 0.001292, 0.001005, 0.001225, 0.000892, 0.001237, 0.001115, 0.001254, 0.001102, 0.001327, 0.001197, 0.001348, 0.001295, 0.001368, 0.001149, 0.001222, 0.001161, 0.001251, 0.001307, 0.001200, 0.001355, 0.001243, 0.001364, 0.000010, 0.000872, 0.001289, 0.001410, 0.001315, 0.001086, 0.001527, 0.001424, 0.001589, 0.001571, 0.001524, 0.001792, 0.001672, 0.001844, 0.001529, 0.001692, 0.001921, 0.001821, 0.001887, 0.001719, 0.001918, 0.001913, 0.001753
5 , 0, 0, 0, 0, 0, 0, 0
5 , 0.014434, 0.015590, 0.019531, 0.021161, 0.021173, 0.020659, 0.018772
6 , 0.000892, 0.001237, 0.001115, 0.001254, 0.001102, 0.001327, 0.001197, 0.001348, 0.001295, 0.001368, 0.001149, 0.001222, 0.001161, 0.001251, 0.001307, 0.001200, 0.001355, 0.001243, 0.001364, 0.000010, 0.000872, 0.001289, 0.001410, 0.001315, 0.001086, 0.001527, 0.001424, 0.001589, 0.001571, 0.001524, 0.001792, 0.001672, 0.001844, 0.001529, 0.001692, 0.001921, 0.001821, 0.001887, 0.001719, 0.001918, 0.001913, 0.001753, 0.001753, 0.001888, 0.000128, 0.001346, 0.001182, 0.001106, 0.000922, 0.001071, 0.000901, 0.000922, 0.001078, 0.000834, 0.000989, 0.001028, 0.001311, 0.001153, 0.001200, 0.001058, 0.001339, 0.001153, 0.001343, 0.001135, 0.001485, 0.001175, 0.001506, 0.000613, 0.000610, 0.001206, 0.001014, 0.001269, 0.001183, 0.001434, 0.001421, 0.001404, 0.001516, 0.001336, 0.001773, 0.001567, 0.001574, 0.001494, 0.001540, 0.001739, 0.001572, 0.001579, 0.001548, 0.001608, 0.001750, 0.001727, 0.001651, 0.001778
6 , 0, 0, 0, 0, 0, 0, 0
6 , 0.015967, 0.018003, 0.019195, 0.019958, 0.018433, 0.017674, 0.017256
7 , 0.001071, 0.000901, 0.000922, 0.001078, 0.000834, 0.000989, 0.001028, 0.001311, 0.001153, 0.001200, 0.001058, 0.001339, 0.001153, 0.001343, 0.001135, 0.001485, 0.001175, 0.001506, 0.000613, 0.000610, 0.001206, 0.001014, 0.001269, 0.001183, 0.001434, 0.001421, 0.001404, 0.001516, 0.001336, 0.001773, 0.001567, 0.001574, 0.001494, 0.001540, 0.001739, 0.001572, 0.001579, 0.001548, 0.001608, 0.001750, 0.001727, 0.001651, 0.001778, 0.000731, 0.001156, 0.001364, 0.001164, 0.001245, 0.001035, 0.001215, 0.001024, 0.001185, 0.000940, 0.001140, 0.000950, 0.001205, 0.000917, 0.001237, 0.001042, 0.001172, 0.000986, 0.001121, 0.000951, 0.001186, 0.001012, 0.001197, 0.000996, 0.001077, 0.001053, 0.000589, 0.001345, 0.001350, 0.001419, 0.001290, 0.001403, 0.001565, 0.001553, 0.001716, 0.001599, 0.001585, 0.001903, 0.001718, 0.001782, 0.001617, 0.001750, 0.001912, 0.001638, 0.001739, 0.001557, 0.001716, 0.001753, 0.001622
7 , 0, 0, 0, 0, 0, 0, 0
7 , 0.017084, 0.018968, 0.020965, 0.021119, 0.021222, 0.020245, 0.019006
8 , 0.001024, 0.001185, 0.000940, 0.001140, 0.000950, 0.001205, 0.000917, 0.001237, 0.001042, 0.001172, 0.000986, 0.001121, 0.000951, 0.001186, 0.001012, 0.001197, 0.000996, 0.001077, 0.001053, 0.000589, 0.001345, 0.001350, 0.001419, 0.001290, 0.001403, 0.001565, 0.001553, 0.001716, 0.001599, 0.001585, 0.001903, 0.001718, 0.001782, 0.001617, 0.001750, 0.001912, 0.001638, 0.001739, 0.001557, 0.001716, 0.001753, 0.001622, 0.001780, 0.001253, 0.000858, 0.001446, 0.001301, 0.001388, 0.001110, 0.001343, 0.001161, 0.001217, 0.001165, 0.001200, 0.001182, 0.001294, 0.001242, 0.001281, 0.001324, 0.001294, 0.001307, 0.001411, 0.001441, 0.001277, 0.001355, 0.001199, 0.001532, 0.000002, 0.000794, 0.001083, 0.001169, 0.001272, 0.001259, 0.001474, 0.001506, 0.001516, 0.001544, 0.001444, 0.001679, 0.001581, 0.001709, 0.001739, 0.001540, 0.001711, 0.001543, 0.001646, 0.001582, 0.001653, 0.001756, 0.001646, 0.001730, 0.001660
8 , 0, 0, 0, 0, 0, 0, 0
8 , 0.017136, 0.018979, 0.019778, 0.020217, 0.020231, 0.020497, 0.018516
9 , 0.001217, 0.001165, 0.001200, 0.001182, 0.001294, 0.001242, 0.001281, 0.001324, 0.001294, 0.001307, 0.001411, 0.001441, 0.001277, 0.001355, 0.001199, 0.001532, 0.000002, 0.000794, 0.001083, 0.001169, 0.001272, 0.001259, 0.001474, 0.001506, 0.001516, 0.001544, 0.001444, 0.001679, 0.001581, 0.001709, 0.001739, 0.001540, 0.001711, 0.001543, 0.001646, 0.001582, 0.001653, 0.001756, 0.001646, 0.001730, 0.001660, 0.001594, 0.001959, 0.000145, 0.001417, 0.001178, 0.001177, 0.000978, 0.001229, 0.001064, 0.001134, 0.000985, 0.001212, 0.000838, 0.001193, 0.000974, 0.001253, 0.001161, 0.001197, 0.000968, 0.001262, 0.001123, 0.001230, 0.001010, 0.001170, 0.001082, 0.001307, 0.001147, 0.001293, 0.001145, 0.001249, 0.001219, 0.001257, 0.001235, 0.001205, 0.001187, 0.001239, 0.001312, 0.001183, 0.001135, 0.001144, 0.001376, 0.001281, 0.001458, 0.001389, 0.001545, 0.001307, 0.001376, 0.001281, 0.001450, 0.001303, 0.001407
9 , 0, 0, 0, 0, 0, 0, 0
9 , 0.011375, 0.011844, 0.012012, 0.011918, 0.010983, 0.010404, 0.009408
10 , 0.001229, 0.001064, 0.001134, 0.000985, 0.001212, 0.000838, 0.001193, 0.000974, 0.001253, 0.001161, 0.001197, 0.000968, 0.001262, 0.001123, 0.001230, 0.001010, 0.001170, 0.001082, 0.001307, 0.001147, 0.001293, 0.001145, 0.001249, 0.001219, 0.001257, 0.001235, 0.001205, 0.001187, 0.001239, 0.001312, 0.001183, 0.001135, 0.001144, 0.001376, 0.001281, 0.001458, 0.001389, 0.001545, 0.001307, 0.001376, 0.001281, 0.001450, 0.001303, 0.001407, 0.001277, 0.001326, 0.001178, 0.001364, 0.001239, 0.001304, 0.001128, 0.001361, 0.001124, 0.001304, 0.001001, 0.001155, 0.000891, 0.001093, 0.000863, 0.001102, 0.000896, 0.001105, 0.000968, 0.001199, 0.000951, 0.001255, 0.001012, 0.001170, 0.000936, 0.001268, 0.001163, 0.001177, 0.001115, 0.001293, 0.001035, 0.001174, 0.001044, 0.001144, 0.001114, 0.001225, 0.001130, 0.001044, 0.000958, 0.001049, 0.001142, 0.001121, 0.001040, 0.001030, 0.001084, 0.000977, 0.001147, 0.001040
10 , 3, 3, 3, 3, 3, 3, 3
10 , 0.004420, 0.004199, 0.004178, 0.004152, 0.004217, 0.003998, 0.004184
11 , 0.001178, 0.001364, 0.001239, 0.001304, 0.001128, 0.001361, 0.001124, 0.001304, 0.001001, 0.001155, 0.000891, 0.001093, 0.000863, 0.001102, 0.000896, 0.001105, 0.000968, 0.001199, 0.000951, 0.001255, 0.001012, 0.001170, 0.000936, 0.001268, 0.001163, 0.001177, 0.001115, 0.001293, 0.001035, 0.001174, 0.001044, 0.001144, 0.001114, 0.001225, 0.001130, 0.001044, 0.000958, 0.001049, 0.001142, 0.001121, 0.001040, 0.001030, 0.001084, 0.000977, 0.001147, 0.001040, 0.001020, 0.001075, 0.001020, 0.000924, 0.001078, 0.001048, 0.001053, 0.000998, 0.000952, 0.000937, 0.001012, 0.000912, 0.001067, 0.001050, 0.001150, 0.001042, 0.001183, 0.001063, 0.001381, 0.001086, 0.001332, 0.001131, 0.001355, 0.001277, 0.001428, 0.001204, 0.001532, 0.001426, 0.001486, 0.001370, 0.001612, 0.001364, 0.001670, 0.001430, 0.001673, 0.001558, 0.001721, 0.001530, 0.001678, 0.001432, 0.001657, 0.001544, 0.001654, 0.001511, 0.001564, 0.001393
11 , 2, 2, 2, 2, 2, 2, 2
11 , 0.010723, 0.010628, 0.010384, 0.009934, 0.009804, 0.009202, 0.008889
12 , 0.001020, 0.001075, 0.001020, 0.000924, 0.001078, 0.001048, 0.001053, 0.000998, 0.000952, 0.000937, 0.001012, 0.000912, 0.001067, 0.001050, 0.001150, 0.001042, 0.001183, 0.001063, 0.001381, 0.001086, 0.001332, 0.001131, 0.001355, 0.001277, 0.001428, 0.001204, 0.001532, 0.001426, 0.001486, 0.001370, 0.001612, 0.001364, 0.001670, 0.001430, 0.001673, 0.001558, 0.001721, 0.001530, 0.001678, 0.001432, 0.001657, 0.001544, 0.001654, 0.001511, 0.001564, 0.001393, 0.001585, 0.001291, 0.001450, 0.001329, 0.001407, 0.001324, 0.001411, 0.001333, 0.001329, 0.001226, 0.001257, 0.001068, 0.001203, 0.001144, 0.001218, 0.001121, 0.001104, 0.001146, 0.001035, 0.001111, 0.001095, 0.001125, 0.001070, 0.001118, 0.000940, 0.000943, 0.001088, 0.000947, 0.000871, 0.001040, 0.000935, 0.001000, 0.000839, 0.000960, 0.000911, 0.001072, 0.000837, 0.001013, 0.001015, 0.001251, 0.001116, 0.001212, 0.001028, 0.001193, 0.000993, 0.001253
12 , 3, 3, 3, 3, 3, 3, 3
12 , 0.015366, 0.015116, 0.014842, 0.014247, 0.013469, 0.012869, 0.011794
13 , 0.001585, 0.001291, 0.001450, 0.001329, 0.001407, 0.001324, 0.001411, 0.001333, 0.001329, 0.001226, 0.001257, 0.001068, 0.001203, 0.001144, 0.001218, 0.001121, 0.001104, 0.001146, 0.001035, 0.001111, 0.001095, 0.001125, 0.001070, 0.001118, 0.000940, 0.000943, 0.001088, 0.000947, 0.000871, 0.001040, 0.000935, 0.001000, 0.000839, 0.000960, 0.000911, 0.001072, 0.000837, 0.001013, 0.001015, 0.001251, 0.001116, 0.001212, 0.001028, 0.001193, 0.000993, 0.001253, 0.000974, 0.001297, 0.001132, 0.001267, 0.001096, 0.001286, 0.001180, 0.001431, 0.001132, 0.001473, 0.001167, 0.001262, 0.001032, 0.001313, 0.001256, 0.001422, 0.001084, 0.001313, 0.001235, 0.001442, 0.001054, 0.001248, 0.001127, 0.001304, 0.001131, 0.001301, 0.001227, 0.001408, 0.001218, 0.001305, 0.001218, 0.001382, 0.001167, 0.001331, 0.001158, 0.001422, 0.001200, 0.001278, 0.001123, 0.001322, 0.001162, 0.001263, 0.001138, 0.001372, 0.001096, 0.001200
13 , 2, 2, 2, 2, 2, 2, 1
13 , 0.006741, 0.006571, 0.005684, 0.005480, 0.004744, 0.004602, 0.003618
14 , 0.000974, 0.001297, 0.001132, 0.001267, 0.001096, 0.001286, 0.001180, 0.001431, 0.001132, 0.001473, 0.001167, 0.001262, 0.001032, 0.001313, 0.001256, 0.001422, 0.001084, 0.001313, 0.001235, 0.001442, 0.001054, 0.001248, 0.001127, 0.001304, 0.001131, 0.001301, 0.001227, 0.001408, 0.001218, 0.001305, 0.001218, 0.001382, 0.001167, 0.001331, 0.001158, 0.001422, 0.001200, 0.001278, 0.001123, 0.001322, 0.001162, 0.001263, 0.001138, 0.001372, 0.001096, 0.001200, 0.001311, 0.001367, 0.001198, 0.001345, 0.001314, 0.001319, 0.001266, 0.001319, 0.001207, 0.001246, 0.001237, 0.001384, 0.001240, 0.001180, 0.001203, 0.001124, 0.001203, 0.001103, 0.001227, 0.001257, 0.001262, 0.001274, 0.001239, 0.001339, 0.001334, 0.001390, 0.001408, 0.001257, 0.001348, 0.001271, 0.001323, 0.001271, 0.001305, 0.001147, 0.001358, 0.001203, 0.001299, 0.001209, 0.001318, 0.001105, 0.001223, 0.001065, 0.001174, 0.001081, 0.001241, 0.001155
14 , 0, 0, 3, 3, 3, 3, 3
14 , 0.001215, 0.000318, 0.000380, 0.000650, 0.000883, 0.001172, 0.001292
15 , 0.001266, 0.001319, 0.001207, 0.001246, 0.001237, 0.001384, 0.001240, 0.001180, 0.001203, 0.001124, 0.001203, 0.001103, 0.001227, 0.001257, 0.001262, 0.001274, 0.001239, 0.001339, 0.001334, 0.001390, 0.001408, 0.001257, 0.001348, 0.001271, 0.001323, 0.001271, 0.001305, 0.001147, 0.001358, 0.001203, 0.001299, 0.001209, 0.001318, 0.001105, 0.001223, 0.001065, 0.001174, 0.001081, 0.001241, 0.001155, 0.001269, 0.001216, 0.001264, 0.001025, 0.001285, 0.001128, 0.001339, 0.001225, 0.001452, 0.001193, 0.001429, 0.001139, 0.001374, 0.001139, 0.001320, 0.001126, 0.001450, 0.001129, 0.001310, 0.001231, 0.001452, 0.001239, 0.001378, 0.001300, 0.001421, 0.001195, 0.001502, 0.001230, 0.001485, 0.001239, 0.001351, 0.001183, 0.001412, 0.001140, 0.001300, 0.001347, 0.001460, 0.001256, 0.001357, 0.001256, 0.001351, 0.001131, 0.001433, 0.001243, 0.001421, 0.001317, 0.001468, 0.001303, 0.001420, 0.001446, 0.001476, 0.001351
15 , 2, 2, 2, 2, 2, 2, 2
15 , 0.001288, 0.001201, 0.001701, 0.001545, 0.002106, 0.001873, 0.002375
16 , 0.001374, 0.001139, 0.001320, 0.001126, 0.001450, 0.001129, 0.001310, 0.001231, 0.001452, 0.001239, 0.001378, 0.001300, 0.001421, 0.001195, 0.001502, 0.001230, 0.001485, 0.001239, 0.001351, 0.001183, 0.001412, 0.001140, 0.001300, 0.001347, 0.001460, 0.001256, 0.001357, 0.001256, 0.001351, 0.001131, 0.001433, 0.001243, 0.001421, 0.001317, 0.001468, 0.001303, 0.001420, 0.001446, 0.001476, 0.001351, 0.001497, 0.001368, 0.001342, 0.001252, 0.001357, 0.001253, 0.001263, 0.001191, 0.001316, 0.001248, 0.001267, 0.001118, 0.001262, 0.001296, 0.001004, 0.001023, 0.001023, 0.001147, 0.001096, 0.001201, 0.001080, 0.001040, 0.000894, 0.000919, 0.000959, 0.000985, 0.000894, 0.000890, 0.000854, 0.000945, 0.000854, 0.000994, 0.000899, 0.001055, 0.000900, 0.001166, 0.001051, 0.001151, 0.001002, 0.001180, 0.001001, 0.001056, 0.001051, 0.001186, 0.000998, 0.001209, 0.001176, 0.001378, 0.001126, 0.001320, 0.001138, 0.001328
16 , 3, 0, 0, 0, 0, 0, 0
16 , 0.002119, 0.001556, 0.001916, 0.002922, 0.003225, 0.003886, 0.003974
