0 , 0.001938, 0.002115, 0.002003, 0.002151, 0.002174, 0.002216, 0.002085, 0.002280, 0.002006, 0.002172, 0.002085, 0.001975, 0.002045, 0.001914, 0.002258, 0.002045, 0.002188, 0.002144, 0.002146, 0.002244, 0.002223, 0.002374, 0.002079, 0.000163, 0.001582, 0.001489, 0.001466, 0.001225, 0.001140, 0.001113, 0.001024, 0.001147, 0.001120, 0.001092, 0.001119, 0.001147, 0.001144, 0.001228, 0.001252, 0.001218, 0.001307, 0.001394, 0.001240, 0.001297, 0.001389, 0.001537, 0.001006, 0.001280, 0.001923, 0.001626, 0.001728, 0.001950, 0.001739, 0.001845, 0.001595, 0.001986, 0.001890, 0.001953, 0.001764, 0.001843, 0.001971, 0.001786, 0.001912, 0.001952, 0.002046, 0.002167, 0.002035, 0.002110, 0.001980, 0.002244, 0.002290, 0.000385, 0.001689, 0.001477, 0.001446, 0.001446, 0.001477, 0.001386, 0.001386, 0.001447, 0.001479, 0.001235, 0.001327, 0.001297, 0.001420, 0.001208, 0.001333, 0.001302, 0.001335, 0.001242, 0.001272, 0.001179
0 , 1, 1, 1, 1, 1, 1, 1
0 , 0.022287, 0.024811, 0.029346, 0.033717, 0.032757, 0.029231, 0.028522
1 , 0.001626, 0.001728, 0.001950, 0.001739, 0.001845, 0.001595, 0.001986, 0.001890, 0.001953, 0.001764, 0.001843, 0.001971, 0.001786, 0.001912, 0.001952, 0.002046, 0.002167, 0.002035, 0.002110, 0.001980, 0.002244, 0.002290, 0.000385, 0.001689, 0.001477, 0.001446, 0.001446, 0.001477, 0.001386, 0.001386, 0.001447, 0.001479, 0.001235, 0.001327, 0.001297, 0.001420, 0.001208, 0.001333, 0.001302, 0.001335, 0.001242, 0.001272, 0.001179, 0.001392, 0.001269, 0.001572, 0.001359, 0.001359, 0.000951, 0.001894, 0.001977, 0.001883, 0.002033, 0.001916, 0.002143, 0.002027, 0.002008, 0.001999, 0.002106, 0.002111, 0.002018, 0.002174, 0.001924, 0.002240, 0.002139, 0.002200, 0.002102, 0.001989, 0.002221, 0.002130, 0.002080, 0.002153, 0.001540, 0.001082, 0.001844, 0.001780, 0.001811, 0.001506, 0.001628, 0.001536, 0.001689, 0.001414, 0.001628, 0.001445, 0.001567, 0.001475, 0.001597, 0.001384, 0.001475, 0.001323, 0.001597, 0.001445
1 , 1, 1, 1, 1, 1, 1, 1
1 , 0.014844, 0.018379, 0.021106, 0.023760, 0.022867, 0.024219, 0.022092
2 , 0.001883, 0.002033, 0.001916, 0.002143, 0.002027, 0.002008, 0.001999, 0.002106, 0.002111, 0.002018, 0.002174, 0.001924, 0.002240, 0.002139, 0.002200, 0.002102, 0.001989, 0.002221, 0.002130, 0.002080, 0.002153, 0.001540, 0.001082, 0.001844, 0.001780, 0.001811, 0.001506, 0.001628, 0.001536, 0.001689, 0.001414, 0.001628, 0.001445, 0.001567, 0.001475, 0.001597, 0.001384, 0.001475, 0.001323, 0.001597, 0.001445, 0.001628, 0.001476, 0.001506, 0.001539, 0.000325, 0.001821, 0.001726, 0.001692, 0.002052, 0.001891, 0.001993, 0.001797, 0.001956, 0.002180, 0.002004, 0.002156, 0.001961, 0.002128, 0.001963, 0.002026, 0.001982, 0.001897, 0.002119, 0.002041, 0.002136, 0.001966, 0.002232, 0.002223, 0.002017, 0.002019, 0.001916, 0.000289, 0.001720, 0.001628, 0.001659, 0.001567, 0.001567, 0.001323, 0.001445, 0.001445, 0.001506, 0.001445, 0.001567, 0.001445, 0.001536, 0.001445, 0.001506, 0.001414, 0.001598, 0.001445, 0.001415
2 , 1, 1, 1, 1, 1, 1, 1
2 , 0.017477, 0.020457, 0.024806, 0.024892, 0.024169, 0.021450, 0.020986
3 , 0.002052, 0.001891, 0.001993, 0.001797, 0.001956, 0.002180, 0.002004, 0.002156, 0.001961, 0.002128, 0.001963, 0.002026, 0.001982, 0.001897, 0.002119, 0.002041, 0.002136, 0.001966, 0.002232, 0.002223, 0.002017, 0.002019, 0.001916, 0.000289, 0.001720, 0.001628, 0.001659, 0.001567, 0.001567, 0.001323, 0.001445, 0.001445, 0.001506, 0.001445, 0.001567, 0.001445, 0.001536, 0.001445, 0.001506, 0.001414, 0.001598, 0.001445, 0.001415, 0.001384, 0.001568, 0.001446, 0.001294, 0.001476, 0.001009, 0.001378, 0.002007, 0.001802, 0.002093, 0.002050, 0.002052, 0.002029, 0.001907, 0.002223, 0.002135, 0.002120, 0.001999, 0.002115, 0.002187, 0.002122, 0.002017, 0.001898, 0.002223, 0.001943, 0.001927, 0.001947, 0.002002, 0.002004, 0.002185, 0.000478, 0.001756, 0.001751, 0.001691, 0.001600, 0.001601, 0.001661, 0.001692, 0.001601, 0.001633, 0.001540, 0.001753, 0.001753, 0.001660, 0.001598, 0.001567, 0.001567, 0.001659, 0.001536
3 , 1, 1, 1, 1, 1, 1, 1
3 , 0.014890, 0.016666, 0.018318, 0.020543, 0.022027, 0.021561, 0.019671
4 , 0.002007, 0.001802, 0.002093, 0.002050, 0.002052, 0.002029, 0.001907, 0.002223, 0.002135, 0.002120, 0.001999, 0.002115, 0.002187, 0.002122, 0.002017, 0.001898, 0.002223, 0.001943, 0.001927, 0.001947, 0.002002, 0.002004, 0.002185, 0.000478, 0.001756, 0.001751, 0.001691, 0.001600, 0.001601, 0.001661, 0.001692, 0.001601, 0.001633, 0.001540, 0.001753, 0.001753, 0.001660, 0.001598, 0.001567, 0.001567, 0.001659, 0.001536, 0.001353, 0.001506, 0.001536, 0.001476, 0.001598, 0.000705, 0.001868, 0.001931, 0.001995, 0.002098, 0.002040, 0.002207, 0.002090, 0.002163, 0.001950, 0.002053, 0.002172, 0.001992, 0.002095, 0.001942, 0.002132, 0.001980, 0.002087, 0.001993, 0.002069, 0.002046, 0.001909, 0.002058, 0.001900, 0.001671, 0.001026, 0.001841, 0.001751, 0.001750, 0.001659, 0.001812, 0.001569, 0.001659, 0.001476, 0.001782, 0.001539, 0.001751, 0.001508, 0.001598, 0.001415, 0.001629, 0.001507, 0.001751, 0.001507, 0.001720
4 , 1, 1, 1, 1, 1, 1, 1
4 , 0.013027, 0.014439, 0.017092, 0.018606, 0.021514, 0.017296, 0.017090
5 , 0.001995, 0.002098, 0.002040, 0.002207, 0.002090, 0.002163, 0.001950, 0.002053, 0.002172, 0.001992, 0.002095, 0.001942, 0.002132, 0.001980, 0.002087, 0.001993, 0.002069, 0.002046, 0.001909, 0.002058, 0.001900, 0.001671, 0.001026, 0.001841, 0.001751, 0.001750, 0.001659, 0.001812, 0.001569, 0.001659, 0.001476, 0.001782, 0.001539, 0.001751, 0.001508, 0.001598, 0.001415, 0.001629, 0.001507, 0.001751, 0.001507, 0.001720, 0.001384, 0.001689, 0.001445, 0.001567, 0.001599, 0.000509, 0.001774, 0.001795, 0.001800, 0.002038, 0.001999, 0.002130, 0.001936, 0.002158, 0.002010, 0.002155, 0.002111, 0.002041, 0.002296, 0.002135, 0.002188, 0.002045, 0.002127, 0.002104, 0.002158, 0.002298, 0.002104, 0.002241, 0.001966, 0.002055, 0.000378, 0.001414, 0.001750, 0.001506, 0.001598, 0.001506, 0.001537, 0.001384, 0.001537, 0.001384, 0.001506, 0.001292, 0.001506, 0.001384, 0.001506, 0.001323, 0.001568, 0.001445, 0.001598, 0.001445
5 , 1, 1, 1, 1, 1, 1, 1
5 , 0.016533, 0.019817, 0.021500, 0.022200, 0.023752, 0.021193, 0.020143
6 , 0.001800, 0.002038, 0.001999, 0.002130, 0.001936, 0.002158, 0.002010, 0.002155, 0.002111, 0.002041, 0.002296, 0.002135, 0.002188, 0.002045, 0.002127, 0.002104, 0.002158, 0.002298, 0.002104, 0.002241, 0.001966, 0.002055, 0.000378, 0.001414, 0.001750, 0.001506, 0.001598, 0.001506, 0.001537, 0.001384, 0.001537, 0.001384, 0.001506, 0.001292, 0.001506, 0.001384, 0.001506, 0.001323, 0.001568, 0.001445, 0.001598, 0.001445, 0.001597, 0.001353, 0.001750, 0.001054, 0.001193, 0.001847, 0.001909, 0.001791, 0.001702, 0.002013, 0.001804, 0.002065, 0.001904, 0.001980, 0.001990, 0.001906, 0.001914, 0.001687, 0.002006, 0.001965, 0.002020, 0.001770, 0.001801, 0.001923, 0.001908, 0.002060, 0.001865, 0.002229, 0.000722, 0.001694, 0.001811, 0.001842, 0.001598, 0.001567, 0.001597, 0.001719, 0.001475, 0.001628, 0.001445, 0.001415, 0.001507, 0.001539, 0.001479, 0.001477, 0.001539, 0.001478, 0.001295, 0.001447, 0.001447, 0.001568
6 , 1, 1, 1, 1, 1, 1, 1
6 , 0.017173, 0.019929, 0.022990, 0.022795, 0.020062, 0.019090, 0.019187
7 , 0.001909, 0.001791, 0.001702, 0.002013, 0.001804, 0.002065, 0.001904, 0.001980, 0.001990, 0.001906, 0.001914, 0.001687, 0.002006, 0.001965, 0.002020, 0.001770, 0.001801, 0.001923, 0.001908, 0.002060, 0.001865, 0.002229, 0.000722, 0.001694, 0.001811, 0.001842, 0.001598, 0.001567, 0.001597, 0.001719, 0.001475, 0.001628, 0.001445, 0.001415, 0.001507, 0.001539, 0.001479, 0.001477, 0.001539, 0.001478, 0.001295, 0.001447, 0.001447, 0.001568, 0.001384, 0.001567, 0.001506, 0.001658, 0.000456, 0.001891, 0.001498, 0.001919, 0.001663, 0.001967, 0.001893, 0.001926, 0.001971, 0.001854, 0.002002, 0.001956, 0.002038, 0.001908, 0.001965, 0.001900, 0.002022, 0.002056, 0.002011, 0.002128, 0.001852, 0.002204, 0.002011, 0.002160, 0.001467, 0.001051, 0.001448, 0.001569, 0.001389, 0.001418, 0.001480, 0.001389, 0.001357, 0.001387, 0.001478, 0.001388, 0.001509, 0.001448, 0.001386, 0.001570, 0.001478, 0.001386, 0.001477, 0.001569
7 , 1, 1, 1, 1, 1, 1, 1
7 , 0.011410, 0.014026, 0.016360, 0.018412, 0.017564, 0.019644, 0.018495
8 , 0.001919, 0.001663, 0.001967, 0.001893, 0.001926, 0.001971, 0.001854, 0.002002, 0.001956, 0.002038, 0.001908, 0.001965, 0.001900, 0.002022, 0.002056, 0.002011, 0.002128, 0.001852, 0.002204, 0.002011, 0.002160, 0.001467, 0.001051, 0.001448, 0.001569, 0.001389, 0.001418, 0.001480, 0.001389, 0.001357, 0.001387, 0.001478, 0.001388, 0.001509, 0.001448, 0.001386, 0.001570, 0.001478, 0.001386, 0.001477, 0.001569, 0.001387, 0.001538, 0.001387, 0.001659, 0.000152, 0.001728, 0.001933, 0.002038, 0.001652, 0.001898, 0.001924, 0.001987, 0.002046, 0.001966, 0.001952, 0.001786, 0.001952, 0.001858, 0.001978, 0.002004, 0.002087, 0.001965, 0.001909, 0.002154, 0.001915, 0.001995, 0.001952, 0.001992, 0.002095, 0.000320, 0.002055, 0.001782, 0.001750, 0.001567, 0.001812, 0.001599, 0.001720, 0.001568, 0.001659, 0.001539, 0.001660, 0.001600, 0.001660, 0.001571, 0.001783, 0.001569, 0.001660, 0.001569, 0.001720, 0.001506, 0.001475
8 , 1, 1, 1, 1, 1, 1, 1
8 , 0.013910, 0.016421, 0.021230, 0.018375, 0.017357, 0.016268, 0.016070
9 , 0.002038, 0.001652, 0.001898, 0.001924, 0.001987, 0.002046, 0.001966, 0.001952, 0.001786, 0.001952, 0.001858, 0.001978, 0.002004, 0.002087, 0.001965, 0.001909, 0.002154, 0.001915, 0.001995, 0.001952, 0.001992, 0.002095, 0.000320, 0.002055, 0.001782, 0.001750, 0.001567, 0.001812, 0.001599, 0.001720, 0.001568, 0.001659, 0.001539, 0.001660, 0.001600, 0.001660, 0.001571, 0.001783, 0.001569, 0.001660, 0.001569, 0.001720, 0.001506, 0.001475, 0.001445, 0.001811, 0.001567, 0.001177, 0.001502, 0.001772, 0.001767, 0.001929, 0.002013, 0.001922, 0.001797, 0.002104, 0.001933, 0.002075, 0.001972, 0.002162, 0.002190, 0.002091, 0.001967, 0.001871, 0.002220, 0.002121, 0.002241, 0.002061, 0.001995, 0.002276, 0.002035, 0.002244, 0.000713, 0.001292, 0.001845, 0.001629, 0.001630, 0.001507, 0.001629, 0.001323, 0.001598, 0.001414, 0.001628, 0.001506, 0.001567, 0.001384, 0.001689, 0.001506, 0.001628, 0.001446, 0.001629, 0.001414
9 , 1, 1, 1, 1, 1, 1, 1
9 , 0.011363, 0.014769, 0.016326, 0.018104, 0.017152, 0.016557, 0.015816
10 , 0.001772, 0.001767, 0.001929, 0.002013, 0.001922, 0.001797, 0.002104, 0.001933, 0.002075, 0.001972, 0.002162, 0.002190, 0.002091, 0.001967, 0.001871, 0.002220, 0.002121, 0.002241, 0.002061, 0.001995, 0.002276, 0.002035, 0.002244, 0.000713, 0.001292, 0.001845, 0.001629, 0.001630, 0.001507, 0.001629, 0.001323, 0.001598, 0.001414, 0.001628, 0.001506, 0.001567, 0.001384, 0.001689, 0.001506, 0.001628, 0.001446, 0.001629, 0.001414, 0.001690, 0.001475, 0.001447, 0.001445, 0.000408, 0.001952, 0.001938, 0.001879, 0.001741, 0.001904, 0.001935, 0.001976, 0.001813, 0.001954, 0.001830, 0.001969, 0.001869, 0.001965, 0.002067, 0.001898, 0.001989, 0.001796, 0.002043, 0.001952, 0.001889, 0.001913, 0.001863, 0.002032, 0.001782, 0.001968, 0.001375, 0.000964, 0.001903, 0.001811, 0.001963, 0.001719, 0.001628, 0.001536, 0.001598, 0.001445, 0.001415, 0.001506, 0.001598, 0.001415, 0.001446, 0.001445, 0.001477, 0.001385, 0.001508
10 , 1, 1, 1, 1, 1, 1, 1
10 , 0.011042, 0.012863, 0.015685, 0.017920, 0.022061, 0.020306, 0.018480
11 , 0.001879, 0.001741, 0.001904, 0.001935, 0.001976, 0.001813, 0.001954, 0.001830, 0.001969, 0.001869, 0.001965, 0.002067, 0.001898, 0.001989, 0.001796, 0.002043, 0.001952, 0.001889, 0.001913, 0.001863, 0.002032, 0.001782, 0.001968, 0.001375, 0.000964, 0.001903, 0.001811, 0.001963, 0.001719, 0.001628, 0.001536, 0.001598, 0.001445, 0.001415, 0.001506, 0.001598, 0.001415, 0.001446, 0.001445, 0.001477, 0.001385, 0.001508, 0.001324, 0.001448, 0.001356, 0.001357, 0.001358, 0.001482, 0.001360, 0.001271, 0.001331, 0.001514, 0.001270, 0.001484, 0.001301, 0.001391, 0.001237, 0.001603, 0.001327, 0.001357, 0.001356, 0.001388, 0.001416, 0.001568, 0.001414, 0.001658, 0.001506, 0.001689, 0.001537, 0.001567, 0.001415, 0.001628, 0.001629, 0.001721, 0.001538, 0.001690, 0.001569, 0.001630, 0.001508, 0.001720, 0.001507, 0.001781, 0.001568, 0.001689, 0.001476, 0.001628, 0.001506, 0.001567, 0.001506, 0.001658, 0.001536, 0.001719
11 , 2, 2, 2, 2, 2, 2, 2
11 , 0.010120, 0.012022, 0.012537, 0.013053, 0.013237, 0.012525, 0.010644
12 , 0.001331, 0.001514, 0.001270, 0.001484, 0.001301, 0.001391, 0.001237, 0.001603, 0.001327, 0.001357, 0.001356, 0.001388, 0.001416, 0.001568, 0.001414, 0.001658, 0.001506, 0.001689, 0.001537, 0.001567, 0.001415, 0.001628, 0.001629, 0.001721, 0.001538, 0.001690, 0.001569, 0.001630, 0.001508, 0.001720, 0.001507, 0.001781, 0.001568, 0.001689, 0.001476, 0.001628, 0.001506, 0.001567, 0.001506, 0.001658, 0.001536, 0.001719, 0.001384, 0.001536, 0.001536, 0.001567, 0.001415, 0.001569, 0.001446, 0.001447, 0.001385, 0.001478, 0.001388, 0.001390, 0.001330, 0.001392, 0.001329, 0.001328, 0.001449, 0.001479, 0.001447, 0.001386, 0.001324, 0.001477, 0.001476, 0.001415, 0.001476, 0.001537, 0.001536, 0.001445, 0.001537, 0.001598, 0.001507, 0.001537, 0.001568, 0.001416, 0.001417, 0.001416, 0.001478, 0.001355, 0.001569, 0.001355, 0.001416, 0.001325, 0.001418, 0.001357, 0.001509, 0.001295, 0.001509, 0.001386, 0.001539, 0.001294
12 , 0, 0, 0, 0, 0, 3, 3
12 , 0.004316, 0.004050, 0.004363, 0.003429, 0.002952, 0.002397, 0.002188
13 , 0.001446, 0.001447, 0.001385, 0.001478, 0.001388, 0.001390, 0.001330, 0.001392, 0.001329, 0.001328, 0.001449, 0.001479, 0.001447, 0.001386, 0.001324, 0.001477, 0.001476, 0.001415, 0.001476, 0.001537, 0.001536, 0.001445, 0.001537, 0.001598, 0.001507, 0.001537, 0.001568, 0.001416, 0.001417, 0.001416, 0.001478, 0.001355, 0.001569, 0.001355, 0.001416, 0.001325, 0.001418, 0.001357, 0.001509, 0.001295, 0.001509, 0.001386, 0.001539, 0.001294, 0.001508, 0.001416, 0.001477, 0.001355, 0.001507, 0.001415, 0.001507, 0.001445, 0.001598, 0.001415, 0.001567, 0.001445, 0.001629, 0.001415, 0.001537, 0.001476, 0.001660, 0.001354, 0.001506, 0.001262, 0.001475, 0.001353, 0.001658, 0.001475, 0.001506, 0.001445, 0.001598, 0.001537, 0.001507, 0.001537, 0.001567, 0.001445, 0.001536, 0.001475, 0.001384, 0.001384, 0.001567, 0.001567, 0.001598, 0.001446, 0.001538, 0.001477, 0.001478, 0.001540, 0.001327, 0.001448, 0.001388, 0.001418
13 , 0, 0, 0, 3, 3, 1, 1
13 , 0.000929, 0.000876, 0.000548, 0.000538, 0.000629, 0.000625, 0.001294
14 , 0.001598, 0.001415, 0.001567, 0.001445, 0.001629, 0.001415, 0.001537, 0.001476, 0.001660, 0.001354, 0.001506, 0.001262, 0.001475, 0.001353, 0.001658, 0.001475, 0.001506, 0.001445, 0.001598, 0.001537, 0.001507, 0.001537, 0.001567, 0.001445, 0.001536, 0.001475, 0.001384, 0.001384, 0.001567, 0.001567, 0.001598, 0.001446, 0.001538, 0.001477, 0.001478, 0.001540, 0.001327, 0.001448, 0.001388, 0.001418, 0.001356, 0.001357, 0.001203, 0.001478, 0.001478, 0.001448, 0.001357, 0.001418, 0.001295, 0.001539, 0.001324, 0.001385, 0.001354, 0.001628, 0.001628, 0.001506, 0.001536, 0.001658, 0.001445, 0.001689, 0.001537, 0.001750, 0.001628, 0.001597, 0.001475, 0.001689, 0.001506, 0.001689, 0.001506, 0.001567, 0.001445, 0.001506, 0.001354, 0.001599, 0.001354, 0.001477, 0.001294, 0.001509, 0.001294, 0.001418, 0.001356, 0.001417, 0.001294, 0.001569, 0.001446, 0.001385, 0.001385, 0.001446, 0.001415, 0.001506, 0.001384, 0.001445
14 , 1, 1, 1, 1, 1, 1, 1
14 , 0.002703, 0.002910, 0.003271, 0.003632, 0.003747, 0.003589, 0.003617
15 , 0.001324, 0.001385, 0.001354, 0.001628, 0.001628, 0.001506, 0.001536, 0.001658, 0.001445, 0.001689, 0.001537, 0.001750, 0.001628, 0.001597, 0.001475, 0.001689, 0.001506, 0.001689, 0.001506, 0.001567, 0.001445, 0.001506, 0.001354, 0.001599, 0.001354, 0.001477, 0.001294, 0.001509, 0.001294, 0.001418, 0.001356, 0.001417, 0.001294, 0.001569, 0.001446, 0.001385, 0.001385, 0.001446, 0.001415, 0.001506, 0.001384, 0.001445, 0.001598, 0.001751, 0.001598, 0.001567, 0.001628, 0.001567, 0.001445, 0.001506, 0.001537, 0.001537, 0.001506, 0.001567, 0.001719, 0.001536, 0.001567, 0.001597, 0.001658, 0.001475, 0.001567, 0.001536, 0.001628, 0.001445, 0.001567, 0.001414, 0.001628, 0.001506, 0.001659, 0.001628, 0.001628, 0.001414, 0.001658, 0.001353, 0.001536, 0.001353, 0.001628, 0.001506, 0.001719, 0.001567, 0.001536, 0.001537, 0.001719, 0.001536, 0.001750, 0.001567, 0.001628, 0.001506, 0.001597, 0.001506, 0.001689, 0.001537
15 , 2, 2, 2, 2, 2, 1, 2
15 , 0.002459, 0.002363, 0.002392, 0.002146, 0.002299, 0.002351, 0.002547
16 , 0.001506, 0.001567, 0.001719, 0.001536, 0.001567, 0.001597, 0.001658, 0.001475, 0.001567, 0.001536, 0.001628, 0.001445, 0.001567, 0.001414, 0.001628, 0.001506, 0.001659, 0.001628, 0.001628, 0.001414, 0.001658, 0.001353, 0.001536, 0.001353, 0.001628, 0.001506, 0.001719, 0.001567, 0.001536, 0.001537, 0.001719, 0.001536, 0.001750, 0.001567, 0.001628, 0.001506, 0.001597, 0.001506, 0.001689, 0.001537, 0.001597, 0.001506, 0.001597, 0.001536, 0.001506, 0.001384, 0.001537, 0.001476, 0.001507, 0.001476, 0.001476, 0.001445, 0.001537, 0.001507, 0.001568, 0.001690, 0.001598, 0.001598, 0.001719, 0.001689, 0.001567, 0.001597, 0.001597, 0.001628, 0.001628, 0.001689, 0.001506, 0.001659, 0.001506, 0.001689, 0.001567, 0.001629, 0.001384, 0.001628, 0.001476, 0.001538, 0.001355, 0.001476, 0.001414, 0.001629, 0.001476, 0.001690, 0.001415, 0.001568, 0.001507, 0.001629, 0.001293, 0.001506, 0.001384, 0.001567, 0.001445, 0.001689
16 , 3, 3, 1, 3, 3, 3, 3
16 , 0.001184, 0.001307, 0.001858, 0.001736, 0.001983, 0.002015, 0.002260
