0 , 0.001598, 0.001413, 0.001477, 0.001630, 0.001530, 0.001738, 0.001502, 0.001722, 0.001630, 0.001507, 0.001690, 0.001415, 0.001653, 0.001625, 0.001481, 0.001533, 0.001433, 0.001818, 0.000444, 0.001522, 0.001248, 0.001276, 0.001016, 0.001229, 0.001046, 0.001415, 0.001062, 0.001132, 0.000958, 0.001172, 0.001081, 0.001130, 0.001046, 0.001176, 0.000991, 0.001167, 0.001107, 0.001167, 0.001127, 0.001032, 0.001146, 0.000156, 0.001002, 0.001482, 0.001464, 0.001430, 0.001594, 0.001666, 0.001494, 0.001673, 0.001461, 0.001727, 0.001650, 0.001666, 0.001695, 0.001521, 0.001762, 0.001687, 0.001666, 0.001570, 0.001475, 0.001751, 0.001540, 0.001681, 0.001528, 0.001732, 0.000255, 0.001529, 0.001299, 0.001369, 0.001423, 0.001289, 0.001319, 0.001241, 0.001318, 0.001200, 0.001386, 0.001304, 0.001339, 0.001209, 0.001313, 0.001153, 0.001323, 0.001115, 0.001298, 0.001022, 0.001471, 0.001114, 0.001244, 0.001055, 0.001213, 0.000698
0 , 1, 1, 1, 1, 1, 1, 1
0 , 0.015573, 0.015939, 0.015614, 0.015749, 0.014649, 0.013930, 0.012283
1 , 0.001666, 0.001494, 0.001673, 0.001461, 0.001727, 0.001650, 0.001666, 0.001695, 0.001521, 0.001762, 0.001687, 0.001666, 0.001570, 0.001475, 0.001751, 0.001540, 0.001681, 0.001528, 0.001732, 0.000255, 0.001529, 0.001299, 0.001369, 0.001423, 0.001289, 0.001319, 0.001241, 0.001318, 0.001200, 0.001386, 0.001304, 0.001339, 0.001209, 0.001313, 0.001153, 0.001323, 0.001115, 0.001298, 0.001022, 0.001471, 0.001114, 0.001244, 0.001055, 0.001213, 0.000698, 0.000779, 0.001414, 0.001398, 0.001606, 0.001451, 0.001659, 0.001694, 0.001531, 0.001678, 0.001474, 0.001676, 0.001566, 0.001573, 0.001655, 0.001442, 0.001804, 0.001634, 0.001625, 0.001641, 0.001545, 0.001630, 0.001669, 0.001671, 0.001786, 0.001052, 0.000914, 0.001455, 0.001343, 0.001353, 0.001151, 0.001322, 0.001118, 0.001288, 0.001109, 0.001313, 0.001028, 0.001265, 0.001200, 0.001392, 0.001167, 0.001181, 0.001171, 0.001283, 0.001162, 0.001102, 0.001246, 0.001192
1 , 1, 1, 1, 1, 1, 1, 1
1 , 0.015089, 0.015208, 0.016135, 0.014948, 0.014739, 0.015312, 0.014878
2 , 0.001606, 0.001451, 0.001659, 0.001694, 0.001531, 0.001678, 0.001474, 0.001676, 0.001566, 0.001573, 0.001655, 0.001442, 0.001804, 0.001634, 0.001625, 0.001641, 0.001545, 0.001630, 0.001669, 0.001671, 0.001786, 0.001052, 0.000914, 0.001455, 0.001343, 0.001353, 0.001151, 0.001322, 0.001118, 0.001288, 0.001109, 0.001313, 0.001028, 0.001265, 0.001200, 0.001392, 0.001167, 0.001181, 0.001171, 0.001283, 0.001162, 0.001102, 0.001246, 0.001192, 0.001394, 0.000253, 0.001143, 0.001342, 0.001312, 0.001468, 0.001316, 0.001504, 0.001468, 0.001557, 0.001614, 0.001417, 0.001721, 0.001527, 0.001612, 0.001509, 0.001429, 0.001662, 0.001507, 0.001584, 0.001446, 0.001394, 0.001546, 0.001345, 0.001348, 0.001318, 0.001305, 0.001625, 0.000804, 0.001835, 0.001558, 0.001593, 0.001485, 0.001584, 0.001252, 0.001438, 0.001161, 0.001370, 0.001117, 0.001318, 0.001093, 0.001353, 0.001030, 0.001209, 0.001023, 0.001223, 0.001091, 0.001246
2 , 1, 1, 1, 1, 1, 1, 1
2 , 0.009134, 0.010381, 0.013578, 0.013361, 0.013110, 0.012336, 0.012987
3 , 0.001312, 0.001468, 0.001316, 0.001504, 0.001468, 0.001557, 0.001614, 0.001417, 0.001721, 0.001527, 0.001612, 0.001509, 0.001429, 0.001662, 0.001507, 0.001584, 0.001446, 0.001394, 0.001546, 0.001345, 0.001348, 0.001318, 0.001305, 0.001625, 0.000804, 0.001835, 0.001558, 0.001593, 0.001485, 0.001584, 0.001252, 0.001438, 0.001161, 0.001370, 0.001117, 0.001318, 0.001093, 0.001353, 0.001030, 0.001209, 0.001023, 0.001223, 0.001091, 0.001246, 0.001039, 0.001218, 0.001111, 0.001195, 0.001227, 0.000132, 0.001170, 0.001383, 0.001393, 0.001273, 0.001511, 0.001324, 0.001381, 0.001342, 0.001173, 0.001584, 0.001488, 0.001479, 0.001423, 0.001434, 0.001573, 0.001252, 0.001272, 0.001318, 0.001325, 0.001358, 0.001209, 0.001361, 0.001118, 0.001914, 0.000324, 0.001660, 0.001393, 0.001378, 0.001232, 0.001343, 0.001172, 0.001089, 0.001068, 0.001149, 0.001112, 0.001051, 0.001021, 0.001032, 0.001122, 0.001024, 0.001156, 0.001153
3 , 1, 1, 1, 1, 1, 1, 1
3 , 0.003876, 0.005860, 0.006538, 0.006874, 0.007251, 0.007735, 0.010253
4 , 0.001393, 0.001273, 0.001511, 0.001324, 0.001381, 0.001342, 0.001173, 0.001584, 0.001488, 0.001479, 0.001423, 0.001434, 0.001573, 0.001252, 0.001272, 0.001318, 0.001325, 0.001358, 0.001209, 0.001361, 0.001118, 0.001914, 0.000324, 0.001660, 0.001393, 0.001378, 0.001232, 0.001343, 0.001172, 0.001089, 0.001068, 0.001149, 0.001112, 0.001051, 0.001021, 0.001032, 0.001122, 0.001024, 0.001156, 0.001153, 0.001253, 0.001079, 0.001339, 0.001246, 0.001391, 0.000854, 0.000567, 0.001174, 0.001219, 0.001219, 0.001136, 0.001428, 0.001259, 0.001454, 0.001262, 0.001391, 0.001441, 0.001361, 0.001583, 0.001401, 0.001477, 0.001537, 0.001428, 0.001391, 0.001295, 0.001507, 0.001464, 0.001332, 0.001216, 0.001457, 0.001165, 0.001221, 0.001604, 0.001550, 0.001637, 0.001404, 0.001508, 0.001197, 0.001366, 0.001163, 0.001440, 0.001343, 0.001512, 0.001274, 0.001473, 0.001223, 0.001409, 0.001280, 0.001367, 0.001065, 0.001242, 0.001221
4 , 2, 2, 2, 1, 1, 1, 1
4 , 0.003974, 0.005199, 0.004592, 0.006393, 0.004393, 0.006123, 0.006827
5 , 0.001259, 0.001454, 0.001262, 0.001391, 0.001441, 0.001361, 0.001583, 0.001401, 0.001477, 0.001537, 0.001428, 0.001391, 0.001295, 0.001507, 0.001464, 0.001332, 0.001216, 0.001457, 0.001165, 0.001221, 0.001604, 0.001550, 0.001637, 0.001404, 0.001508, 0.001197, 0.001366, 0.001163, 0.001440, 0.001343, 0.001512, 0.001274, 0.001473, 0.001223, 0.001409, 0.001280, 0.001367, 0.001065, 0.001242, 0.001221, 0.001348, 0.001088, 0.001234, 0.001277, 0.000237, 0.001160, 0.001303, 0.001479, 0.001211, 0.001398, 0.001559, 0.001435, 0.001591, 0.001416, 0.001688, 0.001660, 0.001542, 0.001748, 0.001549, 0.001790, 0.001500, 0.001646, 0.001697, 0.001513, 0.001834, 0.001534, 0.001486, 0.001465, 0.001600, 0.000324, 0.001422, 0.001325, 0.001320, 0.001144, 0.001342, 0.001207, 0.001263, 0.001322, 0.001141, 0.001185, 0.001305, 0.001313, 0.001266, 0.001289, 0.001331, 0.001310, 0.001327, 0.001443, 0.001206, 0.001438, 0.001275, 0.001549
5 , 1, 1, 1, 1, 1, 1, 1
5 , 0.005810, 0.008322, 0.007446, 0.007808, 0.009099, 0.009804, 0.009983
6 , 0.001591, 0.001416, 0.001688, 0.001660, 0.001542, 0.001748, 0.001549, 0.001790, 0.001500, 0.001646, 0.001697, 0.001513, 0.001834, 0.001534, 0.001486, 0.001465, 0.001600, 0.000324, 0.001422, 0.001325, 0.001320, 0.001144, 0.001342, 0.001207, 0.001263, 0.001322, 0.001141, 0.001185, 0.001305, 0.001313, 0.001266, 0.001289, 0.001331, 0.001310, 0.001327, 0.001443, 0.001206, 0.001438, 0.001275, 0.001549, 0.000418, 0.000866, 0.001066, 0.001072, 0.001354, 0.001277, 0.001533, 0.001368, 0.001417, 0.001394, 0.001272, 0.001513, 0.001281, 0.001457, 0.001354, 0.001417, 0.001589, 0.001397, 0.001553, 0.001391, 0.001331, 0.001430, 0.001481, 0.001419, 0.001590, 0.000237, 0.001611, 0.001628, 0.001576, 0.001528, 0.001373, 0.001446, 0.001338, 0.001373, 0.001075, 0.001292, 0.001158, 0.001432, 0.001174, 0.001383, 0.001120, 0.001223, 0.001026, 0.001184, 0.000954, 0.001183, 0.000867, 0.001011, 0.000907, 0.001214, 0.000748, 0.000782
6 , 1, 1, 1, 1, 1, 1, 1
6 , 0.010342, 0.010823, 0.011658, 0.011410, 0.011179, 0.010619, 0.009965
7 , 0.001417, 0.001394, 0.001272, 0.001513, 0.001281, 0.001457, 0.001354, 0.001417, 0.001589, 0.001397, 0.001553, 0.001391, 0.001331, 0.001430, 0.001481, 0.001419, 0.001590, 0.000237, 0.001611, 0.001628, 0.001576, 0.001528, 0.001373, 0.001446, 0.001338, 0.001373, 0.001075, 0.001292, 0.001158, 0.001432, 0.001174, 0.001383, 0.001120, 0.001223, 0.001026, 0.001184, 0.000954, 0.001183, 0.000867, 0.001011, 0.000907, 0.001214, 0.000748, 0.000782, 0.001481, 0.001400, 0.001451, 0.001465, 0.001381, 0.001667, 0.001541, 0.001596, 0.001225, 0.001369, 0.001575, 0.001380, 0.001453, 0.001231, 0.001470, 0.001513, 0.001477, 0.001537, 0.001281, 0.001401, 0.001441, 0.001378, 0.001470, 0.000829, 0.001131, 0.001577, 0.001519, 0.001564, 0.001317, 0.001425, 0.001270, 0.001374, 0.001167, 0.001408, 0.001279, 0.001399, 0.001283, 0.001192, 0.001236, 0.001142, 0.001230, 0.001188, 0.001297, 0.001211, 0.001276, 0.001042, 0.001309, 0.000225
7 , 1, 1, 1, 1, 1, 1, 1
7 , 0.006842, 0.007080, 0.007745, 0.009346, 0.009869, 0.009942, 0.009602
8 , 0.001596, 0.001225, 0.001369, 0.001575, 0.001380, 0.001453, 0.001231, 0.001470, 0.001513, 0.001477, 0.001537, 0.001281, 0.001401, 0.001441, 0.001378, 0.001470, 0.000829, 0.001131, 0.001577, 0.001519, 0.001564, 0.001317, 0.001425, 0.001270, 0.001374, 0.001167, 0.001408, 0.001279, 0.001399, 0.001283, 0.001192, 0.001236, 0.001142, 0.001230, 0.001188, 0.001297, 0.001211, 0.001276, 0.001042, 0.001309, 0.000225, 0.001003, 0.001299, 0.001262, 0.001301, 0.001155, 0.001383, 0.001516, 0.001447, 0.001527, 0.001369, 0.001569, 0.001420, 0.001404, 0.001423, 0.001238, 0.001576, 0.001464, 0.001361, 0.001315, 0.001315, 0.001638, 0.001365, 0.001534, 0.001426, 0.000535, 0.001441, 0.001503, 0.001334, 0.001315, 0.001315, 0.001355, 0.001181, 0.001311, 0.001220, 0.001429, 0.001160, 0.001306, 0.001153, 0.001427, 0.001262, 0.001408, 0.001156, 0.001532, 0.001241, 0.001568, 0.001179, 0.001498, 0.001288, 0.001588, 0.000633, 0.000672
8 , 1, 1, 1, 1, 1, 1, 1
8 , 0.005595, 0.005732, 0.006881, 0.007165, 0.007003, 0.006566, 0.006434
9 , 0.001527, 0.001369, 0.001569, 0.001420, 0.001404, 0.001423, 0.001238, 0.001576, 0.001464, 0.001361, 0.001315, 0.001315, 0.001638, 0.001365, 0.001534, 0.001426, 0.000535, 0.001441, 0.001503, 0.001334, 0.001315, 0.001315, 0.001355, 0.001181, 0.001311, 0.001220, 0.001429, 0.001160, 0.001306, 0.001153, 0.001427, 0.001262, 0.001408, 0.001156, 0.001532, 0.001241, 0.001568, 0.001179, 0.001498, 0.001288, 0.001588, 0.000633, 0.000672, 0.001093, 0.001219, 0.001076, 0.001219, 0.001007, 0.001411, 0.001370, 0.001224, 0.001247, 0.001330, 0.001575, 0.001395, 0.001468, 0.001344, 0.001418, 0.001623, 0.001559, 0.001655, 0.001440, 0.001381, 0.001559, 0.001515, 0.001928, 0.000255, 0.001209, 0.001543, 0.001462, 0.001513, 0.001262, 0.001365, 0.001221, 0.001332, 0.001274, 0.001243, 0.001111, 0.001248, 0.001209, 0.001218, 0.001179, 0.001434, 0.001323, 0.001345, 0.001203, 0.001322, 0.001417, 0.001364, 0.001225, 0.000537, 0.001032
9 , 1, 1, 1, 1, 1, 1, 1
9 , 0.003987, 0.004695, 0.006044, 0.006783, 0.007317, 0.007234, 0.006797
10 , 0.001224, 0.001247, 0.001330, 0.001575, 0.001395, 0.001468, 0.001344, 0.001418, 0.001623, 0.001559, 0.001655, 0.001440, 0.001381, 0.001559, 0.001515, 0.001928, 0.000255, 0.001209, 0.001543, 0.001462, 0.001513, 0.001262, 0.001365, 0.001221, 0.001332, 0.001274, 0.001243, 0.001111, 0.001248, 0.001209, 0.001218, 0.001179, 0.001434, 0.001323, 0.001345, 0.001203, 0.001322, 0.001417, 0.001364, 0.001225, 0.000537, 0.001032, 0.001159, 0.000984, 0.001189, 0.001027, 0.001080, 0.001331, 0.001146, 0.001265, 0.001073, 0.001271, 0.001307, 0.001136, 0.001232, 0.001216, 0.001451, 0.001358, 0.001371, 0.001411, 0.001272, 0.001481, 0.001295, 0.001446, 0.001387, 0.001472, 0.001448, 0.001006, 0.001543, 0.001350, 0.001373, 0.001290, 0.001362, 0.001176, 0.001260, 0.001105, 0.001281, 0.001046, 0.001397, 0.001079, 0.001274, 0.000923, 0.001229, 0.001248, 0.001364, 0.001242, 0.001509, 0.001309, 0.001477, 0.001385, 0.001519, 0.001523
10 , 2, 1, 1, 1, 1, 1, 1
10 , 0.003468, 0.004547, 0.005289, 0.005507, 0.005384, 0.005676, 0.005279
11 , 0.001271, 0.001307, 0.001136, 0.001232, 0.001216, 0.001451, 0.001358, 0.001371, 0.001411, 0.001272, 0.001481, 0.001295, 0.001446, 0.001387, 0.001472, 0.001448, 0.001006, 0.001543, 0.001350, 0.001373, 0.001290, 0.001362, 0.001176, 0.001260, 0.001105, 0.001281, 0.001046, 0.001397, 0.001079, 0.001274, 0.000923, 0.001229, 0.001248, 0.001364, 0.001242, 0.001509, 0.001309, 0.001477, 0.001385, 0.001519, 0.001523, 0.001545, 0.001334, 0.001554, 0.001524, 0.001684, 0.001464, 0.001559, 0.001502, 0.001425, 0.001442, 0.001463, 0.001390, 0.001454, 0.001467, 0.001390, 0.001437, 0.001454, 0.001549, 0.001480, 0.001516, 0.001287, 0.001490, 0.001412, 0.001425, 0.001248, 0.001387, 0.001331, 0.001500, 0.001245, 0.001423, 0.001221, 0.001341, 0.001090, 0.001302, 0.001091, 0.001205, 0.000973, 0.001288, 0.001027, 0.001183, 0.000973, 0.001168, 0.001084, 0.001260, 0.001051, 0.001322, 0.001095, 0.001301, 0.001204, 0.001428, 0.001351
11 , 1, 1, 3, 1, 3, 3, 3
11 , 0.005769, 0.006116, 0.005483, 0.005344, 0.005106, 0.005198, 0.004759
12 , 0.001559, 0.001502, 0.001425, 0.001442, 0.001463, 0.001390, 0.001454, 0.001467, 0.001390, 0.001437, 0.001454, 0.001549, 0.001480, 0.001516, 0.001287, 0.001490, 0.001412, 0.001425, 0.001248, 0.001387, 0.001331, 0.001500, 0.001245, 0.001423, 0.001221, 0.001341, 0.001090, 0.001302, 0.001091, 0.001205, 0.000973, 0.001288, 0.001027, 0.001183, 0.000973, 0.001168, 0.001084, 0.001260, 0.001051, 0.001322, 0.001095, 0.001301, 0.001204, 0.001428, 0.001351, 0.001580, 0.001377, 0.001545, 0.001480, 0.001610, 0.001437, 0.001441, 0.001411, 0.001467, 0.001394, 0.001584, 0.001493, 0.001442, 0.001394, 0.001430, 0.001399, 0.001434, 0.001426, 0.001340, 0.001393, 0.001330, 0.001257, 0.001232, 0.001306, 0.001164, 0.001183, 0.001111, 0.001211, 0.001132, 0.001232, 0.001095, 0.001129, 0.001089, 0.001118, 0.001043, 0.001208, 0.001003, 0.001218, 0.000942, 0.001213, 0.001048, 0.001233, 0.001219, 0.001218, 0.001114, 0.001305, 0.001077
12 , 1, 1, 1, 1, 1, 1, 1
12 , 0.011703, 0.011748, 0.010591, 0.010663, 0.009469, 0.009157, 0.007875
13 , 0.001545, 0.001480, 0.001610, 0.001437, 0.001441, 0.001411, 0.001467, 0.001394, 0.001584, 0.001493, 0.001442, 0.001394, 0.001430, 0.001399, 0.001434, 0.001426, 0.001340, 0.001393, 0.001330, 0.001257, 0.001232, 0.001306, 0.001164, 0.001183, 0.001111, 0.001211, 0.001132, 0.001232, 0.001095, 0.001129, 0.001089, 0.001118, 0.001043, 0.001208, 0.001003, 0.001218, 0.000942, 0.001213, 0.001048, 0.001233, 0.001219, 0.001218, 0.001114, 0.001305, 0.001077, 0.001257, 0.001118, 0.001343, 0.001125, 0.001290, 0.001130, 0.001336, 0.001132, 0.001406, 0.001285, 0.001445, 0.001151, 0.001276, 0.001162, 0.001478, 0.001149, 0.001399, 0.001149, 0.001348, 0.001242, 0.001479, 0.001313, 0.001507, 0.001343, 0.001476, 0.001415, 0.001580, 0.001411, 0.001554, 0.001420, 0.001558, 0.001441, 0.001523, 0.001364, 0.001507, 0.001489, 0.001459, 0.001399, 0.001541, 0.001451, 0.001360, 0.001348, 0.001452, 0.001340, 0.001379, 0.001302, 0.001320
13 , 2, 2, 2, 2, 2, 2, 2
13 , 0.010508, 0.010365, 0.009599, 0.009324, 0.008328, 0.007591, 0.006331
14 , 0.001118, 0.001343, 0.001125, 0.001290, 0.001130, 0.001336, 0.001132, 0.001406, 0.001285, 0.001445, 0.001151, 0.001276, 0.001162, 0.001478, 0.001149, 0.001399, 0.001149, 0.001348, 0.001242, 0.001479, 0.001313, 0.001507, 0.001343, 0.001476, 0.001415, 0.001580, 0.001411, 0.001554, 0.001420, 0.001558, 0.001441, 0.001523, 0.001364, 0.001507, 0.001489, 0.001459, 0.001399, 0.001541, 0.001451, 0.001360, 0.001348, 0.001452, 0.001340, 0.001379, 0.001302, 0.001320, 0.001380, 0.001199, 0.001234, 0.001109, 0.001188, 0.001169, 0.001290, 0.001134, 0.001229, 0.001248, 0.001364, 0.001251, 0.001351, 0.001268, 0.001369, 0.001269, 0.001369, 0.001298, 0.001458, 0.001307, 0.001497, 0.001396, 0.001565, 0.001370, 0.001518, 0.001349, 0.001511, 0.001320, 0.001438, 0.001174, 0.001336, 0.001206, 0.001380, 0.001262, 0.001431, 0.001299, 0.001613, 0.001246, 0.001523, 0.001224, 0.001502, 0.001375, 0.001496, 0.001305, 0.001491, 0.001266
14 , 0, 0, 0, 0, 0, 0, 0
14 , 0.006648, 0.005775, 0.005617, 0.004851, 0.004488, 0.003491, 0.002762
15 , 0.001380, 0.001199, 0.001234, 0.001109, 0.001188, 0.001169, 0.001290, 0.001134, 0.001229, 0.001248, 0.001364, 0.001251, 0.001351, 0.001268, 0.001369, 0.001269, 0.001369, 0.001298, 0.001458, 0.001307, 0.001497, 0.001396, 0.001565, 0.001370, 0.001518, 0.001349, 0.001511, 0.001320, 0.001438, 0.001174, 0.001336, 0.001206, 0.001380, 0.001262, 0.001431, 0.001299, 0.001613, 0.001246, 0.001523, 0.001224, 0.001502, 0.001375, 0.001496, 0.001305, 0.001491, 0.001266, 0.001503, 0.001166, 0.001399, 0.001209, 0.001438, 0.001274, 0.001487, 0.001176, 0.001505, 0.001259, 0.001339, 0.001171, 0.001304, 0.001153, 0.001202, 0.001102, 0.001267, 0.001042, 0.001313, 0.001139, 0.001223, 0.001118, 0.001192, 0.001093, 0.001355, 0.001348, 0.001313, 0.001195, 0.001250, 0.001262, 0.001353, 0.001325, 0.001367, 0.001191, 0.001376, 0.001428, 0.001400, 0.001391, 0.001322, 0.001426, 0.001319, 0.001354, 0.001281, 0.001320, 0.001290, 0.001406
15 , 0, 0, 0, 0, 0, 0, 0
15 , 0.003461, 0.004144, 0.004090, 0.004322, 0.003532, 0.003603, 0.003300
16 , 0.001209, 0.001438, 0.001274, 0.001487, 0.001176, 0.001505, 0.001259, 0.001339, 0.001171, 0.001304, 0.001153, 0.001202, 0.001102, 0.001267, 0.001042, 0.001313, 0.001139, 0.001223, 0.001118, 0.001192, 0.001093, 0.001355, 0.001348, 0.001313, 0.001195, 0.001250, 0.001262, 0.001353, 0.001325, 0.001367, 0.001191, 0.001376, 0.001428, 0.001400, 0.001391, 0.001322, 0.001426, 0.001319, 0.001354, 0.001281, 0.001320, 0.001290, 0.001406, 0.001323, 0.001440, 0.001470, 0.001488, 0.001406, 0.001402, 0.001302, 0.001416, 0.001320, 0.001406, 0.001325, 0.001394, 0.001378, 0.001496, 0.001225, 0.001318, 0.001113, 0.001348, 0.001035, 0.001165, 0.001081, 0.001295, 0.001186, 0.001346, 0.001111, 0.001325, 0.001160, 0.001321, 0.001167, 0.001387, 0.001162, 0.001422, 0.001190, 0.001332, 0.001174, 0.001404, 0.001246, 0.001506, 0.001212, 0.001479, 0.001305, 0.001526, 0.001434, 0.001455, 0.001407, 0.001537, 0.001270, 0.001598, 0.001313
16 , 0, 0, 0, 0, 0, 0, 0
16 , 0.001778, 0.002395, 0.003593, 0.003931, 0.004324, 0.004401, 0.004975
