0 , 0.001482, 0.001461, 0.001585, 0.001486, 0.001692, 0.001740, 0.001726, 0.001673, 0.001504, 0.001900, 0.001664, 0.001669, 0.001647, 0.001624, 0.001802, 0.001619, 0.001713, 0.001617, 0.001674, 0.001724, 0.001586, 0.001555, 0.001853, 0.000367, 0.001342, 0.001407, 0.001438, 0.001274, 0.001170, 0.001261, 0.001058, 0.001231, 0.001127, 0.001244, 0.000934, 0.001320, 0.001030, 0.001277, 0.001013, 0.001261, 0.001006, 0.001256, 0.001006, 0.001150, 0.000994, 0.001192, 0.001029, 0.001085, 0.000691, 0.000863, 0.001439, 0.001488, 0.001602, 0.001675, 0.001572, 0.001884, 0.001605, 0.001587, 0.001573, 0.001615, 0.001731, 0.001567, 0.001701, 0.001488, 0.001575, 0.001625, 0.001582, 0.001751, 0.001536, 0.001537, 0.001613, 0.001384, 0.001722, 0.000883, 0.001058, 0.001632, 0.001385, 0.001549, 0.001385, 0.001359, 0.001200, 0.001381, 0.001308, 0.001364, 0.001282, 0.001351, 0.001390, 0.001334, 0.001256, 0.001252, 0.001347, 0.001385
0 , 1, 1, 1, 1, 1, 1, 1
0 , 0.008954, 0.010912, 0.013230, 0.015082, 0.016623, 0.016894, 0.016747
1 , 0.001488, 0.001602, 0.001675, 0.001572, 0.001884, 0.001605, 0.001587, 0.001573, 0.001615, 0.001731, 0.001567, 0.001701, 0.001488, 0.001575, 0.001625, 0.001582, 0.001751, 0.001536, 0.001537, 0.001613, 0.001384, 0.001722, 0.000883, 0.001058, 0.001632, 0.001385, 0.001549, 0.001385, 0.001359, 0.001200, 0.001381, 0.001308, 0.001364, 0.001282, 0.001351, 0.001390, 0.001334, 0.001256, 0.001252, 0.001347, 0.001385, 0.001281, 0.001062, 0.001286, 0.001161, 0.001424, 0.000380, 0.001148, 0.001308, 0.001257, 0.001467, 0.001330, 0.001538, 0.001628, 0.001514, 0.001795, 0.001516, 0.001724, 0.001800, 0.001781, 0.001852, 0.001609, 0.001899, 0.001828, 0.001762, 0.001866, 0.001785, 0.002020, 0.001807, 0.001845, 0.001871, 0.001766, 0.002177, 0.000232, 0.001335, 0.001217, 0.001231, 0.001071, 0.001320, 0.001085, 0.001365, 0.001114, 0.001282, 0.001040, 0.001476, 0.001148, 0.001334, 0.001382, 0.001451, 0.001288, 0.001576, 0.001377
1 , 1, 1, 1, 1, 1, 1, 1
1 , 0.009087, 0.011625, 0.012795, 0.016403, 0.016418, 0.017324, 0.015377
2 , 0.001330, 0.001538, 0.001628, 0.001514, 0.001795, 0.001516, 0.001724, 0.001800, 0.001781, 0.001852, 0.001609, 0.001899, 0.001828, 0.001762, 0.001866, 0.001785, 0.002020, 0.001807, 0.001845, 0.001871, 0.001766, 0.002177, 0.000232, 0.001335, 0.001217, 0.001231, 0.001071, 0.001320, 0.001085, 0.001365, 0.001114, 0.001282, 0.001040, 0.001476, 0.001148, 0.001334, 0.001382, 0.001451, 0.001288, 0.001576, 0.001377, 0.001498, 0.001347, 0.001485, 0.001593, 0.001402, 0.001466, 0.000570, 0.000838, 0.001179, 0.001345, 0.001067, 0.001192, 0.001447, 0.001549, 0.001552, 0.001514, 0.001722, 0.001644, 0.001713, 0.001644, 0.001645, 0.002039, 0.001813, 0.001940, 0.001889, 0.001696, 0.001968, 0.001836, 0.001998, 0.001670, 0.002211, 0.000897, 0.001260, 0.001124, 0.001105, 0.000961, 0.001102, 0.000986, 0.001007, 0.001129, 0.000980, 0.000987, 0.000978, 0.001147, 0.001036, 0.001182, 0.000983, 0.001117, 0.001021, 0.001243, 0.001010
2 , 1, 1, 1, 1, 1, 1, 1
2 , 0.014197, 0.016095, 0.018318, 0.020602, 0.021734, 0.021931, 0.021498
3 , 0.001067, 0.001192, 0.001447, 0.001549, 0.001552, 0.001514, 0.001722, 0.001644, 0.001713, 0.001644, 0.001645, 0.002039, 0.001813, 0.001940, 0.001889, 0.001696, 0.001968, 0.001836, 0.001998, 0.001670, 0.002211, 0.000897, 0.001260, 0.001124, 0.001105, 0.000961, 0.001102, 0.000986, 0.001007, 0.001129, 0.000980, 0.000987, 0.000978, 0.001147, 0.001036, 0.001182, 0.000983, 0.001117, 0.001021, 0.001243, 0.001010, 0.001282, 0.001053, 0.001401, 0.000759, 0.000748, 0.001453, 0.001486, 0.001497, 0.001444, 0.001795, 0.001633, 0.001676, 0.001619, 0.001610, 0.001859, 0.001587, 0.001770, 0.001535, 0.001443, 0.001647, 0.001575, 0.001635, 0.001453, 0.001569, 0.001625, 0.001591, 0.001658, 0.001735, 0.001505, 0.000925, 0.001315, 0.001152, 0.001080, 0.001066, 0.001108, 0.000872, 0.001026, 0.000731, 0.001091, 0.000904, 0.001075, 0.000887, 0.001171, 0.001004, 0.001289, 0.001089, 0.001308, 0.001161, 0.001402, 0.001269, 0.001411
3 , 1, 1, 1, 1, 1, 1, 1
3 , 0.019533, 0.022582, 0.026069, 0.024050, 0.023969, 0.023028, 0.021616
4 , 0.001497, 0.001444, 0.001795, 0.001633, 0.001676, 0.001619, 0.001610, 0.001859, 0.001587, 0.001770, 0.001535, 0.001443, 0.001647, 0.001575, 0.001635, 0.001453, 0.001569, 0.001625, 0.001591, 0.001658, 0.001735, 0.001505, 0.000925, 0.001315, 0.001152, 0.001080, 0.001066, 0.001108, 0.000872, 0.001026, 0.000731, 0.001091, 0.000904, 0.001075, 0.000887, 0.001171, 0.001004, 0.001289, 0.001089, 0.001308, 0.001161, 0.001402, 0.001269, 0.001411, 0.001191, 0.001307, 0.001446, 0.000108, 0.001157, 0.001235, 0.001330, 0.001296, 0.001459, 0.001674, 0.001575, 0.001836, 0.001609, 0.001906, 0.001899, 0.001862, 0.001824, 0.001767, 0.002040, 0.001803, 0.001691, 0.001720, 0.001723, 0.001890, 0.001746, 0.001845, 0.001787, 0.001902, 0.000074, 0.001331, 0.001094, 0.001227, 0.001048, 0.001104, 0.000983, 0.001089, 0.001010, 0.001122, 0.001103, 0.001024, 0.001182, 0.001013, 0.001089, 0.001068, 0.001061, 0.001126, 0.001161, 0.000941
4 , 1, 1, 1, 1, 1, 1, 1
4 , 0.017468, 0.020018, 0.021947, 0.023210, 0.025877, 0.023992, 0.023519
5 , 0.001330, 0.001296, 0.001459, 0.001674, 0.001575, 0.001836, 0.001609, 0.001906, 0.001899, 0.001862, 0.001824, 0.001767, 0.002040, 0.001803, 0.001691, 0.001720, 0.001723, 0.001890, 0.001746, 0.001845, 0.001787, 0.001902, 0.000074, 0.001331, 0.001094, 0.001227, 0.001048, 0.001104, 0.000983, 0.001089, 0.001010, 0.001122, 0.001103, 0.001024, 0.001182, 0.001013, 0.001089, 0.001068, 0.001061, 0.001126, 0.001161, 0.000941, 0.001272, 0.000904, 0.001172, 0.000261, 0.001048, 0.001317, 0.001313, 0.001384, 0.001340, 0.001621, 0.001490, 0.001549, 0.001618, 0.001463, 0.001718, 0.001503, 0.001602, 0.001556, 0.001371, 0.001692, 0.001526, 0.001622, 0.001396, 0.001490, 0.001606, 0.001503, 0.001468, 0.001546, 0.000497, 0.001278, 0.001433, 0.001438, 0.001395, 0.001149, 0.001306, 0.001116, 0.001250, 0.001013, 0.001247, 0.001069, 0.001235, 0.001001, 0.001331, 0.001157, 0.001352, 0.001096, 0.001129, 0.000848, 0.001293, 0.001013
5 , 1, 1, 1, 1, 1, 1, 1
5 , 0.015243, 0.018568, 0.022262, 0.022715, 0.020358, 0.020922, 0.020580
6 , 0.001384, 0.001340, 0.001621, 0.001490, 0.001549, 0.001618, 0.001463, 0.001718, 0.001503, 0.001602, 0.001556, 0.001371, 0.001692, 0.001526, 0.001622, 0.001396, 0.001490, 0.001606, 0.001503, 0.001468, 0.001546, 0.000497, 0.001278, 0.001433, 0.001438, 0.001395, 0.001149, 0.001306, 0.001116, 0.001250, 0.001013, 0.001247, 0.001069, 0.001235, 0.001001, 0.001331, 0.001157, 0.001352, 0.001096, 0.001129, 0.000848, 0.001293, 0.001013, 0.001096, 0.001043, 0.001180, 0.000899, 0.000822, 0.001338, 0.001425, 0.001457, 0.001425, 0.001329, 0.001676, 0.001628, 0.001745, 0.001555, 0.001674, 0.001825, 0.001601, 0.001584, 0.001507, 0.001610, 0.001587, 0.001603, 0.001722, 0.001466, 0.001724, 0.001795, 0.001743, 0.001976, 0.001281, 0.000677, 0.001256, 0.001234, 0.001246, 0.001056, 0.001175, 0.000779, 0.000953, 0.001009, 0.000898, 0.000878, 0.000902, 0.000787, 0.000892, 0.000822, 0.000827, 0.000913, 0.000827, 0.000867, 0.000832
6 , 1, 1, 1, 1, 1, 1, 1
6 , 0.015297, 0.017863, 0.019896, 0.020899, 0.022028, 0.021477, 0.021344
7 , 0.001457, 0.001425, 0.001329, 0.001676, 0.001628, 0.001745, 0.001555, 0.001674, 0.001825, 0.001601, 0.001584, 0.001507, 0.001610, 0.001587, 0.001603, 0.001722, 0.001466, 0.001724, 0.001795, 0.001743, 0.001976, 0.001281, 0.000677, 0.001256, 0.001234, 0.001246, 0.001056, 0.001175, 0.000779, 0.000953, 0.001009, 0.000898, 0.000878, 0.000902, 0.000787, 0.000892, 0.000822, 0.000827, 0.000913, 0.000827, 0.000867, 0.000832, 0.000963, 0.000756, 0.001050, 0.000457, 0.001546, 0.001647, 0.001606, 0.001628, 0.001540, 0.001738, 0.001752, 0.001631, 0.001681, 0.001633, 0.001853, 0.001631, 0.001731, 0.001672, 0.001599, 0.001839, 0.001626, 0.001715, 0.001679, 0.001626, 0.001763, 0.001687, 0.001785, 0.001771, 0.000194, 0.001252, 0.001261, 0.001291, 0.001096, 0.001178, 0.001222, 0.000992, 0.001250, 0.001111, 0.001250, 0.000956, 0.001229, 0.000935, 0.001336, 0.001050, 0.001249, 0.001127, 0.001330, 0.001079, 0.001425, 0.001140
7 , 1, 1, 1, 1, 1, 1, 1
7 , 0.022013, 0.025068, 0.028888, 0.026182, 0.023898, 0.023220, 0.022309
8 , 0.001606, 0.001628, 0.001540, 0.001738, 0.001752, 0.001631, 0.001681, 0.001633, 0.001853, 0.001631, 0.001731, 0.001672, 0.001599, 0.001839, 0.001626, 0.001715, 0.001679, 0.001626, 0.001763, 0.001687, 0.001785, 0.001771, 0.000194, 0.001252, 0.001261, 0.001291, 0.001096, 0.001178, 0.001222, 0.000992, 0.001250, 0.001111, 0.001250, 0.000956, 0.001229, 0.000935, 0.001336, 0.001050, 0.001249, 0.001127, 0.001330, 0.001079, 0.001425, 0.001140, 0.001390, 0.001075, 0.001377, 0.000515, 0.000973, 0.001265, 0.001397, 0.001388, 0.001381, 0.001285, 0.001679, 0.001414, 0.001496, 0.001442, 0.001601, 0.001766, 0.001711, 0.001832, 0.001532, 0.001715, 0.001834, 0.001546, 0.001671, 0.001516, 0.001715, 0.001724, 0.001623, 0.001877, 0.000521, 0.001015, 0.001292, 0.001181, 0.001091, 0.000886, 0.001096, 0.000850, 0.000969, 0.000823, 0.000958, 0.000813, 0.001004, 0.000824, 0.000985, 0.000911, 0.001018, 0.000813, 0.001043, 0.001020
8 , 1, 1, 1, 1, 1, 1, 1
8 , 0.017017, 0.019772, 0.022053, 0.023421, 0.023768, 0.022604, 0.021936
9 , 0.001397, 0.001388, 0.001381, 0.001285, 0.001679, 0.001414, 0.001496, 0.001442, 0.001601, 0.001766, 0.001711, 0.001832, 0.001532, 0.001715, 0.001834, 0.001546, 0.001671, 0.001516, 0.001715, 0.001724, 0.001623, 0.001877, 0.000521, 0.001015, 0.001292, 0.001181, 0.001091, 0.000886, 0.001096, 0.000850, 0.000969, 0.000823, 0.000958, 0.000813, 0.001004, 0.000824, 0.000985, 0.000911, 0.001018, 0.000813, 0.001043, 0.001020, 0.001156, 0.001136, 0.001150, 0.000944, 0.000888, 0.001364, 0.001578, 0.001413, 0.001546, 0.001519, 0.001768, 0.001644, 0.001544, 0.001584, 0.001492, 0.001615, 0.001595, 0.001655, 0.001680, 0.001445, 0.001774, 0.001536, 0.001622, 0.001493, 0.001328, 0.001510, 0.001434, 0.001566, 0.001437, 0.001676, 0.001492, 0.001015, 0.001534, 0.001373, 0.001335, 0.001235, 0.001388, 0.001244, 0.001327, 0.001108, 0.001256, 0.001131, 0.001235, 0.000983, 0.001208, 0.000957, 0.001213, 0.000957, 0.001180, 0.001050
9 , 1, 1, 1, 1, 1, 1, 1
9 , 0.014581, 0.017125, 0.019463, 0.022001, 0.021126, 0.020563, 0.019763
10 , 0.001413, 0.001546, 0.001519, 0.001768, 0.001644, 0.001544, 0.001584, 0.001492, 0.001615, 0.001595, 0.001655, 0.001680, 0.001445, 0.001774, 0.001536, 0.001622, 0.001493, 0.001328, 0.001510, 0.001434, 0.001566, 0.001437, 0.001676, 0.001492, 0.001015, 0.001534, 0.001373, 0.001335, 0.001235, 0.001388, 0.001244, 0.001327, 0.001108, 0.001256, 0.001131, 0.001235, 0.000983, 0.001208, 0.000957, 0.001213, 0.000957, 0.001180, 0.001050, 0.001143, 0.001033, 0.001208, 0.000917, 0.001147, 0.000922, 0.001078, 0.001064, 0.001150, 0.000999, 0.001143, 0.000985, 0.001161, 0.001139, 0.001143, 0.001078, 0.001203, 0.001108, 0.001107, 0.001181, 0.001158, 0.001322, 0.001240, 0.001252, 0.001239, 0.001334, 0.001114, 0.001343, 0.001234, 0.001282, 0.001295, 0.001257, 0.001058, 0.001201, 0.001062, 0.001184, 0.001045, 0.001345, 0.000983, 0.001314, 0.001033, 0.001143, 0.001017, 0.001106, 0.000878, 0.001182, 0.001008, 0.001152, 0.000948
10 , 2, 2, 2, 1, 1, 1, 1
10 , 0.007099, 0.007419, 0.008112, 0.007884, 0.008617, 0.009634, 0.009338
11 , 0.001150, 0.000999, 0.001143, 0.000985, 0.001161, 0.001139, 0.001143, 0.001078, 0.001203, 0.001108, 0.001107, 0.001181, 0.001158, 0.001322, 0.001240, 0.001252, 0.001239, 0.001334, 0.001114, 0.001343, 0.001234, 0.001282, 0.001295, 0.001257, 0.001058, 0.001201, 0.001062, 0.001184, 0.001045, 0.001345, 0.000983, 0.001314, 0.001033, 0.001143, 0.001017, 0.001106, 0.000878, 0.001182, 0.001008, 0.001152, 0.000948, 0.001379, 0.001140, 0.001242, 0.001013, 0.001270, 0.001053, 0.001342, 0.001062, 0.001213, 0.000986, 0.001246, 0.001047, 0.001210, 0.001118, 0.001240, 0.001231, 0.001201, 0.001127, 0.001257, 0.001157, 0.001287, 0.001235, 0.001291, 0.001182, 0.001165, 0.001109, 0.001243, 0.001174, 0.001238, 0.001221, 0.001260, 0.001303, 0.001156, 0.001195, 0.001281, 0.001195, 0.001118, 0.001191, 0.001191, 0.001274, 0.001201, 0.001184, 0.001076, 0.001231, 0.001179, 0.001174, 0.001053, 0.001325, 0.001187, 0.001221, 0.001191
11 , 0, 2, 2, 2, 2, 1, 2
11 , 0.000650, 0.000868, 0.001003, 0.001252, 0.001515, 0.001721, 0.001666
12 , 0.001246, 0.001047, 0.001210, 0.001118, 0.001240, 0.001231, 0.001201, 0.001127, 0.001257, 0.001157, 0.001287, 0.001235, 0.001291, 0.001182, 0.001165, 0.001109, 0.001243, 0.001174, 0.001238, 0.001221, 0.001260, 0.001303, 0.001156, 0.001195, 0.001281, 0.001195, 0.001118, 0.001191, 0.001191, 0.001274, 0.001201, 0.001184, 0.001076, 0.001231, 0.001179, 0.001174, 0.001053, 0.001325, 0.001187, 0.001221, 0.001191, 0.001342, 0.001209, 0.001373, 0.001067, 0.001216, 0.001152, 0.001231, 0.000969, 0.001177, 0.000966, 0.000983, 0.000927, 0.001076, 0.000900, 0.001194, 0.000839, 0.001055, 0.000835, 0.001126, 0.000846, 0.001067, 0.000939, 0.001099, 0.000982, 0.001210, 0.001083, 0.001308, 0.001160, 0.001323, 0.001175, 0.001386, 0.001076, 0.001244, 0.001109, 0.001351, 0.001148, 0.001325, 0.001251, 0.001523, 0.001372, 0.001454, 0.001402, 0.001484, 0.001217, 0.001273, 0.001174, 0.001333, 0.001247, 0.001281, 0.001238, 0.001325
12 , 0, 0, 0, 2, 0, 2, 2
12 , 0.006096, 0.005812, 0.005528, 0.005410, 0.005105, 0.005379, 0.005362
13 , 0.001152, 0.001231, 0.000969, 0.001177, 0.000966, 0.000983, 0.000927, 0.001076, 0.000900, 0.001194, 0.000839, 0.001055, 0.000835, 0.001126, 0.000846, 0.001067, 0.000939, 0.001099, 0.000982, 0.001210, 0.001083, 0.001308, 0.001160, 0.001323, 0.001175, 0.001386, 0.001076, 0.001244, 0.001109, 0.001351, 0.001148, 0.001325, 0.001251, 0.001523, 0.001372, 0.001454, 0.001402, 0.001484, 0.001217, 0.001273, 0.001174, 0.001333, 0.001247, 0.001281, 0.001238, 0.001325, 0.001295, 0.001187, 0.001118, 0.001183, 0.001204, 0.001187, 0.001286, 0.001248, 0.001222, 0.001269, 0.001230, 0.001290, 0.001282, 0.001221, 0.001317, 0.001227, 0.001287, 0.001209, 0.001235, 0.001175, 0.001379, 0.001106, 0.001300, 0.001201, 0.001339, 0.001214, 0.001176, 0.001012, 0.001323, 0.001065, 0.001187, 0.001013, 0.001291, 0.001006, 0.001124, 0.000934, 0.001089, 0.000890, 0.001189, 0.001008, 0.001066, 0.000966, 0.001059, 0.000843, 0.001099, 0.000832
13 , 3, 3, 3, 3, 3, 3, 3
13 , 0.008187, 0.008897, 0.009101, 0.009548, 0.009684, 0.009736, 0.009377
14 , 0.001187, 0.001286, 0.001248, 0.001222, 0.001269, 0.001230, 0.001290, 0.001282, 0.001221, 0.001317, 0.001227, 0.001287, 0.001209, 0.001235, 0.001175, 0.001379, 0.001106, 0.001300, 0.001201, 0.001339, 0.001214, 0.001176, 0.001012, 0.001323, 0.001065, 0.001187, 0.001013, 0.001291, 0.001006, 0.001124, 0.000934, 0.001089, 0.000890, 0.001189, 0.001008, 0.001066, 0.000966, 0.001059, 0.000843, 0.001099, 0.000832, 0.001126, 0.000886, 0.001000, 0.000891, 0.001016, 0.000796, 0.000940, 0.000651, 0.001108, 0.000890, 0.001096, 0.000925, 0.001226, 0.001095, 0.001120, 0.000938, 0.001219, 0.001231, 0.001284, 0.001033, 0.001214, 0.001089, 0.001275, 0.001054, 0.001202, 0.001093, 0.001223, 0.001222, 0.001347, 0.001127, 0.001140, 0.001118, 0.001209, 0.001213, 0.001269, 0.001123, 0.001265, 0.001170, 0.001162, 0.001084, 0.001170, 0.001235, 0.001174, 0.001230, 0.001269, 0.001200, 0.001200, 0.001265, 0.001361, 0.001235, 0.001003
14 , 2, 2, 2, 2, 2, 2, 2
14 , 0.006867, 0.007344, 0.007130, 0.007027, 0.006746, 0.006998, 0.006670
15 , 0.000940, 0.000651, 0.001108, 0.000890, 0.001096, 0.000925, 0.001226, 0.001095, 0.001120, 0.000938, 0.001219, 0.001231, 0.001284, 0.001033, 0.001214, 0.001089, 0.001275, 0.001054, 0.001202, 0.001093, 0.001223, 0.001222, 0.001347, 0.001127, 0.001140, 0.001118, 0.001209, 0.001213, 0.001269, 0.001123, 0.001265, 0.001170, 0.001162, 0.001084, 0.001170, 0.001235, 0.001174, 0.001230, 0.001269, 0.001200, 0.001200, 0.001265, 0.001361, 0.001235, 0.001003, 0.001163, 0.001129, 0.001208, 0.001078, 0.001101, 0.001103, 0.001129, 0.000994, 0.001143, 0.000978, 0.001087, 0.001031, 0.001110, 0.000936, 0.001057, 0.001015, 0.001150, 0.000955, 0.001226, 0.001129, 0.001169, 0.001120, 0.001280, 0.001120, 0.001388, 0.001175, 0.001326, 0.001187, 0.001403, 0.001235, 0.001369, 0.001144, 0.001347, 0.001136, 0.001258, 0.001021, 0.001256, 0.001003, 0.001171, 0.000925, 0.001111, 0.000951, 0.001150, 0.000823, 0.001008, 0.000848, 0.001109
15 , 0, 0, 0, 0, 3, 3, 3
15 , 0.005017, 0.004494, 0.003463, 0.002832, 0.002080, 0.001891, 0.002588
16 , 0.001129, 0.001208, 0.001078, 0.001101, 0.001103, 0.001129, 0.000994, 0.001143, 0.000978, 0.001087, 0.001031, 0.001110, 0.000936, 0.001057, 0.001015, 0.001150, 0.000955, 0.001226, 0.001129, 0.001169, 0.001120, 0.001280, 0.001120, 0.001388, 0.001175, 0.001326, 0.001187, 0.001403, 0.001235, 0.001369, 0.001144, 0.001347, 0.001136, 0.001258, 0.001021, 0.001256, 0.001003, 0.001171, 0.000925, 0.001111, 0.000951, 0.001150, 0.000823, 0.001008, 0.000848, 0.001109, 0.000729, 0.000961, 0.000937, 0.001018, 0.000885, 0.001252, 0.000955, 0.001178, 0.001077, 0.001206, 0.001101, 0.001326, 0.001070, 0.001355, 0.001295, 0.001450, 0.001191, 0.001321, 0.001273, 0.001477, 0.001222, 0.001420, 0.001356, 0.001394, 0.001278, 0.001299, 0.001191, 0.001243, 0.001096, 0.001295, 0.001040, 0.001179, 0.001045, 0.001090, 0.000992, 0.001066, 0.001110, 0.001108, 0.001045, 0.000920, 0.000860, 0.000978, 0.000948, 0.000899, 0.000985, 0.001073
16 , 3, 3, 3, 3, 3, 1, 1
16 , 0.002482, 0.003192, 0.003758, 0.003842, 0.004277, 0.004247, 0.004859
