0 , 0.000242, 0.000977, 0.001434, 0.001451, 0.001450, 0.001291, 0.001712, 0.001544, 0.001724, 0.001697, 0.001777, 0.001822, 0.001706, 0.001787, 0.001662, 0.001846, 0.001823, 0.001787, 0.001831, 0.001543, 0.001889, 0.001748, 0.001841, 0.001817, 0.001971, 0.000614, 0.001164, 0.001068, 0.001134, 0.001094, 0.001064, 0.001048, 0.001069, 0.001068, 0.000923, 0.000947, 0.000928, 0.001053, 0.000803, 0.001099, 0.000919, 0.001174, 0.000934, 0.001200, 0.000860, 0.001116, 0.000923, 0.001113, 0.000867, 0.001271, 0.000721, 0.000716, 0.001463, 0.001413, 0.001493, 0.001354, 0.001651, 0.001660, 0.001510, 0.001537, 0.001317, 0.001667, 0.001502, 0.001518, 0.001445, 0.001402, 0.001609, 0.001447, 0.001572, 0.001513, 0.001490, 0.001549, 0.001479, 0.001536, 0.001533, 0.001051, 0.001028, 0.001551, 0.001376, 0.001454, 0.001160, 0.001301, 0.001048, 0.001245, 0.001015, 0.001094, 0.000944, 0.001060, 0.000962, 0.001111, 0.000927, 0.001220
0 , 1, 1, 1, 1, 1, 1, 1
0 , 0.007667, 0.009827, 0.012369, 0.014518, 0.017728, 0.020431, 0.022369
1 , 0.001463, 0.001413, 0.001493, 0.001354, 0.001651, 0.001660, 0.001510, 0.001537, 0.001317, 0.001667, 0.001502, 0.001518, 0.001445, 0.001402, 0.001609, 0.001447, 0.001572, 0.001513, 0.001490, 0.001549, 0.001479, 0.001536, 0.001533, 0.001051, 0.001028, 0.001551, 0.001376, 0.001454, 0.001160, 0.001301, 0.001048, 0.001245, 0.001015, 0.001094, 0.000944, 0.001060, 0.000962, 0.001111, 0.000927, 0.001220, 0.001101, 0.001178, 0.001100, 0.001199, 0.001331, 0.001103, 0.001326, 0.000129, 0.001125, 0.001249, 0.001265, 0.001229, 0.001149, 0.001497, 0.001325, 0.001444, 0.001330, 0.001346, 0.001605, 0.001441, 0.001642, 0.001470, 0.001619, 0.001825, 0.001665, 0.001747, 0.001521, 0.001691, 0.001718, 0.001789, 0.001699, 0.001710, 0.000210, 0.001273, 0.001113, 0.001203, 0.000984, 0.001120, 0.001045, 0.001056, 0.001047, 0.001028, 0.001063, 0.000967, 0.001010, 0.001037, 0.001153, 0.000997, 0.001162, 0.000963, 0.001250, 0.001220
1 , 1, 1, 1, 1, 1, 1, 1
1 , 0.009736, 0.011375, 0.013733, 0.015617, 0.019108, 0.016942, 0.016260
2 , 0.001265, 0.001229, 0.001149, 0.001497, 0.001325, 0.001444, 0.001330, 0.001346, 0.001605, 0.001441, 0.001642, 0.001470, 0.001619, 0.001825, 0.001665, 0.001747, 0.001521, 0.001691, 0.001718, 0.001789, 0.001699, 0.001710, 0.000210, 0.001273, 0.001113, 0.001203, 0.000984, 0.001120, 0.001045, 0.001056, 0.001047, 0.001028, 0.001063, 0.000967, 0.001010, 0.001037, 0.001153, 0.000997, 0.001162, 0.000963, 0.001250, 0.001220, 0.001275, 0.001025, 0.001292, 0.001032, 0.001402, 0.000195, 0.000945, 0.001393, 0.001322, 0.001420, 0.001327, 0.001407, 0.001583, 0.001466, 0.001526, 0.001379, 0.001704, 0.001564, 0.001571, 0.001583, 0.001576, 0.001805, 0.001526, 0.001709, 0.001473, 0.001413, 0.001731, 0.001571, 0.001427, 0.001668, 0.000270, 0.001315, 0.001370, 0.001315, 0.001194, 0.001080, 0.001343, 0.001153, 0.001370, 0.001178, 0.001424, 0.001014, 0.001317, 0.001053, 0.001313, 0.001132, 0.001326, 0.001192, 0.001259, 0.001120
2 , 1, 1, 1, 1, 1, 1, 1
2 , 0.009677, 0.012813, 0.014906, 0.016009, 0.016820, 0.015531, 0.015057
3 , 0.001322, 0.001420, 0.001327, 0.001407, 0.001583, 0.001466, 0.001526, 0.001379, 0.001704, 0.001564, 0.001571, 0.001583, 0.001576, 0.001805, 0.001526, 0.001709, 0.001473, 0.001413, 0.001731, 0.001571, 0.001427, 0.001668, 0.000270, 0.001315, 0.001370, 0.001315, 0.001194, 0.001080, 0.001343, 0.001153, 0.001370, 0.001178, 0.001424, 0.001014, 0.001317, 0.001053, 0.001313, 0.001132, 0.001326, 0.001192, 0.001259, 0.001120, 0.001292, 0.001257, 0.001394, 0.000974, 0.000660, 0.001230, 0.001310, 0.001175, 0.001242, 0.001225, 0.001497, 0.001222, 0.001315, 0.001239, 0.001242, 0.001427, 0.001312, 0.001507, 0.001360, 0.001390, 0.001459, 0.001484, 0.001649, 0.001563, 0.001603, 0.001732, 0.001504, 0.001886, 0.001242, 0.000629, 0.001218, 0.001002, 0.001112, 0.001062, 0.000977, 0.000846, 0.001042, 0.000962, 0.001037, 0.000972, 0.000932, 0.001024, 0.001120, 0.001026, 0.001137, 0.001142, 0.001109, 0.001104, 0.001064, 0.001196
3 , 1, 1, 1, 1, 1, 1, 1
3 , 0.009892, 0.011956, 0.014624, 0.016538, 0.013363, 0.013013, 0.012973
4 , 0.001175, 0.001242, 0.001225, 0.001497, 0.001222, 0.001315, 0.001239, 0.001242, 0.001427, 0.001312, 0.001507, 0.001360, 0.001390, 0.001459, 0.001484, 0.001649, 0.001563, 0.001603, 0.001732, 0.001504, 0.001886, 0.001242, 0.000629, 0.001218, 0.001002, 0.001112, 0.001062, 0.000977, 0.000846, 0.001042, 0.000962, 0.001037, 0.000972, 0.000932, 0.001024, 0.001120, 0.001026, 0.001137, 0.001142, 0.001109, 0.001104, 0.001064, 0.001196, 0.001192, 0.001375, 0.001108, 0.001394, 0.000272, 0.001051, 0.001299, 0.001357, 0.001358, 0.001273, 0.001541, 0.001603, 0.001465, 0.001660, 0.001567, 0.001960, 0.001954, 0.001976, 0.002152, 0.001875, 0.002155, 0.002116, 0.002139, 0.002210, 0.002210, 0.002423, 0.002248, 0.002435, 0.002340, 0.000214, 0.000663, 0.000818, 0.001026, 0.000929, 0.000801, 0.000988, 0.000980, 0.001294, 0.001073, 0.001387, 0.001228, 0.001369, 0.001278, 0.001442, 0.001312, 0.001528, 0.001282, 0.001481, 0.001157
4 , 1, 1, 1, 1, 1, 1, 1
4 , 0.013600, 0.016763, 0.020103, 0.022202, 0.024878, 0.023125, 0.021054
5 , 0.001357, 0.001358, 0.001273, 0.001541, 0.001603, 0.001465, 0.001660, 0.001567, 0.001960, 0.001954, 0.001976, 0.002152, 0.001875, 0.002155, 0.002116, 0.002139, 0.002210, 0.002210, 0.002423, 0.002248, 0.002435, 0.002340, 0.000214, 0.000663, 0.000818, 0.001026, 0.000929, 0.000801, 0.000988, 0.000980, 0.001294, 0.001073, 0.001387, 0.001228, 0.001369, 0.001278, 0.001442, 0.001312, 0.001528, 0.001282, 0.001481, 0.001157, 0.001545, 0.001273, 0.001576, 0.000461, 0.000946, 0.001126, 0.001195, 0.001264, 0.001402, 0.001324, 0.001665, 0.001480, 0.001569, 0.001507, 0.001445, 0.001754, 0.001587, 0.001640, 0.001516, 0.001685, 0.001722, 0.001577, 0.001710, 0.001614, 0.001689, 0.001666, 0.001513, 0.001656, 0.001414, 0.001954, 0.000648, 0.001405, 0.001447, 0.001442, 0.001324, 0.001484, 0.001305, 0.001224, 0.001215, 0.001192, 0.001218, 0.001171, 0.001192, 0.001178, 0.001136, 0.001080, 0.001347, 0.001231, 0.001340, 0.001115
5 , 1, 1, 1, 1, 1, 1, 1
5 , 0.013103, 0.015969, 0.020836, 0.024038, 0.023488, 0.021216, 0.020502
6 , 0.001264, 0.001402, 0.001324, 0.001665, 0.001480, 0.001569, 0.001507, 0.001445, 0.001754, 0.001587, 0.001640, 0.001516, 0.001685, 0.001722, 0.001577, 0.001710, 0.001614, 0.001689, 0.001666, 0.001513, 0.001656, 0.001414, 0.001954, 0.000648, 0.001405, 0.001447, 0.001442, 0.001324, 0.001484, 0.001305, 0.001224, 0.001215, 0.001192, 0.001218, 0.001171, 0.001192, 0.001178, 0.001136, 0.001080, 0.001347, 0.001231, 0.001340, 0.001115, 0.001275, 0.001144, 0.001359, 0.001239, 0.001420, 0.001082, 0.001316, 0.001272, 0.001475, 0.001314, 0.001439, 0.001176, 0.001319, 0.001287, 0.001525, 0.001222, 0.001516, 0.001269, 0.001459, 0.001157, 0.001403, 0.001230, 0.001455, 0.001317, 0.001464, 0.001313, 0.001472, 0.001260, 0.001421, 0.001279, 0.001408, 0.001218, 0.001400, 0.001245, 0.001444, 0.001293, 0.001343, 0.001336, 0.001222, 0.001131, 0.001220, 0.001283, 0.001212, 0.001131, 0.001120, 0.001073, 0.000972, 0.001143, 0.000932
6 , 1, 1, 1, 1, 1, 1, 1
6 , 0.005611, 0.007056, 0.008324, 0.009068, 0.010656, 0.009980, 0.010497
7 , 0.001272, 0.001475, 0.001314, 0.001439, 0.001176, 0.001319, 0.001287, 0.001525, 0.001222, 0.001516, 0.001269, 0.001459, 0.001157, 0.001403, 0.001230, 0.001455, 0.001317, 0.001464, 0.001313, 0.001472, 0.001260, 0.001421, 0.001279, 0.001408, 0.001218, 0.001400, 0.001245, 0.001444, 0.001293, 0.001343, 0.001336, 0.001222, 0.001131, 0.001220, 0.001283, 0.001212, 0.001131, 0.001120, 0.001073, 0.000972, 0.001143, 0.000932, 0.001058, 0.000963, 0.001155, 0.001096, 0.001221, 0.001106, 0.001075, 0.001028, 0.001183, 0.001036, 0.001317, 0.001227, 0.001542, 0.001311, 0.001457, 0.001357, 0.001494, 0.001313, 0.001594, 0.001240, 0.001387, 0.001266, 0.001418, 0.001162, 0.001400, 0.001192, 0.001335, 0.001119, 0.001473, 0.001257, 0.001399, 0.001205, 0.001430, 0.001196, 0.001343, 0.001166, 0.001460, 0.001283, 0.001395, 0.001235, 0.001477, 0.001318, 0.001426, 0.001413, 0.001435, 0.001254, 0.001285, 0.001246, 0.001385, 0.001225
7 , 2, 2, 2, 2, 2, 2, 2
7 , 0.003905, 0.004005, 0.004592, 0.004397, 0.004563, 0.004349, 0.004366
8 , 0.001075, 0.001028, 0.001183, 0.001036, 0.001317, 0.001227, 0.001542, 0.001311, 0.001457, 0.001357, 0.001494, 0.001313, 0.001594, 0.001240, 0.001387, 0.001266, 0.001418, 0.001162, 0.001400, 0.001192, 0.001335, 0.001119, 0.001473, 0.001257, 0.001399, 0.001205, 0.001430, 0.001196, 0.001343, 0.001166, 0.001460, 0.001283, 0.001395, 0.001235, 0.001477, 0.001318, 0.001426, 0.001413, 0.001435, 0.001254, 0.001285, 0.001246, 0.001385, 0.001225, 0.001394, 0.001243, 0.001305, 0.001231, 0.001245, 0.001168, 0.001247, 0.001220, 0.001125, 0.001243, 0.001153, 0.001118, 0.001123, 0.001194, 0.001227, 0.001208, 0.001222, 0.001317, 0.001273, 0.001415, 0.001213, 0.001345, 0.001271, 0.001338, 0.001238, 0.001407, 0.001259, 0.001329, 0.001224, 0.001389, 0.001185, 0.001375, 0.001153, 0.001408, 0.001293, 0.001418, 0.001196, 0.001580, 0.001312, 0.001593, 0.001418, 0.001570, 0.001533, 0.001723, 0.001524, 0.001709, 0.001633, 0.001743
8 , 0, 0, 0, 0, 0, 2, 2
8 , 0.004008, 0.004740, 0.004595, 0.005299, 0.004784, 0.005125, 0.005504
9 , 0.001125, 0.001243, 0.001153, 0.001118, 0.001123, 0.001194, 0.001227, 0.001208, 0.001222, 0.001317, 0.001273, 0.001415, 0.001213, 0.001345, 0.001271, 0.001338, 0.001238, 0.001407, 0.001259, 0.001329, 0.001224, 0.001389, 0.001185, 0.001375, 0.001153, 0.001408, 0.001293, 0.001418, 0.001196, 0.001580, 0.001312, 0.001593, 0.001418, 0.001570, 0.001533, 0.001723, 0.001524, 0.001709, 0.001633, 0.001743, 0.001550, 0.001654, 0.001542, 0.001785, 0.001374, 0.001476, 0.001279, 0.001441, 0.001155, 0.001308, 0.001060, 0.001148, 0.000942, 0.000902, 0.000643, 0.000677, 0.000504, 0.000667, 0.000528, 0.000795, 0.000577, 0.000643, 0.000570, 0.000744, 0.000560, 0.000759, 0.000858, 0.001077, 0.001023, 0.001191, 0.001252, 0.001306, 0.001287, 0.001446, 0.001464, 0.001603, 0.001606, 0.001620, 0.001614, 0.001576, 0.001645, 0.001720, 0.001649, 0.001636, 0.001596, 0.001587, 0.001581, 0.001585, 0.001425, 0.001260, 0.001403, 0.001279
9 , 0, 0, 0, 0, 0, 0, 0
9 , 0.019237, 0.019710, 0.020483, 0.020257, 0.020534, 0.020005, 0.020014
10 , 0.001060, 0.001148, 0.000942, 0.000902, 0.000643, 0.000677, 0.000504, 0.000667, 0.000528, 0.000795, 0.000577, 0.000643, 0.000570, 0.000744, 0.000560, 0.000759, 0.000858, 0.001077, 0.001023, 0.001191, 0.001252, 0.001306, 0.001287, 0.001446, 0.001464, 0.001603, 0.001606, 0.001620, 0.001614, 0.001576, 0.001645, 0.001720, 0.001649, 0.001636, 0.001596, 0.001587, 0.001581, 0.001585, 0.001425, 0.001260, 0.001403, 0.001279, 0.001254, 0.001242, 0.001436, 0.001230, 0.001305, 0.001155, 0.001359, 0.001168, 0.001155, 0.001053, 0.001177, 0.000975, 0.001119, 0.000898, 0.001118, 0.000973, 0.001228, 0.001128, 0.001028, 0.000959, 0.001200, 0.000925, 0.001301, 0.000942, 0.001162, 0.001104, 0.001375, 0.001138, 0.001254, 0.001041, 0.001317, 0.001174, 0.001466, 0.001267, 0.001454, 0.001186, 0.001462, 0.001159, 0.001314, 0.001206, 0.001509, 0.001306, 0.001450, 0.001156, 0.001380, 0.001177, 0.001332, 0.001271, 0.001444, 0.001272
10 , 0, 0, 0, 0, 0, 0, 0
10 , 0.018272, 0.018723, 0.019000, 0.019070, 0.019089, 0.018670, 0.018097
11 , 0.001155, 0.001053, 0.001177, 0.000975, 0.001119, 0.000898, 0.001118, 0.000973, 0.001228, 0.001128, 0.001028, 0.000959, 0.001200, 0.000925, 0.001301, 0.000942, 0.001162, 0.001104, 0.001375, 0.001138, 0.001254, 0.001041, 0.001317, 0.001174, 0.001466, 0.001267, 0.001454, 0.001186, 0.001462, 0.001159, 0.001314, 0.001206, 0.001509, 0.001306, 0.001450, 0.001156, 0.001380, 0.001177, 0.001332, 0.001271, 0.001444, 0.001272, 0.001306, 0.001242, 0.001424, 0.001311, 0.001429, 0.001248, 0.001317, 0.001058, 0.001378, 0.001234, 0.001368, 0.001207, 0.001353, 0.001327, 0.001378, 0.001356, 0.001477, 0.001270, 0.001451, 0.001438, 0.001422, 0.001322, 0.001495, 0.001310, 0.001311, 0.001358, 0.001320, 0.001239, 0.001206, 0.001298, 0.001245, 0.001129, 0.001134, 0.001223, 0.001308, 0.001116, 0.001055, 0.001125, 0.000919, 0.001134, 0.001145, 0.001180, 0.001050, 0.001286, 0.001159, 0.001171, 0.001199, 0.001224, 0.001192, 0.001338
11 , 3, 3, 3, 3, 3, 3, 3
11 , 0.007973, 0.008267, 0.008402, 0.008562, 0.008514, 0.008485, 0.007820
12 , 0.001058, 0.001378, 0.001234, 0.001368, 0.001207, 0.001353, 0.001327, 0.001378, 0.001356, 0.001477, 0.001270, 0.001451, 0.001438, 0.001422, 0.001322, 0.001495, 0.001310, 0.001311, 0.001358, 0.001320, 0.001239, 0.001206, 0.001298, 0.001245, 0.001129, 0.001134, 0.001223, 0.001308, 0.001116, 0.001055, 0.001125, 0.000919, 0.001134, 0.001145, 0.001180, 0.001050, 0.001286, 0.001159, 0.001171, 0.001199, 0.001224, 0.001192, 0.001338, 0.001165, 0.001225, 0.001168, 0.001435, 0.001305, 0.001497, 0.001288, 0.001444, 0.001177, 0.001311, 0.001142, 0.001373, 0.001406, 0.001350, 0.001125, 0.001350, 0.001246, 0.001322, 0.001118, 0.001403, 0.001127, 0.001370, 0.001278, 0.001280, 0.001129, 0.001428, 0.001189, 0.001308, 0.001043, 0.001241, 0.001036, 0.001266, 0.001083, 0.001271, 0.001155, 0.001213, 0.001064, 0.001394, 0.001134, 0.001297, 0.001088, 0.001355, 0.001104, 0.001218, 0.001004, 0.001090, 0.001020, 0.001171, 0.001039
12 , 1, 1, 1, 1, 1, 1, 1
12 , 0.005833, 0.006430, 0.006532, 0.006334, 0.006138, 0.005458, 0.004534
13 , 0.001497, 0.001288, 0.001444, 0.001177, 0.001311, 0.001142, 0.001373, 0.001406, 0.001350, 0.001125, 0.001350, 0.001246, 0.001322, 0.001118, 0.001403, 0.001127, 0.001370, 0.001278, 0.001280, 0.001129, 0.001428, 0.001189, 0.001308, 0.001043, 0.001241, 0.001036, 0.001266, 0.001083, 0.001271, 0.001155, 0.001213, 0.001064, 0.001394, 0.001134, 0.001297, 0.001088, 0.001355, 0.001104, 0.001218, 0.001004, 0.001090, 0.001020, 0.001171, 0.001039, 0.001210, 0.001281, 0.001444, 0.001252, 0.001563, 0.001338, 0.001459, 0.001339, 0.001603, 0.001488, 0.001552, 0.001653, 0.001662, 0.001661, 0.001638, 0.001552, 0.001687, 0.001600, 0.001719, 0.001554, 0.001665, 0.001518, 0.001585, 0.001546, 0.001537, 0.001446, 0.001493, 0.001408, 0.001330, 0.001357, 0.001335, 0.001288, 0.001278, 0.001317, 0.001305, 0.001257, 0.001171, 0.001174, 0.001112, 0.001213, 0.001118, 0.001072, 0.001056, 0.001186, 0.001031, 0.001110, 0.001010, 0.001190
13 , 1, 1, 1, 1, 1, 1, 1
13 , 0.009260, 0.009893, 0.010635, 0.010618, 0.011054, 0.010228, 0.010212
14 , 0.001459, 0.001339, 0.001603, 0.001488, 0.001552, 0.001653, 0.001662, 0.001661, 0.001638, 0.001552, 0.001687, 0.001600, 0.001719, 0.001554, 0.001665, 0.001518, 0.001585, 0.001546, 0.001537, 0.001446, 0.001493, 0.001408, 0.001330, 0.001357, 0.001335, 0.001288, 0.001278, 0.001317, 0.001305, 0.001257, 0.001171, 0.001174, 0.001112, 0.001213, 0.001118, 0.001072, 0.001056, 0.001186, 0.001031, 0.001110, 0.001010, 0.001190, 0.000994, 0.001159, 0.001090, 0.000984, 0.000990, 0.001186, 0.001093, 0.001320, 0.001011, 0.001187, 0.001145, 0.001422, 0.001121, 0.001293, 0.001218, 0.001464, 0.001381, 0.001519, 0.001360, 0.001632, 0.001559, 0.001701, 0.001339, 0.001554, 0.001455, 0.001731, 0.001476, 0.001567, 0.001351, 0.001498, 0.001351, 0.001554, 0.001256, 0.001481, 0.001299, 0.001438, 0.001352, 0.001637, 0.001361, 0.001530, 0.001267, 0.001477, 0.001248, 0.001384, 0.001152, 0.001347, 0.001078, 0.001412, 0.001164, 0.001271
14 , 2, 2, 1, 1, 1, 1, 1
14 , 0.009231, 0.009330, 0.008837, 0.009765, 0.010525, 0.011239, 0.011653
15 , 0.001145, 0.001422, 0.001121, 0.001293, 0.001218, 0.001464, 0.001381, 0.001519, 0.001360, 0.001632, 0.001559, 0.001701, 0.001339, 0.001554, 0.001455, 0.001731, 0.001476, 0.001567, 0.001351, 0.001498, 0.001351, 0.001554, 0.001256, 0.001481, 0.001299, 0.001438, 0.001352, 0.001637, 0.001361, 0.001530, 0.001267, 0.001477, 0.001248, 0.001384, 0.001152, 0.001347, 0.001078, 0.001412, 0.001164, 0.001271, 0.001064, 0.001177, 0.001123, 0.001258, 0.000993, 0.001174, 0.001180, 0.001282, 0.001266, 0.001355, 0.001242, 0.001483, 0.001396, 0.001340, 0.001287, 0.001447, 0.001433, 0.001545, 0.001355, 0.001442, 0.001429, 0.001537, 0.001407, 0.001325, 0.001347, 0.001248, 0.001266, 0.001323, 0.001302, 0.001251, 0.001364, 0.001313, 0.001215, 0.001224, 0.001157, 0.001076, 0.001220, 0.001094, 0.001183, 0.001137, 0.001177, 0.001028, 0.001148, 0.001174, 0.001278, 0.001113, 0.001218, 0.001078, 0.001164, 0.001078, 0.001305, 0.001261
15 , 1, 1, 1, 1, 1, 1, 1
15 , 0.004816, 0.006032, 0.006572, 0.007599, 0.007684, 0.007850, 0.007550
16 , 0.001483, 0.001396, 0.001340, 0.001287, 0.001447, 0.001433, 0.001545, 0.001355, 0.001442, 0.001429, 0.001537, 0.001407, 0.001325, 0.001347, 0.001248, 0.001266, 0.001323, 0.001302, 0.001251, 0.001364, 0.001313, 0.001215, 0.001224, 0.001157, 0.001076, 0.001220, 0.001094, 0.001183, 0.001137, 0.001177, 0.001028, 0.001148, 0.001174, 0.001278, 0.001113, 0.001218, 0.001078, 0.001164, 0.001078, 0.001305, 0.001261, 0.001343, 0.001272, 0.001517, 0.001265, 0.001442, 0.001437, 0.001636, 0.001377, 0.001610, 0.001408, 0.001542, 0.001348, 0.001602, 0.001426, 0.001641, 0.001507, 0.001658, 0.001464, 0.001571, 0.001463, 0.001571, 0.001291, 0.001403, 0.001317, 0.001529, 0.001231, 0.001465, 0.001258, 0.001408, 0.001092, 0.001373, 0.001385, 0.001498, 0.001113, 0.001343, 0.001316, 0.001540, 0.001154, 0.001366, 0.001352, 0.001508, 0.001395, 0.001563, 0.001459, 0.001545, 0.001381, 0.001528, 0.001351, 0.001593, 0.001450, 0.001502
16 , 1, 1, 1, 1, 1, 1, 1
16 , 0.006164, 0.006019, 0.005770, 0.004766, 0.003708, 0.003082, 0.002224
