0 , 0.000742, 0.001030, 0.000986, 0.001187, 0.001142, 0.001076, 0.001215, 0.001313, 0.001472, 0.001228, 0.001533, 0.001447, 0.001441, 0.001345, 0.001222, 0.001536, 0.001450, 0.001483, 0.001478, 0.001470, 0.001826, 0.001419, 0.002012, 0.000257, 0.001269, 0.001332, 0.001313, 0.001329, 0.001265, 0.001429, 0.001084, 0.001248, 0.001105, 0.001148, 0.001109, 0.001190, 0.001156, 0.001151, 0.001128, 0.001317, 0.001329, 0.001312, 0.001303, 0.001272, 0.001371, 0.001073, 0.001189, 0.000592, 0.001057, 0.001199, 0.001182, 0.001178, 0.001129, 0.001142, 0.001383, 0.001284, 0.001416, 0.001082, 0.001284, 0.001416, 0.001314, 0.001457, 0.001232, 0.001407, 0.001407, 0.001334, 0.001331, 0.001173, 0.001378, 0.001431, 0.001500, 0.001490, 0.001606, 0.001550, 0.000931, 0.001504, 0.001451, 0.001409, 0.001257, 0.001297, 0.001103, 0.001323, 0.001128, 0.001246, 0.001070, 0.001132, 0.001009, 0.001174, 0.001019, 0.001325, 0.001150, 0.001216
0 , 0, 0, 2, 1, 1, 1, 1
0 , 0.001650, 0.001654, 0.001671, 0.002265, 0.006371, 0.005744, 0.007019
1 , 0.001129, 0.001142, 0.001383, 0.001284, 0.001416, 0.001082, 0.001284, 0.001416, 0.001314, 0.001457, 0.001232, 0.001407, 0.001407, 0.001334, 0.001331, 0.001173, 0.001378, 0.001431, 0.001500, 0.001490, 0.001606, 0.001550, 0.000931, 0.001504, 0.001451, 0.001409, 0.001257, 0.001297, 0.001103, 0.001323, 0.001128, 0.001246, 0.001070, 0.001132, 0.001009, 0.001174, 0.001019, 0.001325, 0.001150, 0.001216, 0.000973, 0.001210, 0.000981, 0.001305, 0.001139, 0.001270, 0.001298, 0.000005, 0.001156, 0.001318, 0.001229, 0.001113, 0.001437, 0.001345, 0.001358, 0.001302, 0.001259, 0.001514, 0.001285, 0.001477, 0.001451, 0.001424, 0.001636, 0.001361, 0.001533, 0.001388, 0.001563, 0.001566, 0.001334, 0.001409, 0.001215, 0.001835, 0.000155, 0.001634, 0.001432, 0.001670, 0.001412, 0.001497, 0.001269, 0.001523, 0.001290, 0.001489, 0.001385, 0.001397, 0.001329, 0.001436, 0.001367, 0.001432, 0.001393, 0.001337, 0.001332, 0.001410
1 , 2, 2, 2, 2, 1, 2, 2
1 , 0.003115, 0.003564, 0.004110, 0.005012, 0.005463, 0.006259, 0.005986
2 , 0.001113, 0.001437, 0.001345, 0.001358, 0.001302, 0.001259, 0.001514, 0.001285, 0.001477, 0.001451, 0.001424, 0.001636, 0.001361, 0.001533, 0.001388, 0.001563, 0.001566, 0.001334, 0.001409, 0.001215, 0.001835, 0.000155, 0.001634, 0.001432, 0.001670, 0.001412, 0.001497, 0.001269, 0.001523, 0.001290, 0.001489, 0.001385, 0.001397, 0.001329, 0.001436, 0.001367, 0.001432, 0.001393, 0.001337, 0.001332, 0.001410, 0.001410, 0.001216, 0.001476, 0.000544, 0.000726, 0.001186, 0.001348, 0.001179, 0.001156, 0.001358, 0.001348, 0.001593, 0.001262, 0.001537, 0.001404, 0.001477, 0.001404, 0.001295, 0.001696, 0.001543, 0.001576, 0.001480, 0.001367, 0.001682, 0.001430, 0.001643, 0.001340, 0.001795, 0.000791, 0.001441, 0.001447, 0.001372, 0.001260, 0.001225, 0.001281, 0.001332, 0.001380, 0.001302, 0.001462, 0.001276, 0.001285, 0.001164, 0.001367, 0.001138, 0.001268, 0.001194, 0.001393, 0.001199, 0.001414, 0.001160, 0.001389
2 , 1, 1, 1, 1, 1, 1, 1
2 , 0.001317, 0.003680, 0.005002, 0.003204, 0.004381, 0.004808, 0.006025
3 , 0.001593, 0.001262, 0.001537, 0.001404, 0.001477, 0.001404, 0.001295, 0.001696, 0.001543, 0.001576, 0.001480, 0.001367, 0.001682, 0.001430, 0.001643, 0.001340, 0.001795, 0.000791, 0.001441, 0.001447, 0.001372, 0.001260, 0.001225, 0.001281, 0.001332, 0.001380, 0.001302, 0.001462, 0.001276, 0.001285, 0.001164, 0.001367, 0.001138, 0.001268, 0.001194, 0.001393, 0.001199, 0.001414, 0.001160, 0.001389, 0.001177, 0.001385, 0.000987, 0.000413, 0.001195, 0.001262, 0.001387, 0.001087, 0.001358, 0.001325, 0.001507, 0.001292, 0.001302, 0.001444, 0.001285, 0.001513, 0.001298, 0.001348, 0.001470, 0.001404, 0.001371, 0.001305, 0.001484, 0.001523, 0.001394, 0.001331, 0.001451, 0.001566, 0.000989, 0.001636, 0.001600, 0.001592, 0.001302, 0.001544, 0.001285, 0.001440, 0.001190, 0.001483, 0.001272, 0.001549, 0.001411, 0.001600, 0.001341, 0.001475, 0.001393, 0.001678, 0.001497, 0.001531, 0.001385, 0.001341, 0.001584, 0.000235
3 , 2, 2, 2, 1, 1, 1, 1
3 , 0.005735, 0.006837, 0.006535, 0.004954, 0.005864, 0.005963, 0.006488
4 , 0.001087, 0.001358, 0.001325, 0.001507, 0.001292, 0.001302, 0.001444, 0.001285, 0.001513, 0.001298, 0.001348, 0.001470, 0.001404, 0.001371, 0.001305, 0.001484, 0.001523, 0.001394, 0.001331, 0.001451, 0.001566, 0.000989, 0.001636, 0.001600, 0.001592, 0.001302, 0.001544, 0.001285, 0.001440, 0.001190, 0.001483, 0.001272, 0.001549, 0.001411, 0.001600, 0.001341, 0.001475, 0.001393, 0.001678, 0.001497, 0.001531, 0.001385, 0.001341, 0.001584, 0.000235, 0.000956, 0.001089, 0.001040, 0.000881, 0.001318, 0.001331, 0.001272, 0.001315, 0.001133, 0.001500, 0.001427, 0.001424, 0.001437, 0.001301, 0.001593, 0.001391, 0.001351, 0.001411, 0.001345, 0.001470, 0.001166, 0.001450, 0.001135, 0.001654, 0.000221, 0.001705, 0.001341, 0.001432, 0.001302, 0.001427, 0.001276, 0.001328, 0.001358, 0.001479, 0.001388, 0.001410, 0.001375, 0.001388, 0.001341, 0.001294, 0.001272, 0.001332, 0.001311, 0.001143, 0.001298, 0.001238, 0.001364
4 , 0, 0, 2, 0, 2, 1, 1
4 , 0.004056, 0.000810, 0.001929, 0.001190, 0.001155, 0.001999, 0.003210
5 , 0.001089, 0.001040, 0.000881, 0.001318, 0.001331, 0.001272, 0.001315, 0.001133, 0.001500, 0.001427, 0.001424, 0.001437, 0.001301, 0.001593, 0.001391, 0.001351, 0.001411, 0.001345, 0.001470, 0.001166, 0.001450, 0.001135, 0.001654, 0.000221, 0.001705, 0.001341, 0.001432, 0.001302, 0.001427, 0.001276, 0.001328, 0.001358, 0.001479, 0.001388, 0.001410, 0.001375, 0.001388, 0.001341, 0.001294, 0.001272, 0.001332, 0.001311, 0.001143, 0.001298, 0.001238, 0.001364, 0.001180, 0.001363, 0.000615, 0.000738, 0.001179, 0.001365, 0.001250, 0.001127, 0.001586, 0.001470, 0.001570, 0.001390, 0.001552, 0.001685, 0.001484, 0.001472, 0.001355, 0.001620, 0.001492, 0.001485, 0.001565, 0.001488, 0.001711, 0.001545, 0.001595, 0.001500, 0.001788, 0.000937, 0.001209, 0.001337, 0.001456, 0.001291, 0.001213, 0.001287, 0.001260, 0.001419, 0.001250, 0.001367, 0.001168, 0.001436, 0.001311, 0.001501, 0.001260, 0.001502, 0.001347, 0.001606
5 , 0, 3, 3, 3, 1, 3, 1
5 , 0.001232, 0.001963, 0.001040, 0.001310, 0.002272, 0.003301, 0.003839
6 , 0.001250, 0.001127, 0.001586, 0.001470, 0.001570, 0.001390, 0.001552, 0.001685, 0.001484, 0.001472, 0.001355, 0.001620, 0.001492, 0.001485, 0.001565, 0.001488, 0.001711, 0.001545, 0.001595, 0.001500, 0.001788, 0.000937, 0.001209, 0.001337, 0.001456, 0.001291, 0.001213, 0.001287, 0.001260, 0.001419, 0.001250, 0.001367, 0.001168, 0.001436, 0.001311, 0.001501, 0.001260, 0.001502, 0.001347, 0.001606, 0.001399, 0.001563, 0.001546, 0.001814, 0.001208, 0.000197, 0.000884, 0.000989, 0.001169, 0.000930, 0.001357, 0.001178, 0.001174, 0.001283, 0.001055, 0.001372, 0.001197, 0.001317, 0.001192, 0.001285, 0.001517, 0.001444, 0.001510, 0.001361, 0.001489, 0.001549, 0.001580, 0.001561, 0.001435, 0.001628, 0.000681, 0.001478, 0.001371, 0.001323, 0.001014, 0.001084, 0.000954, 0.001128, 0.000814, 0.001063, 0.000933, 0.001128, 0.000933, 0.001065, 0.001086, 0.001262, 0.000958, 0.001206, 0.001000, 0.001100, 0.001076, 0.001227
6 , 1, 1, 1, 1, 1, 1, 1
6 , 0.003208, 0.004825, 0.009009, 0.007884, 0.008799, 0.009503, 0.010258
7 , 0.001174, 0.001283, 0.001055, 0.001372, 0.001197, 0.001317, 0.001192, 0.001285, 0.001517, 0.001444, 0.001510, 0.001361, 0.001489, 0.001549, 0.001580, 0.001561, 0.001435, 0.001628, 0.000681, 0.001478, 0.001371, 0.001323, 0.001014, 0.001084, 0.000954, 0.001128, 0.000814, 0.001063, 0.000933, 0.001128, 0.000933, 0.001065, 0.001086, 0.001262, 0.000958, 0.001206, 0.001000, 0.001100, 0.001076, 0.001227, 0.001233, 0.001248, 0.001355, 0.000136, 0.001081, 0.001183, 0.001294, 0.001215, 0.001199, 0.001401, 0.001275, 0.001357, 0.001095, 0.001338, 0.001279, 0.001272, 0.001321, 0.001136, 0.001330, 0.001151, 0.001185, 0.001283, 0.001170, 0.001428, 0.001218, 0.001343, 0.001285, 0.001627, 0.000124, 0.001622, 0.001375, 0.001562, 0.001389, 0.001321, 0.001269, 0.001234, 0.001299, 0.001230, 0.001231, 0.001210, 0.001112, 0.000979, 0.001206, 0.001121, 0.001172, 0.001001, 0.001170, 0.000904, 0.001018, 0.000861, 0.001185, 0.000305
7 , 1, 1, 1, 1, 1, 1, 1
7 , 0.007834, 0.007086, 0.008166, 0.009490, 0.009889, 0.009619, 0.008777
8 , 0.001275, 0.001357, 0.001095, 0.001338, 0.001279, 0.001272, 0.001321, 0.001136, 0.001330, 0.001151, 0.001185, 0.001283, 0.001170, 0.001428, 0.001218, 0.001343, 0.001285, 0.001627, 0.000124, 0.001622, 0.001375, 0.001562, 0.001389, 0.001321, 0.001269, 0.001234, 0.001299, 0.001230, 0.001231, 0.001210, 0.001112, 0.000979, 0.001206, 0.001121, 0.001172, 0.001001, 0.001170, 0.000904, 0.001018, 0.000861, 0.001185, 0.000305, 0.001148, 0.001534, 0.001534, 0.001754, 0.001523, 0.001756, 0.001585, 0.001754, 0.001546, 0.001627, 0.001934, 0.001525, 0.001570, 0.001403, 0.001563, 0.001627, 0.001449, 0.001549, 0.001469, 0.001466, 0.001536, 0.001424, 0.001516, 0.001391, 0.001434, 0.001632, 0.000381, 0.001626, 0.001497, 0.001515, 0.001295, 0.001295, 0.001153, 0.001438, 0.001148, 0.001477, 0.001135, 0.001282, 0.001192, 0.001374, 0.001089, 0.001288, 0.001042, 0.001353, 0.001073, 0.001242, 0.001052, 0.001272, 0.001024, 0.001198
8 , 1, 1, 1, 1, 1, 1, 1
8 , 0.009192, 0.007641, 0.007913, 0.008387, 0.008160, 0.007627, 0.006926
9 , 0.001523, 0.001756, 0.001585, 0.001754, 0.001546, 0.001627, 0.001934, 0.001525, 0.001570, 0.001403, 0.001563, 0.001627, 0.001449, 0.001549, 0.001469, 0.001466, 0.001536, 0.001424, 0.001516, 0.001391, 0.001434, 0.001632, 0.000381, 0.001626, 0.001497, 0.001515, 0.001295, 0.001295, 0.001153, 0.001438, 0.001148, 0.001477, 0.001135, 0.001282, 0.001192, 0.001374, 0.001089, 0.001288, 0.001042, 0.001353, 0.001073, 0.001242, 0.001052, 0.001272, 0.001024, 0.001198, 0.001249, 0.001237, 0.001225, 0.001135, 0.001086, 0.001169, 0.000956, 0.001116, 0.001181, 0.001176, 0.001118, 0.001001, 0.001071, 0.001061, 0.001077, 0.000977, 0.001114, 0.001135, 0.001100, 0.001076, 0.001192, 0.001121, 0.001335, 0.001028, 0.001295, 0.001121, 0.001441, 0.001242, 0.001445, 0.001324, 0.001488, 0.001276, 0.001427, 0.001294, 0.001475, 0.001186, 0.001350, 0.001061, 0.001407, 0.001186, 0.001407, 0.001143, 0.001312, 0.001281, 0.001313, 0.001217
9 , 2, 2, 2, 2, 2, 2, 2
9 , 0.011249, 0.011108, 0.011699, 0.011836, 0.010235, 0.009954, 0.010183
10 , 0.001135, 0.001086, 0.001169, 0.000956, 0.001116, 0.001181, 0.001176, 0.001118, 0.001001, 0.001071, 0.001061, 0.001077, 0.000977, 0.001114, 0.001135, 0.001100, 0.001076, 0.001192, 0.001121, 0.001335, 0.001028, 0.001295, 0.001121, 0.001441, 0.001242, 0.001445, 0.001324, 0.001488, 0.001276, 0.001427, 0.001294, 0.001475, 0.001186, 0.001350, 0.001061, 0.001407, 0.001186, 0.001407, 0.001143, 0.001312, 0.001281, 0.001313, 0.001217, 0.001402, 0.001104, 0.001303, 0.001130, 0.001324, 0.001139, 0.001355, 0.001212, 0.001230, 0.001123, 0.001338, 0.001153, 0.001236, 0.001137, 0.001297, 0.001242, 0.001269, 0.001130, 0.001288, 0.001095, 0.001146, 0.001035, 0.001315, 0.001190, 0.001130, 0.001144, 0.001093, 0.001033, 0.001128, 0.001114, 0.001114, 0.001135, 0.001146, 0.001181, 0.001248, 0.001192, 0.001244, 0.001339, 0.001118, 0.001244, 0.001158, 0.001183, 0.001100, 0.001274, 0.001165, 0.001265, 0.001135, 0.001265, 0.001052
10 , 3, 3, 3, 3, 0, 0, 0
10 , 0.004980, 0.004712, 0.004815, 0.004465, 0.004438, 0.003847, 0.004338
11 , 0.001130, 0.001324, 0.001139, 0.001355, 0.001212, 0.001230, 0.001123, 0.001338, 0.001153, 0.001236, 0.001137, 0.001297, 0.001242, 0.001269, 0.001130, 0.001288, 0.001095, 0.001146, 0.001035, 0.001315, 0.001190, 0.001130, 0.001144, 0.001093, 0.001033, 0.001128, 0.001114, 0.001114, 0.001135, 0.001146, 0.001181, 0.001248, 0.001192, 0.001244, 0.001339, 0.001118, 0.001244, 0.001158, 0.001183, 0.001100, 0.001274, 0.001165, 0.001265, 0.001135, 0.001265, 0.001052, 0.001198, 0.001154, 0.001322, 0.001182, 0.001445, 0.001246, 0.001470, 0.001462, 0.001566, 0.001342, 0.001622, 0.001412, 0.001523, 0.001309, 0.001666, 0.001485, 0.001549, 0.001342, 0.001553, 0.001307, 0.001492, 0.001384, 0.001514, 0.001328, 0.001449, 0.001312, 0.001497, 0.001170, 0.001300, 0.001175, 0.001297, 0.001064, 0.001320, 0.001218, 0.001411, 0.001225, 0.001376, 0.001095, 0.001158, 0.001174, 0.001295, 0.001065, 0.001216, 0.001206, 0.001422, 0.001181
11 , 1, 1, 1, 1, 1, 1, 1
11 , 0.003991, 0.004511, 0.004919, 0.005198, 0.005311, 0.005283, 0.004920
12 , 0.001445, 0.001246, 0.001470, 0.001462, 0.001566, 0.001342, 0.001622, 0.001412, 0.001523, 0.001309, 0.001666, 0.001485, 0.001549, 0.001342, 0.001553, 0.001307, 0.001492, 0.001384, 0.001514, 0.001328, 0.001449, 0.001312, 0.001497, 0.001170, 0.001300, 0.001175, 0.001297, 0.001064, 0.001320, 0.001218, 0.001411, 0.001225, 0.001376, 0.001095, 0.001158, 0.001174, 0.001295, 0.001065, 0.001216, 0.001206, 0.001422, 0.001181, 0.001360, 0.001241, 0.001265, 0.001155, 0.001336, 0.001214, 0.001183, 0.001114, 0.001204, 0.001172, 0.001304, 0.001325, 0.001230, 0.001186, 0.001335, 0.001243, 0.001433, 0.001376, 0.001372, 0.001380, 0.001384, 0.001393, 0.001285, 0.001414, 0.001315, 0.001328, 0.001207, 0.001337, 0.001311, 0.001363, 0.001276, 0.001393, 0.001181, 0.001346, 0.001268, 0.001393, 0.001363, 0.001429, 0.001213, 0.001275, 0.001139, 0.001278, 0.001204, 0.001376, 0.001359, 0.001596, 0.001345, 0.001505, 0.001298, 0.001458
12 , 2, 2, 2, 2, 2, 2, 2
12 , 0.004452, 0.005045, 0.005246, 0.005524, 0.005672, 0.005744, 0.005381
13 , 0.001172, 0.001304, 0.001325, 0.001230, 0.001186, 0.001335, 0.001243, 0.001433, 0.001376, 0.001372, 0.001380, 0.001384, 0.001393, 0.001285, 0.001414, 0.001315, 0.001328, 0.001207, 0.001337, 0.001311, 0.001363, 0.001276, 0.001393, 0.001181, 0.001346, 0.001268, 0.001393, 0.001363, 0.001429, 0.001213, 0.001275, 0.001139, 0.001278, 0.001204, 0.001376, 0.001359, 0.001596, 0.001345, 0.001505, 0.001298, 0.001458, 0.001324, 0.001531, 0.001294, 0.001527, 0.001320, 0.001532, 0.001311, 0.001454, 0.001303, 0.001334, 0.001222, 0.001482, 0.001317, 0.001362, 0.001133, 0.001329, 0.001209, 0.001244, 0.000958, 0.001323, 0.001149, 0.001091, 0.000880, 0.001226, 0.001021, 0.001231, 0.001082, 0.001296, 0.001045, 0.001326, 0.000990, 0.001150, 0.001075, 0.001115, 0.000987, 0.001302, 0.000977, 0.001237, 0.001040, 0.001099, 0.001055, 0.001225, 0.001009, 0.001174, 0.000914, 0.001175, 0.001040, 0.001251, 0.001218, 0.001220, 0.001206
13 , 3, 3, 3, 3, 3, 3, 3
13 , 0.004032, 0.003967, 0.003225, 0.003322, 0.002376, 0.002466, 0.002034
14 , 0.001532, 0.001311, 0.001454, 0.001303, 0.001334, 0.001222, 0.001482, 0.001317, 0.001362, 0.001133, 0.001329, 0.001209, 0.001244, 0.000958, 0.001323, 0.001149, 0.001091, 0.000880, 0.001226, 0.001021, 0.001231, 0.001082, 0.001296, 0.001045, 0.001326, 0.000990, 0.001150, 0.001075, 0.001115, 0.000987, 0.001302, 0.000977, 0.001237, 0.001040, 0.001099, 0.001055, 0.001225, 0.001009, 0.001174, 0.000914, 0.001175, 0.001040, 0.001251, 0.001218, 0.001220, 0.001206, 0.001311, 0.001151, 0.001216, 0.001035, 0.001019, 0.001070, 0.001246, 0.001155, 0.001074, 0.001065, 0.001151, 0.001090, 0.001149, 0.000998, 0.001174, 0.001135, 0.001049, 0.001088, 0.001109, 0.001102, 0.001063, 0.001082, 0.001112, 0.001188, 0.001068, 0.001188, 0.001144, 0.001200, 0.001181, 0.001251, 0.001181, 0.001160, 0.001056, 0.001271, 0.001123, 0.001169, 0.001237, 0.001237, 0.001193, 0.001362, 0.001133, 0.001210, 0.001127, 0.001274, 0.001200, 0.001331
14 , 2, 2, 2, 2, 2, 2, 2
14 , 0.004857, 0.004657, 0.004415, 0.004454, 0.004311, 0.004188, 0.004130
15 , 0.001311, 0.001151, 0.001216, 0.001035, 0.001019, 0.001070, 0.001246, 0.001155, 0.001074, 0.001065, 0.001151, 0.001090, 0.001149, 0.000998, 0.001174, 0.001135, 0.001049, 0.001088, 0.001109, 0.001102, 0.001063, 0.001082, 0.001112, 0.001188, 0.001068, 0.001188, 0.001144, 0.001200, 0.001181, 0.001251, 0.001181, 0.001160, 0.001056, 0.001271, 0.001123, 0.001169, 0.001237, 0.001237, 0.001193, 0.001362, 0.001133, 0.001210, 0.001127, 0.001274, 0.001200, 0.001331, 0.001174, 0.001385, 0.001143, 0.001510, 0.001195, 0.001514, 0.001337, 0.001514, 0.001324, 0.001390, 0.001204, 0.001352, 0.001123, 0.001387, 0.001205, 0.001388, 0.001297, 0.001390, 0.001162, 0.001265, 0.000993, 0.001212, 0.001088, 0.001253, 0.001118, 0.001328, 0.001068, 0.001286, 0.001003, 0.001251, 0.000896, 0.001150, 0.001010, 0.001044, 0.000987, 0.001117, 0.000908, 0.001253, 0.000896, 0.001101, 0.000926, 0.001192, 0.000946, 0.001101, 0.000871, 0.001107
15 , 3, 3, 3, 3, 3, 3, 3
15 , 0.005568, 0.005657, 0.006387, 0.006560, 0.007385, 0.007192, 0.007841
16 , 0.001337, 0.001514, 0.001324, 0.001390, 0.001204, 0.001352, 0.001123, 0.001387, 0.001205, 0.001388, 0.001297, 0.001390, 0.001162, 0.001265, 0.000993, 0.001212, 0.001088, 0.001253, 0.001118, 0.001328, 0.001068, 0.001286, 0.001003, 0.001251, 0.000896, 0.001150, 0.001010, 0.001044, 0.000987, 0.001117, 0.000908, 0.001253, 0.000896, 0.001101, 0.000926, 0.001192, 0.000946, 0.001101, 0.000871, 0.001107, 0.000917, 0.001103, 0.001004, 0.001180, 0.001102, 0.001323, 0.001151, 0.001288, 0.001126, 0.001276, 0.001094, 0.001332, 0.001275, 0.001276, 0.001073, 0.001263, 0.001258, 0.001202, 0.001193, 0.001245, 0.001249, 0.001316, 0.001221, 0.001337, 0.001181, 0.001276, 0.001156, 0.001195, 0.001246, 0.001165, 0.001213, 0.001153, 0.001090, 0.001218, 0.001128, 0.001158, 0.001183, 0.001139, 0.001183, 0.001128, 0.001126, 0.001082, 0.001158, 0.001052, 0.001156, 0.001096, 0.001110, 0.001140, 0.001096, 0.001037, 0.001198, 0.001028
16 , 1, 1, 1, 1, 1, 1, 1
16 , 0.006963, 0.007359, 0.006786, 0.006942, 0.006269, 0.006226, 0.005417
