0 , 0.001834, 0.002030, 0.001878, 0.002006, 0.002039, 0.001945, 0.001969, 0.002019, 0.002165, 0.001969, 0.002121, 0.002054, 0.002080, 0.002311, 0.002192, 0.002295, 0.001988, 0.002204, 0.002225, 0.002178, 0.002049, 0.002064, 0.000636, 0.001472, 0.001653, 0.001866, 0.001561, 0.001562, 0.001654, 0.001654, 0.001625, 0.001596, 0.001718, 0.001659, 0.001718, 0.001626, 0.001596, 0.001564, 0.001716, 0.001533, 0.001593, 0.001470, 0.001470, 0.001500, 0.001409, 0.001410, 0.001259, 0.001200, 0.000799, 0.002202, 0.001978, 0.002231, 0.002229, 0.002239, 0.002216, 0.002067, 0.002414, 0.002148, 0.002343, 0.002161, 0.002173, 0.002380, 0.002164, 0.002267, 0.002082, 0.002230, 0.002156, 0.002067, 0.002050, 0.001928, 0.001994, 0.002022, 0.001263, 0.001540, 0.001684, 0.001837, 0.001684, 0.001623, 0.001501, 0.001684, 0.001500, 0.001592, 0.001470, 0.001592, 0.001469, 0.001592, 0.001561, 0.001683, 0.001470, 0.001531, 0.001470, 0.001623
0 , 1, 1, 1, 1, 1, 1, 1
0 , 0.017287, 0.019580, 0.021479, 0.023427, 0.023159, 0.023532, 0.022378
1 , 0.002231, 0.002229, 0.002239, 0.002216, 0.002067, 0.002414, 0.002148, 0.002343, 0.002161, 0.002173, 0.002380, 0.002164, 0.002267, 0.002082, 0.002230, 0.002156, 0.002067, 0.002050, 0.001928, 0.001994, 0.002022, 0.001263, 0.001540, 0.001684, 0.001837, 0.001684, 0.001623, 0.001501, 0.001684, 0.001500, 0.001592, 0.001470, 0.001592, 0.001469, 0.001592, 0.001561, 0.001683, 0.001470, 0.001531, 0.001470, 0.001623, 0.001348, 0.001470, 0.001257, 0.001714, 0.000052, 0.001763, 0.002019, 0.002056, 0.002059, 0.001872, 0.002169, 0.001982, 0.002091, 0.001962, 0.002145, 0.002193, 0.002012, 0.001996, 0.001830, 0.002126, 0.001976, 0.002014, 0.002014, 0.001951, 0.002058, 0.001885, 0.001973, 0.001839, 0.001955, 0.000390, 0.001898, 0.001717, 0.001838, 0.001655, 0.001716, 0.001594, 0.001623, 0.001531, 0.001714, 0.001470, 0.001714, 0.001439, 0.001744, 0.001561, 0.001654, 0.001440, 0.001502, 0.001441, 0.001564, 0.001350, 0.001533
1 , 1, 1, 1, 1, 1, 1, 1
1 , 0.019544, 0.021421, 0.025719, 0.021988, 0.021123, 0.020079, 0.019602
2 , 0.002056, 0.002059, 0.001872, 0.002169, 0.001982, 0.002091, 0.001962, 0.002145, 0.002193, 0.002012, 0.001996, 0.001830, 0.002126, 0.001976, 0.002014, 0.002014, 0.001951, 0.002058, 0.001885, 0.001973, 0.001839, 0.001955, 0.000390, 0.001898, 0.001717, 0.001838, 0.001655, 0.001716, 0.001594, 0.001623, 0.001531, 0.001714, 0.001470, 0.001714, 0.001439, 0.001744, 0.001561, 0.001654, 0.001440, 0.001502, 0.001441, 0.001564, 0.001350, 0.001533, 0.001471, 0.001503, 0.001470, 0.001066, 0.001399, 0.001841, 0.001853, 0.002064, 0.001816, 0.002017, 0.001899, 0.002126, 0.002050, 0.001895, 0.002141, 0.001830, 0.002056, 0.002013, 0.002222, 0.002063, 0.001902, 0.002219, 0.002115, 0.002152, 0.001969, 0.002230, 0.002037, 0.002157, 0.000300, 0.001747, 0.001806, 0.001806, 0.001714, 0.001653, 0.001683, 0.001653, 0.001530, 0.001500, 0.001500, 0.001439, 0.001561, 0.001561, 0.001622, 0.001500, 0.001500, 0.001562, 0.001501, 0.001440
2 , 1, 1, 1, 1, 1, 1, 1
2 , 0.013081, 0.016409, 0.018277, 0.019862, 0.019267, 0.017428, 0.017423
3 , 0.001841, 0.001853, 0.002064, 0.001816, 0.002017, 0.001899, 0.002126, 0.002050, 0.001895, 0.002141, 0.001830, 0.002056, 0.002013, 0.002222, 0.002063, 0.001902, 0.002219, 0.002115, 0.002152, 0.001969, 0.002230, 0.002037, 0.002157, 0.000300, 0.001747, 0.001806, 0.001806, 0.001714, 0.001653, 0.001683, 0.001653, 0.001530, 0.001500, 0.001500, 0.001439, 0.001561, 0.001561, 0.001622, 0.001500, 0.001500, 0.001562, 0.001501, 0.001440, 0.001502, 0.001379, 0.001380, 0.001441, 0.000813, 0.001940, 0.001926, 0.001990, 0.001874, 0.001937, 0.002162, 0.002134, 0.002251, 0.002094, 0.002235, 0.002171, 0.002183, 0.002094, 0.002054, 0.002128, 0.002030, 0.002080, 0.001843, 0.002036, 0.002045, 0.001995, 0.001970, 0.001908, 0.001604, 0.001276, 0.001869, 0.001874, 0.001872, 0.001691, 0.001810, 0.001598, 0.001779, 0.001565, 0.001654, 0.001410, 0.001714, 0.001500, 0.001653, 0.001592, 0.001714, 0.001378, 0.001623, 0.001470, 0.001623
3 , 1, 1, 1, 1, 1, 1, 1
3 , 0.012526, 0.014604, 0.017708, 0.019693, 0.022247, 0.018103, 0.017921
4 , 0.001990, 0.001874, 0.001937, 0.002162, 0.002134, 0.002251, 0.002094, 0.002235, 0.002171, 0.002183, 0.002094, 0.002054, 0.002128, 0.002030, 0.002080, 0.001843, 0.002036, 0.002045, 0.001995, 0.001970, 0.001908, 0.001604, 0.001276, 0.001869, 0.001874, 0.001872, 0.001691, 0.001810, 0.001598, 0.001779, 0.001565, 0.001654, 0.001410, 0.001714, 0.001500, 0.001653, 0.001592, 0.001714, 0.001378, 0.001623, 0.001470, 0.001623, 0.001501, 0.001563, 0.001500, 0.001593, 0.001653, 0.000393, 0.001843, 0.001802, 0.001847, 0.001858, 0.001854, 0.001903, 0.001698, 0.001910, 0.001860, 0.001844, 0.001651, 0.001633, 0.001909, 0.001719, 0.001877, 0.001592, 0.001832, 0.001881, 0.001864, 0.001858, 0.001773, 0.002035, 0.001899, 0.001948, 0.000590, 0.001592, 0.001653, 0.001684, 0.001654, 0.001350, 0.001506, 0.001261, 0.001449, 0.001358, 0.001423, 0.001210, 0.001304, 0.001089, 0.001398, 0.000970, 0.001370, 0.001279, 0.001191, 0.001158
4 , 1, 1, 1, 1, 1, 1, 1
4 , 0.013667, 0.016059, 0.017630, 0.018245, 0.020456, 0.018691, 0.018479
5 , 0.001847, 0.001858, 0.001854, 0.001903, 0.001698, 0.001910, 0.001860, 0.001844, 0.001651, 0.001633, 0.001909, 0.001719, 0.001877, 0.001592, 0.001832, 0.001881, 0.001864, 0.001858, 0.001773, 0.002035, 0.001899, 0.001948, 0.000590, 0.001592, 0.001653, 0.001684, 0.001654, 0.001350, 0.001506, 0.001261, 0.001449, 0.001358, 0.001423, 0.001210, 0.001304, 0.001089, 0.001398, 0.000970, 0.001370, 0.001279, 0.001191, 0.001158, 0.001459, 0.001122, 0.001603, 0.000753, 0.001529, 0.002071, 0.001986, 0.002004, 0.001892, 0.002155, 0.002134, 0.002101, 0.001827, 0.002026, 0.002156, 0.001919, 0.002024, 0.001811, 0.002069, 0.002012, 0.001901, 0.001724, 0.001785, 0.001941, 0.001651, 0.001941, 0.001706, 0.002081, 0.000575, 0.001716, 0.001744, 0.001958, 0.001622, 0.001653, 0.001592, 0.001592, 0.001622, 0.001592, 0.001408, 0.001439, 0.001439, 0.001592, 0.001500, 0.001622, 0.001470, 0.001561, 0.001592, 0.001531, 0.001500, 0.001561
5 , 1, 1, 1, 1, 1, 1, 1
5 , 0.015393, 0.017745, 0.020855, 0.019478, 0.016630, 0.015789, 0.015619
6 , 0.001986, 0.002004, 0.001892, 0.002155, 0.002134, 0.002101, 0.001827, 0.002026, 0.002156, 0.001919, 0.002024, 0.001811, 0.002069, 0.002012, 0.001901, 0.001724, 0.001785, 0.001941, 0.001651, 0.001941, 0.001706, 0.002081, 0.000575, 0.001716, 0.001744, 0.001958, 0.001622, 0.001653, 0.001592, 0.001592, 0.001622, 0.001592, 0.001408, 0.001439, 0.001439, 0.001592, 0.001500, 0.001622, 0.001470, 0.001561, 0.001592, 0.001531, 0.001500, 0.001561, 0.001470, 0.001683, 0.001531, 0.001592, 0.000530, 0.002021, 0.001720, 0.002103, 0.001954, 0.002063, 0.002028, 0.002063, 0.002136, 0.002063, 0.002115, 0.002095, 0.002257, 0.002176, 0.002356, 0.002290, 0.002249, 0.002473, 0.002222, 0.002293, 0.002105, 0.002171, 0.002218, 0.002353, 0.001468, 0.001195, 0.001594, 0.001867, 0.001714, 0.001622, 0.001500, 0.001561, 0.001531, 0.001592, 0.001439, 0.001653, 0.001532, 0.001685, 0.001655, 0.001685, 0.001626, 0.001657, 0.001566, 0.001688
6 , 1, 1, 1, 1, 1, 1, 1
6 , 0.013579, 0.016323, 0.017615, 0.019392, 0.018361, 0.019947, 0.018329
7 , 0.002103, 0.001954, 0.002063, 0.002028, 0.002063, 0.002136, 0.002063, 0.002115, 0.002095, 0.002257, 0.002176, 0.002356, 0.002290, 0.002249, 0.002473, 0.002222, 0.002293, 0.002105, 0.002171, 0.002218, 0.002353, 0.001468, 0.001195, 0.001594, 0.001867, 0.001714, 0.001622, 0.001500, 0.001561, 0.001531, 0.001592, 0.001439, 0.001653, 0.001532, 0.001685, 0.001655, 0.001685, 0.001626, 0.001657, 0.001566, 0.001688, 0.001718, 0.001719, 0.001564, 0.001938, 0.000312, 0.001439, 0.001679, 0.001810, 0.001651, 0.001801, 0.001949, 0.001850, 0.001886, 0.001837, 0.002176, 0.002032, 0.002141, 0.002026, 0.001958, 0.002111, 0.002035, 0.002063, 0.001892, 0.002138, 0.002110, 0.002077, 0.002150, 0.001994, 0.002216, 0.002236, 0.002086, 0.000462, 0.001474, 0.001686, 0.001655, 0.001746, 0.001501, 0.001654, 0.001532, 0.001747, 0.001502, 0.001654, 0.001470, 0.001745, 0.001531, 0.001562, 0.001561, 0.001775, 0.001500, 0.001744, 0.001592
7 , 1, 1, 1, 1, 1, 1, 1
7 , 0.014355, 0.016872, 0.021621, 0.022841, 0.022167, 0.019238, 0.018779
8 , 0.001651, 0.001801, 0.001949, 0.001850, 0.001886, 0.001837, 0.002176, 0.002032, 0.002141, 0.002026, 0.001958, 0.002111, 0.002035, 0.002063, 0.001892, 0.002138, 0.002110, 0.002077, 0.002150, 0.001994, 0.002216, 0.002236, 0.002086, 0.000462, 0.001474, 0.001686, 0.001655, 0.001746, 0.001501, 0.001654, 0.001532, 0.001747, 0.001502, 0.001654, 0.001470, 0.001745, 0.001531, 0.001562, 0.001561, 0.001775, 0.001500, 0.001744, 0.001592, 0.001775, 0.001469, 0.001775, 0.001592, 0.001744, 0.001500, 0.001653, 0.001530, 0.001683, 0.001622, 0.001806, 0.001622, 0.001592, 0.001531, 0.001684, 0.001410, 0.001655, 0.001411, 0.001624, 0.001409, 0.001501, 0.001500, 0.001592, 0.001501, 0.001592, 0.001500, 0.001714, 0.001561, 0.001683, 0.001683, 0.001714, 0.001531, 0.001714, 0.001714, 0.001836, 0.001623, 0.001806, 0.001684, 0.001745, 0.001562, 0.001745, 0.001685, 0.001807, 0.001746, 0.001593, 0.001655, 0.001686, 0.001565, 0.001777
8 , 2, 2, 2, 2, 2, 2, 2
8 , 0.008995, 0.010229, 0.011118, 0.012436, 0.013307, 0.010932, 0.010248
9 , 0.001530, 0.001683, 0.001622, 0.001806, 0.001622, 0.001592, 0.001531, 0.001684, 0.001410, 0.001655, 0.001411, 0.001624, 0.001409, 0.001501, 0.001500, 0.001592, 0.001501, 0.001592, 0.001500, 0.001714, 0.001561, 0.001683, 0.001683, 0.001714, 0.001531, 0.001714, 0.001714, 0.001836, 0.001623, 0.001806, 0.001684, 0.001745, 0.001562, 0.001745, 0.001685, 0.001807, 0.001746, 0.001593, 0.001655, 0.001686, 0.001565, 0.001777, 0.001717, 0.001868, 0.001745, 0.001745, 0.001653, 0.001684, 0.001745, 0.001592, 0.001592, 0.001653, 0.001653, 0.001683, 0.001744, 0.001561, 0.001622, 0.001561, 0.001531, 0.001531, 0.001562, 0.001500, 0.001653, 0.001562, 0.001532, 0.001501, 0.001532, 0.001440, 0.001441, 0.001409, 0.001562, 0.001379, 0.001592, 0.001470, 0.001653, 0.001530, 0.001653, 0.001561, 0.001592, 0.001562, 0.001714, 0.001592, 0.001776, 0.001594, 0.001837, 0.001624, 0.001745, 0.001593, 0.001806, 0.001562, 0.001806, 0.001531
9 , 3, 0, 0, 0, 0, 0, 0
9 , 0.002892, 0.003346, 0.004201, 0.004201, 0.004689, 0.004934, 0.005453
10 , 0.001653, 0.001683, 0.001744, 0.001561, 0.001622, 0.001561, 0.001531, 0.001531, 0.001562, 0.001500, 0.001653, 0.001562, 0.001532, 0.001501, 0.001532, 0.001440, 0.001441, 0.001409, 0.001562, 0.001379, 0.001592, 0.001470, 0.001653, 0.001530, 0.001653, 0.001561, 0.001592, 0.001562, 0.001714, 0.001592, 0.001776, 0.001594, 0.001837, 0.001624, 0.001745, 0.001593, 0.001806, 0.001562, 0.001806, 0.001531, 0.001714, 0.001684, 0.001714, 0.001501, 0.001684, 0.001593, 0.001715, 0.001655, 0.001807, 0.001502, 0.001745, 0.001593, 0.001715, 0.001654, 0.001684, 0.001684, 0.001775, 0.001532, 0.001653, 0.001623, 0.001653, 0.001653, 0.001715, 0.001655, 0.001777, 0.001715, 0.001716, 0.001715, 0.001562, 0.001653, 0.001683, 0.001592, 0.001653, 0.001653, 0.001653, 0.001561, 0.001561, 0.001470, 0.001470, 0.001592, 0.001470, 0.001501, 0.001471, 0.001441, 0.001288, 0.001503, 0.001410, 0.001563, 0.001411, 0.001625, 0.001441, 0.001563
10 , 3, 3, 3, 3, 3, 3, 3
10 , 0.004828, 0.005162, 0.005435, 0.005953, 0.006135, 0.006409, 0.006744
11 , 0.001715, 0.001654, 0.001684, 0.001684, 0.001775, 0.001532, 0.001653, 0.001623, 0.001653, 0.001653, 0.001715, 0.001655, 0.001777, 0.001715, 0.001716, 0.001715, 0.001562, 0.001653, 0.001683, 0.001592, 0.001653, 0.001653, 0.001653, 0.001561, 0.001561, 0.001470, 0.001470, 0.001592, 0.001470, 0.001501, 0.001471, 0.001441, 0.001288, 0.001503, 0.001410, 0.001563, 0.001411, 0.001625, 0.001441, 0.001563, 0.001349, 0.001654, 0.001409, 0.001562, 0.001440, 0.001653, 0.001622, 0.001653, 0.001561, 0.001622, 0.001439, 0.001714, 0.001653, 0.001744, 0.001470, 0.001592, 0.001561, 0.001653, 0.001561, 0.001805, 0.001561, 0.001683, 0.001592, 0.001653, 0.001469, 0.001714, 0.001592, 0.001684, 0.001500, 0.001653, 0.001379, 0.001563, 0.001410, 0.001625, 0.001443, 0.001504, 0.001321, 0.001504, 0.001412, 0.001474, 0.001474, 0.001534, 0.001565, 0.001535, 0.001412, 0.001563, 0.001563, 0.001563, 0.001503, 0.001471, 0.001502, 0.001532
11 , 1, 1, 1, 1, 1, 1, 1
11 , 0.005986, 0.006317, 0.006375, 0.006068, 0.005885, 0.005457, 0.005247
12 , 0.001561, 0.001622, 0.001439, 0.001714, 0.001653, 0.001744, 0.001470, 0.001592, 0.001561, 0.001653, 0.001561, 0.001805, 0.001561, 0.001683, 0.001592, 0.001653, 0.001469, 0.001714, 0.001592, 0.001684, 0.001500, 0.001653, 0.001379, 0.001563, 0.001410, 0.001625, 0.001443, 0.001504, 0.001321, 0.001504, 0.001412, 0.001474, 0.001474, 0.001534, 0.001565, 0.001535, 0.001412, 0.001563, 0.001563, 0.001563, 0.001503, 0.001471, 0.001502, 0.001532, 0.001593, 0.001593, 0.001654, 0.001501, 0.001562, 0.001562, 0.001684, 0.001714, 0.001593, 0.001562, 0.001653, 0.001500, 0.001714, 0.001531, 0.001623, 0.001470, 0.001500, 0.001439, 0.001561, 0.001622, 0.001897, 0.001561, 0.001775, 0.001531, 0.001744, 0.001592, 0.001683, 0.001531, 0.001684, 0.001561, 0.001745, 0.001501, 0.001716, 0.001472, 0.001655, 0.001471, 0.001563, 0.001471, 0.001716, 0.001472, 0.001503, 0.001502, 0.001502, 0.001410, 0.001502, 0.001440, 0.001592, 0.001531
12 , 1, 1, 1, 1, 1, 1, 1
12 , 0.003278, 0.003854, 0.003636, 0.003818, 0.003420, 0.003635, 0.003331
13 , 0.001501, 0.001562, 0.001562, 0.001684, 0.001714, 0.001593, 0.001562, 0.001653, 0.001500, 0.001714, 0.001531, 0.001623, 0.001470, 0.001500, 0.001439, 0.001561, 0.001622, 0.001897, 0.001561, 0.001775, 0.001531, 0.001744, 0.001592, 0.001683, 0.001531, 0.001684, 0.001561, 0.001745, 0.001501, 0.001716, 0.001472, 0.001655, 0.001471, 0.001563, 0.001471, 0.001716, 0.001472, 0.001503, 0.001502, 0.001502, 0.001410, 0.001502, 0.001440, 0.001592, 0.001531, 0.001653, 0.001531, 0.001683, 0.001470, 0.001561, 0.001500, 0.001592, 0.001592, 0.001653, 0.001653, 0.001439, 0.001470, 0.001622, 0.001470, 0.001501, 0.001532, 0.001380, 0.001443, 0.001473, 0.001443, 0.001413, 0.001475, 0.001413, 0.001505, 0.001323, 0.001506, 0.001383, 0.001447, 0.001415, 0.001568, 0.001293, 0.001445, 0.001353, 0.001506, 0.001413, 0.001445, 0.001384, 0.001628, 0.001442, 0.001564, 0.001441, 0.001625, 0.001380, 0.001624, 0.001500, 0.001593, 0.001501
13 , 1, 1, 1, 1, 1, 2, 2
13 , 0.001561, 0.001966, 0.001181, 0.001463, 0.000952, 0.001269, 0.001623
14 , 0.001683, 0.001470, 0.001561, 0.001500, 0.001592, 0.001592, 0.001653, 0.001653, 0.001439, 0.001470, 0.001622, 0.001470, 0.001501, 0.001532, 0.001380, 0.001443, 0.001473, 0.001443, 0.001413, 0.001475, 0.001413, 0.001505, 0.001323, 0.001506, 0.001383, 0.001447, 0.001415, 0.001568, 0.001293, 0.001445, 0.001353, 0.001506, 0.001413, 0.001445, 0.001384, 0.001628, 0.001442, 0.001564, 0.001441, 0.001625, 0.001380, 0.001624, 0.001500, 0.001593, 0.001501, 0.001594, 0.001470, 0.001685, 0.001349, 0.001623, 0.001379, 0.001564, 0.001502, 0.001684, 0.001623, 0.001653, 0.001500, 0.001684, 0.001592, 0.001683, 0.001592, 0.001683, 0.001592, 0.001683, 0.001439, 0.001653, 0.001531, 0.001622, 0.001561, 0.001561, 0.001592, 0.001653, 0.001684, 0.001714, 0.001714, 0.001623, 0.001623, 0.001745, 0.001745, 0.001684, 0.001684, 0.001561, 0.001592, 0.001562, 0.001653, 0.001622, 0.001653, 0.001500, 0.001530, 0.001500, 0.001683, 0.001531
14 , 2, 2, 2, 2, 2, 2, 2
14 , 0.002613, 0.002410, 0.002144, 0.001971, 0.001311, 0.000986, 0.000387
15 , 0.001470, 0.001685, 0.001349, 0.001623, 0.001379, 0.001564, 0.001502, 0.001684, 0.001623, 0.001653, 0.001500, 0.001684, 0.001592, 0.001683, 0.001592, 0.001683, 0.001592, 0.001683, 0.001439, 0.001653, 0.001531, 0.001622, 0.001561, 0.001561, 0.001592, 0.001653, 0.001684, 0.001714, 0.001714, 0.001623, 0.001623, 0.001745, 0.001745, 0.001684, 0.001684, 0.001561, 0.001592, 0.001562, 0.001653, 0.001622, 0.001653, 0.001500, 0.001530, 0.001500, 0.001683, 0.001531, 0.001684, 0.001501, 0.001624, 0.001471, 0.001502, 0.001319, 0.001442, 0.001411, 0.001626, 0.001258, 0.001533, 0.001381, 0.001686, 0.001350, 0.001565, 0.001411, 0.001534, 0.001410, 0.001442, 0.001501, 0.001684, 0.001500, 0.001653, 0.001531, 0.001623, 0.001409, 0.001470, 0.001439, 0.001592, 0.001500, 0.001562, 0.001501, 0.001623, 0.001531, 0.001502, 0.001472, 0.001533, 0.001351, 0.001503, 0.001534, 0.001443, 0.001473, 0.001534, 0.001381, 0.001473, 0.001443
15 , 0, 0, 0, 3, 0, 0, 0
15 , 0.001624, 0.001353, 0.001265, 0.001265, 0.001214, 0.001496, 0.001228
16 , 0.001684, 0.001501, 0.001624, 0.001471, 0.001502, 0.001319, 0.001442, 0.001411, 0.001626, 0.001258, 0.001533, 0.001381, 0.001686, 0.001350, 0.001565, 0.001411, 0.001534, 0.001410, 0.001442, 0.001501, 0.001684, 0.001500, 0.001653, 0.001531, 0.001623, 0.001409, 0.001470, 0.001439, 0.001592, 0.001500, 0.001562, 0.001501, 0.001623, 0.001531, 0.001502, 0.001472, 0.001533, 0.001351, 0.001503, 0.001534, 0.001443, 0.001473, 0.001534, 0.001381, 0.001473, 0.001443, 0.001503, 0.001412, 0.001503, 0.001412, 0.001351, 0.001504, 0.001381, 0.001533, 0.001443, 0.001565, 0.001533, 0.001594, 0.001441, 0.001655, 0.001533, 0.001593, 0.001623, 0.001715, 0.001531, 0.001683, 0.001500, 0.001684, 0.001439, 0.001592, 0.001592, 0.001775, 0.001500, 0.001683, 0.001408, 0.001561, 0.001530, 0.001622, 0.001592, 0.001714, 0.001531, 0.001622, 0.001500, 0.001561, 0.001439, 0.001592, 0.001470, 0.001685, 0.001501, 0.001653, 0.001562, 0.001562
16 , 0, 0, 0, 0, 2, 2, 2
16 , 0.001284, 0.001504, 0.001084, 0.000998, 0.000314, 0.000530, 0.000348
