0 , 0.001417, 0.001511, 0.001431, 0.001323, 0.001608, 0.001433, 0.001582, 0.001491, 0.001431, 0.001576, 0.001601, 0.001672, 0.001459, 0.001601, 0.001702, 0.001608, 0.001596, 0.001336, 0.001404, 0.001539, 0.001528, 0.001267, 0.001601, 0.000196, 0.001578, 0.001491, 0.001578, 0.001392, 0.001340, 0.001310, 0.001275, 0.001314, 0.001328, 0.001397, 0.001285, 0.001424, 0.001190, 0.001419, 0.001164, 0.001442, 0.001157, 0.001314, 0.001158, 0.001360, 0.001202, 0.001498, 0.000666, 0.000622, 0.001228, 0.001338, 0.001471, 0.001292, 0.001468, 0.001594, 0.001521, 0.001555, 0.001432, 0.001674, 0.001546, 0.001523, 0.001594, 0.001425, 0.001667, 0.001617, 0.001548, 0.001535, 0.001468, 0.001541, 0.001535, 0.001523, 0.001786, 0.000990, 0.001093, 0.001428, 0.001189, 0.001227, 0.001006, 0.001064, 0.000879, 0.001130, 0.000945, 0.001090, 0.000880, 0.000939, 0.001021, 0.001141, 0.000805, 0.001071, 0.001052, 0.001184, 0.001049, 0.001059
0 , 1, 1, 1, 1, 1, 1, 1
0 , 0.008562, 0.009800, 0.011694, 0.014294, 0.015710, 0.013088, 0.013729
1 , 0.001471, 0.001292, 0.001468, 0.001594, 0.001521, 0.001555, 0.001432, 0.001674, 0.001546, 0.001523, 0.001594, 0.001425, 0.001667, 0.001617, 0.001548, 0.001535, 0.001468, 0.001541, 0.001535, 0.001523, 0.001786, 0.000990, 0.001093, 0.001428, 0.001189, 0.001227, 0.001006, 0.001064, 0.000879, 0.001130, 0.000945, 0.001090, 0.000880, 0.000939, 0.001021, 0.001141, 0.000805, 0.001071, 0.001052, 0.001184, 0.001049, 0.001059, 0.001103, 0.001233, 0.001265, 0.001068, 0.001095, 0.000478, 0.001152, 0.001413, 0.001325, 0.001506, 0.001316, 0.001623, 0.001449, 0.001506, 0.001470, 0.001374, 0.001557, 0.001557, 0.001651, 0.001452, 0.001500, 0.001576, 0.001301, 0.001440, 0.001404, 0.001497, 0.001539, 0.001273, 0.001451, 0.001314, 0.000707, 0.001673, 0.001642, 0.001573, 0.001387, 0.001503, 0.001499, 0.001439, 0.001486, 0.001344, 0.001370, 0.001195, 0.001338, 0.001208, 0.001296, 0.001244, 0.001242, 0.001086, 0.001395, 0.000982
1 , 1, 1, 1, 1, 1, 1, 1
1 , 0.008559, 0.010446, 0.011807, 0.012178, 0.013343, 0.013049, 0.013093
2 , 0.001325, 0.001506, 0.001316, 0.001623, 0.001449, 0.001506, 0.001470, 0.001374, 0.001557, 0.001557, 0.001651, 0.001452, 0.001500, 0.001576, 0.001301, 0.001440, 0.001404, 0.001497, 0.001539, 0.001273, 0.001451, 0.001314, 0.000707, 0.001673, 0.001642, 0.001573, 0.001387, 0.001503, 0.001499, 0.001439, 0.001486, 0.001344, 0.001370, 0.001195, 0.001338, 0.001208, 0.001296, 0.001244, 0.001242, 0.001086, 0.001395, 0.000982, 0.001223, 0.000968, 0.001385, 0.000150, 0.001088, 0.001377, 0.001411, 0.001593, 0.001469, 0.001511, 0.001650, 0.001503, 0.001686, 0.001510, 0.001709, 0.001812, 0.001643, 0.001761, 0.001578, 0.001657, 0.001829, 0.001681, 0.001672, 0.001615, 0.001873, 0.001746, 0.001620, 0.001651, 0.001398, 0.002074, 0.000355, 0.001371, 0.001121, 0.001291, 0.001048, 0.001217, 0.001003, 0.001244, 0.001065, 0.001225, 0.001019, 0.001098, 0.001098, 0.001165, 0.001130, 0.001105, 0.001160, 0.001181, 0.001258, 0.001235
2 , 1, 1, 1, 1, 1, 1, 1
2 , 0.009704, 0.011061, 0.014556, 0.015155, 0.015382, 0.014057, 0.014263
3 , 0.001469, 0.001511, 0.001650, 0.001503, 0.001686, 0.001510, 0.001709, 0.001812, 0.001643, 0.001761, 0.001578, 0.001657, 0.001829, 0.001681, 0.001672, 0.001615, 0.001873, 0.001746, 0.001620, 0.001651, 0.001398, 0.002074, 0.000355, 0.001371, 0.001121, 0.001291, 0.001048, 0.001217, 0.001003, 0.001244, 0.001065, 0.001225, 0.001019, 0.001098, 0.001098, 0.001165, 0.001130, 0.001105, 0.001160, 0.001181, 0.001258, 0.001235, 0.001256, 0.001053, 0.001315, 0.001294, 0.001340, 0.000941, 0.000575, 0.001179, 0.001131, 0.001077, 0.001236, 0.001412, 0.001220, 0.001359, 0.001187, 0.001413, 0.001250, 0.001277, 0.001307, 0.001260, 0.001499, 0.001267, 0.001343, 0.001346, 0.001352, 0.001591, 0.001450, 0.001509, 0.001336, 0.001757, 0.001231, 0.001158, 0.001333, 0.001248, 0.001171, 0.001021, 0.001090, 0.001021, 0.001262, 0.001117, 0.001241, 0.001048, 0.001182, 0.000989, 0.001135, 0.000982, 0.001248, 0.001040, 0.001295, 0.001098
3 , 1, 1, 1, 1, 1, 1, 1
3 , 0.010730, 0.011885, 0.012405, 0.013852, 0.013357, 0.014706, 0.013808
4 , 0.001077, 0.001236, 0.001412, 0.001220, 0.001359, 0.001187, 0.001413, 0.001250, 0.001277, 0.001307, 0.001260, 0.001499, 0.001267, 0.001343, 0.001346, 0.001352, 0.001591, 0.001450, 0.001509, 0.001336, 0.001757, 0.001231, 0.001158, 0.001333, 0.001248, 0.001171, 0.001021, 0.001090, 0.001021, 0.001262, 0.001117, 0.001241, 0.001048, 0.001182, 0.000989, 0.001135, 0.000982, 0.001248, 0.001040, 0.001295, 0.001098, 0.001367, 0.001191, 0.001448, 0.001302, 0.000110, 0.001251, 0.001204, 0.001111, 0.000906, 0.001221, 0.001055, 0.001164, 0.001091, 0.001194, 0.001386, 0.001273, 0.001376, 0.001224, 0.001458, 0.001518, 0.001273, 0.001424, 0.001356, 0.001445, 0.001647, 0.001541, 0.001532, 0.001450, 0.001863, 0.000417, 0.001408, 0.001288, 0.001435, 0.001179, 0.001299, 0.001156, 0.001295, 0.001082, 0.001290, 0.001103, 0.001300, 0.001360, 0.001347, 0.001208, 0.001367, 0.001384, 0.001409, 0.001452, 0.001456, 0.001413, 0.001348
4 , 2, 2, 1, 2, 2, 1, 1
4 , 0.002844, 0.003496, 0.006569, 0.005363, 0.005230, 0.005604, 0.006158
5 , 0.001111, 0.000906, 0.001221, 0.001055, 0.001164, 0.001091, 0.001194, 0.001386, 0.001273, 0.001376, 0.001224, 0.001458, 0.001518, 0.001273, 0.001424, 0.001356, 0.001445, 0.001647, 0.001541, 0.001532, 0.001450, 0.001863, 0.000417, 0.001408, 0.001288, 0.001435, 0.001179, 0.001299, 0.001156, 0.001295, 0.001082, 0.001290, 0.001103, 0.001300, 0.001360, 0.001347, 0.001208, 0.001367, 0.001384, 0.001409, 0.001452, 0.001456, 0.001413, 0.001348, 0.001443, 0.001266, 0.001586, 0.000430, 0.000788, 0.001125, 0.001084, 0.001118, 0.000971, 0.001415, 0.001354, 0.001450, 0.001352, 0.001502, 0.001601, 0.001566, 0.001706, 0.001464, 0.001634, 0.001550, 0.001499, 0.001580, 0.001358, 0.001644, 0.001580, 0.001544, 0.001400, 0.001778, 0.000321, 0.001485, 0.001464, 0.001397, 0.001316, 0.001267, 0.001246, 0.001286, 0.001420, 0.001276, 0.001316, 0.000991, 0.001267, 0.001172, 0.001364, 0.001118, 0.001193, 0.001144, 0.001327, 0.000959
5 , 3, 3, 1, 1, 1, 1, 1
5 , 0.003128, 0.002189, 0.002636, 0.003827, 0.004921, 0.004889, 0.005611
6 , 0.000971, 0.001415, 0.001354, 0.001450, 0.001352, 0.001502, 0.001601, 0.001566, 0.001706, 0.001464, 0.001634, 0.001550, 0.001499, 0.001580, 0.001358, 0.001644, 0.001580, 0.001544, 0.001400, 0.001778, 0.000321, 0.001485, 0.001464, 0.001397, 0.001316, 0.001267, 0.001246, 0.001286, 0.001420, 0.001276, 0.001316, 0.000991, 0.001267, 0.001172, 0.001364, 0.001118, 0.001193, 0.001144, 0.001327, 0.000959, 0.001324, 0.001006, 0.001354, 0.000698, 0.000790, 0.001383, 0.001412, 0.001591, 0.001510, 0.001658, 0.001553, 0.001658, 0.001738, 0.001554, 0.001820, 0.001878, 0.001789, 0.001700, 0.001561, 0.001819, 0.001791, 0.001752, 0.001632, 0.001578, 0.001746, 0.001487, 0.001433, 0.001587, 0.001027, 0.000992, 0.001529, 0.001581, 0.001525, 0.001299, 0.001549, 0.001341, 0.001545, 0.001376, 0.001445, 0.001121, 0.001397, 0.001138, 0.001367, 0.001341, 0.001441, 0.001350, 0.001300, 0.001175, 0.001305, 0.001437, 0.001456, 0.001351
6 , 1, 1, 1, 1, 1, 1, 1
6 , 0.011285, 0.012753, 0.010073, 0.010808, 0.011443, 0.011440, 0.011753
7 , 0.001591, 0.001510, 0.001658, 0.001553, 0.001658, 0.001738, 0.001554, 0.001820, 0.001878, 0.001789, 0.001700, 0.001561, 0.001819, 0.001791, 0.001752, 0.001632, 0.001578, 0.001746, 0.001487, 0.001433, 0.001587, 0.001027, 0.000992, 0.001529, 0.001581, 0.001525, 0.001299, 0.001549, 0.001341, 0.001545, 0.001376, 0.001445, 0.001121, 0.001397, 0.001138, 0.001367, 0.001341, 0.001441, 0.001350, 0.001300, 0.001175, 0.001305, 0.001437, 0.001456, 0.001351, 0.001302, 0.001412, 0.000247, 0.001141, 0.001246, 0.001330, 0.001401, 0.001293, 0.001569, 0.001363, 0.001569, 0.001504, 0.001445, 0.001729, 0.001493, 0.001601, 0.001439, 0.001535, 0.001692, 0.001443, 0.001722, 0.001415, 0.001605, 0.001616, 0.001567, 0.001578, 0.001614, 0.000250, 0.001330, 0.001197, 0.001296, 0.001052, 0.001130, 0.000950, 0.001100, 0.001029, 0.001059, 0.000999, 0.000959, 0.001074, 0.000975, 0.001125, 0.001009, 0.001079, 0.000773, 0.000983, 0.000968
7 , 1, 1, 1, 1, 1, 1, 1
7 , 0.011208, 0.013041, 0.014377, 0.014384, 0.016377, 0.015326, 0.015806
8 , 0.001330, 0.001401, 0.001293, 0.001569, 0.001363, 0.001569, 0.001504, 0.001445, 0.001729, 0.001493, 0.001601, 0.001439, 0.001535, 0.001692, 0.001443, 0.001722, 0.001415, 0.001605, 0.001616, 0.001567, 0.001578, 0.001614, 0.000250, 0.001330, 0.001197, 0.001296, 0.001052, 0.001130, 0.000950, 0.001100, 0.001029, 0.001059, 0.000999, 0.000959, 0.001074, 0.000975, 0.001125, 0.001009, 0.001079, 0.000773, 0.000983, 0.000968, 0.001133, 0.000817, 0.001191, 0.000028, 0.001090, 0.001513, 0.001411, 0.001538, 0.001277, 0.001429, 0.001480, 0.001347, 0.001569, 0.001258, 0.001644, 0.001463, 0.001580, 0.001557, 0.001312, 0.001518, 0.001445, 0.001466, 0.001270, 0.001263, 0.001574, 0.001393, 0.001290, 0.001702, 0.000279, 0.001276, 0.001408, 0.001392, 0.001362, 0.001181, 0.001160, 0.001051, 0.001191, 0.000896, 0.001230, 0.001026, 0.001292, 0.001153, 0.001318, 0.001056, 0.001376, 0.001095, 0.001374, 0.001174, 0.001323, 0.001137
8 , 1, 1, 1, 1, 1, 1, 1
8 , 0.011861, 0.013771, 0.017812, 0.017032, 0.014557, 0.014789, 0.014345
9 , 0.001411, 0.001538, 0.001277, 0.001429, 0.001480, 0.001347, 0.001569, 0.001258, 0.001644, 0.001463, 0.001580, 0.001557, 0.001312, 0.001518, 0.001445, 0.001466, 0.001270, 0.001263, 0.001574, 0.001393, 0.001290, 0.001702, 0.000279, 0.001276, 0.001408, 0.001392, 0.001362, 0.001181, 0.001160, 0.001051, 0.001191, 0.000896, 0.001230, 0.001026, 0.001292, 0.001153, 0.001318, 0.001056, 0.001376, 0.001095, 0.001374, 0.001174, 0.001323, 0.001137, 0.001172, 0.001021, 0.001253, 0.000882, 0.000844, 0.001401, 0.001403, 0.001412, 0.001531, 0.001391, 0.001660, 0.001386, 0.001532, 0.001482, 0.001408, 0.001583, 0.001429, 0.001642, 0.001466, 0.001504, 0.001605, 0.001443, 0.001539, 0.001356, 0.001349, 0.001608, 0.001520, 0.001889, 0.001009, 0.000852, 0.001422, 0.001349, 0.001333, 0.001263, 0.001141, 0.001002, 0.001100, 0.000994, 0.001094, 0.000973, 0.001118, 0.001023, 0.000923, 0.000928, 0.000998, 0.001024, 0.000934, 0.001051
9 , 1, 1, 1, 1, 1, 1, 1
9 , 0.008352, 0.010440, 0.012168, 0.013544, 0.013588, 0.013705, 0.013087
10 , 0.001412, 0.001531, 0.001391, 0.001660, 0.001386, 0.001532, 0.001482, 0.001408, 0.001583, 0.001429, 0.001642, 0.001466, 0.001504, 0.001605, 0.001443, 0.001539, 0.001356, 0.001349, 0.001608, 0.001520, 0.001889, 0.001009, 0.000852, 0.001422, 0.001349, 0.001333, 0.001263, 0.001141, 0.001002, 0.001100, 0.000994, 0.001094, 0.000973, 0.001118, 0.001023, 0.000923, 0.000928, 0.000998, 0.001024, 0.000934, 0.001051, 0.001116, 0.001228, 0.001059, 0.001422, 0.000467, 0.001077, 0.001404, 0.001368, 0.001415, 0.001433, 0.001527, 0.001742, 0.001459, 0.001480, 0.001351, 0.001733, 0.001621, 0.001630, 0.001632, 0.001575, 0.001822, 0.001573, 0.001685, 0.001620, 0.001616, 0.001811, 0.001648, 0.001702, 0.001729, 0.001557, 0.002036, 0.000234, 0.001263, 0.001118, 0.001238, 0.001068, 0.001088, 0.000938, 0.001038, 0.000954, 0.001195, 0.000900, 0.001141, 0.000943, 0.001276, 0.001174, 0.001267, 0.001240, 0.001374, 0.001214, 0.001460
10 , 1, 1, 1, 1, 1, 1, 1
10 , 0.014642, 0.016025, 0.019712, 0.019826, 0.020081, 0.017834, 0.017609
11 , 0.001433, 0.001527, 0.001742, 0.001459, 0.001480, 0.001351, 0.001733, 0.001621, 0.001630, 0.001632, 0.001575, 0.001822, 0.001573, 0.001685, 0.001620, 0.001616, 0.001811, 0.001648, 0.001702, 0.001729, 0.001557, 0.002036, 0.000234, 0.001263, 0.001118, 0.001238, 0.001068, 0.001088, 0.000938, 0.001038, 0.000954, 0.001195, 0.000900, 0.001141, 0.000943, 0.001276, 0.001174, 0.001267, 0.001240, 0.001374, 0.001214, 0.001460, 0.001300, 0.001293, 0.001228, 0.001290, 0.001311, 0.001316, 0.001248, 0.001230, 0.001225, 0.001311, 0.001402, 0.001193, 0.001202, 0.001200, 0.001159, 0.001114, 0.001217, 0.001173, 0.001262, 0.001122, 0.001272, 0.001126, 0.001120, 0.000969, 0.001159, 0.000928, 0.001088, 0.000903, 0.001078, 0.000878, 0.001219, 0.000953, 0.001033, 0.000939, 0.001285, 0.000894, 0.001245, 0.001016, 0.001337, 0.001022, 0.001224, 0.001033, 0.001214, 0.001105, 0.001305, 0.001139, 0.001496, 0.001340, 0.001396, 0.001297
11 , 1, 1, 1, 2, 2, 2, 2
11 , 0.010181, 0.010616, 0.010190, 0.011467, 0.010216, 0.010059, 0.010194
12 , 0.001230, 0.001225, 0.001311, 0.001402, 0.001193, 0.001202, 0.001200, 0.001159, 0.001114, 0.001217, 0.001173, 0.001262, 0.001122, 0.001272, 0.001126, 0.001120, 0.000969, 0.001159, 0.000928, 0.001088, 0.000903, 0.001078, 0.000878, 0.001219, 0.000953, 0.001033, 0.000939, 0.001285, 0.000894, 0.001245, 0.001016, 0.001337, 0.001022, 0.001224, 0.001033, 0.001214, 0.001105, 0.001305, 0.001139, 0.001496, 0.001340, 0.001396, 0.001297, 0.001470, 0.001280, 0.001547, 0.001275, 0.001383, 0.001288, 0.001379, 0.001219, 0.001353, 0.001284, 0.001310, 0.001284, 0.001310, 0.001314, 0.001496, 0.001341, 0.001233, 0.001263, 0.001401, 0.001409, 0.001306, 0.001322, 0.001331, 0.001267, 0.001328, 0.001341, 0.001290, 0.001222, 0.001154, 0.001251, 0.001030, 0.001209, 0.001251, 0.001306, 0.001068, 0.001371, 0.001135, 0.001304, 0.001156, 0.001390, 0.001084, 0.001309, 0.001232, 0.001381, 0.001082, 0.001337, 0.001047, 0.001299, 0.001169
12 , 1, 1, 3, 3, 3, 3, 3
12 , 0.003373, 0.003314, 0.002884, 0.003250, 0.003759, 0.004023, 0.004273
13 , 0.001284, 0.001310, 0.001284, 0.001310, 0.001314, 0.001496, 0.001341, 0.001233, 0.001263, 0.001401, 0.001409, 0.001306, 0.001322, 0.001331, 0.001267, 0.001328, 0.001341, 0.001290, 0.001222, 0.001154, 0.001251, 0.001030, 0.001209, 0.001251, 0.001306, 0.001068, 0.001371, 0.001135, 0.001304, 0.001156, 0.001390, 0.001084, 0.001309, 0.001232, 0.001381, 0.001082, 0.001337, 0.001047, 0.001299, 0.001169, 0.001272, 0.001026, 0.001216, 0.001063, 0.001313, 0.001042, 0.001311, 0.001112, 0.001191, 0.001072, 0.001364, 0.001269, 0.001392, 0.001274, 0.001529, 0.001318, 0.001392, 0.001118, 0.001337, 0.001142, 0.001216, 0.001253, 0.001429, 0.001320, 0.001429, 0.001267, 0.001372, 0.001167, 0.001367, 0.001197, 0.001288, 0.001172, 0.001283, 0.001139, 0.001304, 0.001269, 0.001332, 0.001223, 0.001281, 0.001216, 0.001237, 0.001225, 0.001242, 0.001207, 0.001165, 0.001181, 0.001232, 0.001364, 0.001379, 0.001478, 0.001344, 0.001327
13 , 1, 1, 1, 1, 1, 1, 1
13 , 0.003189, 0.002746, 0.002995, 0.002329, 0.002289, 0.002261, 0.002399
14 , 0.001311, 0.001112, 0.001191, 0.001072, 0.001364, 0.001269, 0.001392, 0.001274, 0.001529, 0.001318, 0.001392, 0.001118, 0.001337, 0.001142, 0.001216, 0.001253, 0.001429, 0.001320, 0.001429, 0.001267, 0.001372, 0.001167, 0.001367, 0.001197, 0.001288, 0.001172, 0.001283, 0.001139, 0.001304, 0.001269, 0.001332, 0.001223, 0.001281, 0.001216, 0.001237, 0.001225, 0.001242, 0.001207, 0.001165, 0.001181, 0.001232, 0.001364, 0.001379, 0.001478, 0.001344, 0.001327, 0.001296, 0.001404, 0.001326, 0.001437, 0.001308, 0.001433, 0.001407, 0.001416, 0.001317, 0.001386, 0.001279, 0.001376, 0.001105, 0.001339, 0.001193, 0.001272, 0.001095, 0.001321, 0.001005, 0.001205, 0.001095, 0.001305, 0.001181, 0.001390, 0.001091, 0.001265, 0.001151, 0.001356, 0.001143, 0.001362, 0.001132, 0.001176, 0.001037, 0.001221, 0.001146, 0.001270, 0.000979, 0.001169, 0.000973, 0.001179, 0.000953, 0.001153, 0.001003, 0.001274, 0.001033, 0.001265
14 , 1, 1, 1, 1, 1, 1, 1
14 , 0.002959, 0.002831, 0.003353, 0.002971, 0.003010, 0.002633, 0.002741
15 , 0.001326, 0.001437, 0.001308, 0.001433, 0.001407, 0.001416, 0.001317, 0.001386, 0.001279, 0.001376, 0.001105, 0.001339, 0.001193, 0.001272, 0.001095, 0.001321, 0.001005, 0.001205, 0.001095, 0.001305, 0.001181, 0.001390, 0.001091, 0.001265, 0.001151, 0.001356, 0.001143, 0.001362, 0.001132, 0.001176, 0.001037, 0.001221, 0.001146, 0.001270, 0.000979, 0.001169, 0.000973, 0.001179, 0.000953, 0.001153, 0.001003, 0.001274, 0.001033, 0.001265, 0.001105, 0.001311, 0.001113, 0.001338, 0.001205, 0.001432, 0.001244, 0.001411, 0.001288, 0.001476, 0.001411, 0.001441, 0.001467, 0.001669, 0.001355, 0.001469, 0.001239, 0.001378, 0.001260, 0.001344, 0.001151, 0.001422, 0.001316, 0.001340, 0.001244, 0.001244, 0.001286, 0.001289, 0.001278, 0.001322, 0.001226, 0.001251, 0.001251, 0.001231, 0.001266, 0.001316, 0.001316, 0.001176, 0.001363, 0.001259, 0.001319, 0.001340, 0.001470, 0.001435, 0.001511, 0.001376, 0.001351, 0.001272
15 , 1, 1, 1, 1, 1, 1, 1
15 , 0.003925, 0.004109, 0.003692, 0.004143, 0.003505, 0.003518, 0.002815
16 , 0.001432, 0.001244, 0.001411, 0.001288, 0.001476, 0.001411, 0.001441, 0.001467, 0.001669, 0.001355, 0.001469, 0.001239, 0.001378, 0.001260, 0.001344, 0.001151, 0.001422, 0.001316, 0.001340, 0.001244, 0.001244, 0.001286, 0.001289, 0.001278, 0.001322, 0.001226, 0.001251, 0.001251, 0.001231, 0.001266, 0.001316, 0.001316, 0.001176, 0.001363, 0.001259, 0.001319, 0.001340, 0.001470, 0.001435, 0.001511, 0.001376, 0.001351, 0.001272, 0.001395, 0.001225, 0.001478, 0.001420, 0.001406, 0.001346, 0.001502, 0.001246, 0.001406, 0.001230, 0.001425, 0.001219, 0.001379, 0.001159, 0.001278, 0.001108, 0.001306, 0.001241, 0.001320, 0.001250, 0.001361, 0.001171, 0.001341, 0.001127, 0.001267, 0.001108, 0.001322, 0.001121, 0.001438, 0.001138, 0.001357, 0.001243, 0.001428, 0.001292, 0.001478, 0.001273, 0.001397, 0.001151, 0.001340, 0.001024, 0.001214, 0.001089, 0.001274, 0.001078, 0.001314, 0.001043, 0.001193, 0.001023, 0.001148
16 , 1, 1, 1, 1, 1, 1, 1
16 , 0.002073, 0.002020, 0.001837, 0.001457, 0.001703, 0.001456, 0.001498
