0 , 0.001172, 0.001420, 0.001191, 0.001363, 0.001155, 0.001420, 0.001582, 0.001564, 0.001697, 0.001475, 0.001711, 0.001690, 0.001468, 0.001551, 0.001418, 0.001647, 0.001576, 0.001601, 0.001549, 0.001457, 0.001823, 0.001531, 0.001923, 0.000296, 0.001317, 0.001300, 0.001328, 0.001192, 0.001061, 0.001233, 0.000957, 0.001168, 0.001050, 0.001105, 0.001064, 0.001208, 0.001138, 0.001303, 0.001143, 0.001208, 0.001194, 0.001129, 0.001219, 0.001217, 0.001269, 0.001284, 0.000833, 0.000954, 0.001036, 0.001311, 0.001381, 0.001328, 0.001331, 0.001331, 0.001596, 0.001348, 0.001540, 0.001532, 0.001535, 0.001729, 0.001592, 0.001622, 0.001492, 0.001654, 0.001734, 0.001514, 0.001759, 0.001674, 0.001832, 0.001594, 0.002013, 0.000533, 0.001214, 0.001173, 0.001271, 0.001136, 0.001187, 0.001161, 0.001173, 0.001117, 0.001126, 0.000994, 0.001084, 0.001022, 0.001259, 0.001141, 0.001322, 0.001118, 0.001256, 0.001233, 0.001463, 0.001091
0 , 1, 1, 1, 1, 1, 1, 1
0 , 0.009071, 0.010409, 0.013118, 0.016281, 0.016773, 0.015154, 0.015096
1 , 0.001381, 0.001328, 0.001331, 0.001331, 0.001596, 0.001348, 0.001540, 0.001532, 0.001535, 0.001729, 0.001592, 0.001622, 0.001492, 0.001654, 0.001734, 0.001514, 0.001759, 0.001674, 0.001832, 0.001594, 0.002013, 0.000533, 0.001214, 0.001173, 0.001271, 0.001136, 0.001187, 0.001161, 0.001173, 0.001117, 0.001126, 0.000994, 0.001084, 0.001022, 0.001259, 0.001141, 0.001322, 0.001118, 0.001256, 0.001233, 0.001463, 0.001091, 0.001339, 0.001148, 0.001224, 0.001004, 0.001275, 0.000629, 0.001327, 0.001359, 0.001577, 0.001437, 0.001713, 0.001596, 0.001899, 0.001841, 0.001894, 0.001871, 0.001782, 0.001914, 0.001781, 0.001832, 0.001773, 0.001608, 0.001903, 0.001674, 0.001774, 0.001609, 0.001642, 0.001843, 0.001737, 0.001476, 0.001062, 0.001261, 0.001402, 0.001152, 0.001242, 0.001124, 0.001336, 0.001016, 0.001352, 0.001153, 0.001248, 0.001121, 0.001272, 0.000974, 0.001423, 0.001207, 0.001333, 0.001108, 0.001328, 0.001239
1 , 1, 1, 1, 1, 1, 1, 1
1 , 0.013577, 0.015539, 0.018880, 0.018318, 0.019706, 0.019086, 0.018693
2 , 0.001577, 0.001437, 0.001713, 0.001596, 0.001899, 0.001841, 0.001894, 0.001871, 0.001782, 0.001914, 0.001781, 0.001832, 0.001773, 0.001608, 0.001903, 0.001674, 0.001774, 0.001609, 0.001642, 0.001843, 0.001737, 0.001476, 0.001062, 0.001261, 0.001402, 0.001152, 0.001242, 0.001124, 0.001336, 0.001016, 0.001352, 0.001153, 0.001248, 0.001121, 0.001272, 0.000974, 0.001423, 0.001207, 0.001333, 0.001108, 0.001328, 0.001239, 0.001355, 0.001108, 0.001407, 0.000024, 0.001319, 0.001398, 0.001662, 0.001578, 0.001644, 0.001534, 0.001662, 0.001824, 0.001499, 0.001692, 0.001580, 0.001712, 0.001740, 0.001616, 0.001712, 0.001550, 0.001800, 0.001777, 0.001718, 0.001803, 0.001503, 0.001869, 0.001644, 0.001745, 0.001627, 0.001935, 0.000270, 0.001458, 0.001312, 0.001340, 0.001122, 0.001155, 0.001194, 0.001280, 0.001171, 0.001157, 0.001148, 0.001123, 0.001253, 0.001028, 0.001201, 0.001191, 0.001236, 0.001034, 0.001138, 0.001008
2 , 1, 1, 1, 1, 1, 1, 1
2 , 0.015595, 0.018094, 0.022547, 0.023747, 0.024146, 0.021362, 0.020918
3 , 0.001644, 0.001534, 0.001662, 0.001824, 0.001499, 0.001692, 0.001580, 0.001712, 0.001740, 0.001616, 0.001712, 0.001550, 0.001800, 0.001777, 0.001718, 0.001803, 0.001503, 0.001869, 0.001644, 0.001745, 0.001627, 0.001935, 0.000270, 0.001458, 0.001312, 0.001340, 0.001122, 0.001155, 0.001194, 0.001280, 0.001171, 0.001157, 0.001148, 0.001123, 0.001253, 0.001028, 0.001201, 0.001191, 0.001236, 0.001034, 0.001138, 0.001008, 0.001224, 0.001085, 0.001296, 0.001059, 0.001321, 0.000593, 0.000805, 0.001404, 0.001347, 0.001404, 0.001450, 0.001759, 0.001604, 0.001700, 0.001503, 0.001516, 0.001784, 0.001630, 0.001606, 0.001516, 0.001668, 0.001643, 0.001475, 0.001593, 0.001365, 0.001500, 0.001343, 0.001309, 0.001122, 0.001301, 0.000512, 0.001814, 0.001940, 0.001750, 0.001871, 0.001833, 0.001864, 0.001713, 0.001853, 0.001707, 0.001990, 0.001703, 0.001793, 0.001527, 0.001674, 0.001481, 0.001612, 0.001444, 0.001518, 0.001198
3 , 2, 2, 2, 2, 2, 2, 2
3 , 0.014013, 0.014865, 0.015355, 0.016602, 0.014305, 0.015790, 0.014276
4 , 0.001404, 0.001347, 0.001404, 0.001450, 0.001759, 0.001604, 0.001700, 0.001503, 0.001516, 0.001784, 0.001630, 0.001606, 0.001516, 0.001668, 0.001643, 0.001475, 0.001593, 0.001365, 0.001500, 0.001343, 0.001309, 0.001122, 0.001301, 0.000512, 0.001814, 0.001940, 0.001750, 0.001871, 0.001833, 0.001864, 0.001713, 0.001853, 0.001707, 0.001990, 0.001703, 0.001793, 0.001527, 0.001674, 0.001481, 0.001612, 0.001444, 0.001518, 0.001198, 0.001410, 0.001126, 0.001152, 0.000927, 0.000652, 0.001479, 0.001587, 0.001784, 0.001599, 0.001962, 0.002052, 0.002074, 0.002177, 0.001852, 0.002140, 0.002022, 0.002148, 0.002052, 0.002059, 0.002177, 0.002081, 0.002103, 0.001955, 0.002007, 0.002088, 0.002059, 0.001989, 0.001813, 0.002042, 0.000381, 0.001310, 0.001068, 0.001082, 0.000853, 0.001090, 0.000908, 0.001205, 0.001019, 0.001240, 0.001034, 0.001194, 0.001059, 0.001253, 0.001153, 0.001157, 0.001075, 0.001174, 0.001230, 0.001191
4 , 3, 3, 3, 3, 3, 3, 3
4 , 0.015319, 0.016897, 0.017619, 0.018617, 0.020298, 0.020206, 0.019486
5 , 0.001784, 0.001599, 0.001962, 0.002052, 0.002074, 0.002177, 0.001852, 0.002140, 0.002022, 0.002148, 0.002052, 0.002059, 0.002177, 0.002081, 0.002103, 0.001955, 0.002007, 0.002088, 0.002059, 0.001989, 0.001813, 0.002042, 0.000381, 0.001310, 0.001068, 0.001082, 0.000853, 0.001090, 0.000908, 0.001205, 0.001019, 0.001240, 0.001034, 0.001194, 0.001059, 0.001253, 0.001153, 0.001157, 0.001075, 0.001174, 0.001230, 0.001191, 0.001204, 0.001179, 0.001116, 0.001079, 0.001422, 0.000156, 0.001016, 0.001255, 0.001311, 0.001269, 0.001278, 0.001533, 0.001368, 0.001523, 0.001291, 0.001559, 0.001591, 0.001558, 0.001766, 0.001546, 0.001720, 0.001649, 0.001540, 0.001679, 0.001512, 0.001739, 0.001693, 0.001729, 0.001433, 0.001929, 0.000391, 0.001368, 0.001381, 0.001444, 0.001182, 0.001252, 0.001166, 0.001066, 0.001054, 0.000966, 0.001196, 0.001061, 0.001294, 0.001106, 0.001292, 0.001148, 0.001290, 0.001174, 0.001188, 0.001023
5 , 1, 1, 1, 1, 1, 1, 1
5 , 0.019241, 0.022546, 0.024807, 0.026303, 0.027615, 0.026400, 0.025366
6 , 0.001311, 0.001269, 0.001278, 0.001533, 0.001368, 0.001523, 0.001291, 0.001559, 0.001591, 0.001558, 0.001766, 0.001546, 0.001720, 0.001649, 0.001540, 0.001679, 0.001512, 0.001739, 0.001693, 0.001729, 0.001433, 0.001929, 0.000391, 0.001368, 0.001381, 0.001444, 0.001182, 0.001252, 0.001166, 0.001066, 0.001054, 0.000966, 0.001196, 0.001061, 0.001294, 0.001106, 0.001292, 0.001148, 0.001290, 0.001174, 0.001188, 0.001023, 0.001213, 0.000985, 0.001432, 0.000542, 0.000782, 0.001389, 0.001505, 0.001540, 0.001400, 0.001517, 0.001546, 0.001524, 0.001491, 0.001418, 0.001789, 0.001599, 0.001613, 0.001416, 0.001519, 0.001784, 0.001519, 0.001569, 0.001450, 0.001677, 0.001727, 0.001482, 0.001471, 0.001593, 0.000925, 0.001130, 0.001539, 0.001387, 0.001426, 0.001197, 0.001289, 0.001102, 0.001245, 0.001013, 0.001307, 0.001052, 0.001256, 0.001031, 0.001270, 0.001045, 0.001015, 0.000952, 0.001221, 0.000960, 0.001155, 0.001162
6 , 1, 1, 1, 1, 1, 1, 1
6 , 0.010985, 0.013405, 0.016201, 0.017928, 0.015625, 0.015969, 0.015856
7 , 0.001540, 0.001400, 0.001517, 0.001546, 0.001524, 0.001491, 0.001418, 0.001789, 0.001599, 0.001613, 0.001416, 0.001519, 0.001784, 0.001519, 0.001569, 0.001450, 0.001677, 0.001727, 0.001482, 0.001471, 0.001593, 0.000925, 0.001130, 0.001539, 0.001387, 0.001426, 0.001197, 0.001289, 0.001102, 0.001245, 0.001013, 0.001307, 0.001052, 0.001256, 0.001031, 0.001270, 0.001045, 0.001015, 0.000952, 0.001221, 0.000960, 0.001155, 0.001162, 0.001257, 0.001191, 0.001292, 0.001084, 0.000333, 0.001301, 0.001294, 0.001448, 0.001386, 0.001399, 0.001595, 0.001386, 0.001605, 0.001416, 0.001589, 0.001578, 0.001571, 0.001529, 0.001297, 0.001655, 0.001602, 0.001506, 0.001486, 0.001370, 0.001572, 0.001539, 0.001477, 0.001471, 0.001528, 0.000581, 0.001632, 0.001343, 0.001361, 0.001058, 0.001331, 0.001166, 0.001275, 0.001180, 0.001400, 0.001150, 0.001124, 0.001129, 0.001147, 0.001036, 0.001140, 0.000955, 0.000989, 0.001098, 0.001017
7 , 1, 1, 1, 1, 1, 1, 1
7 , 0.010718, 0.012584, 0.013653, 0.013755, 0.015788, 0.015113, 0.015885
8 , 0.001399, 0.001595, 0.001386, 0.001605, 0.001416, 0.001589, 0.001578, 0.001571, 0.001529, 0.001297, 0.001655, 0.001602, 0.001506, 0.001486, 0.001370, 0.001572, 0.001539, 0.001477, 0.001471, 0.001528, 0.000581, 0.001632, 0.001343, 0.001361, 0.001058, 0.001331, 0.001166, 0.001275, 0.001180, 0.001400, 0.001150, 0.001124, 0.001129, 0.001147, 0.001036, 0.001140, 0.000955, 0.000989, 0.001098, 0.001017, 0.001078, 0.000912, 0.001161, 0.000030, 0.001204, 0.001410, 0.001538, 0.001587, 0.001442, 0.001812, 0.001507, 0.001631, 0.001498, 0.001640, 0.001720, 0.001583, 0.001716, 0.001635, 0.001665, 0.001759, 0.001644, 0.001736, 0.001539, 0.001743, 0.001709, 0.001675, 0.001539, 0.001719, 0.000299, 0.001406, 0.001226, 0.001320, 0.001226, 0.001120, 0.001136, 0.001015, 0.000923, 0.000844, 0.001150, 0.001045, 0.001125, 0.000923, 0.001037, 0.000863, 0.001182, 0.000977, 0.001122, 0.000857, 0.001072, 0.000917, 0.001203, 0.000961
8 , 1, 1, 1, 1, 1, 1, 1
8 , 0.021729, 0.020765, 0.019266, 0.019560, 0.019003, 0.019030, 0.017599
9 , 0.001538, 0.001587, 0.001442, 0.001812, 0.001507, 0.001631, 0.001498, 0.001640, 0.001720, 0.001583, 0.001716, 0.001635, 0.001665, 0.001759, 0.001644, 0.001736, 0.001539, 0.001743, 0.001709, 0.001675, 0.001539, 0.001719, 0.000299, 0.001406, 0.001226, 0.001320, 0.001226, 0.001120, 0.001136, 0.001015, 0.000923, 0.000844, 0.001150, 0.001045, 0.001125, 0.000923, 0.001037, 0.000863, 0.001182, 0.000977, 0.001122, 0.000857, 0.001072, 0.000917, 0.001203, 0.000961, 0.001310, 0.000669, 0.000777, 0.001403, 0.001438, 0.001518, 0.001375, 0.001444, 0.001427, 0.001484, 0.001320, 0.001320, 0.001671, 0.001328, 0.001546, 0.001407, 0.001268, 0.001533, 0.001440, 0.001400, 0.001275, 0.001463, 0.001568, 0.001436, 0.001429, 0.001725, 0.000978, 0.001237, 0.001642, 0.001571, 0.001480, 0.001281, 0.001470, 0.001280, 0.001474, 0.001267, 0.001487, 0.001236, 0.001444, 0.001288, 0.001487, 0.001284, 0.001495, 0.001301, 0.001426, 0.001306
9 , 2, 2, 2, 2, 1, 1, 1
9 , 0.011619, 0.013102, 0.013530, 0.014005, 0.013315, 0.013812, 0.013256
10 , 0.001403, 0.001438, 0.001518, 0.001375, 0.001444, 0.001427, 0.001484, 0.001320, 0.001320, 0.001671, 0.001328, 0.001546, 0.001407, 0.001268, 0.001533, 0.001440, 0.001400, 0.001275, 0.001463, 0.001568, 0.001436, 0.001429, 0.001725, 0.000978, 0.001237, 0.001642, 0.001571, 0.001480, 0.001281, 0.001470, 0.001280, 0.001474, 0.001267, 0.001487, 0.001236, 0.001444, 0.001288, 0.001487, 0.001284, 0.001495, 0.001301, 0.001426, 0.001306, 0.001414, 0.001129, 0.001234, 0.001186, 0.000256, 0.001134, 0.001313, 0.001423, 0.001354, 0.001469, 0.001590, 0.001431, 0.001704, 0.001564, 0.001829, 0.001770, 0.001692, 0.001774, 0.001628, 0.001952, 0.001842, 0.001808, 0.001860, 0.001712, 0.001941, 0.001816, 0.001786, 0.001849, 0.001755, 0.001834, 0.001985, 0.000683, 0.001350, 0.001188, 0.001117, 0.001018, 0.000988, 0.001090, 0.001090, 0.000995, 0.001076, 0.000957, 0.001043, 0.001210, 0.001170, 0.001017, 0.001259, 0.001034, 0.001168
10 , 3, 3, 1, 1, 1, 1, 1
10 , 0.006480, 0.007027, 0.008598, 0.010836, 0.014901, 0.015524, 0.016664
11 , 0.001469, 0.001590, 0.001431, 0.001704, 0.001564, 0.001829, 0.001770, 0.001692, 0.001774, 0.001628, 0.001952, 0.001842, 0.001808, 0.001860, 0.001712, 0.001941, 0.001816, 0.001786, 0.001849, 0.001755, 0.001834, 0.001985, 0.000683, 0.001350, 0.001188, 0.001117, 0.001018, 0.000988, 0.001090, 0.001090, 0.000995, 0.001076, 0.000957, 0.001043, 0.001210, 0.001170, 0.001017, 0.001259, 0.001034, 0.001168, 0.000981, 0.001296, 0.001161, 0.001372, 0.001242, 0.001437, 0.001276, 0.001367, 0.001113, 0.001363, 0.001168, 0.001425, 0.001026, 0.001165, 0.001078, 0.001334, 0.001044, 0.001304, 0.001200, 0.001283, 0.001139, 0.001222, 0.001010, 0.001357, 0.001197, 0.001361, 0.001192, 0.001185, 0.001069, 0.001303, 0.001017, 0.001136, 0.001068, 0.001082, 0.001029, 0.001159, 0.001043, 0.001084, 0.001112, 0.001124, 0.001111, 0.001067, 0.001243, 0.001165, 0.001247, 0.001203, 0.001251, 0.001255, 0.001294, 0.001134, 0.001264, 0.001117
11 , 1, 1, 1, 1, 1, 1, 1
11 , 0.012693, 0.013410, 0.014124, 0.015107, 0.013336, 0.013314, 0.012471
12 , 0.001363, 0.001168, 0.001425, 0.001026, 0.001165, 0.001078, 0.001334, 0.001044, 0.001304, 0.001200, 0.001283, 0.001139, 0.001222, 0.001010, 0.001357, 0.001197, 0.001361, 0.001192, 0.001185, 0.001069, 0.001303, 0.001017, 0.001136, 0.001068, 0.001082, 0.001029, 0.001159, 0.001043, 0.001084, 0.001112, 0.001124, 0.001111, 0.001067, 0.001243, 0.001165, 0.001247, 0.001203, 0.001251, 0.001255, 0.001294, 0.001134, 0.001264, 0.001117, 0.001204, 0.001044, 0.001227, 0.001118, 0.001171, 0.001059, 0.001189, 0.001073, 0.001275, 0.001045, 0.001112, 0.000931, 0.001150, 0.000930, 0.001074, 0.000930, 0.001129, 0.001011, 0.001222, 0.001043, 0.001293, 0.001033, 0.001168, 0.001061, 0.001233, 0.001085, 0.001284, 0.001136, 0.001236, 0.001067, 0.001266, 0.001139, 0.001394, 0.001078, 0.001283, 0.001174, 0.001259, 0.001129, 0.001168, 0.000987, 0.001217, 0.001150, 0.001259, 0.000933, 0.001188, 0.001126, 0.001294, 0.001306, 0.001284
12 , 2, 2, 2, 2, 2, 2, 2
12 , 0.003066, 0.003050, 0.003025, 0.002959, 0.002601, 0.002819, 0.002250
13 , 0.001118, 0.001171, 0.001059, 0.001189, 0.001073, 0.001275, 0.001045, 0.001112, 0.000931, 0.001150, 0.000930, 0.001074, 0.000930, 0.001129, 0.001011, 0.001222, 0.001043, 0.001293, 0.001033, 0.001168, 0.001061, 0.001233, 0.001085, 0.001284, 0.001136, 0.001236, 0.001067, 0.001266, 0.001139, 0.001394, 0.001078, 0.001283, 0.001174, 0.001259, 0.001129, 0.001168, 0.000987, 0.001217, 0.001150, 0.001259, 0.000933, 0.001188, 0.001126, 0.001294, 0.001306, 0.001284, 0.001206, 0.001383, 0.001223, 0.001314, 0.001314, 0.001267, 0.001211, 0.001267, 0.001229, 0.001371, 0.001328, 0.001247, 0.001238, 0.001195, 0.001253, 0.001218, 0.001213, 0.001157, 0.001262, 0.001058, 0.001162, 0.001105, 0.001212, 0.001172, 0.001380, 0.001284, 0.001362, 0.001172, 0.001418, 0.001090, 0.001258, 0.001172, 0.001388, 0.001219, 0.001509, 0.001262, 0.001237, 0.001090, 0.001362, 0.001189, 0.001328, 0.001077, 0.001272, 0.001233, 0.001263, 0.001085
13 , 0, 0, 0, 0, 0, 3, 3
13 , 0.001693, 0.001981, 0.002389, 0.001888, 0.002284, 0.002270, 0.002138
14 , 0.001223, 0.001314, 0.001314, 0.001267, 0.001211, 0.001267, 0.001229, 0.001371, 0.001328, 0.001247, 0.001238, 0.001195, 0.001253, 0.001218, 0.001213, 0.001157, 0.001262, 0.001058, 0.001162, 0.001105, 0.001212, 0.001172, 0.001380, 0.001284, 0.001362, 0.001172, 0.001418, 0.001090, 0.001258, 0.001172, 0.001388, 0.001219, 0.001509, 0.001262, 0.001237, 0.001090, 0.001362, 0.001189, 0.001328, 0.001077, 0.001272, 0.001233, 0.001263, 0.001085, 0.001250, 0.001064, 0.001264, 0.001129, 0.001342, 0.001199, 0.001355, 0.001005, 0.001269, 0.001040, 0.001325, 0.001117, 0.001238, 0.001129, 0.001294, 0.001056, 0.001328, 0.001280, 0.001384, 0.001241, 0.001328, 0.001090, 0.001358, 0.001168, 0.001151, 0.001103, 0.001392, 0.001232, 0.001327, 0.001254, 0.001435, 0.001249, 0.001267, 0.001180, 0.001254, 0.001267, 0.001423, 0.001246, 0.001258, 0.001246, 0.001328, 0.001199, 0.001268, 0.001203, 0.001280, 0.001315, 0.001237, 0.001233
14 , 0, 0, 0, 0, 0, 0, 2
14 , 0.001048, 0.001635, 0.001576, 0.001591, 0.001142, 0.001171, 0.001027
15 , 0.001129, 0.001342, 0.001199, 0.001355, 0.001005, 0.001269, 0.001040, 0.001325, 0.001117, 0.001238, 0.001129, 0.001294, 0.001056, 0.001328, 0.001280, 0.001384, 0.001241, 0.001328, 0.001090, 0.001358, 0.001168, 0.001151, 0.001103, 0.001392, 0.001232, 0.001327, 0.001254, 0.001435, 0.001249, 0.001267, 0.001180, 0.001254, 0.001267, 0.001423, 0.001246, 0.001258, 0.001246, 0.001328, 0.001199, 0.001268, 0.001203, 0.001280, 0.001315, 0.001237, 0.001233, 0.001293, 0.001254, 0.001271, 0.001344, 0.001344, 0.001349, 0.001318, 0.001383, 0.001258, 0.001233, 0.001284, 0.001388, 0.001237, 0.001436, 0.001314, 0.001314, 0.001228, 0.001469, 0.001301, 0.001435, 0.001202, 0.001362, 0.001206, 0.001383, 0.001245, 0.001405, 0.001167, 0.001297, 0.001245, 0.001534, 0.001327, 0.001375, 0.001159, 0.001333, 0.001096, 0.001296, 0.001067, 0.001317, 0.001284, 0.001261, 0.001017, 0.001363, 0.001022, 0.001154, 0.001080, 0.001233, 0.001011
15 , 3, 3, 3, 3, 3, 3, 3
15 , 0.002497, 0.002718, 0.002703, 0.003464, 0.003512, 0.003713, 0.003722
16 , 0.001383, 0.001258, 0.001233, 0.001284, 0.001388, 0.001237, 0.001436, 0.001314, 0.001314, 0.001228, 0.001469, 0.001301, 0.001435, 0.001202, 0.001362, 0.001206, 0.001383, 0.001245, 0.001405, 0.001167, 0.001297, 0.001245, 0.001534, 0.001327, 0.001375, 0.001159, 0.001333, 0.001096, 0.001296, 0.001067, 0.001317, 0.001284, 0.001261, 0.001017, 0.001363, 0.001022, 0.001154, 0.001080, 0.001233, 0.001011, 0.001210, 0.000950, 0.001215, 0.001071, 0.001257, 0.001052, 0.001245, 0.001052, 0.001182, 0.000971, 0.001247, 0.001141, 0.001385, 0.001091, 0.001354, 0.001271, 0.001504, 0.001344, 0.001470, 0.001298, 0.001483, 0.001241, 0.001491, 0.001284, 0.001353, 0.001293, 0.001376, 0.001170, 0.001280, 0.001010, 0.001022, 0.000971, 0.001044, 0.000982, 0.001100, 0.000893, 0.000763, 0.000698, 0.000859, 0.000739, 0.000734, 0.000859, 0.000809, 0.000743, 0.000914, 0.000974, 0.001006, 0.000983, 0.001163, 0.001257, 0.001284, 0.001284
16 , 1, 1, 1, 1, 1, 1, 1
16 , 0.010017, 0.009797, 0.009674, 0.009116, 0.009321, 0.009095, 0.009128
