0 , 0.001595, 0.001392, 0.001501, 0.001721, 0.001501, 0.001602, 0.001433, 0.001652, 0.001727, 0.001562, 0.001649, 0.001537, 0.001726, 0.001708, 0.001560, 0.001599, 0.001473, 0.001758, 0.001507, 0.001745, 0.000867, 0.001118, 0.001358, 0.001391, 0.001227, 0.001253, 0.001304, 0.001253, 0.001209, 0.001231, 0.001131, 0.001291, 0.001028, 0.001265, 0.001192, 0.001438, 0.001192, 0.001343, 0.001214, 0.001551, 0.001124, 0.001431, 0.001297, 0.001410, 0.001358, 0.001579, 0.000119, 0.000884, 0.000917, 0.001107, 0.000989, 0.001151, 0.000892, 0.001346, 0.001308, 0.001246, 0.001323, 0.001162, 0.001493, 0.001358, 0.001626, 0.001372, 0.001411, 0.001666, 0.001544, 0.001739, 0.001451, 0.001585, 0.001746, 0.001606, 0.001850, 0.000519, 0.001015, 0.001131, 0.001055, 0.001076, 0.000835, 0.001084, 0.000822, 0.001037, 0.000851, 0.000916, 0.000741, 0.000981, 0.000725, 0.000881, 0.000801, 0.001052, 0.000766, 0.000907, 0.000797, 0.000898
0 , 1, 1, 1, 1, 1, 1, 1
0 , 0.012068, 0.014017, 0.013406, 0.016631, 0.016133, 0.016572, 0.017425
1 , 0.000892, 0.001346, 0.001308, 0.001246, 0.001323, 0.001162, 0.001493, 0.001358, 0.001626, 0.001372, 0.001411, 0.001666, 0.001544, 0.001739, 0.001451, 0.001585, 0.001746, 0.001606, 0.001850, 0.000519, 0.001015, 0.001131, 0.001055, 0.001076, 0.000835, 0.001084, 0.000822, 0.001037, 0.000851, 0.000916, 0.000741, 0.000981, 0.000725, 0.000881, 0.000801, 0.001052, 0.000766, 0.000907, 0.000797, 0.000898, 0.000886, 0.001147, 0.000147, 0.001423, 0.001561, 0.001732, 0.001438, 0.001506, 0.001450, 0.001543, 0.001574, 0.001445, 0.001567, 0.001239, 0.001484, 0.001573, 0.001338, 0.001530, 0.001289, 0.001457, 0.001514, 0.001524, 0.001510, 0.001352, 0.001590, 0.001458, 0.001486, 0.001233, 0.001690, 0.000447, 0.001399, 0.001386, 0.001503, 0.001209, 0.001265, 0.001175, 0.001131, 0.001240, 0.001209, 0.001265, 0.001140, 0.001189, 0.001038, 0.001178, 0.000988, 0.001196, 0.000927, 0.001092, 0.000913, 0.001154, 0.000973, 0.001237
1 , 1, 1, 1, 1, 1, 1, 1
1 , 0.019292, 0.018326, 0.015823, 0.015620, 0.015618, 0.015183, 0.014070
2 , 0.001438, 0.001506, 0.001450, 0.001543, 0.001574, 0.001445, 0.001567, 0.001239, 0.001484, 0.001573, 0.001338, 0.001530, 0.001289, 0.001457, 0.001514, 0.001524, 0.001510, 0.001352, 0.001590, 0.001458, 0.001486, 0.001233, 0.001690, 0.000447, 0.001399, 0.001386, 0.001503, 0.001209, 0.001265, 0.001175, 0.001131, 0.001240, 0.001209, 0.001265, 0.001140, 0.001189, 0.001038, 0.001178, 0.000988, 0.001196, 0.000927, 0.001092, 0.000913, 0.001154, 0.000973, 0.001237, 0.000981, 0.001347, 0.000806, 0.000425, 0.001163, 0.001107, 0.001159, 0.001109, 0.001158, 0.001263, 0.001397, 0.001294, 0.001162, 0.001533, 0.001315, 0.001438, 0.001375, 0.001388, 0.001653, 0.001517, 0.001635, 0.001579, 0.001607, 0.001765, 0.001753, 0.001787, 0.001783, 0.001498, 0.000739, 0.001293, 0.001104, 0.001263, 0.000849, 0.001093, 0.000920, 0.001059, 0.000926, 0.001163, 0.000994, 0.001228, 0.000929, 0.001170, 0.000932, 0.001075, 0.001044, 0.001290
2 , 1, 1, 1, 1, 1, 1, 1
2 , 0.006886, 0.008571, 0.009994, 0.010982, 0.012641, 0.012811, 0.015255
3 , 0.001159, 0.001109, 0.001158, 0.001263, 0.001397, 0.001294, 0.001162, 0.001533, 0.001315, 0.001438, 0.001375, 0.001388, 0.001653, 0.001517, 0.001635, 0.001579, 0.001607, 0.001765, 0.001753, 0.001787, 0.001783, 0.001498, 0.000739, 0.001293, 0.001104, 0.001263, 0.000849, 0.001093, 0.000920, 0.001059, 0.000926, 0.001163, 0.000994, 0.001228, 0.000929, 0.001170, 0.000932, 0.001075, 0.001044, 0.001290, 0.001163, 0.001172, 0.001050, 0.001048, 0.001175, 0.000152, 0.001307, 0.001263, 0.001424, 0.001388, 0.001266, 0.001673, 0.001438, 0.001494, 0.001441, 0.001620, 0.001560, 0.001497, 0.001607, 0.001397, 0.001742, 0.001653, 0.001573, 0.001610, 0.001453, 0.001712, 0.001516, 0.001544, 0.001579, 0.001681, 0.000238, 0.001465, 0.001241, 0.001442, 0.001078, 0.001108, 0.001013, 0.001199, 0.001072, 0.001146, 0.001176, 0.001128, 0.001275, 0.001236, 0.001340, 0.001055, 0.001340, 0.001076, 0.001068, 0.001059, 0.001167, 0.001158
3 , 1, 1, 1, 1, 1, 1, 1
3 , 0.010769, 0.013668, 0.017962, 0.016556, 0.015975, 0.016108, 0.015880
4 , 0.001424, 0.001388, 0.001266, 0.001673, 0.001438, 0.001494, 0.001441, 0.001620, 0.001560, 0.001497, 0.001607, 0.001397, 0.001742, 0.001653, 0.001573, 0.001610, 0.001453, 0.001712, 0.001516, 0.001544, 0.001579, 0.001681, 0.000238, 0.001465, 0.001241, 0.001442, 0.001078, 0.001108, 0.001013, 0.001199, 0.001072, 0.001146, 0.001176, 0.001128, 0.001275, 0.001236, 0.001340, 0.001055, 0.001340, 0.001076, 0.001068, 0.001059, 0.001167, 0.001158, 0.001304, 0.000977, 0.001386, 0.000302, 0.000943, 0.001387, 0.001378, 0.001393, 0.001277, 0.001500, 0.001418, 0.001560, 0.001537, 0.001387, 0.001608, 0.001487, 0.001719, 0.001569, 0.001562, 0.001676, 0.001470, 0.001665, 0.001558, 0.001750, 0.001698, 0.001658, 0.001678, 0.001758, 0.000612, 0.001169, 0.001320, 0.001229, 0.001210, 0.001149, 0.001170, 0.001140, 0.001463, 0.001252, 0.001325, 0.001054, 0.001369, 0.001161, 0.001377, 0.001118, 0.001253, 0.001050, 0.001160, 0.000941
4 , 1, 1, 1, 1, 1, 1, 1
4 , 0.008552, 0.011225, 0.013279, 0.015020, 0.015886, 0.015945, 0.015554
5 , 0.001393, 0.001277, 0.001500, 0.001418, 0.001560, 0.001537, 0.001387, 0.001608, 0.001487, 0.001719, 0.001569, 0.001562, 0.001676, 0.001470, 0.001665, 0.001558, 0.001750, 0.001698, 0.001658, 0.001678, 0.001758, 0.000612, 0.001169, 0.001320, 0.001229, 0.001210, 0.001149, 0.001170, 0.001140, 0.001463, 0.001252, 0.001325, 0.001054, 0.001369, 0.001161, 0.001377, 0.001118, 0.001253, 0.001050, 0.001160, 0.000941, 0.001098, 0.000820, 0.001172, 0.000725, 0.000847, 0.001503, 0.001398, 0.001613, 0.001499, 0.001456, 0.001794, 0.001570, 0.001634, 0.001545, 0.001606, 0.001560, 0.001511, 0.001408, 0.001292, 0.001670, 0.001468, 0.001574, 0.001544, 0.001375, 0.001643, 0.001603, 0.001408, 0.001606, 0.001104, 0.000964, 0.001607, 0.001455, 0.001352, 0.000963, 0.001227, 0.001080, 0.001262, 0.001037, 0.001150, 0.000990, 0.001288, 0.001142, 0.001204, 0.001122, 0.001201, 0.001092, 0.001031, 0.000945, 0.001075, 0.001063, 0.000957
5 , 1, 1, 1, 1, 1, 1, 1
5 , 0.013581, 0.016680, 0.018259, 0.016069, 0.016402, 0.016369, 0.015869
6 , 0.001613, 0.001499, 0.001456, 0.001794, 0.001570, 0.001634, 0.001545, 0.001606, 0.001560, 0.001511, 0.001408, 0.001292, 0.001670, 0.001468, 0.001574, 0.001544, 0.001375, 0.001643, 0.001603, 0.001408, 0.001606, 0.001104, 0.000964, 0.001607, 0.001455, 0.001352, 0.000963, 0.001227, 0.001080, 0.001262, 0.001037, 0.001150, 0.000990, 0.001288, 0.001142, 0.001204, 0.001122, 0.001201, 0.001092, 0.001031, 0.000945, 0.001075, 0.001063, 0.000957, 0.001029, 0.001078, 0.001163, 0.000319, 0.001342, 0.001444, 0.001419, 0.001641, 0.001481, 0.001652, 0.001487, 0.001752, 0.001580, 0.001342, 0.001633, 0.001487, 0.001531, 0.001487, 0.001385, 0.001567, 0.001368, 0.001474, 0.001441, 0.001438, 0.001613, 0.001521, 0.001457, 0.001599, 0.000321, 0.001459, 0.001564, 0.001380, 0.001038, 0.001146, 0.001199, 0.001125, 0.001256, 0.001075, 0.001145, 0.001010, 0.001119, 0.000878, 0.001203, 0.000959, 0.001224, 0.000938, 0.001103, 0.001003
6 , 1, 1, 1, 1, 1, 1, 1
6 , 0.012039, 0.014239, 0.015732, 0.016125, 0.017789, 0.016559, 0.016715
7 , 0.001419, 0.001641, 0.001481, 0.001652, 0.001487, 0.001752, 0.001580, 0.001342, 0.001633, 0.001487, 0.001531, 0.001487, 0.001385, 0.001567, 0.001368, 0.001474, 0.001441, 0.001438, 0.001613, 0.001521, 0.001457, 0.001599, 0.000321, 0.001459, 0.001564, 0.001380, 0.001038, 0.001146, 0.001199, 0.001125, 0.001256, 0.001075, 0.001145, 0.001010, 0.001119, 0.000878, 0.001203, 0.000959, 0.001224, 0.000938, 0.001103, 0.001003, 0.001210, 0.000903, 0.001326, 0.000346, 0.000868, 0.001222, 0.001387, 0.001404, 0.001292, 0.001309, 0.001491, 0.001474, 0.001584, 0.001266, 0.001636, 0.001530, 0.001268, 0.001434, 0.001259, 0.001524, 0.001510, 0.001372, 0.001564, 0.001464, 0.001560, 0.001368, 0.001291, 0.001710, 0.000314, 0.001232, 0.001405, 0.001337, 0.001344, 0.000989, 0.001038, 0.000706, 0.001015, 0.000816, 0.001041, 0.000901, 0.001163, 0.000906, 0.001263, 0.001106, 0.001222, 0.001083, 0.001388, 0.001162, 0.001197, 0.001244
7 , 1, 1, 1, 1, 1, 1, 1
7 , 0.012235, 0.013724, 0.016828, 0.016229, 0.014244, 0.014365, 0.014562
8 , 0.001387, 0.001404, 0.001292, 0.001309, 0.001491, 0.001474, 0.001584, 0.001266, 0.001636, 0.001530, 0.001268, 0.001434, 0.001259, 0.001524, 0.001510, 0.001372, 0.001564, 0.001464, 0.001560, 0.001368, 0.001291, 0.001710, 0.000314, 0.001232, 0.001405, 0.001337, 0.001344, 0.000989, 0.001038, 0.000706, 0.001015, 0.000816, 0.001041, 0.000901, 0.001163, 0.000906, 0.001263, 0.001106, 0.001222, 0.001083, 0.001388, 0.001162, 0.001197, 0.001244, 0.001231, 0.001192, 0.001317, 0.001151, 0.000535, 0.001018, 0.001100, 0.001160, 0.001236, 0.001090, 0.001417, 0.001338, 0.001431, 0.001458, 0.001507, 0.001673, 0.001546, 0.001658, 0.001643, 0.001655, 0.001849, 0.001624, 0.001789, 0.001799, 0.001748, 0.001949, 0.001748, 0.002096, 0.001454, 0.000486, 0.001045, 0.001062, 0.001042, 0.000862, 0.001024, 0.000935, 0.001041, 0.001017, 0.000982, 0.001075, 0.001026, 0.001156, 0.000961, 0.001022, 0.001022, 0.001251, 0.001163, 0.001191
8 , 1, 1, 1, 1, 1, 1, 1
8 , 0.010186, 0.012360, 0.014424, 0.016294, 0.016491, 0.018364, 0.017958
9 , 0.001160, 0.001236, 0.001090, 0.001417, 0.001338, 0.001431, 0.001458, 0.001507, 0.001673, 0.001546, 0.001658, 0.001643, 0.001655, 0.001849, 0.001624, 0.001789, 0.001799, 0.001748, 0.001949, 0.001748, 0.002096, 0.001454, 0.000486, 0.001045, 0.001062, 0.001042, 0.000862, 0.001024, 0.000935, 0.001041, 0.001017, 0.000982, 0.001075, 0.001026, 0.001156, 0.000961, 0.001022, 0.001022, 0.001251, 0.001163, 0.001191, 0.000936, 0.001026, 0.000859, 0.001308, 0.000307, 0.001157, 0.001451, 0.001360, 0.001520, 0.001522, 0.001424, 0.001696, 0.001600, 0.001755, 0.001527, 0.001687, 0.001561, 0.001575, 0.001566, 0.001331, 0.001653, 0.001461, 0.001454, 0.001620, 0.001286, 0.001560, 0.001507, 0.001511, 0.001527, 0.001347, 0.001798, 0.000528, 0.001645, 0.001403, 0.001537, 0.001265, 0.001412, 0.001162, 0.001262, 0.001167, 0.001318, 0.001112, 0.001300, 0.000943, 0.001196, 0.000968, 0.001096, 0.001020, 0.000993, 0.000919, 0.001043
9 , 1, 1, 1, 1, 1, 1, 1
9 , 0.013111, 0.015484, 0.020179, 0.021325, 0.021000, 0.019246, 0.019766
10 , 0.001520, 0.001522, 0.001424, 0.001696, 0.001600, 0.001755, 0.001527, 0.001687, 0.001561, 0.001575, 0.001566, 0.001331, 0.001653, 0.001461, 0.001454, 0.001620, 0.001286, 0.001560, 0.001507, 0.001511, 0.001527, 0.001347, 0.001798, 0.000528, 0.001645, 0.001403, 0.001537, 0.001265, 0.001412, 0.001162, 0.001262, 0.001167, 0.001318, 0.001112, 0.001300, 0.000943, 0.001196, 0.000968, 0.001096, 0.001020, 0.000993, 0.000919, 0.001043, 0.000831, 0.000946, 0.000765, 0.000805, 0.000734, 0.000845, 0.000875, 0.000815, 0.000865, 0.000886, 0.001056, 0.000926, 0.000932, 0.000903, 0.001095, 0.000897, 0.001047, 0.000885, 0.001131, 0.001022, 0.001142, 0.000915, 0.001166, 0.001142, 0.001436, 0.001042, 0.001228, 0.001076, 0.001370, 0.001119, 0.001408, 0.001252, 0.001464, 0.001179, 0.001395, 0.001136, 0.001261, 0.001050, 0.001231, 0.001085, 0.001301, 0.001188, 0.001301, 0.001248, 0.001357, 0.001184, 0.001250, 0.001027, 0.001196
10 , 2, 2, 2, 2, 2, 2, 2
10 , 0.012946, 0.013976, 0.014150, 0.014529, 0.015074, 0.013657, 0.013830
11 , 0.000815, 0.000865, 0.000886, 0.001056, 0.000926, 0.000932, 0.000903, 0.001095, 0.000897, 0.001047, 0.000885, 0.001131, 0.001022, 0.001142, 0.000915, 0.001166, 0.001142, 0.001436, 0.001042, 0.001228, 0.001076, 0.001370, 0.001119, 0.001408, 0.001252, 0.001464, 0.001179, 0.001395, 0.001136, 0.001261, 0.001050, 0.001231, 0.001085, 0.001301, 0.001188, 0.001301, 0.001248, 0.001357, 0.001184, 0.001250, 0.001027, 0.001196, 0.001208, 0.001287, 0.001122, 0.001247, 0.001101, 0.001196, 0.001152, 0.001238, 0.001199, 0.001194, 0.001160, 0.001272, 0.001246, 0.001181, 0.001204, 0.001207, 0.001254, 0.001189, 0.001198, 0.001210, 0.001370, 0.001232, 0.001276, 0.001207, 0.001363, 0.001160, 0.001217, 0.001092, 0.001287, 0.001187, 0.001321, 0.001050, 0.001200, 0.001161, 0.001284, 0.001033, 0.001182, 0.001013, 0.001319, 0.000997, 0.001282, 0.001019, 0.001230, 0.001047, 0.001117, 0.001038, 0.001289, 0.000982, 0.001165, 0.001003
11 , 3, 3, 3, 3, 3, 3, 3
11 , 0.006965, 0.006695, 0.006406, 0.006111, 0.005855, 0.005594, 0.004919
12 , 0.001101, 0.001196, 0.001152, 0.001238, 0.001199, 0.001194, 0.001160, 0.001272, 0.001246, 0.001181, 0.001204, 0.001207, 0.001254, 0.001189, 0.001198, 0.001210, 0.001370, 0.001232, 0.001276, 0.001207, 0.001363, 0.001160, 0.001217, 0.001092, 0.001287, 0.001187, 0.001321, 0.001050, 0.001200, 0.001161, 0.001284, 0.001033, 0.001182, 0.001013, 0.001319, 0.000997, 0.001282, 0.001019, 0.001230, 0.001047, 0.001117, 0.001038, 0.001289, 0.000982, 0.001165, 0.001003, 0.001207, 0.000952, 0.001156, 0.000887, 0.001212, 0.001064, 0.001193, 0.001006, 0.001299, 0.001164, 0.001293, 0.001050, 0.001270, 0.001127, 0.001313, 0.001287, 0.001308, 0.001179, 0.001321, 0.001313, 0.001429, 0.001313, 0.001468, 0.001235, 0.001386, 0.001274, 0.001348, 0.001300, 0.001412, 0.001348, 0.001348, 0.001296, 0.001438, 0.001404, 0.001357, 0.001379, 0.001435, 0.001387, 0.001417, 0.001542, 0.001392, 0.001453, 0.001470, 0.001515, 0.001359, 0.001484
12 , 2, 2, 2, 2, 2, 2, 2
12 , 0.005710, 0.005416, 0.005910, 0.005694, 0.005962, 0.005760, 0.005939
13 , 0.001212, 0.001064, 0.001193, 0.001006, 0.001299, 0.001164, 0.001293, 0.001050, 0.001270, 0.001127, 0.001313, 0.001287, 0.001308, 0.001179, 0.001321, 0.001313, 0.001429, 0.001313, 0.001468, 0.001235, 0.001386, 0.001274, 0.001348, 0.001300, 0.001412, 0.001348, 0.001348, 0.001296, 0.001438, 0.001404, 0.001357, 0.001379, 0.001435, 0.001387, 0.001417, 0.001542, 0.001392, 0.001453, 0.001470, 0.001515, 0.001359, 0.001484, 0.001484, 0.001505, 0.001358, 0.001568, 0.001353, 0.001494, 0.001218, 0.001330, 0.001231, 0.001399, 0.001364, 0.001317, 0.001235, 0.001421, 0.001167, 0.001340, 0.001279, 0.001363, 0.001059, 0.001268, 0.001017, 0.001142, 0.001043, 0.001277, 0.001089, 0.001289, 0.001085, 0.001219, 0.000994, 0.001103, 0.000968, 0.001247, 0.000996, 0.001165, 0.000980, 0.001029, 0.000989, 0.001228, 0.001080, 0.001230, 0.000987, 0.001203, 0.001080, 0.001193, 0.001170, 0.001308, 0.001259, 0.001376, 0.001171, 0.001378
13 , 3, 3, 3, 3, 3, 3, 3
13 , 0.007924, 0.007200, 0.006850, 0.005799, 0.005429, 0.004508, 0.004162
14 , 0.001353, 0.001494, 0.001218, 0.001330, 0.001231, 0.001399, 0.001364, 0.001317, 0.001235, 0.001421, 0.001167, 0.001340, 0.001279, 0.001363, 0.001059, 0.001268, 0.001017, 0.001142, 0.001043, 0.001277, 0.001089, 0.001289, 0.001085, 0.001219, 0.000994, 0.001103, 0.000968, 0.001247, 0.000996, 0.001165, 0.000980, 0.001029, 0.000989, 0.001228, 0.001080, 0.001230, 0.000987, 0.001203, 0.001080, 0.001193, 0.001170, 0.001308, 0.001259, 0.001376, 0.001171, 0.001378, 0.001092, 0.001321, 0.001209, 0.001394, 0.001278, 0.001382, 0.001278, 0.001351, 0.001308, 0.001351, 0.001300, 0.001468, 0.001261, 0.001416, 0.001485, 0.001287, 0.001330, 0.001433, 0.001351, 0.001403, 0.001399, 0.001416, 0.001282, 0.001278, 0.001394, 0.001338, 0.001459, 0.001325, 0.001369, 0.001243, 0.001373, 0.001386, 0.001326, 0.001231, 0.001301, 0.001137, 0.001211, 0.001078, 0.001247, 0.001039, 0.001191, 0.000955, 0.001145, 0.001092, 0.001143, 0.001083
14 , 1, 1, 1, 1, 1, 1, 1
14 , 0.005682, 0.005861, 0.005338, 0.005868, 0.005546, 0.005960, 0.005285
15 , 0.001382, 0.001278, 0.001351, 0.001308, 0.001351, 0.001300, 0.001468, 0.001261, 0.001416, 0.001485, 0.001287, 0.001330, 0.001433, 0.001351, 0.001403, 0.001399, 0.001416, 0.001282, 0.001278, 0.001394, 0.001338, 0.001459, 0.001325, 0.001369, 0.001243, 0.001373, 0.001386, 0.001326, 0.001231, 0.001301, 0.001137, 0.001211, 0.001078, 0.001247, 0.001039, 0.001191, 0.000955, 0.001145, 0.001092, 0.001143, 0.001083, 0.001173, 0.001030, 0.001306, 0.001163, 0.001297, 0.001171, 0.001240, 0.001119, 0.001323, 0.001159, 0.001392, 0.001103, 0.001320, 0.001086, 0.001362, 0.001236, 0.001383, 0.001184, 0.001422, 0.001184, 0.001329, 0.001074, 0.001291, 0.001020, 0.001200, 0.001026, 0.001216, 0.000929, 0.001275, 0.001087, 0.001247, 0.001107, 0.001316, 0.001077, 0.001242, 0.001154, 0.001335, 0.001027, 0.001217, 0.001190, 0.001333, 0.001099, 0.001267, 0.001133, 0.001208, 0.000988, 0.001152, 0.001211, 0.001332, 0.001215, 0.001335
15 , 1, 1, 1, 1, 1, 2, 2
15 , 0.003792, 0.003572, 0.003594, 0.003731, 0.003738, 0.004233, 0.003932
16 , 0.001392, 0.001103, 0.001320, 0.001086, 0.001362, 0.001236, 0.001383, 0.001184, 0.001422, 0.001184, 0.001329, 0.001074, 0.001291, 0.001020, 0.001200, 0.001026, 0.001216, 0.000929, 0.001275, 0.001087, 0.001247, 0.001107, 0.001316, 0.001077, 0.001242, 0.001154, 0.001335, 0.001027, 0.001217, 0.001190, 0.001333, 0.001099, 0.001267, 0.001133, 0.001208, 0.000988, 0.001152, 0.001211, 0.001332, 0.001215, 0.001335, 0.001274, 0.001300, 0.001196, 0.001442, 0.001239, 0.001270, 0.001262, 0.001340, 0.001237, 0.001190, 0.001199, 0.001255, 0.001207, 0.001125, 0.001303, 0.001143, 0.001062, 0.001294, 0.001311, 0.001194, 0.001216, 0.001133, 0.001322, 0.001244, 0.001270, 0.001236, 0.001310, 0.001193, 0.001272, 0.001207, 0.001388, 0.001198, 0.001350, 0.001155, 0.001282, 0.001010, 0.001149, 0.001245, 0.001228, 0.001029, 0.001138, 0.001098, 0.001226, 0.001052, 0.001205, 0.001049, 0.001159, 0.001045, 0.001173, 0.001038, 0.001082
16 , 1, 3, 3, 3, 3, 3, 3
16 , 0.001716, 0.001508, 0.001843, 0.002118, 0.002731, 0.002929, 0.003604
