0 , 0.001448, 0.001484, 0.001399, 0.001457, 0.001283, 0.001560, 0.001300, 0.001556, 0.001324, 0.001450, 0.001640, 0.001468, 0.001451, 0.001259, 0.001462, 0.001485, 0.001260, 0.001432, 0.001243, 0.001571, 0.001413, 0.001351, 0.001243, 0.000864, 0.001461, 0.001499, 0.001395, 0.001499, 0.001360, 0.001443, 0.001222, 0.001572, 0.001261, 0.001585, 0.001365, 0.001482, 0.001335, 0.001422, 0.001249, 0.001410, 0.001167, 0.001448, 0.001210, 0.001537, 0.001266, 0.001636, 0.000352, 0.000940, 0.001088, 0.001164, 0.001042, 0.001220, 0.000989, 0.001396, 0.001187, 0.001077, 0.001222, 0.001126, 0.001384, 0.001226, 0.001339, 0.001243, 0.001170, 0.001346, 0.001190, 0.001322, 0.001266, 0.001326, 0.001282, 0.001141, 0.001382, 0.001097, 0.001759, 0.000236, 0.001609, 0.001574, 0.001571, 0.001334, 0.001427, 0.001329, 0.001297, 0.001095, 0.001289, 0.000997, 0.001075, 0.001004, 0.000974, 0.001079, 0.000949, 0.000964, 0.000894, 0.001034
0 , 0, 2, 2, 1, 1, 1, 1
0 , 0.001484, 0.000467, 0.001288, 0.002497, 0.002830, 0.003347, 0.002023
1 , 0.001220, 0.000989, 0.001396, 0.001187, 0.001077, 0.001222, 0.001126, 0.001384, 0.001226, 0.001339, 0.001243, 0.001170, 0.001346, 0.001190, 0.001322, 0.001266, 0.001326, 0.001282, 0.001141, 0.001382, 0.001097, 0.001759, 0.000236, 0.001609, 0.001574, 0.001571, 0.001334, 0.001427, 0.001329, 0.001297, 0.001095, 0.001289, 0.000997, 0.001075, 0.001004, 0.000974, 0.001079, 0.000949, 0.000964, 0.000894, 0.001034, 0.001020, 0.001070, 0.000991, 0.001247, 0.001017, 0.001223, 0.000692, 0.000817, 0.001327, 0.001267, 0.001185, 0.001226, 0.001458, 0.001293, 0.001330, 0.001144, 0.001290, 0.001356, 0.001260, 0.001194, 0.001101, 0.001492, 0.001409, 0.001280, 0.001283, 0.001346, 0.001522, 0.001280, 0.001293, 0.001207, 0.001607, 0.001137, 0.001313, 0.001478, 0.001416, 0.001413, 0.001348, 0.001397, 0.001244, 0.001369, 0.001191, 0.001376, 0.001242, 0.001321, 0.001140, 0.001360, 0.001058, 0.001297, 0.001049, 0.001267, 0.001114
1 , 2, 2, 2, 2, 1, 1, 1
1 , 0.002801, 0.002966, 0.002676, 0.003853, 0.002091, 0.003680, 0.003994
2 , 0.001226, 0.001458, 0.001293, 0.001330, 0.001144, 0.001290, 0.001356, 0.001260, 0.001194, 0.001101, 0.001492, 0.001409, 0.001280, 0.001283, 0.001346, 0.001522, 0.001280, 0.001293, 0.001207, 0.001607, 0.001137, 0.001313, 0.001478, 0.001416, 0.001413, 0.001348, 0.001397, 0.001244, 0.001369, 0.001191, 0.001376, 0.001242, 0.001321, 0.001140, 0.001360, 0.001058, 0.001297, 0.001049, 0.001267, 0.001114, 0.001300, 0.001280, 0.001411, 0.001198, 0.000071, 0.001075, 0.001213, 0.001299, 0.001111, 0.001329, 0.001267, 0.001429, 0.001237, 0.001181, 0.001346, 0.001194, 0.001429, 0.001194, 0.001363, 0.001495, 0.001451, 0.001495, 0.001226, 0.001368, 0.001395, 0.001478, 0.001447, 0.001263, 0.001793, 0.000571, 0.001554, 0.001408, 0.001379, 0.001170, 0.001358, 0.001059, 0.001304, 0.001072, 0.001320, 0.001232, 0.001434, 0.001137, 0.001418, 0.001253, 0.001408, 0.001235, 0.001300, 0.001241, 0.001378, 0.001347, 0.001369, 0.001602
2 , 2, 1, 1, 1, 1, 1, 1
2 , 0.000607, 0.003533, 0.002163, 0.002683, 0.003173, 0.003519, 0.004211
3 , 0.001237, 0.001181, 0.001346, 0.001194, 0.001429, 0.001194, 0.001363, 0.001495, 0.001451, 0.001495, 0.001226, 0.001368, 0.001395, 0.001478, 0.001447, 0.001263, 0.001793, 0.000571, 0.001554, 0.001408, 0.001379, 0.001170, 0.001358, 0.001059, 0.001304, 0.001072, 0.001320, 0.001232, 0.001434, 0.001137, 0.001418, 0.001253, 0.001408, 0.001235, 0.001300, 0.001241, 0.001378, 0.001347, 0.001369, 0.001602, 0.001459, 0.001565, 0.000521, 0.000690, 0.000995, 0.001111, 0.001114, 0.001148, 0.001267, 0.001256, 0.001263, 0.001091, 0.001413, 0.001277, 0.001151, 0.001260, 0.001060, 0.001221, 0.001138, 0.001212, 0.001016, 0.000879, 0.001212, 0.000996, 0.001078, 0.000757, 0.001271, 0.000100, 0.001967, 0.001960, 0.002183, 0.002040, 0.002040, 0.002009, 0.001896, 0.001896, 0.001866, 0.001916, 0.001885, 0.001956, 0.001926, 0.001907, 0.001771, 0.001786, 0.001578, 0.001772, 0.001693, 0.001828, 0.001618, 0.001844, 0.001143, 0.000345
3 , 2, 2, 2, 2, 2, 2, 2
3 , 0.019220, 0.018616, 0.017330, 0.014219, 0.012496, 0.010384, 0.008849
4 , 0.001114, 0.001148, 0.001267, 0.001256, 0.001263, 0.001091, 0.001413, 0.001277, 0.001151, 0.001260, 0.001060, 0.001221, 0.001138, 0.001212, 0.001016, 0.000879, 0.001212, 0.000996, 0.001078, 0.000757, 0.001271, 0.000100, 0.001967, 0.001960, 0.002183, 0.002040, 0.002040, 0.002009, 0.001896, 0.001896, 0.001866, 0.001916, 0.001885, 0.001956, 0.001926, 0.001907, 0.001771, 0.001786, 0.001578, 0.001772, 0.001693, 0.001828, 0.001618, 0.001844, 0.001143, 0.000345, 0.000876, 0.001031, 0.001221, 0.001094, 0.001372, 0.001416, 0.001512, 0.001222, 0.001455, 0.001773, 0.001575, 0.001582, 0.001355, 0.001593, 0.001570, 0.001532, 0.001612, 0.001285, 0.001535, 0.001542, 0.001441, 0.001359, 0.001545, 0.001209, 0.001279, 0.001503, 0.001479, 0.001487, 0.001348, 0.001564, 0.001287, 0.001542, 0.001257, 0.001434, 0.001278, 0.001425, 0.001325, 0.001528, 0.001386, 0.001580, 0.001187, 0.001373, 0.001192, 0.001465, 0.001348, 0.001370
4 , 0, 0, 3, 3, 3, 3, 3
4 , 0.015387, 0.015224, 0.013721, 0.015820, 0.014758, 0.013572, 0.012145
5 , 0.001094, 0.001372, 0.001416, 0.001512, 0.001222, 0.001455, 0.001773, 0.001575, 0.001582, 0.001355, 0.001593, 0.001570, 0.001532, 0.001612, 0.001285, 0.001535, 0.001542, 0.001441, 0.001359, 0.001545, 0.001209, 0.001279, 0.001503, 0.001479, 0.001487, 0.001348, 0.001564, 0.001287, 0.001542, 0.001257, 0.001434, 0.001278, 0.001425, 0.001325, 0.001528, 0.001386, 0.001580, 0.001187, 0.001373, 0.001192, 0.001465, 0.001348, 0.001370, 0.001249, 0.001372, 0.001301, 0.000210, 0.001198, 0.001189, 0.001300, 0.001155, 0.001186, 0.001358, 0.001338, 0.001309, 0.001230, 0.001554, 0.001378, 0.001276, 0.001346, 0.001117, 0.001462, 0.001445, 0.001363, 0.001204, 0.001244, 0.001389, 0.001201, 0.001295, 0.001124, 0.001315, 0.000758, 0.001792, 0.001555, 0.001692, 0.001563, 0.001550, 0.001313, 0.001511, 0.001308, 0.001473, 0.001326, 0.001365, 0.001236, 0.001449, 0.001462, 0.001304, 0.001248, 0.001260, 0.001197, 0.001160, 0.001264
5 , 2, 2, 2, 2, 2, 2, 1
5 , 0.003096, 0.003917, 0.004215, 0.004187, 0.005578, 0.004925, 0.003900
6 , 0.001155, 0.001186, 0.001358, 0.001338, 0.001309, 0.001230, 0.001554, 0.001378, 0.001276, 0.001346, 0.001117, 0.001462, 0.001445, 0.001363, 0.001204, 0.001244, 0.001389, 0.001201, 0.001295, 0.001124, 0.001315, 0.000758, 0.001792, 0.001555, 0.001692, 0.001563, 0.001550, 0.001313, 0.001511, 0.001308, 0.001473, 0.001326, 0.001365, 0.001236, 0.001449, 0.001462, 0.001304, 0.001248, 0.001260, 0.001197, 0.001160, 0.001264, 0.000994, 0.001343, 0.000212, 0.001050, 0.001343, 0.001347, 0.001379, 0.001304, 0.001551, 0.001409, 0.001460, 0.001267, 0.001347, 0.001527, 0.001388, 0.001534, 0.001276, 0.001401, 0.001488, 0.001435, 0.001425, 0.001227, 0.001499, 0.001366, 0.001376, 0.001224, 0.001570, 0.000297, 0.001570, 0.001508, 0.001613, 0.001376, 0.001295, 0.001223, 0.001183, 0.001322, 0.001114, 0.001312, 0.001224, 0.001276, 0.001137, 0.001457, 0.001240, 0.001301, 0.001257, 0.001456, 0.001158, 0.001392, 0.001236, 0.001448
6 , 3, 3, 1, 3, 1, 1, 1
6 , 0.002109, 0.002806, 0.000992, 0.002199, 0.001758, 0.002705, 0.003986
7 , 0.001460, 0.001267, 0.001347, 0.001527, 0.001388, 0.001534, 0.001276, 0.001401, 0.001488, 0.001435, 0.001425, 0.001227, 0.001499, 0.001366, 0.001376, 0.001224, 0.001570, 0.000297, 0.001570, 0.001508, 0.001613, 0.001376, 0.001295, 0.001223, 0.001183, 0.001322, 0.001114, 0.001312, 0.001224, 0.001276, 0.001137, 0.001457, 0.001240, 0.001301, 0.001257, 0.001456, 0.001158, 0.001392, 0.001236, 0.001448, 0.001207, 0.001443, 0.000891, 0.000598, 0.001295, 0.001090, 0.001163, 0.001020, 0.001300, 0.001227, 0.001243, 0.001322, 0.001272, 0.001580, 0.001431, 0.001491, 0.001418, 0.001296, 0.001548, 0.001339, 0.001366, 0.001151, 0.001174, 0.001279, 0.001243, 0.001339, 0.001402, 0.000952, 0.001242, 0.001697, 0.001706, 0.001658, 0.001412, 0.001465, 0.001149, 0.001392, 0.001203, 0.001429, 0.001235, 0.001371, 0.001039, 0.001313, 0.001185, 0.001341, 0.001125, 0.001329, 0.001155, 0.001308, 0.001176, 0.001218, 0.001246, 0.000170
7 , 2, 2, 1, 1, 1, 1, 1
7 , 0.003050, 0.003497, 0.003313, 0.005571, 0.006705, 0.006705, 0.006811
8 , 0.001272, 0.001580, 0.001431, 0.001491, 0.001418, 0.001296, 0.001548, 0.001339, 0.001366, 0.001151, 0.001174, 0.001279, 0.001243, 0.001339, 0.001402, 0.000952, 0.001242, 0.001697, 0.001706, 0.001658, 0.001412, 0.001465, 0.001149, 0.001392, 0.001203, 0.001429, 0.001235, 0.001371, 0.001039, 0.001313, 0.001185, 0.001341, 0.001125, 0.001329, 0.001155, 0.001308, 0.001176, 0.001218, 0.001246, 0.000170, 0.001272, 0.001402, 0.001390, 0.001219, 0.001256, 0.001528, 0.001374, 0.001514, 0.001324, 0.001478, 0.001589, 0.001631, 0.001629, 0.001348, 0.001707, 0.001535, 0.001443, 0.001443, 0.001374, 0.001594, 0.001328, 0.001309, 0.001372, 0.001356, 0.001482, 0.001645, 0.001003, 0.001823, 0.001459, 0.001386, 0.001408, 0.001485, 0.001490, 0.001472, 0.001373, 0.001382, 0.001300, 0.001477, 0.001361, 0.001356, 0.001335, 0.001525, 0.001518, 0.001620, 0.001443, 0.001593, 0.001382, 0.001511, 0.001313, 0.001520, 0.001390, 0.001580
8 , 1, 1, 1, 1, 1, 1, 1
8 , 0.003409, 0.004386, 0.004292, 0.004386, 0.003991, 0.003984, 0.003563
9 , 0.001514, 0.001324, 0.001478, 0.001589, 0.001631, 0.001629, 0.001348, 0.001707, 0.001535, 0.001443, 0.001443, 0.001374, 0.001594, 0.001328, 0.001309, 0.001372, 0.001356, 0.001482, 0.001645, 0.001003, 0.001823, 0.001459, 0.001386, 0.001408, 0.001485, 0.001490, 0.001472, 0.001373, 0.001382, 0.001300, 0.001477, 0.001361, 0.001356, 0.001335, 0.001525, 0.001518, 0.001620, 0.001443, 0.001593, 0.001382, 0.001511, 0.001313, 0.001520, 0.001390, 0.001580, 0.001364, 0.001541, 0.001386, 0.001610, 0.001321, 0.001537, 0.001321, 0.001477, 0.001218, 0.001589, 0.001347, 0.001576, 0.001282, 0.001429, 0.001239, 0.001494, 0.001369, 0.001524, 0.001287, 0.001515, 0.001330, 0.001399, 0.001326, 0.001399, 0.001292, 0.001426, 0.001214, 0.001318, 0.001301, 0.001268, 0.001295, 0.001376, 0.001313, 0.001237, 0.001271, 0.001206, 0.001216, 0.001232, 0.001279, 0.001321, 0.001389, 0.001315, 0.001422, 0.001283, 0.001516, 0.001356, 0.001477
9 , 1, 3, 1, 1, 1, 1, 1
9 , 0.003025, 0.002418, 0.002515, 0.002351, 0.001878, 0.001148, 0.001248
10 , 0.001541, 0.001386, 0.001610, 0.001321, 0.001537, 0.001321, 0.001477, 0.001218, 0.001589, 0.001347, 0.001576, 0.001282, 0.001429, 0.001239, 0.001494, 0.001369, 0.001524, 0.001287, 0.001515, 0.001330, 0.001399, 0.001326, 0.001399, 0.001292, 0.001426, 0.001214, 0.001318, 0.001301, 0.001268, 0.001295, 0.001376, 0.001313, 0.001237, 0.001271, 0.001206, 0.001216, 0.001232, 0.001279, 0.001321, 0.001389, 0.001315, 0.001422, 0.001283, 0.001516, 0.001356, 0.001477, 0.001387, 0.001637, 0.001353, 0.001613, 0.001372, 0.001638, 0.001546, 0.001739, 0.001583, 0.001927, 0.001677, 0.001669, 0.001492, 0.001708, 0.001560, 0.001691, 0.001429, 0.001667, 0.001481, 0.001628, 0.001356, 0.001429, 0.001150, 0.001386, 0.001037, 0.001197, 0.000986, 0.001189, 0.000941, 0.001220, 0.001115, 0.001210, 0.000844, 0.001089, 0.000864, 0.001170, 0.001052, 0.001043, 0.000998, 0.001255, 0.001062, 0.001225, 0.001253, 0.001330, 0.001312, 0.001321
10 , 1, 1, 1, 1, 1, 1, 1
10 , 0.012583, 0.012112, 0.011836, 0.011103, 0.010278, 0.009349, 0.008467
11 , 0.001387, 0.001637, 0.001353, 0.001613, 0.001372, 0.001638, 0.001546, 0.001739, 0.001583, 0.001927, 0.001677, 0.001669, 0.001492, 0.001708, 0.001560, 0.001691, 0.001429, 0.001667, 0.001481, 0.001628, 0.001356, 0.001429, 0.001150, 0.001386, 0.001037, 0.001197, 0.000986, 0.001189, 0.000941, 0.001220, 0.001115, 0.001210, 0.000844, 0.001089, 0.000864, 0.001170, 0.001052, 0.001043, 0.000998, 0.001255, 0.001062, 0.001225, 0.001253, 0.001330, 0.001312, 0.001321, 0.001203, 0.001392, 0.001275, 0.001443, 0.001291, 0.001438, 0.001472, 0.001403, 0.001451, 0.001489, 0.001507, 0.001490, 0.001429, 0.001343, 0.001529, 0.001503, 0.001468, 0.001343, 0.001494, 0.001395, 0.001317, 0.001266, 0.001529, 0.001285, 0.001309, 0.001244, 0.001322, 0.001176, 0.001299, 0.001223, 0.001286, 0.001097, 0.001316, 0.001172, 0.001376, 0.001037, 0.001308, 0.001183, 0.001390, 0.001227, 0.001408, 0.001217, 0.001475, 0.001231, 0.001538, 0.001451
11 , 1, 1, 1, 1, 1, 1, 1
11 , 0.012179, 0.013125, 0.012871, 0.013014, 0.012069, 0.011938, 0.010455
12 , 0.001392, 0.001275, 0.001443, 0.001291, 0.001438, 0.001472, 0.001403, 0.001451, 0.001489, 0.001507, 0.001490, 0.001429, 0.001343, 0.001529, 0.001503, 0.001468, 0.001343, 0.001494, 0.001395, 0.001317, 0.001266, 0.001529, 0.001285, 0.001309, 0.001244, 0.001322, 0.001176, 0.001299, 0.001223, 0.001286, 0.001097, 0.001316, 0.001172, 0.001376, 0.001037, 0.001308, 0.001183, 0.001390, 0.001227, 0.001408, 0.001217, 0.001475, 0.001231, 0.001538, 0.001451, 0.001563, 0.001361, 0.001672, 0.001522, 0.001686, 0.001466, 0.001655, 0.001550, 0.001804, 0.001497, 0.001730, 0.001506, 0.001621, 0.001453, 0.001716, 0.001478, 0.001689, 0.001477, 0.001511, 0.001425, 0.001507, 0.001334, 0.001498, 0.001429, 0.001507, 0.001373, 0.001546, 0.001533, 0.001584, 0.001494, 0.001589, 0.001477, 0.001430, 0.001356, 0.001525, 0.001447, 0.001504, 0.001335, 0.001508, 0.001357, 0.001371, 0.001328, 0.001321, 0.001281, 0.001407, 0.001369, 0.001274
12 , 1, 1, 1, 1, 1, 1, 1
12 , 0.005634, 0.005508, 0.005237, 0.005844, 0.005469, 0.005482, 0.004983
13 , 0.001686, 0.001466, 0.001655, 0.001550, 0.001804, 0.001497, 0.001730, 0.001506, 0.001621, 0.001453, 0.001716, 0.001478, 0.001689, 0.001477, 0.001511, 0.001425, 0.001507, 0.001334, 0.001498, 0.001429, 0.001507, 0.001373, 0.001546, 0.001533, 0.001584, 0.001494, 0.001589, 0.001477, 0.001430, 0.001356, 0.001525, 0.001447, 0.001504, 0.001335, 0.001508, 0.001357, 0.001371, 0.001328, 0.001321, 0.001281, 0.001407, 0.001369, 0.001274, 0.001300, 0.001351, 0.001342, 0.001399, 0.001348, 0.001214, 0.001309, 0.001288, 0.001220, 0.001285, 0.001327, 0.001232, 0.001355, 0.001229, 0.001339, 0.001151, 0.001264, 0.001146, 0.001439, 0.001355, 0.001418, 0.001188, 0.001399, 0.001256, 0.001411, 0.001316, 0.001374, 0.001265, 0.001325, 0.001215, 0.001491, 0.001318, 0.001435, 0.001315, 0.001474, 0.001356, 0.001561, 0.001353, 0.001569, 0.001305, 0.001513, 0.001374, 0.001573, 0.001391, 0.001525, 0.001283, 0.001547, 0.001339, 0.001469
13 , 2, 2, 2, 2, 2, 2, 2
13 , 0.005077, 0.005490, 0.005424, 0.005587, 0.005605, 0.006270, 0.006081
14 , 0.001220, 0.001285, 0.001327, 0.001232, 0.001355, 0.001229, 0.001339, 0.001151, 0.001264, 0.001146, 0.001439, 0.001355, 0.001418, 0.001188, 0.001399, 0.001256, 0.001411, 0.001316, 0.001374, 0.001265, 0.001325, 0.001215, 0.001491, 0.001318, 0.001435, 0.001315, 0.001474, 0.001356, 0.001561, 0.001353, 0.001569, 0.001305, 0.001513, 0.001374, 0.001573, 0.001391, 0.001525, 0.001283, 0.001547, 0.001339, 0.001469, 0.001262, 0.001496, 0.001280, 0.001444, 0.001134, 0.001363, 0.001275, 0.001507, 0.001261, 0.001348, 0.001322, 0.001551, 0.001183, 0.001637, 0.001473, 0.001486, 0.001331, 0.001451, 0.001253, 0.001503, 0.001391, 0.001546, 0.001395, 0.001487, 0.001366, 0.001402, 0.001195, 0.001494, 0.001251, 0.001462, 0.001316, 0.001386, 0.001324, 0.001479, 0.001371, 0.001435, 0.001392, 0.001561, 0.001401, 0.001453, 0.001340, 0.001431, 0.001315, 0.001310, 0.001345, 0.001371, 0.001297, 0.001427, 0.001440, 0.001354, 0.001294
14 , 3, 3, 3, 3, 3, 3, 3
14 , 0.002457, 0.002690, 0.002497, 0.002985, 0.002469, 0.002664, 0.002417
15 , 0.001261, 0.001348, 0.001322, 0.001551, 0.001183, 0.001637, 0.001473, 0.001486, 0.001331, 0.001451, 0.001253, 0.001503, 0.001391, 0.001546, 0.001395, 0.001487, 0.001366, 0.001402, 0.001195, 0.001494, 0.001251, 0.001462, 0.001316, 0.001386, 0.001324, 0.001479, 0.001371, 0.001435, 0.001392, 0.001561, 0.001401, 0.001453, 0.001340, 0.001431, 0.001315, 0.001310, 0.001345, 0.001371, 0.001297, 0.001427, 0.001440, 0.001354, 0.001294, 0.001386, 0.001226, 0.001351, 0.001283, 0.001262, 0.001290, 0.001246, 0.001424, 0.001265, 0.001224, 0.001255, 0.001255, 0.001186, 0.001181, 0.001192, 0.001274, 0.001181, 0.001243, 0.001216, 0.001279, 0.001174, 0.001313, 0.001316, 0.001321, 0.001258, 0.001421, 0.001278, 0.001606, 0.001408, 0.001529, 0.001482, 0.001724, 0.001466, 0.001564, 0.001408, 0.001580, 0.001282, 0.001430, 0.001233, 0.001295, 0.001107, 0.001274, 0.000963, 0.001097, 0.001015, 0.001199, 0.000978, 0.001094, 0.000853
15 , 2, 2, 2, 2, 1, 1, 1
15 , 0.002202, 0.001964, 0.001729, 0.000787, 0.000719, 0.001698, 0.002383
16 , 0.001224, 0.001255, 0.001255, 0.001186, 0.001181, 0.001192, 0.001274, 0.001181, 0.001243, 0.001216, 0.001279, 0.001174, 0.001313, 0.001316, 0.001321, 0.001258, 0.001421, 0.001278, 0.001606, 0.001408, 0.001529, 0.001482, 0.001724, 0.001466, 0.001564, 0.001408, 0.001580, 0.001282, 0.001430, 0.001233, 0.001295, 0.001107, 0.001274, 0.000963, 0.001097, 0.001015, 0.001199, 0.000978, 0.001094, 0.000853, 0.001129, 0.000923, 0.001114, 0.000797, 0.001174, 0.000944, 0.001100, 0.001057, 0.001404, 0.001049, 0.001265, 0.001137, 0.001373, 0.001237, 0.001478, 0.001242, 0.001401, 0.001300, 0.001468, 0.001244, 0.001498, 0.001313, 0.001550, 0.001334, 0.001684, 0.001416, 0.001688, 0.001468, 0.001615, 0.001377, 0.001568, 0.001352, 0.001474, 0.001271, 0.001351, 0.001255, 0.001306, 0.001105, 0.001324, 0.001032, 0.001200, 0.001029, 0.001174, 0.001099, 0.001098, 0.001013, 0.001234, 0.001013, 0.001093, 0.000888, 0.001119, 0.001089
16 , 1, 1, 1, 1, 1, 1, 1
16 , 0.003006, 0.004571, 0.005954, 0.007500, 0.009345, 0.010143, 0.011252
