0 , 0.000859, 0.000571, 0.001307, 0.001340, 0.001498, 0.001402, 0.001522, 0.001669, 0.001573, 0.001624, 0.001387, 0.001571, 0.001572, 0.001654, 0.001654, 0.001344, 0.001660, 0.001654, 0.001548, 0.001518, 0.001363, 0.001657, 0.001578, 0.001641, 0.001594, 0.001167, 0.000836, 0.001513, 0.001434, 0.001383, 0.001286, 0.001451, 0.001188, 0.001288, 0.001121, 0.001432, 0.001279, 0.001477, 0.001265, 0.001400, 0.001377, 0.001385, 0.001308, 0.001424, 0.001359, 0.001463, 0.001397, 0.001370, 0.001564, 0.000097, 0.000862, 0.001096, 0.001087, 0.001089, 0.001003, 0.001331, 0.001261, 0.001334, 0.001247, 0.001389, 0.001458, 0.001254, 0.001417, 0.001295, 0.001377, 0.001690, 0.001543, 0.001622, 0.001456, 0.001617, 0.001524, 0.001435, 0.001527, 0.001521, 0.000346, 0.001629, 0.001509, 0.001648, 0.001490, 0.001641, 0.001442, 0.001386, 0.001463, 0.001273, 0.001407, 0.001440, 0.001449, 0.001338, 0.001472, 0.001442, 0.001525, 0.001270
0 , 2, 2, 2, 2, 2, 2, 2
0 , 0.004426, 0.004568, 0.004473, 0.004785, 0.005519, 0.006368, 0.006594
1 , 0.001087, 0.001089, 0.001003, 0.001331, 0.001261, 0.001334, 0.001247, 0.001389, 0.001458, 0.001254, 0.001417, 0.001295, 0.001377, 0.001690, 0.001543, 0.001622, 0.001456, 0.001617, 0.001524, 0.001435, 0.001527, 0.001521, 0.000346, 0.001629, 0.001509, 0.001648, 0.001490, 0.001641, 0.001442, 0.001386, 0.001463, 0.001273, 0.001407, 0.001440, 0.001449, 0.001338, 0.001472, 0.001442, 0.001525, 0.001270, 0.001307, 0.001191, 0.001386, 0.001140, 0.001386, 0.001050, 0.001462, 0.000553, 0.000905, 0.001332, 0.001408, 0.001517, 0.001209, 0.001469, 0.001669, 0.001567, 0.001670, 0.001501, 0.001797, 0.001708, 0.001575, 0.001628, 0.001658, 0.001828, 0.001702, 0.001857, 0.001614, 0.001703, 0.001814, 0.001717, 0.001718, 0.001936, 0.000575, 0.001180, 0.001391, 0.001351, 0.001331, 0.001171, 0.001277, 0.001037, 0.001220, 0.001212, 0.001404, 0.001031, 0.001423, 0.001326, 0.001442, 0.001157, 0.001394, 0.001336, 0.001510, 0.001327
1 , 3, 3, 1, 1, 3, 1, 1
1 , 0.006020, 0.005539, 0.005345, 0.006475, 0.008219, 0.007553, 0.007870
2 , 0.001408, 0.001517, 0.001209, 0.001469, 0.001669, 0.001567, 0.001670, 0.001501, 0.001797, 0.001708, 0.001575, 0.001628, 0.001658, 0.001828, 0.001702, 0.001857, 0.001614, 0.001703, 0.001814, 0.001717, 0.001718, 0.001936, 0.000575, 0.001180, 0.001391, 0.001351, 0.001331, 0.001171, 0.001277, 0.001037, 0.001220, 0.001212, 0.001404, 0.001031, 0.001423, 0.001326, 0.001442, 0.001157, 0.001394, 0.001336, 0.001510, 0.001327, 0.001483, 0.001318, 0.001396, 0.001202, 0.000356, 0.001012, 0.001070, 0.001133, 0.001229, 0.001211, 0.001473, 0.001456, 0.001595, 0.001323, 0.001474, 0.001460, 0.001346, 0.001531, 0.001288, 0.001538, 0.001547, 0.001468, 0.001633, 0.001428, 0.001627, 0.001719, 0.001568, 0.001651, 0.001203, 0.000768, 0.001517, 0.001363, 0.001397, 0.001062, 0.001247, 0.001062, 0.001193, 0.001174, 0.001158, 0.001139, 0.001270, 0.001231, 0.001228, 0.001221, 0.001260, 0.001174, 0.001135, 0.001237, 0.001189, 0.001318
2 , 1, 1, 1, 1, 1, 1, 1
2 , 0.006909, 0.008897, 0.011137, 0.014052, 0.012030, 0.012414, 0.013368
3 , 0.001133, 0.001229, 0.001211, 0.001473, 0.001456, 0.001595, 0.001323, 0.001474, 0.001460, 0.001346, 0.001531, 0.001288, 0.001538, 0.001547, 0.001468, 0.001633, 0.001428, 0.001627, 0.001719, 0.001568, 0.001651, 0.001203, 0.000768, 0.001517, 0.001363, 0.001397, 0.001062, 0.001247, 0.001062, 0.001193, 0.001174, 0.001158, 0.001139, 0.001270, 0.001231, 0.001228, 0.001221, 0.001260, 0.001174, 0.001135, 0.001237, 0.001189, 0.001318, 0.001277, 0.001353, 0.001079, 0.001368, 0.000010, 0.000974, 0.001122, 0.001094, 0.001236, 0.001147, 0.001293, 0.001330, 0.001270, 0.001481, 0.001266, 0.001602, 0.001410, 0.001469, 0.001460, 0.001314, 0.001529, 0.001440, 0.001417, 0.001480, 0.001482, 0.001613, 0.001552, 0.001538, 0.001711, 0.000045, 0.001275, 0.001361, 0.001366, 0.001185, 0.001075, 0.001206, 0.001087, 0.001268, 0.001048, 0.001248, 0.001044, 0.001329, 0.001113, 0.001318, 0.001058, 0.001374, 0.001103, 0.001313, 0.001068
3 , 1, 1, 1, 1, 1, 1, 1
3 , 0.003687, 0.005884, 0.007806, 0.008414, 0.010870, 0.009846, 0.010399
4 , 0.001094, 0.001236, 0.001147, 0.001293, 0.001330, 0.001270, 0.001481, 0.001266, 0.001602, 0.001410, 0.001469, 0.001460, 0.001314, 0.001529, 0.001440, 0.001417, 0.001480, 0.001482, 0.001613, 0.001552, 0.001538, 0.001711, 0.000045, 0.001275, 0.001361, 0.001366, 0.001185, 0.001075, 0.001206, 0.001087, 0.001268, 0.001048, 0.001248, 0.001044, 0.001329, 0.001113, 0.001318, 0.001058, 0.001374, 0.001103, 0.001313, 0.001068, 0.001348, 0.000970, 0.001269, 0.000507, 0.000997, 0.001358, 0.001441, 0.001474, 0.001309, 0.001279, 0.001505, 0.001386, 0.001472, 0.001270, 0.001431, 0.001554, 0.001444, 0.001453, 0.001231, 0.001464, 0.001445, 0.001250, 0.001472, 0.001308, 0.001371, 0.001369, 0.001405, 0.001593, 0.000260, 0.001247, 0.001637, 0.001446, 0.001509, 0.001377, 0.001502, 0.001318, 0.001543, 0.001318, 0.001437, 0.001195, 0.001344, 0.001142, 0.001201, 0.001039, 0.001147, 0.001017, 0.001212, 0.001198, 0.001203, 0.001099
4 , 1, 1, 1, 1, 1, 1, 1
4 , 0.003604, 0.005773, 0.008843, 0.008570, 0.006163, 0.006805, 0.007059
5 , 0.001441, 0.001474, 0.001309, 0.001279, 0.001505, 0.001386, 0.001472, 0.001270, 0.001431, 0.001554, 0.001444, 0.001453, 0.001231, 0.001464, 0.001445, 0.001250, 0.001472, 0.001308, 0.001371, 0.001369, 0.001405, 0.001593, 0.000260, 0.001247, 0.001637, 0.001446, 0.001509, 0.001377, 0.001502, 0.001318, 0.001543, 0.001318, 0.001437, 0.001195, 0.001344, 0.001142, 0.001201, 0.001039, 0.001147, 0.001017, 0.001212, 0.001198, 0.001203, 0.001099, 0.001180, 0.001064, 0.001266, 0.001167, 0.000452, 0.001150, 0.001404, 0.001387, 0.001414, 0.001288, 0.001494, 0.001472, 0.001463, 0.001573, 0.001390, 0.001648, 0.001596, 0.001683, 0.001597, 0.001316, 0.001587, 0.001356, 0.001538, 0.001344, 0.001289, 0.001488, 0.001284, 0.001387, 0.000882, 0.001118, 0.001787, 0.001582, 0.001563, 0.001514, 0.001424, 0.001430, 0.001486, 0.001465, 0.001267, 0.001381, 0.001161, 0.001330, 0.001239, 0.001421, 0.001145, 0.001366, 0.001220, 0.001299
5 , 1, 1, 1, 1, 1, 1, 1
5 , 0.001848, 0.002930, 0.004372, 0.004936, 0.003358, 0.003986, 0.004882
6 , 0.001150, 0.001404, 0.001387, 0.001414, 0.001288, 0.001494, 0.001472, 0.001463, 0.001573, 0.001390, 0.001648, 0.001596, 0.001683, 0.001597, 0.001316, 0.001587, 0.001356, 0.001538, 0.001344, 0.001289, 0.001488, 0.001284, 0.001387, 0.000882, 0.001118, 0.001787, 0.001582, 0.001563, 0.001514, 0.001424, 0.001430, 0.001486, 0.001465, 0.001267, 0.001381, 0.001161, 0.001330, 0.001239, 0.001421, 0.001145, 0.001366, 0.001220, 0.001299, 0.001098, 0.001252, 0.001005, 0.001355, 0.000153, 0.001163, 0.001473, 0.001432, 0.001363, 0.001452, 0.001300, 0.001580, 0.001477, 0.001550, 0.001299, 0.001350, 0.001533, 0.001496, 0.001604, 0.001375, 0.001513, 0.001659, 0.001453, 0.001476, 0.001254, 0.001499, 0.001563, 0.001384, 0.001474, 0.001378, 0.001896, 0.000106, 0.001609, 0.001355, 0.001382, 0.001097, 0.001221, 0.001031, 0.001241, 0.001000, 0.001085, 0.000924, 0.001140, 0.001130, 0.001241, 0.001136, 0.001171, 0.001241, 0.001313
6 , 1, 1, 1, 1, 1, 1, 1
6 , 0.003636, 0.004271, 0.005956, 0.006817, 0.009854, 0.009329, 0.009704
7 , 0.001432, 0.001363, 0.001452, 0.001300, 0.001580, 0.001477, 0.001550, 0.001299, 0.001350, 0.001533, 0.001496, 0.001604, 0.001375, 0.001513, 0.001659, 0.001453, 0.001476, 0.001254, 0.001499, 0.001563, 0.001384, 0.001474, 0.001378, 0.001896, 0.000106, 0.001609, 0.001355, 0.001382, 0.001097, 0.001221, 0.001031, 0.001241, 0.001000, 0.001085, 0.000924, 0.001140, 0.001130, 0.001241, 0.001136, 0.001171, 0.001241, 0.001313, 0.001229, 0.001317, 0.001321, 0.001268, 0.001400, 0.001263, 0.001370, 0.001377, 0.001303, 0.001216, 0.001315, 0.001332, 0.001525, 0.001288, 0.001517, 0.001215, 0.001427, 0.001216, 0.001502, 0.001308, 0.001395, 0.001231, 0.001423, 0.001135, 0.001430, 0.001179, 0.001367, 0.001091, 0.001370, 0.001175, 0.001298, 0.000936, 0.001156, 0.001070, 0.001200, 0.001015, 0.001246, 0.001156, 0.001331, 0.001035, 0.001180, 0.001026, 0.001297, 0.001111, 0.001216, 0.001137, 0.001344, 0.001264, 0.001261, 0.001226
7 , 1, 1, 1, 1, 1, 1, 1
7 , 0.006987, 0.008788, 0.008781, 0.008972, 0.008814, 0.009933, 0.006543
8 , 0.001216, 0.001315, 0.001332, 0.001525, 0.001288, 0.001517, 0.001215, 0.001427, 0.001216, 0.001502, 0.001308, 0.001395, 0.001231, 0.001423, 0.001135, 0.001430, 0.001179, 0.001367, 0.001091, 0.001370, 0.001175, 0.001298, 0.000936, 0.001156, 0.001070, 0.001200, 0.001015, 0.001246, 0.001156, 0.001331, 0.001035, 0.001180, 0.001026, 0.001297, 0.001111, 0.001216, 0.001137, 0.001344, 0.001264, 0.001261, 0.001226, 0.001307, 0.001168, 0.001270, 0.001235, 0.001330, 0.001404, 0.001328, 0.001358, 0.001212, 0.001291, 0.001275, 0.001224, 0.001266, 0.001315, 0.001103, 0.001207, 0.001193, 0.001217, 0.001242, 0.001317, 0.001012, 0.001228, 0.001118, 0.001098, 0.000979, 0.001364, 0.001188, 0.001242, 0.000957, 0.001262, 0.001141, 0.001241, 0.000941, 0.001257, 0.001007, 0.001162, 0.001117, 0.001339, 0.001064, 0.001380, 0.001020, 0.001240, 0.001158, 0.001390, 0.001128, 0.001495, 0.001191, 0.001472, 0.001146, 0.001457, 0.001326
8 , 1, 1, 2, 2, 2, 2, 2
8 , 0.003664, 0.003904, 0.003085, 0.003181, 0.003049, 0.002876, 0.003394
9 , 0.001328, 0.001358, 0.001212, 0.001291, 0.001275, 0.001224, 0.001266, 0.001315, 0.001103, 0.001207, 0.001193, 0.001217, 0.001242, 0.001317, 0.001012, 0.001228, 0.001118, 0.001098, 0.000979, 0.001364, 0.001188, 0.001242, 0.000957, 0.001262, 0.001141, 0.001241, 0.000941, 0.001257, 0.001007, 0.001162, 0.001117, 0.001339, 0.001064, 0.001380, 0.001020, 0.001240, 0.001158, 0.001390, 0.001128, 0.001495, 0.001191, 0.001472, 0.001146, 0.001457, 0.001326, 0.001494, 0.001313, 0.001590, 0.001365, 0.001535, 0.001280, 0.001475, 0.001234, 0.001303, 0.001203, 0.001264, 0.001280, 0.001368, 0.001368, 0.001424, 0.001394, 0.001474, 0.001318, 0.001496, 0.001422, 0.001392, 0.001478, 0.001427, 0.001445, 0.001276, 0.001315, 0.001442, 0.001377, 0.001421, 0.001492, 0.001297, 0.001263, 0.001321, 0.001360, 0.001295, 0.001404, 0.001209, 0.001367, 0.001221, 0.001305, 0.001229, 0.001239, 0.001129, 0.001253, 0.001153, 0.001303, 0.001163
9 , 1, 1, 1, 3, 3, 3, 3
9 , 0.002155, 0.002732, 0.002039, 0.002114, 0.003019, 0.003449, 0.003953
10 , 0.001234, 0.001303, 0.001203, 0.001264, 0.001280, 0.001368, 0.001368, 0.001424, 0.001394, 0.001474, 0.001318, 0.001496, 0.001422, 0.001392, 0.001478, 0.001427, 0.001445, 0.001276, 0.001315, 0.001442, 0.001377, 0.001421, 0.001492, 0.001297, 0.001263, 0.001321, 0.001360, 0.001295, 0.001404, 0.001209, 0.001367, 0.001221, 0.001305, 0.001229, 0.001239, 0.001129, 0.001253, 0.001153, 0.001303, 0.001163, 0.001393, 0.001158, 0.001268, 0.001087, 0.001191, 0.001051, 0.001266, 0.001136, 0.001372, 0.001106, 0.001226, 0.001046, 0.001145, 0.001051, 0.001267, 0.001136, 0.001292, 0.001203, 0.001334, 0.001201, 0.001440, 0.001215, 0.001299, 0.001190, 0.001447, 0.001274, 0.001564, 0.001209, 0.001511, 0.001239, 0.001339, 0.001325, 0.001495, 0.001249, 0.001477, 0.001190, 0.001344, 0.001234, 0.001334, 0.001148, 0.001369, 0.001229, 0.001209, 0.001231, 0.001416, 0.001154, 0.001402, 0.001430, 0.001486, 0.001421, 0.001472, 0.001458
10 , 2, 2, 2, 2, 2, 2, 2
10 , 0.004045, 0.003792, 0.004259, 0.004405, 0.004969, 0.004682, 0.005081
11 , 0.001145, 0.001051, 0.001267, 0.001136, 0.001292, 0.001203, 0.001334, 0.001201, 0.001440, 0.001215, 0.001299, 0.001190, 0.001447, 0.001274, 0.001564, 0.001209, 0.001511, 0.001239, 0.001339, 0.001325, 0.001495, 0.001249, 0.001477, 0.001190, 0.001344, 0.001234, 0.001334, 0.001148, 0.001369, 0.001229, 0.001209, 0.001231, 0.001416, 0.001154, 0.001402, 0.001430, 0.001486, 0.001421, 0.001472, 0.001458, 0.001463, 0.001410, 0.001575, 0.001544, 0.001466, 0.001403, 0.001477, 0.001368, 0.001493, 0.001333, 0.001394, 0.001407, 0.001442, 0.001523, 0.001424, 0.001460, 0.001388, 0.001441, 0.001335, 0.001453, 0.001312, 0.001326, 0.001174, 0.001444, 0.001158, 0.001177, 0.001142, 0.001172, 0.001152, 0.001297, 0.001176, 0.001301, 0.000960, 0.001190, 0.001045, 0.001160, 0.001009, 0.001059, 0.000929, 0.001170, 0.001075, 0.001155, 0.001019, 0.001230, 0.001014, 0.001120, 0.000979, 0.001215, 0.000909, 0.001230, 0.001095, 0.001346
11 , 3, 3, 3, 3, 3, 3, 3
11 , 0.008218, 0.007747, 0.007482, 0.007037, 0.006589, 0.005919, 0.005635
12 , 0.001477, 0.001368, 0.001493, 0.001333, 0.001394, 0.001407, 0.001442, 0.001523, 0.001424, 0.001460, 0.001388, 0.001441, 0.001335, 0.001453, 0.001312, 0.001326, 0.001174, 0.001444, 0.001158, 0.001177, 0.001142, 0.001172, 0.001152, 0.001297, 0.001176, 0.001301, 0.000960, 0.001190, 0.001045, 0.001160, 0.001009, 0.001059, 0.000929, 0.001170, 0.001075, 0.001155, 0.001019, 0.001230, 0.001014, 0.001120, 0.000979, 0.001215, 0.000909, 0.001230, 0.001095, 0.001346, 0.001241, 0.001262, 0.001244, 0.001377, 0.001244, 0.001546, 0.001370, 0.001546, 0.001324, 0.001673, 0.001452, 0.001754, 0.001529, 0.001732, 0.001503, 0.001688, 0.001567, 0.001654, 0.001533, 0.001667, 0.001485, 0.001667, 0.001451, 0.001671, 0.001464, 0.001715, 0.001543, 0.001623, 0.001468, 0.001456, 0.001349, 0.001460, 0.001293, 0.001507, 0.001236, 0.001304, 0.001128, 0.001168, 0.001163, 0.001293, 0.001157, 0.001282, 0.001252, 0.001202, 0.001252, 0.001211
12 , 1, 1, 1, 1, 1, 1, 1
12 , 0.009393, 0.009714, 0.009930, 0.010106, 0.010614, 0.011337, 0.011517
13 , 0.001370, 0.001546, 0.001324, 0.001673, 0.001452, 0.001754, 0.001529, 0.001732, 0.001503, 0.001688, 0.001567, 0.001654, 0.001533, 0.001667, 0.001485, 0.001667, 0.001451, 0.001671, 0.001464, 0.001715, 0.001543, 0.001623, 0.001468, 0.001456, 0.001349, 0.001460, 0.001293, 0.001507, 0.001236, 0.001304, 0.001128, 0.001168, 0.001163, 0.001293, 0.001157, 0.001282, 0.001252, 0.001202, 0.001252, 0.001211, 0.001227, 0.001101, 0.001171, 0.001182, 0.001112, 0.001228, 0.001263, 0.001194, 0.001356, 0.001302, 0.001288, 0.001365, 0.001281, 0.001311, 0.001471, 0.001226, 0.001372, 0.001328, 0.001446, 0.001318, 0.001388, 0.001349, 0.001458, 0.001321, 0.001356, 0.001140, 0.001336, 0.001140, 0.001310, 0.001187, 0.001416, 0.001147, 0.001312, 0.001263, 0.001423, 0.001193, 0.001286, 0.001106, 0.001326, 0.001244, 0.001444, 0.001207, 0.001423, 0.001267, 0.001488, 0.001151, 0.001360, 0.001286, 0.001439, 0.001209, 0.001365, 0.001246
13 , 2, 1, 1, 1, 1, 2, 2
13 , 0.005252, 0.006467, 0.006861, 0.007622, 0.007607, 0.007678, 0.008082
14 , 0.001281, 0.001311, 0.001471, 0.001226, 0.001372, 0.001328, 0.001446, 0.001318, 0.001388, 0.001349, 0.001458, 0.001321, 0.001356, 0.001140, 0.001336, 0.001140, 0.001310, 0.001187, 0.001416, 0.001147, 0.001312, 0.001263, 0.001423, 0.001193, 0.001286, 0.001106, 0.001326, 0.001244, 0.001444, 0.001207, 0.001423, 0.001267, 0.001488, 0.001151, 0.001360, 0.001286, 0.001439, 0.001209, 0.001365, 0.001246, 0.001485, 0.001337, 0.001557, 0.001293, 0.001467, 0.001226, 0.001481, 0.001244, 0.001483, 0.001293, 0.001486, 0.001296, 0.001466, 0.001210, 0.001324, 0.001310, 0.001390, 0.001123, 0.001327, 0.001246, 0.001386, 0.001141, 0.001180, 0.001150, 0.001190, 0.001014, 0.001180, 0.001155, 0.001205, 0.001220, 0.001341, 0.001232, 0.001353, 0.001193, 0.001269, 0.001205, 0.001447, 0.001374, 0.001318, 0.001362, 0.001416, 0.001493, 0.001428, 0.001329, 0.001449, 0.001466, 0.001526, 0.001436, 0.001397, 0.001539, 0.001525, 0.001482
14 , 2, 0, 0, 0, 0, 0, 0
14 , 0.001917, 0.002509, 0.002709, 0.003310, 0.003222, 0.003923, 0.004530
15 , 0.001466, 0.001210, 0.001324, 0.001310, 0.001390, 0.001123, 0.001327, 0.001246, 0.001386, 0.001141, 0.001180, 0.001150, 0.001190, 0.001014, 0.001180, 0.001155, 0.001205, 0.001220, 0.001341, 0.001232, 0.001353, 0.001193, 0.001269, 0.001205, 0.001447, 0.001374, 0.001318, 0.001362, 0.001416, 0.001493, 0.001428, 0.001329, 0.001449, 0.001466, 0.001526, 0.001436, 0.001397, 0.001539, 0.001525, 0.001482, 0.001452, 0.001516, 0.001509, 0.001505, 0.001398, 0.001581, 0.001300, 0.001497, 0.001260, 0.001304, 0.001330, 0.001360, 0.001279, 0.001474, 0.001284, 0.001377, 0.001217, 0.001447, 0.001277, 0.001451, 0.001231, 0.001451, 0.001126, 0.001331, 0.001328, 0.001442, 0.001318, 0.001339, 0.001263, 0.001548, 0.001402, 0.001606, 0.001321, 0.001360, 0.001226, 0.001511, 0.001302, 0.001506, 0.001293, 0.001502, 0.001346, 0.001479, 0.001191, 0.001394, 0.001174, 0.001207, 0.001112, 0.001377, 0.000971, 0.001211, 0.001001, 0.001322
15 , 3, 3, 3, 3, 3, 3, 3
15 , 0.003908, 0.004052, 0.004926, 0.005318, 0.006325, 0.006423, 0.006437
16 , 0.001279, 0.001474, 0.001284, 0.001377, 0.001217, 0.001447, 0.001277, 0.001451, 0.001231, 0.001451, 0.001126, 0.001331, 0.001328, 0.001442, 0.001318, 0.001339, 0.001263, 0.001548, 0.001402, 0.001606, 0.001321, 0.001360, 0.001226, 0.001511, 0.001302, 0.001506, 0.001293, 0.001502, 0.001346, 0.001479, 0.001191, 0.001394, 0.001174, 0.001207, 0.001112, 0.001377, 0.000971, 0.001211, 0.001001, 0.001322, 0.001133, 0.001342, 0.001137, 0.001342, 0.001158, 0.001333, 0.001079, 0.001385, 0.001171, 0.001444, 0.001325, 0.001409, 0.001290, 0.001423, 0.001309, 0.001430, 0.001256, 0.001502, 0.001333, 0.001575, 0.001285, 0.001445, 0.001367, 0.001489, 0.001445, 0.001548, 0.001457, 0.001523, 0.001324, 0.001376, 0.001458, 0.001398, 0.001398, 0.001446, 0.001421, 0.001418, 0.001332, 0.001437, 0.001388, 0.001362, 0.001376, 0.001321, 0.001335, 0.001295, 0.001395, 0.001311, 0.001277, 0.001297, 0.001365, 0.001360, 0.001525, 0.001472
16 , 1, 1, 1, 1, 1, 1, 1
16 , 0.001459, 0.002338, 0.002210, 0.002858, 0.002682, 0.003334, 0.003114
