0 , 0.001054, 0.001406, 0.001294, 0.001436, 0.001397, 0.001340, 0.001649, 0.001530, 0.001600, 0.001392, 0.001403, 0.001437, 0.001380, 0.001507, 0.001285, 0.001483, 0.001437, 0.001282, 0.001421, 0.001172, 0.001424, 0.001407, 0.001225, 0.001151, 0.001470, 0.000237, 0.001744, 0.001604, 0.001472, 0.001441, 0.001373, 0.001243, 0.001226, 0.001326, 0.001244, 0.001344, 0.001197, 0.001376, 0.001176, 0.001332, 0.001228, 0.001306, 0.001102, 0.001255, 0.001107, 0.001320, 0.001158, 0.001377, 0.001149, 0.001539, 0.000599, 0.000810, 0.001301, 0.001182, 0.001215, 0.001106, 0.001159, 0.001288, 0.001116, 0.001394, 0.001189, 0.001275, 0.001292, 0.001334, 0.001388, 0.001215, 0.001431, 0.001431, 0.001384, 0.001437, 0.001416, 0.001556, 0.001404, 0.001346, 0.001587, 0.000575, 0.001289, 0.001477, 0.001421, 0.001369, 0.001226, 0.001326, 0.001161, 0.001365, 0.001104, 0.001347, 0.001200, 0.001490, 0.001229, 0.001285, 0.001117, 0.001328
0 , 2, 2, 2, 2, 2, 2, 2
0 , 0.003526, 0.002991, 0.003780, 0.004007, 0.003607, 0.003287, 0.003598
1 , 0.001539, 0.000599, 0.000810, 0.001301, 0.001182, 0.001215, 0.001106, 0.001159, 0.001288, 0.001116, 0.001394, 0.001189, 0.001275, 0.001292, 0.001334, 0.001388, 0.001215, 0.001431, 0.001431, 0.001384, 0.001437, 0.001416, 0.001556, 0.001404, 0.001346, 0.001587, 0.000575, 0.001289, 0.001477, 0.001421, 0.001369, 0.001226, 0.001326, 0.001161, 0.001365, 0.001104, 0.001347, 0.001200, 0.001490, 0.001229, 0.001285, 0.001117, 0.001328, 0.001315, 0.001591, 0.001358, 0.001401, 0.001310, 0.001327, 0.001346, 0.000280, 0.001085, 0.001219, 0.001232, 0.001272, 0.001215, 0.001388, 0.001143, 0.001238, 0.001036, 0.001250, 0.001263, 0.001167, 0.001210, 0.001039, 0.001310, 0.001421, 0.001214, 0.001233, 0.001168, 0.001341, 0.001450, 0.001321, 0.001527, 0.001151, 0.000793, 0.001536, 0.001209, 0.001346, 0.001202, 0.001211, 0.001134, 0.001081, 0.001030, 0.001044, 0.000979, 0.001209, 0.001025, 0.000995, 0.001088, 0.001207, 0.001249
1 , 3, 3, 3, 3, 3, 3, 1
1 , 0.002709, 0.002478, 0.002112, 0.001860, 0.002005, 0.001165, 0.001121
2 , 0.001401, 0.001310, 0.001327, 0.001346, 0.000280, 0.001085, 0.001219, 0.001232, 0.001272, 0.001215, 0.001388, 0.001143, 0.001238, 0.001036, 0.001250, 0.001263, 0.001167, 0.001210, 0.001039, 0.001310, 0.001421, 0.001214, 0.001233, 0.001168, 0.001341, 0.001450, 0.001321, 0.001527, 0.001151, 0.000793, 0.001536, 0.001209, 0.001346, 0.001202, 0.001211, 0.001134, 0.001081, 0.001030, 0.001044, 0.000979, 0.001209, 0.001025, 0.000995, 0.001088, 0.001207, 0.001249, 0.001184, 0.001273, 0.001269, 0.001421, 0.000989, 0.001294, 0.001089, 0.001522, 0.000015, 0.001106, 0.001417, 0.001243, 0.001307, 0.001335, 0.001522, 0.001527, 0.001587, 0.001564, 0.001555, 0.001729, 0.001493, 0.001603, 0.001681, 0.001422, 0.001669, 0.001628, 0.001708, 0.001514, 0.001435, 0.001653, 0.001556, 0.001420, 0.001423, 0.000285, 0.001690, 0.001673, 0.001521, 0.001530, 0.001353, 0.001470, 0.001380, 0.001595, 0.001418, 0.001587, 0.001380, 0.001527
2 , 2, 2, 2, 2, 2, 2, 2
2 , 0.004018, 0.003548, 0.003334, 0.002592, 0.001686, 0.000783, 0.000416
3 , 0.001184, 0.001273, 0.001269, 0.001421, 0.000989, 0.001294, 0.001089, 0.001522, 0.000015, 0.001106, 0.001417, 0.001243, 0.001307, 0.001335, 0.001522, 0.001527, 0.001587, 0.001564, 0.001555, 0.001729, 0.001493, 0.001603, 0.001681, 0.001422, 0.001669, 0.001628, 0.001708, 0.001514, 0.001435, 0.001653, 0.001556, 0.001420, 0.001423, 0.000285, 0.001690, 0.001673, 0.001521, 0.001530, 0.001353, 0.001470, 0.001380, 0.001595, 0.001418, 0.001587, 0.001380, 0.001527, 0.001285, 0.001487, 0.001306, 0.001587, 0.001358, 0.001444, 0.001202, 0.001517, 0.001125, 0.001478, 0.000629, 0.000847, 0.001158, 0.001365, 0.001408, 0.001397, 0.001354, 0.001665, 0.001468, 0.001555, 0.001660, 0.001713, 0.001713, 0.001648, 0.001618, 0.001442, 0.001701, 0.001730, 0.001556, 0.001612, 0.001618, 0.001730, 0.001665, 0.001513, 0.001796, 0.000487, 0.001129, 0.001549, 0.001496, 0.001500, 0.001422, 0.001561, 0.001237, 0.001573, 0.001302, 0.001366
3 , 0, 0, 0, 0, 0, 0, 0
3 , 0.008485, 0.007023, 0.006303, 0.005045, 0.004199, 0.003309, 0.002262
4 , 0.001285, 0.001487, 0.001306, 0.001587, 0.001358, 0.001444, 0.001202, 0.001517, 0.001125, 0.001478, 0.000629, 0.000847, 0.001158, 0.001365, 0.001408, 0.001397, 0.001354, 0.001665, 0.001468, 0.001555, 0.001660, 0.001713, 0.001713, 0.001648, 0.001618, 0.001442, 0.001701, 0.001730, 0.001556, 0.001612, 0.001618, 0.001730, 0.001665, 0.001513, 0.001796, 0.000487, 0.001129, 0.001549, 0.001496, 0.001500, 0.001422, 0.001561, 0.001237, 0.001573, 0.001302, 0.001366, 0.001241, 0.001471, 0.001311, 0.001462, 0.001381, 0.001450, 0.001450, 0.001570, 0.001532, 0.001518, 0.001397, 0.001371, 0.001340, 0.001284, 0.001402, 0.000552, 0.001028, 0.001162, 0.001242, 0.001334, 0.001245, 0.001367, 0.001539, 0.001293, 0.001466, 0.001293, 0.001533, 0.001503, 0.001387, 0.001546, 0.001331, 0.001570, 0.001527, 0.001338, 0.001285, 0.001192, 0.001494, 0.001278, 0.001497, 0.001166, 0.000894, 0.001461, 0.001660, 0.001522, 0.001362, 0.001288
4 , 0, 0, 0, 0, 0, 0, 0
4 , 0.006126, 0.005650, 0.005218, 0.004158, 0.003786, 0.002835, 0.002168
5 , 0.001241, 0.001471, 0.001311, 0.001462, 0.001381, 0.001450, 0.001450, 0.001570, 0.001532, 0.001518, 0.001397, 0.001371, 0.001340, 0.001284, 0.001402, 0.000552, 0.001028, 0.001162, 0.001242, 0.001334, 0.001245, 0.001367, 0.001539, 0.001293, 0.001466, 0.001293, 0.001533, 0.001503, 0.001387, 0.001546, 0.001331, 0.001570, 0.001527, 0.001338, 0.001285, 0.001192, 0.001494, 0.001278, 0.001497, 0.001166, 0.000894, 0.001461, 0.001660, 0.001522, 0.001362, 0.001288, 0.001414, 0.001302, 0.001346, 0.001208, 0.001291, 0.001042, 0.001276, 0.001121, 0.001264, 0.001088, 0.001262, 0.000967, 0.001236, 0.001004, 0.001306, 0.000966, 0.001313, 0.000087, 0.001252, 0.001374, 0.001556, 0.001419, 0.001566, 0.001356, 0.001653, 0.001594, 0.001644, 0.001495, 0.001383, 0.001575, 0.001429, 0.001634, 0.001433, 0.001393, 0.001603, 0.001513, 0.001586, 0.001285, 0.001314, 0.001609, 0.001287, 0.001624, 0.000410, 0.001328, 0.001526, 0.001458
5 , 0, 0, 0, 0, 0, 0, 0
5 , 0.006956, 0.006781, 0.006985, 0.006596, 0.005542, 0.004977, 0.004118
6 , 0.001346, 0.001208, 0.001291, 0.001042, 0.001276, 0.001121, 0.001264, 0.001088, 0.001262, 0.000967, 0.001236, 0.001004, 0.001306, 0.000966, 0.001313, 0.000087, 0.001252, 0.001374, 0.001556, 0.001419, 0.001566, 0.001356, 0.001653, 0.001594, 0.001644, 0.001495, 0.001383, 0.001575, 0.001429, 0.001634, 0.001433, 0.001393, 0.001603, 0.001513, 0.001586, 0.001285, 0.001314, 0.001609, 0.001287, 0.001624, 0.000410, 0.001328, 0.001526, 0.001458, 0.001367, 0.001147, 0.001337, 0.001229, 0.001433, 0.001190, 0.001333, 0.001143, 0.001282, 0.001113, 0.001356, 0.001173, 0.001364, 0.001182, 0.001170, 0.001074, 0.001229, 0.001118, 0.001204, 0.001175, 0.001297, 0.000780, 0.001026, 0.001101, 0.001247, 0.001211, 0.001308, 0.001146, 0.001341, 0.001507, 0.001292, 0.001467, 0.001272, 0.001404, 0.001460, 0.001457, 0.001510, 0.001354, 0.001513, 0.001599, 0.001512, 0.001657, 0.001390, 0.001706, 0.001598, 0.002053, 0.000640, 0.001099
6 , 0, 0, 0, 0, 0, 0, 0
6 , 0.011279, 0.012021, 0.010815, 0.010563, 0.009971, 0.009520, 0.008220
7 , 0.001229, 0.001433, 0.001190, 0.001333, 0.001143, 0.001282, 0.001113, 0.001356, 0.001173, 0.001364, 0.001182, 0.001170, 0.001074, 0.001229, 0.001118, 0.001204, 0.001175, 0.001297, 0.000780, 0.001026, 0.001101, 0.001247, 0.001211, 0.001308, 0.001146, 0.001341, 0.001507, 0.001292, 0.001467, 0.001272, 0.001404, 0.001460, 0.001457, 0.001510, 0.001354, 0.001513, 0.001599, 0.001512, 0.001657, 0.001390, 0.001706, 0.001598, 0.002053, 0.000640, 0.001099, 0.001200, 0.001345, 0.001329, 0.001155, 0.001120, 0.000985, 0.001051, 0.001172, 0.001015, 0.001010, 0.001047, 0.001097, 0.001025, 0.001076, 0.001044, 0.001306, 0.001170, 0.001214, 0.001122, 0.001380, 0.001095, 0.001395, 0.000562, 0.001033, 0.001232, 0.001350, 0.001198, 0.001374, 0.001268, 0.001500, 0.001487, 0.001520, 0.001282, 0.001394, 0.001583, 0.001444, 0.001533, 0.001354, 0.001285, 0.001394, 0.001464, 0.001424, 0.001278, 0.001470, 0.001517, 0.001384, 0.001487
7 , 0, 0, 0, 0, 0, 0, 0
7 , 0.009927, 0.010890, 0.011156, 0.011474, 0.011868, 0.011750, 0.011054
8 , 0.000985, 0.001051, 0.001172, 0.001015, 0.001010, 0.001047, 0.001097, 0.001025, 0.001076, 0.001044, 0.001306, 0.001170, 0.001214, 0.001122, 0.001380, 0.001095, 0.001395, 0.000562, 0.001033, 0.001232, 0.001350, 0.001198, 0.001374, 0.001268, 0.001500, 0.001487, 0.001520, 0.001282, 0.001394, 0.001583, 0.001444, 0.001533, 0.001354, 0.001285, 0.001394, 0.001464, 0.001424, 0.001278, 0.001470, 0.001517, 0.001384, 0.001487, 0.001324, 0.001503, 0.000702, 0.001643, 0.001403, 0.001499, 0.001152, 0.001356, 0.001113, 0.001282, 0.001110, 0.001360, 0.001273, 0.001326, 0.001182, 0.001317, 0.001078, 0.001273, 0.001213, 0.001347, 0.001190, 0.001204, 0.001165, 0.001328, 0.001315, 0.001280, 0.001422, 0.001444, 0.001392, 0.001250, 0.001362, 0.001370, 0.001474, 0.001370, 0.001431, 0.001206, 0.001358, 0.001211, 0.001332, 0.001121, 0.001243, 0.001131, 0.001374, 0.001116, 0.001181, 0.001034, 0.001147, 0.000829, 0.001088, 0.000833
8 , 0, 3, 3, 3, 3, 3, 3
8 , 0.007504, 0.007190, 0.007443, 0.008117, 0.007761, 0.008123, 0.008130
9 , 0.001110, 0.001360, 0.001273, 0.001326, 0.001182, 0.001317, 0.001078, 0.001273, 0.001213, 0.001347, 0.001190, 0.001204, 0.001165, 0.001328, 0.001315, 0.001280, 0.001422, 0.001444, 0.001392, 0.001250, 0.001362, 0.001370, 0.001474, 0.001370, 0.001431, 0.001206, 0.001358, 0.001211, 0.001332, 0.001121, 0.001243, 0.001131, 0.001374, 0.001116, 0.001181, 0.001034, 0.001147, 0.000829, 0.001088, 0.000833, 0.001092, 0.000876, 0.000906, 0.000660, 0.001006, 0.000766, 0.000951, 0.000791, 0.001016, 0.000916, 0.001137, 0.000887, 0.001147, 0.000977, 0.001179, 0.001026, 0.001061, 0.000993, 0.001218, 0.001104, 0.001146, 0.000946, 0.001167, 0.001144, 0.001216, 0.001123, 0.001321, 0.001216, 0.001229, 0.001203, 0.001232, 0.001284, 0.001388, 0.001375, 0.001280, 0.001396, 0.001388, 0.001362, 0.001478, 0.001345, 0.001310, 0.001427, 0.001392, 0.001401, 0.001211, 0.001388, 0.001212, 0.001281, 0.001237, 0.001285, 0.001246, 0.001423
9 , 2, 2, 2, 2, 2, 2, 2
9 , 0.008565, 0.008535, 0.008985, 0.009402, 0.009930, 0.009954, 0.009940
10 , 0.000887, 0.001147, 0.000977, 0.001179, 0.001026, 0.001061, 0.000993, 0.001218, 0.001104, 0.001146, 0.000946, 0.001167, 0.001144, 0.001216, 0.001123, 0.001321, 0.001216, 0.001229, 0.001203, 0.001232, 0.001284, 0.001388, 0.001375, 0.001280, 0.001396, 0.001388, 0.001362, 0.001478, 0.001345, 0.001310, 0.001427, 0.001392, 0.001401, 0.001211, 0.001388, 0.001212, 0.001281, 0.001237, 0.001285, 0.001246, 0.001423, 0.001259, 0.001419, 0.001147, 0.001402, 0.001164, 0.001475, 0.001194, 0.001376, 0.001203, 0.001299, 0.001148, 0.001373, 0.001105, 0.001274, 0.001080, 0.001249, 0.000980, 0.001318, 0.001105, 0.001386, 0.001040, 0.001226, 0.001075, 0.001240, 0.001166, 0.001347, 0.001186, 0.001311, 0.001156, 0.001269, 0.001160, 0.001269, 0.001101, 0.001300, 0.001063, 0.001234, 0.001109, 0.001106, 0.001000, 0.001023, 0.001123, 0.001097, 0.000926, 0.001061, 0.000951, 0.000986, 0.000912, 0.001104, 0.001134, 0.001097, 0.001044
10 , 3, 3, 3, 3, 3, 3, 3
10 , 0.007777, 0.007816, 0.007379, 0.007233, 0.006531, 0.006519, 0.005671
11 , 0.001194, 0.001376, 0.001203, 0.001299, 0.001148, 0.001373, 0.001105, 0.001274, 0.001080, 0.001249, 0.000980, 0.001318, 0.001105, 0.001386, 0.001040, 0.001226, 0.001075, 0.001240, 0.001166, 0.001347, 0.001186, 0.001311, 0.001156, 0.001269, 0.001160, 0.001269, 0.001101, 0.001300, 0.001063, 0.001234, 0.001109, 0.001106, 0.001000, 0.001023, 0.001123, 0.001097, 0.000926, 0.001061, 0.000951, 0.000986, 0.000912, 0.001104, 0.001134, 0.001097, 0.001044, 0.001160, 0.001137, 0.001235, 0.001303, 0.001299, 0.001209, 0.001173, 0.001269, 0.001113, 0.001208, 0.001264, 0.001277, 0.001213, 0.001338, 0.001173, 0.001213, 0.001053, 0.001264, 0.001272, 0.001488, 0.001250, 0.001380, 0.001176, 0.001414, 0.001362, 0.001418, 0.001284, 0.001418, 0.001242, 0.001389, 0.001239, 0.001528, 0.001247, 0.001510, 0.001282, 0.001510, 0.001316, 0.001527, 0.001246, 0.001548, 0.001293, 0.001518, 0.001354, 0.001427, 0.001518, 0.001496, 0.001246
11 , 2, 2, 2, 2, 2, 2, 2
11 , 0.005885, 0.005867, 0.005847, 0.005405, 0.005424, 0.005055, 0.005210
12 , 0.001137, 0.001235, 0.001303, 0.001299, 0.001209, 0.001173, 0.001269, 0.001113, 0.001208, 0.001264, 0.001277, 0.001213, 0.001338, 0.001173, 0.001213, 0.001053, 0.001264, 0.001272, 0.001488, 0.001250, 0.001380, 0.001176, 0.001414, 0.001362, 0.001418, 0.001284, 0.001418, 0.001242, 0.001389, 0.001239, 0.001528, 0.001247, 0.001510, 0.001282, 0.001510, 0.001316, 0.001527, 0.001246, 0.001548, 0.001293, 0.001518, 0.001354, 0.001427, 0.001518, 0.001496, 0.001246, 0.001470, 0.001307, 0.001522, 0.001324, 0.001444, 0.001327, 0.001487, 0.001284, 0.001332, 0.001306, 0.001470, 0.001353, 0.001427, 0.001383, 0.001397, 0.001267, 0.001453, 0.001199, 0.001157, 0.001118, 0.001283, 0.001072, 0.001271, 0.001262, 0.001176, 0.001137, 0.001167, 0.001081, 0.001060, 0.001068, 0.001207, 0.001244, 0.001425, 0.001283, 0.001244, 0.001312, 0.001317, 0.001196, 0.001096, 0.001152, 0.001157, 0.001312, 0.001225, 0.001238, 0.001237, 0.001488
12 , 3, 3, 3, 3, 3, 3, 3
12 , 0.006563, 0.006465, 0.006037, 0.005709, 0.004900, 0.004371, 0.003739
13 , 0.001470, 0.001307, 0.001522, 0.001324, 0.001444, 0.001327, 0.001487, 0.001284, 0.001332, 0.001306, 0.001470, 0.001353, 0.001427, 0.001383, 0.001397, 0.001267, 0.001453, 0.001199, 0.001157, 0.001118, 0.001283, 0.001072, 0.001271, 0.001262, 0.001176, 0.001137, 0.001167, 0.001081, 0.001060, 0.001068, 0.001207, 0.001244, 0.001425, 0.001283, 0.001244, 0.001312, 0.001317, 0.001196, 0.001096, 0.001152, 0.001157, 0.001312, 0.001225, 0.001238, 0.001237, 0.001488, 0.001392, 0.001375, 0.001262, 0.001388, 0.001418, 0.001344, 0.001232, 0.001539, 0.001401, 0.001452, 0.001251, 0.001402, 0.001290, 0.001337, 0.001333, 0.001497, 0.001437, 0.001583, 0.001350, 0.001604, 0.001431, 0.001582, 0.001262, 0.001461, 0.001301, 0.001440, 0.001129, 0.001367, 0.001125, 0.001317, 0.001119, 0.001260, 0.001081, 0.001260, 0.001113, 0.001287, 0.000932, 0.001252, 0.001018, 0.001218, 0.001035, 0.001220, 0.001054, 0.001323, 0.001140, 0.001300
13 , 1, 1, 1, 1, 1, 1, 1
13 , 0.008433, 0.007878, 0.007755, 0.007172, 0.007188, 0.006857, 0.006499
14 , 0.001392, 0.001375, 0.001262, 0.001388, 0.001418, 0.001344, 0.001232, 0.001539, 0.001401, 0.001452, 0.001251, 0.001402, 0.001290, 0.001337, 0.001333, 0.001497, 0.001437, 0.001583, 0.001350, 0.001604, 0.001431, 0.001582, 0.001262, 0.001461, 0.001301, 0.001440, 0.001129, 0.001367, 0.001125, 0.001317, 0.001119, 0.001260, 0.001081, 0.001260, 0.001113, 0.001287, 0.000932, 0.001252, 0.001018, 0.001218, 0.001035, 0.001220, 0.001054, 0.001323, 0.001140, 0.001300, 0.001187, 0.001282, 0.001148, 0.001355, 0.001276, 0.001458, 0.001211, 0.001349, 0.001163, 0.001414, 0.001327, 0.001526, 0.001254, 0.001401, 0.001284, 0.001332, 0.001288, 0.001341, 0.001207, 0.001315, 0.001138, 0.001229, 0.001229, 0.001351, 0.001321, 0.001235, 0.001158, 0.001137, 0.001154, 0.001270, 0.001175, 0.001200, 0.001197, 0.001149, 0.001081, 0.001208, 0.001243, 0.001199, 0.001176, 0.001016, 0.001249, 0.001214, 0.001188, 0.001140, 0.001175, 0.001078
14 , 1, 1, 1, 1, 1, 1, 1
14 , 0.004823, 0.005831, 0.006384, 0.007250, 0.006965, 0.007334, 0.007056
15 , 0.001458, 0.001211, 0.001349, 0.001163, 0.001414, 0.001327, 0.001526, 0.001254, 0.001401, 0.001284, 0.001332, 0.001288, 0.001341, 0.001207, 0.001315, 0.001138, 0.001229, 0.001229, 0.001351, 0.001321, 0.001235, 0.001158, 0.001137, 0.001154, 0.001270, 0.001175, 0.001200, 0.001197, 0.001149, 0.001081, 0.001208, 0.001243, 0.001199, 0.001176, 0.001016, 0.001249, 0.001214, 0.001188, 0.001140, 0.001175, 0.001078, 0.001324, 0.001199, 0.001182, 0.001173, 0.001354, 0.001232, 0.001379, 0.001250, 0.001501, 0.001338, 0.001495, 0.001472, 0.001713, 0.001605, 0.001821, 0.001590, 0.001753, 0.001629, 0.001872, 0.001642, 0.001961, 0.001754, 0.001940, 0.001858, 0.002114, 0.001878, 0.001970, 0.001661, 0.001876, 0.001690, 0.001866, 0.001620, 0.001840, 0.001602, 0.001660, 0.001476, 0.001654, 0.001286, 0.001448, 0.001262, 0.001316, 0.001122, 0.001258, 0.001111, 0.001406, 0.001079, 0.001262, 0.001085, 0.001220, 0.001014, 0.001283
15 , 1, 1, 1, 1, 1, 1, 1
15 , 0.007636, 0.008887, 0.010033, 0.010705, 0.011459, 0.012217, 0.013151
16 , 0.001472, 0.001713, 0.001605, 0.001821, 0.001590, 0.001753, 0.001629, 0.001872, 0.001642, 0.001961, 0.001754, 0.001940, 0.001858, 0.002114, 0.001878, 0.001970, 0.001661, 0.001876, 0.001690, 0.001866, 0.001620, 0.001840, 0.001602, 0.001660, 0.001476, 0.001654, 0.001286, 0.001448, 0.001262, 0.001316, 0.001122, 0.001258, 0.001111, 0.001406, 0.001079, 0.001262, 0.001085, 0.001220, 0.001014, 0.001283, 0.001037, 0.001080, 0.000934, 0.001134, 0.000880, 0.001021, 0.001153, 0.001199, 0.001127, 0.001294, 0.001047, 0.001200, 0.001246, 0.001388, 0.001293, 0.001357, 0.001340, 0.001401, 0.001289, 0.001353, 0.001452, 0.001470, 0.001336, 0.001341, 0.001432, 0.001514, 0.001544, 0.001444, 0.001379, 0.001405, 0.001388, 0.001332, 0.001521, 0.001345, 0.001418, 0.001310, 0.001376, 0.001264, 0.001302, 0.001289, 0.001354, 0.001280, 0.001414, 0.001258, 0.001475, 0.001358, 0.001496, 0.001341, 0.001457, 0.001306, 0.001371, 0.001349
16 , 2, 2, 2, 2, 2, 2, 2
16 , 0.011249, 0.012029, 0.012493, 0.013251, 0.013866, 0.013737, 0.013839
