0 , 0.001285, 0.001333, 0.001337, 0.001221, 0.001589, 0.001353, 0.001609, 0.001330, 0.001436, 0.001516, 0.001436, 0.001575, 0.001415, 0.001600, 0.001525, 0.001438, 0.001525, 0.001289, 0.001559, 0.001557, 0.001706, 0.001601, 0.001942, 0.000383, 0.001325, 0.001216, 0.001290, 0.001216, 0.001054, 0.001124, 0.001094, 0.001138, 0.001059, 0.001113, 0.000878, 0.001038, 0.000883, 0.001127, 0.000867, 0.001233, 0.001043, 0.001217, 0.001078, 0.001244, 0.000994, 0.001218, 0.000538, 0.000859, 0.001346, 0.001298, 0.001360, 0.001143, 0.001264, 0.001442, 0.001360, 0.001522, 0.001353, 0.001434, 0.001466, 0.001539, 0.001533, 0.001270, 0.001516, 0.001466, 0.001473, 0.001529, 0.001508, 0.001644, 0.001502, 0.001468, 0.001705, 0.000949, 0.001071, 0.001494, 0.001281, 0.001350, 0.001184, 0.001418, 0.001163, 0.001325, 0.001082, 0.001346, 0.001216, 0.001352, 0.001067, 0.001190, 0.001143, 0.001157, 0.001034, 0.001194, 0.001053, 0.001343
0 , 1, 1, 1, 1, 1, 1, 1
0 , 0.006127, 0.007671, 0.010332, 0.013509, 0.015118, 0.012943, 0.013505
1 , 0.001360, 0.001143, 0.001264, 0.001442, 0.001360, 0.001522, 0.001353, 0.001434, 0.001466, 0.001539, 0.001533, 0.001270, 0.001516, 0.001466, 0.001473, 0.001529, 0.001508, 0.001644, 0.001502, 0.001468, 0.001705, 0.000949, 0.001071, 0.001494, 0.001281, 0.001350, 0.001184, 0.001418, 0.001163, 0.001325, 0.001082, 0.001346, 0.001216, 0.001352, 0.001067, 0.001190, 0.001143, 0.001157, 0.001034, 0.001194, 0.001053, 0.001343, 0.001171, 0.001059, 0.001143, 0.001075, 0.001037, 0.000632, 0.001381, 0.001588, 0.001541, 0.001575, 0.001429, 0.001745, 0.001730, 0.001742, 0.001564, 0.001475, 0.001695, 0.001585, 0.001751, 0.001536, 0.001577, 0.001838, 0.001504, 0.001465, 0.001243, 0.001480, 0.001562, 0.001292, 0.001472, 0.001422, 0.000618, 0.001560, 0.001459, 0.001361, 0.001235, 0.001338, 0.001377, 0.001270, 0.001300, 0.001239, 0.001434, 0.001244, 0.001245, 0.001180, 0.001281, 0.001116, 0.001274, 0.001135, 0.001304, 0.001093
1 , 1, 1, 1, 1, 1, 1, 1
1 , 0.008062, 0.009842, 0.011036, 0.011415, 0.012503, 0.011827, 0.011674
2 , 0.001541, 0.001575, 0.001429, 0.001745, 0.001730, 0.001742, 0.001564, 0.001475, 0.001695, 0.001585, 0.001751, 0.001536, 0.001577, 0.001838, 0.001504, 0.001465, 0.001243, 0.001480, 0.001562, 0.001292, 0.001472, 0.001422, 0.000618, 0.001560, 0.001459, 0.001361, 0.001235, 0.001338, 0.001377, 0.001270, 0.001300, 0.001239, 0.001434, 0.001244, 0.001245, 0.001180, 0.001281, 0.001116, 0.001274, 0.001135, 0.001304, 0.001093, 0.001274, 0.000995, 0.001396, 0.000079, 0.001099, 0.001301, 0.001275, 0.001298, 0.001360, 0.001319, 0.001458, 0.001428, 0.001525, 0.001392, 0.001641, 0.001646, 0.001566, 0.001559, 0.001449, 0.001664, 0.001651, 0.001591, 0.001584, 0.001472, 0.001616, 0.001477, 0.001532, 0.001611, 0.001246, 0.001968, 0.000268, 0.001473, 0.001462, 0.001480, 0.001189, 0.001492, 0.001266, 0.001382, 0.001184, 0.001284, 0.001123, 0.001382, 0.001188, 0.001348, 0.001377, 0.001317, 0.001244, 0.001206, 0.001330, 0.001274
2 , 1, 1, 1, 1, 1, 1, 1
2 , 0.008157, 0.009175, 0.012472, 0.012747, 0.012458, 0.010639, 0.011089
3 , 0.001298, 0.001360, 0.001319, 0.001458, 0.001428, 0.001525, 0.001392, 0.001641, 0.001646, 0.001566, 0.001559, 0.001449, 0.001664, 0.001651, 0.001591, 0.001584, 0.001472, 0.001616, 0.001477, 0.001532, 0.001611, 0.001246, 0.001968, 0.000268, 0.001473, 0.001462, 0.001480, 0.001189, 0.001492, 0.001266, 0.001382, 0.001184, 0.001284, 0.001123, 0.001382, 0.001188, 0.001348, 0.001377, 0.001317, 0.001244, 0.001206, 0.001330, 0.001274, 0.001317, 0.001349, 0.001388, 0.001190, 0.001275, 0.000703, 0.000714, 0.001337, 0.001335, 0.001326, 0.001496, 0.001396, 0.001367, 0.001527, 0.001277, 0.001555, 0.001388, 0.001550, 0.001458, 0.001193, 0.001618, 0.001435, 0.001479, 0.001330, 0.001264, 0.001410, 0.001300, 0.001430, 0.001174, 0.001497, 0.001098, 0.001156, 0.001566, 0.001607, 0.001560, 0.001317, 0.001305, 0.001231, 0.001439, 0.001162, 0.001369, 0.001222, 0.001325, 0.001139, 0.001467, 0.001356, 0.001629, 0.001433, 0.001703
3 , 2, 2, 2, 2, 2, 2, 2
3 , 0.003879, 0.004654, 0.005408, 0.005468, 0.007367, 0.005284, 0.006215
4 , 0.001337, 0.001335, 0.001326, 0.001496, 0.001396, 0.001367, 0.001527, 0.001277, 0.001555, 0.001388, 0.001550, 0.001458, 0.001193, 0.001618, 0.001435, 0.001479, 0.001330, 0.001264, 0.001410, 0.001300, 0.001430, 0.001174, 0.001497, 0.001098, 0.001156, 0.001566, 0.001607, 0.001560, 0.001317, 0.001305, 0.001231, 0.001439, 0.001162, 0.001369, 0.001222, 0.001325, 0.001139, 0.001467, 0.001356, 0.001629, 0.001433, 0.001703, 0.001610, 0.001735, 0.001500, 0.001882, 0.001773, 0.000388, 0.000488, 0.000579, 0.000681, 0.000458, 0.000805, 0.000746, 0.000776, 0.000801, 0.000764, 0.001224, 0.001083, 0.001216, 0.001167, 0.001159, 0.001408, 0.001374, 0.001529, 0.001415, 0.001518, 0.001714, 0.001537, 0.001670, 0.001603, 0.002072, 0.000197, 0.001275, 0.001014, 0.001044, 0.000763, 0.000884, 0.000673, 0.000964, 0.000843, 0.000954, 0.000754, 0.001176, 0.001052, 0.001043, 0.001090, 0.001225, 0.001253, 0.001221, 0.001189, 0.001227
4 , 0, 3, 3, 3, 3, 3, 1
4 , 0.002039, 0.001868, 0.001863, 0.002209, 0.003373, 0.001701, 0.002568
5 , 0.000681, 0.000458, 0.000805, 0.000746, 0.000776, 0.000801, 0.000764, 0.001224, 0.001083, 0.001216, 0.001167, 0.001159, 0.001408, 0.001374, 0.001529, 0.001415, 0.001518, 0.001714, 0.001537, 0.001670, 0.001603, 0.002072, 0.000197, 0.001275, 0.001014, 0.001044, 0.000763, 0.000884, 0.000673, 0.000964, 0.000843, 0.000954, 0.000754, 0.001176, 0.001052, 0.001043, 0.001090, 0.001225, 0.001253, 0.001221, 0.001189, 0.001227, 0.001322, 0.001206, 0.001339, 0.001221, 0.001351, 0.000400, 0.001000, 0.001399, 0.001398, 0.001506, 0.001375, 0.001660, 0.001371, 0.001536, 0.001353, 0.001392, 0.001637, 0.001481, 0.001545, 0.001275, 0.001550, 0.001667, 0.001557, 0.001504, 0.001291, 0.001591, 0.001511, 0.001555, 0.001595, 0.001663, 0.000305, 0.001589, 0.001459, 0.001424, 0.001401, 0.001243, 0.001178, 0.001143, 0.001208, 0.001109, 0.001241, 0.001016, 0.001197, 0.001007, 0.001241, 0.001160, 0.001454, 0.001218, 0.001450, 0.001142
5 , 3, 1, 1, 1, 1, 1, 1
5 , 0.004322, 0.003899, 0.005836, 0.008746, 0.009551, 0.009035, 0.009156
6 , 0.001398, 0.001506, 0.001375, 0.001660, 0.001371, 0.001536, 0.001353, 0.001392, 0.001637, 0.001481, 0.001545, 0.001275, 0.001550, 0.001667, 0.001557, 0.001504, 0.001291, 0.001591, 0.001511, 0.001555, 0.001595, 0.001663, 0.000305, 0.001589, 0.001459, 0.001424, 0.001401, 0.001243, 0.001178, 0.001143, 0.001208, 0.001109, 0.001241, 0.001016, 0.001197, 0.001007, 0.001241, 0.001160, 0.001454, 0.001218, 0.001450, 0.001142, 0.001435, 0.001218, 0.001480, 0.001005, 0.000407, 0.000960, 0.001014, 0.001205, 0.001066, 0.001271, 0.001275, 0.001262, 0.001387, 0.001033, 0.001232, 0.001331, 0.001311, 0.001469, 0.001320, 0.001519, 0.001422, 0.001378, 0.001305, 0.001433, 0.001653, 0.001644, 0.001593, 0.001531, 0.001158, 0.000958, 0.001549, 0.001239, 0.001289, 0.001186, 0.001365, 0.001146, 0.001322, 0.001123, 0.001327, 0.001129, 0.001334, 0.001181, 0.001331, 0.001123, 0.001297, 0.001162, 0.001292, 0.001137, 0.001245, 0.001185
6 , 2, 1, 1, 1, 1, 1, 1
6 , 0.003371, 0.004897, 0.006895, 0.009138, 0.007107, 0.008648, 0.009037
7 , 0.001205, 0.001066, 0.001271, 0.001275, 0.001262, 0.001387, 0.001033, 0.001232, 0.001331, 0.001311, 0.001469, 0.001320, 0.001519, 0.001422, 0.001378, 0.001305, 0.001433, 0.001653, 0.001644, 0.001593, 0.001531, 0.001158, 0.000958, 0.001549, 0.001239, 0.001289, 0.001186, 0.001365, 0.001146, 0.001322, 0.001123, 0.001327, 0.001129, 0.001334, 0.001181, 0.001331, 0.001123, 0.001297, 0.001162, 0.001292, 0.001137, 0.001245, 0.001185, 0.001239, 0.001201, 0.001222, 0.001220, 0.000252, 0.001131, 0.001382, 0.001417, 0.001519, 0.001195, 0.001548, 0.001566, 0.001700, 0.001492, 0.001506, 0.001720, 0.001656, 0.001676, 0.001513, 0.001646, 0.001720, 0.001632, 0.001676, 0.001493, 0.001595, 0.001744, 0.001714, 0.001566, 0.001467, 0.000466, 0.001478, 0.001455, 0.001413, 0.001311, 0.001332, 0.001379, 0.001326, 0.001317, 0.001300, 0.001352, 0.001310, 0.001286, 0.001190, 0.001457, 0.001199, 0.001283, 0.001109, 0.001262, 0.000940
7 , 1, 1, 1, 1, 1, 1, 1
7 , 0.002794, 0.005549, 0.007373, 0.008427, 0.010392, 0.010062, 0.010280
8 , 0.001417, 0.001519, 0.001195, 0.001548, 0.001566, 0.001700, 0.001492, 0.001506, 0.001720, 0.001656, 0.001676, 0.001513, 0.001646, 0.001720, 0.001632, 0.001676, 0.001493, 0.001595, 0.001744, 0.001714, 0.001566, 0.001467, 0.000466, 0.001478, 0.001455, 0.001413, 0.001311, 0.001332, 0.001379, 0.001326, 0.001317, 0.001300, 0.001352, 0.001310, 0.001286, 0.001190, 0.001457, 0.001199, 0.001283, 0.001109, 0.001262, 0.000940, 0.001174, 0.001031, 0.001181, 0.000188, 0.001047, 0.001471, 0.001430, 0.001420, 0.001362, 0.001383, 0.001648, 0.001469, 0.001526, 0.001347, 0.001646, 0.001481, 0.001312, 0.001561, 0.001287, 0.001376, 0.001291, 0.001407, 0.001315, 0.001070, 0.001311, 0.001315, 0.001244, 0.001609, 0.000017, 0.001480, 0.001632, 0.001511, 0.001606, 0.001312, 0.001447, 0.001210, 0.001384, 0.001215, 0.001406, 0.001225, 0.001352, 0.001209, 0.001350, 0.001106, 0.001241, 0.001137, 0.001270, 0.001017, 0.001368, 0.001117
8 , 1, 1, 1, 1, 1, 1, 1
8 , 0.005544, 0.007829, 0.011302, 0.009676, 0.007982, 0.008832, 0.009577
9 , 0.001430, 0.001420, 0.001362, 0.001383, 0.001648, 0.001469, 0.001526, 0.001347, 0.001646, 0.001481, 0.001312, 0.001561, 0.001287, 0.001376, 0.001291, 0.001407, 0.001315, 0.001070, 0.001311, 0.001315, 0.001244, 0.001609, 0.000017, 0.001480, 0.001632, 0.001511, 0.001606, 0.001312, 0.001447, 0.001210, 0.001384, 0.001215, 0.001406, 0.001225, 0.001352, 0.001209, 0.001350, 0.001106, 0.001241, 0.001137, 0.001270, 0.001017, 0.001368, 0.001117, 0.001227, 0.000990, 0.001151, 0.000886, 0.000925, 0.001306, 0.001512, 0.001387, 0.001579, 0.001477, 0.001662, 0.001677, 0.001669, 0.001809, 0.001639, 0.001860, 0.001771, 0.001748, 0.001726, 0.001620, 0.001721, 0.001558, 0.001592, 0.001615, 0.001478, 0.001698, 0.001471, 0.001783, 0.000871, 0.001063, 0.001510, 0.001473, 0.001380, 0.001348, 0.001392, 0.001262, 0.001255, 0.001243, 0.001194, 0.001389, 0.001324, 0.001290, 0.001204, 0.001373, 0.001204, 0.001345, 0.001297, 0.001338
9 , 1, 1, 1, 1, 1, 1, 1
9 , 0.005467, 0.007066, 0.008629, 0.009677, 0.008904, 0.008928, 0.009281
10 , 0.001306, 0.001512, 0.001387, 0.001579, 0.001477, 0.001662, 0.001677, 0.001669, 0.001809, 0.001639, 0.001860, 0.001771, 0.001748, 0.001726, 0.001620, 0.001721, 0.001558, 0.001592, 0.001615, 0.001478, 0.001698, 0.001471, 0.001783, 0.000871, 0.001063, 0.001510, 0.001473, 0.001380, 0.001348, 0.001392, 0.001262, 0.001255, 0.001243, 0.001194, 0.001389, 0.001324, 0.001290, 0.001204, 0.001373, 0.001204, 0.001345, 0.001297, 0.001338, 0.001171, 0.001410, 0.001062, 0.001327, 0.000272, 0.001153, 0.001330, 0.001391, 0.001367, 0.001353, 0.001344, 0.001513, 0.001503, 0.001770, 0.001461, 0.001543, 0.001721, 0.001537, 0.001656, 0.001539, 0.001679, 0.001651, 0.001659, 0.001650, 0.001497, 0.001904, 0.001748, 0.001631, 0.001909, 0.001693, 0.001948, 0.000341, 0.001460, 0.001266, 0.001385, 0.001110, 0.001355, 0.001075, 0.001215, 0.001106, 0.001246, 0.000995, 0.001105, 0.001009, 0.001135, 0.000960, 0.001105, 0.001086, 0.001232
10 , 1, 1, 1, 1, 1, 1, 1
10 , 0.007323, 0.009012, 0.011809, 0.013205, 0.017637, 0.017689, 0.018477
11 , 0.001353, 0.001344, 0.001513, 0.001503, 0.001770, 0.001461, 0.001543, 0.001721, 0.001537, 0.001656, 0.001539, 0.001679, 0.001651, 0.001659, 0.001650, 0.001497, 0.001904, 0.001748, 0.001631, 0.001909, 0.001693, 0.001948, 0.000341, 0.001460, 0.001266, 0.001385, 0.001110, 0.001355, 0.001075, 0.001215, 0.001106, 0.001246, 0.000995, 0.001105, 0.001009, 0.001135, 0.000960, 0.001105, 0.001086, 0.001232, 0.001102, 0.001259, 0.001186, 0.001215, 0.001271, 0.001355, 0.001462, 0.001391, 0.001494, 0.001481, 0.001524, 0.001536, 0.001480, 0.001428, 0.001489, 0.001480, 0.001553, 0.001385, 0.001549, 0.001424, 0.001575, 0.001334, 0.001473, 0.001317, 0.001518, 0.001286, 0.001426, 0.001123, 0.001385, 0.001195, 0.001300, 0.000978, 0.001213, 0.000968, 0.001338, 0.001132, 0.001303, 0.001068, 0.001268, 0.000968, 0.001330, 0.001111, 0.001306, 0.001127, 0.001304, 0.001245, 0.001352, 0.001093, 0.001322, 0.001239, 0.001360, 0.001216
11 , 1, 1, 1, 1, 1, 1, 1
11 , 0.012998, 0.014475, 0.014790, 0.015779, 0.012921, 0.012705, 0.011387
12 , 0.001481, 0.001524, 0.001536, 0.001480, 0.001428, 0.001489, 0.001480, 0.001553, 0.001385, 0.001549, 0.001424, 0.001575, 0.001334, 0.001473, 0.001317, 0.001518, 0.001286, 0.001426, 0.001123, 0.001385, 0.001195, 0.001300, 0.000978, 0.001213, 0.000968, 0.001338, 0.001132, 0.001303, 0.001068, 0.001268, 0.000968, 0.001330, 0.001111, 0.001306, 0.001127, 0.001304, 0.001245, 0.001352, 0.001093, 0.001322, 0.001239, 0.001360, 0.001216, 0.001360, 0.001230, 0.001311, 0.001200, 0.001311, 0.001340, 0.001373, 0.001366, 0.001302, 0.001320, 0.001290, 0.001213, 0.001422, 0.001294, 0.001162, 0.001292, 0.001095, 0.001109, 0.001184, 0.001259, 0.001008, 0.001187, 0.001137, 0.001317, 0.001089, 0.001233, 0.000933, 0.001222, 0.001068, 0.001133, 0.001005, 0.001349, 0.001105, 0.001339, 0.001070, 0.001190, 0.001007, 0.001383, 0.001092, 0.001389, 0.001327, 0.001318, 0.001225, 0.001467, 0.001280, 0.001414, 0.001301, 0.001461, 0.001262
12 , 1, 1, 2, 2, 2, 2, 2
12 , 0.005510, 0.005525, 0.005424, 0.005346, 0.005175, 0.005116, 0.004949
13 , 0.001311, 0.001340, 0.001373, 0.001366, 0.001302, 0.001320, 0.001290, 0.001213, 0.001422, 0.001294, 0.001162, 0.001292, 0.001095, 0.001109, 0.001184, 0.001259, 0.001008, 0.001187, 0.001137, 0.001317, 0.001089, 0.001233, 0.000933, 0.001222, 0.001068, 0.001133, 0.001005, 0.001349, 0.001105, 0.001339, 0.001070, 0.001190, 0.001007, 0.001383, 0.001092, 0.001389, 0.001327, 0.001318, 0.001225, 0.001467, 0.001280, 0.001414, 0.001301, 0.001461, 0.001262, 0.001491, 0.001305, 0.001443, 0.001200, 0.001589, 0.001338, 0.001528, 0.001346, 0.001653, 0.001502, 0.001635, 0.001476, 0.001635, 0.001428, 0.001562, 0.001558, 0.001726, 0.001584, 0.001622, 0.001480, 0.001601, 0.001476, 0.001605, 0.001424, 0.001502, 0.001385, 0.001454, 0.001468, 0.001437, 0.001507, 0.001443, 0.001366, 0.001353, 0.001399, 0.001227, 0.001266, 0.001194, 0.001183, 0.001267, 0.001260, 0.001119, 0.001263, 0.001092, 0.001156, 0.001045, 0.001110, 0.001054
13 , 1, 1, 1, 1, 3, 3, 3
13 , 0.004969, 0.005654, 0.005432, 0.005804, 0.006821, 0.007677, 0.008625
14 , 0.001346, 0.001653, 0.001502, 0.001635, 0.001476, 0.001635, 0.001428, 0.001562, 0.001558, 0.001726, 0.001584, 0.001622, 0.001480, 0.001601, 0.001476, 0.001605, 0.001424, 0.001502, 0.001385, 0.001454, 0.001468, 0.001437, 0.001507, 0.001443, 0.001366, 0.001353, 0.001399, 0.001227, 0.001266, 0.001194, 0.001183, 0.001267, 0.001260, 0.001119, 0.001263, 0.001092, 0.001156, 0.001045, 0.001110, 0.001054, 0.001134, 0.000974, 0.001164, 0.001024, 0.001180, 0.000989, 0.001180, 0.000905, 0.001211, 0.001043, 0.001213, 0.001049, 0.001385, 0.001143, 0.001375, 0.001120, 0.001318, 0.001088, 0.001364, 0.001221, 0.001402, 0.001271, 0.001436, 0.001159, 0.001353, 0.001192, 0.001326, 0.001278, 0.001538, 0.001386, 0.001594, 0.001437, 0.001493, 0.001264, 0.001558, 0.001459, 0.001657, 0.001390, 0.001610, 0.001476, 0.001545, 0.001338, 0.001558, 0.001424, 0.001502, 0.001235, 0.001465, 0.001409, 0.001371, 0.001269, 0.001327, 0.001276
14 , 2, 2, 2, 2, 2, 2, 2
14 , 0.012284, 0.011797, 0.011949, 0.011385, 0.011350, 0.010810, 0.010764
15 , 0.001180, 0.000905, 0.001211, 0.001043, 0.001213, 0.001049, 0.001385, 0.001143, 0.001375, 0.001120, 0.001318, 0.001088, 0.001364, 0.001221, 0.001402, 0.001271, 0.001436, 0.001159, 0.001353, 0.001192, 0.001326, 0.001278, 0.001538, 0.001386, 0.001594, 0.001437, 0.001493, 0.001264, 0.001558, 0.001459, 0.001657, 0.001390, 0.001610, 0.001476, 0.001545, 0.001338, 0.001558, 0.001424, 0.001502, 0.001235, 0.001465, 0.001409, 0.001371, 0.001269, 0.001327, 0.001276, 0.001174, 0.001213, 0.001253, 0.001132, 0.001188, 0.001092, 0.001239, 0.001243, 0.001304, 0.001192, 0.001202, 0.001271, 0.001165, 0.001084, 0.001109, 0.001230, 0.001140, 0.001165, 0.001090, 0.001181, 0.001167, 0.001287, 0.001276, 0.001355, 0.001197, 0.001339, 0.001162, 0.001253, 0.001350, 0.001476, 0.001230, 0.001408, 0.001243, 0.001327, 0.001078, 0.001297, 0.001167, 0.001336, 0.001076, 0.001235, 0.001159, 0.001309, 0.001078, 0.001086, 0.001027, 0.001291
15 , 0, 0, 0, 0, 0, 0, 0
15 , 0.006972, 0.006800, 0.006196, 0.005873, 0.004706, 0.004251, 0.002968
16 , 0.001174, 0.001213, 0.001253, 0.001132, 0.001188, 0.001092, 0.001239, 0.001243, 0.001304, 0.001192, 0.001202, 0.001271, 0.001165, 0.001084, 0.001109, 0.001230, 0.001140, 0.001165, 0.001090, 0.001181, 0.001167, 0.001287, 0.001276, 0.001355, 0.001197, 0.001339, 0.001162, 0.001253, 0.001350, 0.001476, 0.001230, 0.001408, 0.001243, 0.001327, 0.001078, 0.001297, 0.001167, 0.001336, 0.001076, 0.001235, 0.001159, 0.001309, 0.001078, 0.001086, 0.001027, 0.001291, 0.000980, 0.001230, 0.000934, 0.001196, 0.001178, 0.001278, 0.001124, 0.001314, 0.001105, 0.001387, 0.001129, 0.001457, 0.001286, 0.001403, 0.001221, 0.001411, 0.001314, 0.001534, 0.001357, 0.001560, 0.001404, 0.001491, 0.001301, 0.001533, 0.001351, 0.001559, 0.001309, 0.001448, 0.001216, 0.001476, 0.001276, 0.001432, 0.001245, 0.001408, 0.001342, 0.001498, 0.001325, 0.001454, 0.001325, 0.001385, 0.001329, 0.001424, 0.001458, 0.001527, 0.001454, 0.001575
16 , 0, 0, 0, 0, 0, 0, 0
16 , 0.003199, 0.003086, 0.003049, 0.002583, 0.002002, 0.001338, 0.001174
