0 , 0.001603, 0.001475, 0.001703, 0.001501, 0.001712, 0.001303, 0.001551, 0.001485, 0.001459, 0.001463, 0.001358, 0.001541, 0.001412, 0.001478, 0.001276, 0.001154, 0.001379, 0.001283, 0.001312, 0.001236, 0.001246, 0.001501, 0.001226, 0.001199, 0.001453, 0.000995, 0.001263, 0.001880, 0.001643, 0.001604, 0.001595, 0.001630, 0.001453, 0.001435, 0.001241, 0.001570, 0.001233, 0.001468, 0.001196, 0.001476, 0.001265, 0.001345, 0.001113, 0.001254, 0.001171, 0.001322, 0.001224, 0.001102, 0.001301, 0.001157, 0.001169, 0.000138, 0.001162, 0.001354, 0.001458, 0.001427, 0.001442, 0.001645, 0.001608, 0.001576, 0.001370, 0.001418, 0.001656, 0.001501, 0.001535, 0.001441, 0.001469, 0.001537, 0.001501, 0.001594, 0.001448, 0.001622, 0.001631, 0.001501, 0.001370, 0.001675, 0.000314, 0.001733, 0.001587, 0.001602, 0.001364, 0.001277, 0.001255, 0.001346, 0.001480, 0.001294, 0.001364, 0.001368, 0.001356, 0.001333, 0.001394, 0.001333
0 , 0, 2, 2, 2, 1, 1, 1
0 , 0.001775, 0.001381, 0.001157, 0.001620, 0.001489, 0.001832, 0.002216
1 , 0.001162, 0.001354, 0.001458, 0.001427, 0.001442, 0.001645, 0.001608, 0.001576, 0.001370, 0.001418, 0.001656, 0.001501, 0.001535, 0.001441, 0.001469, 0.001537, 0.001501, 0.001594, 0.001448, 0.001622, 0.001631, 0.001501, 0.001370, 0.001675, 0.000314, 0.001733, 0.001587, 0.001602, 0.001364, 0.001277, 0.001255, 0.001346, 0.001480, 0.001294, 0.001364, 0.001368, 0.001356, 0.001333, 0.001394, 0.001333, 0.001386, 0.001239, 0.001507, 0.001247, 0.001462, 0.001213, 0.001647, 0.000769, 0.000653, 0.001200, 0.001098, 0.001008, 0.000918, 0.001116, 0.000996, 0.001116, 0.001066, 0.001011, 0.001305, 0.001243, 0.001219, 0.001117, 0.001174, 0.001312, 0.001121, 0.001399, 0.001283, 0.001465, 0.001514, 0.001462, 0.001407, 0.001727, 0.000515, 0.001455, 0.001452, 0.001383, 0.001464, 0.001356, 0.001460, 0.001238, 0.001416, 0.001264, 0.001364, 0.001268, 0.001523, 0.001198, 0.001509, 0.001345, 0.001535, 0.001237, 0.001582, 0.001410
1 , 2, 2, 2, 2, 2, 2, 2
1 , 0.004967, 0.005261, 0.006013, 0.007474, 0.007202, 0.009477, 0.007220
2 , 0.001008, 0.000918, 0.001116, 0.000996, 0.001116, 0.001066, 0.001011, 0.001305, 0.001243, 0.001219, 0.001117, 0.001174, 0.001312, 0.001121, 0.001399, 0.001283, 0.001465, 0.001514, 0.001462, 0.001407, 0.001727, 0.000515, 0.001455, 0.001452, 0.001383, 0.001464, 0.001356, 0.001460, 0.001238, 0.001416, 0.001264, 0.001364, 0.001268, 0.001523, 0.001198, 0.001509, 0.001345, 0.001535, 0.001237, 0.001582, 0.001410, 0.001604, 0.001311, 0.001483, 0.001277, 0.001414, 0.001278, 0.000367, 0.001187, 0.001189, 0.001231, 0.001191, 0.001340, 0.001344, 0.001202, 0.001461, 0.001288, 0.001424, 0.001451, 0.001504, 0.001415, 0.001265, 0.001635, 0.001546, 0.001443, 0.001402, 0.001361, 0.001578, 0.001507, 0.001485, 0.001464, 0.001208, 0.000863, 0.001668, 0.001333, 0.001366, 0.001273, 0.001373, 0.001318, 0.001525, 0.001256, 0.001484, 0.001337, 0.001496, 0.001336, 0.001431, 0.001405, 0.001496, 0.001518, 0.001401, 0.001435, 0.001582
2 , 0, 0, 0, 0, 0, 0, 0
2 , 0.006058, 0.004837, 0.003878, 0.005154, 0.003053, 0.003083, 0.002023
3 , 0.001278, 0.000367, 0.001187, 0.001189, 0.001231, 0.001191, 0.001340, 0.001344, 0.001202, 0.001461, 0.001288, 0.001424, 0.001451, 0.001504, 0.001415, 0.001265, 0.001635, 0.001546, 0.001443, 0.001402, 0.001361, 0.001578, 0.001507, 0.001485, 0.001464, 0.001208, 0.000863, 0.001668, 0.001333, 0.001366, 0.001273, 0.001373, 0.001318, 0.001525, 0.001256, 0.001484, 0.001337, 0.001496, 0.001336, 0.001431, 0.001405, 0.001496, 0.001518, 0.001401, 0.001435, 0.001582, 0.001483, 0.001367, 0.001548, 0.000080, 0.000933, 0.001081, 0.001047, 0.001200, 0.001129, 0.001431, 0.001473, 0.001440, 0.001321, 0.001301, 0.001536, 0.001393, 0.001503, 0.001409, 0.001542, 0.001530, 0.001347, 0.001480, 0.001370, 0.001474, 0.001361, 0.001326, 0.001290, 0.001350, 0.000496, 0.001774, 0.001599, 0.001746, 0.001720, 0.001634, 0.001362, 0.001509, 0.001522, 0.001349, 0.001548, 0.001354, 0.001582, 0.001431, 0.001574, 0.001384, 0.001630, 0.001453
3 , 0, 0, 0, 0, 0, 0, 2
3 , 0.004731, 0.004925, 0.005325, 0.005280, 0.005229, 0.004573, 0.004476
4 , 0.001548, 0.000080, 0.000933, 0.001081, 0.001047, 0.001200, 0.001129, 0.001431, 0.001473, 0.001440, 0.001321, 0.001301, 0.001536, 0.001393, 0.001503, 0.001409, 0.001542, 0.001530, 0.001347, 0.001480, 0.001370, 0.001474, 0.001361, 0.001326, 0.001290, 0.001350, 0.000496, 0.001774, 0.001599, 0.001746, 0.001720, 0.001634, 0.001362, 0.001509, 0.001522, 0.001349, 0.001548, 0.001354, 0.001582, 0.001431, 0.001574, 0.001384, 0.001630, 0.001453, 0.001604, 0.001431, 0.001634, 0.001268, 0.001531, 0.001197, 0.001652, 0.000581, 0.000892, 0.001393, 0.001243, 0.001381, 0.001350, 0.001505, 0.001706, 0.001597, 0.001880, 0.001682, 0.001919, 0.001943, 0.001796, 0.001959, 0.001789, 0.001966, 0.001713, 0.001728, 0.001734, 0.001538, 0.001662, 0.001568, 0.001469, 0.001672, 0.000485, 0.001394, 0.001652, 0.001602, 0.001536, 0.001462, 0.001595, 0.001397, 0.001664, 0.001566, 0.001691, 0.001428, 0.001648, 0.001523, 0.001688, 0.001387
4 , 3, 3, 3, 3, 3, 3, 3
4 , 0.003543, 0.004069, 0.004580, 0.005079, 0.005296, 0.004517, 0.004229
5 , 0.001652, 0.000581, 0.000892, 0.001393, 0.001243, 0.001381, 0.001350, 0.001505, 0.001706, 0.001597, 0.001880, 0.001682, 0.001919, 0.001943, 0.001796, 0.001959, 0.001789, 0.001966, 0.001713, 0.001728, 0.001734, 0.001538, 0.001662, 0.001568, 0.001469, 0.001672, 0.000485, 0.001394, 0.001652, 0.001602, 0.001536, 0.001462, 0.001595, 0.001397, 0.001664, 0.001566, 0.001691, 0.001428, 0.001648, 0.001523, 0.001688, 0.001387, 0.001685, 0.001532, 0.001778, 0.001592, 0.001635, 0.001610, 0.001788, 0.001458, 0.000193, 0.000817, 0.000879, 0.000984, 0.001073, 0.000879, 0.001144, 0.001109, 0.001231, 0.001083, 0.001209, 0.001368, 0.001273, 0.001392, 0.001197, 0.001429, 0.001435, 0.001366, 0.001382, 0.001298, 0.001470, 0.001555, 0.001388, 0.001507, 0.001173, 0.000861, 0.001568, 0.001473, 0.001531, 0.001327, 0.001424, 0.001217, 0.001421, 0.001273, 0.001331, 0.001131, 0.001261, 0.001231, 0.001282, 0.001308, 0.001217, 0.001371
5 , 0, 2, 2, 2, 2, 2, 2
5 , 0.002544, 0.003000, 0.003557, 0.003865, 0.003703, 0.004768, 0.004993
6 , 0.000879, 0.000984, 0.001073, 0.000879, 0.001144, 0.001109, 0.001231, 0.001083, 0.001209, 0.001368, 0.001273, 0.001392, 0.001197, 0.001429, 0.001435, 0.001366, 0.001382, 0.001298, 0.001470, 0.001555, 0.001388, 0.001507, 0.001173, 0.000861, 0.001568, 0.001473, 0.001531, 0.001327, 0.001424, 0.001217, 0.001421, 0.001273, 0.001331, 0.001131, 0.001261, 0.001231, 0.001282, 0.001308, 0.001217, 0.001371, 0.001276, 0.001285, 0.001193, 0.001279, 0.001288, 0.001360, 0.001253, 0.001587, 0.000094, 0.000851, 0.001084, 0.001153, 0.001247, 0.001137, 0.001369, 0.001299, 0.001233, 0.001206, 0.000948, 0.001282, 0.001241, 0.001218, 0.001103, 0.000957, 0.001391, 0.001139, 0.001141, 0.001033, 0.001141, 0.001239, 0.001114, 0.001084, 0.001159, 0.000476, 0.001703, 0.001773, 0.001613, 0.001587, 0.001427, 0.001626, 0.001518, 0.001656, 0.001423, 0.001664, 0.001401, 0.001630, 0.001414, 0.001634, 0.001440, 0.001505, 0.001358, 0.001599
6 , 0, 0, 0, 0, 0, 0, 2
6 , 0.009320, 0.009466, 0.008483, 0.008165, 0.009035, 0.007774, 0.009490
7 , 0.001247, 0.001137, 0.001369, 0.001299, 0.001233, 0.001206, 0.000948, 0.001282, 0.001241, 0.001218, 0.001103, 0.000957, 0.001391, 0.001139, 0.001141, 0.001033, 0.001141, 0.001239, 0.001114, 0.001084, 0.001159, 0.000476, 0.001703, 0.001773, 0.001613, 0.001587, 0.001427, 0.001626, 0.001518, 0.001656, 0.001423, 0.001664, 0.001401, 0.001630, 0.001414, 0.001634, 0.001440, 0.001505, 0.001358, 0.001599, 0.001332, 0.001608, 0.001293, 0.001729, 0.000909, 0.000780, 0.001167, 0.001091, 0.001204, 0.001144, 0.001118, 0.001336, 0.001170, 0.001286, 0.001217, 0.001213, 0.001243, 0.001035, 0.001190, 0.001151, 0.001170, 0.001227, 0.001200, 0.001366, 0.001223, 0.001382, 0.001408, 0.001358, 0.001454, 0.001082, 0.001832, 0.000731, 0.001507, 0.001519, 0.001384, 0.001259, 0.001477, 0.001231, 0.001343, 0.001206, 0.001193, 0.001262, 0.001366, 0.001320, 0.001324, 0.001332, 0.001162, 0.001306, 0.001193, 0.001347, 0.001255, 0.001376
7 , 0, 0, 0, 0, 0, 0, 0
7 , 0.010021, 0.008961, 0.008379, 0.008626, 0.008406, 0.006842, 0.005705
8 , 0.001167, 0.001091, 0.001204, 0.001144, 0.001118, 0.001336, 0.001170, 0.001286, 0.001217, 0.001213, 0.001243, 0.001035, 0.001190, 0.001151, 0.001170, 0.001227, 0.001200, 0.001366, 0.001223, 0.001382, 0.001408, 0.001358, 0.001454, 0.001082, 0.001832, 0.000731, 0.001507, 0.001519, 0.001384, 0.001259, 0.001477, 0.001231, 0.001343, 0.001206, 0.001193, 0.001262, 0.001366, 0.001320, 0.001324, 0.001332, 0.001162, 0.001306, 0.001193, 0.001347, 0.001255, 0.001376, 0.001220, 0.001453, 0.001470, 0.001608, 0.001380, 0.001664, 0.001371, 0.001682, 0.001445, 0.001639, 0.001423, 0.001626, 0.001393, 0.001600, 0.001427, 0.001569, 0.001427, 0.001673, 0.001384, 0.001634, 0.001246, 0.001479, 0.001346, 0.001502, 0.001273, 0.001468, 0.001243, 0.001425, 0.001351, 0.001455, 0.001247, 0.001359, 0.001341, 0.001341, 0.001380, 0.001475, 0.001380, 0.001428, 0.001428, 0.001483, 0.001410, 0.001487, 0.001444, 0.001405, 0.001474, 0.001410
8 , 3, 3, 3, 3, 3, 3, 3
8 , 0.004870, 0.005121, 0.004745, 0.003945, 0.003717, 0.003724, 0.002484
9 , 0.001453, 0.001470, 0.001608, 0.001380, 0.001664, 0.001371, 0.001682, 0.001445, 0.001639, 0.001423, 0.001626, 0.001393, 0.001600, 0.001427, 0.001569, 0.001427, 0.001673, 0.001384, 0.001634, 0.001246, 0.001479, 0.001346, 0.001502, 0.001273, 0.001468, 0.001243, 0.001425, 0.001351, 0.001455, 0.001247, 0.001359, 0.001341, 0.001341, 0.001380, 0.001475, 0.001380, 0.001428, 0.001428, 0.001483, 0.001410, 0.001487, 0.001444, 0.001405, 0.001474, 0.001410, 0.001422, 0.001405, 0.001630, 0.001487, 0.001496, 0.001414, 0.001474, 0.001423, 0.001651, 0.001552, 0.001647, 0.001418, 0.001686, 0.001440, 0.001569, 0.001474, 0.001595, 0.001302, 0.001448, 0.001319, 0.001488, 0.001208, 0.001472, 0.001303, 0.001430, 0.001123, 0.001431, 0.001220, 0.001524, 0.001222, 0.001303, 0.001148, 0.001373, 0.001118, 0.001357, 0.001037, 0.001271, 0.001181, 0.001417, 0.001134, 0.001429, 0.001215, 0.001380, 0.001217, 0.001375, 0.001357, 0.001374
9 , 1, 1, 1, 1, 1, 1, 1
9 , 0.006449, 0.006097, 0.006336, 0.005870, 0.005669, 0.004719, 0.004640
10 , 0.001405, 0.001630, 0.001487, 0.001496, 0.001414, 0.001474, 0.001423, 0.001651, 0.001552, 0.001647, 0.001418, 0.001686, 0.001440, 0.001569, 0.001474, 0.001595, 0.001302, 0.001448, 0.001319, 0.001488, 0.001208, 0.001472, 0.001303, 0.001430, 0.001123, 0.001431, 0.001220, 0.001524, 0.001222, 0.001303, 0.001148, 0.001373, 0.001118, 0.001357, 0.001037, 0.001271, 0.001181, 0.001417, 0.001134, 0.001429, 0.001215, 0.001380, 0.001217, 0.001375, 0.001357, 0.001374, 0.001356, 0.001492, 0.001462, 0.001518, 0.001371, 0.001526, 0.001531, 0.001574, 0.001579, 0.001615, 0.001564, 0.001633, 0.001581, 0.001611, 0.001681, 0.001711, 0.001659, 0.001542, 0.001619, 0.001555, 0.001706, 0.001567, 0.001596, 0.001665, 0.001643, 0.001556, 0.001625, 0.001449, 0.001660, 0.001530, 0.001509, 0.001474, 0.001569, 0.001517, 0.001625, 0.001379, 0.001526, 0.001354, 0.001523, 0.001354, 0.001618, 0.001345, 0.001656, 0.001461, 0.001630, 0.001453
10 , 1, 1, 1, 1, 1, 1, 1
10 , 0.005371, 0.005889, 0.005849, 0.006492, 0.006209, 0.006339, 0.005365
11 , 0.001518, 0.001371, 0.001526, 0.001531, 0.001574, 0.001579, 0.001615, 0.001564, 0.001633, 0.001581, 0.001611, 0.001681, 0.001711, 0.001659, 0.001542, 0.001619, 0.001555, 0.001706, 0.001567, 0.001596, 0.001665, 0.001643, 0.001556, 0.001625, 0.001449, 0.001660, 0.001530, 0.001509, 0.001474, 0.001569, 0.001517, 0.001625, 0.001379, 0.001526, 0.001354, 0.001523, 0.001354, 0.001618, 0.001345, 0.001656, 0.001461, 0.001630, 0.001453, 0.001612, 0.001427, 0.001595, 0.001427, 0.001677, 0.001297, 0.001505, 0.001293, 0.001583, 0.001307, 0.001483, 0.001392, 0.001553, 0.001354, 0.001454, 0.001298, 0.001652, 0.001393, 0.001527, 0.001345, 0.001565, 0.001401, 0.001441, 0.001329, 0.001519, 0.001290, 0.001514, 0.001506, 0.001562, 0.001363, 0.001527, 0.001402, 0.001489, 0.001307, 0.001459, 0.001509, 0.001651, 0.001487, 0.001462, 0.001530, 0.001535, 0.001574, 0.001587, 0.001548, 0.001436, 0.001527, 0.001617, 0.001479, 0.001644
11 , 2, 2, 2, 2, 2, 2, 2
11 , 0.001667, 0.002541, 0.002829, 0.003286, 0.003428, 0.004220, 0.004269
12 , 0.001307, 0.001483, 0.001392, 0.001553, 0.001354, 0.001454, 0.001298, 0.001652, 0.001393, 0.001527, 0.001345, 0.001565, 0.001401, 0.001441, 0.001329, 0.001519, 0.001290, 0.001514, 0.001506, 0.001562, 0.001363, 0.001527, 0.001402, 0.001489, 0.001307, 0.001459, 0.001509, 0.001651, 0.001487, 0.001462, 0.001530, 0.001535, 0.001574, 0.001587, 0.001548, 0.001436, 0.001527, 0.001617, 0.001479, 0.001644, 0.001670, 0.001637, 0.001732, 0.001621, 0.001806, 0.001665, 0.001752, 0.001679, 0.001705, 0.001804, 0.001919, 0.001720, 0.001696, 0.001589, 0.001747, 0.001600, 0.001660, 0.001605, 0.001631, 0.001488, 0.001690, 0.001496, 0.001600, 0.001475, 0.001578, 0.001427, 0.001638, 0.001457, 0.001543, 0.001328, 0.001527, 0.001346, 0.001546, 0.001249, 0.001396, 0.001227, 0.001459, 0.001159, 0.001340, 0.001285, 0.001419, 0.001201, 0.001496, 0.001187, 0.001454, 0.001348, 0.001401, 0.001158, 0.001534, 0.001372, 0.001490, 0.001312
12 , 3, 3, 3, 3, 3, 3, 3
12 , 0.008493, 0.008589, 0.008323, 0.008594, 0.008321, 0.008559, 0.008270
13 , 0.001804, 0.001919, 0.001720, 0.001696, 0.001589, 0.001747, 0.001600, 0.001660, 0.001605, 0.001631, 0.001488, 0.001690, 0.001496, 0.001600, 0.001475, 0.001578, 0.001427, 0.001638, 0.001457, 0.001543, 0.001328, 0.001527, 0.001346, 0.001546, 0.001249, 0.001396, 0.001227, 0.001459, 0.001159, 0.001340, 0.001285, 0.001419, 0.001201, 0.001496, 0.001187, 0.001454, 0.001348, 0.001401, 0.001158, 0.001534, 0.001372, 0.001490, 0.001312, 0.001468, 0.001359, 0.001566, 0.001475, 0.001621, 0.001366, 0.001522, 0.001453, 0.001705, 0.001572, 0.001768, 0.001649, 0.001760, 0.001635, 0.001665, 0.001580, 0.001709, 0.001659, 0.001810, 0.001701, 0.001796, 0.001770, 0.001828, 0.001647, 0.001675, 0.001706, 0.001783, 0.001692, 0.001618, 0.001501, 0.001552, 0.001539, 0.001474, 0.001461, 0.001427, 0.001474, 0.001530, 0.001634, 0.001530, 0.001539, 0.001543, 0.001544, 0.001488, 0.001536, 0.001506, 0.001502, 0.001347, 0.001446, 0.001312
13 , 1, 1, 1, 1, 1, 1, 1
13 , 0.008422, 0.009104, 0.009067, 0.009538, 0.008991, 0.009064, 0.008427
14 , 0.001522, 0.001453, 0.001705, 0.001572, 0.001768, 0.001649, 0.001760, 0.001635, 0.001665, 0.001580, 0.001709, 0.001659, 0.001810, 0.001701, 0.001796, 0.001770, 0.001828, 0.001647, 0.001675, 0.001706, 0.001783, 0.001692, 0.001618, 0.001501, 0.001552, 0.001539, 0.001474, 0.001461, 0.001427, 0.001474, 0.001530, 0.001634, 0.001530, 0.001539, 0.001543, 0.001544, 0.001488, 0.001536, 0.001506, 0.001502, 0.001347, 0.001446, 0.001312, 0.001428, 0.001368, 0.001475, 0.001285, 0.001389, 0.001479, 0.001441, 0.001449, 0.001729, 0.001513, 0.001750, 0.001483, 0.001721, 0.001505, 0.001647, 0.001475, 0.001677, 0.001518, 0.001699, 0.001561, 0.001802, 0.001578, 0.001617, 0.001462, 0.001725, 0.001475, 0.001644, 0.001424, 0.001658, 0.001536, 0.001605, 0.001195, 0.001523, 0.001277, 0.001590, 0.001387, 0.001513, 0.001339, 0.001582, 0.001241, 0.001514, 0.001350, 0.001570, 0.001332, 0.001418, 0.001396, 0.001415, 0.001309, 0.001590
14 , 1, 1, 1, 1, 1, 1, 1
14 , 0.005031, 0.005766, 0.006739, 0.007444, 0.008284, 0.008425, 0.008758
15 , 0.001513, 0.001750, 0.001483, 0.001721, 0.001505, 0.001647, 0.001475, 0.001677, 0.001518, 0.001699, 0.001561, 0.001802, 0.001578, 0.001617, 0.001462, 0.001725, 0.001475, 0.001644, 0.001424, 0.001658, 0.001536, 0.001605, 0.001195, 0.001523, 0.001277, 0.001590, 0.001387, 0.001513, 0.001339, 0.001582, 0.001241, 0.001514, 0.001350, 0.001570, 0.001332, 0.001418, 0.001396, 0.001415, 0.001309, 0.001590, 0.001412, 0.001520, 0.001395, 0.001603, 0.001377, 0.001525, 0.001374, 0.001478, 0.001306, 0.001466, 0.001264, 0.001421, 0.001292, 0.001415, 0.001250, 0.001359, 0.001220, 0.001324, 0.001250, 0.001296, 0.001213, 0.001301, 0.001338, 0.001345, 0.001246, 0.001172, 0.001262, 0.001369, 0.001463, 0.001467, 0.001414, 0.001518, 0.001548, 0.001604, 0.001617, 0.001561, 0.001638, 0.001591, 0.001772, 0.001630, 0.001678, 0.001591, 0.001605, 0.001501, 0.001626, 0.001622, 0.001647, 0.001553, 0.001643, 0.001552, 0.001643, 0.001427
15 , 2, 2, 2, 2, 2, 2, 2
15 , 0.008978, 0.009478, 0.009810, 0.009890, 0.009494, 0.009265, 0.008651
16 , 0.001466, 0.001264, 0.001421, 0.001292, 0.001415, 0.001250, 0.001359, 0.001220, 0.001324, 0.001250, 0.001296, 0.001213, 0.001301, 0.001338, 0.001345, 0.001246, 0.001172, 0.001262, 0.001369, 0.001463, 0.001467, 0.001414, 0.001518, 0.001548, 0.001604, 0.001617, 0.001561, 0.001638, 0.001591, 0.001772, 0.001630, 0.001678, 0.001591, 0.001605, 0.001501, 0.001626, 0.001622, 0.001647, 0.001553, 0.001643, 0.001552, 0.001643, 0.001427, 0.001764, 0.001569, 0.001522, 0.001457, 0.001673, 0.001483, 0.001708, 0.001543, 0.001694, 0.001527, 0.001738, 0.001669, 0.001756, 0.001654, 0.001680, 0.001548, 0.001927, 0.001540, 0.001784, 0.001594, 0.001808, 0.001579, 0.001846, 0.001609, 0.001781, 0.001475, 0.001643, 0.001466, 0.001664, 0.001461, 0.001673, 0.001543, 0.001699, 0.001431, 0.001704, 0.001444, 0.001626, 0.001358, 0.001562, 0.001337, 0.001501, 0.001367, 0.001548, 0.001324, 0.001553, 0.001341, 0.001479, 0.001293, 0.001397
16 , 3, 3, 3, 3, 3, 3, 3
16 , 0.009600, 0.009517, 0.010054, 0.010066, 0.010449, 0.010083, 0.010323
