0 , 0.001499, 0.001505, 0.001505, 0.001557, 0.001742, 0.001551, 0.001757, 0.001817, 0.001869, 0.001854, 0.001802, 0.001957, 0.001690, 0.001735, 0.001550, 0.001587, 0.001793, 0.001756, 0.001704, 0.001484, 0.001838, 0.001810, 0.002093, 0.000974, 0.001159, 0.001133, 0.001203, 0.001063, 0.001169, 0.000964, 0.001149, 0.001000, 0.001035, 0.000900, 0.001141, 0.001003, 0.001158, 0.001060, 0.001295, 0.000923, 0.001238, 0.001097, 0.001287, 0.001109, 0.001497, 0.001040, 0.001340, 0.000341, 0.001193, 0.001098, 0.001382, 0.001211, 0.001414, 0.001268, 0.001377, 0.001512, 0.001398, 0.001531, 0.001462, 0.001682, 0.001661, 0.001603, 0.001665, 0.001569, 0.001764, 0.001495, 0.001642, 0.001603, 0.001527, 0.001739, 0.001682, 0.001602, 0.000758, 0.001233, 0.001287, 0.001141, 0.001292, 0.001095, 0.001220, 0.000960, 0.001123, 0.000914, 0.001334, 0.001058, 0.001283, 0.001023, 0.001279, 0.001141, 0.001276, 0.001201, 0.001150, 0.001185
0 , 1, 1, 1, 1, 1, 1, 1
0 , 0.012512, 0.013406, 0.016609, 0.018594, 0.022619, 0.021136, 0.021052
1 , 0.001382, 0.001211, 0.001414, 0.001268, 0.001377, 0.001512, 0.001398, 0.001531, 0.001462, 0.001682, 0.001661, 0.001603, 0.001665, 0.001569, 0.001764, 0.001495, 0.001642, 0.001603, 0.001527, 0.001739, 0.001682, 0.001602, 0.000758, 0.001233, 0.001287, 0.001141, 0.001292, 0.001095, 0.001220, 0.000960, 0.001123, 0.000914, 0.001334, 0.001058, 0.001283, 0.001023, 0.001279, 0.001141, 0.001276, 0.001201, 0.001150, 0.001185, 0.001185, 0.001055, 0.001167, 0.001028, 0.001337, 0.000406, 0.001343, 0.001222, 0.001416, 0.001355, 0.001425, 0.001516, 0.001392, 0.001530, 0.001488, 0.001598, 0.001460, 0.001504, 0.001726, 0.001662, 0.001742, 0.001385, 0.001637, 0.001659, 0.001460, 0.001577, 0.001387, 0.001734, 0.001426, 0.001856, 0.000112, 0.001388, 0.001252, 0.001487, 0.001494, 0.001390, 0.001369, 0.001286, 0.001258, 0.001409, 0.001375, 0.001363, 0.001354, 0.001397, 0.001284, 0.001363, 0.001345, 0.001474, 0.001298, 0.001409
1 , 1, 1, 1, 1, 1, 1, 1
1 , 0.006888, 0.008992, 0.011278, 0.012154, 0.013877, 0.011207, 0.011409
2 , 0.001416, 0.001355, 0.001425, 0.001516, 0.001392, 0.001530, 0.001488, 0.001598, 0.001460, 0.001504, 0.001726, 0.001662, 0.001742, 0.001385, 0.001637, 0.001659, 0.001460, 0.001577, 0.001387, 0.001734, 0.001426, 0.001856, 0.000112, 0.001388, 0.001252, 0.001487, 0.001494, 0.001390, 0.001369, 0.001286, 0.001258, 0.001409, 0.001375, 0.001363, 0.001354, 0.001397, 0.001284, 0.001363, 0.001345, 0.001474, 0.001298, 0.001409, 0.001309, 0.001462, 0.001291, 0.001179, 0.000707, 0.001160, 0.001318, 0.001411, 0.001212, 0.001285, 0.001098, 0.001471, 0.001474, 0.001462, 0.001567, 0.001385, 0.001733, 0.001609, 0.001610, 0.001575, 0.001597, 0.001864, 0.001695, 0.001829, 0.001608, 0.001696, 0.001724, 0.001531, 0.001619, 0.001709, 0.001129, 0.001125, 0.001559, 0.001454, 0.001419, 0.001313, 0.001399, 0.001237, 0.001388, 0.001318, 0.001530, 0.001189, 0.001406, 0.001123, 0.001183, 0.001171, 0.001241, 0.001019, 0.001182, 0.001022
2 , 1, 1, 1, 1, 1, 1, 1
2 , 0.004068, 0.006978, 0.008010, 0.011300, 0.009933, 0.009826, 0.009166
3 , 0.001411, 0.001212, 0.001285, 0.001098, 0.001471, 0.001474, 0.001462, 0.001567, 0.001385, 0.001733, 0.001609, 0.001610, 0.001575, 0.001597, 0.001864, 0.001695, 0.001829, 0.001608, 0.001696, 0.001724, 0.001531, 0.001619, 0.001709, 0.001129, 0.001125, 0.001559, 0.001454, 0.001419, 0.001313, 0.001399, 0.001237, 0.001388, 0.001318, 0.001530, 0.001189, 0.001406, 0.001123, 0.001183, 0.001171, 0.001241, 0.001019, 0.001182, 0.001022, 0.001272, 0.001152, 0.001166, 0.001101, 0.001004, 0.001111, 0.000392, 0.001269, 0.001388, 0.001346, 0.001245, 0.001366, 0.001682, 0.001416, 0.001712, 0.001430, 0.001562, 0.001700, 0.001467, 0.001480, 0.001320, 0.001583, 0.001414, 0.001355, 0.001375, 0.001183, 0.001473, 0.001499, 0.001484, 0.001553, 0.001628, 0.000488, 0.001590, 0.001336, 0.001463, 0.001239, 0.001352, 0.001206, 0.001271, 0.001150, 0.001159, 0.001220, 0.001204, 0.001234, 0.001229, 0.001217, 0.001041, 0.001278, 0.001125
3 , 1, 1, 1, 1, 1, 1, 1
3 , 0.003962, 0.005724, 0.006962, 0.008553, 0.010278, 0.011016, 0.013052
4 , 0.001346, 0.001245, 0.001366, 0.001682, 0.001416, 0.001712, 0.001430, 0.001562, 0.001700, 0.001467, 0.001480, 0.001320, 0.001583, 0.001414, 0.001355, 0.001375, 0.001183, 0.001473, 0.001499, 0.001484, 0.001553, 0.001628, 0.000488, 0.001590, 0.001336, 0.001463, 0.001239, 0.001352, 0.001206, 0.001271, 0.001150, 0.001159, 0.001220, 0.001204, 0.001234, 0.001229, 0.001217, 0.001041, 0.001278, 0.001125, 0.001243, 0.001192, 0.001401, 0.001171, 0.001518, 0.000344, 0.000944, 0.001227, 0.001185, 0.001368, 0.001297, 0.001426, 0.001396, 0.001579, 0.001439, 0.001263, 0.001469, 0.001368, 0.001561, 0.001487, 0.001421, 0.001611, 0.001478, 0.001679, 0.001441, 0.001551, 0.001635, 0.001738, 0.001563, 0.001750, 0.000499, 0.001219, 0.001289, 0.001248, 0.001128, 0.000908, 0.001098, 0.000898, 0.001134, 0.000944, 0.001140, 0.001042, 0.001152, 0.001084, 0.001396, 0.001118, 0.001238, 0.001058, 0.001455, 0.001237, 0.001381, 0.001298
4 , 1, 1, 1, 1, 1, 1, 1
4 , 0.008249, 0.009678, 0.012944, 0.012624, 0.010756, 0.011592, 0.011190
5 , 0.001185, 0.001368, 0.001297, 0.001426, 0.001396, 0.001579, 0.001439, 0.001263, 0.001469, 0.001368, 0.001561, 0.001487, 0.001421, 0.001611, 0.001478, 0.001679, 0.001441, 0.001551, 0.001635, 0.001738, 0.001563, 0.001750, 0.000499, 0.001219, 0.001289, 0.001248, 0.001128, 0.000908, 0.001098, 0.000898, 0.001134, 0.000944, 0.001140, 0.001042, 0.001152, 0.001084, 0.001396, 0.001118, 0.001238, 0.001058, 0.001455, 0.001237, 0.001381, 0.001298, 0.001483, 0.001305, 0.001469, 0.000985, 0.000532, 0.001181, 0.001185, 0.001307, 0.001274, 0.001329, 0.001595, 0.001459, 0.001598, 0.001558, 0.001736, 0.001773, 0.001641, 0.001819, 0.001608, 0.001867, 0.001718, 0.001770, 0.001786, 0.001512, 0.001763, 0.001697, 0.001600, 0.001836, 0.001130, 0.000844, 0.001461, 0.001288, 0.001409, 0.001162, 0.001289, 0.001162, 0.001399, 0.001212, 0.001367, 0.001331, 0.001374, 0.001296, 0.001386, 0.001269, 0.001442, 0.001218, 0.001451, 0.001498
5 , 1, 1, 1, 1, 1, 1, 1
5 , 0.006930, 0.009404, 0.010917, 0.011954, 0.012044, 0.012983, 0.012268
6 , 0.001307, 0.001274, 0.001329, 0.001595, 0.001459, 0.001598, 0.001558, 0.001736, 0.001773, 0.001641, 0.001819, 0.001608, 0.001867, 0.001718, 0.001770, 0.001786, 0.001512, 0.001763, 0.001697, 0.001600, 0.001836, 0.001130, 0.000844, 0.001461, 0.001288, 0.001409, 0.001162, 0.001289, 0.001162, 0.001399, 0.001212, 0.001367, 0.001331, 0.001374, 0.001296, 0.001386, 0.001269, 0.001442, 0.001218, 0.001451, 0.001498, 0.001425, 0.001325, 0.001322, 0.001416, 0.000193, 0.000943, 0.001216, 0.001204, 0.001427, 0.001279, 0.001551, 0.001359, 0.001535, 0.001462, 0.001400, 0.001711, 0.001528, 0.001476, 0.001502, 0.001541, 0.001665, 0.001640, 0.001759, 0.001583, 0.001523, 0.001569, 0.001486, 0.001617, 0.001487, 0.000387, 0.001394, 0.001321, 0.001330, 0.001187, 0.001131, 0.001061, 0.001126, 0.001068, 0.001130, 0.001264, 0.001162, 0.001364, 0.001173, 0.001322, 0.001023, 0.001278, 0.000953, 0.001220, 0.001134, 0.001310, 0.001083
6 , 1, 1, 1, 1, 1, 1, 1
6 , 0.009185, 0.011118, 0.014886, 0.013765, 0.013031, 0.013891, 0.013514
7 , 0.001204, 0.001427, 0.001279, 0.001551, 0.001359, 0.001535, 0.001462, 0.001400, 0.001711, 0.001528, 0.001476, 0.001502, 0.001541, 0.001665, 0.001640, 0.001759, 0.001583, 0.001523, 0.001569, 0.001486, 0.001617, 0.001487, 0.000387, 0.001394, 0.001321, 0.001330, 0.001187, 0.001131, 0.001061, 0.001126, 0.001068, 0.001130, 0.001264, 0.001162, 0.001364, 0.001173, 0.001322, 0.001023, 0.001278, 0.000953, 0.001220, 0.001134, 0.001310, 0.001083, 0.001471, 0.001020, 0.001431, 0.000264, 0.000859, 0.001240, 0.001327, 0.001252, 0.001352, 0.001397, 0.001500, 0.001457, 0.001562, 0.001484, 0.001759, 0.001686, 0.001695, 0.001799, 0.001645, 0.001903, 0.001630, 0.001630, 0.001601, 0.001518, 0.001688, 0.001566, 0.001528, 0.001924, 0.000276, 0.001039, 0.001364, 0.001299, 0.001264, 0.001184, 0.001285, 0.000924, 0.001159, 0.001035, 0.001295, 0.001155, 0.001265, 0.000971, 0.001190, 0.001060, 0.001251, 0.001066, 0.001228, 0.001072
7 , 1, 1, 1, 1, 1, 1, 1
7 , 0.009816, 0.011960, 0.014115, 0.014994, 0.016601, 0.015633, 0.015286
8 , 0.001327, 0.001252, 0.001352, 0.001397, 0.001500, 0.001457, 0.001562, 0.001484, 0.001759, 0.001686, 0.001695, 0.001799, 0.001645, 0.001903, 0.001630, 0.001630, 0.001601, 0.001518, 0.001688, 0.001566, 0.001528, 0.001924, 0.000276, 0.001039, 0.001364, 0.001299, 0.001264, 0.001184, 0.001285, 0.000924, 0.001159, 0.001035, 0.001295, 0.001155, 0.001265, 0.000971, 0.001190, 0.001060, 0.001251, 0.001066, 0.001228, 0.001072, 0.001283, 0.001163, 0.001306, 0.000862, 0.000783, 0.001296, 0.001448, 0.001443, 0.001524, 0.001489, 0.001748, 0.001645, 0.001733, 0.001607, 0.001525, 0.001686, 0.001658, 0.001761, 0.001688, 0.001746, 0.001864, 0.001614, 0.001747, 0.001563, 0.001777, 0.001835, 0.001614, 0.001871, 0.000994, 0.000849, 0.001380, 0.001257, 0.001265, 0.001060, 0.001145, 0.001195, 0.001140, 0.001000, 0.001005, 0.000924, 0.001110, 0.001069, 0.001129, 0.001140, 0.001045, 0.001095, 0.001005, 0.000975, 0.000950, 0.001090
8 , 1, 1, 1, 1, 1, 1, 1
8 , 0.015455, 0.017966, 0.021229, 0.023170, 0.020462, 0.019996, 0.020015
9 , 0.001443, 0.001524, 0.001489, 0.001748, 0.001645, 0.001733, 0.001607, 0.001525, 0.001686, 0.001658, 0.001761, 0.001688, 0.001746, 0.001864, 0.001614, 0.001747, 0.001563, 0.001777, 0.001835, 0.001614, 0.001871, 0.000994, 0.000849, 0.001380, 0.001257, 0.001265, 0.001060, 0.001145, 0.001195, 0.001140, 0.001000, 0.001005, 0.000924, 0.001110, 0.001069, 0.001129, 0.001140, 0.001045, 0.001095, 0.001005, 0.000975, 0.000950, 0.001090, 0.001040, 0.001157, 0.000985, 0.001323, 0.000449, 0.001254, 0.001445, 0.001419, 0.001556, 0.001395, 0.001469, 0.001658, 0.001473, 0.001619, 0.001390, 0.001567, 0.001642, 0.001555, 0.001619, 0.001371, 0.001659, 0.001566, 0.001612, 0.001665, 0.001620, 0.001908, 0.001549, 0.001600, 0.001586, 0.000468, 0.001388, 0.001512, 0.001339, 0.001311, 0.001085, 0.001306, 0.001195, 0.001239, 0.001019, 0.001348, 0.001033, 0.001252, 0.000961, 0.001231, 0.000936, 0.001352, 0.001047, 0.001253, 0.000977
9 , 1, 1, 1, 1, 1, 1, 1
9 , 0.014683, 0.017585, 0.019906, 0.020022, 0.021206, 0.019878, 0.019358
10 , 0.001419, 0.001556, 0.001395, 0.001469, 0.001658, 0.001473, 0.001619, 0.001390, 0.001567, 0.001642, 0.001555, 0.001619, 0.001371, 0.001659, 0.001566, 0.001612, 0.001665, 0.001620, 0.001908, 0.001549, 0.001600, 0.001586, 0.000468, 0.001388, 0.001512, 0.001339, 0.001311, 0.001085, 0.001306, 0.001195, 0.001239, 0.001019, 0.001348, 0.001033, 0.001252, 0.000961, 0.001231, 0.000936, 0.001352, 0.001047, 0.001253, 0.000977, 0.001345, 0.000992, 0.001431, 0.000309, 0.001131, 0.001294, 0.001416, 0.001223, 0.001623, 0.001252, 0.001488, 0.001532, 0.001471, 0.001473, 0.001455, 0.001599, 0.001418, 0.001416, 0.001418, 0.001393, 0.001579, 0.001382, 0.001687, 0.001506, 0.001565, 0.001703, 0.001510, 0.001624, 0.001416, 0.001994, 0.000634, 0.001381, 0.001246, 0.001376, 0.001241, 0.001346, 0.001131, 0.001031, 0.001061, 0.001117, 0.001163, 0.001130, 0.001236, 0.001122, 0.001222, 0.001134, 0.001331, 0.001290, 0.001427, 0.001332
10 , 1, 1, 1, 1, 1, 1, 1
10 , 0.009904, 0.011421, 0.014569, 0.015536, 0.015072, 0.013474, 0.013938
11 , 0.001223, 0.001623, 0.001252, 0.001488, 0.001532, 0.001471, 0.001473, 0.001455, 0.001599, 0.001418, 0.001416, 0.001418, 0.001393, 0.001579, 0.001382, 0.001687, 0.001506, 0.001565, 0.001703, 0.001510, 0.001624, 0.001416, 0.001994, 0.000634, 0.001381, 0.001246, 0.001376, 0.001241, 0.001346, 0.001131, 0.001031, 0.001061, 0.001117, 0.001163, 0.001130, 0.001236, 0.001122, 0.001222, 0.001134, 0.001331, 0.001290, 0.001427, 0.001332, 0.001381, 0.001253, 0.001482, 0.001205, 0.001429, 0.001261, 0.001555, 0.001252, 0.001542, 0.001252, 0.001339, 0.001158, 0.001452, 0.001241, 0.001358, 0.001210, 0.001521, 0.001270, 0.001473, 0.001283, 0.001504, 0.001258, 0.001364, 0.001132, 0.001285, 0.001185, 0.001354, 0.001236, 0.001340, 0.001232, 0.001324, 0.001227, 0.001455, 0.001230, 0.001277, 0.001186, 0.001290, 0.001264, 0.001363, 0.001340, 0.001327, 0.001416, 0.001391, 0.001498, 0.001373, 0.001309, 0.001335, 0.001365, 0.001296
11 , 1, 1, 1, 1, 2, 2, 2
11 , 0.004609, 0.005027, 0.005361, 0.005544, 0.006906, 0.005475, 0.005722
12 , 0.001252, 0.001542, 0.001252, 0.001339, 0.001158, 0.001452, 0.001241, 0.001358, 0.001210, 0.001521, 0.001270, 0.001473, 0.001283, 0.001504, 0.001258, 0.001364, 0.001132, 0.001285, 0.001185, 0.001354, 0.001236, 0.001340, 0.001232, 0.001324, 0.001227, 0.001455, 0.001230, 0.001277, 0.001186, 0.001290, 0.001264, 0.001363, 0.001340, 0.001327, 0.001416, 0.001391, 0.001498, 0.001373, 0.001309, 0.001335, 0.001365, 0.001296, 0.001369, 0.001386, 0.001386, 0.001235, 0.001464, 0.001429, 0.001451, 0.001325, 0.001615, 0.001235, 0.001425, 0.001383, 0.001491, 0.001193, 0.001491, 0.001383, 0.001488, 0.001221, 0.001369, 0.001127, 0.001338, 0.001030, 0.001355, 0.001130, 0.001223, 0.001044, 0.001348, 0.001023, 0.001158, 0.000923, 0.001204, 0.001104, 0.001207, 0.000957, 0.001201, 0.000996, 0.001146, 0.000985, 0.001192, 0.001149, 0.001249, 0.001028, 0.001225, 0.001150, 0.001287, 0.001043, 0.001354, 0.001197, 0.001278, 0.001243
12 , 3, 3, 3, 3, 3, 3, 3
12 , 0.004054, 0.004274, 0.003831, 0.003778, 0.003036, 0.003198, 0.002928
13 , 0.001429, 0.001451, 0.001325, 0.001615, 0.001235, 0.001425, 0.001383, 0.001491, 0.001193, 0.001491, 0.001383, 0.001488, 0.001221, 0.001369, 0.001127, 0.001338, 0.001030, 0.001355, 0.001130, 0.001223, 0.001044, 0.001348, 0.001023, 0.001158, 0.000923, 0.001204, 0.001104, 0.001207, 0.000957, 0.001201, 0.000996, 0.001146, 0.000985, 0.001192, 0.001149, 0.001249, 0.001028, 0.001225, 0.001150, 0.001287, 0.001043, 0.001354, 0.001197, 0.001278, 0.001243, 0.001378, 0.001139, 0.001277, 0.001185, 0.001283, 0.001416, 0.001494, 0.001498, 0.001502, 0.001563, 0.001464, 0.001399, 0.001460, 0.001554, 0.001443, 0.001512, 0.001443, 0.001481, 0.001624, 0.001597, 0.001442, 0.001498, 0.001304, 0.001515, 0.001356, 0.001442, 0.001326, 0.001387, 0.001339, 0.001503, 0.001193, 0.001461, 0.001232, 0.001323, 0.001228, 0.001393, 0.001237, 0.001390, 0.001255, 0.001394, 0.001165, 0.001301, 0.001111, 0.001350, 0.001064, 0.001262, 0.001020
13 , 1, 1, 1, 1, 1, 1, 1
13 , 0.007184, 0.007723, 0.007270, 0.008089, 0.007506, 0.007728, 0.007082
14 , 0.001283, 0.001416, 0.001494, 0.001498, 0.001502, 0.001563, 0.001464, 0.001399, 0.001460, 0.001554, 0.001443, 0.001512, 0.001443, 0.001481, 0.001624, 0.001597, 0.001442, 0.001498, 0.001304, 0.001515, 0.001356, 0.001442, 0.001326, 0.001387, 0.001339, 0.001503, 0.001193, 0.001461, 0.001232, 0.001323, 0.001228, 0.001393, 0.001237, 0.001390, 0.001255, 0.001394, 0.001165, 0.001301, 0.001111, 0.001350, 0.001064, 0.001262, 0.001020, 0.001299, 0.001049, 0.001279, 0.001118, 0.001257, 0.001082, 0.001185, 0.001011, 0.001155, 0.000979, 0.001220, 0.000865, 0.001366, 0.001107, 0.001188, 0.001074, 0.001220, 0.001106, 0.001308, 0.001090, 0.001366, 0.001251, 0.001376, 0.001246, 0.001393, 0.001284, 0.001422, 0.001339, 0.001473, 0.001374, 0.001490, 0.001291, 0.001382, 0.001394, 0.001576, 0.001424, 0.001494, 0.001334, 0.001455, 0.001580, 0.001584, 0.001421, 0.001378, 0.001392, 0.001465, 0.001336, 0.001340, 0.001464, 0.001322
14 , 2, 2, 2, 2, 2, 2, 2
14 , 0.008612, 0.009275, 0.009330, 0.009674, 0.009458, 0.009355, 0.008944
15 , 0.001185, 0.001011, 0.001155, 0.000979, 0.001220, 0.000865, 0.001366, 0.001107, 0.001188, 0.001074, 0.001220, 0.001106, 0.001308, 0.001090, 0.001366, 0.001251, 0.001376, 0.001246, 0.001393, 0.001284, 0.001422, 0.001339, 0.001473, 0.001374, 0.001490, 0.001291, 0.001382, 0.001394, 0.001576, 0.001424, 0.001494, 0.001334, 0.001455, 0.001580, 0.001584, 0.001421, 0.001378, 0.001392, 0.001465, 0.001336, 0.001340, 0.001464, 0.001322, 0.001361, 0.001288, 0.001384, 0.001292, 0.001473, 0.001289, 0.001476, 0.001446, 0.001467, 0.001263, 0.001393, 0.001332, 0.001394, 0.001243, 0.001283, 0.001251, 0.001459, 0.001197, 0.001387, 0.001262, 0.001340, 0.001185, 0.001364, 0.001194, 0.001382, 0.001081, 0.001260, 0.001185, 0.001345, 0.001125, 0.001299, 0.001053, 0.001268, 0.001058, 0.001263, 0.001053, 0.001212, 0.001026, 0.001236, 0.001001, 0.001166, 0.000976, 0.001196, 0.000957, 0.001222, 0.001042, 0.001258, 0.001039, 0.001345
15 , 3, 3, 3, 3, 3, 3, 3
15 , 0.009803, 0.009256, 0.009149, 0.008578, 0.008335, 0.007580, 0.007296
16 , 0.001292, 0.001473, 0.001289, 0.001476, 0.001446, 0.001467, 0.001263, 0.001393, 0.001332, 0.001394, 0.001243, 0.001283, 0.001251, 0.001459, 0.001197, 0.001387, 0.001262, 0.001340, 0.001185, 0.001364, 0.001194, 0.001382, 0.001081, 0.001260, 0.001185, 0.001345, 0.001125, 0.001299, 0.001053, 0.001268, 0.001058, 0.001263, 0.001053, 0.001212, 0.001026, 0.001236, 0.001001, 0.001166, 0.000976, 0.001196, 0.000957, 0.001222, 0.001042, 0.001258, 0.001039, 0.001345, 0.001173, 0.001269, 0.001057, 0.001333, 0.001239, 0.001467, 0.001348, 0.001490, 0.001313, 0.001584, 0.001295, 0.001567, 0.001412, 0.001593, 0.001519, 0.001593, 0.001412, 0.001559, 0.001447, 0.001576, 0.001412, 0.001452, 0.001314, 0.001376, 0.001274, 0.001403, 0.001322, 0.001350, 0.001259, 0.001343, 0.001308, 0.001463, 0.001224, 0.001352, 0.001332, 0.001280, 0.001438, 0.001377, 0.001438, 0.001613, 0.001572, 0.001691, 0.001746, 0.001805, 0.001839, 0.001770
16 , 2, 2, 2, 2, 2, 2, 2
16 , 0.004348, 0.004890, 0.005078, 0.005682, 0.005618, 0.005889, 0.006182
