0 , 0.002115, 0.001977, 0.002115, 0.001889, 0.002145, 0.002296, 0.002239, 0.002143, 0.002147, 0.002348, 0.002159, 0.002306, 0.002107, 0.002131, 0.002293, 0.002251, 0.002289, 0.002070, 0.002365, 0.002268, 0.002150, 0.002178, 0.002254, 0.002309, 0.002295, 0.000149, 0.001852, 0.001639, 0.001637, 0.001545, 0.001607, 0.001576, 0.001486, 0.001640, 0.001640, 0.001546, 0.001607, 0.001638, 0.001576, 0.001515, 0.001452, 0.001545, 0.001603, 0.001511, 0.001572, 0.001511, 0.001450, 0.001419, 0.001449, 0.001511, 0.001263, 0.001165, 0.001971, 0.002076, 0.002066, 0.002104, 0.002011, 0.002369, 0.002150, 0.002098, 0.002034, 0.002118, 0.002300, 0.002236, 0.002296, 0.002098, 0.002291, 0.002228, 0.002266, 0.002182, 0.002213, 0.002260, 0.002265, 0.002345, 0.002190, 0.001024, 0.001548, 0.001919, 0.001774, 0.001835, 0.001655, 0.001622, 0.001532, 0.001713, 0.001564, 0.001682, 0.001531, 0.001677, 0.001525, 0.001734, 0.001459, 0.001639
0 , 1, 1, 1, 1, 1, 1, 1
0 , 0.010491, 0.013015, 0.016831, 0.019243, 0.021678, 0.024252, 0.026910
1 , 0.001971, 0.002076, 0.002066, 0.002104, 0.002011, 0.002369, 0.002150, 0.002098, 0.002034, 0.002118, 0.002300, 0.002236, 0.002296, 0.002098, 0.002291, 0.002228, 0.002266, 0.002182, 0.002213, 0.002260, 0.002265, 0.002345, 0.002190, 0.001024, 0.001548, 0.001919, 0.001774, 0.001835, 0.001655, 0.001622, 0.001532, 0.001713, 0.001564, 0.001682, 0.001531, 0.001677, 0.001525, 0.001734, 0.001459, 0.001639, 0.001640, 0.001699, 0.001486, 0.001514, 0.001393, 0.001572, 0.001456, 0.000301, 0.002067, 0.002007, 0.002023, 0.002279, 0.002299, 0.002249, 0.002232, 0.002301, 0.002340, 0.002251, 0.002375, 0.002253, 0.002393, 0.002328, 0.002306, 0.002308, 0.002302, 0.002472, 0.002199, 0.002243, 0.002051, 0.002213, 0.002226, 0.001879, 0.001168, 0.001940, 0.001762, 0.001608, 0.001668, 0.001699, 0.001578, 0.001518, 0.001638, 0.001456, 0.001700, 0.001486, 0.001635, 0.001454, 0.001605, 0.001423, 0.001574, 0.001483, 0.001512, 0.001482
1 , 1, 1, 1, 1, 1, 1, 1
1 , 0.016879, 0.019719, 0.022757, 0.026339, 0.030240, 0.027055, 0.026471
2 , 0.002023, 0.002279, 0.002299, 0.002249, 0.002232, 0.002301, 0.002340, 0.002251, 0.002375, 0.002253, 0.002393, 0.002328, 0.002306, 0.002308, 0.002302, 0.002472, 0.002199, 0.002243, 0.002051, 0.002213, 0.002226, 0.001879, 0.001168, 0.001940, 0.001762, 0.001608, 0.001668, 0.001699, 0.001578, 0.001518, 0.001638, 0.001456, 0.001700, 0.001486, 0.001635, 0.001454, 0.001605, 0.001423, 0.001574, 0.001483, 0.001512, 0.001482, 0.001664, 0.001358, 0.001480, 0.001295, 0.001664, 0.000484, 0.001856, 0.002175, 0.002230, 0.002232, 0.002114, 0.002177, 0.002373, 0.002405, 0.002533, 0.002312, 0.002358, 0.002263, 0.002413, 0.002470, 0.002342, 0.002505, 0.002498, 0.002494, 0.002362, 0.002370, 0.002438, 0.002395, 0.002346, 0.002229, 0.000376, 0.001665, 0.001633, 0.001666, 0.001574, 0.001515, 0.001640, 0.001671, 0.001610, 0.001584, 0.001645, 0.001528, 0.001683, 0.001527, 0.001708, 0.001679, 0.001645, 0.001675, 0.001613, 0.001429
2 , 1, 1, 1, 1, 1, 1, 1
2 , 0.022496, 0.026862, 0.029834, 0.031522, 0.033715, 0.030868, 0.029558
3 , 0.002230, 0.002232, 0.002114, 0.002177, 0.002373, 0.002405, 0.002533, 0.002312, 0.002358, 0.002263, 0.002413, 0.002470, 0.002342, 0.002505, 0.002498, 0.002494, 0.002362, 0.002370, 0.002438, 0.002395, 0.002346, 0.002229, 0.000376, 0.001665, 0.001633, 0.001666, 0.001574, 0.001515, 0.001640, 0.001671, 0.001610, 0.001584, 0.001645, 0.001528, 0.001683, 0.001527, 0.001708, 0.001679, 0.001645, 0.001675, 0.001613, 0.001429, 0.001609, 0.001486, 0.001515, 0.001297, 0.001125, 0.002151, 0.001885, 0.001904, 0.002020, 0.001948, 0.002188, 0.002053, 0.002277, 0.002216, 0.002304, 0.002236, 0.002110, 0.002329, 0.002188, 0.002338, 0.002145, 0.002243, 0.002458, 0.002202, 0.002338, 0.002241, 0.002323, 0.002380, 0.000964, 0.001766, 0.001632, 0.001756, 0.001450, 0.001573, 0.001482, 0.001511, 0.001512, 0.001572, 0.001453, 0.001544, 0.001363, 0.001485, 0.001395, 0.001638, 0.001427, 0.001577, 0.001516, 0.001575, 0.001486, 0.001670
3 , 1, 1, 1, 1, 1, 1, 1
3 , 0.024667, 0.029013, 0.032530, 0.032821, 0.029086, 0.027976, 0.027376
4 , 0.001904, 0.002020, 0.001948, 0.002188, 0.002053, 0.002277, 0.002216, 0.002304, 0.002236, 0.002110, 0.002329, 0.002188, 0.002338, 0.002145, 0.002243, 0.002458, 0.002202, 0.002338, 0.002241, 0.002323, 0.002380, 0.000964, 0.001766, 0.001632, 0.001756, 0.001450, 0.001573, 0.001482, 0.001511, 0.001512, 0.001572, 0.001453, 0.001544, 0.001363, 0.001485, 0.001395, 0.001638, 0.001427, 0.001577, 0.001516, 0.001575, 0.001486, 0.001670, 0.001485, 0.001702, 0.001455, 0.001829, 0.000313, 0.001751, 0.002077, 0.002020, 0.002005, 0.002003, 0.002081, 0.002224, 0.002154, 0.002146, 0.001925, 0.002350, 0.002243, 0.002427, 0.002131, 0.002381, 0.002466, 0.002196, 0.002383, 0.002204, 0.002259, 0.002393, 0.002336, 0.002215, 0.001973, 0.000554, 0.001815, 0.001695, 0.001694, 0.001452, 0.001574, 0.001392, 0.001483, 0.001486, 0.001485, 0.001486, 0.001486, 0.001487, 0.001611, 0.001553, 0.001706, 0.001620, 0.001650, 0.001532, 0.001655
4 , 1, 1, 1, 1, 1, 1, 1
4 , 0.021592, 0.024845, 0.027684, 0.026843, 0.030160, 0.027351, 0.026560
5 , 0.002020, 0.002005, 0.002003, 0.002081, 0.002224, 0.002154, 0.002146, 0.001925, 0.002350, 0.002243, 0.002427, 0.002131, 0.002381, 0.002466, 0.002196, 0.002383, 0.002204, 0.002259, 0.002393, 0.002336, 0.002215, 0.001973, 0.000554, 0.001815, 0.001695, 0.001694, 0.001452, 0.001574, 0.001392, 0.001483, 0.001486, 0.001485, 0.001486, 0.001486, 0.001487, 0.001611, 0.001553, 0.001706, 0.001620, 0.001650, 0.001532, 0.001655, 0.001631, 0.001659, 0.001831, 0.000959, 0.001411, 0.001884, 0.001747, 0.001910, 0.001906, 0.001903, 0.001897, 0.001950, 0.002223, 0.002076, 0.002073, 0.002174, 0.002195, 0.002317, 0.002275, 0.002293, 0.002159, 0.002380, 0.002300, 0.002320, 0.002312, 0.002348, 0.002473, 0.002481, 0.000168, 0.001570, 0.001570, 0.001602, 0.001571, 0.001448, 0.001419, 0.001450, 0.001512, 0.001514, 0.001573, 0.001575, 0.001485, 0.001517, 0.001517, 0.001580, 0.001641, 0.001551, 0.001707, 0.001708, 0.001681, 0.001684
5 , 1, 1, 1, 1, 1, 1, 1
5 , 0.021819, 0.025754, 0.029795, 0.027496, 0.024272, 0.023855, 0.022904
6 , 0.001747, 0.001910, 0.001906, 0.001903, 0.001897, 0.001950, 0.002223, 0.002076, 0.002073, 0.002174, 0.002195, 0.002317, 0.002275, 0.002293, 0.002159, 0.002380, 0.002300, 0.002320, 0.002312, 0.002348, 0.002473, 0.002481, 0.000168, 0.001570, 0.001570, 0.001602, 0.001571, 0.001448, 0.001419, 0.001450, 0.001512, 0.001514, 0.001573, 0.001575, 0.001485, 0.001517, 0.001517, 0.001580, 0.001641, 0.001551, 0.001707, 0.001708, 0.001681, 0.001684, 0.001684, 0.001686, 0.001721, 0.001558, 0.000952, 0.001853, 0.001921, 0.001937, 0.001817, 0.001831, 0.002054, 0.001900, 0.002122, 0.002035, 0.002073, 0.002105, 0.002177, 0.002262, 0.002011, 0.002168, 0.002066, 0.002191, 0.002089, 0.002083, 0.002283, 0.002112, 0.002155, 0.002216, 0.001360, 0.001251, 0.001753, 0.001755, 0.001601, 0.001419, 0.001571, 0.001451, 0.001633, 0.001452, 0.001574, 0.001393, 0.001607, 0.001488, 0.001580, 0.001430, 0.001763, 0.001613, 0.001673, 0.001583
6 , 1, 1, 1, 1, 1, 1, 1
6 , 0.015765, 0.019088, 0.021803, 0.024166, 0.022463, 0.023111, 0.021505
7 , 0.001853, 0.001921, 0.001937, 0.001817, 0.001831, 0.002054, 0.001900, 0.002122, 0.002035, 0.002073, 0.002105, 0.002177, 0.002262, 0.002011, 0.002168, 0.002066, 0.002191, 0.002089, 0.002083, 0.002283, 0.002112, 0.002155, 0.002216, 0.001360, 0.001251, 0.001753, 0.001755, 0.001601, 0.001419, 0.001571, 0.001451, 0.001633, 0.001452, 0.001574, 0.001393, 0.001607, 0.001488, 0.001580, 0.001430, 0.001763, 0.001613, 0.001673, 0.001583, 0.001609, 0.001397, 0.001637, 0.001589, 0.000093, 0.002001, 0.001896, 0.001891, 0.002188, 0.002093, 0.002191, 0.002030, 0.002226, 0.002287, 0.002163, 0.002277, 0.002051, 0.002361, 0.002224, 0.002195, 0.002121, 0.002155, 0.002409, 0.002336, 0.002249, 0.002161, 0.002427, 0.002387, 0.002531, 0.002462, 0.002019, 0.000394, 0.001813, 0.001599, 0.001599, 0.001508, 0.001538, 0.001264, 0.001416, 0.001385, 0.001446, 0.001294, 0.001293, 0.001324, 0.001599, 0.001324, 0.001416, 0.001416, 0.001539
7 , 1, 1, 1, 1, 1, 1, 1
7 , 0.014876, 0.017833, 0.020663, 0.024078, 0.029992, 0.030113, 0.029350
8 , 0.002188, 0.002093, 0.002191, 0.002030, 0.002226, 0.002287, 0.002163, 0.002277, 0.002051, 0.002361, 0.002224, 0.002195, 0.002121, 0.002155, 0.002409, 0.002336, 0.002249, 0.002161, 0.002427, 0.002387, 0.002531, 0.002462, 0.002019, 0.000394, 0.001813, 0.001599, 0.001599, 0.001508, 0.001538, 0.001264, 0.001416, 0.001385, 0.001446, 0.001294, 0.001293, 0.001324, 0.001599, 0.001324, 0.001416, 0.001416, 0.001539, 0.001540, 0.001602, 0.001573, 0.001603, 0.001544, 0.001666, 0.001363, 0.001640, 0.001551, 0.001734, 0.001550, 0.001674, 0.001616, 0.001678, 0.001527, 0.001681, 0.001531, 0.001744, 0.001592, 0.001772, 0.001653, 0.001772, 0.001559, 0.001648, 0.001496, 0.001706, 0.001491, 0.001580, 0.001487, 0.001604, 0.001482, 0.001724, 0.001482, 0.001602, 0.001357, 0.001508, 0.001386, 0.001508, 0.001324, 0.001385, 0.001385, 0.001446, 0.001293, 0.001476, 0.001141, 0.001385, 0.001355, 0.001385, 0.001294, 0.001477, 0.001386
8 , 1, 1, 1, 1, 1, 1, 1
8 , 0.017144, 0.018576, 0.020149, 0.021674, 0.022254, 0.019822, 0.019577
9 , 0.001734, 0.001550, 0.001674, 0.001616, 0.001678, 0.001527, 0.001681, 0.001531, 0.001744, 0.001592, 0.001772, 0.001653, 0.001772, 0.001559, 0.001648, 0.001496, 0.001706, 0.001491, 0.001580, 0.001487, 0.001604, 0.001482, 0.001724, 0.001482, 0.001602, 0.001357, 0.001508, 0.001386, 0.001508, 0.001324, 0.001385, 0.001385, 0.001446, 0.001293, 0.001476, 0.001141, 0.001385, 0.001355, 0.001385, 0.001294, 0.001477, 0.001386, 0.001509, 0.001297, 0.001541, 0.001451, 0.001512, 0.001515, 0.001605, 0.001364, 0.001670, 0.001395, 0.001547, 0.001517, 0.001546, 0.001455, 0.001545, 0.001423, 0.001696, 0.001575, 0.001605, 0.001518, 0.001731, 0.001610, 0.001609, 0.001486, 0.001578, 0.001578, 0.001516, 0.001485, 0.001514, 0.001423, 0.001481, 0.001419, 0.001480, 0.001541, 0.001418, 0.001448, 0.001386, 0.001599, 0.001385, 0.001446, 0.001416, 0.001446, 0.001385, 0.001385, 0.001477, 0.001630, 0.001447, 0.001509, 0.001448, 0.001631
9 , 1, 1, 1, 1, 1, 1, 1
9 , 0.006225, 0.006278, 0.006467, 0.006252, 0.006273, 0.006022, 0.006276
10 , 0.001605, 0.001364, 0.001670, 0.001395, 0.001547, 0.001517, 0.001546, 0.001455, 0.001545, 0.001423, 0.001696, 0.001575, 0.001605, 0.001518, 0.001731, 0.001610, 0.001609, 0.001486, 0.001578, 0.001578, 0.001516, 0.001485, 0.001514, 0.001423, 0.001481, 0.001419, 0.001480, 0.001541, 0.001418, 0.001448, 0.001386, 0.001599, 0.001385, 0.001446, 0.001416, 0.001446, 0.001385, 0.001385, 0.001477, 0.001630, 0.001447, 0.001509, 0.001448, 0.001631, 0.001509, 0.001417, 0.001387, 0.001509, 0.001357, 0.001571, 0.001450, 0.001662, 0.001480, 0.001664, 0.001512, 0.001541, 0.001420, 0.001541, 0.001480, 0.001571, 0.001450, 0.001602, 0.001360, 0.001635, 0.001452, 0.001484, 0.001514, 0.001757, 0.001517, 0.001730, 0.001640, 0.001821, 0.001610, 0.001821, 0.001519, 0.001641, 0.001642, 0.001733, 0.001489, 0.001639, 0.001548, 0.001637, 0.001452, 0.001724, 0.001481, 0.001603, 0.001482, 0.001663, 0.001511, 0.001695, 0.001573, 0.001602
10 , 2, 2, 2, 2, 2, 2, 2
10 , 0.003873, 0.004238, 0.003872, 0.003648, 0.003000, 0.002865, 0.002149
11 , 0.001509, 0.001357, 0.001571, 0.001450, 0.001662, 0.001480, 0.001664, 0.001512, 0.001541, 0.001420, 0.001541, 0.001480, 0.001571, 0.001450, 0.001602, 0.001360, 0.001635, 0.001452, 0.001484, 0.001514, 0.001757, 0.001517, 0.001730, 0.001640, 0.001821, 0.001610, 0.001821, 0.001519, 0.001641, 0.001642, 0.001733, 0.001489, 0.001639, 0.001548, 0.001637, 0.001452, 0.001724, 0.001481, 0.001603, 0.001482, 0.001663, 0.001511, 0.001695, 0.001573, 0.001602, 0.001573, 0.001603, 0.001634, 0.001725, 0.001542, 0.001602, 0.001510, 0.001571, 0.001602, 0.001571, 0.001572, 0.001601, 0.001540, 0.001511, 0.001513, 0.001542, 0.001633, 0.001633, 0.001571, 0.001510, 0.001448, 0.001448, 0.001478, 0.001539, 0.001539, 0.001510, 0.001540, 0.001418, 0.001570, 0.001386, 0.001539, 0.001356, 0.001417, 0.001448, 0.001539, 0.001387, 0.001540, 0.001450, 0.001632, 0.001512, 0.001754, 0.001449, 0.001633, 0.001451, 0.001633, 0.001390, 0.001572
11 , 3, 3, 3, 3, 3, 3, 3
11 , 0.004019, 0.003945, 0.003535, 0.003334, 0.002921, 0.002200, 0.001786
12 , 0.001603, 0.001634, 0.001725, 0.001542, 0.001602, 0.001510, 0.001571, 0.001602, 0.001571, 0.001572, 0.001601, 0.001540, 0.001511, 0.001513, 0.001542, 0.001633, 0.001633, 0.001571, 0.001510, 0.001448, 0.001448, 0.001478, 0.001539, 0.001539, 0.001510, 0.001540, 0.001418, 0.001570, 0.001386, 0.001539, 0.001356, 0.001417, 0.001448, 0.001539, 0.001387, 0.001540, 0.001450, 0.001632, 0.001512, 0.001754, 0.001449, 0.001633, 0.001451, 0.001633, 0.001390, 0.001572, 0.001542, 0.001633, 0.001481, 0.001664, 0.001360, 0.001663, 0.001481, 0.001602, 0.001328, 0.001541, 0.001543, 0.001695, 0.001517, 0.001701, 0.001641, 0.001733, 0.001525, 0.001707, 0.001678, 0.001833, 0.001620, 0.001742, 0.001593, 0.001776, 0.001653, 0.001775, 0.001744, 0.001679, 0.001523, 0.001550, 0.001701, 0.001758, 0.001604, 0.001572, 0.001479, 0.001539, 0.001447, 0.001477, 0.001569, 0.001507, 0.001446, 0.001477, 0.001538, 0.001416, 0.001385, 0.001294
12 , 1, 1, 1, 1, 1, 1, 1
12 , 0.001903, 0.002215, 0.002531, 0.002842, 0.003093, 0.003677, 0.003465
13 , 0.001663, 0.001481, 0.001602, 0.001328, 0.001541, 0.001543, 0.001695, 0.001517, 0.001701, 0.001641, 0.001733, 0.001525, 0.001707, 0.001678, 0.001833, 0.001620, 0.001742, 0.001593, 0.001776, 0.001653, 0.001775, 0.001744, 0.001679, 0.001523, 0.001550, 0.001701, 0.001758, 0.001604, 0.001572, 0.001479, 0.001539, 0.001447, 0.001477, 0.001569, 0.001507, 0.001446, 0.001477, 0.001538, 0.001416, 0.001385, 0.001294, 0.001508, 0.001386, 0.001539, 0.001448, 0.001630, 0.001479, 0.001539, 0.001508, 0.001631, 0.001540, 0.001631, 0.001510, 0.001601, 0.001540, 0.001540, 0.001418, 0.001662, 0.001480, 0.001570, 0.001388, 0.001570, 0.001512, 0.001664, 0.001512, 0.001695, 0.001483, 0.001665, 0.001483, 0.001605, 0.001485, 0.001730, 0.001548, 0.001700, 0.001549, 0.001731, 0.001579, 0.001729, 0.001699, 0.001666, 0.001483, 0.001696, 0.001574, 0.001695, 0.001663, 0.001693, 0.001571, 0.001662, 0.001601, 0.001844, 0.001600, 0.001600
13 , 2, 2, 2, 2, 2, 2, 2
13 , 0.003278, 0.003979, 0.004256, 0.005015, 0.004820, 0.004888, 0.004524
14 , 0.001631, 0.001540, 0.001631, 0.001510, 0.001601, 0.001540, 0.001540, 0.001418, 0.001662, 0.001480, 0.001570, 0.001388, 0.001570, 0.001512, 0.001664, 0.001512, 0.001695, 0.001483, 0.001665, 0.001483, 0.001605, 0.001485, 0.001730, 0.001548, 0.001700, 0.001549, 0.001731, 0.001579, 0.001729, 0.001699, 0.001666, 0.001483, 0.001696, 0.001574, 0.001695, 0.001663, 0.001693, 0.001571, 0.001662, 0.001601, 0.001844, 0.001600, 0.001600, 0.001569, 0.001599, 0.001538, 0.001508, 0.001539, 0.001539, 0.001570, 0.001509, 0.001478, 0.001599, 0.001508, 0.001294, 0.001477, 0.001446, 0.001446, 0.001416, 0.001416, 0.001386, 0.001538, 0.001569, 0.001569, 0.001509, 0.001569, 0.001477, 0.001446, 0.001447, 0.001538, 0.001294, 0.001599, 0.001508, 0.001477, 0.001324, 0.001568, 0.001446, 0.001537, 0.001354, 0.001537, 0.001263, 0.001568, 0.001386, 0.001508, 0.001448, 0.001662, 0.001542, 0.001632, 0.001420, 0.001635, 0.001516, 0.001605
14 , 3, 0, 0, 0, 0, 0, 0
14 , 0.002227, 0.002180, 0.002025, 0.002596, 0.002163, 0.002398, 0.002455
15 , 0.001570, 0.001509, 0.001478, 0.001599, 0.001508, 0.001294, 0.001477, 0.001446, 0.001446, 0.001416, 0.001416, 0.001386, 0.001538, 0.001569, 0.001569, 0.001509, 0.001569, 0.001477, 0.001446, 0.001447, 0.001538, 0.001294, 0.001599, 0.001508, 0.001477, 0.001324, 0.001568, 0.001446, 0.001537, 0.001354, 0.001537, 0.001263, 0.001568, 0.001386, 0.001508, 0.001448, 0.001662, 0.001542, 0.001632, 0.001420, 0.001635, 0.001516, 0.001605, 0.001515, 0.001730, 0.001639, 0.001728, 0.001548, 0.001546, 0.001639, 0.001730, 0.001546, 0.001668, 0.001701, 0.001698, 0.001576, 0.001636, 0.001573, 0.001602, 0.001571, 0.001631, 0.001569, 0.001538, 0.001446, 0.001507, 0.001476, 0.001507, 0.001598, 0.001507, 0.001538, 0.001537, 0.001476, 0.001385, 0.001507, 0.001507, 0.001538, 0.001538, 0.001539, 0.001510, 0.001694, 0.001510, 0.001571, 0.001542, 0.001633, 0.001511, 0.001695, 0.001511, 0.001571, 0.001510, 0.001539, 0.001327, 0.001539
15 , 1, 3, 3, 3, 3, 3, 3
15 , 0.001554, 0.001516, 0.001727, 0.002214, 0.002001, 0.001817, 0.001938
16 , 0.001639, 0.001730, 0.001546, 0.001668, 0.001701, 0.001698, 0.001576, 0.001636, 0.001573, 0.001602, 0.001571, 0.001631, 0.001569, 0.001538, 0.001446, 0.001507, 0.001476, 0.001507, 0.001598, 0.001507, 0.001538, 0.001537, 0.001476, 0.001385, 0.001507, 0.001507, 0.001538, 0.001538, 0.001539, 0.001510, 0.001694, 0.001510, 0.001571, 0.001542, 0.001633, 0.001511, 0.001695, 0.001511, 0.001571, 0.001510, 0.001539, 0.001327, 0.001539, 0.001539, 0.001447, 0.001417, 0.001599, 0.001355, 0.001507, 0.001293, 0.001537, 0.001415, 0.001507, 0.001415, 0.001446, 0.001263, 0.001629, 0.001446, 0.001599, 0.001385, 0.001416, 0.001386, 0.001600, 0.001478, 0.001508, 0.001417, 0.001508, 0.001447, 0.001538, 0.001508, 0.001538, 0.001538, 0.001690, 0.001538, 0.001538, 0.001477, 0.001415, 0.001354, 0.001415, 0.001415, 0.001385, 0.001415, 0.001476, 0.001446, 0.001476, 0.001568, 0.001476, 0.001476, 0.001538, 0.001416, 0.001478, 0.001631
16 , 2, 2, 2, 2, 2, 2, 1
16 , 0.002064, 0.001690, 0.001680, 0.001764, 0.001512, 0.000804, 0.001038
