0 , 0.001499, 0.001505, 0.001492, 0.001330, 0.001533, 0.001572, 0.001702, 0.001458, 0.001588, 0.001644, 0.001512, 0.001592, 0.001398, 0.001577, 0.001778, 0.001595, 0.001549, 0.001361, 0.001638, 0.001652, 0.001567, 0.001520, 0.001618, 0.000263, 0.001359, 0.001143, 0.001181, 0.001128, 0.001097, 0.000957, 0.001101, 0.001097, 0.001027, 0.001078, 0.000992, 0.000963, 0.001144, 0.001089, 0.000975, 0.001232, 0.001146, 0.001125, 0.001009, 0.001255, 0.001065, 0.001316, 0.001016, 0.001317, 0.000207, 0.001018, 0.001313, 0.001361, 0.001410, 0.001132, 0.001543, 0.001579, 0.001447, 0.001380, 0.001314, 0.001639, 0.001417, 0.001530, 0.001483, 0.001476, 0.001599, 0.001374, 0.001563, 0.001410, 0.001480, 0.001536, 0.001517, 0.001428, 0.001722, 0.000460, 0.001318, 0.001444, 0.001318, 0.001207, 0.001219, 0.001371, 0.001114, 0.001162, 0.000972, 0.001172, 0.000979, 0.001108, 0.000919, 0.001273, 0.000951, 0.001036, 0.000855, 0.000975
0 , 1, 1, 1, 1, 1, 1, 1
0 , 0.009557, 0.011589, 0.013936, 0.015727, 0.016826, 0.017819, 0.017158
1 , 0.001361, 0.001410, 0.001132, 0.001543, 0.001579, 0.001447, 0.001380, 0.001314, 0.001639, 0.001417, 0.001530, 0.001483, 0.001476, 0.001599, 0.001374, 0.001563, 0.001410, 0.001480, 0.001536, 0.001517, 0.001428, 0.001722, 0.000460, 0.001318, 0.001444, 0.001318, 0.001207, 0.001219, 0.001371, 0.001114, 0.001162, 0.000972, 0.001172, 0.000979, 0.001108, 0.000919, 0.001273, 0.000951, 0.001036, 0.000855, 0.000975, 0.000859, 0.001059, 0.000772, 0.001089, 0.000627, 0.000890, 0.001545, 0.001498, 0.001574, 0.001440, 0.001468, 0.001689, 0.001638, 0.001783, 0.001591, 0.001745, 0.001743, 0.001706, 0.001617, 0.001439, 0.001690, 0.001610, 0.001743, 0.001678, 0.001545, 0.001900, 0.001638, 0.001590, 0.001473, 0.001382, 0.001800, 0.001173, 0.001307, 0.001455, 0.001344, 0.001305, 0.001433, 0.001243, 0.001273, 0.001139, 0.001178, 0.001109, 0.001278, 0.001169, 0.001181, 0.001225, 0.001225, 0.001169, 0.001203, 0.001228, 0.001207
1 , 1, 1, 1, 1, 1, 1, 1
1 , 0.011435, 0.014060, 0.016363, 0.018272, 0.017054, 0.016455, 0.016394
2 , 0.001574, 0.001440, 0.001468, 0.001689, 0.001638, 0.001783, 0.001591, 0.001745, 0.001743, 0.001706, 0.001617, 0.001439, 0.001690, 0.001610, 0.001743, 0.001678, 0.001545, 0.001900, 0.001638, 0.001590, 0.001473, 0.001382, 0.001800, 0.001173, 0.001307, 0.001455, 0.001344, 0.001305, 0.001433, 0.001243, 0.001273, 0.001139, 0.001178, 0.001109, 0.001278, 0.001169, 0.001181, 0.001225, 0.001225, 0.001169, 0.001203, 0.001228, 0.001207, 0.001285, 0.001177, 0.001282, 0.001247, 0.001230, 0.001041, 0.000065, 0.001345, 0.001434, 0.001462, 0.001463, 0.001451, 0.001599, 0.001608, 0.001666, 0.001694, 0.001643, 0.001835, 0.001496, 0.001663, 0.001661, 0.001549, 0.001686, 0.001389, 0.001599, 0.001638, 0.001517, 0.001490, 0.001441, 0.001619, 0.001735, 0.000619, 0.001592, 0.001225, 0.001209, 0.001065, 0.001269, 0.001137, 0.001246, 0.001137, 0.001278, 0.001002, 0.001190, 0.000896, 0.001190, 0.000937, 0.001170, 0.000975, 0.001119
2 , 1, 1, 1, 1, 1, 1, 1
2 , 0.010646, 0.012689, 0.013586, 0.014219, 0.015779, 0.016681, 0.020310
3 , 0.001462, 0.001463, 0.001451, 0.001599, 0.001608, 0.001666, 0.001694, 0.001643, 0.001835, 0.001496, 0.001663, 0.001661, 0.001549, 0.001686, 0.001389, 0.001599, 0.001638, 0.001517, 0.001490, 0.001441, 0.001619, 0.001735, 0.000619, 0.001592, 0.001225, 0.001209, 0.001065, 0.001269, 0.001137, 0.001246, 0.001137, 0.001278, 0.001002, 0.001190, 0.000896, 0.001190, 0.000937, 0.001170, 0.000975, 0.001119, 0.000889, 0.001162, 0.000857, 0.001049, 0.001037, 0.000225, 0.001309, 0.001615, 0.001359, 0.001517, 0.001732, 0.001612, 0.001647, 0.001505, 0.001771, 0.001654, 0.001615, 0.001494, 0.001540, 0.001840, 0.001611, 0.001625, 0.001581, 0.001616, 0.001753, 0.001437, 0.001618, 0.001659, 0.001446, 0.001970, 0.000462, 0.001459, 0.001367, 0.001371, 0.001072, 0.001169, 0.000954, 0.001144, 0.000993, 0.001081, 0.000875, 0.001109, 0.001075, 0.001084, 0.000978, 0.000982, 0.000932, 0.001071, 0.000860, 0.000990, 0.000930, 0.001029
3 , 1, 1, 1, 1, 1, 1, 1
3 , 0.016859, 0.019504, 0.023957, 0.023272, 0.021687, 0.022494, 0.022156
4 , 0.001359, 0.001517, 0.001732, 0.001612, 0.001647, 0.001505, 0.001771, 0.001654, 0.001615, 0.001494, 0.001540, 0.001840, 0.001611, 0.001625, 0.001581, 0.001616, 0.001753, 0.001437, 0.001618, 0.001659, 0.001446, 0.001970, 0.000462, 0.001459, 0.001367, 0.001371, 0.001072, 0.001169, 0.000954, 0.001144, 0.000993, 0.001081, 0.000875, 0.001109, 0.001075, 0.001084, 0.000978, 0.000982, 0.000932, 0.001071, 0.000860, 0.000990, 0.000930, 0.001029, 0.001049, 0.000929, 0.001046, 0.000741, 0.000794, 0.001657, 0.001484, 0.001500, 0.001765, 0.001581, 0.001667, 0.001557, 0.001713, 0.001861, 0.001758, 0.001830, 0.001594, 0.001725, 0.001851, 0.001767, 0.001783, 0.001500, 0.001769, 0.001636, 0.001551, 0.001654, 0.001378, 0.001830, 0.001350, 0.000996, 0.001469, 0.001382, 0.001223, 0.001240, 0.001017, 0.001137, 0.001149, 0.001063, 0.001198, 0.001115, 0.001184, 0.001054, 0.001377, 0.001127, 0.001179, 0.001127, 0.001364, 0.001065
4 , 1, 1, 1, 1, 1, 1, 1
4 , 0.015495, 0.018465, 0.020135, 0.022059, 0.022473, 0.023882, 0.022345
5 , 0.001500, 0.001765, 0.001581, 0.001667, 0.001557, 0.001713, 0.001861, 0.001758, 0.001830, 0.001594, 0.001725, 0.001851, 0.001767, 0.001783, 0.001500, 0.001769, 0.001636, 0.001551, 0.001654, 0.001378, 0.001830, 0.001350, 0.000996, 0.001469, 0.001382, 0.001223, 0.001240, 0.001017, 0.001137, 0.001149, 0.001063, 0.001198, 0.001115, 0.001184, 0.001054, 0.001377, 0.001127, 0.001179, 0.001127, 0.001364, 0.001065, 0.001329, 0.001104, 0.001216, 0.001263, 0.000137, 0.001121, 0.001304, 0.001208, 0.001333, 0.001416, 0.001466, 0.001427, 0.001278, 0.001566, 0.001480, 0.001464, 0.001285, 0.001295, 0.001642, 0.001457, 0.001656, 0.001453, 0.001503, 0.001616, 0.001483, 0.001588, 0.001410, 0.001464, 0.001848, 0.000442, 0.001550, 0.001398, 0.001374, 0.001166, 0.001179, 0.001161, 0.001244, 0.001062, 0.001365, 0.001226, 0.001423, 0.001061, 0.001316, 0.001012, 0.001251, 0.000991, 0.001251, 0.000943, 0.001082, 0.001045, 0.001167
5 , 1, 1, 1, 1, 1, 1, 1
5 , 0.012449, 0.013731, 0.018110, 0.016801, 0.016672, 0.017004, 0.017161
6 , 0.001208, 0.001333, 0.001416, 0.001466, 0.001427, 0.001278, 0.001566, 0.001480, 0.001464, 0.001285, 0.001295, 0.001642, 0.001457, 0.001656, 0.001453, 0.001503, 0.001616, 0.001483, 0.001588, 0.001410, 0.001464, 0.001848, 0.000442, 0.001550, 0.001398, 0.001374, 0.001166, 0.001179, 0.001161, 0.001244, 0.001062, 0.001365, 0.001226, 0.001423, 0.001061, 0.001316, 0.001012, 0.001251, 0.000991, 0.001251, 0.000943, 0.001082, 0.001045, 0.001167, 0.001113, 0.001221, 0.001108, 0.000514, 0.000872, 0.001274, 0.001242, 0.001201, 0.001433, 0.001241, 0.001285, 0.001169, 0.001411, 0.001371, 0.001397, 0.001523, 0.001185, 0.001497, 0.001404, 0.001407, 0.001503, 0.001391, 0.001583, 0.001440, 0.001427, 0.001380, 0.001172, 0.001807, 0.000429, 0.001552, 0.001388, 0.001308, 0.001217, 0.001308, 0.001106, 0.001242, 0.001091, 0.001093, 0.001079, 0.001232, 0.001098, 0.000997, 0.001090, 0.001089, 0.000888, 0.000933, 0.000904, 0.000900
6 , 1, 1, 1, 1, 1, 1, 1
6 , 0.005538, 0.007916, 0.009140, 0.010761, 0.011938, 0.011838, 0.012622
7 , 0.001433, 0.001241, 0.001285, 0.001169, 0.001411, 0.001371, 0.001397, 0.001523, 0.001185, 0.001497, 0.001404, 0.001407, 0.001503, 0.001391, 0.001583, 0.001440, 0.001427, 0.001380, 0.001172, 0.001807, 0.000429, 0.001552, 0.001388, 0.001308, 0.001217, 0.001308, 0.001106, 0.001242, 0.001091, 0.001093, 0.001079, 0.001232, 0.001098, 0.000997, 0.001090, 0.001089, 0.000888, 0.000933, 0.000904, 0.000900, 0.001086, 0.000981, 0.001154, 0.000747, 0.000675, 0.001327, 0.001332, 0.001178, 0.001508, 0.001529, 0.001453, 0.001350, 0.001352, 0.001792, 0.001519, 0.001577, 0.001329, 0.001389, 0.001661, 0.001386, 0.001549, 0.001340, 0.001374, 0.001533, 0.001225, 0.001476, 0.001341, 0.001580, 0.001361, 0.001146, 0.001585, 0.001427, 0.001355, 0.001272, 0.001329, 0.001285, 0.001403, 0.001204, 0.001359, 0.001130, 0.001389, 0.001092, 0.001256, 0.001213, 0.001309, 0.000997, 0.001270, 0.001045, 0.001392, 0.001158, 0.001251, 0.001006
7 , 1, 1, 1, 1, 1, 1, 1
7 , 0.009175, 0.011729, 0.009732, 0.011136, 0.011848, 0.011911, 0.012481
8 , 0.001352, 0.001792, 0.001519, 0.001577, 0.001329, 0.001389, 0.001661, 0.001386, 0.001549, 0.001340, 0.001374, 0.001533, 0.001225, 0.001476, 0.001341, 0.001580, 0.001361, 0.001146, 0.001585, 0.001427, 0.001355, 0.001272, 0.001329, 0.001285, 0.001403, 0.001204, 0.001359, 0.001130, 0.001389, 0.001092, 0.001256, 0.001213, 0.001309, 0.000997, 0.001270, 0.001045, 0.001392, 0.001158, 0.001251, 0.001006, 0.001130, 0.001005, 0.000066, 0.001175, 0.001406, 0.001407, 0.001156, 0.001636, 0.001487, 0.001471, 0.001378, 0.001556, 0.001778, 0.001522, 0.001661, 0.001473, 0.001709, 0.001725, 0.001666, 0.001711, 0.001621, 0.001865, 0.001739, 0.001707, 0.001933, 0.001653, 0.002119, 0.000037, 0.001288, 0.001193, 0.001173, 0.000967, 0.001047, 0.000812, 0.000907, 0.000742, 0.000988, 0.000818, 0.001028, 0.000873, 0.000888, 0.000833, 0.001049, 0.001046, 0.001010, 0.001030, 0.001045, 0.000916, 0.000913, 0.001149, 0.000270, 0.000965
8 , 1, 1, 1, 1, 1, 1, 1
8 , 0.019178, 0.019118, 0.019676, 0.019939, 0.018624, 0.017196, 0.015914
9 , 0.001471, 0.001378, 0.001556, 0.001778, 0.001522, 0.001661, 0.001473, 0.001709, 0.001725, 0.001666, 0.001711, 0.001621, 0.001865, 0.001739, 0.001707, 0.001933, 0.001653, 0.002119, 0.000037, 0.001288, 0.001193, 0.001173, 0.000967, 0.001047, 0.000812, 0.000907, 0.000742, 0.000988, 0.000818, 0.001028, 0.000873, 0.000888, 0.000833, 0.001049, 0.001046, 0.001010, 0.001030, 0.001045, 0.000916, 0.000913, 0.001149, 0.000270, 0.000965, 0.001283, 0.001327, 0.001249, 0.001387, 0.001453, 0.001487, 0.001452, 0.001251, 0.001536, 0.001400, 0.001354, 0.001252, 0.001272, 0.001517, 0.001268, 0.001374, 0.001288, 0.001192, 0.001470, 0.001301, 0.001407, 0.001133, 0.001417, 0.001391, 0.001710, 0.000270, 0.001449, 0.001347, 0.001521, 0.001275, 0.001293, 0.001093, 0.001121, 0.001156, 0.001320, 0.001135, 0.001297, 0.001098, 0.001114, 0.001019, 0.001249, 0.001098, 0.001217, 0.000911, 0.001016, 0.000881, 0.001071, 0.000881, 0.001060
9 , 1, 1, 1, 1, 1, 1, 1
9 , 0.019382, 0.017617, 0.017886, 0.017604, 0.017342, 0.016437, 0.015207
10 , 0.001387, 0.001453, 0.001487, 0.001452, 0.001251, 0.001536, 0.001400, 0.001354, 0.001252, 0.001272, 0.001517, 0.001268, 0.001374, 0.001288, 0.001192, 0.001470, 0.001301, 0.001407, 0.001133, 0.001417, 0.001391, 0.001710, 0.000270, 0.001449, 0.001347, 0.001521, 0.001275, 0.001293, 0.001093, 0.001121, 0.001156, 0.001320, 0.001135, 0.001297, 0.001098, 0.001114, 0.001019, 0.001249, 0.001098, 0.001217, 0.000911, 0.001016, 0.000881, 0.001071, 0.000881, 0.001060, 0.000860, 0.001197, 0.000978, 0.001127, 0.000933, 0.001184, 0.000914, 0.001160, 0.000803, 0.001067, 0.000991, 0.001145, 0.001070, 0.001340, 0.001189, 0.001383, 0.001189, 0.001444, 0.001241, 0.001314, 0.001254, 0.001293, 0.001275, 0.001344, 0.001275, 0.001327, 0.001327, 0.001366, 0.001289, 0.001212, 0.001165, 0.001198, 0.001234, 0.001095, 0.001149, 0.000987, 0.001008, 0.001014, 0.001200, 0.001016, 0.001162, 0.001125, 0.001226, 0.001216, 0.001284, 0.001223
10 , 2, 2, 2, 2, 2, 2, 2
10 , 0.005469, 0.005686, 0.005736, 0.006580, 0.004501, 0.004646, 0.004748
11 , 0.001127, 0.000933, 0.001184, 0.000914, 0.001160, 0.000803, 0.001067, 0.000991, 0.001145, 0.001070, 0.001340, 0.001189, 0.001383, 0.001189, 0.001444, 0.001241, 0.001314, 0.001254, 0.001293, 0.001275, 0.001344, 0.001275, 0.001327, 0.001327, 0.001366, 0.001289, 0.001212, 0.001165, 0.001198, 0.001234, 0.001095, 0.001149, 0.000987, 0.001008, 0.001014, 0.001200, 0.001016, 0.001162, 0.001125, 0.001226, 0.001216, 0.001284, 0.001223, 0.001422, 0.001354, 0.001627, 0.001526, 0.001644, 0.001532, 0.001798, 0.001577, 0.001655, 0.001499, 0.001695, 0.001439, 0.001597, 0.001324, 0.001383, 0.001232, 0.001268, 0.001225, 0.001338, 0.001136, 0.001430, 0.001166, 0.001323, 0.001149, 0.001341, 0.001211, 0.001313, 0.001019, 0.001214, 0.001100, 0.001379, 0.001253, 0.001260, 0.001195, 0.001193, 0.001114, 0.001135, 0.001074, 0.001200, 0.001216, 0.001341, 0.001193, 0.001267, 0.001312, 0.001217, 0.001217, 0.001278, 0.001240, 0.001193
11 , 3, 3, 3, 3, 3, 3, 3
11 , 0.006424, 0.005879, 0.005774, 0.005045, 0.004778, 0.004067, 0.004130
12 , 0.001526, 0.001644, 0.001532, 0.001798, 0.001577, 0.001655, 0.001499, 0.001695, 0.001439, 0.001597, 0.001324, 0.001383, 0.001232, 0.001268, 0.001225, 0.001338, 0.001136, 0.001430, 0.001166, 0.001323, 0.001149, 0.001341, 0.001211, 0.001313, 0.001019, 0.001214, 0.001100, 0.001379, 0.001253, 0.001260, 0.001195, 0.001193, 0.001114, 0.001135, 0.001074, 0.001200, 0.001216, 0.001341, 0.001193, 0.001267, 0.001312, 0.001217, 0.001217, 0.001278, 0.001240, 0.001193, 0.001167, 0.001190, 0.001146, 0.001198, 0.001228, 0.001124, 0.001201, 0.001256, 0.001321, 0.001282, 0.001261, 0.001140, 0.001333, 0.001251, 0.001402, 0.001207, 0.001328, 0.001165, 0.001312, 0.001186, 0.001294, 0.001226, 0.001439, 0.001201, 0.001418, 0.001012, 0.001211, 0.001137, 0.001350, 0.001135, 0.001244, 0.001109, 0.001313, 0.001016, 0.001225, 0.001116, 0.001339, 0.001100, 0.001165, 0.000931, 0.001200, 0.000956, 0.001121, 0.001053, 0.001248, 0.001091
12 , 1, 1, 1, 1, 1, 1, 1
12 , 0.006264, 0.006833, 0.006545, 0.007011, 0.006277, 0.006385, 0.005409
13 , 0.001198, 0.001228, 0.001124, 0.001201, 0.001256, 0.001321, 0.001282, 0.001261, 0.001140, 0.001333, 0.001251, 0.001402, 0.001207, 0.001328, 0.001165, 0.001312, 0.001186, 0.001294, 0.001226, 0.001439, 0.001201, 0.001418, 0.001012, 0.001211, 0.001137, 0.001350, 0.001135, 0.001244, 0.001109, 0.001313, 0.001016, 0.001225, 0.001116, 0.001339, 0.001100, 0.001165, 0.000931, 0.001200, 0.000956, 0.001121, 0.001053, 0.001248, 0.001091, 0.001274, 0.001005, 0.001360, 0.001098, 0.001210, 0.001175, 0.001342, 0.001221, 0.001307, 0.001206, 0.001444, 0.001266, 0.001469, 0.001297, 0.001474, 0.001297, 0.001543, 0.001349, 0.001486, 0.001245, 0.001465, 0.001361, 0.001443, 0.001353, 0.001474, 0.001219, 0.001323, 0.001284, 0.001358, 0.001272, 0.001238, 0.001201, 0.001249, 0.001249, 0.001167, 0.001128, 0.001353, 0.001332, 0.001174, 0.001072, 0.001140, 0.001189, 0.001128, 0.001108, 0.000951, 0.000946, 0.001017, 0.001187, 0.001182
13 , 1, 1, 1, 1, 1, 1, 1
13 , 0.004621, 0.005743, 0.005694, 0.006575, 0.006630, 0.007011, 0.006816
14 , 0.001307, 0.001206, 0.001444, 0.001266, 0.001469, 0.001297, 0.001474, 0.001297, 0.001543, 0.001349, 0.001486, 0.001245, 0.001465, 0.001361, 0.001443, 0.001353, 0.001474, 0.001219, 0.001323, 0.001284, 0.001358, 0.001272, 0.001238, 0.001201, 0.001249, 0.001249, 0.001167, 0.001128, 0.001353, 0.001332, 0.001174, 0.001072, 0.001140, 0.001189, 0.001128, 0.001108, 0.000951, 0.000946, 0.001017, 0.001187, 0.001182, 0.001068, 0.001008, 0.001138, 0.001075, 0.001054, 0.001105, 0.001195, 0.001046, 0.001146, 0.001107, 0.001267, 0.001084, 0.001251, 0.001177, 0.001288, 0.001184, 0.001272, 0.001192, 0.001355, 0.001190, 0.001415, 0.001255, 0.001380, 0.001237, 0.001406, 0.001396, 0.001500, 0.001241, 0.001440, 0.001173, 0.001376, 0.001151, 0.001385, 0.001117, 0.001394, 0.001221, 0.001380, 0.001246, 0.001484, 0.001294, 0.001442, 0.001148, 0.001407, 0.001139, 0.001429, 0.001160, 0.001389, 0.001290, 0.001364, 0.001237, 0.001506
14 , 2, 2, 2, 2, 2, 2, 2
14 , 0.005923, 0.006199, 0.005930, 0.006414, 0.006109, 0.006374, 0.005841
15 , 0.001146, 0.001107, 0.001267, 0.001084, 0.001251, 0.001177, 0.001288, 0.001184, 0.001272, 0.001192, 0.001355, 0.001190, 0.001415, 0.001255, 0.001380, 0.001237, 0.001406, 0.001396, 0.001500, 0.001241, 0.001440, 0.001173, 0.001376, 0.001151, 0.001385, 0.001117, 0.001394, 0.001221, 0.001380, 0.001246, 0.001484, 0.001294, 0.001442, 0.001148, 0.001407, 0.001139, 0.001429, 0.001160, 0.001389, 0.001290, 0.001364, 0.001237, 0.001506, 0.001276, 0.001373, 0.001183, 0.001391, 0.001205, 0.001478, 0.001121, 0.001244, 0.001046, 0.001130, 0.000998, 0.001198, 0.001068, 0.001268, 0.001062, 0.001187, 0.001177, 0.001186, 0.001116, 0.001201, 0.001022, 0.001136, 0.001038, 0.001149, 0.001056, 0.001278, 0.001204, 0.001244, 0.001174, 0.001260, 0.001207, 0.001156, 0.001114, 0.001269, 0.001172, 0.001318, 0.001242, 0.001341, 0.001276, 0.001295, 0.001204, 0.001269, 0.001304, 0.001290, 0.001337, 0.001307, 0.001316, 0.001281, 0.001255
15 , 0, 0, 0, 0, 0, 0, 0
15 , 0.003469, 0.003595, 0.003148, 0.003399, 0.003102, 0.003598, 0.003205
16 , 0.001046, 0.001130, 0.000998, 0.001198, 0.001068, 0.001268, 0.001062, 0.001187, 0.001177, 0.001186, 0.001116, 0.001201, 0.001022, 0.001136, 0.001038, 0.001149, 0.001056, 0.001278, 0.001204, 0.001244, 0.001174, 0.001260, 0.001207, 0.001156, 0.001114, 0.001269, 0.001172, 0.001318, 0.001242, 0.001341, 0.001276, 0.001295, 0.001204, 0.001269, 0.001304, 0.001290, 0.001337, 0.001307, 0.001316, 0.001281, 0.001255, 0.001246, 0.001255, 0.001281, 0.001320, 0.001265, 0.001346, 0.001325, 0.001297, 0.001235, 0.001429, 0.001272, 0.001328, 0.001202, 0.001387, 0.001344, 0.001443, 0.001366, 0.001465, 0.001254, 0.001453, 0.001268, 0.001371, 0.001194, 0.001458, 0.001237, 0.001252, 0.001329, 0.001395, 0.001116, 0.001299, 0.001088, 0.001286, 0.001089, 0.001192, 0.001027, 0.001125, 0.000986, 0.001170, 0.001080, 0.001315, 0.000979, 0.001184, 0.001009, 0.001153, 0.000978, 0.001093, 0.000882, 0.000992, 0.000922, 0.001148, 0.000974
16 , 3, 3, 3, 3, 3, 3, 3
16 , 0.007218, 0.008077, 0.007935, 0.008284, 0.007858, 0.008469, 0.008408
