0 , 0.001347, 0.001201, 0.001235, 0.001489, 0.001345, 0.001633, 0.001386, 0.001613, 0.001628, 0.001601, 0.001608, 0.001321, 0.001742, 0.001557, 0.001562, 0.001496, 0.001480, 0.001663, 0.001494, 0.001505, 0.001491, 0.001473, 0.001709, 0.001261, 0.001317, 0.001625, 0.001522, 0.001308, 0.001272, 0.001202, 0.001460, 0.001344, 0.001288, 0.001288, 0.001284, 0.001297, 0.001220, 0.001311, 0.001202, 0.001238, 0.001101, 0.001382, 0.001301, 0.001298, 0.001131, 0.001210, 0.001223, 0.000169, 0.001213, 0.001221, 0.001180, 0.001498, 0.001436, 0.001510, 0.001452, 0.001500, 0.001664, 0.001650, 0.001720, 0.001538, 0.001643, 0.001763, 0.001632, 0.001742, 0.001581, 0.001787, 0.001674, 0.001582, 0.001650, 0.001578, 0.001610, 0.001829, 0.000316, 0.001603, 0.001319, 0.001340, 0.001164, 0.001355, 0.001164, 0.001267, 0.001171, 0.001344, 0.001356, 0.001546, 0.001192, 0.001589, 0.001227, 0.001340, 0.001192, 0.001460, 0.001166, 0.001405
0 , 1, 1, 1, 1, 1, 1, 1
0 , 0.004058, 0.005407, 0.006719, 0.008721, 0.012830, 0.010961, 0.011909
1 , 0.001180, 0.001498, 0.001436, 0.001510, 0.001452, 0.001500, 0.001664, 0.001650, 0.001720, 0.001538, 0.001643, 0.001763, 0.001632, 0.001742, 0.001581, 0.001787, 0.001674, 0.001582, 0.001650, 0.001578, 0.001610, 0.001829, 0.000316, 0.001603, 0.001319, 0.001340, 0.001164, 0.001355, 0.001164, 0.001267, 0.001171, 0.001344, 0.001356, 0.001546, 0.001192, 0.001589, 0.001227, 0.001340, 0.001192, 0.001460, 0.001166, 0.001405, 0.001279, 0.001397, 0.001214, 0.001371, 0.001243, 0.000826, 0.000817, 0.001311, 0.001196, 0.001274, 0.001459, 0.001478, 0.001525, 0.001346, 0.001676, 0.001617, 0.001552, 0.001580, 0.001454, 0.001758, 0.001557, 0.001615, 0.001400, 0.001475, 0.001754, 0.001585, 0.001601, 0.001606, 0.001480, 0.002045, 0.000716, 0.001315, 0.001327, 0.001413, 0.001137, 0.001262, 0.001046, 0.001211, 0.001070, 0.001305, 0.001070, 0.001065, 0.001035, 0.001102, 0.001148, 0.001164, 0.001270, 0.001238, 0.001264, 0.001213
1 , 1, 1, 1, 1, 1, 1, 1
1 , 0.007288, 0.009810, 0.011023, 0.012721, 0.013398, 0.013699, 0.013587
2 , 0.001274, 0.001459, 0.001478, 0.001525, 0.001346, 0.001676, 0.001617, 0.001552, 0.001580, 0.001454, 0.001758, 0.001557, 0.001615, 0.001400, 0.001475, 0.001754, 0.001585, 0.001601, 0.001606, 0.001480, 0.002045, 0.000716, 0.001315, 0.001327, 0.001413, 0.001137, 0.001262, 0.001046, 0.001211, 0.001070, 0.001305, 0.001070, 0.001065, 0.001035, 0.001102, 0.001148, 0.001164, 0.001270, 0.001238, 0.001264, 0.001213, 0.001213, 0.001205, 0.001321, 0.000897, 0.000465, 0.001358, 0.001295, 0.001130, 0.001347, 0.001340, 0.001276, 0.001365, 0.001435, 0.001502, 0.001257, 0.001297, 0.001314, 0.001390, 0.001376, 0.001208, 0.001344, 0.001195, 0.001400, 0.001542, 0.001354, 0.001496, 0.001330, 0.001526, 0.001503, 0.001611, 0.001151, 0.001049, 0.001407, 0.001552, 0.001505, 0.001424, 0.001150, 0.001249, 0.001129, 0.001228, 0.001159, 0.001416, 0.001010, 0.001259, 0.000985, 0.001264, 0.001110, 0.001349, 0.000994, 0.001078, 0.001010
2 , 2, 1, 1, 1, 1, 1, 1
2 , 0.005966, 0.008280, 0.012057, 0.011788, 0.011565, 0.011514, 0.011556
3 , 0.001130, 0.001347, 0.001340, 0.001276, 0.001365, 0.001435, 0.001502, 0.001257, 0.001297, 0.001314, 0.001390, 0.001376, 0.001208, 0.001344, 0.001195, 0.001400, 0.001542, 0.001354, 0.001496, 0.001330, 0.001526, 0.001503, 0.001611, 0.001151, 0.001049, 0.001407, 0.001552, 0.001505, 0.001424, 0.001150, 0.001249, 0.001129, 0.001228, 0.001159, 0.001416, 0.001010, 0.001259, 0.000985, 0.001264, 0.001110, 0.001349, 0.000994, 0.001078, 0.001010, 0.001291, 0.001085, 0.001426, 0.001056, 0.001484, 0.000163, 0.001282, 0.001380, 0.001700, 0.001530, 0.001715, 0.001456, 0.001589, 0.001810, 0.001543, 0.001740, 0.001602, 0.001629, 0.001622, 0.001658, 0.001686, 0.001576, 0.001707, 0.001604, 0.001760, 0.001655, 0.001697, 0.001852, 0.001486, 0.001901, 0.000273, 0.001239, 0.001189, 0.001158, 0.001228, 0.000827, 0.001147, 0.000932, 0.001132, 0.001017, 0.001143, 0.000993, 0.001139, 0.001010, 0.001086, 0.001157, 0.001203, 0.001189
3 , 1, 1, 1, 1, 1, 1, 1
3 , 0.006704, 0.008680, 0.010310, 0.011373, 0.013893, 0.013716, 0.016710
4 , 0.001700, 0.001530, 0.001715, 0.001456, 0.001589, 0.001810, 0.001543, 0.001740, 0.001602, 0.001629, 0.001622, 0.001658, 0.001686, 0.001576, 0.001707, 0.001604, 0.001760, 0.001655, 0.001697, 0.001852, 0.001486, 0.001901, 0.000273, 0.001239, 0.001189, 0.001158, 0.001228, 0.000827, 0.001147, 0.000932, 0.001132, 0.001017, 0.001143, 0.000993, 0.001139, 0.001010, 0.001086, 0.001157, 0.001203, 0.001189, 0.001166, 0.001136, 0.001240, 0.001289, 0.001275, 0.000871, 0.000988, 0.001029, 0.001368, 0.001265, 0.001397, 0.001408, 0.001315, 0.001619, 0.001526, 0.001546, 0.001400, 0.001493, 0.001619, 0.001404, 0.001580, 0.001498, 0.001615, 0.001665, 0.001443, 0.001638, 0.001548, 0.001690, 0.001520, 0.001940, 0.000613, 0.001122, 0.001299, 0.001324, 0.001143, 0.001164, 0.001117, 0.001198, 0.001154, 0.001305, 0.001234, 0.001281, 0.001103, 0.001246, 0.001159, 0.001486, 0.001253, 0.001318, 0.001153, 0.001452, 0.001270, 0.001585
4 , 1, 1, 1, 1, 1, 1, 1
4 , 0.013042, 0.015623, 0.018179, 0.018269, 0.015995, 0.015366, 0.014890
5 , 0.001265, 0.001397, 0.001408, 0.001315, 0.001619, 0.001526, 0.001546, 0.001400, 0.001493, 0.001619, 0.001404, 0.001580, 0.001498, 0.001615, 0.001665, 0.001443, 0.001638, 0.001548, 0.001690, 0.001520, 0.001940, 0.000613, 0.001122, 0.001299, 0.001324, 0.001143, 0.001164, 0.001117, 0.001198, 0.001154, 0.001305, 0.001234, 0.001281, 0.001103, 0.001246, 0.001159, 0.001486, 0.001253, 0.001318, 0.001153, 0.001452, 0.001270, 0.001585, 0.001304, 0.001439, 0.001258, 0.001438, 0.000531, 0.001305, 0.001205, 0.001334, 0.001201, 0.001528, 0.001450, 0.001590, 0.001606, 0.001695, 0.001649, 0.001420, 0.001631, 0.001569, 0.001562, 0.001457, 0.001459, 0.001731, 0.001471, 0.001537, 0.001438, 0.001418, 0.001522, 0.001580, 0.001437, 0.001127, 0.001353, 0.001597, 0.001464, 0.001463, 0.001329, 0.001472, 0.001222, 0.001426, 0.001050, 0.001323, 0.001168, 0.001222, 0.001120, 0.001261, 0.001210, 0.001138, 0.001067, 0.001303, 0.001091
5 , 1, 1, 1, 1, 1, 1, 1
5 , 0.006916, 0.007860, 0.009935, 0.008988, 0.010688, 0.010659, 0.011058
6 , 0.001528, 0.001450, 0.001590, 0.001606, 0.001695, 0.001649, 0.001420, 0.001631, 0.001569, 0.001562, 0.001457, 0.001459, 0.001731, 0.001471, 0.001537, 0.001438, 0.001418, 0.001522, 0.001580, 0.001437, 0.001127, 0.001353, 0.001597, 0.001464, 0.001463, 0.001329, 0.001472, 0.001222, 0.001426, 0.001050, 0.001323, 0.001168, 0.001222, 0.001120, 0.001261, 0.001210, 0.001138, 0.001067, 0.001303, 0.001091, 0.001091, 0.000873, 0.001136, 0.000151, 0.001399, 0.001312, 0.001639, 0.001436, 0.001504, 0.001595, 0.001639, 0.001681, 0.001593, 0.001756, 0.001667, 0.001613, 0.001800, 0.001681, 0.001809, 0.001446, 0.001507, 0.001687, 0.001495, 0.001535, 0.001280, 0.001562, 0.001407, 0.001714, 0.000389, 0.001552, 0.001335, 0.001353, 0.001292, 0.001240, 0.001474, 0.001228, 0.001281, 0.001162, 0.001103, 0.001166, 0.001194, 0.001253, 0.001122, 0.001157, 0.000972, 0.001116, 0.001097, 0.001211, 0.000976, 0.001126, 0.000967, 0.001170
6 , 1, 1, 1, 1, 1, 1, 1
6 , 0.016045, 0.014567, 0.015001, 0.014729, 0.015219, 0.015458, 0.015041
7 , 0.001639, 0.001436, 0.001504, 0.001595, 0.001639, 0.001681, 0.001593, 0.001756, 0.001667, 0.001613, 0.001800, 0.001681, 0.001809, 0.001446, 0.001507, 0.001687, 0.001495, 0.001535, 0.001280, 0.001562, 0.001407, 0.001714, 0.000389, 0.001552, 0.001335, 0.001353, 0.001292, 0.001240, 0.001474, 0.001228, 0.001281, 0.001162, 0.001103, 0.001166, 0.001194, 0.001253, 0.001122, 0.001157, 0.000972, 0.001116, 0.001097, 0.001211, 0.000976, 0.001126, 0.000967, 0.001170, 0.001010, 0.000813, 0.001045, 0.001407, 0.001395, 0.001695, 0.001447, 0.001658, 0.001429, 0.001576, 0.001501, 0.001617, 0.001581, 0.001352, 0.001599, 0.001450, 0.001507, 0.001487, 0.001324, 0.001596, 0.001427, 0.001610, 0.001516, 0.001534, 0.001539, 0.001743, 0.000667, 0.001534, 0.001333, 0.001362, 0.001396, 0.001503, 0.001265, 0.001460, 0.001204, 0.001424, 0.001256, 0.001489, 0.001140, 0.001588, 0.001364, 0.001558, 0.001243, 0.001567, 0.001399, 0.001597
7 , 1, 1, 1, 1, 1, 1, 1
7 , 0.007286, 0.009791, 0.010535, 0.012112, 0.011761, 0.011054, 0.011202
8 , 0.001407, 0.001395, 0.001695, 0.001447, 0.001658, 0.001429, 0.001576, 0.001501, 0.001617, 0.001581, 0.001352, 0.001599, 0.001450, 0.001507, 0.001487, 0.001324, 0.001596, 0.001427, 0.001610, 0.001516, 0.001534, 0.001539, 0.001743, 0.000667, 0.001534, 0.001333, 0.001362, 0.001396, 0.001503, 0.001265, 0.001460, 0.001204, 0.001424, 0.001256, 0.001489, 0.001140, 0.001588, 0.001364, 0.001558, 0.001243, 0.001567, 0.001399, 0.001597, 0.001351, 0.001619, 0.001273, 0.001567, 0.000043, 0.001128, 0.000896, 0.001244, 0.001121, 0.001314, 0.001112, 0.001112, 0.001357, 0.001347, 0.001493, 0.001205, 0.001344, 0.001383, 0.001410, 0.001330, 0.001350, 0.001565, 0.001531, 0.001326, 0.001525, 0.001430, 0.001577, 0.001457, 0.001367, 0.001076, 0.001359, 0.001532, 0.001250, 0.001307, 0.001082, 0.001277, 0.001078, 0.001333, 0.001089, 0.001228, 0.001103, 0.001254, 0.001164, 0.001307, 0.001175, 0.001224, 0.001103, 0.001154, 0.001150
8 , 2, 1, 1, 1, 1, 1, 1
8 , 0.000581, 0.000956, 0.002665, 0.003329, 0.006827, 0.005487, 0.006547
9 , 0.001244, 0.001121, 0.001314, 0.001112, 0.001112, 0.001357, 0.001347, 0.001493, 0.001205, 0.001344, 0.001383, 0.001410, 0.001330, 0.001350, 0.001565, 0.001531, 0.001326, 0.001525, 0.001430, 0.001577, 0.001457, 0.001367, 0.001076, 0.001359, 0.001532, 0.001250, 0.001307, 0.001082, 0.001277, 0.001078, 0.001333, 0.001089, 0.001228, 0.001103, 0.001254, 0.001164, 0.001307, 0.001175, 0.001224, 0.001103, 0.001154, 0.001150, 0.001231, 0.001175, 0.001238, 0.001159, 0.001330, 0.000444, 0.001219, 0.001158, 0.001307, 0.001185, 0.001257, 0.001297, 0.001241, 0.001536, 0.001360, 0.001463, 0.001403, 0.001347, 0.001592, 0.001350, 0.001509, 0.001297, 0.001317, 0.001536, 0.001344, 0.001383, 0.001205, 0.001489, 0.001250, 0.001761, 0.000240, 0.001719, 0.001567, 0.001589, 0.001485, 0.001361, 0.001408, 0.001429, 0.001399, 0.001460, 0.001417, 0.001417, 0.001330, 0.001503, 0.001351, 0.001459, 0.001269, 0.001450, 0.001351, 0.001524
9 , 2, 2, 2, 2, 2, 2, 2
9 , 0.002155, 0.004307, 0.004466, 0.005328, 0.004039, 0.006632, 0.006336
10 , 0.001185, 0.001257, 0.001297, 0.001241, 0.001536, 0.001360, 0.001463, 0.001403, 0.001347, 0.001592, 0.001350, 0.001509, 0.001297, 0.001317, 0.001536, 0.001344, 0.001383, 0.001205, 0.001489, 0.001250, 0.001761, 0.000240, 0.001719, 0.001567, 0.001589, 0.001485, 0.001361, 0.001408, 0.001429, 0.001399, 0.001460, 0.001417, 0.001417, 0.001330, 0.001503, 0.001351, 0.001459, 0.001269, 0.001450, 0.001351, 0.001524, 0.001325, 0.001476, 0.001391, 0.001253, 0.000555, 0.000943, 0.001033, 0.001218, 0.001138, 0.001364, 0.001158, 0.001287, 0.001221, 0.001162, 0.001400, 0.001188, 0.001324, 0.001301, 0.001456, 0.001564, 0.001368, 0.001523, 0.001512, 0.001661, 0.001537, 0.001420, 0.001674, 0.001701, 0.001592, 0.001807, 0.001004, 0.001071, 0.001299, 0.001241, 0.001281, 0.001192, 0.001327, 0.001062, 0.001283, 0.000957, 0.001273, 0.001024, 0.001259, 0.001185, 0.001283, 0.001120, 0.001296, 0.001145, 0.001324, 0.001288, 0.001343
10 , 3, 3, 1, 3, 1, 1, 1
10 , 0.002011, 0.002807, 0.003722, 0.005436, 0.004206, 0.004415, 0.005214
11 , 0.001138, 0.001364, 0.001158, 0.001287, 0.001221, 0.001162, 0.001400, 0.001188, 0.001324, 0.001301, 0.001456, 0.001564, 0.001368, 0.001523, 0.001512, 0.001661, 0.001537, 0.001420, 0.001674, 0.001701, 0.001592, 0.001807, 0.001004, 0.001071, 0.001299, 0.001241, 0.001281, 0.001192, 0.001327, 0.001062, 0.001283, 0.000957, 0.001273, 0.001024, 0.001259, 0.001185, 0.001283, 0.001120, 0.001296, 0.001145, 0.001324, 0.001288, 0.001343, 0.001270, 0.001373, 0.001404, 0.001386, 0.001287, 0.001489, 0.001351, 0.001407, 0.001424, 0.001442, 0.001489, 0.001489, 0.001498, 0.001299, 0.001446, 0.001386, 0.001429, 0.001356, 0.001478, 0.001314, 0.001391, 0.001258, 0.001329, 0.001151, 0.001489, 0.001226, 0.001293, 0.001126, 0.001305, 0.001191, 0.001259, 0.001032, 0.001308, 0.000992, 0.001222, 0.000932, 0.001206, 0.001134, 0.001262, 0.000948, 0.001202, 0.001124, 0.001405, 0.001062, 0.001211, 0.001065, 0.001265, 0.000991, 0.001262
11 , 1, 1, 1, 1, 1, 1, 1
11 , 0.006681, 0.007580, 0.008520, 0.009135, 0.008874, 0.007788, 0.007929
12 , 0.001351, 0.001407, 0.001424, 0.001442, 0.001489, 0.001489, 0.001498, 0.001299, 0.001446, 0.001386, 0.001429, 0.001356, 0.001478, 0.001314, 0.001391, 0.001258, 0.001329, 0.001151, 0.001489, 0.001226, 0.001293, 0.001126, 0.001305, 0.001191, 0.001259, 0.001032, 0.001308, 0.000992, 0.001222, 0.000932, 0.001206, 0.001134, 0.001262, 0.000948, 0.001202, 0.001124, 0.001405, 0.001062, 0.001211, 0.001065, 0.001265, 0.000991, 0.001262, 0.001169, 0.001268, 0.001115, 0.001386, 0.001187, 0.001312, 0.001228, 0.001240, 0.001175, 0.001361, 0.001238, 0.001243, 0.001237, 0.001332, 0.001370, 0.001427, 0.001376, 0.001345, 0.001315, 0.001385, 0.001291, 0.001085, 0.001108, 0.001222, 0.001157, 0.001075, 0.001131, 0.001034, 0.001208, 0.001159, 0.001275, 0.001115, 0.001178, 0.001129, 0.001310, 0.001059, 0.001224, 0.001154, 0.001313, 0.001104, 0.001268, 0.001120, 0.001219, 0.001061, 0.001282, 0.001082, 0.001368, 0.001099, 0.001284
12 , 1, 1, 1, 1, 1, 1, 1
12 , 0.007296, 0.006609, 0.006843, 0.005618, 0.005758, 0.005088, 0.005118
13 , 0.001386, 0.001187, 0.001312, 0.001228, 0.001240, 0.001175, 0.001361, 0.001238, 0.001243, 0.001237, 0.001332, 0.001370, 0.001427, 0.001376, 0.001345, 0.001315, 0.001385, 0.001291, 0.001085, 0.001108, 0.001222, 0.001157, 0.001075, 0.001131, 0.001034, 0.001208, 0.001159, 0.001275, 0.001115, 0.001178, 0.001129, 0.001310, 0.001059, 0.001224, 0.001154, 0.001313, 0.001104, 0.001268, 0.001120, 0.001219, 0.001061, 0.001282, 0.001082, 0.001368, 0.001099, 0.001284, 0.001162, 0.001340, 0.001157, 0.001438, 0.001173, 0.001333, 0.001143, 0.001429, 0.001169, 0.001391, 0.001183, 0.001394, 0.001186, 0.001388, 0.001352, 0.001503, 0.001209, 0.001434, 0.001334, 0.001425, 0.001256, 0.001477, 0.001338, 0.001429, 0.001356, 0.001464, 0.001029, 0.001396, 0.001314, 0.001332, 0.001267, 0.001345, 0.001311, 0.001278, 0.001225, 0.001327, 0.001263, 0.001272, 0.001246, 0.001323, 0.001270, 0.001379, 0.001293, 0.001302, 0.001303, 0.001338
13 , 1, 1, 1, 1, 1, 1, 1
13 , 0.002532, 0.002757, 0.002918, 0.003167, 0.002920, 0.002562, 0.002007
14 , 0.001438, 0.001173, 0.001333, 0.001143, 0.001429, 0.001169, 0.001391, 0.001183, 0.001394, 0.001186, 0.001388, 0.001352, 0.001503, 0.001209, 0.001434, 0.001334, 0.001425, 0.001256, 0.001477, 0.001338, 0.001429, 0.001356, 0.001464, 0.001029, 0.001396, 0.001314, 0.001332, 0.001267, 0.001345, 0.001311, 0.001278, 0.001225, 0.001327, 0.001263, 0.001272, 0.001246, 0.001323, 0.001270, 0.001379, 0.001293, 0.001302, 0.001303, 0.001338, 0.001259, 0.001178, 0.001226, 0.001127, 0.001097, 0.001157, 0.001236, 0.001356, 0.001375, 0.001194, 0.001440, 0.001219, 0.001256, 0.001115, 0.001224, 0.000988, 0.001176, 0.001051, 0.001151, 0.001013, 0.001383, 0.001083, 0.001253, 0.001039, 0.001289, 0.001073, 0.001229, 0.000964, 0.001164, 0.001045, 0.001296, 0.001164, 0.001428, 0.001198, 0.001307, 0.001108, 0.001444, 0.001217, 0.001472, 0.001216, 0.001415, 0.001232, 0.001397, 0.001272, 0.001480, 0.001254, 0.001327, 0.001090, 0.001401
14 , 2, 2, 2, 2, 2, 2, 2
14 , 0.001578, 0.002274, 0.002425, 0.003453, 0.003955, 0.004194, 0.004242
15 , 0.001194, 0.001440, 0.001219, 0.001256, 0.001115, 0.001224, 0.000988, 0.001176, 0.001051, 0.001151, 0.001013, 0.001383, 0.001083, 0.001253, 0.001039, 0.001289, 0.001073, 0.001229, 0.000964, 0.001164, 0.001045, 0.001296, 0.001164, 0.001428, 0.001198, 0.001307, 0.001108, 0.001444, 0.001217, 0.001472, 0.001216, 0.001415, 0.001232, 0.001397, 0.001272, 0.001480, 0.001254, 0.001327, 0.001090, 0.001401, 0.001340, 0.001445, 0.001181, 0.001518, 0.001444, 0.001380, 0.001232, 0.001350, 0.001241, 0.001496, 0.001308, 0.001400, 0.001245, 0.001370, 0.001310, 0.001412, 0.001291, 0.001419, 0.001261, 0.001286, 0.001351, 0.001358, 0.001198, 0.001233, 0.001273, 0.001322, 0.001222, 0.001289, 0.001198, 0.001273, 0.001268, 0.001263, 0.001282, 0.001307, 0.001303, 0.001321, 0.001382, 0.001286, 0.001291, 0.001175, 0.001254, 0.001154, 0.001248, 0.001229, 0.001232, 0.001132, 0.001268, 0.001238, 0.001241, 0.001246, 0.001376, 0.001126
15 , 3, 3, 3, 3, 3, 3, 3
15 , 0.004072, 0.004131, 0.004565, 0.004759, 0.004912, 0.005060, 0.005253
16 , 0.001245, 0.001370, 0.001310, 0.001412, 0.001291, 0.001419, 0.001261, 0.001286, 0.001351, 0.001358, 0.001198, 0.001233, 0.001273, 0.001322, 0.001222, 0.001289, 0.001198, 0.001273, 0.001268, 0.001263, 0.001282, 0.001307, 0.001303, 0.001321, 0.001382, 0.001286, 0.001291, 0.001175, 0.001254, 0.001154, 0.001248, 0.001229, 0.001232, 0.001132, 0.001268, 0.001238, 0.001241, 0.001246, 0.001376, 0.001126, 0.001240, 0.000999, 0.001245, 0.001119, 0.001220, 0.001080, 0.001210, 0.001072, 0.001202, 0.001008, 0.001340, 0.001066, 0.001363, 0.001150, 0.001412, 0.001199, 0.001433, 0.001263, 0.001448, 0.001373, 0.001550, 0.001222, 0.001481, 0.001273, 0.001558, 0.001411, 0.001528, 0.001421, 0.001477, 0.001404, 0.001551, 0.001266, 0.001465, 0.001275, 0.001462, 0.001164, 0.001424, 0.001270, 0.001417, 0.001295, 0.001477, 0.001420, 0.001515, 0.001450, 0.001524, 0.001433, 0.001554, 0.001321, 0.001455, 0.001442, 0.001511, 0.001424
16 , 2, 2, 2, 2, 2, 2, 2
16 , 0.004087, 0.003604, 0.003564, 0.003100, 0.003492, 0.003195, 0.003644
