0 , 0.001478, 0.001708, 0.001634, 0.001796, 0.001529, 0.001744, 0.001775, 0.001834, 0.001826, 0.001657, 0.001899, 0.001871, 0.001813, 0.001827, 0.001694, 0.001929, 0.001831, 0.001652, 0.001592, 0.001625, 0.001886, 0.001530, 0.002109, 0.000515, 0.000913, 0.001132, 0.001152, 0.001197, 0.001097, 0.001143, 0.001114, 0.001144, 0.000998, 0.001063, 0.001040, 0.001126, 0.001167, 0.001079, 0.001160, 0.001249, 0.001180, 0.001115, 0.001254, 0.001094, 0.001151, 0.001065, 0.001165, 0.001017, 0.001173, 0.000788, 0.001316, 0.001399, 0.001434, 0.001468, 0.001422, 0.001237, 0.001502, 0.001520, 0.001578, 0.001468, 0.001450, 0.001582, 0.001598, 0.001676, 0.001426, 0.001625, 0.001723, 0.001496, 0.001608, 0.001625, 0.001980, 0.001720, 0.001889, 0.001482, 0.000731, 0.000969, 0.001176, 0.001021, 0.001038, 0.001089, 0.001251, 0.001081, 0.001216, 0.001058, 0.001239, 0.001112, 0.001276, 0.000982, 0.001095, 0.000982, 0.001207, 0.000989
0 , 1, 1, 1, 1, 1, 1, 1
0 , 0.012516, 0.014510, 0.017855, 0.020219, 0.023120, 0.022808, 0.022952
1 , 0.001316, 0.001399, 0.001434, 0.001468, 0.001422, 0.001237, 0.001502, 0.001520, 0.001578, 0.001468, 0.001450, 0.001582, 0.001598, 0.001676, 0.001426, 0.001625, 0.001723, 0.001496, 0.001608, 0.001625, 0.001980, 0.001720, 0.001889, 0.001482, 0.000731, 0.000969, 0.001176, 0.001021, 0.001038, 0.001089, 0.001251, 0.001081, 0.001216, 0.001058, 0.001239, 0.001112, 0.001276, 0.000982, 0.001095, 0.000982, 0.001207, 0.000989, 0.001244, 0.001066, 0.001436, 0.001071, 0.001422, 0.000032, 0.001181, 0.001314, 0.001514, 0.001344, 0.001534, 0.001435, 0.001753, 0.001741, 0.001797, 0.001806, 0.001682, 0.001948, 0.001919, 0.001867, 0.001838, 0.001757, 0.001940, 0.001864, 0.001809, 0.001664, 0.001628, 0.001847, 0.001579, 0.001596, 0.001364, 0.001719, 0.000150, 0.001609, 0.001539, 0.001402, 0.001260, 0.001284, 0.001070, 0.001165, 0.001009, 0.001107, 0.001128, 0.000998, 0.001077, 0.001146, 0.001126, 0.001116, 0.001181, 0.001035
1 , 1, 1, 1, 1, 1, 1, 1
1 , 0.011854, 0.013354, 0.016512, 0.018442, 0.022928, 0.023882, 0.023584
2 , 0.001344, 0.001534, 0.001435, 0.001753, 0.001741, 0.001797, 0.001806, 0.001682, 0.001948, 0.001919, 0.001867, 0.001838, 0.001757, 0.001940, 0.001864, 0.001809, 0.001664, 0.001628, 0.001847, 0.001579, 0.001596, 0.001364, 0.001719, 0.000150, 0.001609, 0.001539, 0.001402, 0.001260, 0.001284, 0.001070, 0.001165, 0.001009, 0.001107, 0.001128, 0.000998, 0.001077, 0.001146, 0.001126, 0.001116, 0.001181, 0.001035, 0.001105, 0.000975, 0.001137, 0.000972, 0.001079, 0.000996, 0.001349, 0.000488, 0.000916, 0.001363, 0.001342, 0.001251, 0.001363, 0.001708, 0.001434, 0.001543, 0.001420, 0.001635, 0.001699, 0.001504, 0.001634, 0.001330, 0.001540, 0.001540, 0.001473, 0.001563, 0.001328, 0.001560, 0.001474, 0.001471, 0.001295, 0.001626, 0.000814, 0.001237, 0.001477, 0.001352, 0.001201, 0.001205, 0.001223, 0.001112, 0.001139, 0.000961, 0.001228, 0.001014, 0.001232, 0.000937, 0.001237, 0.000993, 0.001151, 0.000963, 0.001283
2 , 1, 1, 1, 1, 1, 1, 1
2 , 0.013989, 0.015991, 0.017696, 0.018578, 0.019606, 0.019429, 0.020018
3 , 0.001251, 0.001363, 0.001708, 0.001434, 0.001543, 0.001420, 0.001635, 0.001699, 0.001504, 0.001634, 0.001330, 0.001540, 0.001540, 0.001473, 0.001563, 0.001328, 0.001560, 0.001474, 0.001471, 0.001295, 0.001626, 0.000814, 0.001237, 0.001477, 0.001352, 0.001201, 0.001205, 0.001223, 0.001112, 0.001139, 0.000961, 0.001228, 0.001014, 0.001232, 0.000937, 0.001237, 0.000993, 0.001151, 0.000963, 0.001283, 0.000958, 0.001218, 0.000989, 0.001130, 0.000922, 0.000580, 0.001529, 0.001456, 0.001549, 0.001372, 0.001645, 0.001734, 0.001610, 0.001742, 0.001552, 0.001803, 0.001924, 0.001865, 0.001749, 0.001772, 0.001979, 0.001854, 0.001957, 0.001876, 0.001825, 0.002053, 0.001892, 0.001838, 0.001811, 0.001837, 0.000284, 0.001168, 0.001165, 0.001194, 0.001025, 0.001113, 0.000875, 0.001116, 0.001149, 0.001177, 0.001145, 0.001377, 0.001212, 0.001491, 0.001258, 0.001315, 0.001245, 0.001301, 0.001305, 0.001284, 0.001245, 0.001268
3 , 1, 1, 1, 1, 1, 1, 1
3 , 0.017630, 0.019797, 0.022953, 0.019481, 0.018968, 0.018736, 0.018113
4 , 0.001549, 0.001372, 0.001645, 0.001734, 0.001610, 0.001742, 0.001552, 0.001803, 0.001924, 0.001865, 0.001749, 0.001772, 0.001979, 0.001854, 0.001957, 0.001876, 0.001825, 0.002053, 0.001892, 0.001838, 0.001811, 0.001837, 0.000284, 0.001168, 0.001165, 0.001194, 0.001025, 0.001113, 0.000875, 0.001116, 0.001149, 0.001177, 0.001145, 0.001377, 0.001212, 0.001491, 0.001258, 0.001315, 0.001245, 0.001301, 0.001305, 0.001284, 0.001245, 0.001268, 0.001160, 0.001056, 0.001263, 0.000032, 0.001130, 0.001511, 0.001636, 0.001508, 0.001459, 0.001723, 0.001713, 0.001863, 0.001598, 0.001872, 0.002056, 0.001820, 0.001857, 0.001754, 0.001854, 0.001756, 0.001711, 0.001714, 0.001596, 0.001754, 0.001772, 0.001685, 0.001653, 0.001836, 0.000050, 0.001402, 0.001211, 0.001367, 0.001226, 0.001305, 0.001145, 0.001312, 0.001166, 0.001122, 0.001317, 0.001119, 0.001065, 0.000926, 0.001054, 0.000966, 0.001102, 0.000847, 0.000986, 0.000917
4 , 1, 1, 1, 1, 1, 1, 1
4 , 0.017714, 0.021188, 0.023552, 0.025633, 0.027110, 0.025104, 0.024362
5 , 0.001636, 0.001508, 0.001459, 0.001723, 0.001713, 0.001863, 0.001598, 0.001872, 0.002056, 0.001820, 0.001857, 0.001754, 0.001854, 0.001756, 0.001711, 0.001714, 0.001596, 0.001754, 0.001772, 0.001685, 0.001653, 0.001836, 0.000050, 0.001402, 0.001211, 0.001367, 0.001226, 0.001305, 0.001145, 0.001312, 0.001166, 0.001122, 0.001317, 0.001119, 0.001065, 0.000926, 0.001054, 0.000966, 0.001102, 0.000847, 0.000986, 0.000917, 0.001151, 0.000808, 0.001209, 0.000436, 0.001055, 0.001522, 0.001494, 0.001604, 0.001508, 0.001706, 0.001756, 0.001599, 0.001604, 0.001465, 0.001737, 0.001554, 0.001723, 0.001680, 0.001554, 0.001676, 0.001564, 0.001610, 0.001591, 0.001754, 0.001793, 0.001681, 0.001548, 0.001828, 0.000969, 0.001169, 0.001516, 0.001484, 0.001458, 0.001349, 0.001363, 0.001142, 0.001543, 0.001236, 0.001370, 0.001133, 0.001526, 0.001280, 0.001474, 0.001266, 0.001405, 0.001185, 0.001362, 0.001189, 0.001488, 0.001284
5 , 1, 1, 1, 1, 1, 1, 1
5 , 0.015222, 0.018050, 0.021521, 0.022225, 0.018668, 0.018891, 0.018330
6 , 0.001604, 0.001508, 0.001706, 0.001756, 0.001599, 0.001604, 0.001465, 0.001737, 0.001554, 0.001723, 0.001680, 0.001554, 0.001676, 0.001564, 0.001610, 0.001591, 0.001754, 0.001793, 0.001681, 0.001548, 0.001828, 0.000969, 0.001169, 0.001516, 0.001484, 0.001458, 0.001349, 0.001363, 0.001142, 0.001543, 0.001236, 0.001370, 0.001133, 0.001526, 0.001280, 0.001474, 0.001266, 0.001405, 0.001185, 0.001362, 0.001189, 0.001488, 0.001284, 0.001316, 0.001117, 0.001285, 0.001168, 0.000488, 0.001161, 0.001338, 0.001412, 0.001399, 0.001438, 0.001683, 0.001506, 0.001706, 0.001500, 0.001728, 0.001714, 0.001598, 0.001776, 0.001451, 0.001702, 0.001779, 0.001714, 0.001774, 0.001577, 0.001864, 0.001873, 0.001870, 0.001763, 0.001474, 0.000562, 0.001278, 0.001091, 0.001179, 0.001054, 0.001150, 0.000945, 0.001129, 0.000965, 0.001097, 0.001017, 0.001133, 0.001087, 0.001117, 0.001008, 0.000978, 0.001043, 0.000998, 0.001179, 0.001084
6 , 1, 1, 1, 1, 1, 1, 1
6 , 0.012412, 0.014968, 0.017090, 0.017642, 0.019123, 0.018484, 0.018385
7 , 0.001412, 0.001399, 0.001438, 0.001683, 0.001506, 0.001706, 0.001500, 0.001728, 0.001714, 0.001598, 0.001776, 0.001451, 0.001702, 0.001779, 0.001714, 0.001774, 0.001577, 0.001864, 0.001873, 0.001870, 0.001763, 0.001474, 0.000562, 0.001278, 0.001091, 0.001179, 0.001054, 0.001150, 0.000945, 0.001129, 0.000965, 0.001097, 0.001017, 0.001133, 0.001087, 0.001117, 0.001008, 0.000978, 0.001043, 0.000998, 0.001179, 0.001084, 0.001225, 0.000965, 0.001244, 0.000061, 0.001096, 0.001477, 0.001519, 0.001461, 0.001216, 0.001594, 0.001486, 0.001450, 0.001259, 0.001206, 0.001457, 0.001270, 0.001198, 0.001058, 0.001115, 0.001195, 0.001034, 0.001005, 0.000897, 0.001010, 0.001028, 0.000883, 0.000957, 0.001075, 0.000493, 0.001985, 0.001853, 0.001843, 0.001635, 0.001562, 0.001671, 0.001415, 0.001440, 0.001232, 0.001387, 0.001150, 0.001290, 0.001186, 0.001352, 0.000982, 0.001364, 0.001074, 0.001311, 0.001008, 0.001086, 0.000946
7 , 2, 2, 2, 2, 2, 2, 2
7 , 0.013492, 0.015838, 0.017139, 0.018709, 0.015530, 0.013850, 0.011999
8 , 0.001461, 0.001216, 0.001594, 0.001486, 0.001450, 0.001259, 0.001206, 0.001457, 0.001270, 0.001198, 0.001058, 0.001115, 0.001195, 0.001034, 0.001005, 0.000897, 0.001010, 0.001028, 0.000883, 0.000957, 0.001075, 0.000493, 0.001985, 0.001853, 0.001843, 0.001635, 0.001562, 0.001671, 0.001415, 0.001440, 0.001232, 0.001387, 0.001150, 0.001290, 0.001186, 0.001352, 0.000982, 0.001364, 0.001074, 0.001311, 0.001008, 0.001086, 0.000946, 0.001081, 0.000869, 0.001092, 0.000371, 0.001055, 0.001523, 0.001626, 0.001663, 0.001527, 0.001536, 0.001816, 0.001721, 0.001802, 0.001559, 0.001786, 0.001785, 0.001652, 0.001777, 0.001580, 0.001905, 0.001785, 0.001645, 0.001606, 0.001465, 0.001742, 0.001674, 0.001714, 0.001822, 0.000633, 0.001044, 0.001411, 0.001286, 0.001420, 0.000975, 0.001260, 0.001056, 0.001255, 0.001119, 0.001189, 0.001115, 0.001288, 0.001196, 0.001312, 0.001208, 0.001364, 0.001263, 0.001289, 0.001241, 0.001276
8 , 3, 3, 3, 3, 3, 3, 1
8 , 0.007761, 0.009002, 0.010517, 0.013418, 0.010926, 0.009170, 0.008679
9 , 0.001626, 0.001663, 0.001527, 0.001536, 0.001816, 0.001721, 0.001802, 0.001559, 0.001786, 0.001785, 0.001652, 0.001777, 0.001580, 0.001905, 0.001785, 0.001645, 0.001606, 0.001465, 0.001742, 0.001674, 0.001714, 0.001822, 0.000633, 0.001044, 0.001411, 0.001286, 0.001420, 0.000975, 0.001260, 0.001056, 0.001255, 0.001119, 0.001189, 0.001115, 0.001288, 0.001196, 0.001312, 0.001208, 0.001364, 0.001263, 0.001289, 0.001241, 0.001276, 0.001249, 0.001353, 0.001302, 0.000445, 0.001209, 0.001282, 0.001218, 0.001364, 0.001246, 0.001465, 0.001424, 0.001534, 0.001610, 0.001463, 0.001678, 0.001500, 0.001699, 0.001658, 0.001530, 0.001729, 0.001605, 0.001776, 0.001561, 0.001582, 0.001634, 0.001511, 0.001660, 0.001499, 0.001656, 0.001611, 0.000770, 0.001518, 0.001489, 0.001305, 0.001152, 0.001137, 0.001131, 0.001409, 0.001228, 0.001341, 0.001133, 0.001302, 0.001017, 0.001295, 0.001121, 0.001316, 0.001232, 0.001281, 0.001112
9 , 1, 1, 1, 1, 1, 1, 1
9 , 0.010536, 0.012597, 0.014405, 0.017522, 0.016708, 0.016700, 0.015783
10 , 0.001218, 0.001364, 0.001246, 0.001465, 0.001424, 0.001534, 0.001610, 0.001463, 0.001678, 0.001500, 0.001699, 0.001658, 0.001530, 0.001729, 0.001605, 0.001776, 0.001561, 0.001582, 0.001634, 0.001511, 0.001660, 0.001499, 0.001656, 0.001611, 0.000770, 0.001518, 0.001489, 0.001305, 0.001152, 0.001137, 0.001131, 0.001409, 0.001228, 0.001341, 0.001133, 0.001302, 0.001017, 0.001295, 0.001121, 0.001316, 0.001232, 0.001281, 0.001112, 0.001346, 0.001091, 0.001316, 0.001014, 0.001253, 0.001023, 0.001232, 0.001093, 0.001283, 0.001153, 0.001216, 0.001112, 0.001265, 0.001091, 0.001114, 0.000968, 0.001184, 0.000978, 0.001119, 0.000978, 0.000978, 0.001089, 0.001208, 0.001144, 0.001135, 0.001056, 0.001190, 0.001235, 0.001149, 0.001244, 0.000993, 0.001295, 0.001165, 0.001167, 0.001063, 0.001158, 0.001040, 0.001235, 0.001091, 0.001209, 0.001100, 0.001325, 0.001077, 0.001237, 0.001059, 0.001235, 0.001028, 0.001274, 0.001174
10 , 2, 2, 2, 2, 2, 2, 2
10 , 0.004475, 0.005969, 0.006973, 0.007394, 0.008552, 0.008899, 0.008560
11 , 0.001283, 0.001153, 0.001216, 0.001112, 0.001265, 0.001091, 0.001114, 0.000968, 0.001184, 0.000978, 0.001119, 0.000978, 0.000978, 0.001089, 0.001208, 0.001144, 0.001135, 0.001056, 0.001190, 0.001235, 0.001149, 0.001244, 0.000993, 0.001295, 0.001165, 0.001167, 0.001063, 0.001158, 0.001040, 0.001235, 0.001091, 0.001209, 0.001100, 0.001325, 0.001077, 0.001237, 0.001059, 0.001235, 0.001028, 0.001274, 0.001174, 0.001362, 0.000977, 0.001353, 0.001158, 0.001353, 0.001107, 0.001367, 0.001123, 0.001390, 0.001070, 0.001265, 0.001042, 0.001216, 0.001067, 0.001311, 0.001188, 0.001274, 0.001248, 0.001404, 0.001144, 0.001304, 0.001304, 0.001318, 0.001084, 0.001279, 0.001139, 0.001276, 0.001154, 0.001391, 0.001300, 0.001184, 0.001291, 0.001317, 0.001312, 0.001380, 0.001316, 0.001269, 0.001308, 0.001243, 0.001247, 0.001235, 0.001379, 0.001349, 0.001267, 0.001209, 0.001406, 0.001119, 0.001265, 0.001061, 0.001198, 0.001073
11 , 0, 0, 0, 0, 0, 0, 0
11 , 0.002143, 0.001766, 0.001823, 0.001114, 0.002084, 0.001387, 0.001664
12 , 0.001107, 0.001367, 0.001123, 0.001390, 0.001070, 0.001265, 0.001042, 0.001216, 0.001067, 0.001311, 0.001188, 0.001274, 0.001248, 0.001404, 0.001144, 0.001304, 0.001304, 0.001318, 0.001084, 0.001279, 0.001139, 0.001276, 0.001154, 0.001391, 0.001300, 0.001184, 0.001291, 0.001317, 0.001312, 0.001380, 0.001316, 0.001269, 0.001308, 0.001243, 0.001247, 0.001235, 0.001379, 0.001349, 0.001267, 0.001209, 0.001406, 0.001119, 0.001265, 0.001061, 0.001198, 0.001073, 0.001308, 0.001075, 0.001244, 0.001105, 0.001140, 0.001086, 0.001321, 0.001118, 0.001325, 0.001047, 0.001305, 0.001174, 0.001459, 0.001216, 0.001402, 0.001280, 0.001483, 0.001271, 0.001488, 0.001237, 0.001393, 0.001189, 0.001453, 0.001289, 0.001449, 0.001263, 0.001329, 0.001251, 0.001507, 0.001201, 0.001341, 0.001070, 0.001313, 0.001167, 0.001348, 0.001235, 0.001262, 0.001128, 0.001267, 0.001107, 0.001216, 0.001202, 0.001304, 0.001121, 0.001297, 0.001124
12 , 0, 3, 3, 3, 3, 3, 3
12 , 0.001372, 0.000896, 0.001056, 0.001630, 0.001522, 0.001523, 0.001276
13 , 0.001105, 0.001140, 0.001086, 0.001321, 0.001118, 0.001325, 0.001047, 0.001305, 0.001174, 0.001459, 0.001216, 0.001402, 0.001280, 0.001483, 0.001271, 0.001488, 0.001237, 0.001393, 0.001189, 0.001453, 0.001289, 0.001449, 0.001263, 0.001329, 0.001251, 0.001507, 0.001201, 0.001341, 0.001070, 0.001313, 0.001167, 0.001348, 0.001235, 0.001262, 0.001128, 0.001267, 0.001107, 0.001216, 0.001202, 0.001304, 0.001121, 0.001297, 0.001124, 0.001433, 0.001242, 0.001271, 0.001314, 0.001357, 0.001284, 0.001361, 0.001418, 0.001443, 0.001526, 0.001565, 0.001492, 0.001544, 0.001535, 0.001374, 0.001435, 0.001392, 0.001418, 0.001284, 0.001419, 0.001343, 0.001399, 0.001130, 0.001143, 0.001040, 0.000997, 0.000867, 0.000958, 0.000754, 0.000788, 0.000530, 0.000735, 0.000533, 0.000622, 0.000367, 0.000461, 0.000293, 0.000429, 0.000159, 0.000559, 0.000406, 0.000567, 0.000348, 0.000622, 0.000560, 0.000787, 0.000576, 0.000913, 0.000776
13 , 3, 3, 3, 1, 1, 1, 1
13 , 0.017661, 0.017481, 0.016798, 0.016853, 0.016025, 0.015536, 0.013991
14 , 0.001314, 0.001357, 0.001284, 0.001361, 0.001418, 0.001443, 0.001526, 0.001565, 0.001492, 0.001544, 0.001535, 0.001374, 0.001435, 0.001392, 0.001418, 0.001284, 0.001419, 0.001343, 0.001399, 0.001130, 0.001143, 0.001040, 0.000997, 0.000867, 0.000958, 0.000754, 0.000788, 0.000530, 0.000735, 0.000533, 0.000622, 0.000367, 0.000461, 0.000293, 0.000429, 0.000159, 0.000559, 0.000406, 0.000567, 0.000348, 0.000622, 0.000560, 0.000787, 0.000576, 0.000913, 0.000776, 0.001043, 0.001016, 0.001298, 0.001002, 0.001272, 0.001148, 0.001492, 0.001439, 0.001599, 0.001334, 0.001611, 0.001536, 0.001776, 0.001529, 0.001775, 0.001475, 0.001654, 0.001438, 0.001669, 0.001609, 0.001625, 0.001512, 0.001699, 0.001421, 0.001484, 0.001420, 0.001552, 0.001452, 0.001482, 0.001284, 0.001366, 0.001186, 0.001260, 0.001234, 0.001344, 0.001211, 0.001290, 0.001183, 0.001230, 0.001054, 0.001094, 0.000989, 0.001163, 0.001212, 0.001228, 0.001177
14 , 1, 1, 1, 1, 1, 1, 1
14 , 0.020759, 0.021945, 0.023050, 0.023564, 0.023780, 0.023397, 0.023685
15 , 0.001272, 0.001148, 0.001492, 0.001439, 0.001599, 0.001334, 0.001611, 0.001536, 0.001776, 0.001529, 0.001775, 0.001475, 0.001654, 0.001438, 0.001669, 0.001609, 0.001625, 0.001512, 0.001699, 0.001421, 0.001484, 0.001420, 0.001552, 0.001452, 0.001482, 0.001284, 0.001366, 0.001186, 0.001260, 0.001234, 0.001344, 0.001211, 0.001290, 0.001183, 0.001230, 0.001054, 0.001094, 0.000989, 0.001163, 0.001212, 0.001228, 0.001177, 0.001272, 0.001267, 0.001244, 0.001365, 0.001442, 0.001355, 0.001293, 0.001466, 0.001478, 0.001491, 0.001344, 0.001573, 0.001422, 0.001530, 0.001478, 0.001452, 0.001465, 0.001439, 0.001405, 0.001513, 0.001288, 0.001470, 0.001301, 0.001514, 0.001302, 0.001294, 0.001221, 0.001356, 0.001214, 0.001471, 0.001239, 0.001300, 0.000903, 0.001197, 0.000919, 0.001079, 0.000787, 0.000972, 0.000796, 0.001058, 0.000817, 0.000993, 0.000812, 0.000997, 0.000661, 0.001077, 0.000897, 0.001154, 0.001018, 0.001260
15 , 1, 1, 1, 1, 1, 1, 1
15 , 0.012809, 0.013434, 0.014068, 0.014189, 0.015174, 0.015475, 0.015528
16 , 0.001344, 0.001573, 0.001422, 0.001530, 0.001478, 0.001452, 0.001465, 0.001439, 0.001405, 0.001513, 0.001288, 0.001470, 0.001301, 0.001514, 0.001302, 0.001294, 0.001221, 0.001356, 0.001214, 0.001471, 0.001239, 0.001300, 0.000903, 0.001197, 0.000919, 0.001079, 0.000787, 0.000972, 0.000796, 0.001058, 0.000817, 0.000993, 0.000812, 0.000997, 0.000661, 0.001077, 0.000897, 0.001154, 0.001018, 0.001260, 0.001081, 0.001347, 0.001087, 0.001268, 0.001151, 0.001304, 0.001189, 0.001447, 0.001281, 0.001441, 0.001168, 0.001586, 0.001435, 0.001534, 0.001452, 0.001521, 0.001370, 0.001474, 0.001370, 0.001448, 0.001336, 0.001577, 0.001361, 0.001430, 0.001366, 0.001469, 0.001504, 0.001573, 0.001375, 0.001573, 0.001293, 0.001414, 0.001375, 0.001444, 0.001328, 0.001384, 0.001332, 0.001453, 0.001353, 0.001470, 0.001410, 0.001435, 0.001402, 0.001423, 0.001372, 0.001316, 0.001441, 0.001467, 0.001420, 0.001299, 0.001394, 0.001389
16 , 1, 1, 1, 1, 1, 1, 1
16 , 0.009135, 0.009760, 0.009905, 0.009832, 0.008959, 0.008689, 0.007711
