0 , 0.001476, 0.001502, 0.001489, 0.001273, 0.001442, 0.001347, 0.001476, 0.001239, 0.001416, 0.001218, 0.001365, 0.001219, 0.001533, 0.001001, 0.001305, 0.001024, 0.001261, 0.001031, 0.001284, 0.001126, 0.001187, 0.001131, 0.000263, 0.001411, 0.001439, 0.001503, 0.001397, 0.001537, 0.001442, 0.001715, 0.001521, 0.001505, 0.001659, 0.001533, 0.001588, 0.001337, 0.001513, 0.001609, 0.001549, 0.001561, 0.001421, 0.001568, 0.001552, 0.001572, 0.001638, 0.001361, 0.001873, 0.000337, 0.001422, 0.001201, 0.001389, 0.001008, 0.001159, 0.001055, 0.001238, 0.000948, 0.001173, 0.001085, 0.001275, 0.001140, 0.001189, 0.001085, 0.001129, 0.000969, 0.001062, 0.000956, 0.001005, 0.001045, 0.000878, 0.001089, 0.000156, 0.001190, 0.001414, 0.001504, 0.001459, 0.001540, 0.001598, 0.001529, 0.001617, 0.001299, 0.001673, 0.001561, 0.001529, 0.001563, 0.001540, 0.001668, 0.001419, 0.001529, 0.001410, 0.001309, 0.001757, 0.001504
0 , 0, 0, 0, 0, 0, 0, 0
0 , 0.007641, 0.009515, 0.011077, 0.015341, 0.016353, 0.016477, 0.016396
1 , 0.001008, 0.001159, 0.001055, 0.001238, 0.000948, 0.001173, 0.001085, 0.001275, 0.001140, 0.001189, 0.001085, 0.001129, 0.000969, 0.001062, 0.000956, 0.001005, 0.001045, 0.000878, 0.001089, 0.000156, 0.001190, 0.001414, 0.001504, 0.001459, 0.001540, 0.001598, 0.001529, 0.001617, 0.001299, 0.001673, 0.001561, 0.001529, 0.001563, 0.001540, 0.001668, 0.001419, 0.001529, 0.001410, 0.001309, 0.001757, 0.001504, 0.001771, 0.001428, 0.001915, 0.000579, 0.001435, 0.001370, 0.001470, 0.001259, 0.001194, 0.001122, 0.001298, 0.001203, 0.001031, 0.001363, 0.001098, 0.001289, 0.001113, 0.001205, 0.001090, 0.001357, 0.001054, 0.001296, 0.001192, 0.001381, 0.001238, 0.001415, 0.001312, 0.001545, 0.000997, 0.000411, 0.001051, 0.001087, 0.001101, 0.000965, 0.001349, 0.001249, 0.001342, 0.001374, 0.001301, 0.001450, 0.001330, 0.001570, 0.001307, 0.001419, 0.001634, 0.001473, 0.001578, 0.001456, 0.001566, 0.001647, 0.001528
1 , 0, 0, 0, 0, 0, 0, 0
1 , 0.010007, 0.010752, 0.012095, 0.014102, 0.014563, 0.014817, 0.014285
2 , 0.001298, 0.001203, 0.001031, 0.001363, 0.001098, 0.001289, 0.001113, 0.001205, 0.001090, 0.001357, 0.001054, 0.001296, 0.001192, 0.001381, 0.001238, 0.001415, 0.001312, 0.001545, 0.000997, 0.000411, 0.001051, 0.001087, 0.001101, 0.000965, 0.001349, 0.001249, 0.001342, 0.001374, 0.001301, 0.001450, 0.001330, 0.001570, 0.001307, 0.001419, 0.001634, 0.001473, 0.001578, 0.001456, 0.001566, 0.001647, 0.001528, 0.001624, 0.001671, 0.001306, 0.000888, 0.001548, 0.001421, 0.001322, 0.001222, 0.001283, 0.001085, 0.001343, 0.001007, 0.001232, 0.000900, 0.001105, 0.001021, 0.001311, 0.000942, 0.001102, 0.001062, 0.001162, 0.001043, 0.001183, 0.001038, 0.001051, 0.001219, 0.000116, 0.001289, 0.001369, 0.001417, 0.001309, 0.001334, 0.001398, 0.001312, 0.001468, 0.001246, 0.001309, 0.001415, 0.001279, 0.001286, 0.001153, 0.001365, 0.001399, 0.001246, 0.001405, 0.001216, 0.001488, 0.001232, 0.001351, 0.001430, 0.001385
2 , 0, 0, 0, 0, 0, 0, 0
2 , 0.008069, 0.009054, 0.009934, 0.010274, 0.010977, 0.011720, 0.010603
3 , 0.001343, 0.001007, 0.001232, 0.000900, 0.001105, 0.001021, 0.001311, 0.000942, 0.001102, 0.001062, 0.001162, 0.001043, 0.001183, 0.001038, 0.001051, 0.001219, 0.000116, 0.001289, 0.001369, 0.001417, 0.001309, 0.001334, 0.001398, 0.001312, 0.001468, 0.001246, 0.001309, 0.001415, 0.001279, 0.001286, 0.001153, 0.001365, 0.001399, 0.001246, 0.001405, 0.001216, 0.001488, 0.001232, 0.001351, 0.001430, 0.001385, 0.001579, 0.001694, 0.000781, 0.001688, 0.001412, 0.001342, 0.001312, 0.001231, 0.001156, 0.001256, 0.001017, 0.001136, 0.001082, 0.001073, 0.001045, 0.001300, 0.001140, 0.001405, 0.001161, 0.001342, 0.001134, 0.001410, 0.001119, 0.001440, 0.001205, 0.001347, 0.001364, 0.000803, 0.000792, 0.001265, 0.001110, 0.001357, 0.001261, 0.001188, 0.001462, 0.001300, 0.001629, 0.001370, 0.001503, 0.001308, 0.001308, 0.001458, 0.001401, 0.001438, 0.001308, 0.001308, 0.001391, 0.001351, 0.001434, 0.001259, 0.001314
3 , 0, 0, 0, 0, 0, 0, 0
3 , 0.006607, 0.008199, 0.009362, 0.009246, 0.009987, 0.008264, 0.008220
4 , 0.001256, 0.001017, 0.001136, 0.001082, 0.001073, 0.001045, 0.001300, 0.001140, 0.001405, 0.001161, 0.001342, 0.001134, 0.001410, 0.001119, 0.001440, 0.001205, 0.001347, 0.001364, 0.000803, 0.000792, 0.001265, 0.001110, 0.001357, 0.001261, 0.001188, 0.001462, 0.001300, 0.001629, 0.001370, 0.001503, 0.001308, 0.001308, 0.001458, 0.001401, 0.001438, 0.001308, 0.001308, 0.001391, 0.001351, 0.001434, 0.001259, 0.001314, 0.001791, 0.000147, 0.001869, 0.001536, 0.001527, 0.001433, 0.001601, 0.001251, 0.001519, 0.001247, 0.001458, 0.001260, 0.001554, 0.001286, 0.001502, 0.001312, 0.001489, 0.001407, 0.001597, 0.001320, 0.001596, 0.001429, 0.001624, 0.001662, 0.001511, 0.000010, 0.000783, 0.000470, 0.000590, 0.000668, 0.000620, 0.000745, 0.000637, 0.000791, 0.000647, 0.000617, 0.000651, 0.000413, 0.000627, 0.000560, 0.000577, 0.000536, 0.000413, 0.000771, 0.000630, 0.000714, 0.000769, 0.000475, 0.000834, 0.000726
4 , 3, 3, 3, 3, 3, 3, 3
4 , 0.019775, 0.020593, 0.019400, 0.018790, 0.016936, 0.014641, 0.013032
5 , 0.001433, 0.001601, 0.001251, 0.001519, 0.001247, 0.001458, 0.001260, 0.001554, 0.001286, 0.001502, 0.001312, 0.001489, 0.001407, 0.001597, 0.001320, 0.001596, 0.001429, 0.001624, 0.001662, 0.001511, 0.000010, 0.000783, 0.000470, 0.000590, 0.000668, 0.000620, 0.000745, 0.000637, 0.000791, 0.000647, 0.000617, 0.000651, 0.000413, 0.000627, 0.000560, 0.000577, 0.000536, 0.000413, 0.000771, 0.000630, 0.000714, 0.000769, 0.000475, 0.000834, 0.000726, 0.001732, 0.002031, 0.001860, 0.001733, 0.001563, 0.001523, 0.001432, 0.001299, 0.001339, 0.001217, 0.001279, 0.001296, 0.001180, 0.001185, 0.001169, 0.001283, 0.001061, 0.001155, 0.001029, 0.001044, 0.000954, 0.001114, 0.000951, 0.001039, 0.001101, 0.000027, 0.001291, 0.001330, 0.001232, 0.001417, 0.001334, 0.001309, 0.001389, 0.001284, 0.001510, 0.001297, 0.001430, 0.001343, 0.001301, 0.001424, 0.001249, 0.001553, 0.001343, 0.001347, 0.001516, 0.001318, 0.001366
5 , 1, 1, 1, 2, 2, 2, 2
5 , 0.021023, 0.021285, 0.017188, 0.018384, 0.016678, 0.014903, 0.014162
6 , 0.001860, 0.001733, 0.001563, 0.001523, 0.001432, 0.001299, 0.001339, 0.001217, 0.001279, 0.001296, 0.001180, 0.001185, 0.001169, 0.001283, 0.001061, 0.001155, 0.001029, 0.001044, 0.000954, 0.001114, 0.000951, 0.001039, 0.001101, 0.000027, 0.001291, 0.001330, 0.001232, 0.001417, 0.001334, 0.001309, 0.001389, 0.001284, 0.001510, 0.001297, 0.001430, 0.001343, 0.001301, 0.001424, 0.001249, 0.001553, 0.001343, 0.001347, 0.001516, 0.001318, 0.001366, 0.001369, 0.001305, 0.001639, 0.000549, 0.001739, 0.001589, 0.001671, 0.001304, 0.001420, 0.001187, 0.001494, 0.001140, 0.001370, 0.001278, 0.001576, 0.001330, 0.001439, 0.001136, 0.001465, 0.001222, 0.001489, 0.001291, 0.001343, 0.001165, 0.001438, 0.001437, 0.000791, 0.000819, 0.001074, 0.000991, 0.000981, 0.001160, 0.001140, 0.001200, 0.001061, 0.001250, 0.001339, 0.001220, 0.001216, 0.001061, 0.001226, 0.001137, 0.001107, 0.001160, 0.001150, 0.001309, 0.001156
6 , 1, 1, 1, 3, 3, 3, 3
6 , 0.006378, 0.006326, 0.005326, 0.006213, 0.006164, 0.008092, 0.008055
7 , 0.001671, 0.001304, 0.001420, 0.001187, 0.001494, 0.001140, 0.001370, 0.001278, 0.001576, 0.001330, 0.001439, 0.001136, 0.001465, 0.001222, 0.001489, 0.001291, 0.001343, 0.001165, 0.001438, 0.001437, 0.000791, 0.000819, 0.001074, 0.000991, 0.000981, 0.001160, 0.001140, 0.001200, 0.001061, 0.001250, 0.001339, 0.001220, 0.001216, 0.001061, 0.001226, 0.001137, 0.001107, 0.001160, 0.001150, 0.001309, 0.001156, 0.001289, 0.001388, 0.001167, 0.001775, 0.000376, 0.001636, 0.001554, 0.001593, 0.001430, 0.001439, 0.001244, 0.001456, 0.001365, 0.001262, 0.001296, 0.001379, 0.001335, 0.001279, 0.001270, 0.001309, 0.001326, 0.001335, 0.001301, 0.001311, 0.001398, 0.001203, 0.001317, 0.001187, 0.001437, 0.001002, 0.000498, 0.001241, 0.001300, 0.001208, 0.001218, 0.001403, 0.001305, 0.001337, 0.001300, 0.001520, 0.001291, 0.001437, 0.001387, 0.001334, 0.001593, 0.001488, 0.001561, 0.001494, 0.001378, 0.001611, 0.001433
7 , 1, 2, 1, 2, 2, 2, 2
7 , 0.005455, 0.005262, 0.005582, 0.003319, 0.004339, 0.003907, 0.003307
8 , 0.001593, 0.001430, 0.001439, 0.001244, 0.001456, 0.001365, 0.001262, 0.001296, 0.001379, 0.001335, 0.001279, 0.001270, 0.001309, 0.001326, 0.001335, 0.001301, 0.001311, 0.001398, 0.001203, 0.001317, 0.001187, 0.001437, 0.001002, 0.000498, 0.001241, 0.001300, 0.001208, 0.001218, 0.001403, 0.001305, 0.001337, 0.001300, 0.001520, 0.001291, 0.001437, 0.001387, 0.001334, 0.001593, 0.001488, 0.001561, 0.001494, 0.001378, 0.001611, 0.001433, 0.001539, 0.001372, 0.001458, 0.001278, 0.001166, 0.001667, 0.001597, 0.001510, 0.001372, 0.001519, 0.001325, 0.001467, 0.001307, 0.001476, 0.001281, 0.001584, 0.001251, 0.001480, 0.001398, 0.001627, 0.001429, 0.001671, 0.001345, 0.001582, 0.001468, 0.001620, 0.001652, 0.000471, 0.000623, 0.000871, 0.000995, 0.000776, 0.001123, 0.001057, 0.001238, 0.001068, 0.001138, 0.001402, 0.001142, 0.001297, 0.001120, 0.001275, 0.001392, 0.001415, 0.001372, 0.001256, 0.001465, 0.001613
8 , 3, 1, 3, 3, 3, 3, 3
8 , 0.006411, 0.006865, 0.006872, 0.007241, 0.006398, 0.006636, 0.006112
9 , 0.001667, 0.001597, 0.001510, 0.001372, 0.001519, 0.001325, 0.001467, 0.001307, 0.001476, 0.001281, 0.001584, 0.001251, 0.001480, 0.001398, 0.001627, 0.001429, 0.001671, 0.001345, 0.001582, 0.001468, 0.001620, 0.001652, 0.000471, 0.000623, 0.000871, 0.000995, 0.000776, 0.001123, 0.001057, 0.001238, 0.001068, 0.001138, 0.001402, 0.001142, 0.001297, 0.001120, 0.001275, 0.001392, 0.001415, 0.001372, 0.001256, 0.001465, 0.001613, 0.001374, 0.001442, 0.001222, 0.001800, 0.000155, 0.001577, 0.001457, 0.001440, 0.001210, 0.001212, 0.001031, 0.001210, 0.001057, 0.001221, 0.001096, 0.001143, 0.001175, 0.001270, 0.001194, 0.001182, 0.001238, 0.001333, 0.001194, 0.001175, 0.001273, 0.001273, 0.001374, 0.001253, 0.001549, 0.000701, 0.000557, 0.000935, 0.001127, 0.001024, 0.001091, 0.001326, 0.001213, 0.001240, 0.001057, 0.001325, 0.001382, 0.001186, 0.001316, 0.001133, 0.001339, 0.001339, 0.001266, 0.001319, 0.001295
9 , 1, 1, 1, 1, 1, 2, 2
9 , 0.006132, 0.006007, 0.006954, 0.006705, 0.007131, 0.003783, 0.004350
10 , 0.001440, 0.001210, 0.001212, 0.001031, 0.001210, 0.001057, 0.001221, 0.001096, 0.001143, 0.001175, 0.001270, 0.001194, 0.001182, 0.001238, 0.001333, 0.001194, 0.001175, 0.001273, 0.001273, 0.001374, 0.001253, 0.001549, 0.000701, 0.000557, 0.000935, 0.001127, 0.001024, 0.001091, 0.001326, 0.001213, 0.001240, 0.001057, 0.001325, 0.001382, 0.001186, 0.001316, 0.001133, 0.001339, 0.001339, 0.001266, 0.001319, 0.001295, 0.001636, 0.001442, 0.001450, 0.001307, 0.001696, 0.000805, 0.001437, 0.001551, 0.001507, 0.001365, 0.001277, 0.001403, 0.001256, 0.001352, 0.001277, 0.001356, 0.001213, 0.001356, 0.001161, 0.001424, 0.001232, 0.001629, 0.001266, 0.001568, 0.001265, 0.001506, 0.001351, 0.001657, 0.001240, 0.000218, 0.000974, 0.000925, 0.001051, 0.001021, 0.001210, 0.001021, 0.001266, 0.001137, 0.001140, 0.001458, 0.001249, 0.001527, 0.001252, 0.001351, 0.001504, 0.001246, 0.001424, 0.001295, 0.001404, 0.001404
10 , 3, 1, 1, 1, 3, 3, 3
10 , 0.004251, 0.004226, 0.004452, 0.003776, 0.002682, 0.003301, 0.003272
11 , 0.001437, 0.001551, 0.001507, 0.001365, 0.001277, 0.001403, 0.001256, 0.001352, 0.001277, 0.001356, 0.001213, 0.001356, 0.001161, 0.001424, 0.001232, 0.001629, 0.001266, 0.001568, 0.001265, 0.001506, 0.001351, 0.001657, 0.001240, 0.000218, 0.000974, 0.000925, 0.001051, 0.001021, 0.001210, 0.001021, 0.001266, 0.001137, 0.001140, 0.001458, 0.001249, 0.001527, 0.001252, 0.001351, 0.001504, 0.001246, 0.001424, 0.001295, 0.001404, 0.001404, 0.001272, 0.001424, 0.001222, 0.001266, 0.001527, 0.001050, 0.001476, 0.001665, 0.001697, 0.001495, 0.001560, 0.001370, 0.001425, 0.001421, 0.001395, 0.001326, 0.001538, 0.001279, 0.001370, 0.001313, 0.001455, 0.001291, 0.001386, 0.001352, 0.001317, 0.001235, 0.001323, 0.001250, 0.001169, 0.001363, 0.001315, 0.001366, 0.001318, 0.001336, 0.001241, 0.001299, 0.001220, 0.001380, 0.001225, 0.001315, 0.001210, 0.001422, 0.001162, 0.001442, 0.001084, 0.001472, 0.001333, 0.001520
11 , 1, 1, 1, 1, 1, 1, 1
11 , 0.005454, 0.005779, 0.005072, 0.006264, 0.006001, 0.002775, 0.002672
12 , 0.001050, 0.001476, 0.001665, 0.001697, 0.001495, 0.001560, 0.001370, 0.001425, 0.001421, 0.001395, 0.001326, 0.001538, 0.001279, 0.001370, 0.001313, 0.001455, 0.001291, 0.001386, 0.001352, 0.001317, 0.001235, 0.001323, 0.001250, 0.001169, 0.001363, 0.001315, 0.001366, 0.001318, 0.001336, 0.001241, 0.001299, 0.001220, 0.001380, 0.001225, 0.001315, 0.001210, 0.001422, 0.001162, 0.001442, 0.001084, 0.001472, 0.001333, 0.001520, 0.001274, 0.001395, 0.001171, 0.001452, 0.001255, 0.001368, 0.001129, 0.001321, 0.001243, 0.001352, 0.001143, 0.001398, 0.001117, 0.001329, 0.001193, 0.001323, 0.001205, 0.001296, 0.001308, 0.001540, 0.001338, 0.001398, 0.001407, 0.001502, 0.001437, 0.001463, 0.001415, 0.001441, 0.001307, 0.001437, 0.001467, 0.001459, 0.001459, 0.001424, 0.001321, 0.001343, 0.001495, 0.001301, 0.001268, 0.001187, 0.001361, 0.001240, 0.001310, 0.001219, 0.001263, 0.001108, 0.001358, 0.001171, 0.001340
12 , 2, 2, 2, 1, 1, 1, 1
12 , 0.002969, 0.002815, 0.002359, 0.002090, 0.002392, 0.002091, 0.002745
13 , 0.001452, 0.001255, 0.001368, 0.001129, 0.001321, 0.001243, 0.001352, 0.001143, 0.001398, 0.001117, 0.001329, 0.001193, 0.001323, 0.001205, 0.001296, 0.001308, 0.001540, 0.001338, 0.001398, 0.001407, 0.001502, 0.001437, 0.001463, 0.001415, 0.001441, 0.001307, 0.001437, 0.001467, 0.001459, 0.001459, 0.001424, 0.001321, 0.001343, 0.001495, 0.001301, 0.001268, 0.001187, 0.001361, 0.001240, 0.001310, 0.001219, 0.001263, 0.001108, 0.001358, 0.001171, 0.001340, 0.001254, 0.001300, 0.001082, 0.001386, 0.001145, 0.001343, 0.001178, 0.001237, 0.001067, 0.001241, 0.001038, 0.001319, 0.001078, 0.001287, 0.000934, 0.001326, 0.001078, 0.001358, 0.001201, 0.001382, 0.001259, 0.001403, 0.001232, 0.001542, 0.001369, 0.001533, 0.001321, 0.001494, 0.001437, 0.001541, 0.001313, 0.001602, 0.001386, 0.001555, 0.001417, 0.001456, 0.001347, 0.001442, 0.001296, 0.001348, 0.001267, 0.001397, 0.001229, 0.001327, 0.001315, 0.001466
13 , 0, 0, 0, 0, 0, 2, 2
13 , 0.005560, 0.005224, 0.004527, 0.004059, 0.003488, 0.003432, 0.003359
14 , 0.001254, 0.001300, 0.001082, 0.001386, 0.001145, 0.001343, 0.001178, 0.001237, 0.001067, 0.001241, 0.001038, 0.001319, 0.001078, 0.001287, 0.000934, 0.001326, 0.001078, 0.001358, 0.001201, 0.001382, 0.001259, 0.001403, 0.001232, 0.001542, 0.001369, 0.001533, 0.001321, 0.001494, 0.001437, 0.001541, 0.001313, 0.001602, 0.001386, 0.001555, 0.001417, 0.001456, 0.001347, 0.001442, 0.001296, 0.001348, 0.001267, 0.001397, 0.001229, 0.001327, 0.001315, 0.001466, 0.001366, 0.001431, 0.001400, 0.001408, 0.001361, 0.001413, 0.001395, 0.001542, 0.001494, 0.001450, 0.001459, 0.001407, 0.001511, 0.001360, 0.001465, 0.001554, 0.001615, 0.001469, 0.001591, 0.001380, 0.001326, 0.001266, 0.001458, 0.001115, 0.001315, 0.001173, 0.001287, 0.001113, 0.001333, 0.001134, 0.001329, 0.001250, 0.001294, 0.001169, 0.001419, 0.001226, 0.001345, 0.001126, 0.001477, 0.001191, 0.001363, 0.001270, 0.001525, 0.001254, 0.001525, 0.001252
14 , 3, 3, 3, 3, 3, 3, 3
14 , 0.007696, 0.007953, 0.007310, 0.007221, 0.007015, 0.006710, 0.005934
15 , 0.001431, 0.001400, 0.001408, 0.001361, 0.001413, 0.001395, 0.001542, 0.001494, 0.001450, 0.001459, 0.001407, 0.001511, 0.001360, 0.001465, 0.001554, 0.001615, 0.001469, 0.001591, 0.001380, 0.001326, 0.001266, 0.001458, 0.001115, 0.001315, 0.001173, 0.001287, 0.001113, 0.001333, 0.001134, 0.001329, 0.001250, 0.001294, 0.001169, 0.001419, 0.001226, 0.001345, 0.001126, 0.001477, 0.001191, 0.001363, 0.001270, 0.001525, 0.001254, 0.001525, 0.001252, 0.001342, 0.001096, 0.001347, 0.001199, 0.001363, 0.001220, 0.001403, 0.001380, 0.001493, 0.001243, 0.001421, 0.001275, 0.001382, 0.001222, 0.001391, 0.001282, 0.001426, 0.001189, 0.001375, 0.001300, 0.001354, 0.001291, 0.001419, 0.001207, 0.001435, 0.001245, 0.001310, 0.001294, 0.001320, 0.001348, 0.001525, 0.001347, 0.001511, 0.001575, 0.001497, 0.001514, 0.001735, 0.001592, 0.001519, 0.001454, 0.001441, 0.001450, 0.001631, 0.001562, 0.001523, 0.001575, 0.001540
15 , 2, 2, 2, 2, 2, 2, 2
15 , 0.006696, 0.007141, 0.006911, 0.007512, 0.007155, 0.007145, 0.006871
16 , 0.001363, 0.001220, 0.001403, 0.001380, 0.001493, 0.001243, 0.001421, 0.001275, 0.001382, 0.001222, 0.001391, 0.001282, 0.001426, 0.001189, 0.001375, 0.001300, 0.001354, 0.001291, 0.001419, 0.001207, 0.001435, 0.001245, 0.001310, 0.001294, 0.001320, 0.001348, 0.001525, 0.001347, 0.001511, 0.001575, 0.001497, 0.001514, 0.001735, 0.001592, 0.001519, 0.001454, 0.001441, 0.001450, 0.001631, 0.001562, 0.001523, 0.001575, 0.001540, 0.001464, 0.001348, 0.001427, 0.001320, 0.001373, 0.001337, 0.001275, 0.001194, 0.001213, 0.001157, 0.001372, 0.001122, 0.001262, 0.001127, 0.001303, 0.001229, 0.001410, 0.001317, 0.001412, 0.001219, 0.001416, 0.001243, 0.001398, 0.001271, 0.001552, 0.001323, 0.001424, 0.001255, 0.001461, 0.001318, 0.001431, 0.001291, 0.001503, 0.001338, 0.001537, 0.001326, 0.001568, 0.001304, 0.001581, 0.001343, 0.001607, 0.001370, 0.001564, 0.001309, 0.001448, 0.001370, 0.001483, 0.001197, 0.001561
16 , 0, 0, 0, 0, 0, 0, 0
16 , 0.005919, 0.006135, 0.005815, 0.006215, 0.006049, 0.006217, 0.005925
