0 , 0.001650, 0.001367, 0.001281, 0.001168, 0.001210, 0.001307, 0.001328, 0.001270, 0.001411, 0.001356, 0.001482, 0.001222, 0.001438, 0.001286, 0.001419, 0.001224, 0.001535, 0.001431, 0.001647, 0.001353, 0.001682, 0.001491, 0.001608, 0.001414, 0.001129, 0.000662, 0.001092, 0.000754, 0.001059, 0.001231, 0.001165, 0.001105, 0.001118, 0.001390, 0.001178, 0.001181, 0.001178, 0.001208, 0.001367, 0.001165, 0.001353, 0.001267, 0.001366, 0.001349, 0.001354, 0.001409, 0.001235, 0.001331, 0.001892, 0.000447, 0.001683, 0.001444, 0.001534, 0.001314, 0.001430, 0.001235, 0.001437, 0.001121, 0.001379, 0.001300, 0.001418, 0.001077, 0.001427, 0.001283, 0.001258, 0.001149, 0.001337, 0.001279, 0.001465, 0.001319, 0.001512, 0.001382, 0.001451, 0.000099, 0.001157, 0.000942, 0.001139, 0.001269, 0.001303, 0.001406, 0.001166, 0.001534, 0.001538, 0.001422, 0.001466, 0.001466, 0.001540, 0.001445, 0.001562, 0.001548, 0.001408, 0.001620
0 , 1, 1, 1, 1, 1, 2, 2
0 , 0.003424, 0.003098, 0.002935, 0.004428, 0.004623, 0.004218, 0.006365
1 , 0.001534, 0.001314, 0.001430, 0.001235, 0.001437, 0.001121, 0.001379, 0.001300, 0.001418, 0.001077, 0.001427, 0.001283, 0.001258, 0.001149, 0.001337, 0.001279, 0.001465, 0.001319, 0.001512, 0.001382, 0.001451, 0.000099, 0.001157, 0.000942, 0.001139, 0.001269, 0.001303, 0.001406, 0.001166, 0.001534, 0.001538, 0.001422, 0.001466, 0.001466, 0.001540, 0.001445, 0.001562, 0.001548, 0.001408, 0.001620, 0.001473, 0.001457, 0.001368, 0.001342, 0.001438, 0.001233, 0.001513, 0.001091, 0.000905, 0.001643, 0.001720, 0.001681, 0.001533, 0.001667, 0.001679, 0.001537, 0.001676, 0.001483, 0.001488, 0.001453, 0.001597, 0.001370, 0.001423, 0.001444, 0.001462, 0.001370, 0.001702, 0.001379, 0.001539, 0.001352, 0.001713, 0.001377, 0.001716, 0.000313, 0.000780, 0.000930, 0.001055, 0.001052, 0.000930, 0.000826, 0.001002, 0.000833, 0.001015, 0.000873, 0.001042, 0.001144, 0.000933, 0.001118, 0.000959, 0.001092, 0.001088, 0.001036
1 , 3, 1, 1, 3, 3, 3, 3
1 , 0.009866, 0.009755, 0.010123, 0.013569, 0.014369, 0.016141, 0.014686
2 , 0.001681, 0.001533, 0.001667, 0.001679, 0.001537, 0.001676, 0.001483, 0.001488, 0.001453, 0.001597, 0.001370, 0.001423, 0.001444, 0.001462, 0.001370, 0.001702, 0.001379, 0.001539, 0.001352, 0.001713, 0.001377, 0.001716, 0.000313, 0.000780, 0.000930, 0.001055, 0.001052, 0.000930, 0.000826, 0.001002, 0.000833, 0.001015, 0.000873, 0.001042, 0.001144, 0.000933, 0.001118, 0.000959, 0.001092, 0.001088, 0.001036, 0.001175, 0.001088, 0.001234, 0.001271, 0.001226, 0.001421, 0.000330, 0.001576, 0.001831, 0.001529, 0.001439, 0.001446, 0.001506, 0.001332, 0.001643, 0.001291, 0.001667, 0.001471, 0.001725, 0.001458, 0.001584, 0.001333, 0.001588, 0.001458, 0.001699, 0.001506, 0.001683, 0.001485, 0.001789, 0.001164, 0.000579, 0.000901, 0.001175, 0.001047, 0.001193, 0.001079, 0.001265, 0.001178, 0.001214, 0.001148, 0.001182, 0.001448, 0.001290, 0.001368, 0.001226, 0.001093, 0.001455, 0.001240, 0.001254, 0.001088, 0.001102
2 , 1, 1, 1, 1, 1, 1, 1
2 , 0.016276, 0.017971, 0.019121, 0.019216, 0.017404, 0.015115, 0.012537
3 , 0.001831, 0.001529, 0.001439, 0.001446, 0.001506, 0.001332, 0.001643, 0.001291, 0.001667, 0.001471, 0.001725, 0.001458, 0.001584, 0.001333, 0.001588, 0.001458, 0.001699, 0.001506, 0.001683, 0.001485, 0.001789, 0.001164, 0.000579, 0.000901, 0.001175, 0.001047, 0.001193, 0.001079, 0.001265, 0.001178, 0.001214, 0.001148, 0.001182, 0.001448, 0.001290, 0.001368, 0.001226, 0.001093, 0.001455, 0.001240, 0.001254, 0.001088, 0.001102, 0.001254, 0.000966, 0.001459, 0.000188, 0.001552, 0.001828, 0.001742, 0.001798, 0.001565, 0.001647, 0.001573, 0.001711, 0.001582, 0.001595, 0.001621, 0.001642, 0.001690, 0.001634, 0.001586, 0.001556, 0.001612, 0.001548, 0.001548, 0.001423, 0.001619, 0.001447, 0.001453, 0.001265, 0.001629, 0.000340, 0.001100, 0.001262, 0.001244, 0.001265, 0.001304, 0.001364, 0.001592, 0.001386, 0.001485, 0.001328, 0.001326, 0.001418, 0.001441, 0.001478, 0.001221, 0.001332, 0.001363, 0.001241, 0.001244
3 , 1, 1, 1, 1, 1, 1, 1
3 , 0.011306, 0.012452, 0.014447, 0.016109, 0.014553, 0.010486, 0.008894
4 , 0.001742, 0.001798, 0.001565, 0.001647, 0.001573, 0.001711, 0.001582, 0.001595, 0.001621, 0.001642, 0.001690, 0.001634, 0.001586, 0.001556, 0.001612, 0.001548, 0.001548, 0.001423, 0.001619, 0.001447, 0.001453, 0.001265, 0.001629, 0.000340, 0.001100, 0.001262, 0.001244, 0.001265, 0.001304, 0.001364, 0.001592, 0.001386, 0.001485, 0.001328, 0.001326, 0.001418, 0.001441, 0.001478, 0.001221, 0.001332, 0.001363, 0.001241, 0.001244, 0.001036, 0.001363, 0.001221, 0.001161, 0.000979, 0.001272, 0.001685, 0.001837, 0.001651, 0.001672, 0.001603, 0.001625, 0.001543, 0.001664, 0.001366, 0.001677, 0.001513, 0.001609, 0.001371, 0.001648, 0.001393, 0.001743, 0.001493, 0.001618, 0.001307, 0.001592, 0.001356, 0.001811, 0.000373, 0.000951, 0.000932, 0.001196, 0.000994, 0.001219, 0.001043, 0.001253, 0.001276, 0.001216, 0.001253, 0.001193, 0.001405, 0.001259, 0.001296, 0.001213, 0.001154, 0.001353, 0.001197, 0.001190, 0.001094
4 , 1, 1, 1, 1, 1, 1, 1
4 , 0.012371, 0.014338, 0.014773, 0.015679, 0.014917, 0.011919, 0.009990
5 , 0.001685, 0.001837, 0.001651, 0.001672, 0.001603, 0.001625, 0.001543, 0.001664, 0.001366, 0.001677, 0.001513, 0.001609, 0.001371, 0.001648, 0.001393, 0.001743, 0.001493, 0.001618, 0.001307, 0.001592, 0.001356, 0.001811, 0.000373, 0.000951, 0.000932, 0.001196, 0.000994, 0.001219, 0.001043, 0.001253, 0.001276, 0.001216, 0.001253, 0.001193, 0.001405, 0.001259, 0.001296, 0.001213, 0.001154, 0.001353, 0.001197, 0.001190, 0.001094, 0.001067, 0.001238, 0.001056, 0.001432, 0.000620, 0.001677, 0.001798, 0.001777, 0.001721, 0.001578, 0.001772, 0.001539, 0.001578, 0.001491, 0.001690, 0.001409, 0.001733, 0.001522, 0.001596, 0.001380, 0.001467, 0.001402, 0.001580, 0.001387, 0.001525, 0.001474, 0.001426, 0.001462, 0.001494, 0.001138, 0.000722, 0.000816, 0.001205, 0.001153, 0.001178, 0.001146, 0.001205, 0.001534, 0.001269, 0.001292, 0.001109, 0.001322, 0.001322, 0.001249, 0.001332, 0.001143, 0.001376, 0.001266, 0.001143
5 , 1, 1, 1, 1, 1, 1, 1
5 , 0.013520, 0.014640, 0.015846, 0.017113, 0.016714, 0.014577, 0.011242
6 , 0.001798, 0.001777, 0.001721, 0.001578, 0.001772, 0.001539, 0.001578, 0.001491, 0.001690, 0.001409, 0.001733, 0.001522, 0.001596, 0.001380, 0.001467, 0.001402, 0.001580, 0.001387, 0.001525, 0.001474, 0.001426, 0.001462, 0.001494, 0.001138, 0.000722, 0.000816, 0.001205, 0.001153, 0.001178, 0.001146, 0.001205, 0.001534, 0.001269, 0.001292, 0.001109, 0.001322, 0.001322, 0.001249, 0.001332, 0.001143, 0.001376, 0.001266, 0.001143, 0.001207, 0.001124, 0.001396, 0.001055, 0.001516, 0.000364, 0.001465, 0.001541, 0.001700, 0.001645, 0.001488, 0.001535, 0.001553, 0.001535, 0.001397, 0.001419, 0.001557, 0.001501, 0.001643, 0.001475, 0.001557, 0.001325, 0.001584, 0.001450, 0.001563, 0.001373, 0.001533, 0.001296, 0.001530, 0.000181, 0.000942, 0.001090, 0.001091, 0.000903, 0.001132, 0.001095, 0.001308, 0.001237, 0.001333, 0.001283, 0.001201, 0.001430, 0.001269, 0.001507, 0.001301, 0.001368, 0.001528, 0.001329, 0.001418
6 , 1, 1, 1, 1, 1, 1, 1
6 , 0.011676, 0.012162, 0.013337, 0.013648, 0.013623, 0.012389, 0.009565
7 , 0.001465, 0.001541, 0.001700, 0.001645, 0.001488, 0.001535, 0.001553, 0.001535, 0.001397, 0.001419, 0.001557, 0.001501, 0.001643, 0.001475, 0.001557, 0.001325, 0.001584, 0.001450, 0.001563, 0.001373, 0.001533, 0.001296, 0.001530, 0.000181, 0.000942, 0.001090, 0.001091, 0.000903, 0.001132, 0.001095, 0.001308, 0.001237, 0.001333, 0.001283, 0.001201, 0.001430, 0.001269, 0.001507, 0.001301, 0.001368, 0.001528, 0.001329, 0.001418, 0.001242, 0.001368, 0.001500, 0.001491, 0.001315, 0.001055, 0.001550, 0.001783, 0.001672, 0.001679, 0.001476, 0.001714, 0.001397, 0.001601, 0.001446, 0.001661, 0.001496, 0.001669, 0.001384, 0.001621, 0.001401, 0.001674, 0.001380, 0.001553, 0.001414, 0.001583, 0.001459, 0.001794, 0.001477, 0.001738, 0.000454, 0.000846, 0.000914, 0.001187, 0.001089, 0.001157, 0.001098, 0.001347, 0.001267, 0.001274, 0.001317, 0.001164, 0.001526, 0.001370, 0.001313, 0.001336, 0.001141, 0.001464, 0.001251
7 , 1, 1, 1, 1, 1, 1, 1
7 , 0.010537, 0.011517, 0.011521, 0.013106, 0.013716, 0.012590, 0.009357
8 , 0.001783, 0.001672, 0.001679, 0.001476, 0.001714, 0.001397, 0.001601, 0.001446, 0.001661, 0.001496, 0.001669, 0.001384, 0.001621, 0.001401, 0.001674, 0.001380, 0.001553, 0.001414, 0.001583, 0.001459, 0.001794, 0.001477, 0.001738, 0.000454, 0.000846, 0.000914, 0.001187, 0.001089, 0.001157, 0.001098, 0.001347, 0.001267, 0.001274, 0.001317, 0.001164, 0.001526, 0.001370, 0.001313, 0.001336, 0.001141, 0.001464, 0.001251, 0.001308, 0.001312, 0.001224, 0.001416, 0.001105, 0.001644, 0.000347, 0.001643, 0.001639, 0.001490, 0.001562, 0.001388, 0.001497, 0.001370, 0.001560, 0.001222, 0.001438, 0.001514, 0.001669, 0.001492, 0.001470, 0.001604, 0.001608, 0.001560, 0.001573, 0.001586, 0.001634, 0.001672, 0.001622, 0.001506, 0.000529, 0.000761, 0.000833, 0.000935, 0.000938, 0.001004, 0.000941, 0.001064, 0.000956, 0.001007, 0.000911, 0.000994, 0.001160, 0.001056, 0.001162, 0.000968, 0.001048, 0.001207, 0.001122, 0.001214
8 , 1, 1, 1, 1, 1, 1, 1
8 , 0.013841, 0.015056, 0.016981, 0.018205, 0.018689, 0.016987, 0.014025
9 , 0.001639, 0.001490, 0.001562, 0.001388, 0.001497, 0.001370, 0.001560, 0.001222, 0.001438, 0.001514, 0.001669, 0.001492, 0.001470, 0.001604, 0.001608, 0.001560, 0.001573, 0.001586, 0.001634, 0.001672, 0.001622, 0.001506, 0.000529, 0.000761, 0.000833, 0.000935, 0.000938, 0.001004, 0.000941, 0.001064, 0.000956, 0.001007, 0.000911, 0.000994, 0.001160, 0.001056, 0.001162, 0.000968, 0.001048, 0.001207, 0.001122, 0.001214, 0.000932, 0.001303, 0.001209, 0.001276, 0.001144, 0.001333, 0.000953, 0.001487, 0.001964, 0.001790, 0.001730, 0.001535, 0.001621, 0.001543, 0.001819, 0.001465, 0.001785, 0.001677, 0.001823, 0.001560, 0.001699, 0.001501, 0.001663, 0.001451, 0.001627, 0.001251, 0.001529, 0.001237, 0.001481, 0.001391, 0.001475, 0.001283, 0.001310, 0.001200, 0.001289, 0.001164, 0.001319, 0.001274, 0.001410, 0.001301, 0.001286, 0.001287, 0.001375, 0.001360, 0.001367, 0.001407, 0.001421, 0.001506, 0.001492, 0.001573
9 , 1, 1, 1, 1, 1, 1, 1
9 , 0.014405, 0.015240, 0.016568, 0.017037, 0.014917, 0.014197, 0.012115
10 , 0.001487, 0.001964, 0.001790, 0.001730, 0.001535, 0.001621, 0.001543, 0.001819, 0.001465, 0.001785, 0.001677, 0.001823, 0.001560, 0.001699, 0.001501, 0.001663, 0.001451, 0.001627, 0.001251, 0.001529, 0.001237, 0.001481, 0.001391, 0.001475, 0.001283, 0.001310, 0.001200, 0.001289, 0.001164, 0.001319, 0.001274, 0.001410, 0.001301, 0.001286, 0.001287, 0.001375, 0.001360, 0.001367, 0.001407, 0.001421, 0.001506, 0.001492, 0.001573, 0.001655, 0.001794, 0.001777, 0.001787, 0.001788, 0.001893, 0.001838, 0.001949, 0.001796, 0.001980, 0.001740, 0.001847, 0.001800, 0.001923, 0.001595, 0.001769, 0.001652, 0.001881, 0.001539, 0.001776, 0.001465, 0.001642, 0.001267, 0.001552, 0.001389, 0.001550, 0.001338, 0.001574, 0.001249, 0.001548, 0.001396, 0.001553, 0.001363, 0.001557, 0.001402, 0.001548, 0.001409, 0.001527, 0.001483, 0.001630, 0.001319, 0.001513, 0.001400, 0.001620, 0.001479, 0.001544, 0.001492, 0.001725, 0.001449
10 , 1, 1, 1, 1, 1, 1, 1
10 , 0.010467, 0.010400, 0.008938, 0.009073, 0.007634, 0.006459, 0.004826
11 , 0.001787, 0.001788, 0.001893, 0.001838, 0.001949, 0.001796, 0.001980, 0.001740, 0.001847, 0.001800, 0.001923, 0.001595, 0.001769, 0.001652, 0.001881, 0.001539, 0.001776, 0.001465, 0.001642, 0.001267, 0.001552, 0.001389, 0.001550, 0.001338, 0.001574, 0.001249, 0.001548, 0.001396, 0.001553, 0.001363, 0.001557, 0.001402, 0.001548, 0.001409, 0.001527, 0.001483, 0.001630, 0.001319, 0.001513, 0.001400, 0.001620, 0.001479, 0.001544, 0.001492, 0.001725, 0.001449, 0.001655, 0.001470, 0.001523, 0.001432, 0.001316, 0.001462, 0.001397, 0.001462, 0.001471, 0.001300, 0.001416, 0.001423, 0.001488, 0.001449, 0.001473, 0.001568, 0.001477, 0.001498, 0.001373, 0.001537, 0.001533, 0.001611, 0.001382, 0.001568, 0.001451, 0.001556, 0.001577, 0.001534, 0.001311, 0.001643, 0.001397, 0.001458, 0.001379, 0.001529, 0.001397, 0.001495, 0.001360, 0.001444, 0.001416, 0.001576, 0.001302, 0.001497, 0.001307, 0.001592, 0.001495, 0.001500
11 , 1, 2, 2, 2, 2, 2, 1
11 , 0.007113, 0.006188, 0.005858, 0.005454, 0.005024, 0.004382, 0.004401
12 , 0.001655, 0.001470, 0.001523, 0.001432, 0.001316, 0.001462, 0.001397, 0.001462, 0.001471, 0.001300, 0.001416, 0.001423, 0.001488, 0.001449, 0.001473, 0.001568, 0.001477, 0.001498, 0.001373, 0.001537, 0.001533, 0.001611, 0.001382, 0.001568, 0.001451, 0.001556, 0.001577, 0.001534, 0.001311, 0.001643, 0.001397, 0.001458, 0.001379, 0.001529, 0.001397, 0.001495, 0.001360, 0.001444, 0.001416, 0.001576, 0.001302, 0.001497, 0.001307, 0.001592, 0.001495, 0.001500, 0.001368, 0.001623, 0.001406, 0.001631, 0.001446, 0.001623, 0.001411, 0.001619, 0.001316, 0.001648, 0.001415, 0.001709, 0.001363, 0.001553, 0.001467, 0.001666, 0.001557, 0.001657, 0.001501, 0.001645, 0.001304, 0.001482, 0.001343, 0.001546, 0.001460, 0.001504, 0.001435, 0.001676, 0.001456, 0.001449, 0.001444, 0.001509, 0.001402, 0.001502, 0.001527, 0.001467, 0.001295, 0.001434, 0.001425, 0.001404, 0.001407, 0.001441, 0.001393, 0.001560, 0.001525, 0.001495
12 , 3, 3, 3, 1, 3, 3, 3
12 , 0.001528, 0.001071, 0.001297, 0.001441, 0.001349, 0.001071, 0.001441
13 , 0.001368, 0.001623, 0.001406, 0.001631, 0.001446, 0.001623, 0.001411, 0.001619, 0.001316, 0.001648, 0.001415, 0.001709, 0.001363, 0.001553, 0.001467, 0.001666, 0.001557, 0.001657, 0.001501, 0.001645, 0.001304, 0.001482, 0.001343, 0.001546, 0.001460, 0.001504, 0.001435, 0.001676, 0.001456, 0.001449, 0.001444, 0.001509, 0.001402, 0.001502, 0.001527, 0.001467, 0.001295, 0.001434, 0.001425, 0.001404, 0.001407, 0.001441, 0.001393, 0.001560, 0.001525, 0.001495, 0.001500, 0.001482, 0.001602, 0.001503, 0.001494, 0.001462, 0.001588, 0.001613, 0.001636, 0.001532, 0.001583, 0.001514, 0.001596, 0.001458, 0.001708, 0.001453, 0.001485, 0.001372, 0.001583, 0.001462, 0.001614, 0.001382, 0.001556, 0.001400, 0.001601, 0.001344, 0.001555, 0.001402, 0.001713, 0.001328, 0.001604, 0.001500, 0.001655, 0.001494, 0.001722, 0.001544, 0.001847, 0.001501, 0.001691, 0.001612, 0.001793, 0.001616, 0.001901, 0.001647, 0.001992, 0.001747
13 , 2, 2, 2, 2, 2, 2, 2
13 , 0.003036, 0.003269, 0.003573, 0.003581, 0.004104, 0.004090, 0.004742
14 , 0.001588, 0.001613, 0.001636, 0.001532, 0.001583, 0.001514, 0.001596, 0.001458, 0.001708, 0.001453, 0.001485, 0.001372, 0.001583, 0.001462, 0.001614, 0.001382, 0.001556, 0.001400, 0.001601, 0.001344, 0.001555, 0.001402, 0.001713, 0.001328, 0.001604, 0.001500, 0.001655, 0.001494, 0.001722, 0.001544, 0.001847, 0.001501, 0.001691, 0.001612, 0.001793, 0.001616, 0.001901, 0.001647, 0.001992, 0.001747, 0.001894, 0.001626, 0.001941, 0.001656, 0.001864, 0.001658, 0.001898, 0.001739, 0.001872, 0.001782, 0.001910, 0.001699, 0.001823, 0.001698, 0.001824, 0.001660, 0.001636, 0.001482, 0.001476, 0.001379, 0.001402, 0.001221, 0.001440, 0.001394, 0.001403, 0.001357, 0.001320, 0.001139, 0.001430, 0.001209, 0.001230, 0.001220, 0.001396, 0.001211, 0.001340, 0.001360, 0.001411, 0.001462, 0.001399, 0.001509, 0.001495, 0.001399, 0.001344, 0.001546, 0.001516, 0.001490, 0.001471, 0.001462, 0.001426, 0.001470, 0.001465, 0.001495
14 , 3, 3, 3, 3, 3, 3, 0
14 , 0.007226, 0.007432, 0.006769, 0.006392, 0.005550, 0.005817, 0.005434
15 , 0.001739, 0.001872, 0.001782, 0.001910, 0.001699, 0.001823, 0.001698, 0.001824, 0.001660, 0.001636, 0.001482, 0.001476, 0.001379, 0.001402, 0.001221, 0.001440, 0.001394, 0.001403, 0.001357, 0.001320, 0.001139, 0.001430, 0.001209, 0.001230, 0.001220, 0.001396, 0.001211, 0.001340, 0.001360, 0.001411, 0.001462, 0.001399, 0.001509, 0.001495, 0.001399, 0.001344, 0.001546, 0.001516, 0.001490, 0.001471, 0.001462, 0.001426, 0.001470, 0.001465, 0.001495, 0.001444, 0.001482, 0.001460, 0.001491, 0.001373, 0.001705, 0.001571, 0.001614, 0.001630, 0.001608, 0.001535, 0.001664, 0.001599, 0.001819, 0.001638, 0.001815, 0.001634, 0.001802, 0.001707, 0.001862, 0.001733, 0.001854, 0.001629, 0.001789, 0.001495, 0.001707, 0.001552, 0.001785, 0.001453, 0.001713, 0.001582, 0.001677, 0.001647, 0.001871, 0.001577, 0.001794, 0.001578, 0.001677, 0.001526, 0.001733, 0.001513, 0.001767, 0.001491, 0.001759, 0.001504, 0.001755, 0.001518
15 , 2, 1, 1, 1, 1, 1, 1
15 , 0.005837, 0.005233, 0.004202, 0.004097, 0.003303, 0.002925, 0.002086
16 , 0.001482, 0.001460, 0.001491, 0.001373, 0.001705, 0.001571, 0.001614, 0.001630, 0.001608, 0.001535, 0.001664, 0.001599, 0.001819, 0.001638, 0.001815, 0.001634, 0.001802, 0.001707, 0.001862, 0.001733, 0.001854, 0.001629, 0.001789, 0.001495, 0.001707, 0.001552, 0.001785, 0.001453, 0.001713, 0.001582, 0.001677, 0.001647, 0.001871, 0.001577, 0.001794, 0.001578, 0.001677, 0.001526, 0.001733, 0.001513, 0.001767, 0.001491, 0.001759, 0.001504, 0.001755, 0.001518, 0.001657, 0.001553, 0.001657, 0.001432, 0.001580, 0.001447, 0.001560, 0.001465, 0.001578, 0.001351, 0.001434, 0.001365, 0.001620, 0.001469, 0.001399, 0.001295, 0.001504, 0.001506, 0.001622, 0.001414, 0.001518, 0.001492, 0.001527, 0.001470, 0.001663, 0.001524, 0.001584, 0.001486, 0.001593, 0.001566, 0.001683, 0.001557, 0.001621, 0.001608, 0.001634, 0.001634, 0.001544, 0.001639, 0.001583, 0.001692, 0.001575, 0.001571, 0.001501, 0.001623, 0.001528, 0.001563
16 , 0, 0, 0, 0, 2, 2, 2
16 , 0.003057, 0.003135, 0.002547, 0.002284, 0.002483, 0.002366, 0.002789
