0 , 0.001376, 0.001159, 0.001387, 0.001390, 0.001600, 0.001474, 0.001411, 0.001825, 0.001725, 0.001674, 0.001578, 0.001727, 0.001903, 0.001681, 0.001799, 0.001594, 0.001708, 0.001818, 0.001685, 0.001629, 0.001542, 0.001712, 0.001941, 0.001279, 0.001267, 0.001267, 0.001315, 0.001134, 0.001366, 0.001102, 0.001129, 0.000981, 0.001053, 0.001103, 0.001430, 0.001236, 0.001356, 0.001261, 0.001284, 0.001068, 0.001103, 0.001082, 0.001285, 0.001165, 0.001082, 0.001097, 0.001145, 0.000033, 0.001353, 0.001259, 0.001423, 0.001622, 0.001512, 0.001666, 0.001507, 0.001787, 0.001593, 0.001579, 0.001689, 0.001479, 0.001637, 0.001422, 0.001611, 0.001545, 0.001417, 0.001491, 0.001431, 0.001591, 0.001434, 0.001399, 0.001490, 0.001600, 0.000967, 0.001629, 0.001359, 0.001402, 0.001290, 0.001286, 0.001372, 0.001337, 0.001268, 0.001242, 0.001238, 0.001307, 0.001225, 0.001264, 0.001264, 0.001377, 0.001247, 0.001273, 0.001226, 0.001374
0 , 1, 1, 1, 1, 1, 1, 1
0 , 0.007098, 0.008723, 0.010145, 0.012289, 0.016775, 0.016099, 0.016876
1 , 0.001512, 0.001666, 0.001507, 0.001787, 0.001593, 0.001579, 0.001689, 0.001479, 0.001637, 0.001422, 0.001611, 0.001545, 0.001417, 0.001491, 0.001431, 0.001591, 0.001434, 0.001399, 0.001490, 0.001600, 0.000967, 0.001629, 0.001359, 0.001402, 0.001290, 0.001286, 0.001372, 0.001337, 0.001268, 0.001242, 0.001238, 0.001307, 0.001225, 0.001264, 0.001264, 0.001377, 0.001247, 0.001273, 0.001226, 0.001374, 0.001154, 0.001302, 0.001110, 0.001236, 0.001066, 0.000590, 0.001072, 0.001316, 0.001316, 0.001534, 0.001314, 0.001534, 0.001477, 0.001527, 0.001756, 0.001474, 0.001600, 0.001458, 0.001584, 0.001710, 0.001607, 0.001582, 0.001396, 0.001625, 0.001586, 0.001660, 0.001632, 0.001465, 0.001570, 0.002001, 0.000240, 0.001744, 0.001316, 0.001269, 0.001284, 0.001447, 0.001037, 0.001283, 0.001248, 0.001421, 0.001101, 0.001396, 0.001110, 0.001392, 0.001172, 0.001290, 0.001056, 0.001299, 0.001083, 0.001162, 0.001095, 0.001311
1 , 1, 1, 1, 1, 1, 1, 1
1 , 0.009353, 0.011139, 0.013375, 0.012038, 0.012850, 0.012889, 0.012933
2 , 0.001316, 0.001534, 0.001314, 0.001534, 0.001477, 0.001527, 0.001756, 0.001474, 0.001600, 0.001458, 0.001584, 0.001710, 0.001607, 0.001582, 0.001396, 0.001625, 0.001586, 0.001660, 0.001632, 0.001465, 0.001570, 0.002001, 0.000240, 0.001744, 0.001316, 0.001269, 0.001284, 0.001447, 0.001037, 0.001283, 0.001248, 0.001421, 0.001101, 0.001396, 0.001110, 0.001392, 0.001172, 0.001290, 0.001056, 0.001299, 0.001083, 0.001162, 0.001095, 0.001311, 0.001249, 0.001098, 0.000498, 0.001371, 0.001142, 0.001341, 0.001454, 0.001425, 0.001438, 0.001233, 0.001432, 0.001163, 0.001342, 0.001272, 0.001268, 0.001480, 0.001299, 0.001431, 0.001230, 0.001203, 0.001468, 0.001498, 0.001405, 0.001381, 0.001473, 0.001611, 0.001493, 0.001831, 0.001153, 0.000689, 0.001253, 0.001133, 0.001227, 0.000922, 0.001086, 0.000945, 0.000960, 0.000910, 0.000945, 0.000919, 0.000964, 0.000924, 0.000939, 0.001029, 0.000904, 0.000944, 0.000879, 0.000979
2 , 1, 1, 1, 1, 1, 1, 1
2 , 0.008366, 0.010211, 0.012426, 0.016121, 0.015291, 0.016289, 0.015353
3 , 0.001425, 0.001438, 0.001233, 0.001432, 0.001163, 0.001342, 0.001272, 0.001268, 0.001480, 0.001299, 0.001431, 0.001230, 0.001203, 0.001468, 0.001498, 0.001405, 0.001381, 0.001473, 0.001611, 0.001493, 0.001831, 0.001153, 0.000689, 0.001253, 0.001133, 0.001227, 0.000922, 0.001086, 0.000945, 0.000960, 0.000910, 0.000945, 0.000919, 0.000964, 0.000924, 0.000939, 0.001029, 0.000904, 0.000944, 0.000879, 0.000979, 0.000914, 0.000980, 0.000949, 0.001130, 0.000899, 0.001124, 0.000396, 0.001242, 0.001493, 0.001350, 0.001508, 0.001396, 0.001511, 0.001616, 0.001318, 0.001541, 0.001349, 0.001514, 0.001412, 0.001309, 0.001385, 0.001263, 0.001508, 0.001395, 0.001346, 0.001531, 0.001332, 0.001591, 0.001472, 0.001481, 0.001586, 0.000315, 0.001346, 0.001436, 0.001262, 0.001364, 0.001239, 0.001285, 0.001079, 0.001322, 0.001091, 0.001278, 0.001095, 0.001346, 0.001055, 0.001382, 0.001070, 0.001389, 0.001272, 0.001471, 0.001368
3 , 1, 1, 1, 1, 1, 1, 1
3 , 0.009502, 0.010994, 0.012989, 0.013188, 0.013863, 0.011699, 0.010663
4 , 0.001350, 0.001508, 0.001396, 0.001511, 0.001616, 0.001318, 0.001541, 0.001349, 0.001514, 0.001412, 0.001309, 0.001385, 0.001263, 0.001508, 0.001395, 0.001346, 0.001531, 0.001332, 0.001591, 0.001472, 0.001481, 0.001586, 0.000315, 0.001346, 0.001436, 0.001262, 0.001364, 0.001239, 0.001285, 0.001079, 0.001322, 0.001091, 0.001278, 0.001095, 0.001346, 0.001055, 0.001382, 0.001070, 0.001389, 0.001272, 0.001471, 0.001368, 0.001659, 0.001378, 0.001775, 0.000780, 0.000630, 0.000886, 0.001033, 0.001001, 0.001122, 0.001090, 0.001329, 0.001283, 0.001412, 0.001316, 0.001170, 0.001511, 0.001362, 0.001441, 0.001421, 0.001394, 0.001648, 0.001522, 0.001582, 0.001396, 0.001570, 0.001616, 0.001465, 0.001905, 0.000340, 0.001056, 0.001424, 0.001334, 0.001283, 0.001190, 0.001371, 0.001021, 0.001279, 0.001033, 0.001172, 0.001198, 0.001306, 0.001160, 0.001167, 0.001032, 0.001241, 0.001069, 0.001086, 0.000979, 0.001024, 0.000896
4 , 1, 1, 1, 1, 1, 1, 1
4 , 0.004421, 0.005368, 0.008313, 0.008517, 0.007182, 0.008093, 0.009345
5 , 0.001329, 0.001283, 0.001412, 0.001316, 0.001170, 0.001511, 0.001362, 0.001441, 0.001421, 0.001394, 0.001648, 0.001522, 0.001582, 0.001396, 0.001570, 0.001616, 0.001465, 0.001905, 0.000340, 0.001056, 0.001424, 0.001334, 0.001283, 0.001190, 0.001371, 0.001021, 0.001279, 0.001033, 0.001172, 0.001198, 0.001306, 0.001160, 0.001167, 0.001032, 0.001241, 0.001069, 0.001086, 0.000979, 0.001024, 0.000896, 0.000955, 0.001055, 0.000889, 0.000729, 0.001219, 0.001571, 0.001837, 0.001860, 0.001904, 0.001845, 0.001911, 0.002103, 0.002059, 0.002005, 0.001729, 0.001851, 0.001951, 0.001741, 0.001762, 0.001575, 0.001746, 0.001557, 0.001508, 0.001588, 0.001410, 0.001725, 0.001425, 0.001710, 0.001187, 0.000876, 0.001296, 0.001416, 0.001316, 0.001463, 0.001364, 0.001277, 0.001260, 0.001204, 0.001225, 0.001303, 0.001169, 0.001200, 0.001109, 0.001287, 0.001046, 0.001207, 0.001068, 0.001276, 0.001009, 0.001320, 0.001020, 0.001367
5 , 1, 1, 1, 1, 1, 1, 1
5 , 0.017979, 0.017706, 0.017021, 0.016149, 0.016256, 0.015030, 0.014276
6 , 0.001837, 0.001860, 0.001904, 0.001845, 0.001911, 0.002103, 0.002059, 0.002005, 0.001729, 0.001851, 0.001951, 0.001741, 0.001762, 0.001575, 0.001746, 0.001557, 0.001508, 0.001588, 0.001410, 0.001725, 0.001425, 0.001710, 0.001187, 0.000876, 0.001296, 0.001416, 0.001316, 0.001463, 0.001364, 0.001277, 0.001260, 0.001204, 0.001225, 0.001303, 0.001169, 0.001200, 0.001109, 0.001287, 0.001046, 0.001207, 0.001068, 0.001276, 0.001009, 0.001320, 0.001020, 0.001367, 0.000242, 0.001148, 0.001321, 0.001511, 0.001513, 0.001545, 0.001472, 0.001662, 0.001552, 0.001634, 0.001620, 0.001582, 0.001765, 0.001550, 0.001607, 0.001499, 0.001655, 0.001829, 0.001598, 0.001756, 0.001566, 0.001582, 0.001636, 0.001505, 0.001780, 0.000379, 0.001160, 0.001396, 0.001181, 0.001228, 0.001050, 0.001292, 0.001062, 0.001292, 0.001235, 0.001368, 0.001070, 0.001200, 0.001066, 0.001269, 0.001057, 0.001261, 0.001213, 0.001248, 0.001114, 0.001252
6 , 1, 1, 1, 1, 1, 1, 1
6 , 0.015622, 0.018325, 0.019119, 0.022789, 0.020660, 0.019021, 0.018458
7 , 0.001511, 0.001513, 0.001545, 0.001472, 0.001662, 0.001552, 0.001634, 0.001620, 0.001582, 0.001765, 0.001550, 0.001607, 0.001499, 0.001655, 0.001829, 0.001598, 0.001756, 0.001566, 0.001582, 0.001636, 0.001505, 0.001780, 0.000379, 0.001160, 0.001396, 0.001181, 0.001228, 0.001050, 0.001292, 0.001062, 0.001292, 0.001235, 0.001368, 0.001070, 0.001200, 0.001066, 0.001269, 0.001057, 0.001261, 0.001213, 0.001248, 0.001114, 0.001252, 0.001127, 0.001209, 0.001021, 0.001368, 0.000633, 0.001050, 0.001256, 0.001477, 0.001249, 0.001256, 0.001229, 0.001437, 0.001656, 0.001467, 0.001553, 0.001423, 0.001556, 0.001579, 0.001536, 0.001536, 0.001337, 0.001599, 0.001483, 0.001529, 0.001666, 0.001426, 0.001676, 0.001303, 0.001776, 0.000302, 0.001360, 0.001426, 0.001323, 0.001255, 0.001130, 0.001139, 0.001062, 0.001180, 0.001060, 0.001048, 0.001009, 0.001129, 0.001167, 0.001146, 0.001140, 0.000943, 0.001007, 0.000976, 0.001142
7 , 1, 1, 1, 1, 1, 1, 1
7 , 0.010870, 0.013326, 0.015522, 0.016489, 0.017150, 0.015295, 0.015767
8 , 0.001477, 0.001249, 0.001256, 0.001229, 0.001437, 0.001656, 0.001467, 0.001553, 0.001423, 0.001556, 0.001579, 0.001536, 0.001536, 0.001337, 0.001599, 0.001483, 0.001529, 0.001666, 0.001426, 0.001676, 0.001303, 0.001776, 0.000302, 0.001360, 0.001426, 0.001323, 0.001255, 0.001130, 0.001139, 0.001062, 0.001180, 0.001060, 0.001048, 0.001009, 0.001129, 0.001167, 0.001146, 0.001140, 0.000943, 0.001007, 0.000976, 0.001142, 0.000872, 0.001167, 0.000983, 0.000974, 0.000997, 0.001493, 0.001567, 0.001516, 0.001519, 0.001538, 0.001378, 0.001661, 0.001423, 0.001541, 0.001375, 0.001366, 0.001531, 0.001376, 0.001372, 0.001303, 0.001312, 0.001415, 0.001283, 0.001319, 0.001197, 0.001448, 0.001313, 0.001521, 0.001047, 0.001018, 0.001248, 0.001453, 0.001346, 0.001285, 0.001157, 0.001271, 0.001016, 0.001306, 0.000965, 0.001178, 0.000969, 0.001220, 0.001127, 0.001243, 0.001130, 0.001325, 0.001047, 0.001254, 0.001068, 0.001353
8 , 1, 1, 1, 1, 1, 1, 1
8 , 0.009897, 0.012022, 0.013602, 0.014645, 0.011706, 0.011267, 0.011731
9 , 0.001516, 0.001519, 0.001538, 0.001378, 0.001661, 0.001423, 0.001541, 0.001375, 0.001366, 0.001531, 0.001376, 0.001372, 0.001303, 0.001312, 0.001415, 0.001283, 0.001319, 0.001197, 0.001448, 0.001313, 0.001521, 0.001047, 0.001018, 0.001248, 0.001453, 0.001346, 0.001285, 0.001157, 0.001271, 0.001016, 0.001306, 0.000965, 0.001178, 0.000969, 0.001220, 0.001127, 0.001243, 0.001130, 0.001325, 0.001047, 0.001254, 0.001068, 0.001353, 0.001116, 0.001272, 0.001007, 0.001386, 0.000053, 0.001226, 0.001151, 0.001378, 0.001223, 0.001291, 0.001181, 0.001483, 0.001625, 0.001596, 0.001655, 0.001355, 0.001655, 0.001573, 0.001570, 0.001614, 0.001474, 0.001730, 0.001623, 0.001644, 0.001476, 0.001312, 0.001573, 0.001453, 0.001925, 0.000409, 0.001185, 0.001337, 0.001329, 0.001320, 0.001070, 0.001278, 0.001135, 0.001308, 0.001135, 0.001297, 0.001083, 0.001304, 0.001104, 0.001264, 0.001104, 0.001337, 0.001288, 0.001281, 0.001144
9 , 1, 1, 1, 1, 1, 1, 1
9 , 0.007933, 0.008353, 0.009755, 0.009273, 0.012357, 0.010575, 0.010732
10 , 0.001378, 0.001223, 0.001291, 0.001181, 0.001483, 0.001625, 0.001596, 0.001655, 0.001355, 0.001655, 0.001573, 0.001570, 0.001614, 0.001474, 0.001730, 0.001623, 0.001644, 0.001476, 0.001312, 0.001573, 0.001453, 0.001925, 0.000409, 0.001185, 0.001337, 0.001329, 0.001320, 0.001070, 0.001278, 0.001135, 0.001308, 0.001135, 0.001297, 0.001083, 0.001304, 0.001104, 0.001264, 0.001104, 0.001337, 0.001288, 0.001281, 0.001144, 0.001181, 0.001125, 0.001277, 0.000759, 0.000970, 0.001080, 0.001292, 0.001233, 0.001335, 0.001246, 0.001322, 0.001481, 0.001404, 0.001517, 0.001357, 0.001605, 0.001584, 0.001602, 0.001552, 0.001556, 0.001666, 0.001614, 0.001474, 0.001725, 0.001519, 0.001573, 0.001536, 0.001621, 0.001511, 0.001877, 0.000912, 0.001350, 0.001369, 0.001332, 0.001396, 0.001223, 0.001279, 0.001317, 0.001335, 0.001213, 0.001326, 0.001192, 0.001326, 0.001135, 0.001325, 0.001092, 0.001377, 0.001140, 0.001292, 0.001085
10 , 1, 1, 1, 1, 1, 1, 1
10 , 0.005617, 0.008089, 0.010201, 0.012896, 0.012741, 0.011989, 0.012215
11 , 0.001233, 0.001335, 0.001246, 0.001322, 0.001481, 0.001404, 0.001517, 0.001357, 0.001605, 0.001584, 0.001602, 0.001552, 0.001556, 0.001666, 0.001614, 0.001474, 0.001725, 0.001519, 0.001573, 0.001536, 0.001621, 0.001511, 0.001877, 0.000912, 0.001350, 0.001369, 0.001332, 0.001396, 0.001223, 0.001279, 0.001317, 0.001335, 0.001213, 0.001326, 0.001192, 0.001326, 0.001135, 0.001325, 0.001092, 0.001377, 0.001140, 0.001292, 0.001085, 0.001190, 0.001139, 0.001392, 0.001034, 0.001181, 0.001021, 0.001194, 0.000992, 0.001127, 0.000962, 0.001273, 0.000983, 0.001059, 0.000975, 0.000968, 0.000898, 0.000979, 0.000926, 0.001172, 0.000956, 0.001192, 0.001104, 0.001211, 0.001085, 0.001074, 0.001160, 0.001264, 0.001183, 0.001141, 0.001170, 0.001135, 0.001114, 0.000998, 0.001114, 0.001049, 0.001130, 0.001084, 0.001043, 0.001094, 0.001363, 0.001073, 0.001189, 0.000994, 0.001219, 0.001151, 0.001141, 0.001027, 0.001239, 0.001180
11 , 2, 2, 2, 2, 2, 2, 2
11 , 0.004311, 0.005121, 0.005993, 0.006536, 0.008095, 0.007459, 0.008038
12 , 0.000992, 0.001127, 0.000962, 0.001273, 0.000983, 0.001059, 0.000975, 0.000968, 0.000898, 0.000979, 0.000926, 0.001172, 0.000956, 0.001192, 0.001104, 0.001211, 0.001085, 0.001074, 0.001160, 0.001264, 0.001183, 0.001141, 0.001170, 0.001135, 0.001114, 0.000998, 0.001114, 0.001049, 0.001130, 0.001084, 0.001043, 0.001094, 0.001363, 0.001073, 0.001189, 0.000994, 0.001219, 0.001151, 0.001141, 0.001027, 0.001239, 0.001180, 0.001320, 0.001215, 0.001394, 0.001109, 0.001286, 0.000940, 0.001154, 0.001038, 0.001113, 0.000944, 0.001281, 0.000981, 0.001243, 0.001190, 0.001294, 0.001092, 0.001292, 0.001123, 0.001390, 0.001026, 0.001314, 0.001141, 0.001279, 0.001145, 0.001379, 0.001116, 0.001316, 0.001193, 0.001337, 0.001118, 0.001245, 0.001120, 0.001280, 0.001074, 0.001118, 0.001095, 0.001243, 0.001072, 0.001091, 0.001051, 0.001151, 0.001092, 0.001243, 0.001185, 0.001243, 0.001192, 0.001230, 0.001281, 0.001306, 0.001448
12 , 3, 3, 3, 0, 0, 0, 0
12 , 0.001800, 0.001803, 0.001539, 0.001706, 0.001318, 0.001300, 0.001083
13 , 0.000940, 0.001154, 0.001038, 0.001113, 0.000944, 0.001281, 0.000981, 0.001243, 0.001190, 0.001294, 0.001092, 0.001292, 0.001123, 0.001390, 0.001026, 0.001314, 0.001141, 0.001279, 0.001145, 0.001379, 0.001116, 0.001316, 0.001193, 0.001337, 0.001118, 0.001245, 0.001120, 0.001280, 0.001074, 0.001118, 0.001095, 0.001243, 0.001072, 0.001091, 0.001051, 0.001151, 0.001092, 0.001243, 0.001185, 0.001243, 0.001192, 0.001230, 0.001281, 0.001306, 0.001448, 0.001316, 0.001308, 0.001213, 0.001343, 0.001239, 0.001283, 0.001234, 0.001346, 0.001177, 0.001293, 0.001128, 0.001335, 0.001301, 0.001374, 0.001240, 0.001447, 0.001304, 0.001464, 0.001235, 0.001343, 0.001118, 0.001322, 0.001257, 0.001451, 0.001145, 0.001392, 0.001147, 0.001274, 0.001125, 0.001424, 0.001243, 0.001278, 0.000942, 0.001195, 0.001025, 0.001205, 0.000900, 0.001184, 0.001079, 0.001259, 0.001103, 0.001175, 0.001060, 0.001287, 0.001083, 0.001322, 0.001013
13 , 3, 3, 3, 3, 3, 3, 3
13 , 0.002922, 0.003378, 0.003222, 0.003648, 0.003234, 0.003242, 0.003007
14 , 0.001239, 0.001283, 0.001234, 0.001346, 0.001177, 0.001293, 0.001128, 0.001335, 0.001301, 0.001374, 0.001240, 0.001447, 0.001304, 0.001464, 0.001235, 0.001343, 0.001118, 0.001322, 0.001257, 0.001451, 0.001145, 0.001392, 0.001147, 0.001274, 0.001125, 0.001424, 0.001243, 0.001278, 0.000942, 0.001195, 0.001025, 0.001205, 0.000900, 0.001184, 0.001079, 0.001259, 0.001103, 0.001175, 0.001060, 0.001287, 0.001083, 0.001322, 0.001013, 0.001259, 0.001020, 0.001287, 0.001269, 0.001408, 0.001162, 0.001331, 0.001183, 0.001253, 0.001102, 0.001283, 0.001077, 0.001293, 0.001214, 0.001370, 0.001240, 0.001263, 0.001219, 0.001374, 0.001124, 0.001405, 0.001219, 0.001353, 0.001349, 0.001293, 0.001317, 0.001270, 0.001180, 0.001356, 0.001219, 0.001193, 0.001305, 0.001296, 0.001219, 0.001163, 0.001275, 0.001154, 0.001258, 0.001147, 0.001276, 0.001168, 0.001233, 0.001109, 0.001234, 0.001169, 0.001234, 0.001123, 0.001306, 0.001032
14 , 1, 1, 1, 1, 1, 1, 1
14 , 0.003045, 0.004111, 0.003849, 0.004080, 0.003758, 0.003932, 0.003320
15 , 0.001408, 0.001162, 0.001331, 0.001183, 0.001253, 0.001102, 0.001283, 0.001077, 0.001293, 0.001214, 0.001370, 0.001240, 0.001263, 0.001219, 0.001374, 0.001124, 0.001405, 0.001219, 0.001353, 0.001349, 0.001293, 0.001317, 0.001270, 0.001180, 0.001356, 0.001219, 0.001193, 0.001305, 0.001296, 0.001219, 0.001163, 0.001275, 0.001154, 0.001258, 0.001147, 0.001276, 0.001168, 0.001233, 0.001109, 0.001234, 0.001169, 0.001234, 0.001123, 0.001306, 0.001032, 0.001274, 0.001204, 0.001352, 0.001072, 0.001169, 0.001013, 0.001287, 0.001007, 0.001202, 0.000993, 0.001257, 0.001083, 0.001241, 0.000995, 0.001179, 0.001029, 0.001300, 0.001044, 0.001222, 0.000992, 0.001179, 0.001040, 0.001279, 0.000963, 0.001219, 0.001056, 0.001255, 0.001062, 0.001338, 0.001060, 0.001220, 0.001046, 0.001297, 0.001088, 0.001222, 0.001160, 0.001346, 0.001207, 0.001323, 0.001162, 0.001477, 0.001312, 0.001541, 0.001368, 0.001520, 0.001364, 0.001459
15 , 2, 2, 2, 2, 2, 2, 2
15 , 0.002202, 0.003472, 0.003697, 0.004411, 0.004207, 0.004584, 0.004605
16 , 0.001007, 0.001202, 0.000993, 0.001257, 0.001083, 0.001241, 0.000995, 0.001179, 0.001029, 0.001300, 0.001044, 0.001222, 0.000992, 0.001179, 0.001040, 0.001279, 0.000963, 0.001219, 0.001056, 0.001255, 0.001062, 0.001338, 0.001060, 0.001220, 0.001046, 0.001297, 0.001088, 0.001222, 0.001160, 0.001346, 0.001207, 0.001323, 0.001162, 0.001477, 0.001312, 0.001541, 0.001368, 0.001520, 0.001364, 0.001459, 0.001174, 0.001304, 0.001316, 0.001390, 0.001355, 0.001501, 0.001308, 0.001442, 0.001355, 0.001428, 0.001139, 0.001342, 0.001355, 0.001217, 0.001088, 0.001257, 0.001219, 0.001332, 0.001302, 0.001325, 0.001213, 0.001150, 0.001143, 0.001162, 0.001176, 0.001121, 0.001135, 0.001246, 0.001156, 0.000989, 0.001181, 0.001016, 0.001211, 0.001160, 0.001084, 0.001144, 0.001225, 0.001035, 0.001251, 0.001116, 0.001111, 0.001153, 0.001192, 0.001143, 0.001169, 0.001164, 0.001229, 0.001194, 0.001234, 0.001139, 0.001292, 0.000977
16 , 3, 3, 3, 3, 3, 3, 3
16 , 0.006186, 0.006016, 0.005591, 0.005587, 0.005336, 0.005490, 0.005492
