0 , 0.001017, 0.000979, 0.001330, 0.001168, 0.001277, 0.001194, 0.001247, 0.001469, 0.001435, 0.001588, 0.001316, 0.001479, 0.001552, 0.001449, 0.001485, 0.001396, 0.001578, 0.001383, 0.001353, 0.001436, 0.001285, 0.001393, 0.001475, 0.001506, 0.000922, 0.001340, 0.001449, 0.001201, 0.001252, 0.001143, 0.001245, 0.001051, 0.001190, 0.001058, 0.001369, 0.001148, 0.001252, 0.001308, 0.001407, 0.001320, 0.001367, 0.001298, 0.001367, 0.001341, 0.001393, 0.001445, 0.001488, 0.001497, 0.001449, 0.000710, 0.001017, 0.000777, 0.001079, 0.001142, 0.001036, 0.001095, 0.001042, 0.001502, 0.001475, 0.001496, 0.001356, 0.001306, 0.001549, 0.001425, 0.001542, 0.001448, 0.001389, 0.001606, 0.001439, 0.001608, 0.001414, 0.001546, 0.001508, 0.001851, 0.000010, 0.001456, 0.001219, 0.001312, 0.001198, 0.001159, 0.001224, 0.001228, 0.001096, 0.001099, 0.001048, 0.001179, 0.001004, 0.001158, 0.000977, 0.001152, 0.000958, 0.001118
0 , 1, 1, 1, 1, 1, 1, 1
0 , 0.002042, 0.002535, 0.002939, 0.004371, 0.005388, 0.006277, 0.007997
1 , 0.001079, 0.001142, 0.001036, 0.001095, 0.001042, 0.001502, 0.001475, 0.001496, 0.001356, 0.001306, 0.001549, 0.001425, 0.001542, 0.001448, 0.001389, 0.001606, 0.001439, 0.001608, 0.001414, 0.001546, 0.001508, 0.001851, 0.000010, 0.001456, 0.001219, 0.001312, 0.001198, 0.001159, 0.001224, 0.001228, 0.001096, 0.001099, 0.001048, 0.001179, 0.001004, 0.001158, 0.000977, 0.001152, 0.000958, 0.001118, 0.001015, 0.001261, 0.001078, 0.001150, 0.001024, 0.001058, 0.000887, 0.001332, 0.001143, 0.001363, 0.001290, 0.001622, 0.001461, 0.001544, 0.001359, 0.001338, 0.001526, 0.001379, 0.001523, 0.001430, 0.001473, 0.001400, 0.001215, 0.001594, 0.001461, 0.001442, 0.001297, 0.001221, 0.001307, 0.001347, 0.001360, 0.001415, 0.000932, 0.001116, 0.001615, 0.001528, 0.001555, 0.001368, 0.001627, 0.001381, 0.001498, 0.001355, 0.001519, 0.001281, 0.001553, 0.001302, 0.001350, 0.001182, 0.001330, 0.001166, 0.001257, 0.001274
1 , 2, 1, 1, 1, 1, 1, 1
1 , 0.003705, 0.004686, 0.006005, 0.008601, 0.006393, 0.006556, 0.006306
2 , 0.001363, 0.001290, 0.001622, 0.001461, 0.001544, 0.001359, 0.001338, 0.001526, 0.001379, 0.001523, 0.001430, 0.001473, 0.001400, 0.001215, 0.001594, 0.001461, 0.001442, 0.001297, 0.001221, 0.001307, 0.001347, 0.001360, 0.001415, 0.000932, 0.001116, 0.001615, 0.001528, 0.001555, 0.001368, 0.001627, 0.001381, 0.001498, 0.001355, 0.001519, 0.001281, 0.001553, 0.001302, 0.001350, 0.001182, 0.001330, 0.001166, 0.001257, 0.001274, 0.001315, 0.001185, 0.001159, 0.001181, 0.001131, 0.001387, 0.000218, 0.001117, 0.001278, 0.001359, 0.001397, 0.001228, 0.001257, 0.001193, 0.001429, 0.001230, 0.001293, 0.001569, 0.001237, 0.001347, 0.001194, 0.001297, 0.001509, 0.001416, 0.001489, 0.001161, 0.001409, 0.001484, 0.001240, 0.001373, 0.001412, 0.000469, 0.001551, 0.001413, 0.001479, 0.001232, 0.001274, 0.001291, 0.001335, 0.001279, 0.001279, 0.001317, 0.001295, 0.001288, 0.001211, 0.001345, 0.001255, 0.001363, 0.001113
2 , 2, 2, 2, 2, 2, 1, 1
2 , 0.001298, 0.001958, 0.001864, 0.001586, 0.001931, 0.001086, 0.002757
3 , 0.001359, 0.001397, 0.001228, 0.001257, 0.001193, 0.001429, 0.001230, 0.001293, 0.001569, 0.001237, 0.001347, 0.001194, 0.001297, 0.001509, 0.001416, 0.001489, 0.001161, 0.001409, 0.001484, 0.001240, 0.001373, 0.001412, 0.000469, 0.001551, 0.001413, 0.001479, 0.001232, 0.001274, 0.001291, 0.001335, 0.001279, 0.001279, 0.001317, 0.001295, 0.001288, 0.001211, 0.001345, 0.001255, 0.001363, 0.001113, 0.001359, 0.001108, 0.001329, 0.001041, 0.001354, 0.000254, 0.001019, 0.001479, 0.001390, 0.001581, 0.001428, 0.001603, 0.001663, 0.001558, 0.001641, 0.001517, 0.001855, 0.001715, 0.001797, 0.001745, 0.001767, 0.001906, 0.001610, 0.001721, 0.001690, 0.001666, 0.001737, 0.001658, 0.001615, 0.001664, 0.000177, 0.001335, 0.001386, 0.001433, 0.001393, 0.001206, 0.001436, 0.001164, 0.001196, 0.001185, 0.001338, 0.001099, 0.001270, 0.001089, 0.001349, 0.001059, 0.001245, 0.000976, 0.001333, 0.001111, 0.001283, 0.001170
3 , 1, 1, 1, 1, 1, 1, 1
3 , 0.007867, 0.009540, 0.012705, 0.011395, 0.009260, 0.009724, 0.009658
4 , 0.001390, 0.001581, 0.001428, 0.001603, 0.001663, 0.001558, 0.001641, 0.001517, 0.001855, 0.001715, 0.001797, 0.001745, 0.001767, 0.001906, 0.001610, 0.001721, 0.001690, 0.001666, 0.001737, 0.001658, 0.001615, 0.001664, 0.000177, 0.001335, 0.001386, 0.001433, 0.001393, 0.001206, 0.001436, 0.001164, 0.001196, 0.001185, 0.001338, 0.001099, 0.001270, 0.001089, 0.001349, 0.001059, 0.001245, 0.000976, 0.001333, 0.001111, 0.001283, 0.001170, 0.001428, 0.001234, 0.001367, 0.000990, 0.000532, 0.001203, 0.001220, 0.001163, 0.001186, 0.001292, 0.001554, 0.001365, 0.001484, 0.001372, 0.001461, 0.001488, 0.001514, 0.001686, 0.001267, 0.001626, 0.001651, 0.001589, 0.001680, 0.001466, 0.001748, 0.001763, 0.001527, 0.001779, 0.001094, 0.000816, 0.001250, 0.001171, 0.001155, 0.000965, 0.001225, 0.001051, 0.001171, 0.001131, 0.001065, 0.000849, 0.000969, 0.000829, 0.001005, 0.000919, 0.000879, 0.000879, 0.000914, 0.001069
4 , 1, 1, 1, 1, 1, 1, 1
4 , 0.011629, 0.014452, 0.016807, 0.017906, 0.017485, 0.018557, 0.018193
5 , 0.001163, 0.001186, 0.001292, 0.001554, 0.001365, 0.001484, 0.001372, 0.001461, 0.001488, 0.001514, 0.001686, 0.001267, 0.001626, 0.001651, 0.001589, 0.001680, 0.001466, 0.001748, 0.001763, 0.001527, 0.001779, 0.001094, 0.000816, 0.001250, 0.001171, 0.001155, 0.000965, 0.001225, 0.001051, 0.001171, 0.001131, 0.001065, 0.000849, 0.000969, 0.000829, 0.001005, 0.000919, 0.000879, 0.000879, 0.000914, 0.001069, 0.000964, 0.001141, 0.000935, 0.001213, 0.000401, 0.001253, 0.001547, 0.001396, 0.001555, 0.001393, 0.001591, 0.001575, 0.001596, 0.001508, 0.001358, 0.001546, 0.001541, 0.001546, 0.001567, 0.001329, 0.001578, 0.001528, 0.001569, 0.001347, 0.001454, 0.001615, 0.001418, 0.001541, 0.001404, 0.000452, 0.001419, 0.001600, 0.001465, 0.001291, 0.001277, 0.001324, 0.001104, 0.001199, 0.001128, 0.001218, 0.001170, 0.001304, 0.001127, 0.001425, 0.001191, 0.001430, 0.001140, 0.001425, 0.001144, 0.001339, 0.001184
5 , 1, 1, 1, 1, 1, 1, 1
5 , 0.012352, 0.014386, 0.017408, 0.015590, 0.014402, 0.014958, 0.014245
6 , 0.001396, 0.001555, 0.001393, 0.001591, 0.001575, 0.001596, 0.001508, 0.001358, 0.001546, 0.001541, 0.001546, 0.001567, 0.001329, 0.001578, 0.001528, 0.001569, 0.001347, 0.001454, 0.001615, 0.001418, 0.001541, 0.001404, 0.000452, 0.001419, 0.001600, 0.001465, 0.001291, 0.001277, 0.001324, 0.001104, 0.001199, 0.001128, 0.001218, 0.001170, 0.001304, 0.001127, 0.001425, 0.001191, 0.001430, 0.001140, 0.001425, 0.001144, 0.001339, 0.001184, 0.001399, 0.001167, 0.001583, 0.000315, 0.001011, 0.001230, 0.001267, 0.001212, 0.001453, 0.001432, 0.001597, 0.001599, 0.001711, 0.001550, 0.001692, 0.001737, 0.001578, 0.001770, 0.001565, 0.001707, 0.001677, 0.001842, 0.001804, 0.001640, 0.001840, 0.001903, 0.001723, 0.001791, 0.000347, 0.001139, 0.001434, 0.001204, 0.001169, 0.001052, 0.001182, 0.001082, 0.001419, 0.001189, 0.001219, 0.000997, 0.001321, 0.001041, 0.001108, 0.001099, 0.001287, 0.000969, 0.001028, 0.001014
6 , 1, 1, 1, 1, 1, 1, 1
6 , 0.009068, 0.011413, 0.013688, 0.014217, 0.015417, 0.014348, 0.014835
7 , 0.001267, 0.001212, 0.001453, 0.001432, 0.001597, 0.001599, 0.001711, 0.001550, 0.001692, 0.001737, 0.001578, 0.001770, 0.001565, 0.001707, 0.001677, 0.001842, 0.001804, 0.001640, 0.001840, 0.001903, 0.001723, 0.001791, 0.000347, 0.001139, 0.001434, 0.001204, 0.001169, 0.001052, 0.001182, 0.001082, 0.001419, 0.001189, 0.001219, 0.000997, 0.001321, 0.001041, 0.001108, 0.001099, 0.001287, 0.000969, 0.001028, 0.001014, 0.001259, 0.001023, 0.001139, 0.000853, 0.000775, 0.001226, 0.001500, 0.001362, 0.001501, 0.001391, 0.001576, 0.001584, 0.001589, 0.001619, 0.001463, 0.001660, 0.001482, 0.001436, 0.001480, 0.001331, 0.001588, 0.001475, 0.001585, 0.001400, 0.001408, 0.001499, 0.001247, 0.001638, 0.000839, 0.001109, 0.001566, 0.001609, 0.001415, 0.001419, 0.001415, 0.001325, 0.001273, 0.001291, 0.001217, 0.001217, 0.001261, 0.001244, 0.001193, 0.001396, 0.001220, 0.001301, 0.001271, 0.001368, 0.001057, 0.001331
7 , 1, 1, 1, 1, 1, 1, 1
7 , 0.009686, 0.012026, 0.014974, 0.016124, 0.014216, 0.014116, 0.015011
8 , 0.001362, 0.001501, 0.001391, 0.001576, 0.001584, 0.001589, 0.001619, 0.001463, 0.001660, 0.001482, 0.001436, 0.001480, 0.001331, 0.001588, 0.001475, 0.001585, 0.001400, 0.001408, 0.001499, 0.001247, 0.001638, 0.000839, 0.001109, 0.001566, 0.001609, 0.001415, 0.001419, 0.001415, 0.001325, 0.001273, 0.001291, 0.001217, 0.001217, 0.001261, 0.001244, 0.001193, 0.001396, 0.001220, 0.001301, 0.001271, 0.001368, 0.001057, 0.001331, 0.001101, 0.001298, 0.001015, 0.001250, 0.000315, 0.001055, 0.001295, 0.001428, 0.001412, 0.001503, 0.001431, 0.001793, 0.001735, 0.001670, 0.001568, 0.001650, 0.001907, 0.001731, 0.001664, 0.001597, 0.001870, 0.001832, 0.001610, 0.001832, 0.001521, 0.001699, 0.001849, 0.001650, 0.001753, 0.000290, 0.001002, 0.001387, 0.001134, 0.001143, 0.000966, 0.001143, 0.001054, 0.001324, 0.001094, 0.001326, 0.001064, 0.001380, 0.001128, 0.001339, 0.001024, 0.001245, 0.001025, 0.001208, 0.001018
8 , 1, 1, 1, 1, 1, 1, 1
8 , 0.009597, 0.011093, 0.013603, 0.013564, 0.016060, 0.015084, 0.014955
9 , 0.001428, 0.001412, 0.001503, 0.001431, 0.001793, 0.001735, 0.001670, 0.001568, 0.001650, 0.001907, 0.001731, 0.001664, 0.001597, 0.001870, 0.001832, 0.001610, 0.001832, 0.001521, 0.001699, 0.001849, 0.001650, 0.001753, 0.000290, 0.001002, 0.001387, 0.001134, 0.001143, 0.000966, 0.001143, 0.001054, 0.001324, 0.001094, 0.001326, 0.001064, 0.001380, 0.001128, 0.001339, 0.001024, 0.001245, 0.001025, 0.001208, 0.001018, 0.001238, 0.001078, 0.001371, 0.000400, 0.001179, 0.001302, 0.001487, 0.001376, 0.001507, 0.001337, 0.001594, 0.001702, 0.001489, 0.001576, 0.001480, 0.001677, 0.001501, 0.001530, 0.001617, 0.001427, 0.001725, 0.001578, 0.001713, 0.001711, 0.001587, 0.001761, 0.001438, 0.001686, 0.001363, 0.001864, 0.000685, 0.001440, 0.001433, 0.001275, 0.001198, 0.001173, 0.001161, 0.001138, 0.001194, 0.001219, 0.001335, 0.001228, 0.001261, 0.001076, 0.001094, 0.001018, 0.001222, 0.000855, 0.001069, 0.000888
9 , 1, 1, 1, 1, 1, 1, 1
9 , 0.013382, 0.016045, 0.019794, 0.021485, 0.020697, 0.018902, 0.019327
10 , 0.001376, 0.001507, 0.001337, 0.001594, 0.001702, 0.001489, 0.001576, 0.001480, 0.001677, 0.001501, 0.001530, 0.001617, 0.001427, 0.001725, 0.001578, 0.001713, 0.001711, 0.001587, 0.001761, 0.001438, 0.001686, 0.001363, 0.001864, 0.000685, 0.001440, 0.001433, 0.001275, 0.001198, 0.001173, 0.001161, 0.001138, 0.001194, 0.001219, 0.001335, 0.001228, 0.001261, 0.001076, 0.001094, 0.001018, 0.001222, 0.000855, 0.001069, 0.000888, 0.001063, 0.000782, 0.000973, 0.000797, 0.001068, 0.000823, 0.000943, 0.000732, 0.000983, 0.000762, 0.000853, 0.000697, 0.000908, 0.000772, 0.000898, 0.000622, 0.000938, 0.000783, 0.000989, 0.000920, 0.000995, 0.000779, 0.000949, 0.000815, 0.001047, 0.001063, 0.001093, 0.000998, 0.001113, 0.001045, 0.001150, 0.001064, 0.001101, 0.001045, 0.001106, 0.001050, 0.001127, 0.001138, 0.000994, 0.001064, 0.001129, 0.001133, 0.001017, 0.001157, 0.001103, 0.001215, 0.001015, 0.001215, 0.000997
10 , 2, 2, 2, 2, 2, 2, 2
10 , 0.012576, 0.013163, 0.014262, 0.014502, 0.015818, 0.014707, 0.015162
11 , 0.000732, 0.000983, 0.000762, 0.000853, 0.000697, 0.000908, 0.000772, 0.000898, 0.000622, 0.000938, 0.000783, 0.000989, 0.000920, 0.000995, 0.000779, 0.000949, 0.000815, 0.001047, 0.001063, 0.001093, 0.000998, 0.001113, 0.001045, 0.001150, 0.001064, 0.001101, 0.001045, 0.001106, 0.001050, 0.001127, 0.001138, 0.000994, 0.001064, 0.001129, 0.001133, 0.001017, 0.001157, 0.001103, 0.001215, 0.001015, 0.001215, 0.000997, 0.001191, 0.001117, 0.001212, 0.001034, 0.001196, 0.001015, 0.001249, 0.001050, 0.001184, 0.000913, 0.001136, 0.000932, 0.001129, 0.001015, 0.001144, 0.000757, 0.001212, 0.001042, 0.001146, 0.000840, 0.001080, 0.000924, 0.001049, 0.000833, 0.001079, 0.000828, 0.001048, 0.000908, 0.001043, 0.000958, 0.001003, 0.000813, 0.000974, 0.000955, 0.001081, 0.000996, 0.001112, 0.000958, 0.001069, 0.000999, 0.001080, 0.001066, 0.001196, 0.001099, 0.001129, 0.001145, 0.001215, 0.001219, 0.001201, 0.001150
11 , 3, 0, 0, 0, 0, 0, 0
11 , 0.005032, 0.005317, 0.005598, 0.005769, 0.005670, 0.006013, 0.006243
12 , 0.001136, 0.000932, 0.001129, 0.001015, 0.001144, 0.000757, 0.001212, 0.001042, 0.001146, 0.000840, 0.001080, 0.000924, 0.001049, 0.000833, 0.001079, 0.000828, 0.001048, 0.000908, 0.001043, 0.000958, 0.001003, 0.000813, 0.000974, 0.000955, 0.001081, 0.000996, 0.001112, 0.000958, 0.001069, 0.000999, 0.001080, 0.001066, 0.001196, 0.001099, 0.001129, 0.001145, 0.001215, 0.001219, 0.001201, 0.001150, 0.001145, 0.001168, 0.001122, 0.001011, 0.001092, 0.001071, 0.001031, 0.001122, 0.001036, 0.001136, 0.001080, 0.001145, 0.001027, 0.001220, 0.001071, 0.001192, 0.001082, 0.001340, 0.001075, 0.001226, 0.000932, 0.001203, 0.001146, 0.001327, 0.001211, 0.001322, 0.001339, 0.001417, 0.001107, 0.001415, 0.001184, 0.001378, 0.001107, 0.001327, 0.001309, 0.001366, 0.001304, 0.001520, 0.001191, 0.001489, 0.001238, 0.001527, 0.001216, 0.001410, 0.001190, 0.001428, 0.001203, 0.001290, 0.001255, 0.001425, 0.001110, 0.001229
12 , 0, 0, 0, 0, 0, 0, 0
12 , 0.004181, 0.004710, 0.004311, 0.004523, 0.004248, 0.004380, 0.003998
13 , 0.001122, 0.001036, 0.001136, 0.001080, 0.001145, 0.001027, 0.001220, 0.001071, 0.001192, 0.001082, 0.001340, 0.001075, 0.001226, 0.000932, 0.001203, 0.001146, 0.001327, 0.001211, 0.001322, 0.001339, 0.001417, 0.001107, 0.001415, 0.001184, 0.001378, 0.001107, 0.001327, 0.001309, 0.001366, 0.001304, 0.001520, 0.001191, 0.001489, 0.001238, 0.001527, 0.001216, 0.001410, 0.001190, 0.001428, 0.001203, 0.001290, 0.001255, 0.001425, 0.001110, 0.001229, 0.001050, 0.001252, 0.001031, 0.001153, 0.000860, 0.000893, 0.000777, 0.001003, 0.000783, 0.000823, 0.000779, 0.000779, 0.000735, 0.000741, 0.000646, 0.000736, 0.000667, 0.000793, 0.000662, 0.000766, 0.000740, 0.000724, 0.000618, 0.000732, 0.000833, 0.000767, 0.000808, 0.000979, 0.000970, 0.000995, 0.001158, 0.001055, 0.001113, 0.001094, 0.001180, 0.001152, 0.001178, 0.001108, 0.001194, 0.001180, 0.001189, 0.001094, 0.001270, 0.001115, 0.001263, 0.001133, 0.001284
13 , 0, 0, 0, 0, 0, 0, 0
13 , 0.009578, 0.010248, 0.010052, 0.011124, 0.011043, 0.011201, 0.010497
14 , 0.000777, 0.001003, 0.000783, 0.000823, 0.000779, 0.000779, 0.000735, 0.000741, 0.000646, 0.000736, 0.000667, 0.000793, 0.000662, 0.000766, 0.000740, 0.000724, 0.000618, 0.000732, 0.000833, 0.000767, 0.000808, 0.000979, 0.000970, 0.000995, 0.001158, 0.001055, 0.001113, 0.001094, 0.001180, 0.001152, 0.001178, 0.001108, 0.001194, 0.001180, 0.001189, 0.001094, 0.001270, 0.001115, 0.001263, 0.001133, 0.001284, 0.001180, 0.001140, 0.001136, 0.001356, 0.001252, 0.001284, 0.001036, 0.001275, 0.001196, 0.001365, 0.001013, 0.001285, 0.000944, 0.001301, 0.001127, 0.001231, 0.001082, 0.001289, 0.001115, 0.001240, 0.001062, 0.001428, 0.001211, 0.001422, 0.001067, 0.001396, 0.001162, 0.001259, 0.001146, 0.001398, 0.001233, 0.001270, 0.001071, 0.001249, 0.000966, 0.001238, 0.001145, 0.001119, 0.000994, 0.001119, 0.001050, 0.001159, 0.000983, 0.001115, 0.000979, 0.001160, 0.001106, 0.001145, 0.000963, 0.001091, 0.001007
14 , 3, 3, 3, 3, 3, 3, 3
14 , 0.009342, 0.010516, 0.010960, 0.011685, 0.011982, 0.012419, 0.011987
15 , 0.001013, 0.001285, 0.000944, 0.001301, 0.001127, 0.001231, 0.001082, 0.001289, 0.001115, 0.001240, 0.001062, 0.001428, 0.001211, 0.001422, 0.001067, 0.001396, 0.001162, 0.001259, 0.001146, 0.001398, 0.001233, 0.001270, 0.001071, 0.001249, 0.000966, 0.001238, 0.001145, 0.001119, 0.000994, 0.001119, 0.001050, 0.001159, 0.000983, 0.001115, 0.000979, 0.001160, 0.001106, 0.001145, 0.000963, 0.001091, 0.001007, 0.001007, 0.001117, 0.001041, 0.000996, 0.001192, 0.001061, 0.001051, 0.000965, 0.001095, 0.000975, 0.000914, 0.000959, 0.000989, 0.000908, 0.000923, 0.001039, 0.000958, 0.000943, 0.000828, 0.000782, 0.000818, 0.000983, 0.000908, 0.000883, 0.000948, 0.000888, 0.000903, 0.000908, 0.000762, 0.001003, 0.000863, 0.000988, 0.000874, 0.001116, 0.001096, 0.001166, 0.001007, 0.001199, 0.001131, 0.001241, 0.001147, 0.001310, 0.001212, 0.001363, 0.001193, 0.001392, 0.001247, 0.001330, 0.001128, 0.001478, 0.001248
15 , 2, 2, 2, 2, 2, 2, 2
15 , 0.006181, 0.007014, 0.008238, 0.008655, 0.009437, 0.009867, 0.010491
16 , 0.000959, 0.000989, 0.000908, 0.000923, 0.001039, 0.000958, 0.000943, 0.000828, 0.000782, 0.000818, 0.000983, 0.000908, 0.000883, 0.000948, 0.000888, 0.000903, 0.000908, 0.000762, 0.001003, 0.000863, 0.000988, 0.000874, 0.001116, 0.001096, 0.001166, 0.001007, 0.001199, 0.001131, 0.001241, 0.001147, 0.001310, 0.001212, 0.001363, 0.001193, 0.001392, 0.001247, 0.001330, 0.001128, 0.001478, 0.001248, 0.001378, 0.001193, 0.001383, 0.001369, 0.001431, 0.001236, 0.001431, 0.001193, 0.001327, 0.001211, 0.001433, 0.001222, 0.001333, 0.001117, 0.001271, 0.001071, 0.001309, 0.000972, 0.001196, 0.001025, 0.001181, 0.000965, 0.001049, 0.000723, 0.001023, 0.000858, 0.000998, 0.000808, 0.001079, 0.000858, 0.000959, 0.000905, 0.001337, 0.001128, 0.001098, 0.000979, 0.001129, 0.001131, 0.001171, 0.001129, 0.001270, 0.001036, 0.001152, 0.001099, 0.001125, 0.001185, 0.001292, 0.001138, 0.001233, 0.001159, 0.001138, 0.001108
16 , 3, 3, 0, 0, 0, 0, 0
16 , 0.007068, 0.007435, 0.007916, 0.009135, 0.009593, 0.009536, 0.009442
