0 , 0.001136, 0.001218, 0.001079, 0.001294, 0.001146, 0.001334, 0.001222, 0.001334, 0.001367, 0.001277, 0.001538, 0.001433, 0.001532, 0.001463, 0.001554, 0.001739, 0.001625, 0.001870, 0.001648, 0.001767, 0.001769, 0.001877, 0.001566, 0.000867, 0.001121, 0.001283, 0.001023, 0.001220, 0.000976, 0.001095, 0.000962, 0.001231, 0.001006, 0.001236, 0.000976, 0.001301, 0.000992, 0.001185, 0.000925, 0.001243, 0.000985, 0.001125, 0.000958, 0.001111, 0.000923, 0.001227, 0.000083, 0.001299, 0.001127, 0.001351, 0.001376, 0.001336, 0.001267, 0.001331, 0.001444, 0.001245, 0.001400, 0.001357, 0.001350, 0.001443, 0.001327, 0.001287, 0.001059, 0.001357, 0.001374, 0.001301, 0.001446, 0.001162, 0.001377, 0.001194, 0.001756, 0.000346, 0.001418, 0.001434, 0.001267, 0.001199, 0.001083, 0.001213, 0.001049, 0.001230, 0.001065, 0.001074, 0.001134, 0.001213, 0.001109, 0.001156, 0.001172, 0.001181, 0.001221, 0.001190, 0.001163, 0.001159
0 , 1, 1, 1, 1, 1, 1, 1
0 , 0.004788, 0.006518, 0.008527, 0.013491, 0.012445, 0.012425, 0.012602
1 , 0.001351, 0.001376, 0.001336, 0.001267, 0.001331, 0.001444, 0.001245, 0.001400, 0.001357, 0.001350, 0.001443, 0.001327, 0.001287, 0.001059, 0.001357, 0.001374, 0.001301, 0.001446, 0.001162, 0.001377, 0.001194, 0.001756, 0.000346, 0.001418, 0.001434, 0.001267, 0.001199, 0.001083, 0.001213, 0.001049, 0.001230, 0.001065, 0.001074, 0.001134, 0.001213, 0.001109, 0.001156, 0.001172, 0.001181, 0.001221, 0.001190, 0.001163, 0.001159, 0.001138, 0.001120, 0.001153, 0.001144, 0.000902, 0.000879, 0.001104, 0.001313, 0.001320, 0.001263, 0.001508, 0.001227, 0.001492, 0.001488, 0.001451, 0.001477, 0.001502, 0.001642, 0.001559, 0.001534, 0.001427, 0.001550, 0.001740, 0.001497, 0.001600, 0.001479, 0.001669, 0.001548, 0.001923, 0.000713, 0.001415, 0.001194, 0.001340, 0.001148, 0.001071, 0.001030, 0.001136, 0.000925, 0.001150, 0.001052, 0.001192, 0.001011, 0.001206, 0.001092, 0.001230, 0.001077, 0.001462, 0.001184, 0.001271
1 , 1, 1, 1, 1, 1, 1, 1
1 , 0.005471, 0.007398, 0.008336, 0.010257, 0.010608, 0.010342, 0.011318
2 , 0.001263, 0.001508, 0.001227, 0.001492, 0.001488, 0.001451, 0.001477, 0.001502, 0.001642, 0.001559, 0.001534, 0.001427, 0.001550, 0.001740, 0.001497, 0.001600, 0.001479, 0.001669, 0.001548, 0.001923, 0.000713, 0.001415, 0.001194, 0.001340, 0.001148, 0.001071, 0.001030, 0.001136, 0.000925, 0.001150, 0.001052, 0.001192, 0.001011, 0.001206, 0.001092, 0.001230, 0.001077, 0.001462, 0.001184, 0.001271, 0.001033, 0.001395, 0.001179, 0.001426, 0.000256, 0.001156, 0.001169, 0.001291, 0.001218, 0.001443, 0.001284, 0.001482, 0.001578, 0.001469, 0.001562, 0.001386, 0.001512, 0.001562, 0.001459, 0.001427, 0.001274, 0.001483, 0.001433, 0.001549, 0.001499, 0.001316, 0.001558, 0.001493, 0.001671, 0.001662, 0.001530, 0.000600, 0.001544, 0.001370, 0.001316, 0.001124, 0.001370, 0.001257, 0.001310, 0.001210, 0.001219, 0.001310, 0.001344, 0.001115, 0.001215, 0.001211, 0.001323, 0.001228, 0.001172, 0.001219, 0.001224, 0.001289
2 , 1, 1, 1, 1, 1, 1, 1
2 , 0.008294, 0.012647, 0.012547, 0.013491, 0.012166, 0.012838, 0.012841
3 , 0.001443, 0.001284, 0.001482, 0.001578, 0.001469, 0.001562, 0.001386, 0.001512, 0.001562, 0.001459, 0.001427, 0.001274, 0.001483, 0.001433, 0.001549, 0.001499, 0.001316, 0.001558, 0.001493, 0.001671, 0.001662, 0.001530, 0.000600, 0.001544, 0.001370, 0.001316, 0.001124, 0.001370, 0.001257, 0.001310, 0.001210, 0.001219, 0.001310, 0.001344, 0.001115, 0.001215, 0.001211, 0.001323, 0.001228, 0.001172, 0.001219, 0.001224, 0.001289, 0.001067, 0.001153, 0.000920, 0.001213, 0.000048, 0.001165, 0.001481, 0.001599, 0.001575, 0.001474, 0.001649, 0.001680, 0.001828, 0.001724, 0.001606, 0.001812, 0.001628, 0.001767, 0.001746, 0.001649, 0.001914, 0.001775, 0.001945, 0.001702, 0.001840, 0.001819, 0.001821, 0.001717, 0.001846, 0.000193, 0.001406, 0.001294, 0.001220, 0.001176, 0.001083, 0.001139, 0.001139, 0.001264, 0.001079, 0.001231, 0.001071, 0.001201, 0.001113, 0.001278, 0.001014, 0.001350, 0.001198, 0.001390, 0.001058
3 , 1, 1, 1, 1, 1, 1, 1
3 , 0.009987, 0.012294, 0.014740, 0.016531, 0.018541, 0.017384, 0.017047
4 , 0.001599, 0.001575, 0.001474, 0.001649, 0.001680, 0.001828, 0.001724, 0.001606, 0.001812, 0.001628, 0.001767, 0.001746, 0.001649, 0.001914, 0.001775, 0.001945, 0.001702, 0.001840, 0.001819, 0.001821, 0.001717, 0.001846, 0.000193, 0.001406, 0.001294, 0.001220, 0.001176, 0.001083, 0.001139, 0.001139, 0.001264, 0.001079, 0.001231, 0.001071, 0.001201, 0.001113, 0.001278, 0.001014, 0.001350, 0.001198, 0.001390, 0.001058, 0.001343, 0.001018, 0.001445, 0.000756, 0.000811, 0.001239, 0.001223, 0.001369, 0.001273, 0.001374, 0.001566, 0.001340, 0.001628, 0.001401, 0.001637, 0.001644, 0.001623, 0.001692, 0.001433, 0.001584, 0.001627, 0.001664, 0.001641, 0.001479, 0.001716, 0.001639, 0.001554, 0.001695, 0.000695, 0.001091, 0.001380, 0.001352, 0.001398, 0.001097, 0.001282, 0.001060, 0.001340, 0.001153, 0.001150, 0.001081, 0.001271, 0.001011, 0.001194, 0.001102, 0.001269, 0.001062, 0.001141, 0.001088, 0.001218, 0.001174
4 , 1, 1, 1, 1, 1, 1, 1
4 , 0.014216, 0.016940, 0.019870, 0.020673, 0.017947, 0.018425, 0.018326
5 , 0.001369, 0.001273, 0.001374, 0.001566, 0.001340, 0.001628, 0.001401, 0.001637, 0.001644, 0.001623, 0.001692, 0.001433, 0.001584, 0.001627, 0.001664, 0.001641, 0.001479, 0.001716, 0.001639, 0.001554, 0.001695, 0.000695, 0.001091, 0.001380, 0.001352, 0.001398, 0.001097, 0.001282, 0.001060, 0.001340, 0.001153, 0.001150, 0.001081, 0.001271, 0.001011, 0.001194, 0.001102, 0.001269, 0.001062, 0.001141, 0.001088, 0.001218, 0.001174, 0.001218, 0.001071, 0.001178, 0.001141, 0.000636, 0.001318, 0.001538, 0.001461, 0.001517, 0.001454, 0.001828, 0.001624, 0.001606, 0.001599, 0.001540, 0.001802, 0.001511, 0.001717, 0.001411, 0.001422, 0.001503, 0.001281, 0.001513, 0.001314, 0.001483, 0.001420, 0.001273, 0.001459, 0.001157, 0.000809, 0.001812, 0.001693, 0.001765, 0.001575, 0.001654, 0.001646, 0.001658, 0.001514, 0.001459, 0.001487, 0.001519, 0.001439, 0.001378, 0.001412, 0.001230, 0.001391, 0.001168, 0.001097, 0.000876
5 , 2, 1, 1, 1, 1, 1, 1
5 , 0.007021, 0.008079, 0.009324, 0.009251, 0.009961, 0.009605, 0.010436
6 , 0.001454, 0.001828, 0.001624, 0.001606, 0.001599, 0.001540, 0.001802, 0.001511, 0.001717, 0.001411, 0.001422, 0.001503, 0.001281, 0.001513, 0.001314, 0.001483, 0.001420, 0.001273, 0.001459, 0.001157, 0.000809, 0.001812, 0.001693, 0.001765, 0.001575, 0.001654, 0.001646, 0.001658, 0.001514, 0.001459, 0.001487, 0.001519, 0.001439, 0.001378, 0.001412, 0.001230, 0.001391, 0.001168, 0.001097, 0.000876, 0.001144, 0.000824, 0.001047, 0.000158, 0.001302, 0.001713, 0.001760, 0.001804, 0.001679, 0.001923, 0.001879, 0.001975, 0.002101, 0.001916, 0.002233, 0.002040, 0.001817, 0.001750, 0.001765, 0.002006, 0.001703, 0.001833, 0.001826, 0.001654, 0.001788, 0.001769, 0.001740, 0.001905, 0.000163, 0.001268, 0.001408, 0.001243, 0.001362, 0.001197, 0.001283, 0.001123, 0.001339, 0.001075, 0.001218, 0.001024, 0.001240, 0.001158, 0.001352, 0.001076, 0.001292, 0.001110, 0.001348, 0.001179, 0.001245, 0.000978, 0.001219, 0.001038
6 , 1, 1, 1, 1, 1, 1, 1
6 , 0.019545, 0.017065, 0.015113, 0.015476, 0.015012, 0.015359, 0.014439
7 , 0.001760, 0.001804, 0.001679, 0.001923, 0.001879, 0.001975, 0.002101, 0.001916, 0.002233, 0.002040, 0.001817, 0.001750, 0.001765, 0.002006, 0.001703, 0.001833, 0.001826, 0.001654, 0.001788, 0.001769, 0.001740, 0.001905, 0.000163, 0.001268, 0.001408, 0.001243, 0.001362, 0.001197, 0.001283, 0.001123, 0.001339, 0.001075, 0.001218, 0.001024, 0.001240, 0.001158, 0.001352, 0.001076, 0.001292, 0.001110, 0.001348, 0.001179, 0.001245, 0.000978, 0.001219, 0.001038, 0.001274, 0.000722, 0.000993, 0.001319, 0.001456, 0.001465, 0.001603, 0.001442, 0.001699, 0.001630, 0.001440, 0.001449, 0.001475, 0.001754, 0.001614, 0.001690, 0.001491, 0.001630, 0.001740, 0.001555, 0.001745, 0.001562, 0.001518, 0.001698, 0.001468, 0.001843, 0.000797, 0.000972, 0.001329, 0.001271, 0.001413, 0.001187, 0.001282, 0.001252, 0.001394, 0.001187, 0.001390, 0.001347, 0.001342, 0.001299, 0.001321, 0.001282, 0.001282, 0.001334, 0.001265, 0.001365
7 , 1, 1, 1, 1, 1, 1, 1
7 , 0.014662, 0.017304, 0.019536, 0.020656, 0.020309, 0.019400, 0.018672
8 , 0.001319, 0.001456, 0.001465, 0.001603, 0.001442, 0.001699, 0.001630, 0.001440, 0.001449, 0.001475, 0.001754, 0.001614, 0.001690, 0.001491, 0.001630, 0.001740, 0.001555, 0.001745, 0.001562, 0.001518, 0.001698, 0.001468, 0.001843, 0.000797, 0.000972, 0.001329, 0.001271, 0.001413, 0.001187, 0.001282, 0.001252, 0.001394, 0.001187, 0.001390, 0.001347, 0.001342, 0.001299, 0.001321, 0.001282, 0.001282, 0.001334, 0.001265, 0.001365, 0.001154, 0.001249, 0.001169, 0.001298, 0.000516, 0.001279, 0.001440, 0.001357, 0.001522, 0.001416, 0.001503, 0.001696, 0.001631, 0.001675, 0.001482, 0.001682, 0.001750, 0.001669, 0.001689, 0.001505, 0.001622, 0.001613, 0.001666, 0.001650, 0.001620, 0.001797, 0.001701, 0.001792, 0.001592, 0.000515, 0.001152, 0.001304, 0.001147, 0.000980, 0.000789, 0.001044, 0.000833, 0.001048, 0.000832, 0.000967, 0.000706, 0.000801, 0.000626, 0.000967, 0.000777, 0.001014, 0.000663, 0.000829, 0.000607
8 , 1, 1, 1, 1, 1, 1, 1
8 , 0.013070, 0.015264, 0.018172, 0.020494, 0.024146, 0.022083, 0.021047
9 , 0.001357, 0.001522, 0.001416, 0.001503, 0.001696, 0.001631, 0.001675, 0.001482, 0.001682, 0.001750, 0.001669, 0.001689, 0.001505, 0.001622, 0.001613, 0.001666, 0.001650, 0.001620, 0.001797, 0.001701, 0.001792, 0.001592, 0.000515, 0.001152, 0.001304, 0.001147, 0.000980, 0.000789, 0.001044, 0.000833, 0.001048, 0.000832, 0.000967, 0.000706, 0.000801, 0.000626, 0.000967, 0.000777, 0.001014, 0.000663, 0.000829, 0.000607, 0.000867, 0.000672, 0.000937, 0.000721, 0.001152, 0.000085, 0.001223, 0.001218, 0.001333, 0.001307, 0.001337, 0.001103, 0.001334, 0.001300, 0.001277, 0.001211, 0.001128, 0.001352, 0.001083, 0.001196, 0.001130, 0.000981, 0.001209, 0.001041, 0.001041, 0.001094, 0.001226, 0.001260, 0.000977, 0.001600, 0.000241, 0.001334, 0.001468, 0.001486, 0.001455, 0.001218, 0.001422, 0.001141, 0.001281, 0.001027, 0.001210, 0.001008, 0.001146, 0.001014, 0.001177, 0.000952, 0.001031, 0.000904, 0.001035, 0.000979
9 , 2, 2, 2, 2, 1, 1, 1
9 , 0.014497, 0.015835, 0.016653, 0.017423, 0.018593, 0.016475, 0.016969
10 , 0.001333, 0.001307, 0.001337, 0.001103, 0.001334, 0.001300, 0.001277, 0.001211, 0.001128, 0.001352, 0.001083, 0.001196, 0.001130, 0.000981, 0.001209, 0.001041, 0.001041, 0.001094, 0.001226, 0.001260, 0.000977, 0.001600, 0.000241, 0.001334, 0.001468, 0.001486, 0.001455, 0.001218, 0.001422, 0.001141, 0.001281, 0.001027, 0.001210, 0.001008, 0.001146, 0.001014, 0.001177, 0.000952, 0.001031, 0.000904, 0.001035, 0.000979, 0.001109, 0.000933, 0.000930, 0.000545, 0.001187, 0.001431, 0.001680, 0.001496, 0.001686, 0.001591, 0.001613, 0.001750, 0.001617, 0.001839, 0.001611, 0.001732, 0.001694, 0.001620, 0.001723, 0.001517, 0.001683, 0.001525, 0.001456, 0.001507, 0.001376, 0.001735, 0.001614, 0.001644, 0.001497, 0.001754, 0.001427, 0.001020, 0.001278, 0.001236, 0.001244, 0.001134, 0.001126, 0.000966, 0.001121, 0.000885, 0.001090, 0.000850, 0.001177, 0.000861, 0.001231, 0.001010, 0.001030, 0.000739, 0.001084, 0.000808
10 , 1, 1, 1, 1, 1, 1, 1
10 , 0.008151, 0.011218, 0.013061, 0.014856, 0.013622, 0.013622, 0.013288
11 , 0.001496, 0.001686, 0.001591, 0.001613, 0.001750, 0.001617, 0.001839, 0.001611, 0.001732, 0.001694, 0.001620, 0.001723, 0.001517, 0.001683, 0.001525, 0.001456, 0.001507, 0.001376, 0.001735, 0.001614, 0.001644, 0.001497, 0.001754, 0.001427, 0.001020, 0.001278, 0.001236, 0.001244, 0.001134, 0.001126, 0.000966, 0.001121, 0.000885, 0.001090, 0.000850, 0.001177, 0.000861, 0.001231, 0.001010, 0.001030, 0.000739, 0.001084, 0.000808, 0.001029, 0.000854, 0.000979, 0.000885, 0.001026, 0.000884, 0.001083, 0.000944, 0.001055, 0.001006, 0.001160, 0.000939, 0.001064, 0.001009, 0.001090, 0.000890, 0.001036, 0.001143, 0.001036, 0.000957, 0.001008, 0.001129, 0.001115, 0.001120, 0.001064, 0.001115, 0.001174, 0.001123, 0.001035, 0.001116, 0.000991, 0.001139, 0.000963, 0.001204, 0.001083, 0.001171, 0.001076, 0.001208, 0.001057, 0.001213, 0.000937, 0.001172, 0.000906, 0.001155, 0.000784, 0.000943, 0.000833, 0.001083, 0.000842
11 , 2, 2, 2, 2, 2, 1, 1
11 , 0.011431, 0.012075, 0.012668, 0.012579, 0.013419, 0.014010, 0.013181
12 , 0.001055, 0.001006, 0.001160, 0.000939, 0.001064, 0.001009, 0.001090, 0.000890, 0.001036, 0.001143, 0.001036, 0.000957, 0.001008, 0.001129, 0.001115, 0.001120, 0.001064, 0.001115, 0.001174, 0.001123, 0.001035, 0.001116, 0.000991, 0.001139, 0.000963, 0.001204, 0.001083, 0.001171, 0.001076, 0.001208, 0.001057, 0.001213, 0.000937, 0.001172, 0.000906, 0.001155, 0.000784, 0.000943, 0.000833, 0.001083, 0.000842, 0.000898, 0.000723, 0.001093, 0.000837, 0.001038, 0.000813, 0.000983, 0.000767, 0.001098, 0.000933, 0.001139, 0.000884, 0.001209, 0.000975, 0.001188, 0.000923, 0.001069, 0.000971, 0.001213, 0.001138, 0.001266, 0.001185, 0.001345, 0.001138, 0.001134, 0.001104, 0.001104, 0.001064, 0.001298, 0.001180, 0.001141, 0.001187, 0.001102, 0.001106, 0.001067, 0.001041, 0.001111, 0.001076, 0.001020, 0.001073, 0.001027, 0.001080, 0.000974, 0.001004, 0.000879, 0.001018, 0.000928, 0.001144, 0.001011, 0.001169, 0.000949
12 , 2, 1, 1, 1, 1, 1, 1
12 , 0.000644, 0.001014, 0.001352, 0.002427, 0.002587, 0.003709, 0.003447
13 , 0.001139, 0.000884, 0.001209, 0.000975, 0.001188, 0.000923, 0.001069, 0.000971, 0.001213, 0.001138, 0.001266, 0.001185, 0.001345, 0.001138, 0.001134, 0.001104, 0.001104, 0.001064, 0.001298, 0.001180, 0.001141, 0.001187, 0.001102, 0.001106, 0.001067, 0.001041, 0.001111, 0.001076, 0.001020, 0.001073, 0.001027, 0.001080, 0.000974, 0.001004, 0.000879, 0.001018, 0.000928, 0.001144, 0.001011, 0.001169, 0.000949, 0.001083, 0.000990, 0.001034, 0.000946, 0.001122, 0.001022, 0.001227, 0.001041, 0.001171, 0.000997, 0.001111, 0.000948, 0.001048, 0.000909, 0.001199, 0.000886, 0.001120, 0.000939, 0.001159, 0.000983, 0.001122, 0.001069, 0.001220, 0.000981, 0.001238, 0.001043, 0.001187, 0.000988, 0.001162, 0.000992, 0.001278, 0.001057, 0.001090, 0.000976, 0.001090, 0.001071, 0.001131, 0.001069, 0.001250, 0.001145, 0.001132, 0.001132, 0.001231, 0.001136, 0.001111, 0.001067, 0.001222, 0.001169, 0.001213, 0.001157, 0.001204
13 , 2, 2, 2, 2, 2, 2, 2
13 , 0.002103, 0.002934, 0.002952, 0.003613, 0.003209, 0.003624, 0.003560
14 , 0.001111, 0.000948, 0.001048, 0.000909, 0.001199, 0.000886, 0.001120, 0.000939, 0.001159, 0.000983, 0.001122, 0.001069, 0.001220, 0.000981, 0.001238, 0.001043, 0.001187, 0.000988, 0.001162, 0.000992, 0.001278, 0.001057, 0.001090, 0.000976, 0.001090, 0.001071, 0.001131, 0.001069, 0.001250, 0.001145, 0.001132, 0.001132, 0.001231, 0.001136, 0.001111, 0.001067, 0.001222, 0.001169, 0.001213, 0.001157, 0.001204, 0.001088, 0.001201, 0.001192, 0.001239, 0.001120, 0.001016, 0.001141, 0.001129, 0.001043, 0.001094, 0.001069, 0.001060, 0.001241, 0.001132, 0.001213, 0.001077, 0.001216, 0.001133, 0.001231, 0.001144, 0.001167, 0.001167, 0.001322, 0.001144, 0.001223, 0.001119, 0.001210, 0.001102, 0.001244, 0.001140, 0.001279, 0.001136, 0.001179, 0.001041, 0.001425, 0.001162, 0.001421, 0.001223, 0.001310, 0.001114, 0.001435, 0.001150, 0.001405, 0.001106, 0.001301, 0.001102, 0.001393, 0.001077, 0.001311, 0.001154, 0.001298
14 , 0, 0, 0, 0, 0, 0, 0
14 , 0.002979, 0.003621, 0.003143, 0.003073, 0.002754, 0.003067, 0.002775
15 , 0.001141, 0.001129, 0.001043, 0.001094, 0.001069, 0.001060, 0.001241, 0.001132, 0.001213, 0.001077, 0.001216, 0.001133, 0.001231, 0.001144, 0.001167, 0.001167, 0.001322, 0.001144, 0.001223, 0.001119, 0.001210, 0.001102, 0.001244, 0.001140, 0.001279, 0.001136, 0.001179, 0.001041, 0.001425, 0.001162, 0.001421, 0.001223, 0.001310, 0.001114, 0.001435, 0.001150, 0.001405, 0.001106, 0.001301, 0.001102, 0.001393, 0.001077, 0.001311, 0.001154, 0.001298, 0.001025, 0.001331, 0.001111, 0.001414, 0.001193, 0.001316, 0.001052, 0.001199, 0.001058, 0.001201, 0.001025, 0.001217, 0.001057, 0.001162, 0.000962, 0.001080, 0.000895, 0.001062, 0.000923, 0.001238, 0.001092, 0.001036, 0.000930, 0.001069, 0.000949, 0.001037, 0.000887, 0.000914, 0.000824, 0.000898, 0.000903, 0.000889, 0.000758, 0.000898, 0.000933, 0.000823, 0.000784, 0.000809, 0.000790, 0.000845, 0.001017, 0.000979, 0.001058, 0.000939, 0.000957, 0.001052, 0.001108
15 , 3, 3, 3, 3, 3, 3, 3
15 , 0.006470, 0.006652, 0.006196, 0.005974, 0.005336, 0.004854, 0.003920
16 , 0.001111, 0.001414, 0.001193, 0.001316, 0.001052, 0.001199, 0.001058, 0.001201, 0.001025, 0.001217, 0.001057, 0.001162, 0.000962, 0.001080, 0.000895, 0.001062, 0.000923, 0.001238, 0.001092, 0.001036, 0.000930, 0.001069, 0.000949, 0.001037, 0.000887, 0.000914, 0.000824, 0.000898, 0.000903, 0.000889, 0.000758, 0.000898, 0.000933, 0.000823, 0.000784, 0.000809, 0.000790, 0.000845, 0.001017, 0.000979, 0.001058, 0.000939, 0.000957, 0.001052, 0.001108, 0.001064, 0.001159, 0.001067, 0.001166, 0.001060, 0.001166, 0.001269, 0.001225, 0.001100, 0.001192, 0.001156, 0.001204, 0.001100, 0.001183, 0.001030, 0.001199, 0.001061, 0.001316, 0.001052, 0.001207, 0.001111, 0.001266, 0.001158, 0.001283, 0.001183, 0.001386, 0.001265, 0.001390, 0.001144, 0.001408, 0.001239, 0.001351, 0.001135, 0.001377, 0.001183, 0.001369, 0.001080, 0.001375, 0.001098, 0.001313, 0.001162, 0.001308, 0.001041, 0.001171, 0.001025, 0.001091, 0.000866
16 , 2, 2, 2, 2, 2, 1, 1
16 , 0.007183, 0.006417, 0.005977, 0.004878, 0.004205, 0.004019, 0.003627
