0 , 0.001048, 0.001231, 0.001302, 0.001426, 0.001156, 0.001364, 0.001456, 0.001485, 0.001485, 0.001405, 0.001604, 0.001419, 0.001634, 0.001538, 0.001501, 0.001492, 0.001247, 0.001488, 0.001405, 0.001325, 0.001627, 0.001266, 0.001780, 0.001011, 0.000886, 0.001407, 0.001395, 0.001409, 0.001219, 0.001319, 0.001189, 0.001147, 0.001200, 0.001142, 0.001182, 0.001152, 0.001126, 0.001142, 0.001319, 0.001085, 0.001182, 0.001085, 0.001258, 0.000948, 0.001186, 0.000936, 0.001242, 0.001027, 0.001363, 0.000265, 0.001210, 0.001430, 0.001634, 0.001477, 0.001411, 0.001358, 0.001699, 0.001489, 0.001597, 0.001430, 0.001570, 0.001805, 0.001503, 0.001604, 0.001572, 0.001597, 0.001579, 0.001460, 0.001516, 0.001328, 0.001390, 0.001431, 0.001467, 0.001754, 0.000467, 0.001417, 0.001427, 0.001347, 0.001424, 0.001246, 0.001333, 0.001097, 0.001287, 0.001122, 0.001275, 0.000899, 0.001173, 0.001098, 0.001319, 0.001198, 0.001300, 0.000950
0 , 1, 1, 1, 1, 1, 1, 1
0 , 0.005469, 0.006357, 0.008061, 0.009243, 0.011285, 0.011319, 0.013589
1 , 0.001634, 0.001477, 0.001411, 0.001358, 0.001699, 0.001489, 0.001597, 0.001430, 0.001570, 0.001805, 0.001503, 0.001604, 0.001572, 0.001597, 0.001579, 0.001460, 0.001516, 0.001328, 0.001390, 0.001431, 0.001467, 0.001754, 0.000467, 0.001417, 0.001427, 0.001347, 0.001424, 0.001246, 0.001333, 0.001097, 0.001287, 0.001122, 0.001275, 0.000899, 0.001173, 0.001098, 0.001319, 0.001198, 0.001300, 0.000950, 0.001279, 0.000966, 0.001177, 0.000954, 0.001295, 0.000470, 0.001159, 0.001282, 0.001519, 0.001482, 0.001591, 0.001391, 0.001516, 0.001573, 0.001502, 0.001633, 0.001493, 0.001661, 0.001629, 0.001583, 0.001526, 0.001341, 0.001702, 0.001601, 0.001487, 0.001366, 0.001323, 0.001659, 0.001451, 0.001623, 0.001285, 0.001866, 0.000865, 0.001312, 0.001306, 0.001341, 0.001206, 0.001120, 0.001146, 0.001009, 0.001073, 0.000943, 0.001113, 0.000857, 0.001087, 0.000917, 0.001118, 0.000973, 0.001228, 0.000984, 0.001255, 0.000946
1 , 1, 1, 1, 1, 1, 1, 1
1 , 0.011466, 0.013390, 0.016163, 0.017548, 0.016779, 0.015633, 0.015465
2 , 0.001482, 0.001591, 0.001391, 0.001516, 0.001573, 0.001502, 0.001633, 0.001493, 0.001661, 0.001629, 0.001583, 0.001526, 0.001341, 0.001702, 0.001601, 0.001487, 0.001366, 0.001323, 0.001659, 0.001451, 0.001623, 0.001285, 0.001866, 0.000865, 0.001312, 0.001306, 0.001341, 0.001206, 0.001120, 0.001146, 0.001009, 0.001073, 0.000943, 0.001113, 0.000857, 0.001087, 0.000917, 0.001118, 0.000973, 0.001228, 0.000984, 0.001255, 0.000946, 0.001236, 0.001194, 0.001273, 0.001064, 0.001284, 0.000786, 0.000657, 0.001348, 0.001332, 0.001485, 0.001254, 0.001488, 0.001478, 0.001449, 0.001488, 0.001252, 0.001540, 0.001392, 0.001485, 0.001307, 0.001380, 0.001522, 0.001307, 0.001562, 0.001389, 0.001494, 0.001535, 0.001369, 0.001363, 0.001432, 0.001563, 0.000907, 0.001664, 0.001385, 0.001474, 0.001243, 0.001324, 0.001086, 0.001403, 0.001125, 0.001441, 0.001134, 0.001403, 0.001127, 0.001394, 0.001250, 0.001350, 0.001151, 0.001276
2 , 2, 1, 1, 1, 1, 1, 1
2 , 0.008104, 0.008348, 0.009685, 0.010071, 0.011205, 0.011381, 0.013183
3 , 0.001485, 0.001254, 0.001488, 0.001478, 0.001449, 0.001488, 0.001252, 0.001540, 0.001392, 0.001485, 0.001307, 0.001380, 0.001522, 0.001307, 0.001562, 0.001389, 0.001494, 0.001535, 0.001369, 0.001363, 0.001432, 0.001563, 0.000907, 0.001664, 0.001385, 0.001474, 0.001243, 0.001324, 0.001086, 0.001403, 0.001125, 0.001441, 0.001134, 0.001403, 0.001127, 0.001394, 0.001250, 0.001350, 0.001151, 0.001276, 0.001275, 0.001255, 0.001245, 0.001320, 0.001326, 0.000110, 0.000909, 0.001007, 0.001157, 0.001100, 0.001090, 0.001381, 0.001140, 0.001212, 0.001074, 0.001308, 0.001347, 0.001145, 0.001258, 0.001019, 0.001254, 0.001078, 0.001190, 0.001158, 0.001026, 0.001280, 0.001063, 0.001248, 0.001155, 0.001566, 0.000232, 0.001545, 0.001391, 0.001575, 0.001246, 0.001364, 0.001299, 0.001308, 0.001225, 0.001238, 0.001356, 0.001261, 0.001258, 0.001038, 0.001177, 0.001129, 0.001159, 0.001108, 0.001186, 0.001045, 0.001286, 0.001001
3 , 2, 2, 2, 2, 2, 2, 2
3 , 0.004367, 0.005171, 0.004843, 0.007174, 0.005620, 0.005990, 0.005420
4 , 0.001100, 0.001090, 0.001381, 0.001140, 0.001212, 0.001074, 0.001308, 0.001347, 0.001145, 0.001258, 0.001019, 0.001254, 0.001078, 0.001190, 0.001158, 0.001026, 0.001280, 0.001063, 0.001248, 0.001155, 0.001566, 0.000232, 0.001545, 0.001391, 0.001575, 0.001246, 0.001364, 0.001299, 0.001308, 0.001225, 0.001238, 0.001356, 0.001261, 0.001258, 0.001038, 0.001177, 0.001129, 0.001159, 0.001108, 0.001186, 0.001045, 0.001286, 0.001001, 0.001207, 0.001078, 0.001298, 0.000476, 0.000897, 0.001517, 0.001520, 0.001555, 0.001408, 0.001718, 0.001569, 0.001664, 0.001681, 0.001630, 0.001919, 0.001571, 0.001755, 0.001637, 0.001578, 0.001798, 0.001595, 0.001704, 0.001520, 0.001742, 0.001875, 0.001711, 0.001686, 0.001911, 0.000887, 0.001220, 0.001254, 0.001179, 0.001274, 0.001120, 0.001136, 0.001119, 0.001205, 0.001043, 0.001298, 0.001075, 0.001300, 0.001101, 0.001300, 0.001160, 0.001397, 0.001189, 0.001456, 0.001201, 0.001499
4 , 3, 3, 1, 3, 1, 1, 1
4 , 0.007278, 0.007841, 0.008141, 0.010902, 0.009624, 0.009427, 0.009422
5 , 0.001520, 0.001555, 0.001408, 0.001718, 0.001569, 0.001664, 0.001681, 0.001630, 0.001919, 0.001571, 0.001755, 0.001637, 0.001578, 0.001798, 0.001595, 0.001704, 0.001520, 0.001742, 0.001875, 0.001711, 0.001686, 0.001911, 0.000887, 0.001220, 0.001254, 0.001179, 0.001274, 0.001120, 0.001136, 0.001119, 0.001205, 0.001043, 0.001298, 0.001075, 0.001300, 0.001101, 0.001300, 0.001160, 0.001397, 0.001189, 0.001456, 0.001201, 0.001499, 0.001166, 0.001295, 0.001241, 0.000356, 0.000994, 0.001027, 0.001266, 0.001203, 0.001242, 0.001395, 0.001275, 0.001367, 0.001316, 0.001517, 0.001387, 0.001471, 0.001587, 0.001421, 0.001636, 0.001630, 0.001677, 0.001758, 0.001634, 0.001802, 0.001806, 0.001849, 0.001872, 0.001539, 0.000519, 0.001246, 0.001112, 0.001211, 0.001097, 0.001048, 0.000911, 0.001173, 0.001091, 0.001203, 0.001175, 0.001192, 0.001187, 0.001241, 0.001116, 0.001207, 0.001245, 0.001120, 0.001232, 0.001266, 0.001378
5 , 1, 1, 1, 1, 1, 1, 1
5 , 0.010394, 0.013216, 0.015686, 0.018978, 0.017066, 0.017164, 0.016881
6 , 0.001266, 0.001203, 0.001242, 0.001395, 0.001275, 0.001367, 0.001316, 0.001517, 0.001387, 0.001471, 0.001587, 0.001421, 0.001636, 0.001630, 0.001677, 0.001758, 0.001634, 0.001802, 0.001806, 0.001849, 0.001872, 0.001539, 0.000519, 0.001246, 0.001112, 0.001211, 0.001097, 0.001048, 0.000911, 0.001173, 0.001091, 0.001203, 0.001175, 0.001192, 0.001187, 0.001241, 0.001116, 0.001207, 0.001245, 0.001120, 0.001232, 0.001266, 0.001378, 0.001216, 0.001224, 0.001075, 0.001383, 0.000120, 0.000979, 0.001228, 0.001298, 0.001389, 0.001302, 0.001638, 0.001419, 0.001432, 0.001492, 0.001302, 0.001595, 0.001423, 0.001516, 0.001258, 0.001447, 0.001567, 0.001388, 0.001544, 0.001305, 0.001351, 0.001457, 0.001482, 0.001368, 0.001430, 0.000287, 0.001719, 0.001702, 0.001671, 0.001611, 0.001352, 0.001503, 0.001400, 0.001538, 0.001387, 0.001550, 0.001434, 0.001516, 0.001334, 0.001412, 0.001235, 0.001459, 0.001171, 0.001348, 0.001076
6 , 2, 2, 2, 2, 1, 2, 2
6 , 0.006492, 0.008091, 0.009224, 0.009613, 0.008906, 0.009898, 0.009035
7 , 0.001389, 0.001302, 0.001638, 0.001419, 0.001432, 0.001492, 0.001302, 0.001595, 0.001423, 0.001516, 0.001258, 0.001447, 0.001567, 0.001388, 0.001544, 0.001305, 0.001351, 0.001457, 0.001482, 0.001368, 0.001430, 0.000287, 0.001719, 0.001702, 0.001671, 0.001611, 0.001352, 0.001503, 0.001400, 0.001538, 0.001387, 0.001550, 0.001434, 0.001516, 0.001334, 0.001412, 0.001235, 0.001459, 0.001171, 0.001348, 0.001076, 0.001439, 0.001219, 0.001593, 0.000794, 0.000741, 0.001189, 0.001159, 0.001189, 0.001178, 0.001219, 0.001269, 0.001189, 0.001371, 0.001202, 0.001324, 0.001439, 0.001284, 0.001409, 0.001286, 0.001556, 0.001485, 0.001492, 0.001508, 0.001398, 0.001675, 0.001561, 0.001426, 0.001785, 0.000593, 0.001075, 0.001522, 0.001296, 0.001285, 0.001127, 0.001336, 0.001101, 0.001222, 0.001098, 0.001379, 0.001098, 0.001238, 0.000992, 0.001368, 0.001115, 0.001191, 0.001119, 0.001279, 0.001252, 0.001389, 0.001172, 0.001353
7 , 1, 1, 1, 3, 1, 1, 1
7 , 0.001932, 0.004282, 0.004445, 0.002182, 0.003663, 0.004703, 0.005470
8 , 0.001189, 0.001371, 0.001202, 0.001324, 0.001439, 0.001284, 0.001409, 0.001286, 0.001556, 0.001485, 0.001492, 0.001508, 0.001398, 0.001675, 0.001561, 0.001426, 0.001785, 0.000593, 0.001075, 0.001522, 0.001296, 0.001285, 0.001127, 0.001336, 0.001101, 0.001222, 0.001098, 0.001379, 0.001098, 0.001238, 0.000992, 0.001368, 0.001115, 0.001191, 0.001119, 0.001279, 0.001252, 0.001389, 0.001172, 0.001353, 0.001250, 0.001278, 0.001152, 0.000451, 0.001091, 0.001250, 0.001128, 0.001332, 0.001124, 0.001489, 0.001274, 0.001305, 0.001279, 0.001097, 0.001464, 0.001411, 0.001325, 0.001123, 0.000998, 0.001431, 0.001233, 0.001206, 0.001269, 0.001276, 0.001332, 0.001083, 0.001329, 0.001014, 0.000946, 0.001675, 0.001706, 0.001602, 0.001593, 0.001537, 0.001464, 0.001442, 0.001386, 0.001399, 0.001374, 0.001271, 0.001595, 0.001224, 0.001406, 0.001195, 0.001344, 0.001166, 0.001249, 0.000975, 0.001351, 0.001004, 0.001395, 0.000194
8 , 2, 2, 2, 2, 1, 1, 1
8 , 0.006370, 0.007347, 0.006766, 0.004850, 0.004619, 0.005483, 0.005087
9 , 0.001332, 0.001124, 0.001489, 0.001274, 0.001305, 0.001279, 0.001097, 0.001464, 0.001411, 0.001325, 0.001123, 0.000998, 0.001431, 0.001233, 0.001206, 0.001269, 0.001276, 0.001332, 0.001083, 0.001329, 0.001014, 0.000946, 0.001675, 0.001706, 0.001602, 0.001593, 0.001537, 0.001464, 0.001442, 0.001386, 0.001399, 0.001374, 0.001271, 0.001595, 0.001224, 0.001406, 0.001195, 0.001344, 0.001166, 0.001249, 0.000975, 0.001351, 0.001004, 0.001395, 0.000194, 0.001273, 0.001376, 0.001491, 0.001548, 0.001557, 0.001437, 0.001767, 0.001584, 0.001680, 0.001578, 0.001585, 0.001739, 0.001554, 0.001640, 0.001374, 0.001528, 0.001662, 0.001603, 0.001585, 0.001414, 0.001620, 0.001693, 0.001585, 0.001554, 0.001226, 0.001952, 0.000057, 0.001607, 0.001631, 0.001614, 0.001397, 0.001534, 0.001331, 0.001361, 0.001422, 0.001413, 0.001347, 0.001464, 0.001348, 0.001460, 0.001498, 0.001425, 0.001430, 0.001481, 0.001439, 0.001387, 0.001486
9 , 3, 3, 3, 3, 3, 3, 3
9 , 0.004365, 0.004468, 0.004754, 0.006408, 0.003177, 0.002667, 0.002943
10 , 0.001557, 0.001437, 0.001767, 0.001584, 0.001680, 0.001578, 0.001585, 0.001739, 0.001554, 0.001640, 0.001374, 0.001528, 0.001662, 0.001603, 0.001585, 0.001414, 0.001620, 0.001693, 0.001585, 0.001554, 0.001226, 0.001952, 0.000057, 0.001607, 0.001631, 0.001614, 0.001397, 0.001534, 0.001331, 0.001361, 0.001422, 0.001413, 0.001347, 0.001464, 0.001348, 0.001460, 0.001498, 0.001425, 0.001430, 0.001481, 0.001439, 0.001387, 0.001486, 0.001327, 0.001435, 0.001271, 0.001355, 0.001139, 0.001338, 0.001213, 0.001342, 0.001122, 0.001365, 0.001159, 0.001346, 0.001031, 0.001303, 0.001112, 0.001176, 0.000920, 0.001266, 0.001036, 0.001225, 0.000930, 0.001209, 0.000884, 0.001149, 0.001120, 0.001196, 0.001043, 0.001358, 0.001075, 0.001251, 0.001047, 0.001395, 0.001169, 0.001419, 0.001323, 0.001470, 0.001434, 0.001559, 0.001408, 0.001537, 0.001321, 0.001481, 0.001434, 0.001395, 0.001503, 0.001533, 0.001495, 0.001500, 0.001504
10 , 2, 2, 2, 2, 2, 2, 2
10 , 0.007610, 0.008444, 0.008818, 0.009961, 0.007798, 0.008545, 0.009400
11 , 0.001213, 0.001342, 0.001122, 0.001365, 0.001159, 0.001346, 0.001031, 0.001303, 0.001112, 0.001176, 0.000920, 0.001266, 0.001036, 0.001225, 0.000930, 0.001209, 0.000884, 0.001149, 0.001120, 0.001196, 0.001043, 0.001358, 0.001075, 0.001251, 0.001047, 0.001395, 0.001169, 0.001419, 0.001323, 0.001470, 0.001434, 0.001559, 0.001408, 0.001537, 0.001321, 0.001481, 0.001434, 0.001395, 0.001503, 0.001533, 0.001495, 0.001500, 0.001504, 0.001430, 0.001473, 0.001455, 0.001516, 0.001373, 0.001360, 0.001188, 0.001343, 0.001343, 0.001348, 0.001223, 0.001314, 0.001193, 0.001436, 0.001151, 0.001415, 0.001183, 0.001310, 0.001187, 0.001317, 0.001106, 0.001323, 0.001177, 0.001328, 0.001038, 0.001342, 0.001062, 0.001301, 0.001030, 0.001204, 0.001120, 0.001260, 0.001147, 0.001252, 0.001052, 0.001319, 0.001237, 0.001463, 0.001117, 0.001242, 0.001138, 0.001333, 0.001085, 0.001133, 0.001011, 0.001231, 0.001154, 0.001182, 0.001150
11 , 3, 3, 3, 3, 3, 3, 3
11 , 0.007011, 0.007503, 0.007498, 0.007572, 0.007452, 0.007593, 0.007549
12 , 0.001343, 0.001348, 0.001223, 0.001314, 0.001193, 0.001436, 0.001151, 0.001415, 0.001183, 0.001310, 0.001187, 0.001317, 0.001106, 0.001323, 0.001177, 0.001328, 0.001038, 0.001342, 0.001062, 0.001301, 0.001030, 0.001204, 0.001120, 0.001260, 0.001147, 0.001252, 0.001052, 0.001319, 0.001237, 0.001463, 0.001117, 0.001242, 0.001138, 0.001333, 0.001085, 0.001133, 0.001011, 0.001231, 0.001154, 0.001182, 0.001150, 0.001242, 0.001108, 0.001312, 0.001082, 0.001182, 0.001191, 0.001126, 0.001135, 0.001177, 0.001207, 0.001282, 0.001024, 0.000954, 0.001170, 0.001182, 0.001182, 0.001233, 0.001263, 0.001219, 0.001214, 0.001314, 0.001361, 0.001119, 0.001249, 0.001287, 0.001254, 0.001173, 0.001226, 0.001121, 0.001194, 0.001068, 0.001143, 0.000952, 0.001212, 0.000911, 0.001146, 0.001041, 0.001136, 0.001057, 0.001206, 0.000965, 0.001120, 0.001085, 0.001260, 0.001078, 0.001423, 0.001129, 0.001244, 0.000985, 0.001200, 0.001091
12 , 1, 1, 1, 1, 1, 1, 1
12 , 0.002729, 0.003274, 0.002825, 0.002805, 0.002361, 0.002574, 0.001873
13 , 0.001126, 0.001135, 0.001177, 0.001207, 0.001282, 0.001024, 0.000954, 0.001170, 0.001182, 0.001182, 0.001233, 0.001263, 0.001219, 0.001214, 0.001314, 0.001361, 0.001119, 0.001249, 0.001287, 0.001254, 0.001173, 0.001226, 0.001121, 0.001194, 0.001068, 0.001143, 0.000952, 0.001212, 0.000911, 0.001146, 0.001041, 0.001136, 0.001057, 0.001206, 0.000965, 0.001120, 0.001085, 0.001260, 0.001078, 0.001423, 0.001129, 0.001244, 0.000985, 0.001200, 0.001091, 0.001226, 0.000973, 0.001323, 0.001110, 0.001365, 0.001238, 0.001373, 0.001241, 0.001478, 0.001159, 0.001432, 0.001383, 0.001471, 0.001280, 0.001453, 0.001288, 0.001380, 0.001284, 0.001276, 0.001204, 0.001368, 0.001250, 0.001222, 0.001097, 0.001214, 0.001263, 0.001363, 0.001129, 0.001277, 0.001245, 0.001405, 0.001296, 0.001296, 0.001257, 0.001338, 0.001217, 0.001217, 0.001213, 0.001266, 0.001252, 0.001329, 0.001324, 0.001250, 0.001216, 0.001259, 0.001281, 0.001418
13 , 1, 1, 1, 1, 1, 1, 1
13 , 0.002234, 0.002410, 0.002270, 0.002693, 0.002552, 0.002636, 0.002150
14 , 0.001365, 0.001238, 0.001373, 0.001241, 0.001478, 0.001159, 0.001432, 0.001383, 0.001471, 0.001280, 0.001453, 0.001288, 0.001380, 0.001284, 0.001276, 0.001204, 0.001368, 0.001250, 0.001222, 0.001097, 0.001214, 0.001263, 0.001363, 0.001129, 0.001277, 0.001245, 0.001405, 0.001296, 0.001296, 0.001257, 0.001338, 0.001217, 0.001217, 0.001213, 0.001266, 0.001252, 0.001329, 0.001324, 0.001250, 0.001216, 0.001259, 0.001281, 0.001418, 0.001337, 0.001204, 0.001269, 0.001311, 0.001308, 0.001231, 0.001374, 0.001196, 0.001305, 0.001187, 0.001054, 0.001058, 0.001102, 0.000976, 0.000991, 0.000900, 0.000960, 0.000875, 0.001095, 0.000824, 0.001020, 0.000935, 0.001061, 0.000856, 0.001183, 0.001054, 0.001200, 0.001081, 0.001225, 0.000987, 0.001254, 0.001026, 0.001321, 0.001233, 0.001411, 0.001300, 0.001403, 0.001121, 0.001273, 0.001060, 0.001406, 0.001310, 0.001509, 0.001236, 0.001439, 0.001201, 0.001414, 0.001335, 0.001509
14 , 2, 2, 2, 2, 2, 2, 2
14 , 0.003945, 0.004471, 0.004513, 0.005276, 0.005295, 0.005557, 0.005452
15 , 0.001305, 0.001187, 0.001054, 0.001058, 0.001102, 0.000976, 0.000991, 0.000900, 0.000960, 0.000875, 0.001095, 0.000824, 0.001020, 0.000935, 0.001061, 0.000856, 0.001183, 0.001054, 0.001200, 0.001081, 0.001225, 0.000987, 0.001254, 0.001026, 0.001321, 0.001233, 0.001411, 0.001300, 0.001403, 0.001121, 0.001273, 0.001060, 0.001406, 0.001310, 0.001509, 0.001236, 0.001439, 0.001201, 0.001414, 0.001335, 0.001509, 0.001109, 0.001217, 0.001222, 0.001331, 0.001291, 0.001370, 0.001118, 0.001359, 0.001272, 0.001436, 0.001349, 0.001432, 0.001228, 0.001448, 0.001232, 0.001486, 0.001383, 0.001422, 0.001296, 0.001266, 0.001335, 0.001361, 0.001300, 0.001335, 0.001202, 0.001414, 0.001323, 0.001328, 0.001358, 0.001364, 0.001245, 0.001284, 0.001228, 0.001272, 0.001205, 0.001247, 0.001282, 0.001235, 0.001170, 0.001326, 0.001115, 0.001115, 0.001163, 0.001143, 0.001166, 0.001150, 0.001250, 0.001055, 0.001174, 0.001119, 0.001249
15 , 3, 3, 3, 3, 3, 3, 3
15 , 0.007134, 0.007685, 0.008206, 0.008906, 0.009154, 0.009684, 0.009468
16 , 0.001349, 0.001432, 0.001228, 0.001448, 0.001232, 0.001486, 0.001383, 0.001422, 0.001296, 0.001266, 0.001335, 0.001361, 0.001300, 0.001335, 0.001202, 0.001414, 0.001323, 0.001328, 0.001358, 0.001364, 0.001245, 0.001284, 0.001228, 0.001272, 0.001205, 0.001247, 0.001282, 0.001235, 0.001170, 0.001326, 0.001115, 0.001115, 0.001163, 0.001143, 0.001166, 0.001150, 0.001250, 0.001055, 0.001174, 0.001119, 0.001249, 0.001038, 0.001173, 0.001084, 0.001119, 0.001085, 0.001396, 0.001152, 0.001268, 0.001122, 0.001277, 0.001062, 0.001136, 0.001078, 0.001212, 0.001043, 0.001249, 0.001075, 0.001363, 0.001183, 0.001373, 0.001245, 0.001478, 0.001313, 0.001503, 0.001352, 0.001615, 0.001478, 0.001690, 0.001427, 0.001668, 0.001382, 0.001468, 0.001278, 0.001490, 0.001244, 0.001542, 0.001347, 0.001465, 0.001254, 0.001342, 0.000978, 0.001265, 0.001149, 0.001370, 0.001092, 0.001211, 0.000969, 0.001249, 0.001119, 0.001284, 0.000973
16 , 2, 2, 1, 1, 1, 1, 1
16 , 0.005017, 0.004125, 0.004017, 0.004719, 0.005184, 0.005731, 0.006038
