0 , 0.000493, 0.000403, 0.000562, 0.000740, 0.000645, 0.000618, 0.000758, 0.000833, 0.001066, 0.000894, 0.001084, 0.001144, 0.001289, 0.001150, 0.001271, 0.001176, 0.001315, 0.001155, 0.001375, 0.001303, 0.001521, 0.001337, 0.001104, 0.000801, 0.001037, 0.001040, 0.001480, 0.001191, 0.001381, 0.001321, 0.001636, 0.001809, 0.001695, 0.001852, 0.001647, 0.001893, 0.001879, 0.001806, 0.002065, 0.001828, 0.002035, 0.002101, 0.002005, 0.002145, 0.002079, 0.002101, 0.002284, 0.001156, 0.001144, 0.000858, 0.001023, 0.000913, 0.001049, 0.000843, 0.001084, 0.000935, 0.000879, 0.000771, 0.001123, 0.000929, 0.001166, 0.000959, 0.001200, 0.001036, 0.001203, 0.001013, 0.001238, 0.001173, 0.001256, 0.001054, 0.001233, 0.000186, 0.001456, 0.001255, 0.001540, 0.001516, 0.001474, 0.001624, 0.001544, 0.001692, 0.001547, 0.001703, 0.001703, 0.001726, 0.001933, 0.001802, 0.001795, 0.001737, 0.001841, 0.002056, 0.001893, 0.001788
0 , 0, 0, 0, 0, 0, 0, 0
0 , 0.023901, 0.025658, 0.027209, 0.028654, 0.030514, 0.030544, 0.030197
1 , 0.000913, 0.001049, 0.000843, 0.001084, 0.000935, 0.000879, 0.000771, 0.001123, 0.000929, 0.001166, 0.000959, 0.001200, 0.001036, 0.001203, 0.001013, 0.001238, 0.001173, 0.001256, 0.001054, 0.001233, 0.000186, 0.001456, 0.001255, 0.001540, 0.001516, 0.001474, 0.001624, 0.001544, 0.001692, 0.001547, 0.001703, 0.001703, 0.001726, 0.001933, 0.001802, 0.001795, 0.001737, 0.001841, 0.002056, 0.001893, 0.001788, 0.001634, 0.001854, 0.001957, 0.001813, 0.001921, 0.001545, 0.000384, 0.001325, 0.001223, 0.001131, 0.001017, 0.001123, 0.000944, 0.001055, 0.001039, 0.001045, 0.001166, 0.001087, 0.001238, 0.001031, 0.001177, 0.001112, 0.001156, 0.000992, 0.001101, 0.000941, 0.001087, 0.000950, 0.001128, 0.000931, 0.001326, 0.000008, 0.001089, 0.001269, 0.001245, 0.001488, 0.001327, 0.001577, 0.001794, 0.001498, 0.001762, 0.001646, 0.001838, 0.001839, 0.001780, 0.001766, 0.001693, 0.001988, 0.001811, 0.001796, 0.001856
1 , 0, 0, 0, 0, 0, 0, 0
1 , 0.019934, 0.022148, 0.026017, 0.027211, 0.025509, 0.028026, 0.028071
2 , 0.001123, 0.000944, 0.001055, 0.001039, 0.001045, 0.001166, 0.001087, 0.001238, 0.001031, 0.001177, 0.001112, 0.001156, 0.000992, 0.001101, 0.000941, 0.001087, 0.000950, 0.001128, 0.000931, 0.001326, 0.000008, 0.001089, 0.001269, 0.001245, 0.001488, 0.001327, 0.001577, 0.001794, 0.001498, 0.001762, 0.001646, 0.001838, 0.001839, 0.001780, 0.001766, 0.001693, 0.001988, 0.001811, 0.001796, 0.001856, 0.001781, 0.001915, 0.001964, 0.001954, 0.001955, 0.000443, 0.000933, 0.001094, 0.001079, 0.001114, 0.000909, 0.001150, 0.000870, 0.001060, 0.000765, 0.001141, 0.000906, 0.001081, 0.000774, 0.001085, 0.000891, 0.001011, 0.000947, 0.001067, 0.000909, 0.001250, 0.000858, 0.001184, 0.000618, 0.000848, 0.001320, 0.001404, 0.001303, 0.001335, 0.001212, 0.001442, 0.001284, 0.001320, 0.001297, 0.001366, 0.001565, 0.001435, 0.001566, 0.001486, 0.001598, 0.001594, 0.001523, 0.001673, 0.001430, 0.001713, 0.001692, 0.001643
2 , 0, 0, 0, 0, 0, 0, 0
2 , 0.020485, 0.023443, 0.025442, 0.025150, 0.025077, 0.024084, 0.022425
3 , 0.001079, 0.001114, 0.000909, 0.001150, 0.000870, 0.001060, 0.000765, 0.001141, 0.000906, 0.001081, 0.000774, 0.001085, 0.000891, 0.001011, 0.000947, 0.001067, 0.000909, 0.001250, 0.000858, 0.001184, 0.000618, 0.000848, 0.001320, 0.001404, 0.001303, 0.001335, 0.001212, 0.001442, 0.001284, 0.001320, 0.001297, 0.001366, 0.001565, 0.001435, 0.001566, 0.001486, 0.001598, 0.001594, 0.001523, 0.001673, 0.001430, 0.001713, 0.001692, 0.001643, 0.001962, 0.001003, 0.000704, 0.001195, 0.000980, 0.001220, 0.000984, 0.001134, 0.000964, 0.000983, 0.000788, 0.001049, 0.000838, 0.000964, 0.000959, 0.001039, 0.000958, 0.000883, 0.000853, 0.000924, 0.000989, 0.000928, 0.000958, 0.000818, 0.001044, 0.000873, 0.001009, 0.000765, 0.001421, 0.001640, 0.001428, 0.001649, 0.001532, 0.001724, 0.001901, 0.001790, 0.001901, 0.001635, 0.002042, 0.001842, 0.001775, 0.001834, 0.001753, 0.002056, 0.001848, 0.001745, 0.001775, 0.001707
3 , 0, 0, 0, 0, 0, 0, 0
3 , 0.022905, 0.024562, 0.026295, 0.026791, 0.028003, 0.027236, 0.026673
4 , 0.000984, 0.001134, 0.000964, 0.000983, 0.000788, 0.001049, 0.000838, 0.000964, 0.000959, 0.001039, 0.000958, 0.000883, 0.000853, 0.000924, 0.000989, 0.000928, 0.000958, 0.000818, 0.001044, 0.000873, 0.001009, 0.000765, 0.001421, 0.001640, 0.001428, 0.001649, 0.001532, 0.001724, 0.001901, 0.001790, 0.001901, 0.001635, 0.002042, 0.001842, 0.001775, 0.001834, 0.001753, 0.002056, 0.001848, 0.001745, 0.001775, 0.001707, 0.001915, 0.001809, 0.001976, 0.001799, 0.000449, 0.001184, 0.001075, 0.001085, 0.001116, 0.001061, 0.001066, 0.000906, 0.001082, 0.001013, 0.001199, 0.001029, 0.001180, 0.000927, 0.001258, 0.001015, 0.001214, 0.001080, 0.001275, 0.000964, 0.001219, 0.000974, 0.001337, 0.000142, 0.001113, 0.001413, 0.001460, 0.001458, 0.001556, 0.001254, 0.001670, 0.001613, 0.001739, 0.001723, 0.001651, 0.001769, 0.001705, 0.001785, 0.001675, 0.001771, 0.001890, 0.001712, 0.001769, 0.001651, 0.001690, 0.001804
4 , 0, 0, 0, 0, 0, 0, 0
4 , 0.024981, 0.027358, 0.031324, 0.031488, 0.030800, 0.029917, 0.027563
5 , 0.001085, 0.001116, 0.001061, 0.001066, 0.000906, 0.001082, 0.001013, 0.001199, 0.001029, 0.001180, 0.000927, 0.001258, 0.001015, 0.001214, 0.001080, 0.001275, 0.000964, 0.001219, 0.000974, 0.001337, 0.000142, 0.001113, 0.001413, 0.001460, 0.001458, 0.001556, 0.001254, 0.001670, 0.001613, 0.001739, 0.001723, 0.001651, 0.001769, 0.001705, 0.001785, 0.001675, 0.001771, 0.001890, 0.001712, 0.001769, 0.001651, 0.001690, 0.001804, 0.001626, 0.002034, 0.000284, 0.001014, 0.001180, 0.001075, 0.001120, 0.001030, 0.001050, 0.000789, 0.001105, 0.000925, 0.001111, 0.001036, 0.001071, 0.000971, 0.001163, 0.001069, 0.001143, 0.000964, 0.001250, 0.001055, 0.001131, 0.000985, 0.001117, 0.001101, 0.001179, 0.000732, 0.001056, 0.001344, 0.001435, 0.001511, 0.001518, 0.001460, 0.001547, 0.001673, 0.001623, 0.001755, 0.001498, 0.001741, 0.001778, 0.001698, 0.001647, 0.001418, 0.001729, 0.001656, 0.001678, 0.001677, 0.001498
5 , 0, 0, 0, 0, 0, 0, 0
5 , 0.021039, 0.022357, 0.023143, 0.024053, 0.024426, 0.023708, 0.023206
6 , 0.001030, 0.001050, 0.000789, 0.001105, 0.000925, 0.001111, 0.001036, 0.001071, 0.000971, 0.001163, 0.001069, 0.001143, 0.000964, 0.001250, 0.001055, 0.001131, 0.000985, 0.001117, 0.001101, 0.001179, 0.000732, 0.001056, 0.001344, 0.001435, 0.001511, 0.001518, 0.001460, 0.001547, 0.001673, 0.001623, 0.001755, 0.001498, 0.001741, 0.001778, 0.001698, 0.001647, 0.001418, 0.001729, 0.001656, 0.001678, 0.001677, 0.001498, 0.001867, 0.001626, 0.001983, 0.001028, 0.000992, 0.001299, 0.001301, 0.001058, 0.001166, 0.001117, 0.001075, 0.001145, 0.001115, 0.001094, 0.001143, 0.000988, 0.001052, 0.001001, 0.001090, 0.000996, 0.001087, 0.000926, 0.001020, 0.000825, 0.001017, 0.000729, 0.001077, 0.000589, 0.001335, 0.001486, 0.001580, 0.001623, 0.001596, 0.001352, 0.001689, 0.001595, 0.001734, 0.001580, 0.001580, 0.001907, 0.001530, 0.001671, 0.001509, 0.001663, 0.001787, 0.001689, 0.001801, 0.001565, 0.001818, 0.001760
6 , 0, 0, 0, 0, 0, 0, 0
6 , 0.021033, 0.023230, 0.025537, 0.025617, 0.025296, 0.024702, 0.021778
7 , 0.001058, 0.001166, 0.001117, 0.001075, 0.001145, 0.001115, 0.001094, 0.001143, 0.000988, 0.001052, 0.001001, 0.001090, 0.000996, 0.001087, 0.000926, 0.001020, 0.000825, 0.001017, 0.000729, 0.001077, 0.000589, 0.001335, 0.001486, 0.001580, 0.001623, 0.001596, 0.001352, 0.001689, 0.001595, 0.001734, 0.001580, 0.001580, 0.001907, 0.001530, 0.001671, 0.001509, 0.001663, 0.001787, 0.001689, 0.001801, 0.001565, 0.001818, 0.001760, 0.001712, 0.001787, 0.000438, 0.001075, 0.001337, 0.001034, 0.001054, 0.000824, 0.000924, 0.000803, 0.000948, 0.000728, 0.000993, 0.000783, 0.000918, 0.000682, 0.000998, 0.000863, 0.001009, 0.000728, 0.000899, 0.000809, 0.001035, 0.000900, 0.001012, 0.000875, 0.001258, 0.000148, 0.001431, 0.001336, 0.001612, 0.001476, 0.001638, 0.001423, 0.001563, 0.001698, 0.001641, 0.001699, 0.001470, 0.001795, 0.001709, 0.001725, 0.001760, 0.001583, 0.001849, 0.001738, 0.001678, 0.001664, 0.001631
7 , 0, 0, 0, 0, 0, 0, 0
7 , 0.024839, 0.027180, 0.027323, 0.029438, 0.029087, 0.028017, 0.026845
8 , 0.001054, 0.000824, 0.000924, 0.000803, 0.000948, 0.000728, 0.000993, 0.000783, 0.000918, 0.000682, 0.000998, 0.000863, 0.001009, 0.000728, 0.000899, 0.000809, 0.001035, 0.000900, 0.001012, 0.000875, 0.001258, 0.000148, 0.001431, 0.001336, 0.001612, 0.001476, 0.001638, 0.001423, 0.001563, 0.001698, 0.001641, 0.001699, 0.001470, 0.001795, 0.001709, 0.001725, 0.001760, 0.001583, 0.001849, 0.001738, 0.001678, 0.001664, 0.001631, 0.001752, 0.001529, 0.002070, 0.000238, 0.001113, 0.001375, 0.001180, 0.001142, 0.001003, 0.001017, 0.001096, 0.001161, 0.001091, 0.001179, 0.001049, 0.001029, 0.000908, 0.001038, 0.001087, 0.001166, 0.001064, 0.001074, 0.000942, 0.000953, 0.001031, 0.001009, 0.000719, 0.001109, 0.001394, 0.001568, 0.001501, 0.001588, 0.001579, 0.001540, 0.001687, 0.001451, 0.001547, 0.001435, 0.001623, 0.001753, 0.001554, 0.001605, 0.001598, 0.001841, 0.001699, 0.001652, 0.001778, 0.001580, 0.001808
8 , 0, 0, 0, 0, 0, 0, 0
8 , 0.022713, 0.024856, 0.027960, 0.028766, 0.028199, 0.027734, 0.026509
9 , 0.001180, 0.001142, 0.001003, 0.001017, 0.001096, 0.001161, 0.001091, 0.001179, 0.001049, 0.001029, 0.000908, 0.001038, 0.001087, 0.001166, 0.001064, 0.001074, 0.000942, 0.000953, 0.001031, 0.001009, 0.000719, 0.001109, 0.001394, 0.001568, 0.001501, 0.001588, 0.001579, 0.001540, 0.001687, 0.001451, 0.001547, 0.001435, 0.001623, 0.001753, 0.001554, 0.001605, 0.001598, 0.001841, 0.001699, 0.001652, 0.001778, 0.001580, 0.001808, 0.001802, 0.001769, 0.001718, 0.001778, 0.001540, 0.000941, 0.001365, 0.001199, 0.001137, 0.001037, 0.000958, 0.000955, 0.001075, 0.001012, 0.001096, 0.000917, 0.001189, 0.000975, 0.001170, 0.000939, 0.001215, 0.000993, 0.001338, 0.001191, 0.001292, 0.001062, 0.001319, 0.001103, 0.001140, 0.000920, 0.001212, 0.001057, 0.001140, 0.000994, 0.001138, 0.001052, 0.001091, 0.001159, 0.001026, 0.000860, 0.000949, 0.000914, 0.000924, 0.000788, 0.000793, 0.000883, 0.000858, 0.000984, 0.000974
9 , 3, 3, 3, 3, 3, 3, 3
9 , 0.015565, 0.015053, 0.016382, 0.016773, 0.016406, 0.015277, 0.014697
10 , 0.001365, 0.001199, 0.001137, 0.001037, 0.000958, 0.000955, 0.001075, 0.001012, 0.001096, 0.000917, 0.001189, 0.000975, 0.001170, 0.000939, 0.001215, 0.000993, 0.001338, 0.001191, 0.001292, 0.001062, 0.001319, 0.001103, 0.001140, 0.000920, 0.001212, 0.001057, 0.001140, 0.000994, 0.001138, 0.001052, 0.001091, 0.001159, 0.001026, 0.000860, 0.000949, 0.000914, 0.000924, 0.000788, 0.000793, 0.000883, 0.000858, 0.000984, 0.000974, 0.001039, 0.000975, 0.001005, 0.000879, 0.000924, 0.000770, 0.000875, 0.000835, 0.001035, 0.000830, 0.000995, 0.000664, 0.000954, 0.000914, 0.000999, 0.000794, 0.001125, 0.000984, 0.001010, 0.000860, 0.001141, 0.000932, 0.001097, 0.000872, 0.001164, 0.000818, 0.001139, 0.000807, 0.001037, 0.000842, 0.001096, 0.000921, 0.001101, 0.000912, 0.001076, 0.000855, 0.001095, 0.000854, 0.000989, 0.000763, 0.000873, 0.000743, 0.000938, 0.000828, 0.000853, 0.000863, 0.000958, 0.000868, 0.000943
10 , 1, 2, 1, 1, 1, 1, 1
10 , 0.003165, 0.002365, 0.002738, 0.002916, 0.003239, 0.003211, 0.004199
11 , 0.000830, 0.000995, 0.000664, 0.000954, 0.000914, 0.000999, 0.000794, 0.001125, 0.000984, 0.001010, 0.000860, 0.001141, 0.000932, 0.001097, 0.000872, 0.001164, 0.000818, 0.001139, 0.000807, 0.001037, 0.000842, 0.001096, 0.000921, 0.001101, 0.000912, 0.001076, 0.000855, 0.001095, 0.000854, 0.000989, 0.000763, 0.000873, 0.000743, 0.000938, 0.000828, 0.000853, 0.000863, 0.000958, 0.000868, 0.000943, 0.000818, 0.000813, 0.000742, 0.000848, 0.000828, 0.000738, 0.000838, 0.000873, 0.000853, 0.000914, 0.000989, 0.000879, 0.000950, 0.000886, 0.000982, 0.000959, 0.001205, 0.001131, 0.001252, 0.001089, 0.001242, 0.001184, 0.001242, 0.000941, 0.001142, 0.001047, 0.001071, 0.001087, 0.001136, 0.000910, 0.001152, 0.001033, 0.001142, 0.000901, 0.001252, 0.000941, 0.001140, 0.000890, 0.001140, 0.001012, 0.001136, 0.001006, 0.001075, 0.000855, 0.001189, 0.000923, 0.001059, 0.000718, 0.001099, 0.000980, 0.001136, 0.000896
11 , 2, 1, 1, 1, 1, 1, 1
11 , 0.001458, 0.001664, 0.001724, 0.002613, 0.002873, 0.003664, 0.003745
12 , 0.000950, 0.000886, 0.000982, 0.000959, 0.001205, 0.001131, 0.001252, 0.001089, 0.001242, 0.001184, 0.001242, 0.000941, 0.001142, 0.001047, 0.001071, 0.001087, 0.001136, 0.000910, 0.001152, 0.001033, 0.001142, 0.000901, 0.001252, 0.000941, 0.001140, 0.000890, 0.001140, 0.001012, 0.001136, 0.001006, 0.001075, 0.000855, 0.001189, 0.000923, 0.001059, 0.000718, 0.001099, 0.000980, 0.001136, 0.000896, 0.001073, 0.000994, 0.001054, 0.000968, 0.001087, 0.000906, 0.001048, 0.000848, 0.001064, 0.000899, 0.001106, 0.000952, 0.000966, 0.001038, 0.001189, 0.000968, 0.001057, 0.001117, 0.001217, 0.001045, 0.000973, 0.001041, 0.001015, 0.000909, 0.000932, 0.000886, 0.001001, 0.000911, 0.000996, 0.000977, 0.000937, 0.000937, 0.000978, 0.001096, 0.001040, 0.001156, 0.001175, 0.001206, 0.001269, 0.001274, 0.001165, 0.001334, 0.001260, 0.001347, 0.001166, 0.001252, 0.001118, 0.001313, 0.001106, 0.001240, 0.001115, 0.001212
12 , 2, 2, 2, 2, 2, 2, 2
12 , 0.004090, 0.004491, 0.004947, 0.005208, 0.005922, 0.006260, 0.006407
13 , 0.000966, 0.001038, 0.001189, 0.000968, 0.001057, 0.001117, 0.001217, 0.001045, 0.000973, 0.001041, 0.001015, 0.000909, 0.000932, 0.000886, 0.001001, 0.000911, 0.000996, 0.000977, 0.000937, 0.000937, 0.000978, 0.001096, 0.001040, 0.001156, 0.001175, 0.001206, 0.001269, 0.001274, 0.001165, 0.001334, 0.001260, 0.001347, 0.001166, 0.001252, 0.001118, 0.001313, 0.001106, 0.001240, 0.001115, 0.001212, 0.001036, 0.001300, 0.001040, 0.001200, 0.001054, 0.001152, 0.001090, 0.001294, 0.000923, 0.001012, 0.000882, 0.001061, 0.000736, 0.000981, 0.000961, 0.001207, 0.000820, 0.001076, 0.000835, 0.001055, 0.000941, 0.001081, 0.000937, 0.001218, 0.000947, 0.001046, 0.000835, 0.001035, 0.000819, 0.001094, 0.000849, 0.000903, 0.000788, 0.000968, 0.000803, 0.000958, 0.000788, 0.001038, 0.000858, 0.000848, 0.000798, 0.000928, 0.000662, 0.000899, 0.000688, 0.000839, 0.000825, 0.000790, 0.000605, 0.000711, 0.000735, 0.000871
13 , 3, 3, 3, 3, 3, 3, 3
13 , 0.007636, 0.007588, 0.008190, 0.007776, 0.007754, 0.007215, 0.007244
14 , 0.000923, 0.001012, 0.000882, 0.001061, 0.000736, 0.000981, 0.000961, 0.001207, 0.000820, 0.001076, 0.000835, 0.001055, 0.000941, 0.001081, 0.000937, 0.001218, 0.000947, 0.001046, 0.000835, 0.001035, 0.000819, 0.001094, 0.000849, 0.000903, 0.000788, 0.000968, 0.000803, 0.000958, 0.000788, 0.001038, 0.000858, 0.000848, 0.000798, 0.000928, 0.000662, 0.000899, 0.000688, 0.000839, 0.000825, 0.000790, 0.000605, 0.000711, 0.000735, 0.000871, 0.000715, 0.000840, 0.000745, 0.000844, 0.000778, 0.000868, 0.000848, 0.000893, 0.000858, 0.000707, 0.000687, 0.000813, 0.000913, 0.000928, 0.001034, 0.000989, 0.000980, 0.001046, 0.001087, 0.000988, 0.001104, 0.001115, 0.001314, 0.001251, 0.001189, 0.001209, 0.001415, 0.001315, 0.001431, 0.001155, 0.001436, 0.001276, 0.001314, 0.001198, 0.001358, 0.001129, 0.001303, 0.001066, 0.001328, 0.001113, 0.001148, 0.001002, 0.001162, 0.001037, 0.001263, 0.001022, 0.001163, 0.000968
14 , 2, 2, 2, 2, 2, 2, 2
14 , 0.010480, 0.010042, 0.009337, 0.008369, 0.007655, 0.006534, 0.006179
15 , 0.000745, 0.000844, 0.000778, 0.000868, 0.000848, 0.000893, 0.000858, 0.000707, 0.000687, 0.000813, 0.000913, 0.000928, 0.001034, 0.000989, 0.000980, 0.001046, 0.001087, 0.000988, 0.001104, 0.001115, 0.001314, 0.001251, 0.001189, 0.001209, 0.001415, 0.001315, 0.001431, 0.001155, 0.001436, 0.001276, 0.001314, 0.001198, 0.001358, 0.001129, 0.001303, 0.001066, 0.001328, 0.001113, 0.001148, 0.001002, 0.001162, 0.001037, 0.001263, 0.001022, 0.001163, 0.000968, 0.001142, 0.000947, 0.001261, 0.000890, 0.001129, 0.000942, 0.001061, 0.000845, 0.001045, 0.000804, 0.000999, 0.000728, 0.001034, 0.000768, 0.000878, 0.000823, 0.001150, 0.000949, 0.001045, 0.000766, 0.001061, 0.000937, 0.001088, 0.000874, 0.001169, 0.000929, 0.001124, 0.000974, 0.001194, 0.000959, 0.001106, 0.001041, 0.001275, 0.001036, 0.001150, 0.000994, 0.001113, 0.000953, 0.001143, 0.000934, 0.000999, 0.001004, 0.001164, 0.001020, 0.001055, 0.001071
15 , 0, 0, 0, 0, 0, 0, 0
15 , 0.009898, 0.009710, 0.009040, 0.008395, 0.007933, 0.007720, 0.006651
16 , 0.001142, 0.000947, 0.001261, 0.000890, 0.001129, 0.000942, 0.001061, 0.000845, 0.001045, 0.000804, 0.000999, 0.000728, 0.001034, 0.000768, 0.000878, 0.000823, 0.001150, 0.000949, 0.001045, 0.000766, 0.001061, 0.000937, 0.001088, 0.000874, 0.001169, 0.000929, 0.001124, 0.000974, 0.001194, 0.000959, 0.001106, 0.001041, 0.001275, 0.001036, 0.001150, 0.000994, 0.001113, 0.000953, 0.001143, 0.000934, 0.000999, 0.001004, 0.001164, 0.001020, 0.001055, 0.001071, 0.001136, 0.001087, 0.001152, 0.001041, 0.001010, 0.001115, 0.001140, 0.001045, 0.001115, 0.001029, 0.001026, 0.001189, 0.001179, 0.001068, 0.001003, 0.001219, 0.001089, 0.001179, 0.001047, 0.001212, 0.001152, 0.001156, 0.000931, 0.001106, 0.001020, 0.001159, 0.001010, 0.001171, 0.001020, 0.001043, 0.000934, 0.001194, 0.001059, 0.001140, 0.000961, 0.001043, 0.000947, 0.001163, 0.000947, 0.001031, 0.000957, 0.001221, 0.000994, 0.001142, 0.000985, 0.001261
16 , 3, 3, 3, 3, 3, 3, 3
16 , 0.002576, 0.002786, 0.003053, 0.002926, 0.003120, 0.003091, 0.003343
