0 , 0.000396, 0.000869, 0.001288, 0.001366, 0.001253, 0.001237, 0.001516, 0.001345, 0.001366, 0.001212, 0.001402, 0.001523, 0.001464, 0.001496, 0.001260, 0.001464, 0.001521, 0.001432, 0.001438, 0.001322, 0.001459, 0.001466, 0.001413, 0.001336, 0.001607, 0.000429, 0.001525, 0.001525, 0.001604, 0.001427, 0.001367, 0.001339, 0.001149, 0.001344, 0.001318, 0.001402, 0.001249, 0.001418, 0.001198, 0.001497, 0.001309, 0.001450, 0.001299, 0.001399, 0.001158, 0.001392, 0.001040, 0.001401, 0.000886, 0.000482, 0.001355, 0.001389, 0.001398, 0.001155, 0.001467, 0.001386, 0.001461, 0.001507, 0.001420, 0.001715, 0.001603, 0.001602, 0.001506, 0.001506, 0.001764, 0.001483, 0.001584, 0.001392, 0.001508, 0.001614, 0.001532, 0.001471, 0.001530, 0.001199, 0.000986, 0.001536, 0.001545, 0.001622, 0.001401, 0.001539, 0.001323, 0.001500, 0.001332, 0.001630, 0.001388, 0.001630, 0.001449, 0.001647, 0.001359, 0.001613, 0.001462, 0.001651
0 , 0, 0, 0, 2, 2, 2, 1
0 , 0.002939, 0.002408, 0.001669, 0.000873, 0.001787, 0.002056, 0.003973
1 , 0.001398, 0.001155, 0.001467, 0.001386, 0.001461, 0.001507, 0.001420, 0.001715, 0.001603, 0.001602, 0.001506, 0.001506, 0.001764, 0.001483, 0.001584, 0.001392, 0.001508, 0.001614, 0.001532, 0.001471, 0.001530, 0.001199, 0.000986, 0.001536, 0.001545, 0.001622, 0.001401, 0.001539, 0.001323, 0.001500, 0.001332, 0.001630, 0.001388, 0.001630, 0.001449, 0.001647, 0.001359, 0.001613, 0.001462, 0.001651, 0.001426, 0.001526, 0.001302, 0.001368, 0.001320, 0.001234, 0.001460, 0.000042, 0.001090, 0.001189, 0.001338, 0.001164, 0.001172, 0.001500, 0.001294, 0.001494, 0.001292, 0.001423, 0.001482, 0.001334, 0.001477, 0.001306, 0.001495, 0.001436, 0.001330, 0.001407, 0.001099, 0.001486, 0.001350, 0.001401, 0.001331, 0.001442, 0.000474, 0.001685, 0.001389, 0.001560, 0.001459, 0.001511, 0.001318, 0.001302, 0.001186, 0.001323, 0.001323, 0.001255, 0.001218, 0.001241, 0.001286, 0.001154, 0.001193, 0.001019, 0.001303, 0.001258
1 , 0, 2, 2, 2, 1, 1, 1
1 , 0.001139, 0.000918, 0.001124, 0.000729, 0.002513, 0.002109, 0.003292
2 , 0.001172, 0.001500, 0.001294, 0.001494, 0.001292, 0.001423, 0.001482, 0.001334, 0.001477, 0.001306, 0.001495, 0.001436, 0.001330, 0.001407, 0.001099, 0.001486, 0.001350, 0.001401, 0.001331, 0.001442, 0.000474, 0.001685, 0.001389, 0.001560, 0.001459, 0.001511, 0.001318, 0.001302, 0.001186, 0.001323, 0.001323, 0.001255, 0.001218, 0.001241, 0.001286, 0.001154, 0.001193, 0.001019, 0.001303, 0.001258, 0.001452, 0.001089, 0.001432, 0.000496, 0.000859, 0.001249, 0.001269, 0.001256, 0.001205, 0.001336, 0.001249, 0.001338, 0.001336, 0.001306, 0.001407, 0.001171, 0.001482, 0.001331, 0.001352, 0.001438, 0.001260, 0.001367, 0.001145, 0.001297, 0.001367, 0.001400, 0.001391, 0.001393, 0.000334, 0.001416, 0.001581, 0.001625, 0.001474, 0.001308, 0.001447, 0.001325, 0.001439, 0.001210, 0.001383, 0.001214, 0.001444, 0.001297, 0.001355, 0.001255, 0.001425, 0.001125, 0.001413, 0.001190, 0.001446, 0.001265, 0.001497, 0.001332
2 , 2, 2, 2, 2, 2, 1, 1
2 , 0.002711, 0.005002, 0.003274, 0.003651, 0.003411, 0.003443, 0.004527
3 , 0.001256, 0.001205, 0.001336, 0.001249, 0.001338, 0.001336, 0.001306, 0.001407, 0.001171, 0.001482, 0.001331, 0.001352, 0.001438, 0.001260, 0.001367, 0.001145, 0.001297, 0.001367, 0.001400, 0.001391, 0.001393, 0.000334, 0.001416, 0.001581, 0.001625, 0.001474, 0.001308, 0.001447, 0.001325, 0.001439, 0.001210, 0.001383, 0.001214, 0.001444, 0.001297, 0.001355, 0.001255, 0.001425, 0.001125, 0.001413, 0.001190, 0.001446, 0.001265, 0.001497, 0.001332, 0.001404, 0.000913, 0.000484, 0.001136, 0.001084, 0.001167, 0.001148, 0.001143, 0.001323, 0.001031, 0.001198, 0.001088, 0.001317, 0.001284, 0.001157, 0.001395, 0.001249, 0.001526, 0.001487, 0.001443, 0.001512, 0.001240, 0.001469, 0.001509, 0.001404, 0.001656, 0.001151, 0.000952, 0.001365, 0.001352, 0.001400, 0.001200, 0.001205, 0.001060, 0.001360, 0.001105, 0.001160, 0.001085, 0.001211, 0.001065, 0.001301, 0.001192, 0.001358, 0.001260, 0.001302, 0.001385, 0.001237
3 , 0, 0, 0, 3, 3, 1, 1
3 , 0.001652, 0.000676, 0.000522, 0.002677, 0.002080, 0.000978, 0.001978
4 , 0.001084, 0.001167, 0.001148, 0.001143, 0.001323, 0.001031, 0.001198, 0.001088, 0.001317, 0.001284, 0.001157, 0.001395, 0.001249, 0.001526, 0.001487, 0.001443, 0.001512, 0.001240, 0.001469, 0.001509, 0.001404, 0.001656, 0.001151, 0.000952, 0.001365, 0.001352, 0.001400, 0.001200, 0.001205, 0.001060, 0.001360, 0.001105, 0.001160, 0.001085, 0.001211, 0.001065, 0.001301, 0.001192, 0.001358, 0.001260, 0.001302, 0.001385, 0.001237, 0.001321, 0.001327, 0.001475, 0.000167, 0.000759, 0.001182, 0.001092, 0.001000, 0.000907, 0.001275, 0.001205, 0.001182, 0.001003, 0.001027, 0.001351, 0.001040, 0.001248, 0.001099, 0.001096, 0.001235, 0.001079, 0.001284, 0.001155, 0.001228, 0.001278, 0.001182, 0.001241, 0.001327, 0.000593, 0.001743, 0.001677, 0.001648, 0.001500, 0.001428, 0.001212, 0.001402, 0.001459, 0.001264, 0.001418, 0.001125, 0.001285, 0.001302, 0.001276, 0.001074, 0.001283, 0.001074, 0.001232, 0.001019, 0.001339
4 , 0, 0, 2, 2, 2, 2, 2
4 , 0.005618, 0.005036, 0.005184, 0.006045, 0.007216, 0.005774, 0.005124
5 , 0.001000, 0.000907, 0.001275, 0.001205, 0.001182, 0.001003, 0.001027, 0.001351, 0.001040, 0.001248, 0.001099, 0.001096, 0.001235, 0.001079, 0.001284, 0.001155, 0.001228, 0.001278, 0.001182, 0.001241, 0.001327, 0.000593, 0.001743, 0.001677, 0.001648, 0.001500, 0.001428, 0.001212, 0.001402, 0.001459, 0.001264, 0.001418, 0.001125, 0.001285, 0.001302, 0.001276, 0.001074, 0.001283, 0.001074, 0.001232, 0.001019, 0.001339, 0.001139, 0.001306, 0.001123, 0.001394, 0.000511, 0.000706, 0.001274, 0.001294, 0.001430, 0.001292, 0.001306, 0.001384, 0.001347, 0.001443, 0.001313, 0.001512, 0.001439, 0.001352, 0.001414, 0.001306, 0.001569, 0.001400, 0.001347, 0.001398, 0.001386, 0.001578, 0.001507, 0.001361, 0.001652, 0.000432, 0.001205, 0.001638, 0.001450, 0.001446, 0.001246, 0.001432, 0.001309, 0.001370, 0.001135, 0.001429, 0.001239, 0.001407, 0.001273, 0.001454, 0.001341, 0.001424, 0.001273, 0.001421, 0.001178, 0.001450
5 , 0, 3, 3, 3, 3, 3, 1
5 , 0.003961, 0.003180, 0.003251, 0.005011, 0.002000, 0.000549, 0.001192
6 , 0.001294, 0.001430, 0.001292, 0.001306, 0.001384, 0.001347, 0.001443, 0.001313, 0.001512, 0.001439, 0.001352, 0.001414, 0.001306, 0.001569, 0.001400, 0.001347, 0.001398, 0.001386, 0.001578, 0.001507, 0.001361, 0.001652, 0.000432, 0.001205, 0.001638, 0.001450, 0.001446, 0.001246, 0.001432, 0.001309, 0.001370, 0.001135, 0.001429, 0.001239, 0.001407, 0.001273, 0.001454, 0.001341, 0.001424, 0.001273, 0.001421, 0.001178, 0.001450, 0.001389, 0.001414, 0.001221, 0.000252, 0.000812, 0.001198, 0.001056, 0.001059, 0.001012, 0.001337, 0.001134, 0.001363, 0.001411, 0.001322, 0.001514, 0.001427, 0.001619, 0.001425, 0.001369, 0.001403, 0.001344, 0.001513, 0.001284, 0.001387, 0.001588, 0.001291, 0.001268, 0.001020, 0.001417, 0.001218, 0.001280, 0.001729, 0.001429, 0.001465, 0.001270, 0.001352, 0.001398, 0.001231, 0.001270, 0.001474, 0.001211, 0.001274, 0.001165, 0.001371, 0.001223, 0.001302, 0.001097, 0.001365, 0.001196
6 , 0, 2, 2, 2, 1, 1, 1
6 , 0.001651, 0.001604, 0.002449, 0.003634, 0.001956, 0.001850, 0.002862
7 , 0.001056, 0.001059, 0.001012, 0.001337, 0.001134, 0.001363, 0.001411, 0.001322, 0.001514, 0.001427, 0.001619, 0.001425, 0.001369, 0.001403, 0.001344, 0.001513, 0.001284, 0.001387, 0.001588, 0.001291, 0.001268, 0.001020, 0.001417, 0.001218, 0.001280, 0.001729, 0.001429, 0.001465, 0.001270, 0.001352, 0.001398, 0.001231, 0.001270, 0.001474, 0.001211, 0.001274, 0.001165, 0.001371, 0.001223, 0.001302, 0.001097, 0.001365, 0.001196, 0.001447, 0.001127, 0.001421, 0.001290, 0.001571, 0.001195, 0.001527, 0.001307, 0.001557, 0.001336, 0.001504, 0.001353, 0.001668, 0.001354, 0.001548, 0.001512, 0.001845, 0.001702, 0.001882, 0.001771, 0.001971, 0.001744, 0.001862, 0.001832, 0.001829, 0.001844, 0.001988, 0.001924, 0.001955, 0.001913, 0.001910, 0.001940, 0.001910, 0.001940, 0.001833, 0.001840, 0.001733, 0.001824, 0.001707, 0.001661, 0.001581, 0.001695, 0.001453, 0.001487, 0.001314, 0.001428, 0.001264, 0.001379, 0.001142
7 , 0, 2, 2, 1, 1, 1, 1
7 , 0.004104, 0.002885, 0.002010, 0.000845, 0.002069, 0.003702, 0.004757
8 , 0.001336, 0.001504, 0.001353, 0.001668, 0.001354, 0.001548, 0.001512, 0.001845, 0.001702, 0.001882, 0.001771, 0.001971, 0.001744, 0.001862, 0.001832, 0.001829, 0.001844, 0.001988, 0.001924, 0.001955, 0.001913, 0.001910, 0.001940, 0.001910, 0.001940, 0.001833, 0.001840, 0.001733, 0.001824, 0.001707, 0.001661, 0.001581, 0.001695, 0.001453, 0.001487, 0.001314, 0.001428, 0.001264, 0.001379, 0.001142, 0.001322, 0.001181, 0.001258, 0.001015, 0.001305, 0.001065, 0.001283, 0.001078, 0.001239, 0.000988, 0.001163, 0.001068, 0.001298, 0.001003, 0.001208, 0.000983, 0.001259, 0.000998, 0.001268, 0.001154, 0.001249, 0.001076, 0.001311, 0.001057, 0.001246, 0.001087, 0.001309, 0.001151, 0.001336, 0.001183, 0.001490, 0.001290, 0.001411, 0.001290, 0.001476, 0.001390, 0.001420, 0.001346, 0.001355, 0.001325, 0.001441, 0.001311, 0.001360, 0.001415, 0.001343, 0.001387, 0.001225, 0.001267, 0.001246, 0.001376, 0.001190, 0.001367
8 , 2, 2, 2, 2, 2, 2, 2
8 , 0.006264, 0.007350, 0.008693, 0.009343, 0.010651, 0.011608, 0.012966
9 , 0.001298, 0.001003, 0.001208, 0.000983, 0.001259, 0.000998, 0.001268, 0.001154, 0.001249, 0.001076, 0.001311, 0.001057, 0.001246, 0.001087, 0.001309, 0.001151, 0.001336, 0.001183, 0.001490, 0.001290, 0.001411, 0.001290, 0.001476, 0.001390, 0.001420, 0.001346, 0.001355, 0.001325, 0.001441, 0.001311, 0.001360, 0.001415, 0.001343, 0.001387, 0.001225, 0.001267, 0.001246, 0.001376, 0.001190, 0.001367, 0.001343, 0.001464, 0.001411, 0.001476, 0.001427, 0.001513, 0.001343, 0.001632, 0.001386, 0.001644, 0.001462, 0.001613, 0.001341, 0.001565, 0.001478, 0.001604, 0.001431, 0.001599, 0.001470, 0.001595, 0.001285, 0.001531, 0.001328, 0.001471, 0.001397, 0.001687, 0.001423, 0.001644, 0.001471, 0.001605, 0.001234, 0.001486, 0.001339, 0.001564, 0.001379, 0.001488, 0.001258, 0.001606, 0.001246, 0.001485, 0.001355, 0.001339, 0.001200, 0.001413, 0.001223, 0.001406, 0.001276, 0.001360, 0.001154, 0.001344, 0.001265, 0.001384
9 , 3, 3, 3, 3, 3, 3, 3
9 , 0.006912, 0.006918, 0.007206, 0.006778, 0.006773, 0.006326, 0.006509
10 , 0.001386, 0.001644, 0.001462, 0.001613, 0.001341, 0.001565, 0.001478, 0.001604, 0.001431, 0.001599, 0.001470, 0.001595, 0.001285, 0.001531, 0.001328, 0.001471, 0.001397, 0.001687, 0.001423, 0.001644, 0.001471, 0.001605, 0.001234, 0.001486, 0.001339, 0.001564, 0.001379, 0.001488, 0.001258, 0.001606, 0.001246, 0.001485, 0.001355, 0.001339, 0.001200, 0.001413, 0.001223, 0.001406, 0.001276, 0.001360, 0.001154, 0.001344, 0.001265, 0.001384, 0.001323, 0.001349, 0.001314, 0.001333, 0.001249, 0.001298, 0.001253, 0.001258, 0.001147, 0.001317, 0.001212, 0.001247, 0.001261, 0.001190, 0.001195, 0.001209, 0.001224, 0.001254, 0.001244, 0.001138, 0.001157, 0.001142, 0.001092, 0.000982, 0.001204, 0.001113, 0.001183, 0.001213, 0.001309, 0.001244, 0.001269, 0.001173, 0.001299, 0.001074, 0.001225, 0.001211, 0.001296, 0.001161, 0.001449, 0.001258, 0.001515, 0.001360, 0.001415, 0.001263, 0.001567, 0.001367, 0.001527, 0.001271
10 , 2, 2, 2, 2, 2, 2, 2
10 , 0.003782, 0.004518, 0.005418, 0.005901, 0.006138, 0.006214, 0.006477
11 , 0.001147, 0.001317, 0.001212, 0.001247, 0.001261, 0.001190, 0.001195, 0.001209, 0.001224, 0.001254, 0.001244, 0.001138, 0.001157, 0.001142, 0.001092, 0.000982, 0.001204, 0.001113, 0.001183, 0.001213, 0.001309, 0.001244, 0.001269, 0.001173, 0.001299, 0.001074, 0.001225, 0.001211, 0.001296, 0.001161, 0.001449, 0.001258, 0.001515, 0.001360, 0.001415, 0.001263, 0.001567, 0.001367, 0.001527, 0.001271, 0.001582, 0.001366, 0.001535, 0.001405, 0.001647, 0.001543, 0.001604, 0.001431, 0.001638, 0.001483, 0.001613, 0.001470, 0.001661, 0.001424, 0.001571, 0.001462, 0.001576, 0.001347, 0.001516, 0.001391, 0.001518, 0.001272, 0.001411, 0.001272, 0.001569, 0.001253, 0.001527, 0.001339, 0.001541, 0.001244, 0.001392, 0.001174, 0.001387, 0.001302, 0.001390, 0.001211, 0.001441, 0.001271, 0.001418, 0.001283, 0.001376, 0.001381, 0.001381, 0.001297, 0.001276, 0.001318, 0.001429, 0.001459, 0.001394, 0.001276, 0.001341, 0.001415
11 , 3, 3, 3, 3, 3, 3, 3
11 , 0.006131, 0.006807, 0.006589, 0.006727, 0.006179, 0.006522, 0.006350
12 , 0.001431, 0.001638, 0.001483, 0.001613, 0.001470, 0.001661, 0.001424, 0.001571, 0.001462, 0.001576, 0.001347, 0.001516, 0.001391, 0.001518, 0.001272, 0.001411, 0.001272, 0.001569, 0.001253, 0.001527, 0.001339, 0.001541, 0.001244, 0.001392, 0.001174, 0.001387, 0.001302, 0.001390, 0.001211, 0.001441, 0.001271, 0.001418, 0.001283, 0.001376, 0.001381, 0.001381, 0.001297, 0.001276, 0.001318, 0.001429, 0.001459, 0.001394, 0.001276, 0.001341, 0.001415, 0.001506, 0.001402, 0.001390, 0.001329, 0.001295, 0.001429, 0.001348, 0.001302, 0.001216, 0.001360, 0.001219, 0.001177, 0.001006, 0.001166, 0.001135, 0.001279, 0.001099, 0.001253, 0.001204, 0.001208, 0.001143, 0.001208, 0.001140, 0.001254, 0.001225, 0.001257, 0.001150, 0.001461, 0.001244, 0.001355, 0.001318, 0.001367, 0.001274, 0.001485, 0.001318, 0.001599, 0.001314, 0.001537, 0.001471, 0.001557, 0.001444, 0.001734, 0.001487, 0.001656, 0.001427, 0.001595, 0.001424
12 , 2, 2, 2, 2, 2, 2, 2
12 , 0.006375, 0.006700, 0.006981, 0.007370, 0.007693, 0.007206, 0.007146
13 , 0.001429, 0.001348, 0.001302, 0.001216, 0.001360, 0.001219, 0.001177, 0.001006, 0.001166, 0.001135, 0.001279, 0.001099, 0.001253, 0.001204, 0.001208, 0.001143, 0.001208, 0.001140, 0.001254, 0.001225, 0.001257, 0.001150, 0.001461, 0.001244, 0.001355, 0.001318, 0.001367, 0.001274, 0.001485, 0.001318, 0.001599, 0.001314, 0.001537, 0.001471, 0.001557, 0.001444, 0.001734, 0.001487, 0.001656, 0.001427, 0.001595, 0.001424, 0.001567, 0.001290, 0.001563, 0.001287, 0.001569, 0.001430, 0.001564, 0.001232, 0.001355, 0.001234, 0.001346, 0.001255, 0.001363, 0.001142, 0.001268, 0.001112, 0.001352, 0.001228, 0.001312, 0.001163, 0.001300, 0.001209, 0.001369, 0.001281, 0.001449, 0.001290, 0.001346, 0.001283, 0.001455, 0.001302, 0.001411, 0.001318, 0.001421, 0.001309, 0.001404, 0.001438, 0.001463, 0.001394, 0.001424, 0.001317, 0.001542, 0.001531, 0.001492, 0.001329, 0.001536, 0.001454, 0.001511, 0.001469, 0.001400, 0.001395
13 , 0, 0, 0, 0, 0, 0, 0
13 , 0.006406, 0.007248, 0.007472, 0.008089, 0.008252, 0.008872, 0.008818
14 , 0.001234, 0.001346, 0.001255, 0.001363, 0.001142, 0.001268, 0.001112, 0.001352, 0.001228, 0.001312, 0.001163, 0.001300, 0.001209, 0.001369, 0.001281, 0.001449, 0.001290, 0.001346, 0.001283, 0.001455, 0.001302, 0.001411, 0.001318, 0.001421, 0.001309, 0.001404, 0.001438, 0.001463, 0.001394, 0.001424, 0.001317, 0.001542, 0.001531, 0.001492, 0.001329, 0.001536, 0.001454, 0.001511, 0.001469, 0.001400, 0.001395, 0.001400, 0.001453, 0.001527, 0.001436, 0.001376, 0.001399, 0.001360, 0.001394, 0.001381, 0.001455, 0.001432, 0.001485, 0.001355, 0.001531, 0.001297, 0.001466, 0.001432, 0.001501, 0.001265, 0.001432, 0.001332, 0.001385, 0.001332, 0.001480, 0.001376, 0.001464, 0.001288, 0.001562, 0.001186, 0.001481, 0.001221, 0.001376, 0.001283, 0.001392, 0.001172, 0.001304, 0.001165, 0.001436, 0.001232, 0.001397, 0.001193, 0.001487, 0.001281, 0.001369, 0.001168, 0.001469, 0.001314, 0.001620, 0.001252, 0.001542, 0.001341
14 , 3, 3, 3, 3, 3, 3, 3
14 , 0.004556, 0.005082, 0.004540, 0.004693, 0.004126, 0.003947, 0.003722
15 , 0.001360, 0.001394, 0.001381, 0.001455, 0.001432, 0.001485, 0.001355, 0.001531, 0.001297, 0.001466, 0.001432, 0.001501, 0.001265, 0.001432, 0.001332, 0.001385, 0.001332, 0.001480, 0.001376, 0.001464, 0.001288, 0.001562, 0.001186, 0.001481, 0.001221, 0.001376, 0.001283, 0.001392, 0.001172, 0.001304, 0.001165, 0.001436, 0.001232, 0.001397, 0.001193, 0.001487, 0.001281, 0.001369, 0.001168, 0.001469, 0.001314, 0.001620, 0.001252, 0.001542, 0.001341, 0.001605, 0.001436, 0.001428, 0.001471, 0.001605, 0.001186, 0.001480, 0.001397, 0.001506, 0.001338, 0.001602, 0.001343, 0.001546, 0.001317, 0.001398, 0.001350, 0.001463, 0.001282, 0.001404, 0.001287, 0.001530, 0.001402, 0.001541, 0.001304, 0.001334, 0.001248, 0.001351, 0.001195, 0.001295, 0.001300, 0.001339, 0.001258, 0.001353, 0.001260, 0.001230, 0.001300, 0.001362, 0.001227, 0.001425, 0.001276, 0.001339, 0.001481, 0.001490, 0.001377, 0.001432, 0.001570, 0.001505
15 , 1, 1, 1, 1, 1, 1, 1
15 , 0.003765, 0.003749, 0.002837, 0.002681, 0.002168, 0.001812, 0.000786
16 , 0.001436, 0.001428, 0.001471, 0.001605, 0.001186, 0.001480, 0.001397, 0.001506, 0.001338, 0.001602, 0.001343, 0.001546, 0.001317, 0.001398, 0.001350, 0.001463, 0.001282, 0.001404, 0.001287, 0.001530, 0.001402, 0.001541, 0.001304, 0.001334, 0.001248, 0.001351, 0.001195, 0.001295, 0.001300, 0.001339, 0.001258, 0.001353, 0.001260, 0.001230, 0.001300, 0.001362, 0.001227, 0.001425, 0.001276, 0.001339, 0.001481, 0.001490, 0.001377, 0.001432, 0.001570, 0.001505, 0.001371, 0.001371, 0.001466, 0.001461, 0.001483, 0.001483, 0.001613, 0.001311, 0.001407, 0.001352, 0.001391, 0.001293, 0.001390, 0.001193, 0.001397, 0.001325, 0.001404, 0.001288, 0.001407, 0.001103, 0.001412, 0.001226, 0.001226, 0.001203, 0.001418, 0.001193, 0.001309, 0.001269, 0.001441, 0.001202, 0.001497, 0.001232, 0.001258, 0.001204, 0.001425, 0.001232, 0.001518, 0.001193, 0.001478, 0.001339, 0.001439, 0.001270, 0.001555, 0.001252, 0.001539, 0.001321
16 , 1, 1, 1, 1, 2, 2, 2
16 , 0.002997, 0.002576, 0.001895, 0.002145, 0.001813, 0.001791, 0.001886
