0 , 0.001210, 0.001320, 0.001378, 0.001529, 0.001552, 0.001458, 0.001574, 0.001316, 0.001748, 0.001519, 0.001521, 0.001803, 0.001521, 0.001700, 0.001483, 0.001696, 0.001805, 0.001643, 0.001702, 0.001545, 0.001680, 0.001636, 0.001591, 0.001754, 0.000336, 0.001170, 0.001404, 0.001254, 0.001231, 0.001019, 0.001138, 0.001019, 0.001265, 0.000836, 0.001047, 0.001040, 0.001240, 0.000948, 0.001414, 0.001034, 0.001328, 0.001108, 0.001289, 0.001211, 0.001315, 0.001055, 0.001313, 0.001078, 0.001329, 0.000379, 0.001238, 0.001245, 0.001435, 0.001286, 0.001613, 0.001332, 0.001446, 0.001579, 0.001416, 0.001593, 0.001375, 0.001677, 0.001670, 0.001613, 0.001748, 0.001581, 0.001929, 0.001707, 0.001663, 0.001574, 0.001658, 0.001789, 0.001549, 0.002054, 0.000305, 0.001089, 0.001240, 0.001193, 0.001279, 0.001128, 0.001291, 0.001099, 0.001263, 0.001116, 0.001257, 0.001253, 0.001227, 0.001166, 0.001230, 0.001325, 0.001429, 0.001346
0 , 1, 1, 1, 1, 1, 1, 1
0 , 0.008030, 0.009567, 0.011350, 0.013515, 0.015595, 0.017005, 0.018416
1 , 0.001435, 0.001286, 0.001613, 0.001332, 0.001446, 0.001579, 0.001416, 0.001593, 0.001375, 0.001677, 0.001670, 0.001613, 0.001748, 0.001581, 0.001929, 0.001707, 0.001663, 0.001574, 0.001658, 0.001789, 0.001549, 0.002054, 0.000305, 0.001089, 0.001240, 0.001193, 0.001279, 0.001128, 0.001291, 0.001099, 0.001263, 0.001116, 0.001257, 0.001253, 0.001227, 0.001166, 0.001230, 0.001325, 0.001429, 0.001346, 0.001316, 0.001217, 0.001234, 0.001300, 0.001152, 0.001092, 0.000751, 0.001144, 0.001359, 0.001455, 0.001467, 0.001574, 0.001516, 0.001761, 0.001586, 0.001698, 0.001661, 0.001710, 0.001696, 0.001518, 0.001731, 0.001469, 0.001664, 0.001702, 0.001661, 0.001647, 0.001509, 0.001768, 0.001705, 0.001672, 0.001793, 0.001955, 0.001787, 0.000555, 0.000985, 0.000904, 0.000801, 0.000560, 0.000665, 0.000395, 0.000651, 0.000277, 0.000526, 0.000335, 0.000589, 0.000381, 0.000481, 0.000453, 0.000608, 0.000389, 0.000652, 0.000477
1 , 1, 1, 1, 1, 1, 1, 1
1 , 0.019276, 0.023192, 0.025562, 0.030033, 0.030189, 0.031588, 0.030022
2 , 0.001574, 0.001516, 0.001761, 0.001586, 0.001698, 0.001661, 0.001710, 0.001696, 0.001518, 0.001731, 0.001469, 0.001664, 0.001702, 0.001661, 0.001647, 0.001509, 0.001768, 0.001705, 0.001672, 0.001793, 0.001955, 0.001787, 0.000555, 0.000985, 0.000904, 0.000801, 0.000560, 0.000665, 0.000395, 0.000651, 0.000277, 0.000526, 0.000335, 0.000589, 0.000381, 0.000481, 0.000453, 0.000608, 0.000389, 0.000652, 0.000477, 0.000638, 0.000351, 0.000632, 0.000509, 0.000667, 0.000738, 0.000559, 0.001470, 0.001511, 0.001596, 0.001297, 0.001377, 0.001416, 0.001277, 0.001257, 0.001035, 0.001313, 0.001126, 0.001141, 0.001166, 0.001034, 0.001228, 0.001158, 0.001234, 0.001285, 0.001167, 0.001406, 0.001400, 0.001443, 0.001343, 0.001822, 0.000077, 0.001440, 0.001281, 0.001362, 0.000860, 0.000938, 0.000877, 0.000892, 0.000822, 0.000856, 0.000887, 0.000907, 0.000887, 0.000862, 0.000917, 0.000927, 0.000897, 0.000842, 0.000937, 0.000912
2 , 1, 1, 1, 1, 1, 1, 1
2 , 0.023960, 0.027126, 0.030194, 0.032600, 0.033639, 0.030444, 0.029016
3 , 0.001596, 0.001297, 0.001377, 0.001416, 0.001277, 0.001257, 0.001035, 0.001313, 0.001126, 0.001141, 0.001166, 0.001034, 0.001228, 0.001158, 0.001234, 0.001285, 0.001167, 0.001406, 0.001400, 0.001443, 0.001343, 0.001822, 0.000077, 0.001440, 0.001281, 0.001362, 0.000860, 0.000938, 0.000877, 0.000892, 0.000822, 0.000856, 0.000887, 0.000907, 0.000887, 0.000862, 0.000917, 0.000927, 0.000897, 0.000842, 0.000937, 0.000912, 0.001024, 0.000863, 0.001332, 0.000367, 0.000997, 0.001400, 0.001343, 0.001373, 0.001263, 0.001609, 0.001538, 0.001661, 0.001462, 0.001519, 0.001649, 0.001444, 0.001599, 0.001318, 0.001613, 0.001691, 0.001558, 0.001737, 0.001519, 0.001762, 0.001649, 0.001682, 0.001581, 0.001871, 0.000923, 0.001081, 0.001200, 0.001194, 0.001039, 0.000988, 0.000897, 0.000802, 0.000957, 0.000901, 0.001032, 0.000731, 0.001007, 0.000801, 0.001057, 0.000867, 0.001042, 0.000877, 0.001063, 0.000848, 0.001119, 0.000865
3 , 1, 1, 1, 1, 1, 1, 1
3 , 0.015753, 0.017728, 0.020833, 0.021954, 0.018617, 0.018883, 0.018615
4 , 0.001373, 0.001263, 0.001609, 0.001538, 0.001661, 0.001462, 0.001519, 0.001649, 0.001444, 0.001599, 0.001318, 0.001613, 0.001691, 0.001558, 0.001737, 0.001519, 0.001762, 0.001649, 0.001682, 0.001581, 0.001871, 0.000923, 0.001081, 0.001200, 0.001194, 0.001039, 0.000988, 0.000897, 0.000802, 0.000957, 0.000901, 0.001032, 0.000731, 0.001007, 0.000801, 0.001057, 0.000867, 0.001042, 0.000877, 0.001063, 0.000848, 0.001119, 0.000865, 0.001256, 0.001030, 0.001095, 0.000656, 0.000707, 0.001464, 0.001532, 0.001562, 0.001389, 0.001551, 0.001673, 0.001487, 0.001458, 0.001323, 0.001691, 0.001510, 0.001322, 0.001371, 0.001416, 0.001599, 0.001384, 0.001530, 0.001519, 0.001538, 0.001730, 0.001602, 0.001714, 0.001745, 0.001411, 0.000535, 0.001184, 0.001046, 0.001134, 0.000864, 0.001088, 0.000948, 0.000988, 0.000788, 0.001028, 0.000798, 0.001003, 0.000887, 0.000892, 0.000866, 0.000977, 0.000821, 0.000856, 0.000826, 0.000656
4 , 1, 1, 1, 1, 1, 1, 1
4 , 0.018609, 0.021060, 0.023813, 0.025839, 0.027241, 0.025721, 0.024903
5 , 0.001562, 0.001389, 0.001551, 0.001673, 0.001487, 0.001458, 0.001323, 0.001691, 0.001510, 0.001322, 0.001371, 0.001416, 0.001599, 0.001384, 0.001530, 0.001519, 0.001538, 0.001730, 0.001602, 0.001714, 0.001745, 0.001411, 0.000535, 0.001184, 0.001046, 0.001134, 0.000864, 0.001088, 0.000948, 0.000988, 0.000788, 0.001028, 0.000798, 0.001003, 0.000887, 0.000892, 0.000866, 0.000977, 0.000821, 0.000856, 0.000826, 0.000656, 0.000796, 0.000797, 0.000901, 0.000429, 0.001461, 0.001729, 0.001774, 0.001818, 0.001782, 0.001944, 0.001781, 0.001861, 0.001839, 0.001912, 0.001895, 0.001807, 0.001870, 0.001626, 0.001874, 0.001866, 0.001702, 0.001766, 0.001492, 0.001700, 0.001593, 0.001679, 0.001553, 0.001707, 0.000077, 0.001395, 0.001261, 0.001256, 0.001117, 0.001221, 0.001216, 0.001142, 0.001138, 0.001073, 0.001221, 0.001045, 0.001043, 0.000997, 0.001097, 0.001013, 0.001057, 0.000922, 0.001032, 0.000948, 0.001157, 0.000846
5 , 1, 1, 1, 1, 1, 1, 1
5 , 0.024231, 0.027308, 0.030732, 0.028408, 0.026125, 0.025281, 0.023453
6 , 0.001774, 0.001818, 0.001782, 0.001944, 0.001781, 0.001861, 0.001839, 0.001912, 0.001895, 0.001807, 0.001870, 0.001626, 0.001874, 0.001866, 0.001702, 0.001766, 0.001492, 0.001700, 0.001593, 0.001679, 0.001553, 0.001707, 0.000077, 0.001395, 0.001261, 0.001256, 0.001117, 0.001221, 0.001216, 0.001142, 0.001138, 0.001073, 0.001221, 0.001045, 0.001043, 0.000997, 0.001097, 0.001013, 0.001057, 0.000922, 0.001032, 0.000948, 0.001157, 0.000846, 0.001122, 0.000795, 0.001244, 0.000324, 0.001105, 0.001476, 0.001411, 0.001533, 0.001384, 0.001552, 0.001496, 0.001529, 0.001613, 0.001348, 0.001773, 0.001538, 0.001624, 0.001656, 0.001614, 0.001932, 0.001742, 0.001845, 0.001653, 0.001612, 0.001738, 0.001626, 0.001617, 0.001809, 0.000712, 0.001200, 0.001257, 0.001227, 0.001282, 0.000948, 0.001132, 0.000906, 0.001140, 0.000839, 0.001043, 0.000877, 0.000901, 0.000645, 0.000856, 0.000655, 0.000997, 0.000741, 0.000926, 0.000896
6 , 1, 1, 1, 1, 1, 1, 1
6 , 0.020824, 0.024245, 0.026625, 0.028160, 0.028498, 0.027826, 0.026998
7 , 0.001411, 0.001533, 0.001384, 0.001552, 0.001496, 0.001529, 0.001613, 0.001348, 0.001773, 0.001538, 0.001624, 0.001656, 0.001614, 0.001932, 0.001742, 0.001845, 0.001653, 0.001612, 0.001738, 0.001626, 0.001617, 0.001809, 0.000712, 0.001200, 0.001257, 0.001227, 0.001282, 0.000948, 0.001132, 0.000906, 0.001140, 0.000839, 0.001043, 0.000877, 0.000901, 0.000645, 0.000856, 0.000655, 0.000997, 0.000741, 0.000926, 0.000896, 0.001012, 0.000856, 0.001017, 0.000701, 0.000794, 0.001447, 0.001510, 0.001481, 0.001404, 0.001441, 0.001777, 0.001593, 0.001581, 0.001359, 0.001455, 0.001705, 0.001444, 0.001584, 0.001490, 0.001611, 0.001668, 0.001490, 0.001602, 0.001485, 0.001721, 0.001558, 0.001517, 0.001633, 0.001030, 0.000806, 0.001537, 0.001452, 0.001337, 0.001220, 0.001259, 0.001067, 0.001309, 0.001137, 0.001241, 0.001120, 0.001242, 0.001224, 0.001220, 0.001187, 0.001070, 0.001040, 0.001096, 0.001161, 0.001049, 0.001033
7 , 1, 1, 1, 1, 1, 1, 1
7 , 0.016569, 0.019337, 0.022281, 0.023862, 0.021619, 0.021250, 0.021348
8 , 0.001481, 0.001404, 0.001441, 0.001777, 0.001593, 0.001581, 0.001359, 0.001455, 0.001705, 0.001444, 0.001584, 0.001490, 0.001611, 0.001668, 0.001490, 0.001602, 0.001485, 0.001721, 0.001558, 0.001517, 0.001633, 0.001030, 0.000806, 0.001537, 0.001452, 0.001337, 0.001220, 0.001259, 0.001067, 0.001309, 0.001137, 0.001241, 0.001120, 0.001242, 0.001224, 0.001220, 0.001187, 0.001070, 0.001040, 0.001096, 0.001161, 0.001049, 0.001033, 0.000973, 0.001291, 0.000973, 0.001228, 0.000349, 0.001321, 0.001507, 0.001570, 0.001688, 0.001519, 0.001717, 0.001888, 0.001763, 0.001719, 0.001587, 0.001868, 0.001912, 0.001963, 0.001822, 0.001741, 0.002051, 0.001813, 0.001826, 0.001747, 0.001873, 0.001962, 0.001633, 0.001691, 0.001756, 0.000055, 0.001239, 0.001216, 0.001159, 0.001086, 0.001006, 0.000986, 0.000853, 0.001022, 0.000973, 0.001229, 0.001033, 0.001168, 0.000964, 0.001138, 0.000867, 0.001076, 0.000913, 0.001138, 0.000932
8 , 1, 1, 1, 1, 1, 1, 1
8 , 0.017862, 0.020531, 0.022531, 0.023076, 0.024933, 0.023243, 0.022917
9 , 0.001570, 0.001688, 0.001519, 0.001717, 0.001888, 0.001763, 0.001719, 0.001587, 0.001868, 0.001912, 0.001963, 0.001822, 0.001741, 0.002051, 0.001813, 0.001826, 0.001747, 0.001873, 0.001962, 0.001633, 0.001691, 0.001756, 0.000055, 0.001239, 0.001216, 0.001159, 0.001086, 0.001006, 0.000986, 0.000853, 0.001022, 0.000973, 0.001229, 0.001033, 0.001168, 0.000964, 0.001138, 0.000867, 0.001076, 0.000913, 0.001138, 0.000932, 0.001089, 0.000825, 0.001254, 0.000359, 0.000974, 0.001265, 0.001251, 0.001418, 0.001516, 0.001509, 0.001834, 0.001434, 0.001588, 0.001455, 0.001446, 0.001757, 0.001544, 0.001663, 0.001471, 0.001700, 0.001700, 0.001572, 0.001748, 0.001416, 0.001659, 0.001821, 0.001572, 0.001670, 0.001466, 0.002024, 0.000888, 0.001261, 0.001328, 0.001292, 0.001030, 0.001187, 0.001046, 0.001081, 0.000895, 0.001037, 0.001037, 0.001006, 0.000975, 0.001037, 0.001086, 0.000935, 0.000905, 0.000941, 0.001083, 0.000894
9 , 1, 1, 1, 1, 1, 1, 1
9 , 0.020756, 0.023368, 0.026969, 0.029063, 0.028033, 0.027004, 0.026543
10 , 0.001418, 0.001516, 0.001509, 0.001834, 0.001434, 0.001588, 0.001455, 0.001446, 0.001757, 0.001544, 0.001663, 0.001471, 0.001700, 0.001700, 0.001572, 0.001748, 0.001416, 0.001659, 0.001821, 0.001572, 0.001670, 0.001466, 0.002024, 0.000888, 0.001261, 0.001328, 0.001292, 0.001030, 0.001187, 0.001046, 0.001081, 0.000895, 0.001037, 0.001037, 0.001006, 0.000975, 0.001037, 0.001086, 0.000935, 0.000905, 0.000941, 0.001083, 0.000894, 0.001089, 0.001094, 0.001059, 0.000954, 0.001180, 0.000938, 0.001275, 0.001075, 0.001189, 0.000929, 0.001180, 0.001010, 0.001230, 0.000945, 0.001196, 0.000977, 0.001165, 0.001031, 0.001207, 0.000977, 0.001172, 0.000996, 0.001159, 0.000908, 0.001081, 0.000856, 0.001005, 0.000900, 0.001095, 0.000719, 0.001080, 0.001021, 0.001089, 0.000899, 0.000968, 0.000983, 0.001053, 0.000908, 0.001000, 0.001076, 0.001083, 0.001131, 0.001163, 0.001057, 0.001224, 0.001223, 0.001282, 0.001282, 0.001256
10 , 1, 1, 2, 2, 2, 2, 2
10 , 0.009372, 0.009784, 0.010877, 0.012013, 0.013847, 0.013906, 0.014053
11 , 0.000929, 0.001180, 0.001010, 0.001230, 0.000945, 0.001196, 0.000977, 0.001165, 0.001031, 0.001207, 0.000977, 0.001172, 0.000996, 0.001159, 0.000908, 0.001081, 0.000856, 0.001005, 0.000900, 0.001095, 0.000719, 0.001080, 0.001021, 0.001089, 0.000899, 0.000968, 0.000983, 0.001053, 0.000908, 0.001000, 0.001076, 0.001083, 0.001131, 0.001163, 0.001057, 0.001224, 0.001223, 0.001282, 0.001282, 0.001256, 0.001394, 0.001238, 0.001294, 0.001238, 0.001415, 0.001199, 0.001295, 0.001169, 0.001359, 0.001251, 0.001325, 0.001178, 0.001300, 0.001235, 0.001399, 0.001248, 0.001352, 0.001153, 0.001402, 0.001070, 0.001254, 0.001015, 0.001193, 0.000961, 0.001175, 0.000887, 0.001151, 0.000824, 0.001144, 0.000868, 0.001072, 0.000911, 0.000992, 0.000851, 0.000987, 0.000726, 0.000932, 0.000646, 0.000947, 0.000721, 0.000796, 0.000646, 0.000897, 0.000771, 0.000877, 0.000691, 0.000901, 0.001002, 0.001002, 0.000937, 0.000927, 0.000768
11 , 3, 3, 3, 3, 3, 3, 3
11 , 0.008355, 0.008790, 0.009234, 0.009641, 0.009418, 0.009413, 0.009253
12 , 0.001251, 0.001325, 0.001178, 0.001300, 0.001235, 0.001399, 0.001248, 0.001352, 0.001153, 0.001402, 0.001070, 0.001254, 0.001015, 0.001193, 0.000961, 0.001175, 0.000887, 0.001151, 0.000824, 0.001144, 0.000868, 0.001072, 0.000911, 0.000992, 0.000851, 0.000987, 0.000726, 0.000932, 0.000646, 0.000947, 0.000721, 0.000796, 0.000646, 0.000897, 0.000771, 0.000877, 0.000691, 0.000901, 0.001002, 0.001002, 0.000937, 0.000927, 0.000768, 0.000933, 0.000989, 0.001075, 0.001071, 0.001071, 0.001151, 0.001037, 0.000976, 0.001011, 0.000971, 0.001078, 0.001018, 0.000908, 0.001018, 0.001119, 0.001196, 0.001080, 0.001117, 0.000987, 0.000971, 0.000932, 0.001127, 0.001078, 0.000992, 0.000918, 0.001154, 0.001026, 0.001314, 0.001101, 0.001316, 0.001102, 0.001331, 0.001123, 0.001301, 0.001155, 0.001324, 0.001076, 0.001303, 0.001120, 0.001229, 0.001134, 0.001286, 0.001096, 0.001179, 0.000920, 0.001216, 0.001075, 0.001279, 0.001033
12 , 2, 2, 2, 2, 2, 2, 2
12 , 0.010577, 0.010337, 0.010130, 0.009321, 0.008949, 0.007973, 0.007460
13 , 0.001071, 0.001071, 0.001151, 0.001037, 0.000976, 0.001011, 0.000971, 0.001078, 0.001018, 0.000908, 0.001018, 0.001119, 0.001196, 0.001080, 0.001117, 0.000987, 0.000971, 0.000932, 0.001127, 0.001078, 0.000992, 0.000918, 0.001154, 0.001026, 0.001314, 0.001101, 0.001316, 0.001102, 0.001331, 0.001123, 0.001301, 0.001155, 0.001324, 0.001076, 0.001303, 0.001120, 0.001229, 0.001134, 0.001286, 0.001096, 0.001179, 0.000920, 0.001216, 0.001075, 0.001279, 0.001033, 0.001258, 0.000998, 0.001168, 0.000977, 0.001291, 0.000940, 0.001113, 0.000973, 0.001052, 0.000862, 0.001046, 0.000910, 0.000984, 0.000769, 0.000939, 0.000904, 0.001039, 0.000954, 0.001018, 0.000813, 0.001034, 0.000968, 0.000908, 0.000862, 0.000997, 0.000952, 0.000903, 0.000882, 0.000903, 0.000919, 0.001045, 0.000970, 0.000986, 0.000981, 0.001081, 0.001011, 0.001006, 0.001021, 0.000921, 0.001091, 0.001080, 0.001140, 0.001030, 0.001024, 0.000954, 0.001080
13 , 3, 3, 0, 0, 0, 0, 0
13 , 0.003382, 0.002950, 0.003244, 0.004085, 0.003880, 0.004425, 0.004109
14 , 0.000940, 0.001113, 0.000973, 0.001052, 0.000862, 0.001046, 0.000910, 0.000984, 0.000769, 0.000939, 0.000904, 0.001039, 0.000954, 0.001018, 0.000813, 0.001034, 0.000968, 0.000908, 0.000862, 0.000997, 0.000952, 0.000903, 0.000882, 0.000903, 0.000919, 0.001045, 0.000970, 0.000986, 0.000981, 0.001081, 0.001011, 0.001006, 0.001021, 0.000921, 0.001091, 0.001080, 0.001140, 0.001030, 0.001024, 0.000954, 0.001080, 0.000940, 0.000995, 0.000971, 0.001064, 0.000934, 0.001008, 0.001003, 0.001113, 0.000952, 0.001238, 0.001110, 0.001089, 0.000929, 0.001263, 0.001003, 0.001021, 0.000846, 0.001067, 0.000922, 0.001071, 0.000992, 0.001203, 0.000943, 0.001273, 0.001019, 0.001170, 0.001042, 0.001288, 0.001008, 0.001293, 0.001096, 0.001324, 0.001180, 0.001331, 0.001291, 0.001434, 0.001132, 0.001268, 0.001143, 0.001205, 0.000998, 0.001237, 0.001017, 0.001175, 0.000996, 0.001161, 0.001128, 0.001274, 0.001173, 0.001250, 0.001194
14 , 0, 0, 0, 0, 0, 0, 0
14 , 0.003063, 0.002959, 0.003134, 0.003244, 0.003591, 0.003720, 0.003782
15 , 0.001089, 0.000929, 0.001263, 0.001003, 0.001021, 0.000846, 0.001067, 0.000922, 0.001071, 0.000992, 0.001203, 0.000943, 0.001273, 0.001019, 0.001170, 0.001042, 0.001288, 0.001008, 0.001293, 0.001096, 0.001324, 0.001180, 0.001331, 0.001291, 0.001434, 0.001132, 0.001268, 0.001143, 0.001205, 0.000998, 0.001237, 0.001017, 0.001175, 0.000996, 0.001161, 0.001128, 0.001274, 0.001173, 0.001250, 0.001194, 0.001357, 0.001244, 0.001383, 0.001200, 0.001422, 0.001223, 0.001141, 0.001185, 0.001196, 0.000966, 0.001087, 0.000956, 0.000984, 0.000868, 0.000891, 0.000816, 0.000827, 0.000747, 0.000778, 0.000624, 0.000612, 0.000587, 0.000477, 0.000534, 0.000583, 0.000583, 0.000606, 0.000709, 0.000782, 0.000821, 0.000851, 0.000923, 0.000997, 0.001154, 0.001033, 0.001080, 0.001135, 0.001263, 0.001120, 0.001184, 0.001089, 0.001253, 0.001170, 0.001421, 0.001248, 0.001241, 0.001120, 0.001161, 0.000968, 0.001135, 0.000889, 0.001117
15 , 0, 0, 0, 0, 0, 0, 0
15 , 0.009058, 0.010234, 0.010517, 0.010964, 0.010765, 0.010550, 0.009443
16 , 0.000966, 0.001087, 0.000956, 0.000984, 0.000868, 0.000891, 0.000816, 0.000827, 0.000747, 0.000778, 0.000624, 0.000612, 0.000587, 0.000477, 0.000534, 0.000583, 0.000583, 0.000606, 0.000709, 0.000782, 0.000821, 0.000851, 0.000923, 0.000997, 0.001154, 0.001033, 0.001080, 0.001135, 0.001263, 0.001120, 0.001184, 0.001089, 0.001253, 0.001170, 0.001421, 0.001248, 0.001241, 0.001120, 0.001161, 0.000968, 0.001135, 0.000889, 0.001117, 0.000851, 0.001040, 0.000875, 0.001079, 0.000752, 0.000896, 0.000756, 0.000967, 0.000706, 0.000936, 0.000816, 0.001092, 0.000867, 0.000998, 0.000804, 0.001045, 0.000851, 0.000991, 0.000851, 0.001213, 0.000872, 0.001176, 0.001041, 0.001191, 0.000889, 0.001033, 0.000894, 0.001150, 0.001040, 0.001084, 0.000889, 0.001080, 0.001056, 0.001065, 0.000875, 0.001076, 0.000821, 0.001127, 0.000906, 0.001132, 0.000964, 0.001087, 0.001059, 0.001127, 0.000918, 0.001224, 0.001067, 0.001011, 0.000906
16 , 0, 0, 0, 0, 0, 0, 0
16 , 0.008153, 0.008811, 0.009327, 0.009585, 0.009251, 0.008915, 0.008331
