0 , 0.001097, 0.001505, 0.001295, 0.001412, 0.001261, 0.001227, 0.001513, 0.001226, 0.001220, 0.001131, 0.001426, 0.001247, 0.001323, 0.001300, 0.001224, 0.001386, 0.001230, 0.001171, 0.001287, 0.001151, 0.001312, 0.000955, 0.001561, 0.000318, 0.001509, 0.001557, 0.001372, 0.001351, 0.001214, 0.001341, 0.001174, 0.001336, 0.001139, 0.001258, 0.001122, 0.001004, 0.001029, 0.001103, 0.000943, 0.000968, 0.001028, 0.000958, 0.001027, 0.001007, 0.001142, 0.001120, 0.000843, 0.000896, 0.001179, 0.001441, 0.001351, 0.001520, 0.001564, 0.001370, 0.001563, 0.001289, 0.001389, 0.001259, 0.001385, 0.001529, 0.001314, 0.001542, 0.001257, 0.001439, 0.001510, 0.001252, 0.001510, 0.001327, 0.001506, 0.001296, 0.001671, 0.000774, 0.001341, 0.001462, 0.001417, 0.001274, 0.001258, 0.001103, 0.001212, 0.001112, 0.001115, 0.000931, 0.001061, 0.000942, 0.001123, 0.001028, 0.001198, 0.000963, 0.001364, 0.001155, 0.001355, 0.001032
0 , 1, 1, 1, 1, 1, 1, 1
0 , 0.005392, 0.005946, 0.007262, 0.008607, 0.009124, 0.007484, 0.007855
1 , 0.001351, 0.001520, 0.001564, 0.001370, 0.001563, 0.001289, 0.001389, 0.001259, 0.001385, 0.001529, 0.001314, 0.001542, 0.001257, 0.001439, 0.001510, 0.001252, 0.001510, 0.001327, 0.001506, 0.001296, 0.001671, 0.000774, 0.001341, 0.001462, 0.001417, 0.001274, 0.001258, 0.001103, 0.001212, 0.001112, 0.001115, 0.000931, 0.001061, 0.000942, 0.001123, 0.001028, 0.001198, 0.000963, 0.001364, 0.001155, 0.001355, 0.001032, 0.001264, 0.001095, 0.001392, 0.001155, 0.001395, 0.000185, 0.001165, 0.001170, 0.001457, 0.001220, 0.001398, 0.001171, 0.001480, 0.001475, 0.001468, 0.001480, 0.001363, 0.001524, 0.001567, 0.001611, 0.001526, 0.001386, 0.001700, 0.001551, 0.001448, 0.001469, 0.001441, 0.001542, 0.001443, 0.001581, 0.000882, 0.001336, 0.001466, 0.001357, 0.001490, 0.001318, 0.001365, 0.001235, 0.001483, 0.001200, 0.001430, 0.001123, 0.001395, 0.001318, 0.001314, 0.001114, 0.001314, 0.001200, 0.001430, 0.001123
1 , 1, 1, 1, 1, 1, 1, 1
1 , 0.005451, 0.006044, 0.007550, 0.006631, 0.009520, 0.009141, 0.009233
2 , 0.001457, 0.001220, 0.001398, 0.001171, 0.001480, 0.001475, 0.001468, 0.001480, 0.001363, 0.001524, 0.001567, 0.001611, 0.001526, 0.001386, 0.001700, 0.001551, 0.001448, 0.001469, 0.001441, 0.001542, 0.001443, 0.001581, 0.000882, 0.001336, 0.001466, 0.001357, 0.001490, 0.001318, 0.001365, 0.001235, 0.001483, 0.001200, 0.001430, 0.001123, 0.001395, 0.001318, 0.001314, 0.001114, 0.001314, 0.001200, 0.001430, 0.001123, 0.001234, 0.001216, 0.001513, 0.000668, 0.001080, 0.001031, 0.001284, 0.001219, 0.001238, 0.001327, 0.001268, 0.001373, 0.001206, 0.001382, 0.001273, 0.001373, 0.001556, 0.001480, 0.001563, 0.001337, 0.001439, 0.001389, 0.001449, 0.001639, 0.001452, 0.001622, 0.001569, 0.001559, 0.001500, 0.001872, 0.000663, 0.001247, 0.001077, 0.001172, 0.000976, 0.000957, 0.001042, 0.000982, 0.001088, 0.000938, 0.001104, 0.000942, 0.001241, 0.001100, 0.001369, 0.001219, 0.001629, 0.001427, 0.001670, 0.001590
2 , 1, 1, 1, 1, 1, 1, 1
2 , 0.004259, 0.005844, 0.007676, 0.008916, 0.009145, 0.007795, 0.007693
3 , 0.001238, 0.001327, 0.001268, 0.001373, 0.001206, 0.001382, 0.001273, 0.001373, 0.001556, 0.001480, 0.001563, 0.001337, 0.001439, 0.001389, 0.001449, 0.001639, 0.001452, 0.001622, 0.001569, 0.001559, 0.001500, 0.001872, 0.000663, 0.001247, 0.001077, 0.001172, 0.000976, 0.000957, 0.001042, 0.000982, 0.001088, 0.000938, 0.001104, 0.000942, 0.001241, 0.001100, 0.001369, 0.001219, 0.001629, 0.001427, 0.001670, 0.001590, 0.001760, 0.001562, 0.001693, 0.001455, 0.001701, 0.001190, 0.000331, 0.001072, 0.001072, 0.001181, 0.001051, 0.001154, 0.001280, 0.001173, 0.001279, 0.001211, 0.001478, 0.001385, 0.001506, 0.001373, 0.001350, 0.001495, 0.001316, 0.001515, 0.001270, 0.001350, 0.001572, 0.001373, 0.001430, 0.001370, 0.001081, 0.001241, 0.001685, 0.001475, 0.001570, 0.001297, 0.001565, 0.001305, 0.001655, 0.001288, 0.001474, 0.001439, 0.001482, 0.001232, 0.001487, 0.001211, 0.001427, 0.001280, 0.001462, 0.001211
3 , 2, 2, 2, 2, 2, 2, 2
3 , 0.005572, 0.005794, 0.006225, 0.007101, 0.005990, 0.006368, 0.006088
4 , 0.001072, 0.001072, 0.001181, 0.001051, 0.001154, 0.001280, 0.001173, 0.001279, 0.001211, 0.001478, 0.001385, 0.001506, 0.001373, 0.001350, 0.001495, 0.001316, 0.001515, 0.001270, 0.001350, 0.001572, 0.001373, 0.001430, 0.001370, 0.001081, 0.001241, 0.001685, 0.001475, 0.001570, 0.001297, 0.001565, 0.001305, 0.001655, 0.001288, 0.001474, 0.001439, 0.001482, 0.001232, 0.001487, 0.001211, 0.001427, 0.001280, 0.001462, 0.001211, 0.001540, 0.001371, 0.001315, 0.001356, 0.000041, 0.001036, 0.001231, 0.001379, 0.001237, 0.001335, 0.001681, 0.001455, 0.001639, 0.001478, 0.001583, 0.001611, 0.001545, 0.001492, 0.001382, 0.001609, 0.001522, 0.001462, 0.001559, 0.001508, 0.001667, 0.001545, 0.001538, 0.001378, 0.001638, 0.000375, 0.001476, 0.001276, 0.001318, 0.001216, 0.001376, 0.001162, 0.001383, 0.001243, 0.001325, 0.001211, 0.001255, 0.001293, 0.001283, 0.001336, 0.001323, 0.001388, 0.001197, 0.001409, 0.001193
4 , 3, 3, 3, 3, 3, 3, 3
4 , 0.005520, 0.005969, 0.006079, 0.005112, 0.005338, 0.003782, 0.003937
5 , 0.001036, 0.001231, 0.001379, 0.001237, 0.001335, 0.001681, 0.001455, 0.001639, 0.001478, 0.001583, 0.001611, 0.001545, 0.001492, 0.001382, 0.001609, 0.001522, 0.001462, 0.001559, 0.001508, 0.001667, 0.001545, 0.001538, 0.001378, 0.001638, 0.000375, 0.001476, 0.001276, 0.001318, 0.001216, 0.001376, 0.001162, 0.001383, 0.001243, 0.001325, 0.001211, 0.001255, 0.001293, 0.001283, 0.001336, 0.001323, 0.001388, 0.001197, 0.001409, 0.001193, 0.001383, 0.001217, 0.001497, 0.001179, 0.001590, 0.000579, 0.000566, 0.001071, 0.001153, 0.001085, 0.001048, 0.001267, 0.001125, 0.001211, 0.001134, 0.001088, 0.001317, 0.001134, 0.001227, 0.001111, 0.001253, 0.001434, 0.001320, 0.001373, 0.001392, 0.001449, 0.001476, 0.001474, 0.001433, 0.001659, 0.000499, 0.001347, 0.001360, 0.001359, 0.001194, 0.001134, 0.001178, 0.001033, 0.001128, 0.000963, 0.001223, 0.000967, 0.001163, 0.000994, 0.001305, 0.000971, 0.001261, 0.001058
5 , 2, 2, 2, 1, 1, 1, 1
5 , 0.002648, 0.002854, 0.002951, 0.004224, 0.005148, 0.005711, 0.005829
6 , 0.001153, 0.001085, 0.001048, 0.001267, 0.001125, 0.001211, 0.001134, 0.001088, 0.001317, 0.001134, 0.001227, 0.001111, 0.001253, 0.001434, 0.001320, 0.001373, 0.001392, 0.001449, 0.001476, 0.001474, 0.001433, 0.001659, 0.000499, 0.001347, 0.001360, 0.001359, 0.001194, 0.001134, 0.001178, 0.001033, 0.001128, 0.000963, 0.001223, 0.000967, 0.001163, 0.000994, 0.001305, 0.000971, 0.001261, 0.001058, 0.001385, 0.001167, 0.001415, 0.001228, 0.001419, 0.001093, 0.000320, 0.000939, 0.001030, 0.001126, 0.001043, 0.001239, 0.001204, 0.001204, 0.001178, 0.001128, 0.001287, 0.001144, 0.001115, 0.001168, 0.001065, 0.001277, 0.001320, 0.001330, 0.001286, 0.001170, 0.001376, 0.001283, 0.001302, 0.001385, 0.000963, 0.001108, 0.001596, 0.001443, 0.001450, 0.001281, 0.001309, 0.001195, 0.001339, 0.001063, 0.001247, 0.001112, 0.001228, 0.001074, 0.001363, 0.001074, 0.001200, 0.001234, 0.001241, 0.001232, 0.001278, 0.001283
6 , 0, 2, 2, 2, 2, 2, 1
6 , 0.002548, 0.002544, 0.003351, 0.004956, 0.003759, 0.003403, 0.003848
7 , 0.001126, 0.001043, 0.001239, 0.001204, 0.001204, 0.001178, 0.001128, 0.001287, 0.001144, 0.001115, 0.001168, 0.001065, 0.001277, 0.001320, 0.001330, 0.001286, 0.001170, 0.001376, 0.001283, 0.001302, 0.001385, 0.000963, 0.001108, 0.001596, 0.001443, 0.001450, 0.001281, 0.001309, 0.001195, 0.001339, 0.001063, 0.001247, 0.001112, 0.001228, 0.001074, 0.001363, 0.001074, 0.001200, 0.001234, 0.001241, 0.001232, 0.001278, 0.001283, 0.001174, 0.001228, 0.001192, 0.001434, 0.000012, 0.000932, 0.001220, 0.001108, 0.001222, 0.001211, 0.001339, 0.001236, 0.001396, 0.001273, 0.001270, 0.001387, 0.001362, 0.001403, 0.001224, 0.001364, 0.001467, 0.001337, 0.001503, 0.001339, 0.001426, 0.001348, 0.001371, 0.001333, 0.001282, 0.000468, 0.001685, 0.001545, 0.001487, 0.001424, 0.001408, 0.001267, 0.001348, 0.001348, 0.001359, 0.001424, 0.001255, 0.001415, 0.001320, 0.001387, 0.001088, 0.001262, 0.001230, 0.001378, 0.001153
7 , 0, 0, 0, 0, 2, 2, 2
7 , 0.003884, 0.002589, 0.001778, 0.002237, 0.000146, 0.002575, 0.002381
8 , 0.001434, 0.000012, 0.000932, 0.001220, 0.001108, 0.001222, 0.001211, 0.001339, 0.001236, 0.001396, 0.001273, 0.001270, 0.001387, 0.001362, 0.001403, 0.001224, 0.001364, 0.001467, 0.001337, 0.001503, 0.001339, 0.001426, 0.001348, 0.001371, 0.001333, 0.001282, 0.000468, 0.001685, 0.001545, 0.001487, 0.001424, 0.001408, 0.001267, 0.001348, 0.001348, 0.001359, 0.001424, 0.001255, 0.001415, 0.001320, 0.001387, 0.001088, 0.001262, 0.001230, 0.001378, 0.001153, 0.001480, 0.001216, 0.001529, 0.000472, 0.000679, 0.001153, 0.001015, 0.001190, 0.001117, 0.001408, 0.001506, 0.001314, 0.001380, 0.001249, 0.001513, 0.001469, 0.001408, 0.001417, 0.001396, 0.001529, 0.001435, 0.001504, 0.001430, 0.001472, 0.001476, 0.001441, 0.001314, 0.001558, 0.000339, 0.001450, 0.001687, 0.001604, 0.001616, 0.001491, 0.001508, 0.001568, 0.001720, 0.001430, 0.001582, 0.001340, 0.001479, 0.001397, 0.001617, 0.001306, 0.001618, 0.001217
8 , 0, 0, 0, 0, 0, 0, 2
8 , 0.006144, 0.005513, 0.005044, 0.004609, 0.004317, 0.003279, 0.002631
9 , 0.001480, 0.001216, 0.001529, 0.000472, 0.000679, 0.001153, 0.001015, 0.001190, 0.001117, 0.001408, 0.001506, 0.001314, 0.001380, 0.001249, 0.001513, 0.001469, 0.001408, 0.001417, 0.001396, 0.001529, 0.001435, 0.001504, 0.001430, 0.001472, 0.001476, 0.001441, 0.001314, 0.001558, 0.000339, 0.001450, 0.001687, 0.001604, 0.001616, 0.001491, 0.001508, 0.001568, 0.001720, 0.001430, 0.001582, 0.001340, 0.001479, 0.001397, 0.001617, 0.001306, 0.001618, 0.001217, 0.001421, 0.001259, 0.001493, 0.001267, 0.001492, 0.001376, 0.001461, 0.001209, 0.000464, 0.000957, 0.001041, 0.001172, 0.001252, 0.001190, 0.001458, 0.001433, 0.001506, 0.001336, 0.001357, 0.001460, 0.001341, 0.001376, 0.001199, 0.001405, 0.001417, 0.001252, 0.001223, 0.001170, 0.001274, 0.001244, 0.001217, 0.001396, 0.000836, 0.001187, 0.001866, 0.001741, 0.001785, 0.001478, 0.001574, 0.001323, 0.001450, 0.001252, 0.001430, 0.001207, 0.001269, 0.001230
9 , 0, 0, 0, 0, 0, 0, 0
9 , 0.006185, 0.006402, 0.005803, 0.005187, 0.005111, 0.005184, 0.005307
10 , 0.001259, 0.001493, 0.001267, 0.001492, 0.001376, 0.001461, 0.001209, 0.000464, 0.000957, 0.001041, 0.001172, 0.001252, 0.001190, 0.001458, 0.001433, 0.001506, 0.001336, 0.001357, 0.001460, 0.001341, 0.001376, 0.001199, 0.001405, 0.001417, 0.001252, 0.001223, 0.001170, 0.001274, 0.001244, 0.001217, 0.001396, 0.000836, 0.001187, 0.001866, 0.001741, 0.001785, 0.001478, 0.001574, 0.001323, 0.001450, 0.001252, 0.001430, 0.001207, 0.001269, 0.001230, 0.001290, 0.001260, 0.001352, 0.001165, 0.001160, 0.001135, 0.001052, 0.001172, 0.001080, 0.001366, 0.000196, 0.001033, 0.001220, 0.001209, 0.001263, 0.001103, 0.001417, 0.001336, 0.001441, 0.001391, 0.001340, 0.001529, 0.001382, 0.001410, 0.001373, 0.001462, 0.001654, 0.001424, 0.001506, 0.001373, 0.001433, 0.001531, 0.001517, 0.001601, 0.001368, 0.001393, 0.001882, 0.000422, 0.001501, 0.001330, 0.001342, 0.001047, 0.001272, 0.001063, 0.001388, 0.001100, 0.001260
10 , 0, 0, 0, 0, 0, 0, 0
10 , 0.005253, 0.005217, 0.004616, 0.004492, 0.003325, 0.002707, 0.001849
11 , 0.001260, 0.001352, 0.001165, 0.001160, 0.001135, 0.001052, 0.001172, 0.001080, 0.001366, 0.000196, 0.001033, 0.001220, 0.001209, 0.001263, 0.001103, 0.001417, 0.001336, 0.001441, 0.001391, 0.001340, 0.001529, 0.001382, 0.001410, 0.001373, 0.001462, 0.001654, 0.001424, 0.001506, 0.001373, 0.001433, 0.001531, 0.001517, 0.001601, 0.001368, 0.001393, 0.001882, 0.000422, 0.001501, 0.001330, 0.001342, 0.001047, 0.001272, 0.001063, 0.001388, 0.001100, 0.001260, 0.000988, 0.001239, 0.001069, 0.001325, 0.001146, 0.001348, 0.001127, 0.001392, 0.001141, 0.001364, 0.001063, 0.001142, 0.001063, 0.001296, 0.001039, 0.001154, 0.000979, 0.001024, 0.001013, 0.001088, 0.000998, 0.001007, 0.001138, 0.001073, 0.000972, 0.001163, 0.001163, 0.000982, 0.001092, 0.001173, 0.001188, 0.001038, 0.001043, 0.001033, 0.001195, 0.000930, 0.001176, 0.001145, 0.001180, 0.001057, 0.001247, 0.001038, 0.001283, 0.001095, 0.001248, 0.001155
11 , 3, 3, 3, 0, 0, 0, 0
11 , 0.005171, 0.004939, 0.004009, 0.003460, 0.003546, 0.003211, 0.003602
12 , 0.000988, 0.001239, 0.001069, 0.001325, 0.001146, 0.001348, 0.001127, 0.001392, 0.001141, 0.001364, 0.001063, 0.001142, 0.001063, 0.001296, 0.001039, 0.001154, 0.000979, 0.001024, 0.001013, 0.001088, 0.000998, 0.001007, 0.001138, 0.001073, 0.000972, 0.001163, 0.001163, 0.000982, 0.001092, 0.001173, 0.001188, 0.001038, 0.001043, 0.001033, 0.001195, 0.000930, 0.001176, 0.001145, 0.001180, 0.001057, 0.001247, 0.001038, 0.001283, 0.001095, 0.001248, 0.001155, 0.001494, 0.001246, 0.001466, 0.001223, 0.001443, 0.001312, 0.001409, 0.001238, 0.001518, 0.001301, 0.001530, 0.001284, 0.001505, 0.001319, 0.001497, 0.001362, 0.001539, 0.001301, 0.001556, 0.001396, 0.001600, 0.001323, 0.001521, 0.001431, 0.001561, 0.001462, 0.001467, 0.001317, 0.001395, 0.001335, 0.001451, 0.001351, 0.001356, 0.001321, 0.001412, 0.001365, 0.001348, 0.001309, 0.001367, 0.001308, 0.001174, 0.001107, 0.001172, 0.001187, 0.001006, 0.001261
12 , 1, 1, 1, 1, 1, 3, 3
12 , 0.002900, 0.003048, 0.003489, 0.003117, 0.003627, 0.003442, 0.004037
13 , 0.001409, 0.001238, 0.001518, 0.001301, 0.001530, 0.001284, 0.001505, 0.001319, 0.001497, 0.001362, 0.001539, 0.001301, 0.001556, 0.001396, 0.001600, 0.001323, 0.001521, 0.001431, 0.001561, 0.001462, 0.001467, 0.001317, 0.001395, 0.001335, 0.001451, 0.001351, 0.001356, 0.001321, 0.001412, 0.001365, 0.001348, 0.001309, 0.001367, 0.001308, 0.001174, 0.001107, 0.001172, 0.001187, 0.001006, 0.001261, 0.001209, 0.001249, 0.001163, 0.001334, 0.001160, 0.001276, 0.001116, 0.001297, 0.001169, 0.001429, 0.001264, 0.001327, 0.001234, 0.001455, 0.001176, 0.001318, 0.001188, 0.001406, 0.001104, 0.001233, 0.001182, 0.001277, 0.001112, 0.001342, 0.001077, 0.001399, 0.001084, 0.001318, 0.001184, 0.001288, 0.001169, 0.001285, 0.001141, 0.001478, 0.001199, 0.001394, 0.001216, 0.001272, 0.001179, 0.001367, 0.001332, 0.001392, 0.001214, 0.001427, 0.001249, 0.001391, 0.001317, 0.001563, 0.001415, 0.001377, 0.001333, 0.001433
13 , 2, 2, 2, 2, 2, 2, 2
13 , 0.004180, 0.004891, 0.005139, 0.005554, 0.005677, 0.006204, 0.005963
14 , 0.001327, 0.001234, 0.001455, 0.001176, 0.001318, 0.001188, 0.001406, 0.001104, 0.001233, 0.001182, 0.001277, 0.001112, 0.001342, 0.001077, 0.001399, 0.001084, 0.001318, 0.001184, 0.001288, 0.001169, 0.001285, 0.001141, 0.001478, 0.001199, 0.001394, 0.001216, 0.001272, 0.001179, 0.001367, 0.001332, 0.001392, 0.001214, 0.001427, 0.001249, 0.001391, 0.001317, 0.001563, 0.001415, 0.001377, 0.001333, 0.001433, 0.001312, 0.001378, 0.001330, 0.001481, 0.001504, 0.001432, 0.001272, 0.001285, 0.001339, 0.001468, 0.001364, 0.001436, 0.001397, 0.001371, 0.001367, 0.001471, 0.001406, 0.001295, 0.001386, 0.001311, 0.001592, 0.001298, 0.001444, 0.001409, 0.001607, 0.001478, 0.001512, 0.001439, 0.001495, 0.001473, 0.001551, 0.001392, 0.001577, 0.001357, 0.001590, 0.001456, 0.001535, 0.001440, 0.001634, 0.001358, 0.001561, 0.001345, 0.001631, 0.001268, 0.001507, 0.001286, 0.001407, 0.001277, 0.001486, 0.001329, 0.001493
14 , 0, 0, 0, 0, 0, 0, 3
14 , 0.002253, 0.002653, 0.002857, 0.003248, 0.002471, 0.002561, 0.002765
15 , 0.001339, 0.001468, 0.001364, 0.001436, 0.001397, 0.001371, 0.001367, 0.001471, 0.001406, 0.001295, 0.001386, 0.001311, 0.001592, 0.001298, 0.001444, 0.001409, 0.001607, 0.001478, 0.001512, 0.001439, 0.001495, 0.001473, 0.001551, 0.001392, 0.001577, 0.001357, 0.001590, 0.001456, 0.001535, 0.001440, 0.001634, 0.001358, 0.001561, 0.001345, 0.001631, 0.001268, 0.001507, 0.001286, 0.001407, 0.001277, 0.001486, 0.001329, 0.001493, 0.001412, 0.001466, 0.001207, 0.001492, 0.001190, 0.001429, 0.001274, 0.001499, 0.001207, 0.001329, 0.001260, 0.001406, 0.001314, 0.001457, 0.001193, 0.001499, 0.001277, 0.001394, 0.001333, 0.001682, 0.001362, 0.001457, 0.001358, 0.001595, 0.001422, 0.001569, 0.001370, 0.001521, 0.001452, 0.001642, 0.001400, 0.001590, 0.001590, 0.001556, 0.001426, 0.001465, 0.001430, 0.001590, 0.001581, 0.001500, 0.001504, 0.001414, 0.001306, 0.001346, 0.001261, 0.001277, 0.001347, 0.001237, 0.001288
15 , 0, 0, 0, 0, 2, 2, 2
15 , 0.003048, 0.002744, 0.001935, 0.001503, 0.000958, 0.000420, 0.000709
16 , 0.001492, 0.001190, 0.001429, 0.001274, 0.001499, 0.001207, 0.001329, 0.001260, 0.001406, 0.001314, 0.001457, 0.001193, 0.001499, 0.001277, 0.001394, 0.001333, 0.001682, 0.001362, 0.001457, 0.001358, 0.001595, 0.001422, 0.001569, 0.001370, 0.001521, 0.001452, 0.001642, 0.001400, 0.001590, 0.001590, 0.001556, 0.001426, 0.001465, 0.001430, 0.001590, 0.001581, 0.001500, 0.001504, 0.001414, 0.001306, 0.001346, 0.001261, 0.001277, 0.001347, 0.001237, 0.001288, 0.001469, 0.001432, 0.001299, 0.001394, 0.001248, 0.001343, 0.001188, 0.001327, 0.001287, 0.001371, 0.001281, 0.001401, 0.001218, 0.001392, 0.001202, 0.001320, 0.001135, 0.001244, 0.001068, 0.001312, 0.001172, 0.001337, 0.001233, 0.001317, 0.001231, 0.001496, 0.001194, 0.001248, 0.001003, 0.001233, 0.000962, 0.001092, 0.000896, 0.001082, 0.000851, 0.001228, 0.000941, 0.001067, 0.000992, 0.001127, 0.001007, 0.001188, 0.001169, 0.001274, 0.001080, 0.001352
16 , 3, 3, 3, 3, 3, 3, 3
16 , 0.005899, 0.005785, 0.005614, 0.005087, 0.005255, 0.004622, 0.004258
