0 , 0.001844, 0.002176, 0.002079, 0.001998, 0.002103, 0.001977, 0.002178, 0.002108, 0.002171, 0.001935, 0.002049, 0.002028, 0.002035, 0.002122, 0.002005, 0.002182, 0.002097, 0.002027, 0.001949, 0.001875, 0.002162, 0.001937, 0.001991, 0.000696, 0.001639, 0.001731, 0.001670, 0.001761, 0.001487, 0.001640, 0.001579, 0.001519, 0.001398, 0.001614, 0.001462, 0.001585, 0.001340, 0.001678, 0.001312, 0.001497, 0.001375, 0.001589, 0.001376, 0.001467, 0.001226, 0.001528, 0.000717, 0.001370, 0.001990, 0.002086, 0.002170, 0.002029, 0.002319, 0.002119, 0.002193, 0.002125, 0.002085, 0.002285, 0.001986, 0.002100, 0.002013, 0.002131, 0.002026, 0.002005, 0.002079, 0.001925, 0.002249, 0.001995, 0.002097, 0.001871, 0.002062, 0.000559, 0.001792, 0.001822, 0.001822, 0.001639, 0.001730, 0.001761, 0.001578, 0.001669, 0.001730, 0.001669, 0.001639, 0.001639, 0.001548, 0.001548, 0.001579, 0.001550, 0.001398, 0.001553, 0.001400, 0.001433
0 , 1, 1, 1, 1, 1, 1, 1
0 , 0.015572, 0.017930, 0.021333, 0.024412, 0.023494, 0.021062, 0.020325
1 , 0.002086, 0.002170, 0.002029, 0.002319, 0.002119, 0.002193, 0.002125, 0.002085, 0.002285, 0.001986, 0.002100, 0.002013, 0.002131, 0.002026, 0.002005, 0.002079, 0.001925, 0.002249, 0.001995, 0.002097, 0.001871, 0.002062, 0.000559, 0.001792, 0.001822, 0.001822, 0.001639, 0.001730, 0.001761, 0.001578, 0.001669, 0.001730, 0.001669, 0.001639, 0.001639, 0.001548, 0.001548, 0.001579, 0.001550, 0.001398, 0.001553, 0.001400, 0.001433, 0.001434, 0.001251, 0.001407, 0.001349, 0.001411, 0.000653, 0.002173, 0.001967, 0.002245, 0.002269, 0.002258, 0.002271, 0.002089, 0.002445, 0.002265, 0.002303, 0.002080, 0.001963, 0.002366, 0.002161, 0.002204, 0.002065, 0.002298, 0.002265, 0.002202, 0.002204, 0.002191, 0.002251, 0.002234, 0.001509, 0.001273, 0.001525, 0.001674, 0.001554, 0.001675, 0.001461, 0.001614, 0.001430, 0.001522, 0.001401, 0.001614, 0.001430, 0.001552, 0.001489, 0.001550, 0.001397, 0.001703, 0.001458, 0.001551
1 , 1, 1, 1, 1, 1, 1, 1
1 , 0.016884, 0.020563, 0.023046, 0.025432, 0.024681, 0.026196, 0.024735
2 , 0.002245, 0.002269, 0.002258, 0.002271, 0.002089, 0.002445, 0.002265, 0.002303, 0.002080, 0.001963, 0.002366, 0.002161, 0.002204, 0.002065, 0.002298, 0.002265, 0.002202, 0.002204, 0.002191, 0.002251, 0.002234, 0.001509, 0.001273, 0.001525, 0.001674, 0.001554, 0.001675, 0.001461, 0.001614, 0.001430, 0.001522, 0.001401, 0.001614, 0.001430, 0.001552, 0.001489, 0.001550, 0.001397, 0.001703, 0.001458, 0.001551, 0.001428, 0.001610, 0.001276, 0.001761, 0.000180, 0.001621, 0.001883, 0.001878, 0.001890, 0.001733, 0.001932, 0.002056, 0.002099, 0.002012, 0.001949, 0.002201, 0.001917, 0.002051, 0.001891, 0.002017, 0.002056, 0.001823, 0.001862, 0.001782, 0.002042, 0.002027, 0.002123, 0.001936, 0.001984, 0.002145, 0.001902, 0.000724, 0.001887, 0.001641, 0.001794, 0.001642, 0.001552, 0.001492, 0.001400, 0.001524, 0.001433, 0.001432, 0.001401, 0.001431, 0.001371, 0.001432, 0.001462, 0.001554, 0.001430, 0.001369, 0.001430
2 , 1, 1, 1, 1, 1, 1, 1
2 , 0.019404, 0.022171, 0.026707, 0.027377, 0.026346, 0.023327, 0.022770
3 , 0.001890, 0.001733, 0.001932, 0.002056, 0.002099, 0.002012, 0.001949, 0.002201, 0.001917, 0.002051, 0.001891, 0.002017, 0.002056, 0.001823, 0.001862, 0.001782, 0.002042, 0.002027, 0.002123, 0.001936, 0.001984, 0.002145, 0.001902, 0.000724, 0.001887, 0.001641, 0.001794, 0.001642, 0.001552, 0.001492, 0.001400, 0.001524, 0.001433, 0.001432, 0.001401, 0.001431, 0.001371, 0.001432, 0.001462, 0.001554, 0.001430, 0.001369, 0.001430, 0.001369, 0.001490, 0.001641, 0.001337, 0.001578, 0.001045, 0.001599, 0.001949, 0.002143, 0.002024, 0.002063, 0.001916, 0.002141, 0.002089, 0.002227, 0.002072, 0.001983, 0.002206, 0.001979, 0.002238, 0.001916, 0.002005, 0.002192, 0.002059, 0.002117, 0.001893, 0.002194, 0.002197, 0.002215, 0.002264, 0.000701, 0.001427, 0.001680, 0.001554, 0.001615, 0.001371, 0.001555, 0.001464, 0.001528, 0.001313, 0.001495, 0.001280, 0.001494, 0.001339, 0.001493, 0.001369, 0.001463, 0.001216, 0.001492
3 , 1, 1, 1, 1, 1, 1, 1
3 , 0.016679, 0.018272, 0.020247, 0.022887, 0.024766, 0.025426, 0.024073
4 , 0.002143, 0.002024, 0.002063, 0.001916, 0.002141, 0.002089, 0.002227, 0.002072, 0.001983, 0.002206, 0.001979, 0.002238, 0.001916, 0.002005, 0.002192, 0.002059, 0.002117, 0.001893, 0.002194, 0.002197, 0.002215, 0.002264, 0.000701, 0.001427, 0.001680, 0.001554, 0.001615, 0.001371, 0.001555, 0.001464, 0.001528, 0.001313, 0.001495, 0.001280, 0.001494, 0.001339, 0.001493, 0.001369, 0.001463, 0.001216, 0.001492, 0.001308, 0.001492, 0.001398, 0.001584, 0.001307, 0.000807, 0.002172, 0.002095, 0.001981, 0.002166, 0.002163, 0.002056, 0.002166, 0.002040, 0.002309, 0.002155, 0.002089, 0.002042, 0.002117, 0.002239, 0.002189, 0.002313, 0.002017, 0.002331, 0.002326, 0.002125, 0.002174, 0.002063, 0.002275, 0.001511, 0.001456, 0.001887, 0.001640, 0.001579, 0.001731, 0.001487, 0.001640, 0.001457, 0.001519, 0.001429, 0.001522, 0.001492, 0.001494, 0.001432, 0.001495, 0.001433, 0.001524, 0.001372, 0.001498, 0.001466, 0.001586
4 , 1, 1, 1, 1, 1, 1, 1
4 , 0.021849, 0.024659, 0.027960, 0.030361, 0.026784, 0.025708, 0.024948
5 , 0.001981, 0.002166, 0.002163, 0.002056, 0.002166, 0.002040, 0.002309, 0.002155, 0.002089, 0.002042, 0.002117, 0.002239, 0.002189, 0.002313, 0.002017, 0.002331, 0.002326, 0.002125, 0.002174, 0.002063, 0.002275, 0.001511, 0.001456, 0.001887, 0.001640, 0.001579, 0.001731, 0.001487, 0.001640, 0.001457, 0.001519, 0.001429, 0.001522, 0.001492, 0.001494, 0.001432, 0.001495, 0.001433, 0.001524, 0.001372, 0.001498, 0.001466, 0.001586, 0.001402, 0.001493, 0.001374, 0.001762, 0.000302, 0.001907, 0.001803, 0.002092, 0.002016, 0.002112, 0.002079, 0.002307, 0.002119, 0.002215, 0.002178, 0.002082, 0.002213, 0.002058, 0.002274, 0.001985, 0.002092, 0.002343, 0.002227, 0.002242, 0.002107, 0.002274, 0.002364, 0.002463, 0.002200, 0.000211, 0.001566, 0.001505, 0.001535, 0.001533, 0.001348, 0.001502, 0.001349, 0.001472, 0.001319, 0.001444, 0.001287, 0.001532, 0.001378, 0.001412, 0.001317, 0.001500, 0.001288, 0.001537, 0.001381
5 , 1, 1, 1, 1, 1, 1, 1
5 , 0.021552, 0.025147, 0.027967, 0.028913, 0.032203, 0.029163, 0.028190
6 , 0.002092, 0.002016, 0.002112, 0.002079, 0.002307, 0.002119, 0.002215, 0.002178, 0.002082, 0.002213, 0.002058, 0.002274, 0.001985, 0.002092, 0.002343, 0.002227, 0.002242, 0.002107, 0.002274, 0.002364, 0.002463, 0.002200, 0.000211, 0.001566, 0.001505, 0.001535, 0.001533, 0.001348, 0.001502, 0.001349, 0.001472, 0.001319, 0.001444, 0.001287, 0.001532, 0.001378, 0.001412, 0.001317, 0.001500, 0.001288, 0.001537, 0.001381, 0.001438, 0.001255, 0.001617, 0.000757, 0.001429, 0.001920, 0.001883, 0.001715, 0.001796, 0.001943, 0.001879, 0.001900, 0.001689, 0.001906, 0.001845, 0.001793, 0.001574, 0.001831, 0.001873, 0.001727, 0.001995, 0.001685, 0.001869, 0.001937, 0.001862, 0.001908, 0.001786, 0.002205, 0.000646, 0.001731, 0.001797, 0.001614, 0.001525, 0.001464, 0.001435, 0.001440, 0.001350, 0.001415, 0.001294, 0.001512, 0.001299, 0.001362, 0.001267, 0.001422, 0.001299, 0.001333, 0.001238, 0.001422, 0.001144, 0.001359
6 , 1, 1, 1, 1, 1, 1, 1
6 , 0.019790, 0.023131, 0.027901, 0.027574, 0.024200, 0.023698, 0.023073
7 , 0.001883, 0.001715, 0.001796, 0.001943, 0.001879, 0.001900, 0.001689, 0.001906, 0.001845, 0.001793, 0.001574, 0.001831, 0.001873, 0.001727, 0.001995, 0.001685, 0.001869, 0.001937, 0.001862, 0.001908, 0.001786, 0.002205, 0.000646, 0.001731, 0.001797, 0.001614, 0.001525, 0.001464, 0.001435, 0.001440, 0.001350, 0.001415, 0.001294, 0.001512, 0.001299, 0.001362, 0.001267, 0.001422, 0.001299, 0.001333, 0.001238, 0.001422, 0.001144, 0.001359, 0.001326, 0.001445, 0.001321, 0.001534, 0.000800, 0.002065, 0.001915, 0.002233, 0.002102, 0.002143, 0.001963, 0.002191, 0.002110, 0.002097, 0.002184, 0.001990, 0.002328, 0.002061, 0.002098, 0.002040, 0.002077, 0.002027, 0.001966, 0.002030, 0.001948, 0.002091, 0.001901, 0.002030, 0.001470, 0.001090, 0.001735, 0.001793, 0.001672, 0.001641, 0.001641, 0.001671, 0.001549, 0.001581, 0.001520, 0.001490, 0.001490, 0.001461, 0.001460, 0.001614, 0.001583, 0.001584, 0.001524, 0.001647
7 , 1, 1, 1, 1, 1, 1, 1
7 , 0.014155, 0.016874, 0.018785, 0.020787, 0.019663, 0.021255, 0.019784
8 , 0.002233, 0.002102, 0.002143, 0.001963, 0.002191, 0.002110, 0.002097, 0.002184, 0.001990, 0.002328, 0.002061, 0.002098, 0.002040, 0.002077, 0.002027, 0.001966, 0.002030, 0.001948, 0.002091, 0.001901, 0.002030, 0.001470, 0.001090, 0.001735, 0.001793, 0.001672, 0.001641, 0.001641, 0.001671, 0.001549, 0.001581, 0.001520, 0.001490, 0.001490, 0.001461, 0.001460, 0.001614, 0.001583, 0.001584, 0.001524, 0.001647, 0.001526, 0.001496, 0.001317, 0.001523, 0.000081, 0.001736, 0.001999, 0.002016, 0.001849, 0.002034, 0.002057, 0.002029, 0.002064, 0.001824, 0.002358, 0.002241, 0.002194, 0.002068, 0.002010, 0.002176, 0.002019, 0.002047, 0.001913, 0.002220, 0.002045, 0.001988, 0.002243, 0.002173, 0.002401, 0.000115, 0.001593, 0.001379, 0.001535, 0.001349, 0.001475, 0.001109, 0.001326, 0.001111, 0.001330, 0.001144, 0.001420, 0.001205, 0.001357, 0.001140, 0.001262, 0.001136, 0.001410, 0.001317, 0.001410, 0.001344, 0.001496
8 , 1, 1, 1, 1, 1, 1, 1
8 , 0.023420, 0.026314, 0.031607, 0.027894, 0.025688, 0.024318, 0.023858
9 , 0.002016, 0.001849, 0.002034, 0.002057, 0.002029, 0.002064, 0.001824, 0.002358, 0.002241, 0.002194, 0.002068, 0.002010, 0.002176, 0.002019, 0.002047, 0.001913, 0.002220, 0.002045, 0.001988, 0.002243, 0.002173, 0.002401, 0.000115, 0.001593, 0.001379, 0.001535, 0.001349, 0.001475, 0.001109, 0.001326, 0.001111, 0.001330, 0.001144, 0.001420, 0.001205, 0.001357, 0.001140, 0.001262, 0.001136, 0.001410, 0.001317, 0.001410, 0.001344, 0.001496, 0.001341, 0.001463, 0.001274, 0.001199, 0.001145, 0.001899, 0.001839, 0.002000, 0.001836, 0.002106, 0.001885, 0.002047, 0.002098, 0.002030, 0.002091, 0.002089, 0.002211, 0.002323, 0.002310, 0.002176, 0.002409, 0.002379, 0.002146, 0.002318, 0.002186, 0.002457, 0.002352, 0.002577, 0.000913, 0.001289, 0.001397, 0.001457, 0.001217, 0.001212, 0.001334, 0.001364, 0.001335, 0.001209, 0.001211, 0.001180, 0.001272, 0.001272, 0.001207, 0.001237, 0.001293, 0.001259, 0.001381, 0.001287
9 , 1, 1, 1, 1, 1, 1, 1
9 , 0.023830, 0.028666, 0.031882, 0.035554, 0.035207, 0.034647, 0.032745
10 , 0.001899, 0.001839, 0.002000, 0.001836, 0.002106, 0.001885, 0.002047, 0.002098, 0.002030, 0.002091, 0.002089, 0.002211, 0.002323, 0.002310, 0.002176, 0.002409, 0.002379, 0.002146, 0.002318, 0.002186, 0.002457, 0.002352, 0.002577, 0.000913, 0.001289, 0.001397, 0.001457, 0.001217, 0.001212, 0.001334, 0.001364, 0.001335, 0.001209, 0.001211, 0.001180, 0.001272, 0.001272, 0.001207, 0.001237, 0.001293, 0.001259, 0.001381, 0.001287, 0.001315, 0.001433, 0.001405, 0.001523, 0.000620, 0.001984, 0.002009, 0.002229, 0.001968, 0.001928, 0.002173, 0.002092, 0.002282, 0.002027, 0.002229, 0.002194, 0.002254, 0.002105, 0.002044, 0.002206, 0.002102, 0.002269, 0.002161, 0.002221, 0.002300, 0.002123, 0.002278, 0.002150, 0.002488, 0.002454, 0.001821, 0.000975, 0.001396, 0.001542, 0.001425, 0.001387, 0.001384, 0.001448, 0.001293, 0.001472, 0.001373, 0.001528, 0.001281, 0.001586, 0.001464, 0.001558, 0.001343, 0.001557, 0.001494
10 , 1, 1, 1, 1, 1, 1, 1
10 , 0.020927, 0.024062, 0.027964, 0.031283, 0.036686, 0.036270, 0.034794
11 , 0.002229, 0.001968, 0.001928, 0.002173, 0.002092, 0.002282, 0.002027, 0.002229, 0.002194, 0.002254, 0.002105, 0.002044, 0.002206, 0.002102, 0.002269, 0.002161, 0.002221, 0.002300, 0.002123, 0.002278, 0.002150, 0.002488, 0.002454, 0.001821, 0.000975, 0.001396, 0.001542, 0.001425, 0.001387, 0.001384, 0.001448, 0.001293, 0.001472, 0.001373, 0.001528, 0.001281, 0.001586, 0.001464, 0.001558, 0.001343, 0.001557, 0.001494, 0.001587, 0.001342, 0.001679, 0.001433, 0.001528, 0.001404, 0.001437, 0.001436, 0.001468, 0.001284, 0.001531, 0.001284, 0.001591, 0.001377, 0.001469, 0.001346, 0.001499, 0.001377, 0.001440, 0.001379, 0.001530, 0.001225, 0.001439, 0.001375, 0.001497, 0.001252, 0.001468, 0.001406, 0.001467, 0.001253, 0.001407, 0.001254, 0.001409, 0.001283, 0.001467, 0.001374, 0.001499, 0.001406, 0.001499, 0.001438, 0.001410, 0.001347, 0.001500, 0.001316, 0.001499, 0.001375, 0.001435, 0.001343, 0.001468, 0.001437
11 , 2, 2, 2, 2, 2, 2, 2
11 , 0.010768, 0.013108, 0.014080, 0.015550, 0.017192, 0.017430, 0.016416
12 , 0.001284, 0.001531, 0.001284, 0.001591, 0.001377, 0.001469, 0.001346, 0.001499, 0.001377, 0.001440, 0.001379, 0.001530, 0.001225, 0.001439, 0.001375, 0.001497, 0.001252, 0.001468, 0.001406, 0.001467, 0.001253, 0.001407, 0.001254, 0.001409, 0.001283, 0.001467, 0.001374, 0.001499, 0.001406, 0.001499, 0.001438, 0.001410, 0.001347, 0.001500, 0.001316, 0.001499, 0.001375, 0.001435, 0.001343, 0.001468, 0.001437, 0.001468, 0.001377, 0.001471, 0.001349, 0.001469, 0.001378, 0.001349, 0.001348, 0.001501, 0.001380, 0.001408, 0.001316, 0.001348, 0.001288, 0.001380, 0.001409, 0.001407, 0.001438, 0.001347, 0.001437, 0.001529, 0.001468, 0.001437, 0.001407, 0.001436, 0.001586, 0.001496, 0.001559, 0.001436, 0.001344, 0.001434, 0.001436, 0.001436, 0.001436, 0.001405, 0.001558, 0.001374, 0.001529, 0.001438, 0.001439, 0.001438, 0.001470, 0.001470, 0.001505, 0.001259, 0.001535, 0.001352, 0.001475, 0.001291, 0.001570, 0.001478
12 , 2, 2, 0, 0, 0, 0, 0
12 , 0.000833, 0.000503, 0.000449, 0.000652, 0.000648, 0.000391, 0.000658
13 , 0.001378, 0.001349, 0.001348, 0.001501, 0.001380, 0.001408, 0.001316, 0.001348, 0.001288, 0.001380, 0.001409, 0.001407, 0.001438, 0.001347, 0.001437, 0.001529, 0.001468, 0.001437, 0.001407, 0.001436, 0.001586, 0.001496, 0.001559, 0.001436, 0.001344, 0.001434, 0.001436, 0.001436, 0.001436, 0.001405, 0.001558, 0.001374, 0.001529, 0.001438, 0.001439, 0.001438, 0.001470, 0.001470, 0.001505, 0.001259, 0.001535, 0.001352, 0.001475, 0.001291, 0.001570, 0.001478, 0.001390, 0.001206, 0.001419, 0.001263, 0.001357, 0.001292, 0.001385, 0.001291, 0.001534, 0.001349, 0.001439, 0.001404, 0.001651, 0.001494, 0.001585, 0.001553, 0.001705, 0.001582, 0.001521, 0.001278, 0.001553, 0.001400, 0.001647, 0.001432, 0.001586, 0.001432, 0.001526, 0.001404, 0.001496, 0.001314, 0.001410, 0.001410, 0.001381, 0.001317, 0.001410, 0.001347, 0.001559, 0.001372, 0.001584, 0.001430, 0.001644, 0.001522, 0.001553, 0.001553, 0.001676, 0.001551
13 , 0, 0, 0, 0, 0, 2, 2
13 , 0.001351, 0.001349, 0.001294, 0.000932, 0.000383, 0.000241, 0.000416
14 , 0.001390, 0.001206, 0.001419, 0.001263, 0.001357, 0.001292, 0.001385, 0.001291, 0.001534, 0.001349, 0.001439, 0.001404, 0.001651, 0.001494, 0.001585, 0.001553, 0.001705, 0.001582, 0.001521, 0.001278, 0.001553, 0.001400, 0.001647, 0.001432, 0.001586, 0.001432, 0.001526, 0.001404, 0.001496, 0.001314, 0.001410, 0.001410, 0.001381, 0.001317, 0.001410, 0.001347, 0.001559, 0.001372, 0.001584, 0.001430, 0.001644, 0.001522, 0.001553, 0.001553, 0.001676, 0.001551, 0.001643, 0.001552, 0.001644, 0.001521, 0.001584, 0.001553, 0.001555, 0.001494, 0.001525, 0.001554, 0.001462, 0.001645, 0.001492, 0.001614, 0.001613, 0.001521, 0.001582, 0.001583, 0.001461, 0.001644, 0.001584, 0.001616, 0.001523, 0.001494, 0.001494, 0.001617, 0.001374, 0.001468, 0.001315, 0.001530, 0.001440, 0.001533, 0.001381, 0.001597, 0.001472, 0.001502, 0.001440, 0.001472, 0.001381, 0.001443, 0.001197, 0.001411, 0.001288, 0.001504, 0.001318, 0.001502
14 , 3, 3, 3, 3, 3, 3, 3
14 , 0.003240, 0.003520, 0.003652, 0.003817, 0.003893, 0.003635, 0.003473
15 , 0.001584, 0.001553, 0.001555, 0.001494, 0.001525, 0.001554, 0.001462, 0.001645, 0.001492, 0.001614, 0.001613, 0.001521, 0.001582, 0.001583, 0.001461, 0.001644, 0.001584, 0.001616, 0.001523, 0.001494, 0.001494, 0.001617, 0.001374, 0.001468, 0.001315, 0.001530, 0.001440, 0.001533, 0.001381, 0.001597, 0.001472, 0.001502, 0.001440, 0.001472, 0.001381, 0.001443, 0.001197, 0.001411, 0.001288, 0.001504, 0.001318, 0.001502, 0.001255, 0.001348, 0.001346, 0.001621, 0.001496, 0.001556, 0.001401, 0.001585, 0.001522, 0.001644, 0.001521, 0.001704, 0.001551, 0.001643, 0.001428, 0.001613, 0.001459, 0.001581, 0.001519, 0.001672, 0.001458, 0.001734, 0.001520, 0.001582, 0.001552, 0.001645, 0.001401, 0.001404, 0.001404, 0.001560, 0.001347, 0.001472, 0.001350, 0.001473, 0.001291, 0.001383, 0.001321, 0.001355, 0.001417, 0.001389, 0.001297, 0.001265, 0.001142, 0.001327, 0.001353, 0.001413, 0.001440, 0.001409, 0.001561, 0.001529
15 , 1, 1, 1, 1, 1, 1, 1
15 , 0.007091, 0.007228, 0.006577, 0.006577, 0.006252, 0.006058, 0.005349
16 , 0.001556, 0.001401, 0.001585, 0.001522, 0.001644, 0.001521, 0.001704, 0.001551, 0.001643, 0.001428, 0.001613, 0.001459, 0.001581, 0.001519, 0.001672, 0.001458, 0.001734, 0.001520, 0.001582, 0.001552, 0.001645, 0.001401, 0.001404, 0.001404, 0.001560, 0.001347, 0.001472, 0.001350, 0.001473, 0.001291, 0.001383, 0.001321, 0.001355, 0.001417, 0.001389, 0.001297, 0.001265, 0.001142, 0.001327, 0.001353, 0.001413, 0.001440, 0.001409, 0.001561, 0.001529, 0.001498, 0.001468, 0.001558, 0.001524, 0.001525, 0.001493, 0.001553, 0.001521, 0.001612, 0.001551, 0.001583, 0.001552, 0.001583, 0.001460, 0.001522, 0.001491, 0.001583, 0.001643, 0.001583, 0.001400, 0.001705, 0.001461, 0.001584, 0.001493, 0.001554, 0.001401, 0.001554, 0.001463, 0.001618, 0.001341, 0.001525, 0.001371, 0.001526, 0.001340, 0.001554, 0.001432, 0.001555, 0.001402, 0.001584, 0.001432, 0.001555, 0.001369, 0.001553, 0.001460, 0.001705, 0.001428, 0.001550
16 , 1, 1, 1, 1, 1, 1, 1
16 , 0.005083, 0.005062, 0.005415, 0.005037, 0.004852, 0.004524, 0.004728
