0 , 0.000345, 0.000819, 0.001321, 0.001457, 0.001339, 0.001069, 0.001319, 0.001453, 0.001506, 0.001556, 0.001343, 0.001673, 0.001481, 0.001518, 0.001479, 0.001348, 0.001644, 0.001522, 0.001591, 0.001468, 0.001476, 0.001677, 0.001588, 0.001704, 0.001912, 0.000588, 0.001165, 0.001221, 0.001035, 0.001060, 0.000880, 0.001016, 0.000860, 0.000885, 0.000689, 0.000961, 0.000820, 0.001020, 0.000739, 0.000880, 0.000769, 0.000920, 0.000664, 0.000935, 0.000679, 0.000940, 0.000844, 0.001050, 0.000733, 0.000815, 0.001409, 0.001533, 0.001569, 0.001494, 0.001547, 0.001752, 0.001632, 0.001675, 0.001401, 0.001532, 0.001558, 0.001462, 0.001506, 0.001293, 0.001616, 0.001520, 0.001460, 0.001618, 0.001483, 0.001612, 0.001458, 0.001474, 0.001648, 0.001118, 0.000882, 0.001477, 0.001202, 0.001105, 0.000995, 0.001010, 0.000603, 0.000915, 0.000814, 0.001035, 0.000859, 0.000925, 0.000844, 0.001045, 0.000895, 0.001000, 0.000845, 0.000920
0 , 1, 1, 1, 1, 1, 1, 1
0 , 0.011509, 0.013842, 0.016330, 0.018747, 0.021461, 0.024825, 0.026866
1 , 0.001569, 0.001494, 0.001547, 0.001752, 0.001632, 0.001675, 0.001401, 0.001532, 0.001558, 0.001462, 0.001506, 0.001293, 0.001616, 0.001520, 0.001460, 0.001618, 0.001483, 0.001612, 0.001458, 0.001474, 0.001648, 0.001118, 0.000882, 0.001477, 0.001202, 0.001105, 0.000995, 0.001010, 0.000603, 0.000915, 0.000814, 0.001035, 0.000859, 0.000925, 0.000844, 0.001045, 0.000895, 0.001000, 0.000845, 0.000920, 0.000966, 0.001056, 0.001067, 0.001021, 0.001172, 0.000880, 0.001125, 0.000265, 0.001134, 0.001273, 0.001277, 0.001422, 0.001194, 0.001689, 0.001526, 0.001668, 0.001610, 0.001559, 0.001812, 0.001739, 0.001709, 0.001614, 0.001769, 0.001747, 0.001658, 0.001814, 0.001629, 0.001776, 0.001888, 0.001634, 0.001757, 0.001768, 0.000066, 0.001207, 0.001121, 0.001108, 0.000861, 0.000873, 0.000754, 0.000709, 0.000791, 0.000679, 0.000810, 0.000690, 0.000785, 0.000775, 0.000722, 0.000554, 0.000830, 0.000712, 0.000912, 0.000686
1 , 1, 1, 1, 1, 1, 1, 1
1 , 0.021904, 0.024758, 0.027240, 0.028521, 0.030727, 0.029357, 0.028879
2 , 0.001277, 0.001422, 0.001194, 0.001689, 0.001526, 0.001668, 0.001610, 0.001559, 0.001812, 0.001739, 0.001709, 0.001614, 0.001769, 0.001747, 0.001658, 0.001814, 0.001629, 0.001776, 0.001888, 0.001634, 0.001757, 0.001768, 0.000066, 0.001207, 0.001121, 0.001108, 0.000861, 0.000873, 0.000754, 0.000709, 0.000791, 0.000679, 0.000810, 0.000690, 0.000785, 0.000775, 0.000722, 0.000554, 0.000830, 0.000712, 0.000912, 0.000686, 0.000995, 0.000694, 0.001201, 0.000102, 0.001187, 0.001516, 0.001479, 0.001499, 0.001410, 0.001563, 0.001598, 0.001509, 0.001665, 0.001399, 0.001618, 0.001619, 0.001621, 0.001495, 0.001409, 0.001659, 0.001617, 0.001647, 0.001492, 0.001499, 0.001699, 0.001741, 0.001613, 0.001892, 0.000530, 0.001087, 0.001348, 0.001257, 0.001233, 0.001014, 0.001063, 0.000898, 0.001183, 0.000893, 0.001069, 0.001010, 0.001210, 0.001017, 0.001171, 0.000880, 0.001302, 0.001036, 0.001210, 0.001056, 0.001255, 0.000993
2 , 1, 1, 1, 1, 1, 1, 1
2 , 0.022610, 0.025381, 0.030086, 0.030042, 0.026911, 0.026708, 0.026288
3 , 0.001479, 0.001499, 0.001410, 0.001563, 0.001598, 0.001509, 0.001665, 0.001399, 0.001618, 0.001619, 0.001621, 0.001495, 0.001409, 0.001659, 0.001617, 0.001647, 0.001492, 0.001499, 0.001699, 0.001741, 0.001613, 0.001892, 0.000530, 0.001087, 0.001348, 0.001257, 0.001233, 0.001014, 0.001063, 0.000898, 0.001183, 0.000893, 0.001069, 0.001010, 0.001210, 0.001017, 0.001171, 0.000880, 0.001302, 0.001036, 0.001210, 0.001056, 0.001255, 0.000993, 0.001128, 0.000932, 0.000982, 0.000705, 0.000996, 0.001454, 0.001571, 0.001757, 0.001742, 0.001572, 0.001905, 0.001861, 0.001883, 0.001742, 0.001927, 0.002134, 0.001853, 0.001934, 0.001771, 0.001794, 0.001935, 0.001897, 0.001942, 0.001727, 0.001875, 0.001912, 0.001927, 0.002127, 0.001406, 0.000488, 0.001106, 0.000998, 0.000964, 0.000812, 0.000837, 0.000891, 0.000991, 0.000799, 0.000884, 0.000960, 0.000905, 0.000970, 0.001050, 0.001011, 0.001103, 0.001093, 0.001063, 0.001144
3 , 1, 1, 1, 1, 1, 1, 1
3 , 0.018469, 0.022252, 0.025189, 0.028202, 0.029505, 0.029791, 0.028083
4 , 0.001757, 0.001742, 0.001572, 0.001905, 0.001861, 0.001883, 0.001742, 0.001927, 0.002134, 0.001853, 0.001934, 0.001771, 0.001794, 0.001935, 0.001897, 0.001942, 0.001727, 0.001875, 0.001912, 0.001927, 0.002127, 0.001406, 0.000488, 0.001106, 0.000998, 0.000964, 0.000812, 0.000837, 0.000891, 0.000991, 0.000799, 0.000884, 0.000960, 0.000905, 0.000970, 0.001050, 0.001011, 0.001103, 0.001093, 0.001063, 0.001144, 0.001123, 0.001209, 0.001062, 0.001266, 0.000209, 0.001089, 0.001390, 0.001417, 0.001390, 0.001169, 0.001499, 0.001394, 0.001431, 0.001511, 0.001341, 0.001621, 0.001458, 0.001481, 0.001429, 0.001326, 0.001531, 0.001451, 0.001502, 0.001476, 0.001401, 0.001645, 0.001470, 0.001579, 0.001615, 0.000213, 0.001223, 0.001391, 0.001209, 0.001231, 0.001275, 0.001185, 0.000964, 0.001164, 0.001055, 0.001158, 0.000968, 0.001142, 0.000882, 0.001228, 0.000903, 0.001122, 0.001088, 0.001232, 0.000870, 0.001126, 0.000910
4 , 1, 1, 1, 1, 1, 1, 1
4 , 0.021331, 0.023945, 0.028430, 0.027009, 0.024762, 0.024314, 0.023237
5 , 0.001417, 0.001390, 0.001169, 0.001499, 0.001394, 0.001431, 0.001511, 0.001341, 0.001621, 0.001458, 0.001481, 0.001429, 0.001326, 0.001531, 0.001451, 0.001502, 0.001476, 0.001401, 0.001645, 0.001470, 0.001579, 0.001615, 0.000213, 0.001223, 0.001391, 0.001209, 0.001231, 0.001275, 0.001185, 0.000964, 0.001164, 0.001055, 0.001158, 0.000968, 0.001142, 0.000882, 0.001228, 0.000903, 0.001122, 0.001088, 0.001232, 0.000870, 0.001126, 0.000910, 0.001131, 0.000864, 0.001138, 0.000289, 0.001105, 0.001346, 0.001392, 0.001443, 0.001538, 0.001435, 0.001716, 0.001457, 0.001700, 0.001328, 0.001439, 0.001615, 0.001490, 0.001614, 0.001430, 0.001668, 0.001555, 0.001487, 0.001537, 0.001390, 0.001598, 0.001549, 0.001388, 0.001941, 0.000514, 0.001091, 0.001390, 0.001325, 0.001380, 0.001091, 0.001347, 0.001152, 0.001286, 0.000971, 0.001282, 0.001158, 0.001312, 0.001147, 0.001326, 0.001156, 0.001212, 0.001103, 0.001263, 0.001188
5 , 1, 1, 1, 1, 1, 1, 1
5 , 0.008451, 0.011014, 0.013189, 0.014340, 0.015355, 0.014005, 0.013820
6 , 0.001392, 0.001443, 0.001538, 0.001435, 0.001716, 0.001457, 0.001700, 0.001328, 0.001439, 0.001615, 0.001490, 0.001614, 0.001430, 0.001668, 0.001555, 0.001487, 0.001537, 0.001390, 0.001598, 0.001549, 0.001388, 0.001941, 0.000514, 0.001091, 0.001390, 0.001325, 0.001380, 0.001091, 0.001347, 0.001152, 0.001286, 0.000971, 0.001282, 0.001158, 0.001312, 0.001147, 0.001326, 0.001156, 0.001212, 0.001103, 0.001263, 0.001188, 0.001298, 0.001226, 0.001288, 0.001097, 0.000667, 0.001188, 0.001315, 0.001172, 0.001328, 0.001307, 0.001454, 0.001559, 0.001574, 0.001591, 0.001607, 0.001710, 0.001733, 0.001659, 0.001586, 0.001675, 0.001705, 0.001742, 0.001852, 0.001563, 0.001586, 0.001793, 0.001645, 0.001815, 0.001547, 0.001733, 0.001525, 0.000948, 0.001391, 0.001276, 0.001271, 0.001137, 0.001202, 0.000996, 0.001216, 0.001082, 0.001278, 0.001018, 0.001229, 0.001071, 0.001328, 0.001063, 0.001374, 0.001065, 0.001353, 0.001088
6 , 1, 1, 1, 1, 1, 1, 1
6 , 0.009086, 0.011545, 0.013299, 0.016508, 0.015885, 0.015915, 0.015407
7 , 0.001172, 0.001328, 0.001307, 0.001454, 0.001559, 0.001574, 0.001591, 0.001607, 0.001710, 0.001733, 0.001659, 0.001586, 0.001675, 0.001705, 0.001742, 0.001852, 0.001563, 0.001586, 0.001793, 0.001645, 0.001815, 0.001547, 0.001733, 0.001525, 0.000948, 0.001391, 0.001276, 0.001271, 0.001137, 0.001202, 0.000996, 0.001216, 0.001082, 0.001278, 0.001018, 0.001229, 0.001071, 0.001328, 0.001063, 0.001374, 0.001065, 0.001353, 0.001088, 0.001348, 0.001128, 0.001302, 0.001101, 0.001320, 0.001150, 0.001159, 0.001114, 0.001203, 0.001057, 0.001302, 0.001102, 0.001216, 0.000985, 0.001081, 0.001055, 0.001055, 0.001076, 0.001091, 0.001106, 0.001141, 0.001050, 0.001046, 0.001076, 0.001130, 0.001126, 0.001040, 0.001171, 0.001140, 0.001080, 0.000955, 0.001095, 0.001041, 0.001191, 0.001067, 0.001183, 0.001099, 0.001214, 0.001079, 0.001293, 0.001017, 0.001217, 0.001006, 0.001066, 0.001021, 0.001221, 0.001041, 0.001272, 0.001093
7 , 2, 1, 2, 2, 2, 2, 2
7 , 0.005155, 0.006668, 0.008202, 0.008734, 0.009995, 0.010598, 0.010551
8 , 0.001203, 0.001057, 0.001302, 0.001102, 0.001216, 0.000985, 0.001081, 0.001055, 0.001055, 0.001076, 0.001091, 0.001106, 0.001141, 0.001050, 0.001046, 0.001076, 0.001130, 0.001126, 0.001040, 0.001171, 0.001140, 0.001080, 0.000955, 0.001095, 0.001041, 0.001191, 0.001067, 0.001183, 0.001099, 0.001214, 0.001079, 0.001293, 0.001017, 0.001217, 0.001006, 0.001066, 0.001021, 0.001221, 0.001041, 0.001272, 0.001093, 0.001249, 0.001042, 0.001273, 0.001073, 0.001398, 0.001042, 0.001322, 0.001062, 0.001287, 0.001086, 0.001181, 0.001067, 0.001167, 0.001073, 0.001217, 0.001002, 0.001268, 0.000977, 0.001303, 0.001073, 0.001232, 0.001147, 0.001252, 0.001203, 0.001157, 0.001112, 0.001233, 0.001147, 0.001303, 0.001097, 0.001216, 0.001121, 0.001102, 0.001232, 0.001197, 0.001212, 0.001133, 0.001188, 0.001240, 0.001261, 0.001363, 0.001314, 0.001302, 0.001481, 0.001462, 0.001536, 0.001378, 0.001374, 0.001153, 0.001508, 0.001244
8 , 0, 0, 0, 0, 0, 0, 0
8 , 0.002491, 0.002304, 0.002881, 0.002970, 0.003881, 0.003974, 0.004964
9 , 0.001067, 0.001167, 0.001073, 0.001217, 0.001002, 0.001268, 0.000977, 0.001303, 0.001073, 0.001232, 0.001147, 0.001252, 0.001203, 0.001157, 0.001112, 0.001233, 0.001147, 0.001303, 0.001097, 0.001216, 0.001121, 0.001102, 0.001232, 0.001197, 0.001212, 0.001133, 0.001188, 0.001240, 0.001261, 0.001363, 0.001314, 0.001302, 0.001481, 0.001462, 0.001536, 0.001378, 0.001374, 0.001153, 0.001508, 0.001244, 0.001406, 0.001346, 0.001399, 0.001218, 0.001367, 0.001256, 0.001259, 0.001185, 0.001410, 0.001048, 0.001218, 0.001103, 0.001349, 0.001109, 0.001384, 0.001068, 0.001253, 0.001234, 0.001470, 0.001175, 0.001420, 0.001118, 0.001414, 0.001264, 0.001390, 0.001225, 0.001338, 0.001192, 0.001302, 0.001132, 0.001362, 0.001146, 0.001322, 0.001095, 0.001251, 0.001035, 0.001200, 0.000995, 0.001251, 0.001020, 0.001155, 0.000985, 0.001271, 0.001190, 0.001296, 0.001145, 0.001190, 0.001126, 0.001196, 0.001246, 0.001231, 0.001055
9 , 3, 3, 3, 3, 3, 3, 3
9 , 0.005061, 0.005272, 0.005148, 0.005796, 0.005546, 0.005896, 0.005668
10 , 0.001103, 0.001349, 0.001109, 0.001384, 0.001068, 0.001253, 0.001234, 0.001470, 0.001175, 0.001420, 0.001118, 0.001414, 0.001264, 0.001390, 0.001225, 0.001338, 0.001192, 0.001302, 0.001132, 0.001362, 0.001146, 0.001322, 0.001095, 0.001251, 0.001035, 0.001200, 0.000995, 0.001251, 0.001020, 0.001155, 0.000985, 0.001271, 0.001190, 0.001296, 0.001145, 0.001190, 0.001126, 0.001196, 0.001246, 0.001231, 0.001055, 0.001145, 0.001066, 0.001066, 0.000988, 0.000918, 0.000948, 0.001014, 0.000998, 0.001086, 0.001066, 0.001030, 0.001175, 0.001181, 0.001353, 0.001356, 0.001309, 0.001279, 0.001556, 0.001550, 0.001549, 0.001562, 0.001700, 0.001649, 0.001692, 0.001511, 0.001674, 0.001532, 0.001685, 0.001431, 0.001474, 0.001427, 0.001434, 0.001293, 0.001467, 0.001169, 0.001258, 0.001158, 0.001302, 0.000990, 0.001241, 0.001171, 0.001231, 0.001050, 0.001226, 0.001065, 0.001206, 0.000849, 0.001070, 0.000950, 0.001170, 0.000920
10 , 1, 1, 1, 1, 1, 1, 1
10 , 0.004056, 0.005814, 0.006913, 0.008469, 0.009143, 0.010223, 0.010478
11 , 0.001175, 0.001181, 0.001353, 0.001356, 0.001309, 0.001279, 0.001556, 0.001550, 0.001549, 0.001562, 0.001700, 0.001649, 0.001692, 0.001511, 0.001674, 0.001532, 0.001685, 0.001431, 0.001474, 0.001427, 0.001434, 0.001293, 0.001467, 0.001169, 0.001258, 0.001158, 0.001302, 0.000990, 0.001241, 0.001171, 0.001231, 0.001050, 0.001226, 0.001065, 0.001206, 0.000849, 0.001070, 0.000950, 0.001170, 0.000920, 0.001241, 0.000945, 0.001120, 0.000970, 0.001190, 0.001070, 0.001226, 0.001025, 0.001256, 0.001011, 0.001247, 0.001112, 0.001287, 0.001112, 0.001313, 0.001088, 0.001218, 0.001183, 0.001294, 0.001220, 0.001359, 0.001123, 0.001243, 0.001339, 0.001343, 0.001247, 0.001246, 0.001020, 0.001000, 0.001000, 0.001146, 0.000965, 0.001021, 0.000940, 0.001111, 0.000960, 0.001025, 0.001050, 0.001120, 0.001090, 0.001080, 0.001171, 0.001095, 0.001046, 0.001142, 0.001177, 0.001081, 0.001162, 0.001217, 0.001168, 0.001153, 0.001214
11 , 1, 1, 1, 1, 1, 1, 1
11 , 0.008655, 0.008874, 0.009383, 0.009565, 0.009988, 0.009367, 0.009252
12 , 0.001247, 0.001112, 0.001287, 0.001112, 0.001313, 0.001088, 0.001218, 0.001183, 0.001294, 0.001220, 0.001359, 0.001123, 0.001243, 0.001339, 0.001343, 0.001247, 0.001246, 0.001020, 0.001000, 0.001000, 0.001146, 0.000965, 0.001021, 0.000940, 0.001111, 0.000960, 0.001025, 0.001050, 0.001120, 0.001090, 0.001080, 0.001171, 0.001095, 0.001046, 0.001142, 0.001177, 0.001081, 0.001162, 0.001217, 0.001168, 0.001153, 0.001214, 0.001217, 0.001307, 0.001136, 0.001312, 0.001293, 0.001367, 0.001193, 0.001342, 0.001321, 0.001370, 0.001185, 0.001304, 0.001073, 0.001293, 0.001123, 0.001091, 0.001092, 0.001247, 0.001086, 0.001266, 0.000986, 0.001236, 0.001116, 0.001180, 0.001040, 0.001261, 0.000995, 0.001281, 0.000985, 0.001130, 0.000975, 0.001281, 0.001030, 0.001266, 0.001056, 0.001202, 0.001011, 0.001317, 0.001148, 0.001464, 0.001236, 0.001270, 0.001288, 0.001383, 0.001165, 0.001348, 0.001225, 0.001532, 0.001334, 0.001509
12 , 1, 2, 2, 2, 2, 2, 0
12 , 0.002487, 0.002428, 0.002236, 0.002695, 0.002566, 0.002972, 0.002720
13 , 0.001370, 0.001185, 0.001304, 0.001073, 0.001293, 0.001123, 0.001091, 0.001092, 0.001247, 0.001086, 0.001266, 0.000986, 0.001236, 0.001116, 0.001180, 0.001040, 0.001261, 0.000995, 0.001281, 0.000985, 0.001130, 0.000975, 0.001281, 0.001030, 0.001266, 0.001056, 0.001202, 0.001011, 0.001317, 0.001148, 0.001464, 0.001236, 0.001270, 0.001288, 0.001383, 0.001165, 0.001348, 0.001225, 0.001532, 0.001334, 0.001509, 0.001337, 0.001587, 0.001341, 0.001455, 0.001225, 0.001358, 0.001133, 0.001272, 0.001163, 0.001404, 0.001212, 0.001290, 0.001128, 0.001247, 0.001086, 0.001216, 0.001130, 0.001256, 0.001055, 0.001060, 0.000925, 0.001031, 0.000865, 0.000982, 0.000858, 0.000858, 0.000924, 0.001009, 0.000863, 0.000894, 0.000848, 0.001039, 0.001073, 0.000962, 0.001081, 0.001171, 0.001025, 0.001025, 0.001150, 0.001252, 0.001218, 0.001239, 0.001361, 0.001363, 0.001369, 0.001355, 0.001476, 0.001358, 0.001467, 0.001367, 0.001318
13 , 0, 0, 0, 0, 0, 0, 0
13 , 0.002337, 0.003921, 0.005092, 0.006711, 0.007459, 0.008492, 0.008679
14 , 0.001290, 0.001128, 0.001247, 0.001086, 0.001216, 0.001130, 0.001256, 0.001055, 0.001060, 0.000925, 0.001031, 0.000865, 0.000982, 0.000858, 0.000858, 0.000924, 0.001009, 0.000863, 0.000894, 0.000848, 0.001039, 0.001073, 0.000962, 0.001081, 0.001171, 0.001025, 0.001025, 0.001150, 0.001252, 0.001218, 0.001239, 0.001361, 0.001363, 0.001369, 0.001355, 0.001476, 0.001358, 0.001467, 0.001367, 0.001318, 0.001369, 0.001441, 0.001235, 0.001304, 0.001163, 0.001336, 0.001153, 0.001257, 0.001132, 0.001322, 0.001065, 0.001105, 0.000955, 0.001186, 0.001161, 0.001317, 0.001021, 0.001352, 0.001118, 0.001174, 0.001198, 0.001511, 0.001339, 0.001457, 0.001346, 0.001516, 0.001303, 0.001541, 0.001291, 0.001413, 0.001253, 0.001543, 0.001290, 0.001395, 0.001281, 0.001390, 0.001184, 0.001317, 0.001298, 0.001456, 0.001129, 0.001314, 0.001042, 0.001332, 0.001036, 0.001231, 0.000961, 0.001206, 0.000965, 0.001105, 0.000990, 0.001236
14 , 3, 3, 3, 3, 3, 3, 3
14 , 0.003926, 0.004869, 0.006032, 0.006369, 0.007726, 0.008026, 0.008710
15 , 0.000955, 0.001186, 0.001161, 0.001317, 0.001021, 0.001352, 0.001118, 0.001174, 0.001198, 0.001511, 0.001339, 0.001457, 0.001346, 0.001516, 0.001303, 0.001541, 0.001291, 0.001413, 0.001253, 0.001543, 0.001290, 0.001395, 0.001281, 0.001390, 0.001184, 0.001317, 0.001298, 0.001456, 0.001129, 0.001314, 0.001042, 0.001332, 0.001036, 0.001231, 0.000961, 0.001206, 0.000965, 0.001105, 0.000990, 0.001236, 0.001096, 0.001246, 0.001011, 0.001055, 0.001021, 0.001121, 0.001127, 0.001334, 0.001194, 0.001290, 0.001302, 0.001504, 0.001306, 0.001353, 0.001323, 0.001304, 0.001239, 0.001395, 0.001377, 0.001402, 0.001463, 0.001469, 0.001267, 0.001376, 0.001446, 0.001332, 0.001247, 0.001280, 0.001128, 0.001062, 0.001172, 0.001121, 0.001177, 0.001166, 0.001201, 0.001100, 0.001080, 0.001020, 0.001160, 0.001055, 0.001155, 0.001185, 0.001175, 0.001045, 0.001150, 0.001070, 0.001175, 0.001146, 0.001382, 0.001197, 0.001262, 0.001133
15 , 1, 1, 1, 1, 1, 1, 1
15 , 0.005381, 0.006163, 0.006298, 0.006939, 0.006887, 0.007302, 0.007013
16 , 0.001504, 0.001306, 0.001353, 0.001323, 0.001304, 0.001239, 0.001395, 0.001377, 0.001402, 0.001463, 0.001469, 0.001267, 0.001376, 0.001446, 0.001332, 0.001247, 0.001280, 0.001128, 0.001062, 0.001172, 0.001121, 0.001177, 0.001166, 0.001201, 0.001100, 0.001080, 0.001020, 0.001160, 0.001055, 0.001155, 0.001185, 0.001175, 0.001045, 0.001150, 0.001070, 0.001175, 0.001146, 0.001382, 0.001197, 0.001262, 0.001133, 0.001233, 0.001144, 0.001249, 0.001205, 0.001310, 0.001272, 0.001478, 0.001304, 0.001365, 0.001276, 0.001536, 0.001332, 0.001552, 0.001365, 0.001455, 0.001360, 0.001434, 0.001274, 0.001564, 0.001386, 0.001587, 0.001265, 0.001439, 0.001228, 0.001396, 0.001261, 0.001356, 0.001261, 0.001382, 0.001261, 0.001497, 0.001211, 0.001478, 0.001174, 0.001464, 0.001281, 0.001558, 0.001375, 0.001446, 0.001372, 0.001580, 0.001404, 0.001497, 0.001344, 0.001508, 0.001242, 0.001485, 0.001251, 0.001420, 0.001281, 0.001334
16 , 1, 2, 1, 2, 1, 2, 1
16 , 0.004035, 0.004071, 0.003689, 0.003405, 0.002975, 0.002654, 0.002172
