0 , 0.001581, 0.001489, 0.001555, 0.001467, 0.001475, 0.001792, 0.001600, 0.001711, 0.001407, 0.001738, 0.001633, 0.001491, 0.001542, 0.001410, 0.001711, 0.001526, 0.001472, 0.001612, 0.001393, 0.001517, 0.001400, 0.001544, 0.001331, 0.000831, 0.001425, 0.001500, 0.001360, 0.001356, 0.001298, 0.001388, 0.001301, 0.001464, 0.001278, 0.001387, 0.001257, 0.001435, 0.001185, 0.001465, 0.001206, 0.001337, 0.001122, 0.001381, 0.001226, 0.001437, 0.001087, 0.001526, 0.000124, 0.001147, 0.001182, 0.001320, 0.001311, 0.001482, 0.001269, 0.001563, 0.001519, 0.001631, 0.001691, 0.001434, 0.001714, 0.001597, 0.001642, 0.001626, 0.001642, 0.001706, 0.001609, 0.001573, 0.001453, 0.001571, 0.001679, 0.001445, 0.001860, 0.000137, 0.001321, 0.001544, 0.001444, 0.001538, 0.001378, 0.001452, 0.001252, 0.001399, 0.001315, 0.001449, 0.001341, 0.001552, 0.001345, 0.001475, 0.001440, 0.001497, 0.001281, 0.001494, 0.001434, 0.001482
0 , 1, 1, 1, 1, 1, 1, 1
0 , 0.004629, 0.006023, 0.006674, 0.010452, 0.008228, 0.007418, 0.007862
1 , 0.001320, 0.001311, 0.001482, 0.001269, 0.001563, 0.001519, 0.001631, 0.001691, 0.001434, 0.001714, 0.001597, 0.001642, 0.001626, 0.001642, 0.001706, 0.001609, 0.001573, 0.001453, 0.001571, 0.001679, 0.001445, 0.001860, 0.000137, 0.001321, 0.001544, 0.001444, 0.001538, 0.001378, 0.001452, 0.001252, 0.001399, 0.001315, 0.001449, 0.001341, 0.001552, 0.001345, 0.001475, 0.001440, 0.001497, 0.001281, 0.001494, 0.001434, 0.001482, 0.001284, 0.001262, 0.001300, 0.001305, 0.000898, 0.000915, 0.001066, 0.001442, 0.001346, 0.001358, 0.001432, 0.001349, 0.001553, 0.001368, 0.001366, 0.001322, 0.001414, 0.001592, 0.001379, 0.001461, 0.001344, 0.001626, 0.001613, 0.001594, 0.001646, 0.001434, 0.001639, 0.001481, 0.001864, 0.000748, 0.001142, 0.001205, 0.001301, 0.001140, 0.001220, 0.001131, 0.001155, 0.001041, 0.001196, 0.001010, 0.001236, 0.001147, 0.001167, 0.001143, 0.001410, 0.001136, 0.001384, 0.001161, 0.001416
1 , 1, 1, 1, 1, 1, 1, 1
1 , 0.003974, 0.006169, 0.007431, 0.008904, 0.008648, 0.008256, 0.008909
2 , 0.001358, 0.001432, 0.001349, 0.001553, 0.001368, 0.001366, 0.001322, 0.001414, 0.001592, 0.001379, 0.001461, 0.001344, 0.001626, 0.001613, 0.001594, 0.001646, 0.001434, 0.001639, 0.001481, 0.001864, 0.000748, 0.001142, 0.001205, 0.001301, 0.001140, 0.001220, 0.001131, 0.001155, 0.001041, 0.001196, 0.001010, 0.001236, 0.001147, 0.001167, 0.001143, 0.001410, 0.001136, 0.001384, 0.001161, 0.001416, 0.001143, 0.001388, 0.001103, 0.001407, 0.000333, 0.001049, 0.001174, 0.001409, 0.001199, 0.001325, 0.001233, 0.001447, 0.001454, 0.001411, 0.001531, 0.001447, 0.001653, 0.001537, 0.001731, 0.001628, 0.001533, 0.001814, 0.001592, 0.001606, 0.001449, 0.001553, 0.001737, 0.001502, 0.001585, 0.001436, 0.001720, 0.000607, 0.001561, 0.001440, 0.001519, 0.001172, 0.001337, 0.001114, 0.001356, 0.001275, 0.001399, 0.001399, 0.001403, 0.001243, 0.001390, 0.001304, 0.001222, 0.001322, 0.001360, 0.001277, 0.001307, 0.001376
2 , 1, 1, 1, 1, 1, 1, 1
2 , 0.007614, 0.011506, 0.011026, 0.011681, 0.009804, 0.010294, 0.010034
3 , 0.001325, 0.001233, 0.001447, 0.001454, 0.001411, 0.001531, 0.001447, 0.001653, 0.001537, 0.001731, 0.001628, 0.001533, 0.001814, 0.001592, 0.001606, 0.001449, 0.001553, 0.001737, 0.001502, 0.001585, 0.001436, 0.001720, 0.000607, 0.001561, 0.001440, 0.001519, 0.001172, 0.001337, 0.001114, 0.001356, 0.001275, 0.001399, 0.001399, 0.001403, 0.001243, 0.001390, 0.001304, 0.001222, 0.001322, 0.001360, 0.001277, 0.001307, 0.001376, 0.001324, 0.001406, 0.001420, 0.001535, 0.000364, 0.000696, 0.001092, 0.001139, 0.001276, 0.001132, 0.001329, 0.001368, 0.001484, 0.001295, 0.001364, 0.001656, 0.001452, 0.001489, 0.001388, 0.001514, 0.001612, 0.001577, 0.001592, 0.001395, 0.001608, 0.001551, 0.001559, 0.001449, 0.001717, 0.000370, 0.001462, 0.001373, 0.001553, 0.001247, 0.001231, 0.001231, 0.001041, 0.001126, 0.001072, 0.001243, 0.001023, 0.001273, 0.001113, 0.001342, 0.001142, 0.001186, 0.001041, 0.001300, 0.001019
3 , 1, 1, 1, 1, 1, 1, 1
3 , 0.005390, 0.006638, 0.007080, 0.008132, 0.009512, 0.009797, 0.010669
4 , 0.001132, 0.001329, 0.001368, 0.001484, 0.001295, 0.001364, 0.001656, 0.001452, 0.001489, 0.001388, 0.001514, 0.001612, 0.001577, 0.001592, 0.001395, 0.001608, 0.001551, 0.001559, 0.001449, 0.001717, 0.000370, 0.001462, 0.001373, 0.001553, 0.001247, 0.001231, 0.001231, 0.001041, 0.001126, 0.001072, 0.001243, 0.001023, 0.001273, 0.001113, 0.001342, 0.001142, 0.001186, 0.001041, 0.001300, 0.001019, 0.001215, 0.000953, 0.001302, 0.000771, 0.000767, 0.001326, 0.001399, 0.001577, 0.001444, 0.001733, 0.001756, 0.001571, 0.001831, 0.001654, 0.001779, 0.001735, 0.001794, 0.001839, 0.001683, 0.001806, 0.001637, 0.001703, 0.001644, 0.001554, 0.001618, 0.001550, 0.001580, 0.001645, 0.000982, 0.001052, 0.001595, 0.001435, 0.001479, 0.001291, 0.001442, 0.001143, 0.001411, 0.001143, 0.001370, 0.001135, 0.001421, 0.001191, 0.001274, 0.001251, 0.001307, 0.001147, 0.001365, 0.001274, 0.001274, 0.001333, 0.001321, 0.001288
4 , 1, 1, 1, 1, 1, 1, 1
4 , 0.013621, 0.015061, 0.012792, 0.013545, 0.013689, 0.014203, 0.014197
5 , 0.001577, 0.001444, 0.001733, 0.001756, 0.001571, 0.001831, 0.001654, 0.001779, 0.001735, 0.001794, 0.001839, 0.001683, 0.001806, 0.001637, 0.001703, 0.001644, 0.001554, 0.001618, 0.001550, 0.001580, 0.001645, 0.000982, 0.001052, 0.001595, 0.001435, 0.001479, 0.001291, 0.001442, 0.001143, 0.001411, 0.001143, 0.001370, 0.001135, 0.001421, 0.001191, 0.001274, 0.001251, 0.001307, 0.001147, 0.001365, 0.001274, 0.001274, 0.001333, 0.001321, 0.001288, 0.001185, 0.001333, 0.000246, 0.001109, 0.001290, 0.001281, 0.001351, 0.001227, 0.001589, 0.001427, 0.001509, 0.001399, 0.001414, 0.001745, 0.001523, 0.001662, 0.001472, 0.001493, 0.001571, 0.001456, 0.001641, 0.001355, 0.001655, 0.001613, 0.001585, 0.001690, 0.001459, 0.000586, 0.001545, 0.001562, 0.001379, 0.001210, 0.001309, 0.001256, 0.001291, 0.001307, 0.001272, 0.001333, 0.001342, 0.001326, 0.001263, 0.001414, 0.001254, 0.001393, 0.001214, 0.001372, 0.001110
5 , 1, 1, 1, 1, 1, 1, 1
5 , 0.007373, 0.009202, 0.010595, 0.010765, 0.012381, 0.011899, 0.012075
6 , 0.001281, 0.001351, 0.001227, 0.001589, 0.001427, 0.001509, 0.001399, 0.001414, 0.001745, 0.001523, 0.001662, 0.001472, 0.001493, 0.001571, 0.001456, 0.001641, 0.001355, 0.001655, 0.001613, 0.001585, 0.001690, 0.001459, 0.000586, 0.001545, 0.001562, 0.001379, 0.001210, 0.001309, 0.001256, 0.001291, 0.001307, 0.001272, 0.001333, 0.001342, 0.001326, 0.001263, 0.001414, 0.001254, 0.001393, 0.001214, 0.001372, 0.001110, 0.001337, 0.001183, 0.001469, 0.000127, 0.001028, 0.001315, 0.001409, 0.001435, 0.001175, 0.001187, 0.001498, 0.001363, 0.001375, 0.001281, 0.001494, 0.001402, 0.001416, 0.001496, 0.001304, 0.001523, 0.001395, 0.001402, 0.001377, 0.001398, 0.001404, 0.001403, 0.001247, 0.001524, 0.000011, 0.001572, 0.001658, 0.001465, 0.001521, 0.001308, 0.001421, 0.001248, 0.001357, 0.001274, 0.001592, 0.001191, 0.001502, 0.001428, 0.001515, 0.001290, 0.001431, 0.001257, 0.001585, 0.001326, 0.001465, 0.001275
6 , 2, 2, 1, 2, 2, 2, 2
6 , 0.002862, 0.004619, 0.006072, 0.008189, 0.006317, 0.006078, 0.006525
7 , 0.001435, 0.001175, 0.001187, 0.001498, 0.001363, 0.001375, 0.001281, 0.001494, 0.001402, 0.001416, 0.001496, 0.001304, 0.001523, 0.001395, 0.001402, 0.001377, 0.001398, 0.001404, 0.001403, 0.001247, 0.001524, 0.000011, 0.001572, 0.001658, 0.001465, 0.001521, 0.001308, 0.001421, 0.001248, 0.001357, 0.001274, 0.001592, 0.001191, 0.001502, 0.001428, 0.001515, 0.001290, 0.001431, 0.001257, 0.001585, 0.001326, 0.001465, 0.001275, 0.001382, 0.001340, 0.001480, 0.001054, 0.000609, 0.001153, 0.001158, 0.000968, 0.001284, 0.001055, 0.001396, 0.001240, 0.001316, 0.001386, 0.001187, 0.001601, 0.001447, 0.001454, 0.001434, 0.001502, 0.001628, 0.001376, 0.001547, 0.001327, 0.001550, 0.001659, 0.001431, 0.001730, 0.000828, 0.000964, 0.001573, 0.001472, 0.001516, 0.001351, 0.001442, 0.001307, 0.001481, 0.001428, 0.001488, 0.001289, 0.001465, 0.001443, 0.001476, 0.001467, 0.001458, 0.001419, 0.001333, 0.001493, 0.001204
7 , 2, 2, 2, 0, 0, 2, 2
7 , 0.002609, 0.002091, 0.002455, 0.002290, 0.001569, 0.001945, 0.002112
8 , 0.001054, 0.000609, 0.001153, 0.001158, 0.000968, 0.001284, 0.001055, 0.001396, 0.001240, 0.001316, 0.001386, 0.001187, 0.001601, 0.001447, 0.001454, 0.001434, 0.001502, 0.001628, 0.001376, 0.001547, 0.001327, 0.001550, 0.001659, 0.001431, 0.001730, 0.000828, 0.000964, 0.001573, 0.001472, 0.001516, 0.001351, 0.001442, 0.001307, 0.001481, 0.001428, 0.001488, 0.001289, 0.001465, 0.001443, 0.001476, 0.001467, 0.001458, 0.001419, 0.001333, 0.001493, 0.001204, 0.001428, 0.001437, 0.001570, 0.000154, 0.000821, 0.000963, 0.000995, 0.001002, 0.001115, 0.001032, 0.001264, 0.001145, 0.001337, 0.001141, 0.001264, 0.001334, 0.001204, 0.001334, 0.001089, 0.001281, 0.001363, 0.001214, 0.001241, 0.001138, 0.001416, 0.001321, 0.001368, 0.001310, 0.000775, 0.001440, 0.001645, 0.001539, 0.001387, 0.001284, 0.001505, 0.001296, 0.001458, 0.001087, 0.001370, 0.001249, 0.001351, 0.001103, 0.001444, 0.001193, 0.001444, 0.001240
8 , 0, 0, 0, 0, 0, 0, 2
8 , 0.006540, 0.006525, 0.006787, 0.006431, 0.005869, 0.005278, 0.004289
9 , 0.001570, 0.000154, 0.000821, 0.000963, 0.000995, 0.001002, 0.001115, 0.001032, 0.001264, 0.001145, 0.001337, 0.001141, 0.001264, 0.001334, 0.001204, 0.001334, 0.001089, 0.001281, 0.001363, 0.001214, 0.001241, 0.001138, 0.001416, 0.001321, 0.001368, 0.001310, 0.000775, 0.001440, 0.001645, 0.001539, 0.001387, 0.001284, 0.001505, 0.001296, 0.001458, 0.001087, 0.001370, 0.001249, 0.001351, 0.001103, 0.001444, 0.001193, 0.001444, 0.001240, 0.001469, 0.001259, 0.001428, 0.001221, 0.001567, 0.001168, 0.001541, 0.000586, 0.001023, 0.001096, 0.001173, 0.001089, 0.001377, 0.001157, 0.001473, 0.001414, 0.001235, 0.001389, 0.001171, 0.001569, 0.001395, 0.001463, 0.001454, 0.001243, 0.001575, 0.001465, 0.001538, 0.001456, 0.001325, 0.001549, 0.001434, 0.001901, 0.000022, 0.001178, 0.001464, 0.001399, 0.001421, 0.001231, 0.001340, 0.001263, 0.001353, 0.001214, 0.001312, 0.001345, 0.001335, 0.001429, 0.001562, 0.001419
9 , 0, 0, 0, 0, 0, 0, 0
9 , 0.004503, 0.004496, 0.004591, 0.004949, 0.004812, 0.004395, 0.003293
10 , 0.001168, 0.001541, 0.000586, 0.001023, 0.001096, 0.001173, 0.001089, 0.001377, 0.001157, 0.001473, 0.001414, 0.001235, 0.001389, 0.001171, 0.001569, 0.001395, 0.001463, 0.001454, 0.001243, 0.001575, 0.001465, 0.001538, 0.001456, 0.001325, 0.001549, 0.001434, 0.001901, 0.000022, 0.001178, 0.001464, 0.001399, 0.001421, 0.001231, 0.001340, 0.001263, 0.001353, 0.001214, 0.001312, 0.001345, 0.001335, 0.001429, 0.001562, 0.001419, 0.001596, 0.001587, 0.001573, 0.001569, 0.001578, 0.001513, 0.001513, 0.001409, 0.000517, 0.000794, 0.001138, 0.001056, 0.000903, 0.001085, 0.001009, 0.001231, 0.001079, 0.001158, 0.001082, 0.001181, 0.001323, 0.001237, 0.001356, 0.001196, 0.001441, 0.001523, 0.001393, 0.001448, 0.001288, 0.001528, 0.001345, 0.001414, 0.001398, 0.001464, 0.001344, 0.001022, 0.001389, 0.001377, 0.001447, 0.001381, 0.001512, 0.001286, 0.001419, 0.001085, 0.001364, 0.001069, 0.001319, 0.001071, 0.001302
10 , 0, 0, 0, 0, 0, 0, 0
10 , 0.004862, 0.004586, 0.004308, 0.004342, 0.004310, 0.004561, 0.003583
11 , 0.001569, 0.001578, 0.001513, 0.001513, 0.001409, 0.000517, 0.000794, 0.001138, 0.001056, 0.000903, 0.001085, 0.001009, 0.001231, 0.001079, 0.001158, 0.001082, 0.001181, 0.001323, 0.001237, 0.001356, 0.001196, 0.001441, 0.001523, 0.001393, 0.001448, 0.001288, 0.001528, 0.001345, 0.001414, 0.001398, 0.001464, 0.001344, 0.001022, 0.001389, 0.001377, 0.001447, 0.001381, 0.001512, 0.001286, 0.001419, 0.001085, 0.001364, 0.001069, 0.001319, 0.001071, 0.001302, 0.001133, 0.001391, 0.001198, 0.001353, 0.001284, 0.001400, 0.001170, 0.001384, 0.001089, 0.001411, 0.001282, 0.001303, 0.001182, 0.001354, 0.001293, 0.001198, 0.001242, 0.001259, 0.001233, 0.001217, 0.001221, 0.001149, 0.001103, 0.001179, 0.001274, 0.001223, 0.001158, 0.001205, 0.001337, 0.001289, 0.001458, 0.001303, 0.001410, 0.001222, 0.001387, 0.001390, 0.001554, 0.001337, 0.001510, 0.001427, 0.001569, 0.001379, 0.001565, 0.001453, 0.001634, 0.001405
11 , 0, 0, 0, 0, 0, 0, 0
11 , 0.004839, 0.005112, 0.006186, 0.006000, 0.006465, 0.006645, 0.007145
12 , 0.001170, 0.001384, 0.001089, 0.001411, 0.001282, 0.001303, 0.001182, 0.001354, 0.001293, 0.001198, 0.001242, 0.001259, 0.001233, 0.001217, 0.001221, 0.001149, 0.001103, 0.001179, 0.001274, 0.001223, 0.001158, 0.001205, 0.001337, 0.001289, 0.001458, 0.001303, 0.001410, 0.001222, 0.001387, 0.001390, 0.001554, 0.001337, 0.001510, 0.001427, 0.001569, 0.001379, 0.001565, 0.001453, 0.001634, 0.001405, 0.001608, 0.001310, 0.001586, 0.001414, 0.001586, 0.001371, 0.001505, 0.001268, 0.001480, 0.001233, 0.001480, 0.001316, 0.001369, 0.001061, 0.001295, 0.001274, 0.001391, 0.001271, 0.001456, 0.001240, 0.001384, 0.001293, 0.001372, 0.001198, 0.001221, 0.001182, 0.001319, 0.001115, 0.001294, 0.001158, 0.001182, 0.001121, 0.001095, 0.001114, 0.000969, 0.001039, 0.001033, 0.001033, 0.000988, 0.000973, 0.000938, 0.000993, 0.000923, 0.000983, 0.000752, 0.000943, 0.000953, 0.001163, 0.001034, 0.001166, 0.001139, 0.001185
12 , 3, 3, 3, 3, 3, 3, 3
12 , 0.009992, 0.010321, 0.010464, 0.010632, 0.010103, 0.009618, 0.008783
13 , 0.001233, 0.001480, 0.001316, 0.001369, 0.001061, 0.001295, 0.001274, 0.001391, 0.001271, 0.001456, 0.001240, 0.001384, 0.001293, 0.001372, 0.001198, 0.001221, 0.001182, 0.001319, 0.001115, 0.001294, 0.001158, 0.001182, 0.001121, 0.001095, 0.001114, 0.000969, 0.001039, 0.001033, 0.001033, 0.000988, 0.000973, 0.000938, 0.000993, 0.000923, 0.000983, 0.000752, 0.000943, 0.000953, 0.001163, 0.001034, 0.001166, 0.001139, 0.001185, 0.001268, 0.001481, 0.001236, 0.001547, 0.001316, 0.001522, 0.001323, 0.001582, 0.001436, 0.001652, 0.001437, 0.001743, 0.001502, 0.001717, 0.001454, 0.001699, 0.001458, 0.001634, 0.001418, 0.001621, 0.001354, 0.001556, 0.001474, 0.001583, 0.001406, 0.001514, 0.001200, 0.001352, 0.001254, 0.001328, 0.001082, 0.001324, 0.000997, 0.001186, 0.001142, 0.001317, 0.001142, 0.001323, 0.001139, 0.001234, 0.001164, 0.001183, 0.001088, 0.001192, 0.001091, 0.001258, 0.001147, 0.001086, 0.001227
13 , 1, 1, 1, 1, 1, 1, 1
13 , 0.012932, 0.012934, 0.012823, 0.012089, 0.011740, 0.011020, 0.010255
14 , 0.001316, 0.001522, 0.001323, 0.001582, 0.001436, 0.001652, 0.001437, 0.001743, 0.001502, 0.001717, 0.001454, 0.001699, 0.001458, 0.001634, 0.001418, 0.001621, 0.001354, 0.001556, 0.001474, 0.001583, 0.001406, 0.001514, 0.001200, 0.001352, 0.001254, 0.001328, 0.001082, 0.001324, 0.000997, 0.001186, 0.001142, 0.001317, 0.001142, 0.001323, 0.001139, 0.001234, 0.001164, 0.001183, 0.001088, 0.001192, 0.001091, 0.001258, 0.001147, 0.001086, 0.001227, 0.001234, 0.001040, 0.001196, 0.001185, 0.001188, 0.001281, 0.001273, 0.001389, 0.001393, 0.001363, 0.001345, 0.001402, 0.001290, 0.001357, 0.001305, 0.001295, 0.001207, 0.001159, 0.001127, 0.001190, 0.000888, 0.000963, 0.000819, 0.000817, 0.000720, 0.000722, 0.000534, 0.000606, 0.000355, 0.000555, 0.000417, 0.000558, 0.000306, 0.000520, 0.000329, 0.000569, 0.000282, 0.000558, 0.000493, 0.000733, 0.000486, 0.000734, 0.000454, 0.000880, 0.000727, 0.001000, 0.000812
14 , 1, 1, 1, 1, 1, 1, 1
14 , 0.019923, 0.020059, 0.019608, 0.019640, 0.018135, 0.017013, 0.015232
15 , 0.001196, 0.001185, 0.001188, 0.001281, 0.001273, 0.001389, 0.001393, 0.001363, 0.001345, 0.001402, 0.001290, 0.001357, 0.001305, 0.001295, 0.001207, 0.001159, 0.001127, 0.001190, 0.000888, 0.000963, 0.000819, 0.000817, 0.000720, 0.000722, 0.000534, 0.000606, 0.000355, 0.000555, 0.000417, 0.000558, 0.000306, 0.000520, 0.000329, 0.000569, 0.000282, 0.000558, 0.000493, 0.000733, 0.000486, 0.000734, 0.000454, 0.000880, 0.000727, 0.001000, 0.000812, 0.001264, 0.001147, 0.001300, 0.001230, 0.001432, 0.001265, 0.001557, 0.001453, 0.001669, 0.001463, 0.001662, 0.001482, 0.001688, 0.001490, 0.001615, 0.001516, 0.001775, 0.001597, 0.001631, 0.001574, 0.001690, 0.001384, 0.001638, 0.001505, 0.001651, 0.001530, 0.001586, 0.001569, 0.001574, 0.001376, 0.001458, 0.001269, 0.001352, 0.001335, 0.001326, 0.001373, 0.001352, 0.001382, 0.001382, 0.001345, 0.001298, 0.001251, 0.001351, 0.001235, 0.001360, 0.001258, 0.001152
15 , 1, 1, 1, 1, 1, 1, 1
15 , 0.018031, 0.018755, 0.018674, 0.018884, 0.018334, 0.018026, 0.016920
16 , 0.001432, 0.001265, 0.001557, 0.001453, 0.001669, 0.001463, 0.001662, 0.001482, 0.001688, 0.001490, 0.001615, 0.001516, 0.001775, 0.001597, 0.001631, 0.001574, 0.001690, 0.001384, 0.001638, 0.001505, 0.001651, 0.001530, 0.001586, 0.001569, 0.001574, 0.001376, 0.001458, 0.001269, 0.001352, 0.001335, 0.001326, 0.001373, 0.001352, 0.001382, 0.001382, 0.001345, 0.001298, 0.001251, 0.001351, 0.001235, 0.001360, 0.001258, 0.001152, 0.001365, 0.001245, 0.001269, 0.001123, 0.001267, 0.001137, 0.001180, 0.001161, 0.001202, 0.001042, 0.001116, 0.001167, 0.001364, 0.001194, 0.001238, 0.001075, 0.001370, 0.001186, 0.001280, 0.001180, 0.001340, 0.001166, 0.001391, 0.001226, 0.001528, 0.001288, 0.001353, 0.001226, 0.001460, 0.001261, 0.001398, 0.001263, 0.001435, 0.001158, 0.001453, 0.001210, 0.001460, 0.001381, 0.001558, 0.001168, 0.001458, 0.001366, 0.001577, 0.001343, 0.001428, 0.001340, 0.001556, 0.001322, 0.001472
16 , 2, 2, 2, 2, 2, 2, 2
16 , 0.005954, 0.006796, 0.007413, 0.008263, 0.008235, 0.008966, 0.008855
