0 , 0.000774, 0.000672, 0.001220, 0.001325, 0.001421, 0.001239, 0.001640, 0.001573, 0.001597, 0.001563, 0.001601, 0.001786, 0.001669, 0.001840, 0.001670, 0.001758, 0.001965, 0.001692, 0.001794, 0.001624, 0.001787, 0.001749, 0.001832, 0.001751, 0.001930, 0.001188, 0.000873, 0.001221, 0.001162, 0.001122, 0.000973, 0.001117, 0.000978, 0.001198, 0.000884, 0.001163, 0.000928, 0.001198, 0.000917, 0.001113, 0.000978, 0.001193, 0.000893, 0.001068, 0.000943, 0.001013, 0.001044, 0.001179, 0.001034, 0.001104, 0.001169, 0.000374, 0.001158, 0.001199, 0.001320, 0.001302, 0.001337, 0.001496, 0.001267, 0.001443, 0.001235, 0.001418, 0.001500, 0.001322, 0.001402, 0.001216, 0.001504, 0.001399, 0.001360, 0.001426, 0.001350, 0.001473, 0.001418, 0.001380, 0.001447, 0.001483, 0.000584, 0.001598, 0.001365, 0.001477, 0.001203, 0.001312, 0.001082, 0.001182, 0.000999, 0.001057, 0.001180, 0.001189, 0.001136, 0.001055, 0.000925, 0.001055
0 , 2, 2, 1, 1, 1, 1, 1
0 , 0.006867, 0.007063, 0.008580, 0.010195, 0.012544, 0.014944, 0.016941
1 , 0.001158, 0.001199, 0.001320, 0.001302, 0.001337, 0.001496, 0.001267, 0.001443, 0.001235, 0.001418, 0.001500, 0.001322, 0.001402, 0.001216, 0.001504, 0.001399, 0.001360, 0.001426, 0.001350, 0.001473, 0.001418, 0.001380, 0.001447, 0.001483, 0.000584, 0.001598, 0.001365, 0.001477, 0.001203, 0.001312, 0.001082, 0.001182, 0.000999, 0.001057, 0.001180, 0.001189, 0.001136, 0.001055, 0.000925, 0.001055, 0.001130, 0.001196, 0.001194, 0.001135, 0.001340, 0.001094, 0.001328, 0.000290, 0.000738, 0.001109, 0.001154, 0.001295, 0.000963, 0.001325, 0.001255, 0.001381, 0.001235, 0.001109, 0.001381, 0.001367, 0.001542, 0.001399, 0.001372, 0.001580, 0.001434, 0.001425, 0.001354, 0.001493, 0.001486, 0.001429, 0.001323, 0.001578, 0.000038, 0.001600, 0.001491, 0.001546, 0.001360, 0.001159, 0.001180, 0.001096, 0.001305, 0.001082, 0.001344, 0.001196, 0.001280, 0.001143, 0.001394, 0.001122, 0.001257, 0.001145, 0.001293, 0.000931
1 , 2, 1, 1, 1, 1, 1, 1
1 , 0.001949, 0.002589, 0.003632, 0.005078, 0.008094, 0.007469, 0.007111
2 , 0.001154, 0.001295, 0.000963, 0.001325, 0.001255, 0.001381, 0.001235, 0.001109, 0.001381, 0.001367, 0.001542, 0.001399, 0.001372, 0.001580, 0.001434, 0.001425, 0.001354, 0.001493, 0.001486, 0.001429, 0.001323, 0.001578, 0.000038, 0.001600, 0.001491, 0.001546, 0.001360, 0.001159, 0.001180, 0.001096, 0.001305, 0.001082, 0.001344, 0.001196, 0.001280, 0.001143, 0.001394, 0.001122, 0.001257, 0.001145, 0.001293, 0.000931, 0.001298, 0.000992, 0.001187, 0.000958, 0.001211, 0.000567, 0.001030, 0.001515, 0.001530, 0.001708, 0.001612, 0.001782, 0.001916, 0.001627, 0.001805, 0.001627, 0.001923, 0.001908, 0.001759, 0.001684, 0.001602, 0.001880, 0.001610, 0.001531, 0.001548, 0.001431, 0.001582, 0.001365, 0.001163, 0.001404, 0.000736, 0.001355, 0.001810, 0.001604, 0.001647, 0.001466, 0.001678, 0.001506, 0.001583, 0.001527, 0.001725, 0.001388, 0.001525, 0.001257, 0.001387, 0.001425, 0.001508, 0.001185, 0.001307, 0.001334
2 , 1, 1, 1, 1, 1, 1, 1
2 , 0.003419, 0.005591, 0.007006, 0.007624, 0.007011, 0.007132, 0.007754
3 , 0.001612, 0.001782, 0.001916, 0.001627, 0.001805, 0.001627, 0.001923, 0.001908, 0.001759, 0.001684, 0.001602, 0.001880, 0.001610, 0.001531, 0.001548, 0.001431, 0.001582, 0.001365, 0.001163, 0.001404, 0.000736, 0.001355, 0.001810, 0.001604, 0.001647, 0.001466, 0.001678, 0.001506, 0.001583, 0.001527, 0.001725, 0.001388, 0.001525, 0.001257, 0.001387, 0.001425, 0.001508, 0.001185, 0.001307, 0.001334, 0.001207, 0.001196, 0.001076, 0.001176, 0.000519, 0.001323, 0.001599, 0.001535, 0.001556, 0.001461, 0.001718, 0.001563, 0.001815, 0.001648, 0.001464, 0.001661, 0.001475, 0.001622, 0.001614, 0.001582, 0.001653, 0.001379, 0.001523, 0.001358, 0.001476, 0.001490, 0.001272, 0.001496, 0.001092, 0.000900, 0.001749, 0.001538, 0.001607, 0.001409, 0.001417, 0.001430, 0.001378, 0.001417, 0.001261, 0.001322, 0.001404, 0.001297, 0.001340, 0.001420, 0.001057, 0.001322, 0.001062, 0.001222, 0.000981, 0.001159, 0.001034, 0.001326
3 , 1, 1, 1, 1, 1, 1, 1
3 , 0.009277, 0.010559, 0.008623, 0.008600, 0.009581, 0.009698, 0.010761
4 , 0.001815, 0.001648, 0.001464, 0.001661, 0.001475, 0.001622, 0.001614, 0.001582, 0.001653, 0.001379, 0.001523, 0.001358, 0.001476, 0.001490, 0.001272, 0.001496, 0.001092, 0.000900, 0.001749, 0.001538, 0.001607, 0.001409, 0.001417, 0.001430, 0.001378, 0.001417, 0.001261, 0.001322, 0.001404, 0.001297, 0.001340, 0.001420, 0.001057, 0.001322, 0.001062, 0.001222, 0.000981, 0.001159, 0.001034, 0.001326, 0.001031, 0.001409, 0.000210, 0.001053, 0.001351, 0.001255, 0.001429, 0.001397, 0.001372, 0.001644, 0.001422, 0.001539, 0.001434, 0.001679, 0.001580, 0.001504, 0.001626, 0.001443, 0.001619, 0.001518, 0.001628, 0.001585, 0.001406, 0.001674, 0.001555, 0.001634, 0.001775, 0.000063, 0.001203, 0.001328, 0.001233, 0.001238, 0.000981, 0.001104, 0.000876, 0.001071, 0.000927, 0.001222, 0.000836, 0.001166, 0.000917, 0.001036, 0.000906, 0.001168, 0.000964, 0.001286, 0.001087, 0.001242, 0.000996, 0.001234, 0.000824, 0.000686
4 , 1, 1, 1, 1, 1, 1, 1
4 , 0.014254, 0.014337, 0.015154, 0.015331, 0.014974, 0.014138, 0.013181
5 , 0.001644, 0.001422, 0.001539, 0.001434, 0.001679, 0.001580, 0.001504, 0.001626, 0.001443, 0.001619, 0.001518, 0.001628, 0.001585, 0.001406, 0.001674, 0.001555, 0.001634, 0.001775, 0.000063, 0.001203, 0.001328, 0.001233, 0.001238, 0.000981, 0.001104, 0.000876, 0.001071, 0.000927, 0.001222, 0.000836, 0.001166, 0.000917, 0.001036, 0.000906, 0.001168, 0.000964, 0.001286, 0.001087, 0.001242, 0.000996, 0.001234, 0.000824, 0.000686, 0.001058, 0.001265, 0.001169, 0.001186, 0.001057, 0.001374, 0.001315, 0.001337, 0.001249, 0.001219, 0.001411, 0.001222, 0.001358, 0.001143, 0.001291, 0.001607, 0.001516, 0.001660, 0.001636, 0.001734, 0.001825, 0.001726, 0.001896, 0.001565, 0.002029, 0.001378, 0.000838, 0.001070, 0.001166, 0.001016, 0.001039, 0.001039, 0.001006, 0.001133, 0.001040, 0.001182, 0.000964, 0.001198, 0.001101, 0.001252, 0.001088, 0.001217, 0.001091, 0.001299, 0.001108, 0.001293, 0.001149, 0.001339, 0.001145
5 , 1, 1, 1, 1, 1, 1, 1
5 , 0.017206, 0.017261, 0.016519, 0.016236, 0.015877, 0.014576, 0.013355
6 , 0.001057, 0.001374, 0.001315, 0.001337, 0.001249, 0.001219, 0.001411, 0.001222, 0.001358, 0.001143, 0.001291, 0.001607, 0.001516, 0.001660, 0.001636, 0.001734, 0.001825, 0.001726, 0.001896, 0.001565, 0.002029, 0.001378, 0.000838, 0.001070, 0.001166, 0.001016, 0.001039, 0.001039, 0.001006, 0.001133, 0.001040, 0.001182, 0.000964, 0.001198, 0.001101, 0.001252, 0.001088, 0.001217, 0.001091, 0.001299, 0.001108, 0.001293, 0.001149, 0.001339, 0.001145, 0.001409, 0.001124, 0.001339, 0.001206, 0.001370, 0.001060, 0.001255, 0.001127, 0.001163, 0.001013, 0.001231, 0.000964, 0.001259, 0.001033, 0.001226, 0.000971, 0.001185, 0.001134, 0.001043, 0.001033, 0.001047, 0.000882, 0.001046, 0.000906, 0.000978, 0.001074, 0.001055, 0.001000, 0.001066, 0.001017, 0.001052, 0.001108, 0.001080, 0.001200, 0.001108, 0.001061, 0.001005, 0.001061, 0.001147, 0.001208, 0.000966, 0.001187, 0.001011, 0.001169, 0.000974, 0.001230, 0.000965
6 , 1, 1, 1, 1, 2, 2, 2
6 , 0.006399, 0.006812, 0.007610, 0.008118, 0.007140, 0.006799, 0.006808
7 , 0.001370, 0.001060, 0.001255, 0.001127, 0.001163, 0.001013, 0.001231, 0.000964, 0.001259, 0.001033, 0.001226, 0.000971, 0.001185, 0.001134, 0.001043, 0.001033, 0.001047, 0.000882, 0.001046, 0.000906, 0.000978, 0.001074, 0.001055, 0.001000, 0.001066, 0.001017, 0.001052, 0.001108, 0.001080, 0.001200, 0.001108, 0.001061, 0.001005, 0.001061, 0.001147, 0.001208, 0.000966, 0.001187, 0.001011, 0.001169, 0.000974, 0.001230, 0.000965, 0.001114, 0.000893, 0.001123, 0.000930, 0.001215, 0.000946, 0.001089, 0.001082, 0.001203, 0.001071, 0.001275, 0.000946, 0.001346, 0.001112, 0.001307, 0.001150, 0.001345, 0.001210, 0.001336, 0.001175, 0.001508, 0.001296, 0.001490, 0.001266, 0.001408, 0.001279, 0.001326, 0.001162, 0.001361, 0.001193, 0.001319, 0.001212, 0.001264, 0.001171, 0.001245, 0.001133, 0.001054, 0.001110, 0.001080, 0.001052, 0.001017, 0.001092, 0.001152, 0.001006, 0.001071, 0.001166, 0.001090, 0.001036, 0.001131
7 , 1, 1, 1, 1, 1, 1, 3
7 , 0.002226, 0.002596, 0.002581, 0.002858, 0.002634, 0.002993, 0.003384
8 , 0.001071, 0.001275, 0.000946, 0.001346, 0.001112, 0.001307, 0.001150, 0.001345, 0.001210, 0.001336, 0.001175, 0.001508, 0.001296, 0.001490, 0.001266, 0.001408, 0.001279, 0.001326, 0.001162, 0.001361, 0.001193, 0.001319, 0.001212, 0.001264, 0.001171, 0.001245, 0.001133, 0.001054, 0.001110, 0.001080, 0.001052, 0.001017, 0.001092, 0.001152, 0.001006, 0.001071, 0.001166, 0.001090, 0.001036, 0.001131, 0.001255, 0.001074, 0.000982, 0.000978, 0.001067, 0.000991, 0.001116, 0.000915, 0.001060, 0.000880, 0.001055, 0.000824, 0.000945, 0.000819, 0.001166, 0.000830, 0.001101, 0.001016, 0.001121, 0.000922, 0.001168, 0.001020, 0.001250, 0.000981, 0.001211, 0.000976, 0.001282, 0.001098, 0.001275, 0.001168, 0.001419, 0.001154, 0.001319, 0.001162, 0.001429, 0.001156, 0.001415, 0.001263, 0.001479, 0.001306, 0.001505, 0.001236, 0.001487, 0.001339, 0.001505, 0.001323, 0.001488, 0.001224, 0.001406, 0.001208, 0.001282, 0.001255
8 , 2, 2, 2, 2, 2, 2, 2
8 , 0.009482, 0.009774, 0.010023, 0.009877, 0.010297, 0.010040, 0.010392
9 , 0.000945, 0.000819, 0.001166, 0.000830, 0.001101, 0.001016, 0.001121, 0.000922, 0.001168, 0.001020, 0.001250, 0.000981, 0.001211, 0.000976, 0.001282, 0.001098, 0.001275, 0.001168, 0.001419, 0.001154, 0.001319, 0.001162, 0.001429, 0.001156, 0.001415, 0.001263, 0.001479, 0.001306, 0.001505, 0.001236, 0.001487, 0.001339, 0.001505, 0.001323, 0.001488, 0.001224, 0.001406, 0.001208, 0.001282, 0.001255, 0.001377, 0.001127, 0.001280, 0.001180, 0.001091, 0.001075, 0.001279, 0.001047, 0.001208, 0.001098, 0.001129, 0.001157, 0.001157, 0.001163, 0.001293, 0.001254, 0.001386, 0.001189, 0.001149, 0.001154, 0.001184, 0.001240, 0.001135, 0.001115, 0.001235, 0.001117, 0.001022, 0.001217, 0.001080, 0.001261, 0.001106, 0.001234, 0.001088, 0.000968, 0.001103, 0.001248, 0.001011, 0.001217, 0.000926, 0.001096, 0.001001, 0.001277, 0.001032, 0.001191, 0.001042, 0.001217, 0.001061, 0.001156, 0.001051, 0.001302, 0.001042, 0.001112
9 , 3, 3, 3, 3, 3, 3, 3
9 , 0.007100, 0.006530, 0.006429, 0.006030, 0.005629, 0.005121, 0.004439
10 , 0.001279, 0.001047, 0.001208, 0.001098, 0.001129, 0.001157, 0.001157, 0.001163, 0.001293, 0.001254, 0.001386, 0.001189, 0.001149, 0.001154, 0.001184, 0.001240, 0.001135, 0.001115, 0.001235, 0.001117, 0.001022, 0.001217, 0.001080, 0.001261, 0.001106, 0.001234, 0.001088, 0.000968, 0.001103, 0.001248, 0.001011, 0.001217, 0.000926, 0.001096, 0.001001, 0.001277, 0.001032, 0.001191, 0.001042, 0.001217, 0.001061, 0.001156, 0.001051, 0.001302, 0.001042, 0.001112, 0.000957, 0.001192, 0.000954, 0.001269, 0.000990, 0.001215, 0.001044, 0.001255, 0.001096, 0.001292, 0.001027, 0.001171, 0.000966, 0.001342, 0.001135, 0.001240, 0.001108, 0.001379, 0.001110, 0.001293, 0.001254, 0.001384, 0.001322, 0.001474, 0.001180, 0.001291, 0.001217, 0.001251, 0.001105, 0.001351, 0.001270, 0.001379, 0.001117, 0.001363, 0.001182, 0.001368, 0.001147, 0.001226, 0.001196, 0.001236, 0.001226, 0.001259, 0.001238, 0.001389, 0.001277, 0.001273
10 , 2, 2, 2, 2, 2, 2, 2
10 , 0.003551, 0.003351, 0.002633, 0.002905, 0.002409, 0.002701, 0.002356
11 , 0.000957, 0.001192, 0.000954, 0.001269, 0.000990, 0.001215, 0.001044, 0.001255, 0.001096, 0.001292, 0.001027, 0.001171, 0.000966, 0.001342, 0.001135, 0.001240, 0.001108, 0.001379, 0.001110, 0.001293, 0.001254, 0.001384, 0.001322, 0.001474, 0.001180, 0.001291, 0.001217, 0.001251, 0.001105, 0.001351, 0.001270, 0.001379, 0.001117, 0.001363, 0.001182, 0.001368, 0.001147, 0.001226, 0.001196, 0.001236, 0.001226, 0.001259, 0.001238, 0.001389, 0.001277, 0.001273, 0.001205, 0.001249, 0.001154, 0.001189, 0.001201, 0.001280, 0.001315, 0.001245, 0.001206, 0.001250, 0.001250, 0.001149, 0.001114, 0.001230, 0.001239, 0.001134, 0.001123, 0.001165, 0.001209, 0.001128, 0.001138, 0.001103, 0.001213, 0.001051, 0.001060, 0.001015, 0.001170, 0.000949, 0.001050, 0.000945, 0.000995, 0.000880, 0.001161, 0.000996, 0.001247, 0.001021, 0.001216, 0.000980, 0.001246, 0.001015, 0.001246, 0.001091, 0.001172, 0.001072, 0.001307, 0.001122
11 , 3, 3, 3, 3, 3, 3, 3
11 , 0.005554, 0.005623, 0.004952, 0.004295, 0.003322, 0.002893, 0.002132
12 , 0.001249, 0.001154, 0.001189, 0.001201, 0.001280, 0.001315, 0.001245, 0.001206, 0.001250, 0.001250, 0.001149, 0.001114, 0.001230, 0.001239, 0.001134, 0.001123, 0.001165, 0.001209, 0.001128, 0.001138, 0.001103, 0.001213, 0.001051, 0.001060, 0.001015, 0.001170, 0.000949, 0.001050, 0.000945, 0.000995, 0.000880, 0.001161, 0.000996, 0.001247, 0.001021, 0.001216, 0.000980, 0.001246, 0.001015, 0.001246, 0.001091, 0.001172, 0.001072, 0.001307, 0.001122, 0.001318, 0.001014, 0.001254, 0.000992, 0.001231, 0.000950, 0.001186, 0.000945, 0.001120, 0.000970, 0.001120, 0.000869, 0.001070, 0.000909, 0.001196, 0.000992, 0.001158, 0.001187, 0.001453, 0.001320, 0.001432, 0.001253, 0.001546, 0.001417, 0.001633, 0.001520, 0.001654, 0.001477, 0.001543, 0.001402, 0.001547, 0.001333, 0.001358, 0.001150, 0.001173, 0.001102, 0.001126, 0.001061, 0.001131, 0.001121, 0.001151, 0.000864, 0.001000, 0.000969, 0.001045, 0.000975, 0.001080
12 , 2, 2, 2, 2, 1, 1, 1
12 , 0.005374, 0.004583, 0.003226, 0.002485, 0.003067, 0.004005, 0.004475
13 , 0.001014, 0.001254, 0.000992, 0.001231, 0.000950, 0.001186, 0.000945, 0.001120, 0.000970, 0.001120, 0.000869, 0.001070, 0.000909, 0.001196, 0.000992, 0.001158, 0.001187, 0.001453, 0.001320, 0.001432, 0.001253, 0.001546, 0.001417, 0.001633, 0.001520, 0.001654, 0.001477, 0.001543, 0.001402, 0.001547, 0.001333, 0.001358, 0.001150, 0.001173, 0.001102, 0.001126, 0.001061, 0.001131, 0.001121, 0.001151, 0.000864, 0.001000, 0.000969, 0.001045, 0.000975, 0.001080, 0.000995, 0.001000, 0.000995, 0.001141, 0.001071, 0.001112, 0.001142, 0.001042, 0.001027, 0.001149, 0.001185, 0.001322, 0.001271, 0.001252, 0.001277, 0.001298, 0.001298, 0.001203, 0.001212, 0.001082, 0.001187, 0.001143, 0.001293, 0.001254, 0.001328, 0.001242, 0.001347, 0.001080, 0.001160, 0.001130, 0.001165, 0.001084, 0.001117, 0.001037, 0.001267, 0.001072, 0.001126, 0.000945, 0.001170, 0.001015, 0.001085, 0.000900, 0.001170, 0.001036, 0.001247, 0.001022
13 , 0, 3, 3, 3, 3, 3, 1
13 , 0.003855, 0.003758, 0.003635, 0.003495, 0.002957, 0.002698, 0.002778
14 , 0.000995, 0.001000, 0.000995, 0.001141, 0.001071, 0.001112, 0.001142, 0.001042, 0.001027, 0.001149, 0.001185, 0.001322, 0.001271, 0.001252, 0.001277, 0.001298, 0.001298, 0.001203, 0.001212, 0.001082, 0.001187, 0.001143, 0.001293, 0.001254, 0.001328, 0.001242, 0.001347, 0.001080, 0.001160, 0.001130, 0.001165, 0.001084, 0.001117, 0.001037, 0.001267, 0.001072, 0.001126, 0.000945, 0.001170, 0.001015, 0.001085, 0.000900, 0.001170, 0.001036, 0.001247, 0.001022, 0.001203, 0.000943, 0.001233, 0.001099, 0.001271, 0.001082, 0.001238, 0.001161, 0.001407, 0.001152, 0.001423, 0.001129, 0.001467, 0.001212, 0.001342, 0.001200, 0.001217, 0.001041, 0.001309, 0.001079, 0.001252, 0.001057, 0.001217, 0.001032, 0.001241, 0.000966, 0.001166, 0.000981, 0.001388, 0.001062, 0.001121, 0.000976, 0.001116, 0.001097, 0.001102, 0.001037, 0.001248, 0.001047, 0.001163, 0.000923, 0.001055, 0.001006, 0.001076, 0.001025, 0.001211, 0.001192
14 , 1, 3, 1, 1, 1, 1, 1
14 , 0.002420, 0.002504, 0.002664, 0.002754, 0.003106, 0.003202, 0.003299
15 , 0.001238, 0.001161, 0.001407, 0.001152, 0.001423, 0.001129, 0.001467, 0.001212, 0.001342, 0.001200, 0.001217, 0.001041, 0.001309, 0.001079, 0.001252, 0.001057, 0.001217, 0.001032, 0.001241, 0.000966, 0.001166, 0.000981, 0.001388, 0.001062, 0.001121, 0.000976, 0.001116, 0.001097, 0.001102, 0.001037, 0.001248, 0.001047, 0.001163, 0.000923, 0.001055, 0.001006, 0.001076, 0.001025, 0.001211, 0.001192, 0.001287, 0.001277, 0.001328, 0.001268, 0.001270, 0.001196, 0.001381, 0.001161, 0.001254, 0.001138, 0.001036, 0.001120, 0.001146, 0.001065, 0.001111, 0.001160, 0.001043, 0.001067, 0.001007, 0.000943, 0.001057, 0.001132, 0.000911, 0.001021, 0.000926, 0.001136, 0.001011, 0.000995, 0.000905, 0.001035, 0.000950, 0.001095, 0.000910, 0.001085, 0.000850, 0.001065, 0.000949, 0.001100, 0.000880, 0.001060, 0.000915, 0.001050, 0.000935, 0.001060, 0.001026, 0.001032, 0.000988, 0.001274, 0.001015, 0.001182, 0.001024, 0.001261
15 , 1, 1, 1, 1, 1, 2, 2
15 , 0.003615, 0.002535, 0.002251, 0.001008, 0.001333, 0.001370, 0.001201
16 , 0.001381, 0.001161, 0.001254, 0.001138, 0.001036, 0.001120, 0.001146, 0.001065, 0.001111, 0.001160, 0.001043, 0.001067, 0.001007, 0.000943, 0.001057, 0.001132, 0.000911, 0.001021, 0.000926, 0.001136, 0.001011, 0.000995, 0.000905, 0.001035, 0.000950, 0.001095, 0.000910, 0.001085, 0.000850, 0.001065, 0.000949, 0.001100, 0.000880, 0.001060, 0.000915, 0.001050, 0.000935, 0.001060, 0.001026, 0.001032, 0.000988, 0.001274, 0.001015, 0.001182, 0.001024, 0.001261, 0.001082, 0.001247, 0.001166, 0.001312, 0.001096, 0.001279, 0.001084, 0.001393, 0.001094, 0.001261, 0.001085, 0.001325, 0.000919, 0.001043, 0.000892, 0.001177, 0.001046, 0.001126, 0.001015, 0.001175, 0.000829, 0.001085, 0.000970, 0.000995, 0.000764, 0.000910, 0.000789, 0.001081, 0.000845, 0.000941, 0.000825, 0.000971, 0.000875, 0.001131, 0.000940, 0.001150, 0.000864, 0.001135, 0.000960, 0.000995, 0.000950, 0.001107, 0.001033, 0.001238, 0.001123, 0.001245
16 , 1, 1, 1, 1, 1, 1, 3
16 , 0.005691, 0.005348, 0.004445, 0.003358, 0.001930, 0.000819, 0.000649
