0 , 0.001509, 0.000305, 0.002023, 0.001700, 0.001843, 0.001986, 0.002000, 0.001960, 0.001906, 0.002203, 0.002063, 0.002166, 0.002091, 0.002151, 0.002268, 0.002129, 0.002099, 0.002053, 0.002319, 0.002263, 0.002338, 0.002289, 0.002320, 0.002513, 0.002402, 0.001855, 0.000968, 0.001324, 0.001470, 0.001408, 0.001471, 0.001316, 0.001438, 0.001220, 0.001435, 0.001099, 0.001494, 0.001308, 0.001276, 0.001273, 0.001517, 0.001209, 0.001606, 0.001482, 0.001512, 0.001358, 0.001631, 0.001358, 0.001722, 0.000372, 0.001501, 0.001776, 0.001804, 0.001827, 0.001667, 0.001858, 0.001771, 0.001949, 0.001919, 0.001915, 0.002188, 0.002116, 0.002149, 0.002011, 0.002100, 0.002117, 0.002135, 0.002075, 0.002032, 0.002222, 0.002058, 0.002185, 0.002066, 0.002202, 0.000110, 0.001726, 0.001603, 0.001604, 0.001298, 0.001542, 0.001510, 0.001541, 0.001602, 0.001572, 0.001511, 0.001572, 0.001513, 0.001513, 0.001391, 0.001391, 0.001420, 0.001481
0 , 1, 1, 1, 1, 1, 1, 1
0 , 0.009172, 0.011925, 0.015490, 0.018050, 0.021447, 0.025376, 0.030277
1 , 0.001804, 0.001827, 0.001667, 0.001858, 0.001771, 0.001949, 0.001919, 0.001915, 0.002188, 0.002116, 0.002149, 0.002011, 0.002100, 0.002117, 0.002135, 0.002075, 0.002032, 0.002222, 0.002058, 0.002185, 0.002066, 0.002202, 0.000110, 0.001726, 0.001603, 0.001604, 0.001298, 0.001542, 0.001510, 0.001541, 0.001602, 0.001572, 0.001511, 0.001572, 0.001513, 0.001513, 0.001391, 0.001391, 0.001420, 0.001481, 0.001388, 0.001480, 0.001541, 0.001541, 0.001450, 0.001390, 0.001419, 0.001127, 0.001112, 0.002048, 0.001967, 0.002104, 0.002107, 0.002226, 0.002259, 0.002066, 0.002426, 0.002379, 0.002410, 0.002397, 0.002366, 0.002501, 0.002374, 0.002313, 0.002128, 0.002387, 0.002354, 0.002354, 0.002296, 0.002316, 0.002281, 0.002550, 0.001114, 0.001545, 0.001460, 0.001488, 0.001487, 0.001455, 0.001393, 0.001575, 0.001330, 0.001456, 0.001272, 0.001366, 0.001242, 0.001398, 0.001275, 0.001490, 0.001274, 0.001517, 0.001364, 0.001517
1 , 1, 1, 1, 1, 1, 1, 1
1 , 0.019863, 0.024035, 0.027154, 0.029991, 0.029949, 0.030092, 0.029289
2 , 0.002104, 0.002107, 0.002226, 0.002259, 0.002066, 0.002426, 0.002379, 0.002410, 0.002397, 0.002366, 0.002501, 0.002374, 0.002313, 0.002128, 0.002387, 0.002354, 0.002354, 0.002296, 0.002316, 0.002281, 0.002550, 0.001114, 0.001545, 0.001460, 0.001488, 0.001487, 0.001455, 0.001393, 0.001575, 0.001330, 0.001456, 0.001272, 0.001366, 0.001242, 0.001398, 0.001275, 0.001490, 0.001274, 0.001517, 0.001364, 0.001517, 0.001302, 0.001486, 0.001335, 0.001727, 0.000677, 0.001864, 0.001992, 0.001934, 0.001957, 0.001881, 0.002008, 0.002258, 0.002050, 0.002165, 0.002114, 0.002223, 0.002071, 0.002223, 0.002243, 0.002101, 0.002382, 0.002162, 0.002223, 0.002061, 0.002104, 0.002248, 0.002094, 0.002221, 0.002178, 0.002289, 0.002077, 0.000811, 0.001657, 0.001343, 0.001438, 0.001314, 0.001192, 0.001283, 0.001377, 0.001287, 0.001252, 0.001311, 0.001370, 0.001247, 0.001276, 0.001367, 0.001367, 0.001425, 0.001393, 0.001331, 0.001391
2 , 1, 1, 1, 1, 1, 1, 1
2 , 0.029599, 0.032643, 0.037365, 0.037086, 0.036730, 0.033877, 0.032551
3 , 0.001934, 0.001957, 0.001881, 0.002008, 0.002258, 0.002050, 0.002165, 0.002114, 0.002223, 0.002071, 0.002223, 0.002243, 0.002101, 0.002382, 0.002162, 0.002223, 0.002061, 0.002104, 0.002248, 0.002094, 0.002221, 0.002178, 0.002289, 0.002077, 0.000811, 0.001657, 0.001343, 0.001438, 0.001314, 0.001192, 0.001283, 0.001377, 0.001287, 0.001252, 0.001311, 0.001370, 0.001247, 0.001276, 0.001367, 0.001367, 0.001425, 0.001393, 0.001331, 0.001391, 0.001512, 0.001420, 0.001479, 0.001419, 0.001599, 0.000588, 0.001817, 0.001784, 0.001944, 0.002002, 0.002089, 0.001934, 0.002098, 0.002152, 0.002016, 0.002227, 0.002038, 0.002365, 0.002198, 0.002231, 0.002276, 0.002263, 0.002471, 0.002214, 0.002336, 0.002170, 0.002452, 0.002513, 0.002242, 0.002395, 0.000216, 0.001226, 0.001534, 0.001438, 0.001438, 0.001191, 0.001435, 0.001187, 0.001431, 0.001275, 0.001458, 0.001333, 0.001365, 0.001331, 0.001544, 0.001238, 0.001512, 0.001357
3 , 1, 1, 1, 1, 1, 1, 1
3 , 0.020279, 0.024199, 0.026765, 0.029718, 0.033039, 0.035227, 0.037072
4 , 0.001944, 0.002002, 0.002089, 0.001934, 0.002098, 0.002152, 0.002016, 0.002227, 0.002038, 0.002365, 0.002198, 0.002231, 0.002276, 0.002263, 0.002471, 0.002214, 0.002336, 0.002170, 0.002452, 0.002513, 0.002242, 0.002395, 0.000216, 0.001226, 0.001534, 0.001438, 0.001438, 0.001191, 0.001435, 0.001187, 0.001431, 0.001275, 0.001458, 0.001333, 0.001365, 0.001331, 0.001544, 0.001238, 0.001512, 0.001357, 0.001510, 0.001296, 0.001509, 0.001387, 0.001723, 0.001210, 0.000973, 0.001970, 0.002035, 0.001944, 0.001947, 0.002167, 0.002053, 0.002210, 0.001883, 0.002256, 0.002337, 0.002226, 0.002286, 0.002091, 0.002380, 0.002246, 0.002340, 0.002301, 0.002373, 0.002355, 0.002208, 0.002299, 0.002129, 0.002479, 0.001294, 0.001390, 0.001616, 0.001519, 0.001337, 0.001519, 0.001395, 0.001305, 0.001365, 0.001428, 0.001459, 0.001521, 0.001339, 0.001400, 0.001372, 0.001374, 0.001282, 0.001372, 0.001402, 0.001370, 0.001367, 0.001426
4 , 1, 1, 1, 1, 1, 1, 1
4 , 0.027821, 0.031701, 0.035540, 0.037762, 0.033697, 0.031735, 0.030504
5 , 0.001944, 0.001947, 0.002167, 0.002053, 0.002210, 0.001883, 0.002256, 0.002337, 0.002226, 0.002286, 0.002091, 0.002380, 0.002246, 0.002340, 0.002301, 0.002373, 0.002355, 0.002208, 0.002299, 0.002129, 0.002479, 0.001294, 0.001390, 0.001616, 0.001519, 0.001337, 0.001519, 0.001395, 0.001305, 0.001365, 0.001428, 0.001459, 0.001521, 0.001339, 0.001400, 0.001372, 0.001374, 0.001282, 0.001372, 0.001402, 0.001370, 0.001367, 0.001426, 0.001393, 0.001574, 0.001360, 0.001600, 0.000176, 0.002114, 0.001699, 0.001980, 0.001866, 0.001827, 0.001676, 0.001758, 0.001808, 0.001630, 0.001760, 0.001432, 0.001656, 0.001612, 0.001696, 0.001717, 0.001634, 0.001828, 0.001756, 0.001940, 0.001880, 0.001957, 0.002151, 0.002167, 0.001891, 0.000750, 0.001450, 0.001360, 0.001129, 0.001196, 0.000955, 0.001208, 0.001031, 0.001101, 0.000917, 0.001104, 0.000920, 0.001077, 0.000893, 0.000919, 0.000938, 0.000995, 0.000897, 0.001047, 0.000949
5 , 1, 1, 1, 1, 1, 1, 1
5 , 0.023894, 0.027050, 0.030574, 0.031314, 0.034403, 0.031841, 0.030746
6 , 0.001980, 0.001866, 0.001827, 0.001676, 0.001758, 0.001808, 0.001630, 0.001760, 0.001432, 0.001656, 0.001612, 0.001696, 0.001717, 0.001634, 0.001828, 0.001756, 0.001940, 0.001880, 0.001957, 0.002151, 0.002167, 0.001891, 0.000750, 0.001450, 0.001360, 0.001129, 0.001196, 0.000955, 0.001208, 0.001031, 0.001101, 0.000917, 0.001104, 0.000920, 0.001077, 0.000893, 0.000919, 0.000938, 0.000995, 0.000897, 0.001047, 0.000949, 0.001178, 0.001117, 0.001467, 0.000241, 0.001795, 0.002194, 0.002213, 0.002051, 0.002005, 0.002203, 0.002051, 0.002231, 0.002030, 0.002108, 0.002023, 0.001932, 0.002056, 0.001754, 0.002060, 0.002015, 0.002217, 0.002084, 0.002093, 0.002339, 0.002189, 0.002229, 0.001975, 0.002323, 0.000440, 0.001613, 0.001498, 0.001378, 0.001104, 0.001169, 0.001291, 0.001320, 0.001110, 0.001265, 0.001141, 0.001324, 0.001172, 0.001144, 0.001142, 0.001266, 0.001078, 0.001169, 0.001074, 0.001136, 0.001135, 0.001313
6 , 1, 1, 1, 1, 1, 1, 1
6 , 0.028647, 0.032653, 0.037902, 0.035963, 0.033160, 0.031544, 0.029938
7 , 0.002213, 0.002051, 0.002005, 0.002203, 0.002051, 0.002231, 0.002030, 0.002108, 0.002023, 0.001932, 0.002056, 0.001754, 0.002060, 0.002015, 0.002217, 0.002084, 0.002093, 0.002339, 0.002189, 0.002229, 0.001975, 0.002323, 0.000440, 0.001613, 0.001498, 0.001378, 0.001104, 0.001169, 0.001291, 0.001320, 0.001110, 0.001265, 0.001141, 0.001324, 0.001172, 0.001144, 0.001142, 0.001266, 0.001078, 0.001169, 0.001074, 0.001136, 0.001135, 0.001313, 0.001158, 0.001220, 0.001153, 0.001194, 0.001246, 0.002272, 0.001916, 0.002099, 0.002086, 0.002233, 0.002101, 0.002162, 0.002421, 0.002190, 0.002302, 0.002129, 0.002286, 0.002319, 0.002292, 0.002418, 0.002129, 0.002269, 0.002226, 0.002319, 0.002281, 0.002324, 0.002294, 0.002373, 0.001190, 0.001300, 0.001434, 0.001519, 0.001369, 0.001366, 0.001398, 0.001430, 0.001244, 0.001429, 0.001183, 0.001305, 0.001273, 0.001425, 0.001454, 0.001454, 0.001208, 0.001423, 0.001147, 0.001454
7 , 1, 1, 1, 1, 1, 1, 1
7 , 0.026967, 0.032007, 0.035223, 0.038502, 0.038225, 0.037773, 0.035668
8 , 0.002272, 0.001916, 0.002099, 0.002086, 0.002233, 0.002101, 0.002162, 0.002421, 0.002190, 0.002302, 0.002129, 0.002286, 0.002319, 0.002292, 0.002418, 0.002129, 0.002269, 0.002226, 0.002319, 0.002281, 0.002324, 0.002294, 0.002373, 0.001190, 0.001300, 0.001434, 0.001519, 0.001369, 0.001366, 0.001398, 0.001430, 0.001244, 0.001429, 0.001183, 0.001305, 0.001273, 0.001425, 0.001454, 0.001454, 0.001208, 0.001423, 0.001147, 0.001454, 0.001301, 0.001515, 0.001152, 0.001543, 0.000236, 0.001814, 0.002106, 0.002058, 0.002172, 0.002063, 0.002259, 0.002221, 0.002286, 0.002251, 0.002215, 0.002367, 0.002192, 0.002366, 0.002248, 0.002585, 0.002607, 0.002461, 0.002411, 0.002273, 0.002546, 0.002430, 0.002344, 0.002331, 0.002151, 0.000292, 0.001568, 0.001466, 0.001502, 0.001373, 0.001403, 0.001280, 0.001372, 0.001307, 0.001370, 0.001368, 0.001337, 0.001215, 0.001400, 0.001278, 0.001280, 0.001159, 0.001343, 0.001069, 0.001222
8 , 1, 1, 1, 1, 1, 1, 1
8 , 0.026906, 0.030804, 0.035572, 0.039267, 0.044407, 0.040690, 0.039007
9 , 0.002058, 0.002172, 0.002063, 0.002259, 0.002221, 0.002286, 0.002251, 0.002215, 0.002367, 0.002192, 0.002366, 0.002248, 0.002585, 0.002607, 0.002461, 0.002411, 0.002273, 0.002546, 0.002430, 0.002344, 0.002331, 0.002151, 0.000292, 0.001568, 0.001466, 0.001502, 0.001373, 0.001403, 0.001280, 0.001372, 0.001307, 0.001370, 0.001368, 0.001337, 0.001215, 0.001400, 0.001278, 0.001280, 0.001159, 0.001343, 0.001069, 0.001222, 0.001163, 0.001138, 0.001107, 0.001237, 0.001256, 0.000466, 0.001865, 0.002429, 0.002099, 0.002363, 0.002609, 0.002365, 0.002420, 0.002423, 0.002549, 0.002394, 0.002535, 0.002383, 0.002389, 0.002524, 0.002433, 0.002599, 0.002317, 0.002379, 0.002471, 0.002324, 0.002294, 0.002274, 0.002399, 0.002447, 0.000313, 0.001707, 0.001399, 0.001579, 0.001486, 0.001364, 0.001332, 0.001302, 0.001239, 0.001362, 0.001392, 0.001422, 0.001362, 0.001333, 0.001333, 0.001425, 0.001363, 0.001364, 0.001393, 0.001365
9 , 1, 1, 1, 1, 1, 1, 1
9 , 0.033245, 0.038706, 0.042234, 0.045353, 0.046538, 0.043062, 0.041182
10 , 0.002099, 0.002363, 0.002609, 0.002365, 0.002420, 0.002423, 0.002549, 0.002394, 0.002535, 0.002383, 0.002389, 0.002524, 0.002433, 0.002599, 0.002317, 0.002379, 0.002471, 0.002324, 0.002294, 0.002274, 0.002399, 0.002447, 0.000313, 0.001707, 0.001399, 0.001579, 0.001486, 0.001364, 0.001332, 0.001302, 0.001239, 0.001362, 0.001392, 0.001422, 0.001362, 0.001333, 0.001333, 0.001425, 0.001363, 0.001364, 0.001393, 0.001365, 0.001304, 0.001335, 0.001305, 0.001284, 0.001158, 0.001914, 0.002160, 0.002040, 0.002101, 0.001969, 0.002223, 0.002221, 0.002223, 0.002150, 0.002109, 0.002398, 0.002084, 0.002335, 0.002200, 0.002241, 0.002345, 0.002183, 0.002340, 0.002243, 0.002279, 0.002378, 0.002357, 0.002354, 0.002185, 0.002432, 0.001472, 0.001305, 0.001724, 0.001625, 0.001291, 0.001413, 0.001289, 0.001317, 0.001164, 0.001440, 0.001163, 0.001348, 0.001192, 0.001193, 0.001317, 0.001413, 0.001288, 0.001351, 0.001014, 0.001229
10 , 1, 1, 1, 1, 1, 1, 1
10 , 0.031632, 0.036467, 0.040528, 0.043818, 0.042033, 0.040331, 0.037891
11 , 0.002040, 0.002101, 0.001969, 0.002223, 0.002221, 0.002223, 0.002150, 0.002109, 0.002398, 0.002084, 0.002335, 0.002200, 0.002241, 0.002345, 0.002183, 0.002340, 0.002243, 0.002279, 0.002378, 0.002357, 0.002354, 0.002185, 0.002432, 0.001472, 0.001305, 0.001724, 0.001625, 0.001291, 0.001413, 0.001289, 0.001317, 0.001164, 0.001440, 0.001163, 0.001348, 0.001192, 0.001193, 0.001317, 0.001413, 0.001288, 0.001351, 0.001014, 0.001229, 0.001350, 0.001379, 0.001160, 0.001282, 0.001313, 0.001343, 0.001251, 0.001343, 0.001189, 0.001343, 0.001280, 0.001432, 0.001154, 0.001342, 0.001281, 0.001497, 0.001219, 0.001433, 0.001341, 0.001404, 0.001221, 0.001434, 0.001339, 0.001494, 0.001341, 0.001406, 0.001190, 0.001316, 0.001164, 0.001408, 0.001105, 0.001266, 0.001113, 0.001332, 0.001087, 0.001273, 0.000999, 0.001309, 0.001188, 0.001219, 0.001035, 0.001313, 0.001186, 0.001374, 0.001189, 0.001219, 0.001181, 0.001396, 0.001209
11 , 1, 1, 1, 1, 1, 1, 1
11 , 0.016192, 0.018621, 0.020080, 0.021148, 0.022375, 0.022144, 0.021105
12 , 0.001343, 0.001189, 0.001343, 0.001280, 0.001432, 0.001154, 0.001342, 0.001281, 0.001497, 0.001219, 0.001433, 0.001341, 0.001404, 0.001221, 0.001434, 0.001339, 0.001494, 0.001341, 0.001406, 0.001190, 0.001316, 0.001164, 0.001408, 0.001105, 0.001266, 0.001113, 0.001332, 0.001087, 0.001273, 0.000999, 0.001309, 0.001188, 0.001219, 0.001035, 0.001313, 0.001186, 0.001374, 0.001189, 0.001219, 0.001181, 0.001396, 0.001209, 0.001298, 0.001203, 0.001387, 0.001255, 0.001497, 0.001460, 0.001610, 0.001392, 0.001484, 0.001451, 0.001542, 0.001297, 0.001572, 0.001327, 0.001571, 0.001357, 0.001510, 0.001449, 0.001603, 0.001481, 0.001543, 0.001360, 0.001546, 0.001393, 0.001395, 0.001273, 0.001550, 0.001304, 0.001458, 0.001241, 0.001456, 0.001364, 0.001396, 0.001242, 0.001427, 0.001274, 0.001428, 0.001245, 0.001307, 0.001400, 0.001399, 0.001245, 0.001400, 0.001397, 0.001581, 0.001400, 0.001461, 0.001367, 0.001460, 0.001341
12 , 1, 1, 1, 1, 1, 1, 1
12 , 0.004612, 0.004638, 0.004564, 0.004220, 0.003973, 0.003466, 0.003287
13 , 0.001460, 0.001610, 0.001392, 0.001484, 0.001451, 0.001542, 0.001297, 0.001572, 0.001327, 0.001571, 0.001357, 0.001510, 0.001449, 0.001603, 0.001481, 0.001543, 0.001360, 0.001546, 0.001393, 0.001395, 0.001273, 0.001550, 0.001304, 0.001458, 0.001241, 0.001456, 0.001364, 0.001396, 0.001242, 0.001427, 0.001274, 0.001428, 0.001245, 0.001307, 0.001400, 0.001399, 0.001245, 0.001400, 0.001397, 0.001581, 0.001400, 0.001461, 0.001367, 0.001460, 0.001341, 0.001282, 0.001218, 0.001311, 0.001341, 0.001432, 0.001372, 0.001462, 0.001433, 0.001403, 0.001403, 0.001250, 0.001309, 0.001276, 0.001304, 0.001211, 0.001394, 0.001363, 0.001392, 0.001330, 0.001301, 0.001421, 0.001390, 0.001420, 0.001542, 0.001572, 0.001571, 0.001327, 0.001633, 0.001541, 0.001602, 0.001479, 0.001572, 0.001420, 0.001513, 0.001422, 0.001454, 0.001365, 0.001490, 0.001305, 0.001460, 0.001308, 0.001404, 0.001253, 0.001380, 0.001104, 0.001319, 0.001261
13 , 2, 2, 2, 2, 2, 1, 1
13 , 0.004260, 0.003682, 0.003149, 0.002870, 0.002658, 0.002209, 0.002221
14 , 0.001218, 0.001311, 0.001341, 0.001432, 0.001372, 0.001462, 0.001433, 0.001403, 0.001403, 0.001250, 0.001309, 0.001276, 0.001304, 0.001211, 0.001394, 0.001363, 0.001392, 0.001330, 0.001301, 0.001421, 0.001390, 0.001420, 0.001542, 0.001572, 0.001571, 0.001327, 0.001633, 0.001541, 0.001602, 0.001479, 0.001572, 0.001420, 0.001513, 0.001422, 0.001454, 0.001365, 0.001490, 0.001305, 0.001460, 0.001308, 0.001404, 0.001253, 0.001380, 0.001104, 0.001319, 0.001261, 0.001293, 0.001231, 0.001296, 0.001173, 0.001420, 0.001235, 0.001332, 0.001117, 0.001241, 0.001180, 0.001272, 0.001148, 0.001300, 0.001110, 0.001357, 0.001203, 0.001444, 0.001346, 0.001497, 0.001280, 0.001494, 0.001461, 0.001552, 0.001428, 0.001522, 0.001337, 0.001490, 0.001459, 0.001462, 0.001248, 0.001493, 0.001368, 0.001493, 0.001370, 0.001463, 0.001400, 0.001433, 0.001430, 0.001583, 0.001431, 0.001432, 0.001371, 0.001373, 0.001343, 0.001436, 0.001373
14 , 0, 0, 0, 0, 0, 0, 2
14 , 0.005487, 0.004983, 0.004647, 0.004004, 0.003299, 0.002389, 0.001445
15 , 0.001293, 0.001231, 0.001296, 0.001173, 0.001420, 0.001235, 0.001332, 0.001117, 0.001241, 0.001180, 0.001272, 0.001148, 0.001300, 0.001110, 0.001357, 0.001203, 0.001444, 0.001346, 0.001497, 0.001280, 0.001494, 0.001461, 0.001552, 0.001428, 0.001522, 0.001337, 0.001490, 0.001459, 0.001462, 0.001248, 0.001493, 0.001368, 0.001493, 0.001370, 0.001463, 0.001400, 0.001433, 0.001430, 0.001583, 0.001431, 0.001432, 0.001371, 0.001373, 0.001343, 0.001436, 0.001373, 0.001373, 0.001311, 0.001282, 0.001373, 0.001403, 0.001373, 0.001465, 0.001402, 0.001430, 0.001460, 0.001522, 0.001554, 0.001400, 0.001464, 0.001431, 0.001402, 0.001463, 0.001491, 0.001339, 0.001401, 0.001429, 0.001641, 0.001549, 0.001518, 0.001425, 0.001517, 0.001333, 0.001427, 0.001338, 0.001462, 0.001461, 0.001586, 0.001345, 0.001472, 0.001290, 0.001326, 0.001267, 0.001274, 0.001181, 0.001306, 0.001152, 0.001248, 0.001213, 0.001485, 0.001148, 0.001390
15 , 3, 3, 3, 3, 3, 3, 3
15 , 0.005129, 0.005286, 0.005505, 0.005303, 0.005234, 0.004828, 0.004613
16 , 0.001282, 0.001373, 0.001403, 0.001373, 0.001465, 0.001402, 0.001430, 0.001460, 0.001522, 0.001554, 0.001400, 0.001464, 0.001431, 0.001402, 0.001463, 0.001491, 0.001339, 0.001401, 0.001429, 0.001641, 0.001549, 0.001518, 0.001425, 0.001517, 0.001333, 0.001427, 0.001338, 0.001462, 0.001461, 0.001586, 0.001345, 0.001472, 0.001290, 0.001326, 0.001267, 0.001274, 0.001181, 0.001306, 0.001152, 0.001248, 0.001213, 0.001485, 0.001148, 0.001390, 0.001293, 0.001447, 0.001320, 0.001445, 0.001288, 0.001443, 0.001228, 0.001501, 0.001349, 0.001503, 0.001318, 0.001477, 0.001350, 0.001593, 0.001437, 0.001497, 0.001402, 0.001462, 0.001365, 0.001516, 0.001394, 0.001548, 0.001578, 0.001488, 0.001458, 0.001549, 0.001364, 0.001610, 0.001518, 0.001642, 0.001581, 0.001428, 0.001305, 0.001580, 0.001579, 0.001548, 0.001520, 0.001582, 0.001520, 0.001581, 0.001519, 0.001460, 0.001490, 0.001461, 0.001401, 0.001433, 0.001342, 0.001431
16 , 2, 2, 2, 2, 2, 2, 2
16 , 0.002816, 0.003243, 0.003213, 0.003641, 0.003420, 0.003570, 0.003041
