0 , 0.001179, 0.001079, 0.001160, 0.001120, 0.001088, 0.001225, 0.001082, 0.001308, 0.001238, 0.001359, 0.001272, 0.001566, 0.001290, 0.001467, 0.001299, 0.001445, 0.001225, 0.001436, 0.001351, 0.001458, 0.001268, 0.001467, 0.001247, 0.001549, 0.001359, 0.001536, 0.001342, 0.001445, 0.001303, 0.001389, 0.001178, 0.001540, 0.001208, 0.001536, 0.001307, 0.001389, 0.001286, 0.001436, 0.001255, 0.001423, 0.001381, 0.001497, 0.001420, 0.000628, 0.000653, 0.001046, 0.001014, 0.000914, 0.001241, 0.001224, 0.001241, 0.001085, 0.001198, 0.001363, 0.001297, 0.001456, 0.001281, 0.001330, 0.001446, 0.001417, 0.001368, 0.001083, 0.001395, 0.001491, 0.001414, 0.001494, 0.001239, 0.001514, 0.001378, 0.001778, 0.000243, 0.001303, 0.001402, 0.001562, 0.001385, 0.001398, 0.001346, 0.001229, 0.001259, 0.001294, 0.001199, 0.001277, 0.001252, 0.001364, 0.001221, 0.001227, 0.001097, 0.001215, 0.001142, 0.001223, 0.000881, 0.001164
0 , 0, 3, 3, 3, 1, 1, 1
0 , 0.002155, 0.001937, 0.003328, 0.000806, 0.001692, 0.003012, 0.004523
1 , 0.001198, 0.001363, 0.001297, 0.001456, 0.001281, 0.001330, 0.001446, 0.001417, 0.001368, 0.001083, 0.001395, 0.001491, 0.001414, 0.001494, 0.001239, 0.001514, 0.001378, 0.001778, 0.000243, 0.001303, 0.001402, 0.001562, 0.001385, 0.001398, 0.001346, 0.001229, 0.001259, 0.001294, 0.001199, 0.001277, 0.001252, 0.001364, 0.001221, 0.001227, 0.001097, 0.001215, 0.001142, 0.001223, 0.000881, 0.001164, 0.000865, 0.001021, 0.000723, 0.001414, 0.001407, 0.001564, 0.001423, 0.001643, 0.001457, 0.001643, 0.001590, 0.001545, 0.001602, 0.001476, 0.001723, 0.001544, 0.001565, 0.001526, 0.001427, 0.001633, 0.001381, 0.001421, 0.001146, 0.001358, 0.001372, 0.001380, 0.000987, 0.001560, 0.001660, 0.001781, 0.001616, 0.001719, 0.001588, 0.001694, 0.001523, 0.001664, 0.001438, 0.001686, 0.001336, 0.001550, 0.001308, 0.001610, 0.001355, 0.001545, 0.001329, 0.001462, 0.001281, 0.001367, 0.001208, 0.001518, 0.000233, 0.001233
1 , 2, 2, 1, 1, 1, 1, 1
1 , 0.002767, 0.002346, 0.004054, 0.005244, 0.005815, 0.006132, 0.006397
2 , 0.001602, 0.001476, 0.001723, 0.001544, 0.001565, 0.001526, 0.001427, 0.001633, 0.001381, 0.001421, 0.001146, 0.001358, 0.001372, 0.001380, 0.000987, 0.001560, 0.001660, 0.001781, 0.001616, 0.001719, 0.001588, 0.001694, 0.001523, 0.001664, 0.001438, 0.001686, 0.001336, 0.001550, 0.001308, 0.001610, 0.001355, 0.001545, 0.001329, 0.001462, 0.001281, 0.001367, 0.001208, 0.001518, 0.000233, 0.001233, 0.001152, 0.001375, 0.001233, 0.001428, 0.001430, 0.001373, 0.001741, 0.001560, 0.001641, 0.001448, 0.001616, 0.001583, 0.001487, 0.001549, 0.001258, 0.001454, 0.001474, 0.001391, 0.001471, 0.001278, 0.001556, 0.001482, 0.001556, 0.001410, 0.001647, 0.000098, 0.001455, 0.001346, 0.001513, 0.001218, 0.001209, 0.001224, 0.001400, 0.001284, 0.001258, 0.001305, 0.001166, 0.001326, 0.001205, 0.001300, 0.001337, 0.001406, 0.001316, 0.001600, 0.001337, 0.001540, 0.001164, 0.001615, 0.000750, 0.000627, 0.001099, 0.001050
2 , 1, 1, 1, 1, 1, 1, 1
2 , 0.004928, 0.006260, 0.006436, 0.006165, 0.005889, 0.006191, 0.005709
3 , 0.001641, 0.001448, 0.001616, 0.001583, 0.001487, 0.001549, 0.001258, 0.001454, 0.001474, 0.001391, 0.001471, 0.001278, 0.001556, 0.001482, 0.001556, 0.001410, 0.001647, 0.000098, 0.001455, 0.001346, 0.001513, 0.001218, 0.001209, 0.001224, 0.001400, 0.001284, 0.001258, 0.001305, 0.001166, 0.001326, 0.001205, 0.001300, 0.001337, 0.001406, 0.001316, 0.001600, 0.001337, 0.001540, 0.001164, 0.001615, 0.000750, 0.000627, 0.001099, 0.001050, 0.001046, 0.001070, 0.001307, 0.001303, 0.001114, 0.001054, 0.001098, 0.001352, 0.001356, 0.001435, 0.001301, 0.001231, 0.001455, 0.001224, 0.001286, 0.001148, 0.001243, 0.001431, 0.001207, 0.001284, 0.001105, 0.001280, 0.001263, 0.001190, 0.001203, 0.001128, 0.001397, 0.001184, 0.001271, 0.001341, 0.001136, 0.001377, 0.001421, 0.001431, 0.001428, 0.001282, 0.001468, 0.001451, 0.001497, 0.001443, 0.001565, 0.001567, 0.001510, 0.001469, 0.001583, 0.000946, 0.001337, 0.001732
3 , 2, 2, 2, 2, 2, 2, 2
3 , 0.007258, 0.007117, 0.007481, 0.007294, 0.007065, 0.006924, 0.006529
4 , 0.001114, 0.001054, 0.001098, 0.001352, 0.001356, 0.001435, 0.001301, 0.001231, 0.001455, 0.001224, 0.001286, 0.001148, 0.001243, 0.001431, 0.001207, 0.001284, 0.001105, 0.001280, 0.001263, 0.001190, 0.001203, 0.001128, 0.001397, 0.001184, 0.001271, 0.001341, 0.001136, 0.001377, 0.001421, 0.001431, 0.001428, 0.001282, 0.001468, 0.001451, 0.001497, 0.001443, 0.001565, 0.001567, 0.001510, 0.001469, 0.001583, 0.000946, 0.001337, 0.001732, 0.001362, 0.001402, 0.001102, 0.001276, 0.001072, 0.001100, 0.001016, 0.001165, 0.000824, 0.001184, 0.000961, 0.001080, 0.000938, 0.001169, 0.000945, 0.001164, 0.001053, 0.001129, 0.000980, 0.001096, 0.001093, 0.001156, 0.001051, 0.001246, 0.000891, 0.001042, 0.001007, 0.001065, 0.001076, 0.001144, 0.001067, 0.001171, 0.001074, 0.001190, 0.001192, 0.001114, 0.001227, 0.001262, 0.001139, 0.001028, 0.001114, 0.000963, 0.001114, 0.000993, 0.001185, 0.001002, 0.001295, 0.000289
4 , 0, 0, 0, 0, 0, 0, 0
4 , 0.003304, 0.003938, 0.004853, 0.004380, 0.004401, 0.004671, 0.004645
5 , 0.001072, 0.001100, 0.001016, 0.001165, 0.000824, 0.001184, 0.000961, 0.001080, 0.000938, 0.001169, 0.000945, 0.001164, 0.001053, 0.001129, 0.000980, 0.001096, 0.001093, 0.001156, 0.001051, 0.001246, 0.000891, 0.001042, 0.001007, 0.001065, 0.001076, 0.001144, 0.001067, 0.001171, 0.001074, 0.001190, 0.001192, 0.001114, 0.001227, 0.001262, 0.001139, 0.001028, 0.001114, 0.000963, 0.001114, 0.000993, 0.001185, 0.001002, 0.001295, 0.000289, 0.001279, 0.001592, 0.001504, 0.001627, 0.001615, 0.001657, 0.001715, 0.001641, 0.001660, 0.001377, 0.001611, 0.001695, 0.001627, 0.001627, 0.001540, 0.001744, 0.001654, 0.001696, 0.001670, 0.001501, 0.001668, 0.001622, 0.001634, 0.001579, 0.001522, 0.001741, 0.001723, 0.001609, 0.001542, 0.001561, 0.001668, 0.001565, 0.001635, 0.001417, 0.001471, 0.001477, 0.001348, 0.001517, 0.001212, 0.001328, 0.001348, 0.001299, 0.001352, 0.001285, 0.001497, 0.001596, 0.001464, 0.001432
5 , 1, 1, 3, 3, 3, 3, 3
5 , 0.004483, 0.004464, 0.004177, 0.005384, 0.006276, 0.006382, 0.008135
6 , 0.001660, 0.001377, 0.001611, 0.001695, 0.001627, 0.001627, 0.001540, 0.001744, 0.001654, 0.001696, 0.001670, 0.001501, 0.001668, 0.001622, 0.001634, 0.001579, 0.001522, 0.001741, 0.001723, 0.001609, 0.001542, 0.001561, 0.001668, 0.001565, 0.001635, 0.001417, 0.001471, 0.001477, 0.001348, 0.001517, 0.001212, 0.001328, 0.001348, 0.001299, 0.001352, 0.001285, 0.001497, 0.001596, 0.001464, 0.001432, 0.001383, 0.001950, 0.000231, 0.001505, 0.001430, 0.001284, 0.001191, 0.001272, 0.001118, 0.001227, 0.000933, 0.001086, 0.000988, 0.001183, 0.001069, 0.001139, 0.001000, 0.001144, 0.001074, 0.001132, 0.001067, 0.001181, 0.001155, 0.001049, 0.001039, 0.001060, 0.001181, 0.001081, 0.001055, 0.001114, 0.001042, 0.001004, 0.001141, 0.001051, 0.001292, 0.001088, 0.001265, 0.001082, 0.001302, 0.001103, 0.001302, 0.001253, 0.001586, 0.001153, 0.001253, 0.001188, 0.001429, 0.001204, 0.001446, 0.001057, 0.001368, 0.001256
6 , 2, 2, 2, 2, 2, 2, 2
6 , 0.006538, 0.007044, 0.007555, 0.008208, 0.009273, 0.009860, 0.010816
7 , 0.000988, 0.001183, 0.001069, 0.001139, 0.001000, 0.001144, 0.001074, 0.001132, 0.001067, 0.001181, 0.001155, 0.001049, 0.001039, 0.001060, 0.001181, 0.001081, 0.001055, 0.001114, 0.001042, 0.001004, 0.001141, 0.001051, 0.001292, 0.001088, 0.001265, 0.001082, 0.001302, 0.001103, 0.001302, 0.001253, 0.001586, 0.001153, 0.001253, 0.001188, 0.001429, 0.001204, 0.001446, 0.001057, 0.001368, 0.001256, 0.001399, 0.001118, 0.001398, 0.001208, 0.001350, 0.001277, 0.001441, 0.001290, 0.001355, 0.001109, 0.001330, 0.001273, 0.001257, 0.001215, 0.001279, 0.001249, 0.001293, 0.001163, 0.001254, 0.001215, 0.001266, 0.001279, 0.001197, 0.001266, 0.001210, 0.001275, 0.001206, 0.001291, 0.001161, 0.001248, 0.001135, 0.001217, 0.001160, 0.001377, 0.001213, 0.001450, 0.001238, 0.001471, 0.001272, 0.001480, 0.001259, 0.001363, 0.001091, 0.001398, 0.001216, 0.001462, 0.001165, 0.001449, 0.001190, 0.001484, 0.001281, 0.001449
7 , 0, 0, 0, 0, 0, 0, 0
7 , 0.003623, 0.004705, 0.004693, 0.005739, 0.005626, 0.006411, 0.005835
8 , 0.001273, 0.001257, 0.001215, 0.001279, 0.001249, 0.001293, 0.001163, 0.001254, 0.001215, 0.001266, 0.001279, 0.001197, 0.001266, 0.001210, 0.001275, 0.001206, 0.001291, 0.001161, 0.001248, 0.001135, 0.001217, 0.001160, 0.001377, 0.001213, 0.001450, 0.001238, 0.001471, 0.001272, 0.001480, 0.001259, 0.001363, 0.001091, 0.001398, 0.001216, 0.001462, 0.001165, 0.001449, 0.001190, 0.001484, 0.001281, 0.001449, 0.001337, 0.001389, 0.001420, 0.001425, 0.001157, 0.001461, 0.001171, 0.001242, 0.001177, 0.001276, 0.001151, 0.001204, 0.001035, 0.001278, 0.001179, 0.001132, 0.001088, 0.001153, 0.001260, 0.001204, 0.001114, 0.001325, 0.001302, 0.001207, 0.001233, 0.001248, 0.001351, 0.001368, 0.001338, 0.001234, 0.001372, 0.001324, 0.001424, 0.001346, 0.001424, 0.001333, 0.001398, 0.001239, 0.001421, 0.001240, 0.001263, 0.001147, 0.001290, 0.001035, 0.001295, 0.001169, 0.001225, 0.001086, 0.001332, 0.001133, 0.001298
8 , 0, 0, 0, 0, 0, 0, 0
8 , 0.003177, 0.003707, 0.003154, 0.003914, 0.003220, 0.003145, 0.002126
9 , 0.001177, 0.001276, 0.001151, 0.001204, 0.001035, 0.001278, 0.001179, 0.001132, 0.001088, 0.001153, 0.001260, 0.001204, 0.001114, 0.001325, 0.001302, 0.001207, 0.001233, 0.001248, 0.001351, 0.001368, 0.001338, 0.001234, 0.001372, 0.001324, 0.001424, 0.001346, 0.001424, 0.001333, 0.001398, 0.001239, 0.001421, 0.001240, 0.001263, 0.001147, 0.001290, 0.001035, 0.001295, 0.001169, 0.001225, 0.001086, 0.001332, 0.001133, 0.001298, 0.001189, 0.001258, 0.001159, 0.001397, 0.001233, 0.001367, 0.001077, 0.001376, 0.001059, 0.001319, 0.001175, 0.001332, 0.001181, 0.001411, 0.001052, 0.001299, 0.001169, 0.001265, 0.000998, 0.001306, 0.001130, 0.001251, 0.001190, 0.001271, 0.001151, 0.001260, 0.001074, 0.001132, 0.000928, 0.001248, 0.001190, 0.001239, 0.001146, 0.001206, 0.001118, 0.001174, 0.001158, 0.001206, 0.001164, 0.001234, 0.001260, 0.001102, 0.001213, 0.001158, 0.001139, 0.001176, 0.001206, 0.001262, 0.001232
9 , 3, 3, 3, 3, 3, 3, 3
9 , 0.002697, 0.002735, 0.002116, 0.001923, 0.001096, 0.001049, 0.000566
10 , 0.001233, 0.001367, 0.001077, 0.001376, 0.001059, 0.001319, 0.001175, 0.001332, 0.001181, 0.001411, 0.001052, 0.001299, 0.001169, 0.001265, 0.000998, 0.001306, 0.001130, 0.001251, 0.001190, 0.001271, 0.001151, 0.001260, 0.001074, 0.001132, 0.000928, 0.001248, 0.001190, 0.001239, 0.001146, 0.001206, 0.001118, 0.001174, 0.001158, 0.001206, 0.001164, 0.001234, 0.001260, 0.001102, 0.001213, 0.001158, 0.001139, 0.001176, 0.001206, 0.001262, 0.001232, 0.001116, 0.001171, 0.001167, 0.001190, 0.001090, 0.001253, 0.001151, 0.001234, 0.001160, 0.001142, 0.001236, 0.001361, 0.001219, 0.001224, 0.001159, 0.001504, 0.001116, 0.001221, 0.001219, 0.001302, 0.001141, 0.001390, 0.001196, 0.001386, 0.001273, 0.001515, 0.001208, 0.001540, 0.001316, 0.001600, 0.001324, 0.001553, 0.001393, 0.001467, 0.001411, 0.001467, 0.001273, 0.001519, 0.001268, 0.001523, 0.001380, 0.001605, 0.001234, 0.001449, 0.001285, 0.001424, 0.001311
10 , 2, 2, 2, 2, 2, 2, 2
10 , 0.005652, 0.005450, 0.005470, 0.004874, 0.004763, 0.003780, 0.003383
11 , 0.001171, 0.001167, 0.001190, 0.001090, 0.001253, 0.001151, 0.001234, 0.001160, 0.001142, 0.001236, 0.001361, 0.001219, 0.001224, 0.001159, 0.001504, 0.001116, 0.001221, 0.001219, 0.001302, 0.001141, 0.001390, 0.001196, 0.001386, 0.001273, 0.001515, 0.001208, 0.001540, 0.001316, 0.001600, 0.001324, 0.001553, 0.001393, 0.001467, 0.001411, 0.001467, 0.001273, 0.001519, 0.001268, 0.001523, 0.001380, 0.001605, 0.001234, 0.001449, 0.001285, 0.001424, 0.001311, 0.001389, 0.001199, 0.001456, 0.001245, 0.001415, 0.001044, 0.001322, 0.001144, 0.001188, 0.000988, 0.001112, 0.000986, 0.001086, 0.000970, 0.001138, 0.000867, 0.001122, 0.000972, 0.001007, 0.000888, 0.001159, 0.000984, 0.001184, 0.001080, 0.001110, 0.000975, 0.001126, 0.001093, 0.001297, 0.001218, 0.001179, 0.001188, 0.001186, 0.001168, 0.001263, 0.001348, 0.001303, 0.001364, 0.001294, 0.001208, 0.001303, 0.001424, 0.001454, 0.001347, 0.001303, 0.001291
11 , 0, 0, 0, 0, 0, 0, 0
11 , 0.006330, 0.007135, 0.007354, 0.007928, 0.008059, 0.008618, 0.008330
12 , 0.001044, 0.001322, 0.001144, 0.001188, 0.000988, 0.001112, 0.000986, 0.001086, 0.000970, 0.001138, 0.000867, 0.001122, 0.000972, 0.001007, 0.000888, 0.001159, 0.000984, 0.001184, 0.001080, 0.001110, 0.000975, 0.001126, 0.001093, 0.001297, 0.001218, 0.001179, 0.001188, 0.001186, 0.001168, 0.001263, 0.001348, 0.001303, 0.001364, 0.001294, 0.001208, 0.001303, 0.001424, 0.001454, 0.001347, 0.001303, 0.001291, 0.001282, 0.001277, 0.001247, 0.001441, 0.001355, 0.001347, 0.001364, 0.001398, 0.001320, 0.001484, 0.001226, 0.001330, 0.001282, 0.001394, 0.001290, 0.001462, 0.001376, 0.001510, 0.001329, 0.001471, 0.001359, 0.001476, 0.001321, 0.001391, 0.001245, 0.001316, 0.001144, 0.001343, 0.001223, 0.001306, 0.001195, 0.001242, 0.001086, 0.001281, 0.001021, 0.001035, 0.001031, 0.001235, 0.000854, 0.001184, 0.000964, 0.001173, 0.000934, 0.001102, 0.000948, 0.001093, 0.000897, 0.001143, 0.001145, 0.001310, 0.001075
12 , 3, 3, 3, 3, 3, 3, 3
12 , 0.008969, 0.009747, 0.010178, 0.010879, 0.010936, 0.011197, 0.010724
13 , 0.001226, 0.001330, 0.001282, 0.001394, 0.001290, 0.001462, 0.001376, 0.001510, 0.001329, 0.001471, 0.001359, 0.001476, 0.001321, 0.001391, 0.001245, 0.001316, 0.001144, 0.001343, 0.001223, 0.001306, 0.001195, 0.001242, 0.001086, 0.001281, 0.001021, 0.001035, 0.001031, 0.001235, 0.000854, 0.001184, 0.000964, 0.001173, 0.000934, 0.001102, 0.000948, 0.001093, 0.000897, 0.001143, 0.001145, 0.001310, 0.001075, 0.001191, 0.000951, 0.001353, 0.001164, 0.001239, 0.000953, 0.001213, 0.001095, 0.001313, 0.001109, 0.001190, 0.001011, 0.001236, 0.001167, 0.001341, 0.001209, 0.001399, 0.001246, 0.001346, 0.001221, 0.001290, 0.001174, 0.001204, 0.001002, 0.001348, 0.001188, 0.001276, 0.001218, 0.001274, 0.001183, 0.001327, 0.001162, 0.001369, 0.001177, 0.001323, 0.001233, 0.001274, 0.001218, 0.001378, 0.001339, 0.001311, 0.001212, 0.001281, 0.001221, 0.001316, 0.001350, 0.001221, 0.001311, 0.001200, 0.001200, 0.001058
13 , 2, 2, 2, 2, 2, 2, 2
13 , 0.007055, 0.007033, 0.006754, 0.006445, 0.005865, 0.005947, 0.005239
14 , 0.000953, 0.001213, 0.001095, 0.001313, 0.001109, 0.001190, 0.001011, 0.001236, 0.001167, 0.001341, 0.001209, 0.001399, 0.001246, 0.001346, 0.001221, 0.001290, 0.001174, 0.001204, 0.001002, 0.001348, 0.001188, 0.001276, 0.001218, 0.001274, 0.001183, 0.001327, 0.001162, 0.001369, 0.001177, 0.001323, 0.001233, 0.001274, 0.001218, 0.001378, 0.001339, 0.001311, 0.001212, 0.001281, 0.001221, 0.001316, 0.001350, 0.001221, 0.001311, 0.001200, 0.001200, 0.001058, 0.001127, 0.001174, 0.001269, 0.001248, 0.001202, 0.001244, 0.001322, 0.001183, 0.001218, 0.001156, 0.001269, 0.001200, 0.001102, 0.001209, 0.001406, 0.001190, 0.001348, 0.001253, 0.001290, 0.001133, 0.001427, 0.001082, 0.001233, 0.001279, 0.001362, 0.001095, 0.001127, 0.001097, 0.001285, 0.001016, 0.001175, 0.000938, 0.001101, 0.000915, 0.000985, 0.000799, 0.000974, 0.000759, 0.000939, 0.000819, 0.001065, 0.000889, 0.001035, 0.000844, 0.000984, 0.000889
14 , 3, 3, 3, 3, 3, 3, 3
14 , 0.005612, 0.005890, 0.006254, 0.006777, 0.006365, 0.006517, 0.006436
15 , 0.001248, 0.001202, 0.001244, 0.001322, 0.001183, 0.001218, 0.001156, 0.001269, 0.001200, 0.001102, 0.001209, 0.001406, 0.001190, 0.001348, 0.001253, 0.001290, 0.001133, 0.001427, 0.001082, 0.001233, 0.001279, 0.001362, 0.001095, 0.001127, 0.001097, 0.001285, 0.001016, 0.001175, 0.000938, 0.001101, 0.000915, 0.000985, 0.000799, 0.000974, 0.000759, 0.000939, 0.000819, 0.001065, 0.000889, 0.001035, 0.000844, 0.000984, 0.000889, 0.001120, 0.000769, 0.001004, 0.000839, 0.000995, 0.000885, 0.001107, 0.000945, 0.001179, 0.001067, 0.001271, 0.001082, 0.001414, 0.001244, 0.001442, 0.001217, 0.001235, 0.001062, 0.001476, 0.001260, 0.001501, 0.001402, 0.001420, 0.001303, 0.001480, 0.001216, 0.001454, 0.001286, 0.001403, 0.001257, 0.001365, 0.001343, 0.001417, 0.001141, 0.001284, 0.001261, 0.001421, 0.001317, 0.001391, 0.001296, 0.001301, 0.001163, 0.001288, 0.001206, 0.001254, 0.001198, 0.001275, 0.001266, 0.001279
15 , 2, 2, 2, 2, 2, 1, 1
15 , 0.007111, 0.007291, 0.007033, 0.007196, 0.006676, 0.006641, 0.006948
16 , 0.000995, 0.000885, 0.001107, 0.000945, 0.001179, 0.001067, 0.001271, 0.001082, 0.001414, 0.001244, 0.001442, 0.001217, 0.001235, 0.001062, 0.001476, 0.001260, 0.001501, 0.001402, 0.001420, 0.001303, 0.001480, 0.001216, 0.001454, 0.001286, 0.001403, 0.001257, 0.001365, 0.001343, 0.001417, 0.001141, 0.001284, 0.001261, 0.001421, 0.001317, 0.001391, 0.001296, 0.001301, 0.001163, 0.001288, 0.001206, 0.001254, 0.001198, 0.001275, 0.001266, 0.001279, 0.001344, 0.001276, 0.001160, 0.001242, 0.001249, 0.001361, 0.001331, 0.001292, 0.001305, 0.001369, 0.001278, 0.001296, 0.001317, 0.001279, 0.001335, 0.001382, 0.001379, 0.001249, 0.001310, 0.001258, 0.001444, 0.001288, 0.001349, 0.001145, 0.001270, 0.001192, 0.001391, 0.001292, 0.001335, 0.001183, 0.001239, 0.001248, 0.001396, 0.001206, 0.001284, 0.001138, 0.001286, 0.001109, 0.001341, 0.001018, 0.001167, 0.001000, 0.001270, 0.001000, 0.001216, 0.001061, 0.001189
16 , 3, 3, 3, 3, 3, 3, 1
16 , 0.005174, 0.004412, 0.003937, 0.003539, 0.003412, 0.003094, 0.003310
