0 , 0.001123, 0.001353, 0.001121, 0.001246, 0.001112, 0.001232, 0.001118, 0.001153, 0.000958, 0.001144, 0.000984, 0.001223, 0.000893, 0.001107, 0.000961, 0.001114, 0.000819, 0.001056, 0.001012, 0.001237, 0.000880, 0.001047, 0.001010, 0.000996, 0.000678, 0.000894, 0.001353, 0.001483, 0.001549, 0.001450, 0.001374, 0.001647, 0.001544, 0.001766, 0.001452, 0.001507, 0.001743, 0.001575, 0.001694, 0.001481, 0.001649, 0.001864, 0.001593, 0.001689, 0.001588, 0.001722, 0.001876, 0.001633, 0.002024, 0.001224, 0.000694, 0.001252, 0.001059, 0.001027, 0.000923, 0.001158, 0.000988, 0.001192, 0.001024, 0.001008, 0.000883, 0.001092, 0.000972, 0.001032, 0.001027, 0.000966, 0.000945, 0.000874, 0.000743, 0.000863, 0.000949, 0.000783, 0.001004, 0.000689, 0.001406, 0.001578, 0.001521, 0.001674, 0.001445, 0.001731, 0.001699, 0.001544, 0.001579, 0.001387, 0.001776, 0.001678, 0.001738, 0.001642, 0.001434, 0.001823, 0.001535, 0.001580
0 , 0, 0, 0, 0, 0, 0, 0
0 , 0.011511, 0.014061, 0.017326, 0.018977, 0.021383, 0.024376, 0.026988
1 , 0.001059, 0.001027, 0.000923, 0.001158, 0.000988, 0.001192, 0.001024, 0.001008, 0.000883, 0.001092, 0.000972, 0.001032, 0.001027, 0.000966, 0.000945, 0.000874, 0.000743, 0.000863, 0.000949, 0.000783, 0.001004, 0.000689, 0.001406, 0.001578, 0.001521, 0.001674, 0.001445, 0.001731, 0.001699, 0.001544, 0.001579, 0.001387, 0.001776, 0.001678, 0.001738, 0.001642, 0.001434, 0.001823, 0.001535, 0.001580, 0.001603, 0.001592, 0.001777, 0.001518, 0.001596, 0.001516, 0.000362, 0.001276, 0.001397, 0.001269, 0.001260, 0.001156, 0.001152, 0.001156, 0.001307, 0.001207, 0.001411, 0.001147, 0.001290, 0.001082, 0.001277, 0.001085, 0.001435, 0.001150, 0.001280, 0.001179, 0.001399, 0.001114, 0.001330, 0.000982, 0.001374, 0.000187, 0.001149, 0.001288, 0.001548, 0.001534, 0.001624, 0.001425, 0.001692, 0.001695, 0.001853, 0.001550, 0.001758, 0.002002, 0.001855, 0.001950, 0.001648, 0.001841, 0.002033, 0.001863, 0.001936, 0.001774
1 , 0, 0, 0, 0, 0, 0, 0
1 , 0.018652, 0.020704, 0.022393, 0.022017, 0.024252, 0.024623, 0.024264
2 , 0.001156, 0.001152, 0.001156, 0.001307, 0.001207, 0.001411, 0.001147, 0.001290, 0.001082, 0.001277, 0.001085, 0.001435, 0.001150, 0.001280, 0.001179, 0.001399, 0.001114, 0.001330, 0.000982, 0.001374, 0.000187, 0.001149, 0.001288, 0.001548, 0.001534, 0.001624, 0.001425, 0.001692, 0.001695, 0.001853, 0.001550, 0.001758, 0.002002, 0.001855, 0.001950, 0.001648, 0.001841, 0.002033, 0.001863, 0.001936, 0.001774, 0.001811, 0.002001, 0.001798, 0.002232, 0.000459, 0.000879, 0.001120, 0.001076, 0.001177, 0.000907, 0.001148, 0.000905, 0.001026, 0.000970, 0.001250, 0.001077, 0.001276, 0.001114, 0.001212, 0.001037, 0.001170, 0.001218, 0.001342, 0.001234, 0.001338, 0.001342, 0.001550, 0.001289, 0.000591, 0.000991, 0.001188, 0.000901, 0.001202, 0.001097, 0.001299, 0.001448, 0.001269, 0.001401, 0.001363, 0.001624, 0.001645, 0.001624, 0.001568, 0.001483, 0.001838, 0.001788, 0.001715, 0.001692, 0.001684, 0.001852, 0.001553
2 , 0, 0, 0, 0, 0, 0, 0
2 , 0.015076, 0.017296, 0.019778, 0.020069, 0.020478, 0.019828, 0.018819
3 , 0.000907, 0.001148, 0.000905, 0.001026, 0.000970, 0.001250, 0.001077, 0.001276, 0.001114, 0.001212, 0.001037, 0.001170, 0.001218, 0.001342, 0.001234, 0.001338, 0.001342, 0.001550, 0.001289, 0.000591, 0.000991, 0.001188, 0.000901, 0.001202, 0.001097, 0.001299, 0.001448, 0.001269, 0.001401, 0.001363, 0.001624, 0.001645, 0.001624, 0.001568, 0.001483, 0.001838, 0.001788, 0.001715, 0.001692, 0.001684, 0.001852, 0.001553, 0.001966, 0.000945, 0.000954, 0.001344, 0.001454, 0.001519, 0.001472, 0.001459, 0.001273, 0.001325, 0.001252, 0.001299, 0.001317, 0.001153, 0.001283, 0.001166, 0.001313, 0.001193, 0.001401, 0.001180, 0.001212, 0.001063, 0.001246, 0.000974, 0.001285, 0.000912, 0.001369, 0.000356, 0.001240, 0.001340, 0.001354, 0.001326, 0.001432, 0.001203, 0.001498, 0.001471, 0.001606, 0.001580, 0.001554, 0.001804, 0.001687, 0.001740, 0.001658, 0.001733, 0.001740, 0.001577, 0.001705, 0.001472, 0.001598, 0.001665
3 , 0, 0, 0, 0, 0, 0, 0
3 , 0.010872, 0.011451, 0.014117, 0.015011, 0.016028, 0.016785, 0.016160
4 , 0.001325, 0.001252, 0.001299, 0.001317, 0.001153, 0.001283, 0.001166, 0.001313, 0.001193, 0.001401, 0.001180, 0.001212, 0.001063, 0.001246, 0.000974, 0.001285, 0.000912, 0.001369, 0.000356, 0.001240, 0.001340, 0.001354, 0.001326, 0.001432, 0.001203, 0.001498, 0.001471, 0.001606, 0.001580, 0.001554, 0.001804, 0.001687, 0.001740, 0.001658, 0.001733, 0.001740, 0.001577, 0.001705, 0.001472, 0.001598, 0.001665, 0.001554, 0.001779, 0.000398, 0.001159, 0.001353, 0.001126, 0.001202, 0.001032, 0.001116, 0.000937, 0.001209, 0.000900, 0.001230, 0.001049, 0.001172, 0.001053, 0.001207, 0.000870, 0.001146, 0.001028, 0.001102, 0.000977, 0.001213, 0.000884, 0.001193, 0.000310, 0.001280, 0.001404, 0.001612, 0.001367, 0.001587, 0.001338, 0.001491, 0.001587, 0.001461, 0.001482, 0.001299, 0.001601, 0.001578, 0.001558, 0.001571, 0.001370, 0.001619, 0.001463, 0.001390, 0.001495, 0.001455, 0.001715, 0.001416, 0.001954, 0.000362
4 , 0, 0, 0, 0, 0, 0, 0
4 , 0.016905, 0.016823, 0.017038, 0.015482, 0.014498, 0.013564, 0.012825
5 , 0.001032, 0.001116, 0.000937, 0.001209, 0.000900, 0.001230, 0.001049, 0.001172, 0.001053, 0.001207, 0.000870, 0.001146, 0.001028, 0.001102, 0.000977, 0.001213, 0.000884, 0.001193, 0.000310, 0.001280, 0.001404, 0.001612, 0.001367, 0.001587, 0.001338, 0.001491, 0.001587, 0.001461, 0.001482, 0.001299, 0.001601, 0.001578, 0.001558, 0.001571, 0.001370, 0.001619, 0.001463, 0.001390, 0.001495, 0.001455, 0.001715, 0.001416, 0.001954, 0.000362, 0.001114, 0.001289, 0.001118, 0.001192, 0.000942, 0.000957, 0.000929, 0.001023, 0.000901, 0.000855, 0.000931, 0.001021, 0.000956, 0.000886, 0.000951, 0.000872, 0.000908, 0.000864, 0.000924, 0.000972, 0.001183, 0.001107, 0.001214, 0.001073, 0.001178, 0.000723, 0.001109, 0.001447, 0.001351, 0.001153, 0.001484, 0.001311, 0.001560, 0.001453, 0.001497, 0.001393, 0.001439, 0.001667, 0.001597, 0.001617, 0.001544, 0.001537, 0.001649, 0.001683, 0.001741, 0.001441, 0.001635, 0.001766
5 , 0, 0, 0, 0, 0, 0, 0
5 , 0.019094, 0.019202, 0.020287, 0.020047, 0.019657, 0.017955, 0.016684
6 , 0.000942, 0.000957, 0.000929, 0.001023, 0.000901, 0.000855, 0.000931, 0.001021, 0.000956, 0.000886, 0.000951, 0.000872, 0.000908, 0.000864, 0.000924, 0.000972, 0.001183, 0.001107, 0.001214, 0.001073, 0.001178, 0.000723, 0.001109, 0.001447, 0.001351, 0.001153, 0.001484, 0.001311, 0.001560, 0.001453, 0.001497, 0.001393, 0.001439, 0.001667, 0.001597, 0.001617, 0.001544, 0.001537, 0.001649, 0.001683, 0.001741, 0.001441, 0.001635, 0.001766, 0.001821, 0.001174, 0.000859, 0.001140, 0.001332, 0.001145, 0.001049, 0.000834, 0.001054, 0.000940, 0.001061, 0.000933, 0.001278, 0.000875, 0.001141, 0.001054, 0.001158, 0.001061, 0.001367, 0.000952, 0.001142, 0.000995, 0.001280, 0.001001, 0.001374, 0.000064, 0.001200, 0.001173, 0.001507, 0.001347, 0.001535, 0.001551, 0.001692, 0.001656, 0.001582, 0.001665, 0.001558, 0.001691, 0.001708, 0.001701, 0.001784, 0.001698, 0.002030, 0.001830, 0.001764, 0.001712, 0.001697, 0.001992
6 , 0, 0, 0, 0, 0, 0, 0
6 , 0.019516, 0.021264, 0.023941, 0.024999, 0.025405, 0.025058, 0.024625
7 , 0.001049, 0.000834, 0.001054, 0.000940, 0.001061, 0.000933, 0.001278, 0.000875, 0.001141, 0.001054, 0.001158, 0.001061, 0.001367, 0.000952, 0.001142, 0.000995, 0.001280, 0.001001, 0.001374, 0.000064, 0.001200, 0.001173, 0.001507, 0.001347, 0.001535, 0.001551, 0.001692, 0.001656, 0.001582, 0.001665, 0.001558, 0.001691, 0.001708, 0.001701, 0.001784, 0.001698, 0.002030, 0.001830, 0.001764, 0.001712, 0.001697, 0.001992, 0.001750, 0.001938, 0.001745, 0.002021, 0.000049, 0.001185, 0.000959, 0.000989, 0.000773, 0.000979, 0.000768, 0.000984, 0.000813, 0.000873, 0.000914, 0.000909, 0.000829, 0.000713, 0.000835, 0.000907, 0.001053, 0.001119, 0.001075, 0.000961, 0.001186, 0.001016, 0.001167, 0.001069, 0.001104, 0.001000, 0.001220, 0.001016, 0.001151, 0.000937, 0.001197, 0.001044, 0.001165, 0.000937, 0.001172, 0.000889, 0.001183, 0.001049, 0.001220, 0.001042, 0.001165, 0.000977, 0.001220, 0.001039, 0.001128, 0.000974
7 , 0, 0, 0, 0, 0, 0, 0
7 , 0.014933, 0.018139, 0.020103, 0.017765, 0.017297, 0.015886, 0.015026
8 , 0.000959, 0.000989, 0.000773, 0.000979, 0.000768, 0.000984, 0.000813, 0.000873, 0.000914, 0.000909, 0.000829, 0.000713, 0.000835, 0.000907, 0.001053, 0.001119, 0.001075, 0.000961, 0.001186, 0.001016, 0.001167, 0.001069, 0.001104, 0.001000, 0.001220, 0.001016, 0.001151, 0.000937, 0.001197, 0.001044, 0.001165, 0.000937, 0.001172, 0.000889, 0.001183, 0.001049, 0.001220, 0.001042, 0.001165, 0.000977, 0.001220, 0.001039, 0.001128, 0.000974, 0.001128, 0.000972, 0.001210, 0.000948, 0.001113, 0.000888, 0.001112, 0.000866, 0.001051, 0.000921, 0.001072, 0.000948, 0.001089, 0.000969, 0.001023, 0.000877, 0.000956, 0.000921, 0.000901, 0.000850, 0.000955, 0.000885, 0.000976, 0.000920, 0.000926, 0.001056, 0.000902, 0.001008, 0.000919, 0.001030, 0.000991, 0.001058, 0.000944, 0.001095, 0.001046, 0.001107, 0.001005, 0.001245, 0.001098, 0.001259, 0.001119, 0.001404, 0.001097, 0.001304, 0.001162, 0.001274, 0.001273, 0.001299
8 , 0, 0, 0, 0, 0, 0, 0
8 , 0.005418, 0.007083, 0.005903, 0.006863, 0.006551, 0.007300, 0.006473
9 , 0.000866, 0.001051, 0.000921, 0.001072, 0.000948, 0.001089, 0.000969, 0.001023, 0.000877, 0.000956, 0.000921, 0.000901, 0.000850, 0.000955, 0.000885, 0.000976, 0.000920, 0.000926, 0.001056, 0.000902, 0.001008, 0.000919, 0.001030, 0.000991, 0.001058, 0.000944, 0.001095, 0.001046, 0.001107, 0.001005, 0.001245, 0.001098, 0.001259, 0.001119, 0.001404, 0.001097, 0.001304, 0.001162, 0.001274, 0.001273, 0.001299, 0.001058, 0.001373, 0.001126, 0.001408, 0.001187, 0.001433, 0.001157, 0.001378, 0.001102, 0.001219, 0.001029, 0.001226, 0.000968, 0.001125, 0.000949, 0.001096, 0.000950, 0.001078, 0.000827, 0.001056, 0.000805, 0.000994, 0.000899, 0.001094, 0.000723, 0.000898, 0.000663, 0.000874, 0.000758, 0.000764, 0.000683, 0.000859, 0.000708, 0.000863, 0.000818, 0.000838, 0.000723, 0.000829, 0.000879, 0.000935, 0.001026, 0.000921, 0.000857, 0.000945, 0.001000, 0.001072, 0.001063, 0.000995, 0.001153, 0.001126, 0.001161
9 , 3, 3, 3, 3, 3, 0, 0
9 , 0.007637, 0.007540, 0.006802, 0.006442, 0.005440, 0.006561, 0.007370
10 , 0.001433, 0.001157, 0.001378, 0.001102, 0.001219, 0.001029, 0.001226, 0.000968, 0.001125, 0.000949, 0.001096, 0.000950, 0.001078, 0.000827, 0.001056, 0.000805, 0.000994, 0.000899, 0.001094, 0.000723, 0.000898, 0.000663, 0.000874, 0.000758, 0.000764, 0.000683, 0.000859, 0.000708, 0.000863, 0.000818, 0.000838, 0.000723, 0.000829, 0.000879, 0.000935, 0.001026, 0.000921, 0.000857, 0.000945, 0.001000, 0.001072, 0.001063, 0.000995, 0.001153, 0.001126, 0.001161, 0.001173, 0.001301, 0.001215, 0.001198, 0.000957, 0.001342, 0.001147, 0.001156, 0.001087, 0.001316, 0.001135, 0.001325, 0.001087, 0.001260, 0.001073, 0.001260, 0.001117, 0.001290, 0.001061, 0.001235, 0.001010, 0.001162, 0.001158, 0.001279, 0.001070, 0.001235, 0.001168, 0.001337, 0.001061, 0.001260, 0.001126, 0.001385, 0.000989, 0.001265, 0.001040, 0.001374, 0.000968, 0.001283, 0.001179, 0.001297, 0.001025, 0.001244, 0.001079, 0.001329, 0.001095, 0.001132
10 , 1, 2, 1, 1, 1, 1, 3
10 , 0.005632, 0.004692, 0.004216, 0.003017, 0.002151, 0.001242, 0.000708
11 , 0.001173, 0.001301, 0.001215, 0.001198, 0.000957, 0.001342, 0.001147, 0.001156, 0.001087, 0.001316, 0.001135, 0.001325, 0.001087, 0.001260, 0.001073, 0.001260, 0.001117, 0.001290, 0.001061, 0.001235, 0.001010, 0.001162, 0.001158, 0.001279, 0.001070, 0.001235, 0.001168, 0.001337, 0.001061, 0.001260, 0.001126, 0.001385, 0.000989, 0.001265, 0.001040, 0.001374, 0.000968, 0.001283, 0.001179, 0.001297, 0.001025, 0.001244, 0.001079, 0.001329, 0.001095, 0.001132, 0.001047, 0.001175, 0.000978, 0.001047, 0.000840, 0.001091, 0.000927, 0.001066, 0.000824, 0.000994, 0.000789, 0.000979, 0.000833, 0.000828, 0.000879, 0.000869, 0.000678, 0.000899, 0.000883, 0.000803, 0.000803, 0.000843, 0.000894, 0.000974, 0.000879, 0.000839, 0.000960, 0.001011, 0.000875, 0.000872, 0.001089, 0.001089, 0.001024, 0.001100, 0.001146, 0.001158, 0.001172, 0.001032, 0.001181, 0.001111, 0.001153, 0.001084, 0.001302, 0.001193, 0.001383, 0.001318
11 , 0, 0, 0, 0, 0, 2, 0
11 , 0.003260, 0.003539, 0.004345, 0.004833, 0.005844, 0.005871, 0.006300
12 , 0.000927, 0.001066, 0.000824, 0.000994, 0.000789, 0.000979, 0.000833, 0.000828, 0.000879, 0.000869, 0.000678, 0.000899, 0.000883, 0.000803, 0.000803, 0.000843, 0.000894, 0.000974, 0.000879, 0.000839, 0.000960, 0.001011, 0.000875, 0.000872, 0.001089, 0.001089, 0.001024, 0.001100, 0.001146, 0.001158, 0.001172, 0.001032, 0.001181, 0.001111, 0.001153, 0.001084, 0.001302, 0.001193, 0.001383, 0.001318, 0.001482, 0.001197, 0.001331, 0.001115, 0.001375, 0.001171, 0.001327, 0.001210, 0.001284, 0.001115, 0.001354, 0.001152, 0.001332, 0.001060, 0.001239, 0.001109, 0.001276, 0.000980, 0.001134, 0.000869, 0.000999, 0.000943, 0.001099, 0.000945, 0.001234, 0.000827, 0.001194, 0.000942, 0.001167, 0.000861, 0.001130, 0.001051, 0.001080, 0.000926, 0.001195, 0.001024, 0.001127, 0.000916, 0.001131, 0.001006, 0.001151, 0.000799, 0.001090, 0.000999, 0.001009, 0.000884, 0.000984, 0.000813, 0.000974, 0.000894, 0.001064, 0.000954
12 , 3, 3, 3, 3, 3, 3, 3
12 , 0.008198, 0.009007, 0.008585, 0.008962, 0.009206, 0.009824, 0.009413
13 , 0.001152, 0.001332, 0.001060, 0.001239, 0.001109, 0.001276, 0.000980, 0.001134, 0.000869, 0.000999, 0.000943, 0.001099, 0.000945, 0.001234, 0.000827, 0.001194, 0.000942, 0.001167, 0.000861, 0.001130, 0.001051, 0.001080, 0.000926, 0.001195, 0.001024, 0.001127, 0.000916, 0.001131, 0.001006, 0.001151, 0.000799, 0.001090, 0.000999, 0.001009, 0.000884, 0.000984, 0.000813, 0.000974, 0.000894, 0.001064, 0.000954, 0.001034, 0.000864, 0.000909, 0.000935, 0.001041, 0.000901, 0.001088, 0.001049, 0.001207, 0.001072, 0.001118, 0.001195, 0.001223, 0.001183, 0.001191, 0.001250, 0.001292, 0.001360, 0.001408, 0.001347, 0.001325, 0.001398, 0.001411, 0.001472, 0.001316, 0.001303, 0.001364, 0.001252, 0.001230, 0.001308, 0.001270, 0.001245, 0.001194, 0.001337, 0.001200, 0.001262, 0.001132, 0.001151, 0.001165, 0.001244, 0.000972, 0.001130, 0.000996, 0.001089, 0.000908, 0.001097, 0.001007, 0.001126, 0.000875, 0.001146, 0.000936
13 , 1, 1, 1, 1, 1, 1, 1
13 , 0.004238, 0.004973, 0.005193, 0.005877, 0.005771, 0.006191, 0.006027
14 , 0.001118, 0.001195, 0.001223, 0.001183, 0.001191, 0.001250, 0.001292, 0.001360, 0.001408, 0.001347, 0.001325, 0.001398, 0.001411, 0.001472, 0.001316, 0.001303, 0.001364, 0.001252, 0.001230, 0.001308, 0.001270, 0.001245, 0.001194, 0.001337, 0.001200, 0.001262, 0.001132, 0.001151, 0.001165, 0.001244, 0.000972, 0.001130, 0.000996, 0.001089, 0.000908, 0.001097, 0.001007, 0.001126, 0.000875, 0.001146, 0.000936, 0.001171, 0.001031, 0.001125, 0.000985, 0.001090, 0.000955, 0.001130, 0.000875, 0.001140, 0.000996, 0.001141, 0.000976, 0.001106, 0.000991, 0.001306, 0.001042, 0.001237, 0.001053, 0.001259, 0.000959, 0.001260, 0.001021, 0.001242, 0.001067, 0.001248, 0.001035, 0.001230, 0.001100, 0.001320, 0.001165, 0.001250, 0.001107, 0.001223, 0.001058, 0.001339, 0.001102, 0.001392, 0.001167, 0.001209, 0.001109, 0.001258, 0.001067, 0.001200, 0.001065, 0.001195, 0.001072, 0.001126, 0.001053, 0.001062, 0.000977, 0.001062
14 , 2, 2, 2, 2, 2, 2, 1
14 , 0.005005, 0.005435, 0.005105, 0.005256, 0.005071, 0.005348, 0.005769
15 , 0.000976, 0.001106, 0.000991, 0.001306, 0.001042, 0.001237, 0.001053, 0.001259, 0.000959, 0.001260, 0.001021, 0.001242, 0.001067, 0.001248, 0.001035, 0.001230, 0.001100, 0.001320, 0.001165, 0.001250, 0.001107, 0.001223, 0.001058, 0.001339, 0.001102, 0.001392, 0.001167, 0.001209, 0.001109, 0.001258, 0.001067, 0.001200, 0.001065, 0.001195, 0.001072, 0.001126, 0.001053, 0.001062, 0.000977, 0.001062, 0.001047, 0.001011, 0.000910, 0.000980, 0.000966, 0.000930, 0.000970, 0.001067, 0.001167, 0.001161, 0.001041, 0.000986, 0.001121, 0.001026, 0.001041, 0.001012, 0.001213, 0.001078, 0.001089, 0.001161, 0.001311, 0.001137, 0.001183, 0.001109, 0.001183, 0.001139, 0.001244, 0.001032, 0.001218, 0.001049, 0.001318, 0.001218, 0.001246, 0.001137, 0.001244, 0.001097, 0.001267, 0.000923, 0.001123, 0.000984, 0.001207, 0.001053, 0.001315, 0.001111, 0.001209, 0.001072, 0.001309, 0.001007, 0.001258, 0.001016, 0.001189, 0.000948
15 , 2, 2, 2, 2, 2, 1, 1
15 , 0.001585, 0.001526, 0.001835, 0.001452, 0.001324, 0.002077, 0.002131
16 , 0.001121, 0.001026, 0.001041, 0.001012, 0.001213, 0.001078, 0.001089, 0.001161, 0.001311, 0.001137, 0.001183, 0.001109, 0.001183, 0.001139, 0.001244, 0.001032, 0.001218, 0.001049, 0.001318, 0.001218, 0.001246, 0.001137, 0.001244, 0.001097, 0.001267, 0.000923, 0.001123, 0.000984, 0.001207, 0.001053, 0.001315, 0.001111, 0.001209, 0.001072, 0.001309, 0.001007, 0.001258, 0.001016, 0.001189, 0.000948, 0.001167, 0.000950, 0.001110, 0.000936, 0.001111, 0.000845, 0.001071, 0.000836, 0.001015, 0.000871, 0.000991, 0.000861, 0.000976, 0.000820, 0.001060, 0.000990, 0.001055, 0.000850, 0.001096, 0.000936, 0.001025, 0.000713, 0.001004, 0.000823, 0.000914, 0.000719, 0.000851, 0.000564, 0.000686, 0.000645, 0.000746, 0.000844, 0.000864, 0.000748, 0.000788, 0.000853, 0.001095, 0.000895, 0.000977, 0.001084, 0.001132, 0.001039, 0.001167, 0.001346, 0.001318, 0.001326, 0.001296, 0.001381, 0.001359, 0.001364, 0.001221, 0.001308
16 , 0, 2, 2, 2, 2, 2, 2
16 , 0.002838, 0.004006, 0.005389, 0.006492, 0.007442, 0.008186, 0.009529
