0 , 0.001242, 0.001052, 0.001423, 0.001351, 0.001388, 0.001304, 0.001550, 0.001743, 0.001606, 0.001821, 0.001637, 0.001823, 0.001912, 0.001750, 0.001772, 0.001757, 0.001994, 0.001772, 0.001750, 0.001698, 0.001638, 0.001875, 0.001970, 0.000756, 0.001356, 0.001216, 0.001246, 0.001056, 0.001208, 0.001129, 0.001402, 0.001083, 0.001383, 0.001125, 0.001406, 0.001148, 0.001434, 0.001130, 0.001323, 0.001231, 0.001477, 0.001360, 0.001464, 0.001299, 0.001553, 0.001299, 0.001442, 0.000002, 0.001155, 0.000887, 0.001060, 0.001136, 0.001026, 0.001149, 0.001040, 0.001348, 0.001258, 0.001337, 0.001230, 0.001295, 0.001499, 0.001272, 0.001573, 0.001479, 0.001509, 0.001612, 0.001442, 0.001552, 0.001325, 0.001582, 0.001804, 0.001587, 0.001058, 0.001417, 0.001238, 0.001168, 0.001194, 0.001064, 0.001220, 0.001015, 0.001300, 0.001101, 0.001200, 0.001112, 0.001353, 0.001102, 0.001172, 0.001262, 0.001193, 0.001167, 0.001063, 0.001067
0 , 2, 2, 1, 1, 1, 1, 1
0 , 0.004832, 0.005386, 0.006309, 0.008882, 0.013605, 0.012679, 0.013742
1 , 0.001026, 0.001149, 0.001040, 0.001348, 0.001258, 0.001337, 0.001230, 0.001295, 0.001499, 0.001272, 0.001573, 0.001479, 0.001509, 0.001612, 0.001442, 0.001552, 0.001325, 0.001582, 0.001804, 0.001587, 0.001058, 0.001417, 0.001238, 0.001168, 0.001194, 0.001064, 0.001220, 0.001015, 0.001300, 0.001101, 0.001200, 0.001112, 0.001353, 0.001102, 0.001172, 0.001262, 0.001193, 0.001167, 0.001063, 0.001067, 0.001144, 0.001193, 0.001285, 0.001200, 0.001224, 0.000409, 0.001192, 0.001195, 0.001169, 0.001395, 0.001139, 0.001382, 0.001213, 0.001379, 0.001349, 0.001283, 0.001325, 0.001281, 0.001620, 0.001538, 0.001676, 0.001641, 0.001680, 0.001836, 0.001734, 0.001882, 0.001756, 0.001725, 0.001676, 0.002020, 0.000246, 0.001412, 0.001116, 0.001206, 0.001070, 0.001116, 0.001191, 0.001157, 0.001153, 0.001239, 0.001170, 0.001185, 0.000986, 0.001272, 0.001153, 0.001323, 0.001199, 0.001313, 0.001141, 0.001211, 0.001159, 0.001320
1 , 1, 1, 1, 1, 1, 1, 1
1 , 0.008219, 0.010199, 0.013318, 0.011802, 0.012413, 0.012497, 0.012661
2 , 0.001169, 0.001395, 0.001139, 0.001382, 0.001213, 0.001379, 0.001349, 0.001283, 0.001325, 0.001281, 0.001620, 0.001538, 0.001676, 0.001641, 0.001680, 0.001836, 0.001734, 0.001882, 0.001756, 0.001725, 0.001676, 0.002020, 0.000246, 0.001412, 0.001116, 0.001206, 0.001070, 0.001116, 0.001191, 0.001157, 0.001153, 0.001239, 0.001170, 0.001185, 0.000986, 0.001272, 0.001153, 0.001323, 0.001199, 0.001313, 0.001141, 0.001211, 0.001159, 0.001320, 0.001273, 0.000995, 0.000805, 0.001135, 0.001032, 0.001522, 0.001393, 0.001409, 0.001262, 0.001360, 0.001620, 0.001509, 0.001620, 0.001447, 0.001662, 0.001596, 0.001612, 0.001752, 0.001510, 0.001711, 0.001778, 0.001697, 0.001823, 0.001661, 0.001764, 0.001771, 0.001691, 0.002142, 0.001045, 0.000669, 0.001147, 0.001111, 0.001070, 0.000925, 0.001121, 0.000966, 0.001322, 0.000992, 0.001293, 0.000983, 0.001279, 0.001144, 0.001223, 0.001113, 0.001224, 0.001034, 0.001080, 0.001150
2 , 1, 1, 1, 1, 1, 1, 1
2 , 0.009504, 0.012492, 0.015124, 0.018590, 0.018842, 0.019196, 0.017343
3 , 0.001409, 0.001262, 0.001360, 0.001620, 0.001509, 0.001620, 0.001447, 0.001662, 0.001596, 0.001612, 0.001752, 0.001510, 0.001711, 0.001778, 0.001697, 0.001823, 0.001661, 0.001764, 0.001771, 0.001691, 0.002142, 0.001045, 0.000669, 0.001147, 0.001111, 0.001070, 0.000925, 0.001121, 0.000966, 0.001322, 0.000992, 0.001293, 0.000983, 0.001279, 0.001144, 0.001223, 0.001113, 0.001224, 0.001034, 0.001080, 0.001150, 0.001085, 0.001101, 0.001239, 0.001213, 0.001072, 0.001253, 0.000417, 0.001232, 0.001197, 0.001322, 0.001542, 0.001273, 0.001493, 0.001575, 0.001516, 0.001620, 0.001459, 0.001742, 0.001544, 0.001742, 0.001701, 0.001517, 0.001729, 0.001596, 0.001646, 0.001677, 0.001631, 0.001762, 0.001580, 0.001756, 0.001500, 0.000540, 0.001426, 0.001471, 0.001485, 0.001357, 0.001188, 0.001242, 0.001142, 0.001228, 0.001196, 0.001340, 0.001236, 0.001335, 0.001157, 0.001502, 0.001394, 0.001441, 0.001139, 0.001402, 0.001247
3 , 1, 1, 1, 1, 1, 1, 1
3 , 0.011793, 0.014101, 0.016478, 0.016935, 0.017617, 0.016067, 0.015872
4 , 0.001322, 0.001542, 0.001273, 0.001493, 0.001575, 0.001516, 0.001620, 0.001459, 0.001742, 0.001544, 0.001742, 0.001701, 0.001517, 0.001729, 0.001596, 0.001646, 0.001677, 0.001631, 0.001762, 0.001580, 0.001756, 0.001500, 0.000540, 0.001426, 0.001471, 0.001485, 0.001357, 0.001188, 0.001242, 0.001142, 0.001228, 0.001196, 0.001340, 0.001236, 0.001335, 0.001157, 0.001502, 0.001394, 0.001441, 0.001139, 0.001402, 0.001247, 0.001411, 0.001198, 0.001514, 0.000143, 0.000899, 0.001270, 0.001217, 0.001304, 0.001252, 0.001211, 0.001453, 0.001396, 0.001606, 0.001343, 0.001526, 0.001533, 0.001512, 0.001587, 0.001502, 0.001687, 0.001605, 0.001584, 0.001690, 0.001534, 0.001728, 0.001763, 0.001682, 0.001960, 0.000262, 0.001111, 0.001357, 0.001085, 0.001166, 0.001015, 0.001196, 0.000945, 0.001136, 0.000885, 0.001241, 0.000840, 0.001085, 0.000850, 0.001176, 0.000855, 0.001045, 0.000769, 0.001040, 0.000724, 0.000900, 0.000870
4 , 1, 1, 1, 1, 1, 1, 1
4 , 0.011177, 0.013532, 0.018548, 0.018208, 0.016538, 0.017251, 0.017538
5 , 0.001217, 0.001304, 0.001252, 0.001211, 0.001453, 0.001396, 0.001606, 0.001343, 0.001526, 0.001533, 0.001512, 0.001587, 0.001502, 0.001687, 0.001605, 0.001584, 0.001690, 0.001534, 0.001728, 0.001763, 0.001682, 0.001960, 0.000262, 0.001111, 0.001357, 0.001085, 0.001166, 0.001015, 0.001196, 0.000945, 0.001136, 0.000885, 0.001241, 0.000840, 0.001085, 0.000850, 0.001176, 0.000855, 0.001045, 0.000769, 0.001040, 0.000724, 0.000900, 0.000870, 0.001110, 0.000875, 0.000945, 0.000496, 0.001194, 0.001498, 0.001557, 0.001520, 0.001705, 0.001639, 0.001913, 0.001831, 0.001757, 0.001823, 0.001794, 0.002000, 0.001681, 0.001843, 0.001687, 0.001643, 0.001775, 0.001710, 0.001678, 0.001500, 0.001649, 0.001654, 0.001523, 0.002011, 0.000871, 0.000989, 0.001422, 0.001208, 0.001258, 0.001218, 0.001238, 0.001053, 0.001228, 0.001118, 0.001188, 0.001068, 0.001157, 0.001117, 0.001222, 0.001243, 0.001147, 0.001173, 0.001203, 0.001192
5 , 1, 1, 1, 1, 1, 1, 1
5 , 0.014216, 0.017504, 0.020326, 0.022940, 0.024326, 0.023496, 0.022904
6 , 0.001557, 0.001520, 0.001705, 0.001639, 0.001913, 0.001831, 0.001757, 0.001823, 0.001794, 0.002000, 0.001681, 0.001843, 0.001687, 0.001643, 0.001775, 0.001710, 0.001678, 0.001500, 0.001649, 0.001654, 0.001523, 0.002011, 0.000871, 0.000989, 0.001422, 0.001208, 0.001258, 0.001218, 0.001238, 0.001053, 0.001228, 0.001118, 0.001188, 0.001068, 0.001157, 0.001117, 0.001222, 0.001243, 0.001147, 0.001173, 0.001203, 0.001192, 0.000951, 0.001102, 0.001037, 0.001282, 0.000642, 0.001305, 0.001437, 0.001374, 0.001489, 0.001373, 0.001468, 0.001503, 0.001475, 0.001592, 0.001401, 0.001631, 0.001638, 0.001669, 0.001714, 0.001530, 0.001698, 0.001612, 0.001701, 0.001709, 0.001473, 0.001821, 0.001791, 0.001786, 0.001571, 0.000360, 0.001041, 0.001176, 0.001046, 0.001036, 0.000811, 0.001067, 0.000986, 0.000976, 0.000770, 0.001006, 0.000895, 0.001162, 0.000900, 0.001121, 0.000870, 0.001136, 0.000739, 0.001186, 0.000875, 0.001141
6 , 1, 1, 1, 1, 1, 1, 1
6 , 0.018666, 0.021801, 0.023786, 0.027028, 0.024323, 0.022835, 0.022701
7 , 0.001374, 0.001489, 0.001373, 0.001468, 0.001503, 0.001475, 0.001592, 0.001401, 0.001631, 0.001638, 0.001669, 0.001714, 0.001530, 0.001698, 0.001612, 0.001701, 0.001709, 0.001473, 0.001821, 0.001791, 0.001786, 0.001571, 0.000360, 0.001041, 0.001176, 0.001046, 0.001036, 0.000811, 0.001067, 0.000986, 0.000976, 0.000770, 0.001006, 0.000895, 0.001162, 0.000900, 0.001121, 0.000870, 0.001136, 0.000739, 0.001186, 0.000875, 0.001141, 0.001000, 0.001156, 0.000875, 0.001329, 0.000148, 0.001094, 0.001150, 0.001390, 0.001157, 0.001400, 0.001110, 0.001403, 0.001366, 0.001451, 0.001448, 0.001336, 0.001549, 0.001471, 0.001471, 0.001320, 0.001307, 0.001529, 0.001382, 0.001478, 0.001334, 0.001400, 0.001650, 0.001302, 0.001596, 0.000113, 0.001232, 0.001416, 0.001359, 0.001424, 0.001058, 0.001243, 0.001053, 0.001339, 0.001124, 0.001369, 0.001266, 0.001326, 0.001126, 0.001207, 0.001153, 0.001244, 0.001199, 0.001230, 0.001244
7 , 1, 1, 1, 1, 1, 1, 1
7 , 0.011460, 0.013688, 0.016275, 0.016682, 0.017660, 0.015112, 0.015014
8 , 0.001390, 0.001157, 0.001400, 0.001110, 0.001403, 0.001366, 0.001451, 0.001448, 0.001336, 0.001549, 0.001471, 0.001471, 0.001320, 0.001307, 0.001529, 0.001382, 0.001478, 0.001334, 0.001400, 0.001650, 0.001302, 0.001596, 0.000113, 0.001232, 0.001416, 0.001359, 0.001424, 0.001058, 0.001243, 0.001053, 0.001339, 0.001124, 0.001369, 0.001266, 0.001326, 0.001126, 0.001207, 0.001153, 0.001244, 0.001199, 0.001230, 0.001244, 0.001264, 0.001179, 0.001241, 0.000845, 0.000886, 0.001112, 0.001264, 0.001131, 0.001388, 0.001219, 0.001306, 0.001475, 0.001343, 0.001521, 0.001257, 0.001502, 0.001517, 0.001519, 0.001654, 0.001530, 0.001626, 0.001553, 0.001703, 0.001740, 0.001689, 0.001993, 0.001720, 0.002047, 0.001009, 0.000885, 0.001106, 0.001291, 0.001115, 0.001025, 0.000945, 0.000990, 0.001015, 0.000995, 0.001011, 0.001116, 0.001151, 0.001221, 0.000982, 0.001223, 0.001104, 0.001189, 0.001161, 0.001291, 0.001126, 0.001312
8 , 1, 1, 1, 1, 1, 1, 1
8 , 0.007688, 0.010506, 0.013296, 0.014272, 0.011660, 0.011283, 0.011939
9 , 0.001131, 0.001388, 0.001219, 0.001306, 0.001475, 0.001343, 0.001521, 0.001257, 0.001502, 0.001517, 0.001519, 0.001654, 0.001530, 0.001626, 0.001553, 0.001703, 0.001740, 0.001689, 0.001993, 0.001720, 0.002047, 0.001009, 0.000885, 0.001106, 0.001291, 0.001115, 0.001025, 0.000945, 0.000990, 0.001015, 0.000995, 0.001011, 0.001116, 0.001151, 0.001221, 0.000982, 0.001223, 0.001104, 0.001189, 0.001161, 0.001291, 0.001126, 0.001312, 0.000996, 0.001367, 0.001096, 0.001302, 0.000464, 0.001101, 0.001212, 0.001423, 0.001370, 0.001512, 0.001440, 0.001639, 0.001469, 0.001575, 0.001597, 0.001524, 0.001679, 0.001644, 0.001813, 0.001628, 0.001568, 0.001798, 0.001644, 0.001800, 0.001608, 0.001698, 0.001747, 0.001705, 0.001860, 0.000461, 0.001046, 0.001116, 0.001005, 0.001186, 0.000845, 0.001136, 0.000941, 0.001246, 0.001006, 0.001193, 0.001128, 0.001303, 0.000952, 0.001292, 0.001017, 0.001313, 0.000967, 0.001081, 0.000875
9 , 1, 1, 1, 1, 1, 1, 1
9 , 0.012976, 0.015225, 0.018430, 0.019115, 0.021299, 0.019786, 0.019527
10 , 0.001423, 0.001370, 0.001512, 0.001440, 0.001639, 0.001469, 0.001575, 0.001597, 0.001524, 0.001679, 0.001644, 0.001813, 0.001628, 0.001568, 0.001798, 0.001644, 0.001800, 0.001608, 0.001698, 0.001747, 0.001705, 0.001860, 0.000461, 0.001046, 0.001116, 0.001005, 0.001186, 0.000845, 0.001136, 0.000941, 0.001246, 0.001006, 0.001193, 0.001128, 0.001303, 0.000952, 0.001292, 0.001017, 0.001313, 0.000967, 0.001081, 0.000875, 0.001247, 0.001056, 0.001291, 0.000231, 0.001178, 0.001188, 0.001531, 0.001390, 0.001576, 0.001465, 0.001457, 0.001606, 0.001615, 0.001652, 0.001445, 0.001643, 0.001651, 0.001592, 0.001614, 0.001599, 0.001887, 0.001695, 0.001583, 0.001547, 0.001517, 0.001864, 0.001585, 0.001640, 0.001542, 0.001939, 0.000647, 0.001407, 0.001398, 0.001387, 0.001133, 0.001198, 0.001127, 0.001027, 0.001157, 0.001097, 0.001056, 0.001056, 0.001177, 0.001147, 0.001096, 0.000830, 0.001060, 0.000915, 0.001211, 0.000930
10 , 1, 1, 1, 1, 1, 1, 1
10 , 0.014593, 0.017297, 0.021215, 0.023520, 0.023341, 0.021244, 0.020782
11 , 0.001390, 0.001576, 0.001465, 0.001457, 0.001606, 0.001615, 0.001652, 0.001445, 0.001643, 0.001651, 0.001592, 0.001614, 0.001599, 0.001887, 0.001695, 0.001583, 0.001547, 0.001517, 0.001864, 0.001585, 0.001640, 0.001542, 0.001939, 0.000647, 0.001407, 0.001398, 0.001387, 0.001133, 0.001198, 0.001127, 0.001027, 0.001157, 0.001097, 0.001056, 0.001056, 0.001177, 0.001147, 0.001096, 0.000830, 0.001060, 0.000915, 0.001211, 0.000930, 0.001181, 0.001051, 0.001216, 0.001141, 0.001241, 0.001046, 0.001267, 0.001038, 0.001147, 0.001058, 0.001335, 0.001064, 0.001304, 0.001199, 0.001355, 0.001094, 0.001299, 0.001104, 0.001323, 0.001245, 0.001375, 0.001020, 0.001310, 0.001296, 0.001235, 0.001145, 0.001285, 0.001015, 0.001134, 0.001118, 0.001218, 0.001233, 0.001121, 0.001066, 0.001000, 0.001025, 0.001025, 0.000965, 0.000910, 0.001001, 0.000905, 0.000995, 0.000950, 0.000870, 0.001001, 0.001057, 0.000771, 0.000872, 0.000777
11 , 1, 1, 1, 1, 1, 1, 1
11 , 0.011077, 0.012487, 0.013844, 0.014368, 0.015833, 0.015019, 0.015447
12 , 0.001038, 0.001147, 0.001058, 0.001335, 0.001064, 0.001304, 0.001199, 0.001355, 0.001094, 0.001299, 0.001104, 0.001323, 0.001245, 0.001375, 0.001020, 0.001310, 0.001296, 0.001235, 0.001145, 0.001285, 0.001015, 0.001134, 0.001118, 0.001218, 0.001233, 0.001121, 0.001066, 0.001000, 0.001025, 0.001025, 0.000965, 0.000910, 0.001001, 0.000905, 0.000995, 0.000950, 0.000870, 0.001001, 0.001057, 0.000771, 0.000872, 0.000777, 0.000808, 0.000677, 0.000824, 0.000727, 0.000898, 0.000692, 0.001008, 0.000798, 0.000949, 0.000628, 0.000834, 0.000682, 0.000969, 0.000817, 0.000992, 0.000711, 0.000897, 0.000750, 0.000876, 0.000810, 0.001056, 0.000824, 0.001065, 0.000910, 0.001232, 0.001012, 0.001252, 0.001042, 0.001269, 0.001101, 0.001294, 0.001080, 0.001335, 0.001200, 0.001312, 0.001188, 0.001378, 0.001179, 0.001167, 0.001151, 0.001377, 0.001075, 0.001251, 0.001216, 0.001270, 0.001196, 0.001185, 0.001164, 0.001159, 0.001094
12 , 2, 2, 2, 2, 2, 2, 2
12 , 0.012653, 0.012641, 0.012699, 0.012256, 0.012428, 0.012196, 0.012471
13 , 0.001008, 0.000798, 0.000949, 0.000628, 0.000834, 0.000682, 0.000969, 0.000817, 0.000992, 0.000711, 0.000897, 0.000750, 0.000876, 0.000810, 0.001056, 0.000824, 0.001065, 0.000910, 0.001232, 0.001012, 0.001252, 0.001042, 0.001269, 0.001101, 0.001294, 0.001080, 0.001335, 0.001200, 0.001312, 0.001188, 0.001378, 0.001179, 0.001167, 0.001151, 0.001377, 0.001075, 0.001251, 0.001216, 0.001270, 0.001196, 0.001185, 0.001164, 0.001159, 0.001094, 0.001174, 0.001068, 0.001027, 0.000936, 0.001057, 0.001147, 0.001011, 0.001101, 0.001086, 0.001046, 0.001121, 0.001202, 0.001092, 0.001116, 0.001066, 0.001201, 0.001066, 0.001171, 0.001016, 0.001156, 0.001111, 0.001222, 0.000936, 0.001182, 0.001147, 0.001212, 0.001011, 0.001161, 0.000945, 0.001151, 0.001166, 0.001221, 0.000945, 0.001101, 0.000990, 0.001116, 0.001006, 0.001347, 0.001052, 0.001132, 0.000962, 0.001156, 0.000976, 0.001116, 0.001072, 0.001131, 0.001006, 0.001237
13 , 3, 3, 3, 3, 3, 3, 3
13 , 0.007719, 0.007585, 0.007397, 0.006790, 0.006616, 0.005857, 0.005488
14 , 0.001027, 0.000936, 0.001057, 0.001147, 0.001011, 0.001101, 0.001086, 0.001046, 0.001121, 0.001202, 0.001092, 0.001116, 0.001066, 0.001201, 0.001066, 0.001171, 0.001016, 0.001156, 0.001111, 0.001222, 0.000936, 0.001182, 0.001147, 0.001212, 0.001011, 0.001161, 0.000945, 0.001151, 0.001166, 0.001221, 0.000945, 0.001101, 0.000990, 0.001116, 0.001006, 0.001347, 0.001052, 0.001132, 0.000962, 0.001156, 0.000976, 0.001116, 0.001072, 0.001131, 0.001006, 0.001237, 0.000967, 0.001247, 0.001032, 0.001253, 0.001224, 0.001364, 0.001205, 0.001442, 0.001193, 0.001453, 0.001163, 0.001348, 0.001185, 0.001353, 0.001234, 0.001320, 0.001319, 0.001492, 0.001372, 0.001467, 0.001358, 0.001462, 0.001260, 0.001476, 0.001320, 0.001506, 0.001406, 0.001406, 0.001290, 0.001415, 0.001255, 0.001258, 0.001230, 0.001327, 0.001346, 0.001299, 0.001213, 0.001151, 0.001175, 0.001074, 0.001038, 0.000997, 0.001021, 0.001041, 0.001141, 0.001166
14 , 1, 1, 3, 1, 1, 1, 1
14 , 0.000837, 0.001654, 0.001794, 0.002527, 0.003132, 0.004273, 0.004404
15 , 0.001205, 0.001442, 0.001193, 0.001453, 0.001163, 0.001348, 0.001185, 0.001353, 0.001234, 0.001320, 0.001319, 0.001492, 0.001372, 0.001467, 0.001358, 0.001462, 0.001260, 0.001476, 0.001320, 0.001506, 0.001406, 0.001406, 0.001290, 0.001415, 0.001255, 0.001258, 0.001230, 0.001327, 0.001346, 0.001299, 0.001213, 0.001151, 0.001175, 0.001074, 0.001038, 0.000997, 0.001021, 0.001041, 0.001141, 0.001166, 0.001182, 0.001096, 0.001141, 0.000996, 0.001201, 0.001192, 0.001227, 0.001062, 0.001238, 0.001138, 0.001262, 0.001157, 0.001207, 0.001052, 0.001208, 0.000936, 0.001031, 0.000991, 0.001282, 0.001036, 0.001191, 0.001000, 0.001076, 0.000916, 0.001107, 0.000862, 0.001015, 0.000866, 0.001024, 0.000698, 0.000949, 0.000646, 0.000804, 0.000591, 0.000908, 0.000559, 0.000879, 0.000719, 0.000988, 0.000785, 0.001105, 0.000951, 0.001299, 0.001248, 0.001411, 0.001209, 0.001488, 0.001322, 0.001507, 0.001472, 0.001644, 0.001453
15 , 1, 1, 2, 2, 2, 2, 2
15 , 0.004252, 0.004184, 0.004051, 0.005054, 0.006742, 0.007971, 0.009698
16 , 0.001207, 0.001052, 0.001208, 0.000936, 0.001031, 0.000991, 0.001282, 0.001036, 0.001191, 0.001000, 0.001076, 0.000916, 0.001107, 0.000862, 0.001015, 0.000866, 0.001024, 0.000698, 0.000949, 0.000646, 0.000804, 0.000591, 0.000908, 0.000559, 0.000879, 0.000719, 0.000988, 0.000785, 0.001105, 0.000951, 0.001299, 0.001248, 0.001411, 0.001209, 0.001488, 0.001322, 0.001507, 0.001472, 0.001644, 0.001453, 0.001604, 0.001449, 0.001592, 0.001497, 0.001523, 0.001346, 0.001512, 0.001301, 0.001457, 0.001355, 0.001485, 0.001350, 0.001297, 0.001150, 0.001320, 0.001107, 0.001247, 0.001196, 0.001236, 0.001050, 0.001025, 0.001085, 0.001035, 0.001050, 0.001066, 0.001131, 0.001171, 0.000995, 0.000965, 0.001101, 0.000945, 0.001076, 0.001126, 0.001201, 0.000960, 0.001061, 0.000970, 0.001206, 0.000995, 0.001151, 0.001061, 0.001126, 0.001072, 0.001298, 0.001185, 0.001300, 0.001183, 0.001288, 0.001290, 0.001360, 0.001199, 0.001441
16 , 3, 3, 3, 3, 0, 0, 0
16 , 0.005142, 0.005557, 0.006213, 0.006636, 0.007539, 0.009482, 0.010409
