0 , 0.001547, 0.001314, 0.001670, 0.001545, 0.001641, 0.001486, 0.001738, 0.001915, 0.001731, 0.001811, 0.001666, 0.001850, 0.001754, 0.001724, 0.001895, 0.001622, 0.001939, 0.001777, 0.001777, 0.001917, 0.001785, 0.001944, 0.001945, 0.001589, 0.000959, 0.001103, 0.001320, 0.001070, 0.001114, 0.000973, 0.001024, 0.000803, 0.001073, 0.000859, 0.001179, 0.001019, 0.001135, 0.000981, 0.001161, 0.000931, 0.001231, 0.000920, 0.001030, 0.001081, 0.001241, 0.001079, 0.001066, 0.000848, 0.001086, 0.000040, 0.001540, 0.001333, 0.001500, 0.001462, 0.001626, 0.001773, 0.001545, 0.001944, 0.001777, 0.001850, 0.001821, 0.001808, 0.002066, 0.001881, 0.001918, 0.001593, 0.001800, 0.001948, 0.001853, 0.001978, 0.001631, 0.001866, 0.001883, 0.002152, 0.000007, 0.001087, 0.001002, 0.001032, 0.000927, 0.000781, 0.000887, 0.000832, 0.000964, 0.001109, 0.000970, 0.000996, 0.001044, 0.001170, 0.001128, 0.001209, 0.001105, 0.001272
0 , 1, 1, 1, 1, 1, 1, 1
0 , 0.016153, 0.019125, 0.022259, 0.025360, 0.028577, 0.030763, 0.034137
1 , 0.001500, 0.001462, 0.001626, 0.001773, 0.001545, 0.001944, 0.001777, 0.001850, 0.001821, 0.001808, 0.002066, 0.001881, 0.001918, 0.001593, 0.001800, 0.001948, 0.001853, 0.001978, 0.001631, 0.001866, 0.001883, 0.002152, 0.000007, 0.001087, 0.001002, 0.001032, 0.000927, 0.000781, 0.000887, 0.000832, 0.000964, 0.001109, 0.000970, 0.000996, 0.001044, 0.001170, 0.001128, 0.001209, 0.001105, 0.001272, 0.001163, 0.001272, 0.001097, 0.001239, 0.001105, 0.000899, 0.000904, 0.001350, 0.001345, 0.001490, 0.001472, 0.001659, 0.001544, 0.001693, 0.001916, 0.001732, 0.001941, 0.001816, 0.001897, 0.001949, 0.002009, 0.002016, 0.001949, 0.002135, 0.002075, 0.002149, 0.002097, 0.001949, 0.002149, 0.002031, 0.002031, 0.002215, 0.001050, 0.000766, 0.001073, 0.000997, 0.000977, 0.000665, 0.000906, 0.000731, 0.001067, 0.000952, 0.001017, 0.000837, 0.001189, 0.000851, 0.001020, 0.001022, 0.001138, 0.000989, 0.001219, 0.000968
1 , 1, 1, 1, 1, 1, 1, 1
1 , 0.024906, 0.029699, 0.032970, 0.037226, 0.036335, 0.035405, 0.033334
2 , 0.001490, 0.001472, 0.001659, 0.001544, 0.001693, 0.001916, 0.001732, 0.001941, 0.001816, 0.001897, 0.001949, 0.002009, 0.002016, 0.001949, 0.002135, 0.002075, 0.002149, 0.002097, 0.001949, 0.002149, 0.002031, 0.002031, 0.002215, 0.001050, 0.000766, 0.001073, 0.000997, 0.000977, 0.000665, 0.000906, 0.000731, 0.001067, 0.000952, 0.001017, 0.000837, 0.001189, 0.000851, 0.001020, 0.001022, 0.001138, 0.000989, 0.001219, 0.000968, 0.001133, 0.001052, 0.001000, 0.000964, 0.001008, 0.000962, 0.000762, 0.001475, 0.001672, 0.001577, 0.001658, 0.001615, 0.001806, 0.001777, 0.001836, 0.001769, 0.001672, 0.001916, 0.001798, 0.001855, 0.001663, 0.001683, 0.001733, 0.001728, 0.001793, 0.001690, 0.001769, 0.001868, 0.001696, 0.001781, 0.001360, 0.000597, 0.001400, 0.001228, 0.001277, 0.001089, 0.001193, 0.001084, 0.001103, 0.000962, 0.000927, 0.001057, 0.001157, 0.001141, 0.000909, 0.001149, 0.000938, 0.000943, 0.000903
2 , 1, 1, 1, 1, 1, 1, 1
2 , 0.020436, 0.024169, 0.027477, 0.031100, 0.034356, 0.035685, 0.035556
3 , 0.001672, 0.001577, 0.001658, 0.001615, 0.001806, 0.001777, 0.001836, 0.001769, 0.001672, 0.001916, 0.001798, 0.001855, 0.001663, 0.001683, 0.001733, 0.001728, 0.001793, 0.001690, 0.001769, 0.001868, 0.001696, 0.001781, 0.001360, 0.000597, 0.001400, 0.001228, 0.001277, 0.001089, 0.001193, 0.001084, 0.001103, 0.000962, 0.000927, 0.001057, 0.001157, 0.001141, 0.000909, 0.001149, 0.000938, 0.000943, 0.000903, 0.001059, 0.000935, 0.001196, 0.000843, 0.001355, 0.000175, 0.001148, 0.001404, 0.001350, 0.001521, 0.001294, 0.001553, 0.001715, 0.001689, 0.001836, 0.001595, 0.001810, 0.001826, 0.001789, 0.001767, 0.001701, 0.001936, 0.001789, 0.001855, 0.001803, 0.001669, 0.001758, 0.001605, 0.001701, 0.001940, 0.000120, 0.001165, 0.001255, 0.001174, 0.001123, 0.000902, 0.001017, 0.000847, 0.001012, 0.000963, 0.001012, 0.000696, 0.001012, 0.000731, 0.001027, 0.000877, 0.001143, 0.000877, 0.000982, 0.000822, 0.001003
3 , 1, 1, 1, 1, 1, 1, 1
3 , 0.022244, 0.025560, 0.028059, 0.032672, 0.030937, 0.029113, 0.029205
4 , 0.001350, 0.001521, 0.001294, 0.001553, 0.001715, 0.001689, 0.001836, 0.001595, 0.001810, 0.001826, 0.001789, 0.001767, 0.001701, 0.001936, 0.001789, 0.001855, 0.001803, 0.001669, 0.001758, 0.001605, 0.001701, 0.001940, 0.000120, 0.001165, 0.001255, 0.001174, 0.001123, 0.000902, 0.001017, 0.000847, 0.001012, 0.000963, 0.001012, 0.000696, 0.001012, 0.000731, 0.001027, 0.000877, 0.001143, 0.000877, 0.000982, 0.000822, 0.001003, 0.000727, 0.000963, 0.000862, 0.001116, 0.000360, 0.001093, 0.001479, 0.001523, 0.001500, 0.001707, 0.001417, 0.001740, 0.001532, 0.001611, 0.001513, 0.001535, 0.001858, 0.001600, 0.001776, 0.001636, 0.001764, 0.001851, 0.001572, 0.001616, 0.001549, 0.001593, 0.001835, 0.001584, 0.001918, 0.000801, 0.000926, 0.001276, 0.001217, 0.001201, 0.001008, 0.001124, 0.001000, 0.001181, 0.001056, 0.001186, 0.001112, 0.001091, 0.000975, 0.001100, 0.001126, 0.001089, 0.001077, 0.001011, 0.001100
4 , 1, 1, 1, 1, 1, 1, 1
4 , 0.019028, 0.022247, 0.025437, 0.027751, 0.028807, 0.028016, 0.027156
5 , 0.001523, 0.001500, 0.001707, 0.001417, 0.001740, 0.001532, 0.001611, 0.001513, 0.001535, 0.001858, 0.001600, 0.001776, 0.001636, 0.001764, 0.001851, 0.001572, 0.001616, 0.001549, 0.001593, 0.001835, 0.001584, 0.001918, 0.000801, 0.000926, 0.001276, 0.001217, 0.001201, 0.001008, 0.001124, 0.001000, 0.001181, 0.001056, 0.001186, 0.001112, 0.001091, 0.000975, 0.001100, 0.001126, 0.001089, 0.001077, 0.001011, 0.001100, 0.000949, 0.001016, 0.000970, 0.001093, 0.000703, 0.001372, 0.001704, 0.001676, 0.001742, 0.001676, 0.001742, 0.001979, 0.001883, 0.002038, 0.001809, 0.001853, 0.001950, 0.001964, 0.002038, 0.001772, 0.002024, 0.001957, 0.001875, 0.001904, 0.001756, 0.001993, 0.001768, 0.001970, 0.001650, 0.000473, 0.001102, 0.001144, 0.001134, 0.001024, 0.000964, 0.001140, 0.000949, 0.001034, 0.000928, 0.001113, 0.000984, 0.001189, 0.000870, 0.001119, 0.000894, 0.001146, 0.000925, 0.001220, 0.000885, 0.001089
5 , 1, 1, 1, 1, 1, 1, 1
5 , 0.022822, 0.026511, 0.029454, 0.032614, 0.030063, 0.028040, 0.026828
6 , 0.001676, 0.001742, 0.001676, 0.001742, 0.001979, 0.001883, 0.002038, 0.001809, 0.001853, 0.001950, 0.001964, 0.002038, 0.001772, 0.002024, 0.001957, 0.001875, 0.001904, 0.001756, 0.001993, 0.001768, 0.001970, 0.001650, 0.000473, 0.001102, 0.001144, 0.001134, 0.001024, 0.000964, 0.001140, 0.000949, 0.001034, 0.000928, 0.001113, 0.000984, 0.001189, 0.000870, 0.001119, 0.000894, 0.001146, 0.000925, 0.001220, 0.000885, 0.001089, 0.000833, 0.001171, 0.000995, 0.001246, 0.000028, 0.001230, 0.001402, 0.001619, 0.001513, 0.001669, 0.001462, 0.001594, 0.001659, 0.001793, 0.001868, 0.001564, 0.001813, 0.001697, 0.001734, 0.001719, 0.001631, 0.001806, 0.001719, 0.001713, 0.001460, 0.001550, 0.001824, 0.001567, 0.001933, 0.000081, 0.001079, 0.001190, 0.001075, 0.001200, 0.001025, 0.001222, 0.001040, 0.001300, 0.001026, 0.001135, 0.001012, 0.001223, 0.001067, 0.001211, 0.001137, 0.001130, 0.000998, 0.001152, 0.001011
6 , 1, 1, 1, 1, 1, 1, 1
6 , 0.022943, 0.025537, 0.028609, 0.029836, 0.031871, 0.029034, 0.027903
7 , 0.001619, 0.001513, 0.001669, 0.001462, 0.001594, 0.001659, 0.001793, 0.001868, 0.001564, 0.001813, 0.001697, 0.001734, 0.001719, 0.001631, 0.001806, 0.001719, 0.001713, 0.001460, 0.001550, 0.001824, 0.001567, 0.001933, 0.000081, 0.001079, 0.001190, 0.001075, 0.001200, 0.001025, 0.001222, 0.001040, 0.001300, 0.001026, 0.001135, 0.001012, 0.001223, 0.001067, 0.001211, 0.001137, 0.001130, 0.000998, 0.001152, 0.001011, 0.001046, 0.001003, 0.001098, 0.000500, 0.001238, 0.001333, 0.001659, 0.001643, 0.001842, 0.001643, 0.001569, 0.001872, 0.001672, 0.001855, 0.001612, 0.001894, 0.001931, 0.001798, 0.001983, 0.001859, 0.002036, 0.001910, 0.001903, 0.001910, 0.001621, 0.001989, 0.001770, 0.002147, 0.000960, 0.000853, 0.000886, 0.001057, 0.001072, 0.000901, 0.000881, 0.000966, 0.000846, 0.000802, 0.000887, 0.000968, 0.000893, 0.000968, 0.000819, 0.001035, 0.000925, 0.001031, 0.000843, 0.001047, 0.001033, 0.001193
7 , 1, 1, 1, 1, 1, 1, 1
7 , 0.024420, 0.028336, 0.032499, 0.033215, 0.029795, 0.027723, 0.026250
8 , 0.001643, 0.001842, 0.001643, 0.001569, 0.001872, 0.001672, 0.001855, 0.001612, 0.001894, 0.001931, 0.001798, 0.001983, 0.001859, 0.002036, 0.001910, 0.001903, 0.001910, 0.001621, 0.001989, 0.001770, 0.002147, 0.000960, 0.000853, 0.000886, 0.001057, 0.001072, 0.000901, 0.000881, 0.000966, 0.000846, 0.000802, 0.000887, 0.000968, 0.000893, 0.000968, 0.000819, 0.001035, 0.000925, 0.001031, 0.000843, 0.001047, 0.001033, 0.001193, 0.001005, 0.001172, 0.001012, 0.001253, 0.000491, 0.001257, 0.001262, 0.001444, 0.001419, 0.001531, 0.001353, 0.001678, 0.001511, 0.001650, 0.001556, 0.001425, 0.001841, 0.001666, 0.001733, 0.001587, 0.001624, 0.001890, 0.001654, 0.001816, 0.001839, 0.001878, 0.001808, 0.001784, 0.001824, 0.000631, 0.001087, 0.001094, 0.001034, 0.001260, 0.000950, 0.001070, 0.000816, 0.001057, 0.001028, 0.001239, 0.001026, 0.001100, 0.000991, 0.001260, 0.001116, 0.001290, 0.001026, 0.001290, 0.000998
8 , 1, 1, 1, 1, 1, 1, 1
8 , 0.023305, 0.025993, 0.029255, 0.029580, 0.031172, 0.028970, 0.027871
9 , 0.001444, 0.001419, 0.001531, 0.001353, 0.001678, 0.001511, 0.001650, 0.001556, 0.001425, 0.001841, 0.001666, 0.001733, 0.001587, 0.001624, 0.001890, 0.001654, 0.001816, 0.001839, 0.001878, 0.001808, 0.001784, 0.001824, 0.000631, 0.001087, 0.001094, 0.001034, 0.001260, 0.000950, 0.001070, 0.000816, 0.001057, 0.001028, 0.001239, 0.001026, 0.001100, 0.000991, 0.001260, 0.001116, 0.001290, 0.001026, 0.001290, 0.000998, 0.001138, 0.000879, 0.001221, 0.000079, 0.001386, 0.001391, 0.001814, 0.001599, 0.001717, 0.001643, 0.001710, 0.001821, 0.001740, 0.001844, 0.001622, 0.001858, 0.001842, 0.001811, 0.001788, 0.001618, 0.001815, 0.001731, 0.001686, 0.001656, 0.001502, 0.001755, 0.001583, 0.001598, 0.001513, 0.001838, 0.000368, 0.001398, 0.001330, 0.001244, 0.001179, 0.001270, 0.001144, 0.001126, 0.001086, 0.001207, 0.001137, 0.001132, 0.001079, 0.001035, 0.001214, 0.000968, 0.001092, 0.000962, 0.001258, 0.000992
9 , 1, 1, 1, 1, 1, 1, 1
9 , 0.018419, 0.021305, 0.025394, 0.027043, 0.026634, 0.023586, 0.022660
10 , 0.001599, 0.001717, 0.001643, 0.001710, 0.001821, 0.001740, 0.001844, 0.001622, 0.001858, 0.001842, 0.001811, 0.001788, 0.001618, 0.001815, 0.001731, 0.001686, 0.001656, 0.001502, 0.001755, 0.001583, 0.001598, 0.001513, 0.001838, 0.000368, 0.001398, 0.001330, 0.001244, 0.001179, 0.001270, 0.001144, 0.001126, 0.001086, 0.001207, 0.001137, 0.001132, 0.001079, 0.001035, 0.001214, 0.000968, 0.001092, 0.000962, 0.001258, 0.000992, 0.001120, 0.000911, 0.001181, 0.000946, 0.001060, 0.000920, 0.001106, 0.000871, 0.001085, 0.000881, 0.001217, 0.000943, 0.001212, 0.000922, 0.001217, 0.000914, 0.001165, 0.001077, 0.001304, 0.001056, 0.001341, 0.001154, 0.001275, 0.001171, 0.001352, 0.001157, 0.001343, 0.001178, 0.001382, 0.001171, 0.001214, 0.001175, 0.001119, 0.001128, 0.001249, 0.001142, 0.001160, 0.001128, 0.001107, 0.000998, 0.001084, 0.001056, 0.001086, 0.001084, 0.001014, 0.001144, 0.001065, 0.001190, 0.001007
10 , 2, 2, 2, 2, 2, 1, 1
10 , 0.012919, 0.013449, 0.013758, 0.013621, 0.014120, 0.012573, 0.012805
11 , 0.000871, 0.001085, 0.000881, 0.001217, 0.000943, 0.001212, 0.000922, 0.001217, 0.000914, 0.001165, 0.001077, 0.001304, 0.001056, 0.001341, 0.001154, 0.001275, 0.001171, 0.001352, 0.001157, 0.001343, 0.001178, 0.001382, 0.001171, 0.001214, 0.001175, 0.001119, 0.001128, 0.001249, 0.001142, 0.001160, 0.001128, 0.001107, 0.000998, 0.001084, 0.001056, 0.001086, 0.001084, 0.001014, 0.001144, 0.001065, 0.001190, 0.001007, 0.001186, 0.000935, 0.001137, 0.001040, 0.001200, 0.001000, 0.001251, 0.001126, 0.001248, 0.001100, 0.001316, 0.000949, 0.001248, 0.001049, 0.001174, 0.001005, 0.001299, 0.001142, 0.001225, 0.001044, 0.001309, 0.001031, 0.001274, 0.001179, 0.001332, 0.000961, 0.001195, 0.000940, 0.001184, 0.000943, 0.001096, 0.000957, 0.001166, 0.000916, 0.000954, 0.000774, 0.001009, 0.000930, 0.001116, 0.000866, 0.001066, 0.000962, 0.001031, 0.000924, 0.001049, 0.000949, 0.001067, 0.001216, 0.001193, 0.001052
11 , 3, 3, 1, 1, 1, 1, 1
11 , 0.003845, 0.003394, 0.003167, 0.003741, 0.003864, 0.003735, 0.003660
12 , 0.001248, 0.001100, 0.001316, 0.000949, 0.001248, 0.001049, 0.001174, 0.001005, 0.001299, 0.001142, 0.001225, 0.001044, 0.001309, 0.001031, 0.001274, 0.001179, 0.001332, 0.000961, 0.001195, 0.000940, 0.001184, 0.000943, 0.001096, 0.000957, 0.001166, 0.000916, 0.000954, 0.000774, 0.001009, 0.000930, 0.001116, 0.000866, 0.001066, 0.000962, 0.001031, 0.000924, 0.001049, 0.000949, 0.001067, 0.001216, 0.001193, 0.001052, 0.001233, 0.001163, 0.001207, 0.001068, 0.001184, 0.001233, 0.001089, 0.001218, 0.001159, 0.001263, 0.001237, 0.001256, 0.001040, 0.001165, 0.001132, 0.001223, 0.001093, 0.001276, 0.001065, 0.001154, 0.000966, 0.001025, 0.000881, 0.001096, 0.000966, 0.001081, 0.000890, 0.001114, 0.000843, 0.000937, 0.000722, 0.001053, 0.000808, 0.001034, 0.000889, 0.001099, 0.000813, 0.001078, 0.000823, 0.000988, 0.000833, 0.001054, 0.000925, 0.001111, 0.000843, 0.001130, 0.000991, 0.001236, 0.001130, 0.001406
12 , 1, 1, 1, 1, 1, 1, 1
12 , 0.006799, 0.005810, 0.005889, 0.004560, 0.003742, 0.002480, 0.001900
13 , 0.001184, 0.001233, 0.001089, 0.001218, 0.001159, 0.001263, 0.001237, 0.001256, 0.001040, 0.001165, 0.001132, 0.001223, 0.001093, 0.001276, 0.001065, 0.001154, 0.000966, 0.001025, 0.000881, 0.001096, 0.000966, 0.001081, 0.000890, 0.001114, 0.000843, 0.000937, 0.000722, 0.001053, 0.000808, 0.001034, 0.000889, 0.001099, 0.000813, 0.001078, 0.000823, 0.000988, 0.000833, 0.001054, 0.000925, 0.001111, 0.000843, 0.001130, 0.000991, 0.001236, 0.001130, 0.001406, 0.001172, 0.001340, 0.001268, 0.001544, 0.001268, 0.001549, 0.001238, 0.001466, 0.001237, 0.001448, 0.001242, 0.001269, 0.001175, 0.001214, 0.001040, 0.001075, 0.000837, 0.001087, 0.000896, 0.000831, 0.000727, 0.000834, 0.000745, 0.000707, 0.000600, 0.000703, 0.000629, 0.000540, 0.000444, 0.000523, 0.000531, 0.000665, 0.000635, 0.000676, 0.000772, 0.000966, 0.000921, 0.000902, 0.000900, 0.001010, 0.001214, 0.001219, 0.001296, 0.001311, 0.001281, 0.001198
13 , 1, 1, 1, 1, 1, 1, 1
13 , 0.012431, 0.011377, 0.009426, 0.008176, 0.005959, 0.004347, 0.001488
14 , 0.001172, 0.001340, 0.001268, 0.001544, 0.001268, 0.001549, 0.001238, 0.001466, 0.001237, 0.001448, 0.001242, 0.001269, 0.001175, 0.001214, 0.001040, 0.001075, 0.000837, 0.001087, 0.000896, 0.000831, 0.000727, 0.000834, 0.000745, 0.000707, 0.000600, 0.000703, 0.000629, 0.000540, 0.000444, 0.000523, 0.000531, 0.000665, 0.000635, 0.000676, 0.000772, 0.000966, 0.000921, 0.000902, 0.000900, 0.001010, 0.001214, 0.001219, 0.001296, 0.001311, 0.001281, 0.001198, 0.001539, 0.001332, 0.001448, 0.001431, 0.001570, 0.001432, 0.001500, 0.001328, 0.001634, 0.001336, 0.001522, 0.001340, 0.001393, 0.001392, 0.001483, 0.001182, 0.001278, 0.001008, 0.001281, 0.001138, 0.001292, 0.001197, 0.001239, 0.000924, 0.001193, 0.001040, 0.001211, 0.000942, 0.001255, 0.001216, 0.001241, 0.000986, 0.001205, 0.000945, 0.001163, 0.000908, 0.001133, 0.000973, 0.001223, 0.000903, 0.001252, 0.001043, 0.001087, 0.000927, 0.001133, 0.000919
14 , 1, 1, 1, 1, 1, 1, 1
14 , 0.016286, 0.015704, 0.014345, 0.012996, 0.011432, 0.010009, 0.007712
15 , 0.001539, 0.001332, 0.001448, 0.001431, 0.001570, 0.001432, 0.001500, 0.001328, 0.001634, 0.001336, 0.001522, 0.001340, 0.001393, 0.001392, 0.001483, 0.001182, 0.001278, 0.001008, 0.001281, 0.001138, 0.001292, 0.001197, 0.001239, 0.000924, 0.001193, 0.001040, 0.001211, 0.000942, 0.001255, 0.001216, 0.001241, 0.000986, 0.001205, 0.000945, 0.001163, 0.000908, 0.001133, 0.000973, 0.001223, 0.000903, 0.001252, 0.001043, 0.001087, 0.000927, 0.001133, 0.000919, 0.001297, 0.001023, 0.001251, 0.001163, 0.001193, 0.001101, 0.001252, 0.001171, 0.001368, 0.001204, 0.001408, 0.001209, 0.001209, 0.001216, 0.001282, 0.001071, 0.001313, 0.001200, 0.001153, 0.001136, 0.001240, 0.001097, 0.001236, 0.001163, 0.001168, 0.001180, 0.001119, 0.001147, 0.001183, 0.001195, 0.001225, 0.001109, 0.001174, 0.001191, 0.001210, 0.001207, 0.001049, 0.001209, 0.001049, 0.001186, 0.001084, 0.001022, 0.001001, 0.001047, 0.000992, 0.001085
15 , 1, 1, 1, 1, 1, 1, 1
15 , 0.007085, 0.007207, 0.008008, 0.007860, 0.008132, 0.007374, 0.007424
16 , 0.001193, 0.001101, 0.001252, 0.001171, 0.001368, 0.001204, 0.001408, 0.001209, 0.001209, 0.001216, 0.001282, 0.001071, 0.001313, 0.001200, 0.001153, 0.001136, 0.001240, 0.001097, 0.001236, 0.001163, 0.001168, 0.001180, 0.001119, 0.001147, 0.001183, 0.001195, 0.001225, 0.001109, 0.001174, 0.001191, 0.001210, 0.001207, 0.001049, 0.001209, 0.001049, 0.001186, 0.001084, 0.001022, 0.001001, 0.001047, 0.000992, 0.001085, 0.000981, 0.001011, 0.000855, 0.000990, 0.000901, 0.001212, 0.001133, 0.001193, 0.001040, 0.001302, 0.001242, 0.001212, 0.001124, 0.001361, 0.001074, 0.001445, 0.001176, 0.001427, 0.001297, 0.001526, 0.001199, 0.001462, 0.001492, 0.001574, 0.001272, 0.001535, 0.001177, 0.001379, 0.001194, 0.001470, 0.001345, 0.001552, 0.001271, 0.001397, 0.001246, 0.001418, 0.001207, 0.001359, 0.001216, 0.001354, 0.001264, 0.001411, 0.001096, 0.001205, 0.001080, 0.001198, 0.001040, 0.001299, 0.001084, 0.001146
16 , 2, 2, 1, 1, 1, 1, 1
16 , 0.002582, 0.002830, 0.003101, 0.003736, 0.004220, 0.004566, 0.005428
