0 , 0.001173, 0.001421, 0.001288, 0.001293, 0.001218, 0.001232, 0.001465, 0.001371, 0.001531, 0.001296, 0.001447, 0.001513, 0.001422, 0.001600, 0.001424, 0.001525, 0.001509, 0.001424, 0.001522, 0.001323, 0.001616, 0.001444, 0.001706, 0.000804, 0.001099, 0.001280, 0.001366, 0.001255, 0.001206, 0.001150, 0.001111, 0.001215, 0.001115, 0.001016, 0.001078, 0.000973, 0.001214, 0.001123, 0.001284, 0.001074, 0.001225, 0.001087, 0.001238, 0.001015, 0.001252, 0.001031, 0.001180, 0.000477, 0.001100, 0.001177, 0.001346, 0.001398, 0.001449, 0.001231, 0.001620, 0.001563, 0.001528, 0.001507, 0.001514, 0.001654, 0.001439, 0.001570, 0.001365, 0.001551, 0.001535, 0.001381, 0.001523, 0.001426, 0.001547, 0.001570, 0.001572, 0.001627, 0.000806, 0.001182, 0.001420, 0.001144, 0.001347, 0.001129, 0.001321, 0.001166, 0.001416, 0.001250, 0.001586, 0.001314, 0.001573, 0.001354, 0.001661, 0.001573, 0.001803, 0.001596, 0.001822, 0.001571
0 , 2, 2, 2, 1, 1, 2, 2
0 , 0.004565, 0.004446, 0.005391, 0.006342, 0.008927, 0.006984, 0.007412
1 , 0.001346, 0.001398, 0.001449, 0.001231, 0.001620, 0.001563, 0.001528, 0.001507, 0.001514, 0.001654, 0.001439, 0.001570, 0.001365, 0.001551, 0.001535, 0.001381, 0.001523, 0.001426, 0.001547, 0.001570, 0.001572, 0.001627, 0.000806, 0.001182, 0.001420, 0.001144, 0.001347, 0.001129, 0.001321, 0.001166, 0.001416, 0.001250, 0.001586, 0.001314, 0.001573, 0.001354, 0.001661, 0.001573, 0.001803, 0.001596, 0.001822, 0.001571, 0.001953, 0.001768, 0.001882, 0.001753, 0.001977, 0.001022, 0.000340, 0.000453, 0.000574, 0.000520, 0.000664, 0.000592, 0.000663, 0.000955, 0.001012, 0.001075, 0.001045, 0.001298, 0.001293, 0.001227, 0.001359, 0.001259, 0.001628, 0.001470, 0.001547, 0.001594, 0.001390, 0.001806, 0.001491, 0.001832, 0.000018, 0.001233, 0.001269, 0.001268, 0.001163, 0.001063, 0.001169, 0.001085, 0.001179, 0.001155, 0.001225, 0.001090, 0.001169, 0.001200, 0.001154, 0.001249, 0.001144, 0.001193, 0.001119, 0.001103
1 , 0, 0, 0, 0, 0, 0, 2
1 , 0.003774, 0.003289, 0.002258, 0.002257, 0.001414, 0.002152, 0.000732
2 , 0.001977, 0.001022, 0.000340, 0.000453, 0.000574, 0.000520, 0.000664, 0.000592, 0.000663, 0.000955, 0.001012, 0.001075, 0.001045, 0.001298, 0.001293, 0.001227, 0.001359, 0.001259, 0.001628, 0.001470, 0.001547, 0.001594, 0.001390, 0.001806, 0.001491, 0.001832, 0.000018, 0.001233, 0.001269, 0.001268, 0.001163, 0.001063, 0.001169, 0.001085, 0.001179, 0.001155, 0.001225, 0.001090, 0.001169, 0.001200, 0.001154, 0.001249, 0.001144, 0.001193, 0.001119, 0.001103, 0.001044, 0.001057, 0.001071, 0.001015, 0.000861, 0.001089, 0.001376, 0.001411, 0.001433, 0.001448, 0.001330, 0.001566, 0.001512, 0.001594, 0.001393, 0.001302, 0.001374, 0.001383, 0.001584, 0.001385, 0.001428, 0.001529, 0.001358, 0.001497, 0.001362, 0.001449, 0.001641, 0.001433, 0.001390, 0.001511, 0.001098, 0.001212, 0.001505, 0.001421, 0.001386, 0.001117, 0.001365, 0.001092, 0.001338, 0.001064, 0.001328, 0.001271, 0.001321, 0.000989, 0.001240, 0.001045
2 , 0, 3, 3, 3, 3, 3, 1
2 , 0.003551, 0.003144, 0.003686, 0.003930, 0.004794, 0.004507, 0.004241
3 , 0.000861, 0.001089, 0.001376, 0.001411, 0.001433, 0.001448, 0.001330, 0.001566, 0.001512, 0.001594, 0.001393, 0.001302, 0.001374, 0.001383, 0.001584, 0.001385, 0.001428, 0.001529, 0.001358, 0.001497, 0.001362, 0.001449, 0.001641, 0.001433, 0.001390, 0.001511, 0.001098, 0.001212, 0.001505, 0.001421, 0.001386, 0.001117, 0.001365, 0.001092, 0.001338, 0.001064, 0.001328, 0.001271, 0.001321, 0.000989, 0.001240, 0.001045, 0.001231, 0.000981, 0.001236, 0.001011, 0.001097, 0.001078, 0.001181, 0.001050, 0.001141, 0.001073, 0.000226, 0.001069, 0.001393, 0.001480, 0.001344, 0.001390, 0.001580, 0.001531, 0.001620, 0.001414, 0.001776, 0.001711, 0.001786, 0.001622, 0.001444, 0.001759, 0.001601, 0.001542, 0.001491, 0.001516, 0.001734, 0.001516, 0.001529, 0.001555, 0.001679, 0.000344, 0.001484, 0.001173, 0.001363, 0.001145, 0.001354, 0.001219, 0.001268, 0.001221, 0.001252, 0.001182, 0.001185, 0.001185, 0.001166, 0.001227
3 , 2, 1, 1, 1, 1, 1, 1
3 , 0.001476, 0.002349, 0.003898, 0.005344, 0.007388, 0.009008, 0.010213
4 , 0.000226, 0.001069, 0.001393, 0.001480, 0.001344, 0.001390, 0.001580, 0.001531, 0.001620, 0.001414, 0.001776, 0.001711, 0.001786, 0.001622, 0.001444, 0.001759, 0.001601, 0.001542, 0.001491, 0.001516, 0.001734, 0.001516, 0.001529, 0.001555, 0.001679, 0.000344, 0.001484, 0.001173, 0.001363, 0.001145, 0.001354, 0.001219, 0.001268, 0.001221, 0.001252, 0.001182, 0.001185, 0.001185, 0.001166, 0.001227, 0.001252, 0.001265, 0.001130, 0.001243, 0.001278, 0.001290, 0.001143, 0.001389, 0.000400, 0.000871, 0.001250, 0.001277, 0.001406, 0.001106, 0.001499, 0.001303, 0.001319, 0.001433, 0.001454, 0.001564, 0.001456, 0.001609, 0.001490, 0.001429, 0.001531, 0.001472, 0.001641, 0.001303, 0.001467, 0.001545, 0.001471, 0.001284, 0.001632, 0.000318, 0.001435, 0.001396, 0.001496, 0.001305, 0.001345, 0.001274, 0.001221, 0.001471, 0.001263, 0.001479, 0.001332, 0.001484, 0.001198, 0.001431, 0.001056, 0.001354, 0.001207, 0.001367
4 , 1, 1, 1, 1, 1, 1, 1
4 , 0.002864, 0.003869, 0.005499, 0.006747, 0.008128, 0.011166, 0.010721
5 , 0.001277, 0.001406, 0.001106, 0.001499, 0.001303, 0.001319, 0.001433, 0.001454, 0.001564, 0.001456, 0.001609, 0.001490, 0.001429, 0.001531, 0.001472, 0.001641, 0.001303, 0.001467, 0.001545, 0.001471, 0.001284, 0.001632, 0.000318, 0.001435, 0.001396, 0.001496, 0.001305, 0.001345, 0.001274, 0.001221, 0.001471, 0.001263, 0.001479, 0.001332, 0.001484, 0.001198, 0.001431, 0.001056, 0.001354, 0.001207, 0.001367, 0.001242, 0.001467, 0.001304, 0.001447, 0.001025, 0.001403, 0.000875, 0.000508, 0.001297, 0.001369, 0.001435, 0.001355, 0.001391, 0.001396, 0.001383, 0.001540, 0.001400, 0.001589, 0.001618, 0.001575, 0.001678, 0.001426, 0.001580, 0.001492, 0.001646, 0.001518, 0.001401, 0.001573, 0.001449, 0.001513, 0.001540, 0.001000, 0.000945, 0.001560, 0.001310, 0.001479, 0.001248, 0.001338, 0.001186, 0.001423, 0.001224, 0.001479, 0.001309, 0.001555, 0.001387, 0.001469, 0.001473, 0.001603, 0.001379, 0.001439, 0.001400
5 , 1, 1, 1, 1, 1, 1, 1
5 , 0.001275, 0.002689, 0.003796, 0.004630, 0.003912, 0.004971, 0.004474
6 , 0.001435, 0.001355, 0.001391, 0.001396, 0.001383, 0.001540, 0.001400, 0.001589, 0.001618, 0.001575, 0.001678, 0.001426, 0.001580, 0.001492, 0.001646, 0.001518, 0.001401, 0.001573, 0.001449, 0.001513, 0.001540, 0.001000, 0.000945, 0.001560, 0.001310, 0.001479, 0.001248, 0.001338, 0.001186, 0.001423, 0.001224, 0.001479, 0.001309, 0.001555, 0.001387, 0.001469, 0.001473, 0.001603, 0.001379, 0.001439, 0.001400, 0.001404, 0.001391, 0.001478, 0.001413, 0.000005, 0.000889, 0.001005, 0.001067, 0.001144, 0.001090, 0.001451, 0.001291, 0.001435, 0.001319, 0.001365, 0.001552, 0.001332, 0.001486, 0.001412, 0.001538, 0.001671, 0.001449, 0.001492, 0.001393, 0.001531, 0.001519, 0.001342, 0.001516, 0.001437, 0.000338, 0.001474, 0.001426, 0.001423, 0.001352, 0.001296, 0.001317, 0.001369, 0.001459, 0.001281, 0.001423, 0.001350, 0.001419, 0.001371, 0.001544, 0.001319, 0.001416, 0.001207, 0.001458, 0.001250, 0.001422, 0.001267
6 , 2, 2, 1, 2, 2, 1, 1
6 , 0.002271, 0.003008, 0.004772, 0.004562, 0.003502, 0.004333, 0.004540
7 , 0.001067, 0.001144, 0.001090, 0.001451, 0.001291, 0.001435, 0.001319, 0.001365, 0.001552, 0.001332, 0.001486, 0.001412, 0.001538, 0.001671, 0.001449, 0.001492, 0.001393, 0.001531, 0.001519, 0.001342, 0.001516, 0.001437, 0.000338, 0.001474, 0.001426, 0.001423, 0.001352, 0.001296, 0.001317, 0.001369, 0.001459, 0.001281, 0.001423, 0.001350, 0.001419, 0.001371, 0.001544, 0.001319, 0.001416, 0.001207, 0.001458, 0.001250, 0.001422, 0.001267, 0.001435, 0.001146, 0.001581, 0.000551, 0.000676, 0.000962, 0.000988, 0.001151, 0.001038, 0.001233, 0.001369, 0.001250, 0.001339, 0.001219, 0.001388, 0.001302, 0.001338, 0.001451, 0.001373, 0.001547, 0.001364, 0.001394, 0.001474, 0.001311, 0.001434, 0.001276, 0.001227, 0.001546, 0.000161, 0.001319, 0.001477, 0.001465, 0.001245, 0.001145, 0.001268, 0.001020, 0.001203, 0.001094, 0.001303, 0.001082, 0.001295, 0.001011, 0.001217, 0.000999, 0.001280, 0.001150, 0.001286, 0.001092
7 , 3, 1, 1, 1, 1, 1, 1
7 , 0.002243, 0.001301, 0.002417, 0.002485, 0.002682, 0.002297, 0.003343
8 , 0.001038, 0.001233, 0.001369, 0.001250, 0.001339, 0.001219, 0.001388, 0.001302, 0.001338, 0.001451, 0.001373, 0.001547, 0.001364, 0.001394, 0.001474, 0.001311, 0.001434, 0.001276, 0.001227, 0.001546, 0.000161, 0.001319, 0.001477, 0.001465, 0.001245, 0.001145, 0.001268, 0.001020, 0.001203, 0.001094, 0.001303, 0.001082, 0.001295, 0.001011, 0.001217, 0.000999, 0.001280, 0.001150, 0.001286, 0.001092, 0.001402, 0.001161, 0.001431, 0.000992, 0.000631, 0.001090, 0.001238, 0.001259, 0.001141, 0.000958, 0.001320, 0.001274, 0.001158, 0.001071, 0.000995, 0.001160, 0.001081, 0.001249, 0.001123, 0.001153, 0.001262, 0.001164, 0.001307, 0.001178, 0.001343, 0.001515, 0.001276, 0.001515, 0.000720, 0.001059, 0.001509, 0.001520, 0.001477, 0.001259, 0.001368, 0.001233, 0.001328, 0.001082, 0.001138, 0.001129, 0.001289, 0.001271, 0.001162, 0.001355, 0.001274, 0.001390, 0.001325, 0.001351, 0.001268, 0.001414, 0.001289, 0.001383
8 , 2, 2, 2, 2, 2, 2, 1
8 , 0.004183, 0.006286, 0.004791, 0.004643, 0.004722, 0.005008, 0.003893
9 , 0.001259, 0.001141, 0.000958, 0.001320, 0.001274, 0.001158, 0.001071, 0.000995, 0.001160, 0.001081, 0.001249, 0.001123, 0.001153, 0.001262, 0.001164, 0.001307, 0.001178, 0.001343, 0.001515, 0.001276, 0.001515, 0.000720, 0.001059, 0.001509, 0.001520, 0.001477, 0.001259, 0.001368, 0.001233, 0.001328, 0.001082, 0.001138, 0.001129, 0.001289, 0.001271, 0.001162, 0.001355, 0.001274, 0.001390, 0.001325, 0.001351, 0.001268, 0.001414, 0.001289, 0.001383, 0.001202, 0.001542, 0.000154, 0.000827, 0.001164, 0.001101, 0.001101, 0.001207, 0.001088, 0.001479, 0.001350, 0.001399, 0.001181, 0.001247, 0.001419, 0.001365, 0.001368, 0.001341, 0.001526, 0.001479, 0.001461, 0.001580, 0.001422, 0.001685, 0.001479, 0.001472, 0.001593, 0.000455, 0.001338, 0.001512, 0.001365, 0.001268, 0.001131, 0.001189, 0.001080, 0.001205, 0.001027, 0.001219, 0.001113, 0.001324, 0.001043, 0.001252, 0.001126, 0.001377, 0.001043, 0.001294, 0.001034
9 , 3, 3, 3, 3, 3, 3, 1
9 , 0.003010, 0.003415, 0.003139, 0.004847, 0.005724, 0.003599, 0.002692
10 , 0.001101, 0.001101, 0.001207, 0.001088, 0.001479, 0.001350, 0.001399, 0.001181, 0.001247, 0.001419, 0.001365, 0.001368, 0.001341, 0.001526, 0.001479, 0.001461, 0.001580, 0.001422, 0.001685, 0.001479, 0.001472, 0.001593, 0.000455, 0.001338, 0.001512, 0.001365, 0.001268, 0.001131, 0.001189, 0.001080, 0.001205, 0.001027, 0.001219, 0.001113, 0.001324, 0.001043, 0.001252, 0.001126, 0.001377, 0.001043, 0.001294, 0.001034, 0.001450, 0.001157, 0.001512, 0.000636, 0.000682, 0.000942, 0.001276, 0.001200, 0.001280, 0.001015, 0.001343, 0.001399, 0.001322, 0.001269, 0.001219, 0.001461, 0.001467, 0.001357, 0.001184, 0.001390, 0.001479, 0.001296, 0.001463, 0.001287, 0.001383, 0.001433, 0.001328, 0.001579, 0.001096, 0.001807, 0.000411, 0.001402, 0.001426, 0.001512, 0.001190, 0.001260, 0.001158, 0.001152, 0.001015, 0.001015, 0.000894, 0.000889, 0.000984, 0.000864, 0.000954, 0.000794, 0.000969, 0.000839, 0.001045, 0.000699
10 , 1, 1, 1, 1, 1, 1, 1
10 , 0.003991, 0.005588, 0.008545, 0.010697, 0.011352, 0.010378, 0.011588
11 , 0.001343, 0.001399, 0.001322, 0.001269, 0.001219, 0.001461, 0.001467, 0.001357, 0.001184, 0.001390, 0.001479, 0.001296, 0.001463, 0.001287, 0.001383, 0.001433, 0.001328, 0.001579, 0.001096, 0.001807, 0.000411, 0.001402, 0.001426, 0.001512, 0.001190, 0.001260, 0.001158, 0.001152, 0.001015, 0.001015, 0.000894, 0.000889, 0.000984, 0.000864, 0.000954, 0.000794, 0.000969, 0.000839, 0.001045, 0.000699, 0.000884, 0.000819, 0.001010, 0.000895, 0.001131, 0.001057, 0.001133, 0.001081, 0.001222, 0.001050, 0.001261, 0.001017, 0.001384, 0.001041, 0.001412, 0.001156, 0.001333, 0.001207, 0.001534, 0.001284, 0.001461, 0.001478, 0.001392, 0.001249, 0.001560, 0.001223, 0.001482, 0.001443, 0.001456, 0.001279, 0.001387, 0.001417, 0.001448, 0.001288, 0.001431, 0.001254, 0.001342, 0.001329, 0.001443, 0.001310, 0.001317, 0.001348, 0.001265, 0.001260, 0.001200, 0.001295, 0.001277, 0.001311, 0.001259, 0.001393, 0.001302, 0.001380
11 , 2, 2, 2, 2, 1, 1, 1
11 , 0.008134, 0.009028, 0.007315, 0.007710, 0.008328, 0.008992, 0.009192
12 , 0.001384, 0.001041, 0.001412, 0.001156, 0.001333, 0.001207, 0.001534, 0.001284, 0.001461, 0.001478, 0.001392, 0.001249, 0.001560, 0.001223, 0.001482, 0.001443, 0.001456, 0.001279, 0.001387, 0.001417, 0.001448, 0.001288, 0.001431, 0.001254, 0.001342, 0.001329, 0.001443, 0.001310, 0.001317, 0.001348, 0.001265, 0.001260, 0.001200, 0.001295, 0.001277, 0.001311, 0.001259, 0.001393, 0.001302, 0.001380, 0.001163, 0.001414, 0.001336, 0.001539, 0.001361, 0.001539, 0.001345, 0.001475, 0.001241, 0.001453, 0.001126, 0.001480, 0.001385, 0.001399, 0.001272, 0.001509, 0.001249, 0.001561, 0.001383, 0.001647, 0.001478, 0.001552, 0.001271, 0.001526, 0.001275, 0.001547, 0.001413, 0.001504, 0.001383, 0.001517, 0.001293, 0.001358, 0.001144, 0.001366, 0.001192, 0.001375, 0.001215, 0.001198, 0.001168, 0.001335, 0.001054, 0.001157, 0.001130, 0.001166, 0.000949, 0.001055, 0.000920, 0.000817, 0.000714, 0.000685, 0.000723, 0.000840
12 , 3, 1, 1, 1, 1, 1, 1
12 , 0.006037, 0.006399, 0.007268, 0.007883, 0.008346, 0.008886, 0.009210
13 , 0.001385, 0.001399, 0.001272, 0.001509, 0.001249, 0.001561, 0.001383, 0.001647, 0.001478, 0.001552, 0.001271, 0.001526, 0.001275, 0.001547, 0.001413, 0.001504, 0.001383, 0.001517, 0.001293, 0.001358, 0.001144, 0.001366, 0.001192, 0.001375, 0.001215, 0.001198, 0.001168, 0.001335, 0.001054, 0.001157, 0.001130, 0.001166, 0.000949, 0.001055, 0.000920, 0.000817, 0.000714, 0.000685, 0.000723, 0.000840, 0.000782, 0.000733, 0.000771, 0.000681, 0.000714, 0.000662, 0.000785, 0.000786, 0.000919, 0.000781, 0.000910, 0.001020, 0.001120, 0.000972, 0.001074, 0.001168, 0.001305, 0.001219, 0.001357, 0.001329, 0.001493, 0.001397, 0.001621, 0.001400, 0.001538, 0.001154, 0.001560, 0.001423, 0.001642, 0.001470, 0.001561, 0.001402, 0.001657, 0.001349, 0.001595, 0.001452, 0.001607, 0.001292, 0.001534, 0.001357, 0.001582, 0.001358, 0.001476, 0.001247, 0.001452, 0.001155, 0.001454, 0.001208, 0.001481, 0.001057, 0.001184, 0.001089
13 , 2, 2, 2, 2, 2, 2, 1
13 , 0.015779, 0.014815, 0.014221, 0.013440, 0.012958, 0.012160, 0.012014
14 , 0.000785, 0.000786, 0.000919, 0.000781, 0.000910, 0.001020, 0.001120, 0.000972, 0.001074, 0.001168, 0.001305, 0.001219, 0.001357, 0.001329, 0.001493, 0.001397, 0.001621, 0.001400, 0.001538, 0.001154, 0.001560, 0.001423, 0.001642, 0.001470, 0.001561, 0.001402, 0.001657, 0.001349, 0.001595, 0.001452, 0.001607, 0.001292, 0.001534, 0.001357, 0.001582, 0.001358, 0.001476, 0.001247, 0.001452, 0.001155, 0.001454, 0.001208, 0.001481, 0.001057, 0.001184, 0.001089, 0.001324, 0.001164, 0.001292, 0.000981, 0.001306, 0.001065, 0.001238, 0.001062, 0.001167, 0.001157, 0.001056, 0.000976, 0.001112, 0.000981, 0.001192, 0.000957, 0.001113, 0.001104, 0.001234, 0.001054, 0.001069, 0.001065, 0.001134, 0.001035, 0.001158, 0.001203, 0.001172, 0.001055, 0.001106, 0.001090, 0.001046, 0.001166, 0.001096, 0.001071, 0.000996, 0.001142, 0.001178, 0.001244, 0.001206, 0.001428, 0.001375, 0.001333, 0.001336, 0.001322, 0.001222, 0.001550
14 , 0, 0, 0, 0, 0, 0, 0
14 , 0.008899, 0.008694, 0.007620, 0.007316, 0.006174, 0.005760, 0.004714
15 , 0.001324, 0.001164, 0.001292, 0.000981, 0.001306, 0.001065, 0.001238, 0.001062, 0.001167, 0.001157, 0.001056, 0.000976, 0.001112, 0.000981, 0.001192, 0.000957, 0.001113, 0.001104, 0.001234, 0.001054, 0.001069, 0.001065, 0.001134, 0.001035, 0.001158, 0.001203, 0.001172, 0.001055, 0.001106, 0.001090, 0.001046, 0.001166, 0.001096, 0.001071, 0.000996, 0.001142, 0.001178, 0.001244, 0.001206, 0.001428, 0.001375, 0.001333, 0.001336, 0.001322, 0.001222, 0.001550, 0.001436, 0.001500, 0.001306, 0.001500, 0.001383, 0.001542, 0.001426, 0.001495, 0.001344, 0.001599, 0.001288, 0.001491, 0.001478, 0.001568, 0.001344, 0.001478, 0.001344, 0.001547, 0.001417, 0.001699, 0.001444, 0.001621, 0.001295, 0.001366, 0.001085, 0.001354, 0.001221, 0.001335, 0.001089, 0.001363, 0.001129, 0.001352, 0.001087, 0.001361, 0.001097, 0.001363, 0.001133, 0.001208, 0.001066, 0.001270, 0.001168, 0.001440, 0.001218, 0.001464, 0.001325, 0.001471
15 , 3, 3, 3, 3, 3, 3, 3
15 , 0.005753, 0.005829, 0.006281, 0.005940, 0.006382, 0.006496, 0.006968
16 , 0.001426, 0.001495, 0.001344, 0.001599, 0.001288, 0.001491, 0.001478, 0.001568, 0.001344, 0.001478, 0.001344, 0.001547, 0.001417, 0.001699, 0.001444, 0.001621, 0.001295, 0.001366, 0.001085, 0.001354, 0.001221, 0.001335, 0.001089, 0.001363, 0.001129, 0.001352, 0.001087, 0.001361, 0.001097, 0.001363, 0.001133, 0.001208, 0.001066, 0.001270, 0.001168, 0.001440, 0.001218, 0.001464, 0.001325, 0.001471, 0.001320, 0.001423, 0.001173, 0.001407, 0.001367, 0.001467, 0.001281, 0.001355, 0.001269, 0.001468, 0.001283, 0.001198, 0.001254, 0.001328, 0.001273, 0.001196, 0.001173, 0.001187, 0.001227, 0.001155, 0.001079, 0.001023, 0.001123, 0.001078, 0.001157, 0.001147, 0.001086, 0.001212, 0.001142, 0.001137, 0.001127, 0.001008, 0.001163, 0.000995, 0.001171, 0.001203, 0.001349, 0.001296, 0.001191, 0.001210, 0.001292, 0.001320, 0.001446, 0.001416, 0.001462, 0.001345, 0.001440, 0.001396, 0.001586, 0.001349, 0.001483, 0.001340
16 , 2, 2, 2, 2, 2, 2, 2
16 , 0.005067, 0.005340, 0.005609, 0.005823, 0.006034, 0.006197, 0.006668
