0 , 0.001415, 0.001499, 0.001557, 0.001536, 0.001818, 0.001603, 0.001596, 0.001687, 0.001583, 0.001933, 0.001823, 0.001869, 0.001834, 0.001862, 0.001943, 0.001849, 0.001900, 0.001848, 0.001832, 0.001988, 0.001859, 0.002052, 0.001419, 0.000439, 0.001169, 0.001167, 0.001040, 0.000963, 0.001014, 0.000944, 0.000916, 0.001044, 0.001021, 0.001133, 0.000938, 0.001087, 0.001005, 0.001044, 0.000983, 0.001169, 0.001014, 0.001140, 0.000945, 0.001075, 0.000964, 0.001158, 0.000847, 0.001208, 0.000209, 0.001248, 0.001454, 0.001432, 0.001356, 0.001473, 0.001363, 0.001770, 0.001610, 0.001653, 0.001553, 0.001603, 0.001793, 0.001564, 0.001825, 0.001665, 0.001756, 0.001750, 0.001722, 0.001811, 0.001523, 0.001809, 0.001891, 0.001618, 0.001964, 0.000094, 0.001072, 0.001232, 0.001131, 0.001066, 0.000799, 0.001030, 0.000853, 0.001068, 0.000803, 0.000992, 0.000726, 0.000991, 0.000625, 0.000856, 0.000620, 0.000815, 0.000575, 0.000816
0 , 1, 1, 1, 1, 1, 1, 1
0 , 0.019662, 0.023077, 0.026656, 0.030542, 0.032104, 0.034111, 0.032008
1 , 0.001432, 0.001356, 0.001473, 0.001363, 0.001770, 0.001610, 0.001653, 0.001553, 0.001603, 0.001793, 0.001564, 0.001825, 0.001665, 0.001756, 0.001750, 0.001722, 0.001811, 0.001523, 0.001809, 0.001891, 0.001618, 0.001964, 0.000094, 0.001072, 0.001232, 0.001131, 0.001066, 0.000799, 0.001030, 0.000853, 0.001068, 0.000803, 0.000992, 0.000726, 0.000991, 0.000625, 0.000856, 0.000620, 0.000815, 0.000575, 0.000816, 0.000680, 0.000881, 0.000576, 0.000856, 0.000136, 0.001550, 0.001595, 0.001876, 0.001838, 0.001837, 0.001727, 0.001852, 0.001910, 0.001784, 0.001975, 0.001716, 0.001974, 0.001848, 0.001793, 0.001844, 0.001762, 0.001984, 0.001886, 0.001767, 0.001706, 0.001699, 0.001887, 0.001601, 0.001756, 0.001534, 0.002135, 0.001074, 0.001282, 0.001262, 0.001318, 0.001188, 0.001145, 0.001059, 0.000930, 0.001049, 0.000919, 0.001007, 0.000847, 0.000949, 0.000865, 0.001039, 0.000914, 0.000982, 0.000641, 0.000991, 0.000742
1 , 1, 1, 1, 1, 1, 1, 1
1 , 0.026112, 0.030535, 0.034772, 0.036471, 0.035217, 0.033595, 0.032535
2 , 0.001838, 0.001837, 0.001727, 0.001852, 0.001910, 0.001784, 0.001975, 0.001716, 0.001974, 0.001848, 0.001793, 0.001844, 0.001762, 0.001984, 0.001886, 0.001767, 0.001706, 0.001699, 0.001887, 0.001601, 0.001756, 0.001534, 0.002135, 0.001074, 0.001282, 0.001262, 0.001318, 0.001188, 0.001145, 0.001059, 0.000930, 0.001049, 0.000919, 0.001007, 0.000847, 0.000949, 0.000865, 0.001039, 0.000914, 0.000982, 0.000641, 0.000991, 0.000742, 0.001091, 0.000806, 0.000941, 0.000761, 0.000931, 0.000739, 0.000687, 0.001589, 0.001524, 0.001592, 0.001398, 0.001726, 0.001639, 0.001646, 0.001637, 0.001587, 0.001820, 0.001688, 0.001798, 0.001448, 0.001640, 0.001782, 0.001612, 0.001880, 0.001651, 0.001770, 0.001857, 0.001779, 0.001878, 0.001900, 0.001891, 0.000567, 0.001284, 0.001106, 0.001095, 0.000834, 0.001008, 0.000787, 0.000982, 0.000777, 0.001012, 0.000762, 0.000952, 0.000786, 0.000987, 0.000857, 0.000867, 0.000836, 0.001027
2 , 1, 1, 1, 1, 1, 1, 1
2 , 0.021140, 0.023852, 0.026767, 0.028968, 0.032385, 0.034070, 0.036412
3 , 0.001592, 0.001398, 0.001726, 0.001639, 0.001646, 0.001637, 0.001587, 0.001820, 0.001688, 0.001798, 0.001448, 0.001640, 0.001782, 0.001612, 0.001880, 0.001651, 0.001770, 0.001857, 0.001779, 0.001878, 0.001900, 0.001891, 0.000567, 0.001284, 0.001106, 0.001095, 0.000834, 0.001008, 0.000787, 0.000982, 0.000777, 0.001012, 0.000762, 0.000952, 0.000786, 0.000987, 0.000857, 0.000867, 0.000836, 0.001027, 0.000908, 0.000947, 0.000903, 0.000821, 0.000910, 0.000236, 0.001394, 0.001660, 0.001626, 0.001558, 0.001670, 0.001873, 0.001466, 0.001655, 0.001627, 0.001818, 0.001800, 0.001690, 0.001702, 0.001567, 0.001653, 0.001608, 0.001532, 0.001614, 0.001514, 0.001887, 0.001708, 0.001845, 0.001660, 0.001975, 0.000196, 0.001400, 0.001229, 0.001307, 0.001246, 0.001242, 0.001147, 0.001208, 0.001131, 0.001038, 0.001065, 0.000940, 0.001023, 0.000919, 0.001049, 0.001090, 0.001202, 0.001072, 0.001098, 0.000941, 0.001247, 0.000893
3 , 1, 1, 1, 1, 1, 1, 1
3 , 0.023355, 0.026982, 0.031423, 0.030392, 0.028133, 0.027417, 0.026041
4 , 0.001626, 0.001558, 0.001670, 0.001873, 0.001466, 0.001655, 0.001627, 0.001818, 0.001800, 0.001690, 0.001702, 0.001567, 0.001653, 0.001608, 0.001532, 0.001614, 0.001514, 0.001887, 0.001708, 0.001845, 0.001660, 0.001975, 0.000196, 0.001400, 0.001229, 0.001307, 0.001246, 0.001242, 0.001147, 0.001208, 0.001131, 0.001038, 0.001065, 0.000940, 0.001023, 0.000919, 0.001049, 0.001090, 0.001202, 0.001072, 0.001098, 0.000941, 0.001247, 0.000893, 0.001280, 0.001090, 0.001358, 0.000669, 0.000590, 0.001095, 0.000865, 0.001024, 0.000977, 0.001321, 0.001267, 0.001071, 0.001136, 0.001170, 0.001302, 0.001233, 0.001296, 0.001288, 0.001356, 0.001720, 0.001670, 0.001685, 0.001751, 0.001866, 0.002016, 0.002150, 0.002106, 0.002287, 0.001563, 0.000462, 0.000721, 0.000725, 0.000659, 0.000633, 0.000663, 0.000431, 0.000646, 0.000620, 0.000835, 0.000681, 0.000988, 0.000795, 0.000920, 0.000798, 0.001106, 0.000923, 0.001107, 0.000882
4 , 1, 1, 1, 1, 1, 1, 1
4 , 0.013970, 0.017974, 0.020913, 0.023816, 0.024659, 0.027018, 0.025633
5 , 0.001024, 0.000977, 0.001321, 0.001267, 0.001071, 0.001136, 0.001170, 0.001302, 0.001233, 0.001296, 0.001288, 0.001356, 0.001720, 0.001670, 0.001685, 0.001751, 0.001866, 0.002016, 0.002150, 0.002106, 0.002287, 0.001563, 0.000462, 0.000721, 0.000725, 0.000659, 0.000633, 0.000663, 0.000431, 0.000646, 0.000620, 0.000835, 0.000681, 0.000988, 0.000795, 0.000920, 0.000798, 0.001106, 0.000923, 0.001107, 0.000882, 0.001158, 0.000829, 0.000905, 0.000902, 0.000650, 0.001349, 0.001486, 0.001464, 0.001493, 0.001539, 0.001713, 0.001562, 0.001770, 0.001713, 0.001829, 0.001818, 0.001790, 0.001835, 0.001643, 0.001884, 0.001749, 0.001713, 0.001730, 0.001590, 0.001836, 0.001694, 0.001809, 0.001748, 0.001607, 0.000401, 0.001180, 0.001111, 0.001123, 0.001049, 0.001102, 0.000833, 0.001028, 0.000958, 0.000963, 0.000854, 0.001014, 0.000907, 0.000993, 0.001025, 0.001088, 0.000847, 0.000824, 0.000998, 0.001000, 0.001009, 0.000907
5 , 1, 1, 1, 1, 1, 1, 1
5 , 0.023312, 0.027625, 0.032010, 0.031468, 0.029744, 0.028534, 0.026748
6 , 0.001464, 0.001493, 0.001539, 0.001713, 0.001562, 0.001770, 0.001713, 0.001829, 0.001818, 0.001790, 0.001835, 0.001643, 0.001884, 0.001749, 0.001713, 0.001730, 0.001590, 0.001836, 0.001694, 0.001809, 0.001748, 0.001607, 0.000401, 0.001180, 0.001111, 0.001123, 0.001049, 0.001102, 0.000833, 0.001028, 0.000958, 0.000963, 0.000854, 0.001014, 0.000907, 0.000993, 0.001025, 0.001088, 0.000847, 0.000824, 0.000998, 0.001000, 0.001009, 0.000907, 0.001011, 0.000970, 0.001174, 0.000081, 0.001185, 0.001406, 0.001368, 0.001473, 0.001422, 0.001696, 0.001589, 0.001589, 0.001559, 0.001443, 0.001815, 0.001619, 0.001897, 0.001543, 0.001593, 0.001706, 0.001524, 0.001604, 0.001494, 0.001627, 0.001655, 0.001600, 0.001637, 0.001791, 0.000257, 0.001153, 0.001169, 0.001081, 0.000847, 0.000916, 0.001016, 0.000826, 0.001081, 0.000812, 0.001000, 0.000789, 0.001003, 0.000838, 0.001037, 0.000874, 0.001014, 0.000770, 0.000965, 0.000888
6 , 1, 1, 1, 1, 1, 1, 1
6 , 0.021464, 0.024949, 0.027391, 0.029158, 0.030783, 0.028973, 0.028083
7 , 0.001368, 0.001473, 0.001422, 0.001696, 0.001589, 0.001589, 0.001559, 0.001443, 0.001815, 0.001619, 0.001897, 0.001543, 0.001593, 0.001706, 0.001524, 0.001604, 0.001494, 0.001627, 0.001655, 0.001600, 0.001637, 0.001791, 0.000257, 0.001153, 0.001169, 0.001081, 0.000847, 0.000916, 0.001016, 0.000826, 0.001081, 0.000812, 0.001000, 0.000789, 0.001003, 0.000838, 0.001037, 0.000874, 0.001014, 0.000770, 0.000965, 0.000888, 0.001134, 0.000821, 0.001066, 0.000534, 0.000917, 0.001459, 0.001532, 0.001420, 0.001335, 0.001481, 0.001578, 0.001392, 0.001498, 0.001290, 0.001452, 0.001525, 0.001396, 0.001402, 0.001349, 0.001555, 0.001505, 0.001531, 0.001528, 0.001224, 0.001425, 0.001571, 0.001435, 0.001686, 0.000731, 0.001090, 0.001445, 0.001263, 0.001307, 0.001142, 0.001261, 0.000938, 0.001095, 0.000900, 0.001065, 0.000849, 0.000988, 0.000902, 0.001049, 0.000970, 0.001079, 0.001016, 0.001107, 0.001062, 0.001098, 0.000921
7 , 1, 1, 1, 1, 1, 1, 1
7 , 0.017216, 0.020011, 0.023305, 0.024188, 0.021589, 0.021194, 0.020863
8 , 0.001420, 0.001335, 0.001481, 0.001578, 0.001392, 0.001498, 0.001290, 0.001452, 0.001525, 0.001396, 0.001402, 0.001349, 0.001555, 0.001505, 0.001531, 0.001528, 0.001224, 0.001425, 0.001571, 0.001435, 0.001686, 0.000731, 0.001090, 0.001445, 0.001263, 0.001307, 0.001142, 0.001261, 0.000938, 0.001095, 0.000900, 0.001065, 0.000849, 0.000988, 0.000902, 0.001049, 0.000970, 0.001079, 0.001016, 0.001107, 0.001062, 0.001098, 0.000921, 0.001007, 0.001054, 0.000933, 0.001056, 0.000584, 0.001187, 0.001527, 0.001432, 0.001436, 0.001416, 0.001671, 0.001649, 0.001621, 0.001642, 0.001502, 0.001811, 0.001705, 0.001653, 0.001592, 0.001598, 0.001827, 0.001614, 0.001683, 0.001630, 0.001623, 0.001790, 0.001713, 0.001898, 0.001716, 0.000395, 0.001123, 0.001074, 0.001069, 0.001080, 0.001080, 0.000901, 0.000826, 0.000910, 0.000903, 0.001009, 0.000946, 0.001102, 0.000868, 0.001079, 0.000826, 0.001124, 0.000967, 0.001190, 0.001044
8 , 1, 1, 1, 1, 1, 1, 1
8 , 0.015974, 0.018432, 0.020712, 0.021281, 0.023156, 0.022256, 0.021191
9 , 0.001432, 0.001436, 0.001416, 0.001671, 0.001649, 0.001621, 0.001642, 0.001502, 0.001811, 0.001705, 0.001653, 0.001592, 0.001598, 0.001827, 0.001614, 0.001683, 0.001630, 0.001623, 0.001790, 0.001713, 0.001898, 0.001716, 0.000395, 0.001123, 0.001074, 0.001069, 0.001080, 0.001080, 0.000901, 0.000826, 0.000910, 0.000903, 0.001009, 0.000946, 0.001102, 0.000868, 0.001079, 0.000826, 0.001124, 0.000967, 0.001190, 0.001044, 0.001148, 0.000873, 0.001302, 0.000009, 0.001173, 0.001454, 0.001464, 0.001477, 0.001445, 0.001410, 0.001756, 0.001620, 0.001821, 0.001674, 0.001838, 0.001933, 0.001876, 0.001943, 0.001742, 0.001824, 0.001838, 0.001794, 0.001800, 0.001681, 0.001924, 0.001697, 0.001632, 0.001642, 0.001394, 0.002151, 0.000437, 0.001209, 0.001051, 0.001185, 0.001007, 0.001104, 0.000937, 0.001049, 0.000979, 0.001060, 0.000899, 0.001112, 0.000970, 0.001146, 0.000991, 0.000935, 0.001074, 0.001076, 0.000925, 0.000909
9 , 1, 1, 1, 1, 1, 1, 1
9 , 0.021862, 0.024288, 0.029238, 0.030677, 0.030481, 0.028361, 0.027610
10 , 0.001477, 0.001445, 0.001410, 0.001756, 0.001620, 0.001821, 0.001674, 0.001838, 0.001933, 0.001876, 0.001943, 0.001742, 0.001824, 0.001838, 0.001794, 0.001800, 0.001681, 0.001924, 0.001697, 0.001632, 0.001642, 0.001394, 0.002151, 0.000437, 0.001209, 0.001051, 0.001185, 0.001007, 0.001104, 0.000937, 0.001049, 0.000979, 0.001060, 0.000899, 0.001112, 0.000970, 0.001146, 0.000991, 0.000935, 0.001074, 0.001076, 0.000925, 0.000909, 0.000947, 0.000877, 0.000947, 0.000776, 0.000920, 0.000874, 0.000903, 0.000833, 0.000928, 0.000788, 0.000999, 0.000744, 0.000988, 0.000760, 0.000955, 0.000810, 0.000961, 0.000726, 0.000971, 0.000757, 0.000922, 0.000782, 0.001147, 0.000796, 0.000912, 0.000840, 0.001060, 0.000928, 0.001155, 0.000849, 0.001033, 0.000863, 0.001069, 0.000970, 0.001106, 0.000888, 0.001044, 0.000884, 0.001009, 0.000942, 0.001050, 0.000868, 0.001089, 0.000977, 0.001026, 0.000838, 0.000964, 0.001041, 0.001032
10 , 2, 2, 2, 2, 2, 2, 2
10 , 0.015673, 0.017049, 0.017800, 0.018300, 0.019720, 0.018565, 0.018534
11 , 0.000833, 0.000928, 0.000788, 0.000999, 0.000744, 0.000988, 0.000760, 0.000955, 0.000810, 0.000961, 0.000726, 0.000971, 0.000757, 0.000922, 0.000782, 0.001147, 0.000796, 0.000912, 0.000840, 0.001060, 0.000928, 0.001155, 0.000849, 0.001033, 0.000863, 0.001069, 0.000970, 0.001106, 0.000888, 0.001044, 0.000884, 0.001009, 0.000942, 0.001050, 0.000868, 0.001089, 0.000977, 0.001026, 0.000838, 0.000964, 0.001041, 0.001032, 0.000906, 0.001113, 0.001027, 0.000983, 0.001039, 0.000967, 0.001032, 0.000967, 0.001170, 0.000945, 0.001096, 0.001089, 0.001068, 0.000930, 0.001035, 0.000986, 0.001097, 0.000865, 0.000903, 0.000731, 0.000960, 0.000753, 0.000833, 0.000577, 0.000807, 0.000626, 0.000892, 0.000743, 0.000898, 0.000844, 0.000988, 0.000638, 0.000988, 0.000723, 0.000928, 0.000668, 0.000833, 0.000734, 0.000936, 0.000766, 0.001003, 0.000800, 0.000970, 0.000907, 0.000963, 0.000824, 0.001128, 0.000924, 0.001187, 0.000975
11 , 3, 3, 3, 3, 0, 3, 0
11 , 0.004131, 0.003790, 0.003107, 0.002521, 0.002167, 0.002084, 0.002887
12 , 0.001039, 0.000967, 0.001032, 0.000967, 0.001170, 0.000945, 0.001096, 0.001089, 0.001068, 0.000930, 0.001035, 0.000986, 0.001097, 0.000865, 0.000903, 0.000731, 0.000960, 0.000753, 0.000833, 0.000577, 0.000807, 0.000626, 0.000892, 0.000743, 0.000898, 0.000844, 0.000988, 0.000638, 0.000988, 0.000723, 0.000928, 0.000668, 0.000833, 0.000734, 0.000936, 0.000766, 0.001003, 0.000800, 0.000970, 0.000907, 0.000963, 0.000824, 0.001128, 0.000924, 0.001187, 0.000975, 0.001181, 0.000918, 0.001134, 0.001034, 0.001302, 0.001017, 0.001233, 0.001138, 0.001190, 0.001104, 0.001134, 0.001044, 0.001114, 0.000991, 0.001070, 0.001037, 0.001060, 0.001004, 0.000891, 0.000780, 0.000856, 0.000831, 0.000801, 0.000820, 0.000926, 0.000993, 0.000930, 0.001025, 0.000993, 0.001130, 0.000970, 0.001065, 0.000891, 0.001124, 0.001019, 0.001136, 0.001009, 0.001208, 0.000931, 0.001143, 0.001030, 0.001212, 0.001117, 0.001186, 0.001082, 0.001221
12 , 1, 1, 2, 2, 2, 2, 0
12 , 0.004235, 0.002318, 0.002267, 0.001903, 0.001727, 0.001583, 0.001387
13 , 0.001181, 0.000918, 0.001134, 0.001034, 0.001302, 0.001017, 0.001233, 0.001138, 0.001190, 0.001104, 0.001134, 0.001044, 0.001114, 0.000991, 0.001070, 0.001037, 0.001060, 0.001004, 0.000891, 0.000780, 0.000856, 0.000831, 0.000801, 0.000820, 0.000926, 0.000993, 0.000930, 0.001025, 0.000993, 0.001130, 0.000970, 0.001065, 0.000891, 0.001124, 0.001019, 0.001136, 0.001009, 0.001208, 0.000931, 0.001143, 0.001030, 0.001212, 0.001117, 0.001186, 0.001082, 0.001221, 0.001064, 0.001198, 0.000930, 0.001142, 0.000935, 0.001152, 0.000872, 0.001098, 0.000885, 0.001107, 0.000964, 0.001098, 0.000847, 0.001090, 0.000940, 0.001002, 0.000765, 0.001065, 0.000779, 0.000926, 0.000812, 0.000961, 0.000769, 0.000974, 0.000844, 0.000903, 0.000667, 0.000948, 0.000727, 0.000821, 0.000742, 0.000841, 0.000716, 0.000916, 0.000726, 0.000820, 0.000660, 0.000810, 0.000685, 0.000730, 0.000499, 0.000755, 0.000630, 0.000645, 0.000635, 0.000695
13 , 1, 1, 1, 3, 3, 3, 3
13 , 0.006309, 0.005675, 0.005073, 0.004859, 0.005624, 0.005541, 0.005997
14 , 0.001064, 0.001198, 0.000930, 0.001142, 0.000935, 0.001152, 0.000872, 0.001098, 0.000885, 0.001107, 0.000964, 0.001098, 0.000847, 0.001090, 0.000940, 0.001002, 0.000765, 0.001065, 0.000779, 0.000926, 0.000812, 0.000961, 0.000769, 0.000974, 0.000844, 0.000903, 0.000667, 0.000948, 0.000727, 0.000821, 0.000742, 0.000841, 0.000716, 0.000916, 0.000726, 0.000820, 0.000660, 0.000810, 0.000685, 0.000730, 0.000499, 0.000755, 0.000630, 0.000645, 0.000635, 0.000695, 0.000620, 0.000695, 0.000720, 0.000781, 0.000837, 0.000828, 0.000864, 0.000896, 0.000979, 0.000912, 0.000958, 0.000914, 0.000942, 0.001187, 0.001104, 0.000949, 0.001065, 0.001008, 0.001103, 0.001078, 0.001186, 0.000914, 0.001174, 0.001074, 0.001217, 0.001035, 0.001113, 0.000906, 0.001182, 0.001033, 0.001047, 0.000965, 0.001009, 0.000807, 0.000885, 0.000738, 0.000797, 0.000691, 0.000866, 0.000635, 0.000840, 0.000605, 0.000740, 0.000620, 0.000740, 0.000600
14 , 2, 1, 1, 1, 1, 1, 1
14 , 0.005741, 0.006530, 0.007090, 0.008387, 0.008790, 0.009655, 0.009753
15 , 0.000864, 0.000896, 0.000979, 0.000912, 0.000958, 0.000914, 0.000942, 0.001187, 0.001104, 0.000949, 0.001065, 0.001008, 0.001103, 0.001078, 0.001186, 0.000914, 0.001174, 0.001074, 0.001217, 0.001035, 0.001113, 0.000906, 0.001182, 0.001033, 0.001047, 0.000965, 0.001009, 0.000807, 0.000885, 0.000738, 0.000797, 0.000691, 0.000866, 0.000635, 0.000840, 0.000605, 0.000740, 0.000620, 0.000740, 0.000600, 0.000750, 0.000670, 0.000911, 0.000627, 0.000898, 0.000667, 0.000917, 0.000684, 0.000933, 0.000795, 0.000909, 0.000769, 0.000991, 0.000882, 0.001012, 0.000777, 0.001023, 0.000819, 0.001065, 0.000826, 0.001007, 0.000807, 0.000997, 0.000970, 0.000967, 0.000944, 0.001074, 0.000884, 0.001007, 0.000868, 0.000981, 0.000956, 0.000995, 0.000870, 0.001014, 0.000791, 0.001061, 0.000929, 0.000833, 0.000692, 0.000797, 0.000676, 0.000716, 0.000761, 0.000796, 0.000716, 0.000716, 0.000781, 0.000952, 0.000843, 0.000819, 0.000739
15 , 1, 1, 1, 1, 1, 1, 1
15 , 0.004865, 0.005528, 0.006501, 0.006874, 0.008078, 0.008480, 0.008877
16 , 0.000991, 0.000882, 0.001012, 0.000777, 0.001023, 0.000819, 0.001065, 0.000826, 0.001007, 0.000807, 0.000997, 0.000970, 0.000967, 0.000944, 0.001074, 0.000884, 0.001007, 0.000868, 0.000981, 0.000956, 0.000995, 0.000870, 0.001014, 0.000791, 0.001061, 0.000929, 0.000833, 0.000692, 0.000797, 0.000676, 0.000716, 0.000761, 0.000796, 0.000716, 0.000716, 0.000781, 0.000952, 0.000843, 0.000819, 0.000739, 0.000841, 0.000891, 0.000868, 0.000949, 0.001030, 0.000986, 0.000902, 0.001037, 0.000960, 0.000928, 0.000798, 0.000785, 0.000750, 0.000915, 0.000830, 0.001017, 0.000909, 0.000925, 0.000919, 0.001125, 0.001007, 0.001133, 0.000834, 0.000980, 0.000958, 0.001057, 0.000890, 0.001059, 0.000864, 0.001033, 0.000938, 0.001007, 0.000826, 0.001028, 0.000717, 0.001055, 0.000779, 0.000984, 0.000775, 0.001068, 0.000645, 0.000880, 0.000787, 0.000949, 0.000786, 0.001058, 0.000826, 0.001033, 0.000829, 0.001098, 0.000813, 0.000940
16 , 1, 1, 1, 1, 1, 1, 1
16 , 0.003239, 0.002925, 0.003288, 0.003390, 0.003528, 0.002931, 0.003407
