0 , 0.001909, 0.002009, 0.002197, 0.002031, 0.002186, 0.002037, 0.002404, 0.002277, 0.002257, 0.002285, 0.002232, 0.002327, 0.002199, 0.002315, 0.002099, 0.002178, 0.002171, 0.002085, 0.002105, 0.001902, 0.002227, 0.002054, 0.002063, 0.000381, 0.001789, 0.001756, 0.001635, 0.001573, 0.001603, 0.001695, 0.001573, 0.001665, 0.001420, 0.001725, 0.001542, 0.001665, 0.001512, 0.001696, 0.001421, 0.001543, 0.001451, 0.001696, 0.001451, 0.001696, 0.001544, 0.001695, 0.001130, 0.001129, 0.001768, 0.001754, 0.001782, 0.001848, 0.001817, 0.001911, 0.001785, 0.001970, 0.001871, 0.002033, 0.001944, 0.001925, 0.001965, 0.002028, 0.002255, 0.001965, 0.002018, 0.001879, 0.002006, 0.002082, 0.001940, 0.001965, 0.002095, 0.000998, 0.001275, 0.001654, 0.001740, 0.001469, 0.001407, 0.001411, 0.001349, 0.001593, 0.001288, 0.001413, 0.001228, 0.001502, 0.001411, 0.001381, 0.001349, 0.001441, 0.001254, 0.001380, 0.001287, 0.001408
0 , 1, 1, 1, 1, 1, 1, 1
0 , 0.017221, 0.018954, 0.022179, 0.025066, 0.025678, 0.021948, 0.021790
1 , 0.001782, 0.001848, 0.001817, 0.001911, 0.001785, 0.001970, 0.001871, 0.002033, 0.001944, 0.001925, 0.001965, 0.002028, 0.002255, 0.001965, 0.002018, 0.001879, 0.002006, 0.002082, 0.001940, 0.001965, 0.002095, 0.000998, 0.001275, 0.001654, 0.001740, 0.001469, 0.001407, 0.001411, 0.001349, 0.001593, 0.001288, 0.001413, 0.001228, 0.001502, 0.001411, 0.001381, 0.001349, 0.001441, 0.001254, 0.001380, 0.001287, 0.001408, 0.001344, 0.001497, 0.001340, 0.001438, 0.001308, 0.000467, 0.001984, 0.001763, 0.001856, 0.002014, 0.001943, 0.002082, 0.002006, 0.002064, 0.002194, 0.001976, 0.002052, 0.001966, 0.002102, 0.001960, 0.002019, 0.001911, 0.001740, 0.002069, 0.001804, 0.001799, 0.001695, 0.001804, 0.001791, 0.001296, 0.001644, 0.002122, 0.002034, 0.001911, 0.001881, 0.001728, 0.001849, 0.001696, 0.001909, 0.001725, 0.001816, 0.001724, 0.001907, 0.001633, 0.001724, 0.001541, 0.001604, 0.001421, 0.001637, 0.001396
1 , 1, 1, 1, 1, 1, 1, 1
1 , 0.012361, 0.014452, 0.015968, 0.015780, 0.016593, 0.016151, 0.016921
2 , 0.001943, 0.002082, 0.002006, 0.002064, 0.002194, 0.001976, 0.002052, 0.001966, 0.002102, 0.001960, 0.002019, 0.001911, 0.001740, 0.002069, 0.001804, 0.001799, 0.001695, 0.001804, 0.001791, 0.001296, 0.001644, 0.002122, 0.002034, 0.001911, 0.001881, 0.001728, 0.001849, 0.001696, 0.001909, 0.001725, 0.001816, 0.001724, 0.001907, 0.001633, 0.001724, 0.001541, 0.001604, 0.001421, 0.001637, 0.001396, 0.001611, 0.001222, 0.001612, 0.000143, 0.001780, 0.001881, 0.001976, 0.002033, 0.002063, 0.001881, 0.002090, 0.001976, 0.002229, 0.001950, 0.002062, 0.002133, 0.001934, 0.002101, 0.001918, 0.001869, 0.001815, 0.001853, 0.001961, 0.001986, 0.002052, 0.001991, 0.001991, 0.001820, 0.001808, 0.001916, 0.000381, 0.002002, 0.001848, 0.001818, 0.001575, 0.001607, 0.001454, 0.001578, 0.001336, 0.001492, 0.001400, 0.001495, 0.001281, 0.001466, 0.001343, 0.001407, 0.001315, 0.001621, 0.001251, 0.001526, 0.001431, 0.001493
2 , 1, 1, 1, 1, 1, 1, 1
2 , 0.017776, 0.017135, 0.017207, 0.014755, 0.015511, 0.015237, 0.015410
3 , 0.001976, 0.002033, 0.002063, 0.001881, 0.002090, 0.001976, 0.002229, 0.001950, 0.002062, 0.002133, 0.001934, 0.002101, 0.001918, 0.001869, 0.001815, 0.001853, 0.001961, 0.001986, 0.002052, 0.001991, 0.001991, 0.001820, 0.001808, 0.001916, 0.000381, 0.002002, 0.001848, 0.001818, 0.001575, 0.001607, 0.001454, 0.001578, 0.001336, 0.001492, 0.001400, 0.001495, 0.001281, 0.001466, 0.001343, 0.001407, 0.001315, 0.001621, 0.001251, 0.001526, 0.001431, 0.001493, 0.001307, 0.001583, 0.001458, 0.001357, 0.001258, 0.001663, 0.001922, 0.002081, 0.002012, 0.002081, 0.002061, 0.002277, 0.002188, 0.002251, 0.002085, 0.002345, 0.002390, 0.002205, 0.002186, 0.002064, 0.002360, 0.002131, 0.002235, 0.002069, 0.002062, 0.002095, 0.001892, 0.002192, 0.000549, 0.001327, 0.001668, 0.001698, 0.001610, 0.001548, 0.001672, 0.001429, 0.001552, 0.001399, 0.001614, 0.001399, 0.001519, 0.001305, 0.001518, 0.001486, 0.001486, 0.001487
3 , 1, 1, 1, 1, 1, 1, 1
3 , 0.014803, 0.018765, 0.020632, 0.022414, 0.023617, 0.024887, 0.023705
4 , 0.001663, 0.001922, 0.002081, 0.002012, 0.002081, 0.002061, 0.002277, 0.002188, 0.002251, 0.002085, 0.002345, 0.002390, 0.002205, 0.002186, 0.002064, 0.002360, 0.002131, 0.002235, 0.002069, 0.002062, 0.002095, 0.001892, 0.002192, 0.000549, 0.001327, 0.001668, 0.001698, 0.001610, 0.001548, 0.001672, 0.001429, 0.001552, 0.001399, 0.001614, 0.001399, 0.001519, 0.001305, 0.001518, 0.001486, 0.001486, 0.001487, 0.001460, 0.001397, 0.001550, 0.001549, 0.001524, 0.001548, 0.000514, 0.001771, 0.001788, 0.001976, 0.001743, 0.001983, 0.001983, 0.002029, 0.001882, 0.001950, 0.002123, 0.001905, 0.002011, 0.001781, 0.002082, 0.002110, 0.002005, 0.001954, 0.001794, 0.002066, 0.002007, 0.002033, 0.001881, 0.001945, 0.001738, 0.000840, 0.001882, 0.001756, 0.001726, 0.001603, 0.001634, 0.001451, 0.001636, 0.001544, 0.001545, 0.001424, 0.001700, 0.001518, 0.001640, 0.001365, 0.001459, 0.001457, 0.001550, 0.001274, 0.001457
4 , 1, 1, 1, 1, 1, 1, 1
4 , 0.016064, 0.018147, 0.020418, 0.022281, 0.026054, 0.021967, 0.021361
5 , 0.001976, 0.001743, 0.001983, 0.001983, 0.002029, 0.001882, 0.001950, 0.002123, 0.001905, 0.002011, 0.001781, 0.002082, 0.002110, 0.002005, 0.001954, 0.001794, 0.002066, 0.002007, 0.002033, 0.001881, 0.001945, 0.001738, 0.000840, 0.001882, 0.001756, 0.001726, 0.001603, 0.001634, 0.001451, 0.001636, 0.001544, 0.001545, 0.001424, 0.001700, 0.001518, 0.001640, 0.001365, 0.001459, 0.001457, 0.001550, 0.001274, 0.001457, 0.001396, 0.001400, 0.001368, 0.001468, 0.001456, 0.000527, 0.001882, 0.001976, 0.002045, 0.002130, 0.002045, 0.002100, 0.002092, 0.002285, 0.001987, 0.002258, 0.002211, 0.002227, 0.002365, 0.002194, 0.002390, 0.001981, 0.002205, 0.002169, 0.002100, 0.002174, 0.001956, 0.002303, 0.002053, 0.002289, 0.000176, 0.001526, 0.001557, 0.001494, 0.001431, 0.001307, 0.001460, 0.001458, 0.001642, 0.001426, 0.001702, 0.001456, 0.001578, 0.001425, 0.001518, 0.001425, 0.001640, 0.001395, 0.001609, 0.001488
5 , 1, 1, 1, 1, 1, 1, 1
5 , 0.017478, 0.020508, 0.022686, 0.024081, 0.025821, 0.023063, 0.022204
6 , 0.002045, 0.002130, 0.002045, 0.002100, 0.002092, 0.002285, 0.001987, 0.002258, 0.002211, 0.002227, 0.002365, 0.002194, 0.002390, 0.001981, 0.002205, 0.002169, 0.002100, 0.002174, 0.001956, 0.002303, 0.002053, 0.002289, 0.000176, 0.001526, 0.001557, 0.001494, 0.001431, 0.001307, 0.001460, 0.001458, 0.001642, 0.001426, 0.001702, 0.001456, 0.001578, 0.001425, 0.001518, 0.001425, 0.001640, 0.001395, 0.001609, 0.001488, 0.001488, 0.001367, 0.001488, 0.001075, 0.001048, 0.001876, 0.001917, 0.002066, 0.001939, 0.002099, 0.002079, 0.002041, 0.002036, 0.001911, 0.002148, 0.002082, 0.002140, 0.001889, 0.001960, 0.002186, 0.001935, 0.002156, 0.001917, 0.002115, 0.001986, 0.002024, 0.001968, 0.002074, 0.001118, 0.001422, 0.001740, 0.001676, 0.001617, 0.001464, 0.001466, 0.001432, 0.001494, 0.001374, 0.001466, 0.001404, 0.001435, 0.001494, 0.001434, 0.001278, 0.001491, 0.001367, 0.001520, 0.001335, 0.001488, 0.001456
6 , 1, 1, 1, 1, 1, 1, 1
6 , 0.021466, 0.025169, 0.027905, 0.029190, 0.025011, 0.024096, 0.022835
7 , 0.002066, 0.001939, 0.002099, 0.002079, 0.002041, 0.002036, 0.001911, 0.002148, 0.002082, 0.002140, 0.001889, 0.001960, 0.002186, 0.001935, 0.002156, 0.001917, 0.002115, 0.001986, 0.002024, 0.001968, 0.002074, 0.001118, 0.001422, 0.001740, 0.001676, 0.001617, 0.001464, 0.001466, 0.001432, 0.001494, 0.001374, 0.001466, 0.001404, 0.001435, 0.001494, 0.001434, 0.001278, 0.001491, 0.001367, 0.001520, 0.001335, 0.001488, 0.001456, 0.001579, 0.001484, 0.001549, 0.001665, 0.000169, 0.001937, 0.001648, 0.001798, 0.001971, 0.001869, 0.001996, 0.001753, 0.002219, 0.002082, 0.002082, 0.002006, 0.002039, 0.002298, 0.001948, 0.002052, 0.001890, 0.002085, 0.002165, 0.001910, 0.002011, 0.001776, 0.002157, 0.001955, 0.001759, 0.001176, 0.001708, 0.001672, 0.001494, 0.001586, 0.001465, 0.001559, 0.001344, 0.001531, 0.001316, 0.001474, 0.001202, 0.001392, 0.001212, 0.001220, 0.001096, 0.001377, 0.001038, 0.001220, 0.001185
7 , 1, 1, 1, 1, 1, 1, 1
7 , 0.019115, 0.021548, 0.023818, 0.023532, 0.026095, 0.024964, 0.024745
8 , 0.001798, 0.001971, 0.001869, 0.001996, 0.001753, 0.002219, 0.002082, 0.002082, 0.002006, 0.002039, 0.002298, 0.001948, 0.002052, 0.001890, 0.002085, 0.002165, 0.001910, 0.002011, 0.001776, 0.002157, 0.001955, 0.001759, 0.001176, 0.001708, 0.001672, 0.001494, 0.001586, 0.001465, 0.001559, 0.001344, 0.001531, 0.001316, 0.001474, 0.001202, 0.001392, 0.001212, 0.001220, 0.001096, 0.001377, 0.001038, 0.001220, 0.001185, 0.001395, 0.001150, 0.001591, 0.000255, 0.001658, 0.001887, 0.001921, 0.001981, 0.001843, 0.002120, 0.002117, 0.002125, 0.002271, 0.002256, 0.002532, 0.002396, 0.002533, 0.002408, 0.002352, 0.002726, 0.002542, 0.002666, 0.002468, 0.002566, 0.002583, 0.002542, 0.002583, 0.002598, 0.000627, 0.001351, 0.001258, 0.001341, 0.001298, 0.001319, 0.001400, 0.001265, 0.001348, 0.001406, 0.001464, 0.001431, 0.001490, 0.001425, 0.001668, 0.001545, 0.001604, 0.001724, 0.001663, 0.001510, 0.001633, 0.001663
8 , 1, 1, 1, 1, 1, 1, 1
8 , 0.026551, 0.031171, 0.036198, 0.034343, 0.032098, 0.030433, 0.028751
9 , 0.001921, 0.001981, 0.001843, 0.002120, 0.002117, 0.002125, 0.002271, 0.002256, 0.002532, 0.002396, 0.002533, 0.002408, 0.002352, 0.002726, 0.002542, 0.002666, 0.002468, 0.002566, 0.002583, 0.002542, 0.002583, 0.002598, 0.000627, 0.001351, 0.001258, 0.001341, 0.001298, 0.001319, 0.001400, 0.001265, 0.001348, 0.001406, 0.001464, 0.001431, 0.001490, 0.001425, 0.001668, 0.001545, 0.001604, 0.001724, 0.001663, 0.001510, 0.001633, 0.001663, 0.001724, 0.001785, 0.001877, 0.001511, 0.000673, 0.001693, 0.001604, 0.001605, 0.001801, 0.001818, 0.001965, 0.001665, 0.002028, 0.001973, 0.002095, 0.001972, 0.001992, 0.002155, 0.002001, 0.002186, 0.002056, 0.002086, 0.002205, 0.002164, 0.002175, 0.002015, 0.002009, 0.002247, 0.001082, 0.001559, 0.001545, 0.001540, 0.001452, 0.001512, 0.001301, 0.001513, 0.001264, 0.001478, 0.001415, 0.001602, 0.001260, 0.001505, 0.001381, 0.001534, 0.001347, 0.001470, 0.001344, 0.001500
9 , 1, 1, 1, 1, 1, 1, 1
9 , 0.020949, 0.025210, 0.027833, 0.029905, 0.029394, 0.029282, 0.028221
10 , 0.001693, 0.001604, 0.001605, 0.001801, 0.001818, 0.001965, 0.001665, 0.002028, 0.001973, 0.002095, 0.001972, 0.001992, 0.002155, 0.002001, 0.002186, 0.002056, 0.002086, 0.002205, 0.002164, 0.002175, 0.002015, 0.002009, 0.002247, 0.001082, 0.001559, 0.001545, 0.001540, 0.001452, 0.001512, 0.001301, 0.001513, 0.001264, 0.001478, 0.001415, 0.001602, 0.001260, 0.001505, 0.001381, 0.001534, 0.001347, 0.001470, 0.001344, 0.001500, 0.001315, 0.001650, 0.001467, 0.001794, 0.000376, 0.001722, 0.001737, 0.001834, 0.001869, 0.001773, 0.001841, 0.002035, 0.001888, 0.002007, 0.001737, 0.001993, 0.002036, 0.001999, 0.002009, 0.001932, 0.002158, 0.002026, 0.002120, 0.002013, 0.002057, 0.002021, 0.002120, 0.002145, 0.002049, 0.002097, 0.001856, 0.001025, 0.001839, 0.001678, 0.001620, 0.001557, 0.001558, 0.001468, 0.001468, 0.001377, 0.001406, 0.001347, 0.001410, 0.001411, 0.001411, 0.001321, 0.001420, 0.001391, 0.001389
10 , 1, 1, 1, 1, 1, 1, 1
10 , 0.012651, 0.014447, 0.016881, 0.019539, 0.024326, 0.024276, 0.024698
11 , 0.001773, 0.001841, 0.002035, 0.001888, 0.002007, 0.001737, 0.001993, 0.002036, 0.001999, 0.002009, 0.001932, 0.002158, 0.002026, 0.002120, 0.002013, 0.002057, 0.002021, 0.002120, 0.002145, 0.002049, 0.002097, 0.001856, 0.001025, 0.001839, 0.001678, 0.001620, 0.001557, 0.001558, 0.001468, 0.001468, 0.001377, 0.001406, 0.001347, 0.001410, 0.001411, 0.001411, 0.001321, 0.001420, 0.001391, 0.001389, 0.001361, 0.001361, 0.001329, 0.001359, 0.001357, 0.001267, 0.001452, 0.001391, 0.001450, 0.001422, 0.001393, 0.001452, 0.001359, 0.001422, 0.001299, 0.001328, 0.001356, 0.001387, 0.001359, 0.001328, 0.001418, 0.001477, 0.001448, 0.001415, 0.001561, 0.001469, 0.001558, 0.001434, 0.001617, 0.001463, 0.001617, 0.001646, 0.001554, 0.001462, 0.001524, 0.001460, 0.001525, 0.001494, 0.001583, 0.001553, 0.001613, 0.001610, 0.001579, 0.001487, 0.001640, 0.001488, 0.001581, 0.001488, 0.001580, 0.001493, 0.001616, 0.001434
11 , 2, 2, 2, 2, 2, 2, 2
11 , 0.014187, 0.014806, 0.015857, 0.015900, 0.014414, 0.014704, 0.014693
12 , 0.001422, 0.001393, 0.001452, 0.001359, 0.001422, 0.001299, 0.001328, 0.001356, 0.001387, 0.001359, 0.001328, 0.001418, 0.001477, 0.001448, 0.001415, 0.001561, 0.001469, 0.001558, 0.001434, 0.001617, 0.001463, 0.001617, 0.001646, 0.001554, 0.001462, 0.001524, 0.001460, 0.001525, 0.001494, 0.001583, 0.001553, 0.001613, 0.001610, 0.001579, 0.001487, 0.001640, 0.001488, 0.001581, 0.001488, 0.001580, 0.001493, 0.001616, 0.001434, 0.001528, 0.001561, 0.001593, 0.001408, 0.001567, 0.001354, 0.001451, 0.001357, 0.001576, 0.001424, 0.001396, 0.001391, 0.001391, 0.001266, 0.001479, 0.001386, 0.001512, 0.001417, 0.001630, 0.001202, 0.001479, 0.001385, 0.001478, 0.001416, 0.001536, 0.001319, 0.001596, 0.001443, 0.001570, 0.001419, 0.001423, 0.001390, 0.001456, 0.001207, 0.001391, 0.001265, 0.001511, 0.001263, 0.001389, 0.001232, 0.001479, 0.001295, 0.001388, 0.001233, 0.001479, 0.001263, 0.001328, 0.001238, 0.001424
12 , 3, 3, 3, 3, 3, 3, 3
12 , 0.004445, 0.003973, 0.004390, 0.004068, 0.004002, 0.003698, 0.003831
13 , 0.001408, 0.001567, 0.001354, 0.001451, 0.001357, 0.001576, 0.001424, 0.001396, 0.001391, 0.001391, 0.001266, 0.001479, 0.001386, 0.001512, 0.001417, 0.001630, 0.001202, 0.001479, 0.001385, 0.001478, 0.001416, 0.001536, 0.001319, 0.001596, 0.001443, 0.001570, 0.001419, 0.001423, 0.001390, 0.001456, 0.001207, 0.001391, 0.001265, 0.001511, 0.001263, 0.001389, 0.001232, 0.001479, 0.001295, 0.001388, 0.001233, 0.001479, 0.001263, 0.001328, 0.001238, 0.001424, 0.001336, 0.001427, 0.001241, 0.001550, 0.001246, 0.001432, 0.001275, 0.001397, 0.001305, 0.001394, 0.001329, 0.001451, 0.001385, 0.001445, 0.001380, 0.001592, 0.001435, 0.001586, 0.001552, 0.001550, 0.001517, 0.001639, 0.001668, 0.001669, 0.001669, 0.001731, 0.001609, 0.001671, 0.001578, 0.001578, 0.001608, 0.001580, 0.001519, 0.001612, 0.001614, 0.001524, 0.001465, 0.001433, 0.001496, 0.001434, 0.001406, 0.001558, 0.001498, 0.001410, 0.001565, 0.001503
13 , 2, 2, 2, 2, 2, 2, 2
13 , 0.004505, 0.004007, 0.003506, 0.003150, 0.002484, 0.002279, 0.001953
14 , 0.001336, 0.001427, 0.001241, 0.001550, 0.001246, 0.001432, 0.001275, 0.001397, 0.001305, 0.001394, 0.001329, 0.001451, 0.001385, 0.001445, 0.001380, 0.001592, 0.001435, 0.001586, 0.001552, 0.001550, 0.001517, 0.001639, 0.001668, 0.001669, 0.001669, 0.001731, 0.001609, 0.001671, 0.001578, 0.001578, 0.001608, 0.001580, 0.001519, 0.001612, 0.001614, 0.001524, 0.001465, 0.001433, 0.001496, 0.001434, 0.001406, 0.001558, 0.001498, 0.001410, 0.001565, 0.001503, 0.001566, 0.001389, 0.001484, 0.001332, 0.001398, 0.001155, 0.001368, 0.001247, 0.001465, 0.001277, 0.001400, 0.001310, 0.001436, 0.001189, 0.001400, 0.001368, 0.001491, 0.001275, 0.001517, 0.001206, 0.001512, 0.001356, 0.001479, 0.001323, 0.001476, 0.001412, 0.001533, 0.001378, 0.001562, 0.001558, 0.001682, 0.001465, 0.001616, 0.001369, 0.001706, 0.001491, 0.001584, 0.001551, 0.001581, 0.001367, 0.001706, 0.001368, 0.001522, 0.001492, 0.001583, 0.001612
14 , 0, 0, 0, 0, 0, 0, 0
14 , 0.006811, 0.006701, 0.006847, 0.006785, 0.006441, 0.005921, 0.005403
15 , 0.001484, 0.001332, 0.001398, 0.001155, 0.001368, 0.001247, 0.001465, 0.001277, 0.001400, 0.001310, 0.001436, 0.001189, 0.001400, 0.001368, 0.001491, 0.001275, 0.001517, 0.001206, 0.001512, 0.001356, 0.001479, 0.001323, 0.001476, 0.001412, 0.001533, 0.001378, 0.001562, 0.001558, 0.001682, 0.001465, 0.001616, 0.001369, 0.001706, 0.001491, 0.001584, 0.001551, 0.001581, 0.001367, 0.001706, 0.001368, 0.001522, 0.001492, 0.001583, 0.001612, 0.001703, 0.001489, 0.001672, 0.001520, 0.001612, 0.001580, 0.001703, 0.001490, 0.001584, 0.001552, 0.001675, 0.001433, 0.001587, 0.001493, 0.001553, 0.001615, 0.001553, 0.001551, 0.001580, 0.001610, 0.001640, 0.001639, 0.001609, 0.001578, 0.001640, 0.001731, 0.001699, 0.001669, 0.001669, 0.001579, 0.001550, 0.001643, 0.001553, 0.001520, 0.001431, 0.001736, 0.001643, 0.001585, 0.001522, 0.001584, 0.001492, 0.001616, 0.001462, 0.001709, 0.001436, 0.001464, 0.001495, 0.001588
15 , 0, 3, 3, 3, 3, 3, 3
15 , 0.002934, 0.003538, 0.004111, 0.004663, 0.005096, 0.005323, 0.005289
16 , 0.001490, 0.001584, 0.001552, 0.001675, 0.001433, 0.001587, 0.001493, 0.001553, 0.001615, 0.001553, 0.001551, 0.001580, 0.001610, 0.001640, 0.001639, 0.001609, 0.001578, 0.001640, 0.001731, 0.001699, 0.001669, 0.001669, 0.001579, 0.001550, 0.001643, 0.001553, 0.001520, 0.001431, 0.001736, 0.001643, 0.001585, 0.001522, 0.001584, 0.001492, 0.001616, 0.001462, 0.001709, 0.001436, 0.001464, 0.001495, 0.001588, 0.001435, 0.001620, 0.001524, 0.001616, 0.001493, 0.001497, 0.001524, 0.001738, 0.001461, 0.001553, 0.001522, 0.001583, 0.001429, 0.001643, 0.001428, 0.001676, 0.001553, 0.001648, 0.001405, 0.001499, 0.001438, 0.001622, 0.001408, 0.001564, 0.001380, 0.001625, 0.001441, 0.001569, 0.001386, 0.001513, 0.001335, 0.001403, 0.001314, 0.001386, 0.001143, 0.001364, 0.001152, 0.001128, 0.001186, 0.001245, 0.001090, 0.001302, 0.001207, 0.001240, 0.001266, 0.001386, 0.001321, 0.001351, 0.001285, 0.001372, 0.001371
16 , 1, 1, 1, 1, 1, 1, 1
16 , 0.005240, 0.005645, 0.005815, 0.006112, 0.006032, 0.005488, 0.005479
