0 , 0.001851, 0.001560, 0.001788, 0.001801, 0.001821, 0.001915, 0.001811, 0.002136, 0.002037, 0.002037, 0.002024, 0.002077, 0.002216, 0.001962, 0.002144, 0.001932, 0.002122, 0.002205, 0.002020, 0.002144, 0.002100, 0.002222, 0.002226, 0.001351, 0.001303, 0.001599, 0.001712, 0.001654, 0.001409, 0.001290, 0.001445, 0.001441, 0.001444, 0.001439, 0.001593, 0.001376, 0.001561, 0.001406, 0.001529, 0.001403, 0.001465, 0.001372, 0.001556, 0.001400, 0.001612, 0.001314, 0.001761, 0.000155, 0.001517, 0.001791, 0.001919, 0.001860, 0.001687, 0.001989, 0.001948, 0.001963, 0.001824, 0.001783, 0.002033, 0.001872, 0.001996, 0.001867, 0.002061, 0.002021, 0.001945, 0.001851, 0.001796, 0.001930, 0.001890, 0.002033, 0.001849, 0.001909, 0.002004, 0.001940, 0.000712, 0.001820, 0.001663, 0.001664, 0.001572, 0.001360, 0.001546, 0.001424, 0.001457, 0.001426, 0.001400, 0.001370, 0.001375, 0.001316, 0.001438, 0.001375, 0.001497, 0.001410
0 , 1, 1, 1, 1, 1, 1, 1
0 , 0.010835, 0.012883, 0.015451, 0.018163, 0.022799, 0.023687, 0.023355
1 , 0.001860, 0.001687, 0.001989, 0.001948, 0.001963, 0.001824, 0.001783, 0.002033, 0.001872, 0.001996, 0.001867, 0.002061, 0.002021, 0.001945, 0.001851, 0.001796, 0.001930, 0.001890, 0.002033, 0.001849, 0.001909, 0.002004, 0.001940, 0.000712, 0.001820, 0.001663, 0.001664, 0.001572, 0.001360, 0.001546, 0.001424, 0.001457, 0.001426, 0.001400, 0.001370, 0.001375, 0.001316, 0.001438, 0.001375, 0.001497, 0.001410, 0.001474, 0.001228, 0.001446, 0.001294, 0.001354, 0.001234, 0.001532, 0.000732, 0.001437, 0.001944, 0.002012, 0.001898, 0.001959, 0.002023, 0.002202, 0.002017, 0.002091, 0.001962, 0.002138, 0.002120, 0.001971, 0.002083, 0.001844, 0.002092, 0.001874, 0.001998, 0.002001, 0.001853, 0.001959, 0.001901, 0.001868, 0.001942, 0.000534, 0.001599, 0.001850, 0.001878, 0.001756, 0.001482, 0.001513, 0.001543, 0.001573, 0.001481, 0.001516, 0.001364, 0.001610, 0.001459, 0.001524, 0.001310, 0.001461, 0.001279, 0.001438
1 , 1, 1, 1, 1, 1, 1, 1
1 , 0.014195, 0.016035, 0.017994, 0.019977, 0.021357, 0.022165, 0.020692
2 , 0.002012, 0.001898, 0.001959, 0.002023, 0.002202, 0.002017, 0.002091, 0.001962, 0.002138, 0.002120, 0.001971, 0.002083, 0.001844, 0.002092, 0.001874, 0.001998, 0.002001, 0.001853, 0.001959, 0.001901, 0.001868, 0.001942, 0.000534, 0.001599, 0.001850, 0.001878, 0.001756, 0.001482, 0.001513, 0.001543, 0.001573, 0.001481, 0.001516, 0.001364, 0.001610, 0.001459, 0.001524, 0.001310, 0.001461, 0.001279, 0.001438, 0.001312, 0.001350, 0.001318, 0.001449, 0.001174, 0.000772, 0.002064, 0.001925, 0.001940, 0.002170, 0.002088, 0.002191, 0.002016, 0.002228, 0.002298, 0.002253, 0.002219, 0.002101, 0.002310, 0.002301, 0.002295, 0.002277, 0.002152, 0.002300, 0.002231, 0.002270, 0.002103, 0.002238, 0.002486, 0.001567, 0.001372, 0.001550, 0.001689, 0.001507, 0.001473, 0.001408, 0.001471, 0.001348, 0.001596, 0.001440, 0.001562, 0.001343, 0.001592, 0.001374, 0.001560, 0.001222, 0.001499, 0.001523, 0.001618, 0.001402, 0.001678
2 , 1, 1, 1, 1, 1, 1, 1
2 , 0.020657, 0.023687, 0.027208, 0.029061, 0.025363, 0.024240, 0.024143
3 , 0.001940, 0.002170, 0.002088, 0.002191, 0.002016, 0.002228, 0.002298, 0.002253, 0.002219, 0.002101, 0.002310, 0.002301, 0.002295, 0.002277, 0.002152, 0.002300, 0.002231, 0.002270, 0.002103, 0.002238, 0.002486, 0.001567, 0.001372, 0.001550, 0.001689, 0.001507, 0.001473, 0.001408, 0.001471, 0.001348, 0.001596, 0.001440, 0.001562, 0.001343, 0.001592, 0.001374, 0.001560, 0.001222, 0.001499, 0.001523, 0.001618, 0.001402, 0.001678, 0.001370, 0.001672, 0.001339, 0.001697, 0.000124, 0.001553, 0.001811, 0.001851, 0.001882, 0.001943, 0.001857, 0.002024, 0.001961, 0.002029, 0.001748, 0.002093, 0.002133, 0.001971, 0.002004, 0.001953, 0.002196, 0.002083, 0.002177, 0.002072, 0.002067, 0.002202, 0.002158, 0.002148, 0.002037, 0.000082, 0.001571, 0.001629, 0.001659, 0.001445, 0.001441, 0.001500, 0.001473, 0.001354, 0.001353, 0.001293, 0.001415, 0.001539, 0.001262, 0.001201, 0.001289, 0.001322, 0.001347, 0.001467, 0.001497
3 , 1, 1, 1, 1, 1, 1, 1
3 , 0.020484, 0.023901, 0.026980, 0.027595, 0.030756, 0.027336, 0.026717
4 , 0.001851, 0.001882, 0.001943, 0.001857, 0.002024, 0.001961, 0.002029, 0.001748, 0.002093, 0.002133, 0.001971, 0.002004, 0.001953, 0.002196, 0.002083, 0.002177, 0.002072, 0.002067, 0.002202, 0.002158, 0.002148, 0.002037, 0.000082, 0.001571, 0.001629, 0.001659, 0.001445, 0.001441, 0.001500, 0.001473, 0.001354, 0.001353, 0.001293, 0.001415, 0.001539, 0.001262, 0.001201, 0.001289, 0.001322, 0.001347, 0.001467, 0.001497, 0.001469, 0.001409, 0.001430, 0.000805, 0.001387, 0.001992, 0.001785, 0.001821, 0.002078, 0.001951, 0.002124, 0.001964, 0.002008, 0.002074, 0.001986, 0.002069, 0.001884, 0.002206, 0.002132, 0.002168, 0.002188, 0.002036, 0.002036, 0.001878, 0.002083, 0.001987, 0.001978, 0.002224, 0.000478, 0.001922, 0.001595, 0.001657, 0.001476, 0.001627, 0.001443, 0.001567, 0.001382, 0.001535, 0.001382, 0.001477, 0.001326, 0.001480, 0.001236, 0.001545, 0.001237, 0.001423, 0.001268, 0.001301, 0.001236, 0.001300
4 , 1, 1, 1, 1, 1, 1, 1
4 , 0.020187, 0.024175, 0.028522, 0.027666, 0.024544, 0.023918, 0.023612
5 , 0.001785, 0.001821, 0.002078, 0.001951, 0.002124, 0.001964, 0.002008, 0.002074, 0.001986, 0.002069, 0.001884, 0.002206, 0.002132, 0.002168, 0.002188, 0.002036, 0.002036, 0.001878, 0.002083, 0.001987, 0.001978, 0.002224, 0.000478, 0.001922, 0.001595, 0.001657, 0.001476, 0.001627, 0.001443, 0.001567, 0.001382, 0.001535, 0.001382, 0.001477, 0.001326, 0.001480, 0.001236, 0.001545, 0.001237, 0.001423, 0.001268, 0.001301, 0.001236, 0.001300, 0.001295, 0.001506, 0.001293, 0.001504, 0.000946, 0.001857, 0.001987, 0.001973, 0.001958, 0.001834, 0.001881, 0.002082, 0.001864, 0.002074, 0.001851, 0.002186, 0.002156, 0.002034, 0.002032, 0.002004, 0.002263, 0.002014, 0.002055, 0.001885, 0.002136, 0.002151, 0.001872, 0.002091, 0.001305, 0.000988, 0.001800, 0.001641, 0.001674, 0.001488, 0.001643, 0.001492, 0.001528, 0.001440, 0.001534, 0.001380, 0.001443, 0.001473, 0.001535, 0.001322, 0.001476, 0.001321, 0.001447, 0.001354
5 , 1, 1, 1, 1, 1, 1, 1
5 , 0.016693, 0.020221, 0.022633, 0.024894, 0.023938, 0.025351, 0.023413
6 , 0.001973, 0.001958, 0.001834, 0.001881, 0.002082, 0.001864, 0.002074, 0.001851, 0.002186, 0.002156, 0.002034, 0.002032, 0.002004, 0.002263, 0.002014, 0.002055, 0.001885, 0.002136, 0.002151, 0.001872, 0.002091, 0.001305, 0.000988, 0.001800, 0.001641, 0.001674, 0.001488, 0.001643, 0.001492, 0.001528, 0.001440, 0.001534, 0.001380, 0.001443, 0.001473, 0.001535, 0.001322, 0.001476, 0.001321, 0.001447, 0.001354, 0.001302, 0.001329, 0.001311, 0.001447, 0.000072, 0.001855, 0.002053, 0.001979, 0.001752, 0.002114, 0.002061, 0.002161, 0.001904, 0.002213, 0.002100, 0.002042, 0.002083, 0.001975, 0.002303, 0.002280, 0.002298, 0.002350, 0.002392, 0.002419, 0.002293, 0.002510, 0.002453, 0.002416, 0.002554, 0.000021, 0.001553, 0.001322, 0.001168, 0.001158, 0.001299, 0.001220, 0.001363, 0.001234, 0.001384, 0.001256, 0.001437, 0.001429, 0.001579, 0.001420, 0.001662, 0.001721, 0.001782, 0.001506, 0.001629, 0.001566, 0.001658
6 , 1, 1, 1, 1, 1, 1, 1
6 , 0.024654, 0.027761, 0.033483, 0.028781, 0.026096, 0.024705, 0.023269
7 , 0.001979, 0.001752, 0.002114, 0.002061, 0.002161, 0.001904, 0.002213, 0.002100, 0.002042, 0.002083, 0.001975, 0.002303, 0.002280, 0.002298, 0.002350, 0.002392, 0.002419, 0.002293, 0.002510, 0.002453, 0.002416, 0.002554, 0.000021, 0.001553, 0.001322, 0.001168, 0.001158, 0.001299, 0.001220, 0.001363, 0.001234, 0.001384, 0.001256, 0.001437, 0.001429, 0.001579, 0.001420, 0.001662, 0.001721, 0.001782, 0.001506, 0.001629, 0.001566, 0.001658, 0.001688, 0.001719, 0.001718, 0.001397, 0.001220, 0.001547, 0.001809, 0.001729, 0.001872, 0.001900, 0.001915, 0.002093, 0.001834, 0.001946, 0.001975, 0.002122, 0.002243, 0.002205, 0.002130, 0.001962, 0.002269, 0.002103, 0.002318, 0.002045, 0.002064, 0.002337, 0.002229, 0.002350, 0.000646, 0.001218, 0.001663, 0.001684, 0.001593, 0.001464, 0.001559, 0.001341, 0.001556, 0.001489, 0.001491, 0.001461, 0.001582, 0.001456, 0.001668, 0.001393, 0.001667, 0.001481, 0.001695, 0.001509
7 , 1, 1, 1, 1, 1, 1, 1
7 , 0.019263, 0.023367, 0.025887, 0.028455, 0.026702, 0.025369, 0.023579
8 , 0.001547, 0.001809, 0.001729, 0.001872, 0.001900, 0.001915, 0.002093, 0.001834, 0.001946, 0.001975, 0.002122, 0.002243, 0.002205, 0.002130, 0.001962, 0.002269, 0.002103, 0.002318, 0.002045, 0.002064, 0.002337, 0.002229, 0.002350, 0.000646, 0.001218, 0.001663, 0.001684, 0.001593, 0.001464, 0.001559, 0.001341, 0.001556, 0.001489, 0.001491, 0.001461, 0.001582, 0.001456, 0.001668, 0.001393, 0.001667, 0.001481, 0.001695, 0.001509, 0.001723, 0.001539, 0.001663, 0.001632, 0.000345, 0.001651, 0.001775, 0.001791, 0.001674, 0.001925, 0.001976, 0.002062, 0.001912, 0.002046, 0.002044, 0.001945, 0.002091, 0.001992, 0.002184, 0.002071, 0.002124, 0.002055, 0.002078, 0.002257, 0.002133, 0.002136, 0.001912, 0.002200, 0.002202, 0.002299, 0.001509, 0.000936, 0.001541, 0.001716, 0.001536, 0.001534, 0.001439, 0.001524, 0.001491, 0.001427, 0.001455, 0.001513, 0.001601, 0.001602, 0.001480, 0.001509, 0.001570, 0.001661, 0.001600
8 , 1, 1, 1, 1, 1, 1, 1
8 , 0.012438, 0.014473, 0.016586, 0.019360, 0.024687, 0.023986, 0.022589
9 , 0.001791, 0.001674, 0.001925, 0.001976, 0.002062, 0.001912, 0.002046, 0.002044, 0.001945, 0.002091, 0.001992, 0.002184, 0.002071, 0.002124, 0.002055, 0.002078, 0.002257, 0.002133, 0.002136, 0.001912, 0.002200, 0.002202, 0.002299, 0.001509, 0.000936, 0.001541, 0.001716, 0.001536, 0.001534, 0.001439, 0.001524, 0.001491, 0.001427, 0.001455, 0.001513, 0.001601, 0.001602, 0.001480, 0.001509, 0.001570, 0.001661, 0.001600, 0.001540, 0.001480, 0.001572, 0.001603, 0.001572, 0.001633, 0.001664, 0.001482, 0.001546, 0.001548, 0.001487, 0.001582, 0.001555, 0.001464, 0.001405, 0.001470, 0.001411, 0.001475, 0.001322, 0.001413, 0.001354, 0.001358, 0.001355, 0.001448, 0.001445, 0.001568, 0.001417, 0.001321, 0.001258, 0.001380, 0.001375, 0.001496, 0.001344, 0.001560, 0.001406, 0.001526, 0.001313, 0.001468, 0.001409, 0.001498, 0.001373, 0.001529, 0.001310, 0.001583, 0.001460, 0.001642, 0.001518, 0.001670, 0.001487, 0.001577
9 , 1, 1, 2, 2, 2, 2, 2
9 , 0.007542, 0.009041, 0.010028, 0.011718, 0.013279, 0.013506, 0.012124
10 , 0.001548, 0.001487, 0.001582, 0.001555, 0.001464, 0.001405, 0.001470, 0.001411, 0.001475, 0.001322, 0.001413, 0.001354, 0.001358, 0.001355, 0.001448, 0.001445, 0.001568, 0.001417, 0.001321, 0.001258, 0.001380, 0.001375, 0.001496, 0.001344, 0.001560, 0.001406, 0.001526, 0.001313, 0.001468, 0.001409, 0.001498, 0.001373, 0.001529, 0.001310, 0.001583, 0.001460, 0.001642, 0.001518, 0.001670, 0.001487, 0.001577, 0.001514, 0.001634, 0.001663, 0.001633, 0.001357, 0.001632, 0.001538, 0.001690, 0.001538, 0.001752, 0.001629, 0.001783, 0.001599, 0.001661, 0.001538, 0.001783, 0.001600, 0.001602, 0.001448, 0.001662, 0.001418, 0.001638, 0.001454, 0.001727, 0.001453, 0.001699, 0.001485, 0.001669, 0.001517, 0.001641, 0.001395, 0.001583, 0.001491, 0.001556, 0.001377, 0.001623, 0.001382, 0.001573, 0.001358, 0.001425, 0.001361, 0.001395, 0.001243, 0.001303, 0.001332, 0.001456, 0.001242, 0.001366, 0.001122, 0.001337, 0.001273
10 , 3, 3, 3, 3, 3, 3, 3
10 , 0.004013, 0.005379, 0.005799, 0.006604, 0.006463, 0.007070, 0.007095
11 , 0.001783, 0.001599, 0.001661, 0.001538, 0.001783, 0.001600, 0.001602, 0.001448, 0.001662, 0.001418, 0.001638, 0.001454, 0.001727, 0.001453, 0.001699, 0.001485, 0.001669, 0.001517, 0.001641, 0.001395, 0.001583, 0.001491, 0.001556, 0.001377, 0.001623, 0.001382, 0.001573, 0.001358, 0.001425, 0.001361, 0.001395, 0.001243, 0.001303, 0.001332, 0.001456, 0.001242, 0.001366, 0.001122, 0.001337, 0.001273, 0.001487, 0.001359, 0.001418, 0.001231, 0.001384, 0.001289, 0.001380, 0.001257, 0.001410, 0.001528, 0.001557, 0.001497, 0.001497, 0.001432, 0.001463, 0.001373, 0.001434, 0.001401, 0.001460, 0.001518, 0.001581, 0.001461, 0.001522, 0.001339, 0.001463, 0.001556, 0.001527, 0.001497, 0.001498, 0.001469, 0.001380, 0.001379, 0.001445, 0.001448, 0.001448, 0.001385, 0.001352, 0.001443, 0.001383, 0.001446, 0.001355, 0.001417, 0.001265, 0.001506, 0.001443, 0.001507, 0.001412, 0.001504, 0.001318, 0.001502, 0.001499, 0.001653
11 , 1, 1, 1, 1, 1, 1, 1
11 , 0.005636, 0.005613, 0.005889, 0.005586, 0.005719, 0.005471, 0.005576
12 , 0.001410, 0.001528, 0.001557, 0.001497, 0.001497, 0.001432, 0.001463, 0.001373, 0.001434, 0.001401, 0.001460, 0.001518, 0.001581, 0.001461, 0.001522, 0.001339, 0.001463, 0.001556, 0.001527, 0.001497, 0.001498, 0.001469, 0.001380, 0.001379, 0.001445, 0.001448, 0.001448, 0.001385, 0.001352, 0.001443, 0.001383, 0.001446, 0.001355, 0.001417, 0.001265, 0.001506, 0.001443, 0.001507, 0.001412, 0.001504, 0.001318, 0.001502, 0.001499, 0.001653, 0.001438, 0.001471, 0.001321, 0.001596, 0.001472, 0.001563, 0.001441, 0.001566, 0.001442, 0.001628, 0.001412, 0.001533, 0.001438, 0.001562, 0.001345, 0.001589, 0.001403, 0.001646, 0.001429, 0.001495, 0.001461, 0.001585, 0.001400, 0.001523, 0.001402, 0.001554, 0.001550, 0.001644, 0.001337, 0.001673, 0.001608, 0.001672, 0.001578, 0.001609, 0.001484, 0.001699, 0.001547, 0.001669, 0.001547, 0.001640, 0.001487, 0.001552, 0.001458, 0.001554, 0.001493, 0.001496, 0.001433, 0.001552
12 , 2, 2, 2, 2, 2, 2, 2
12 , 0.001894, 0.002290, 0.002229, 0.002363, 0.001885, 0.001991, 0.001497
13 , 0.001563, 0.001441, 0.001566, 0.001442, 0.001628, 0.001412, 0.001533, 0.001438, 0.001562, 0.001345, 0.001589, 0.001403, 0.001646, 0.001429, 0.001495, 0.001461, 0.001585, 0.001400, 0.001523, 0.001402, 0.001554, 0.001550, 0.001644, 0.001337, 0.001673, 0.001608, 0.001672, 0.001578, 0.001609, 0.001484, 0.001699, 0.001547, 0.001669, 0.001547, 0.001640, 0.001487, 0.001552, 0.001458, 0.001554, 0.001493, 0.001496, 0.001433, 0.001552, 0.001460, 0.001551, 0.001519, 0.001549, 0.001428, 0.001399, 0.001460, 0.001489, 0.001430, 0.001523, 0.001645, 0.001553, 0.001580, 0.001516, 0.001577, 0.001514, 0.001573, 0.001390, 0.001482, 0.001544, 0.001668, 0.001579, 0.001611, 0.001426, 0.001549, 0.001520, 0.001524, 0.001461, 0.001524, 0.001340, 0.001552, 0.001426, 0.001579, 0.001457, 0.001581, 0.001486, 0.001607, 0.001421, 0.001665, 0.001634, 0.001817, 0.001663, 0.001632, 0.001509, 0.001724, 0.001538, 0.001631, 0.001600, 0.001600
13 , 0, 0, 0, 0, 0, 0, 0
13 , 0.001958, 0.002167, 0.002242, 0.002390, 0.001948, 0.002647, 0.002160
14 , 0.001430, 0.001523, 0.001645, 0.001553, 0.001580, 0.001516, 0.001577, 0.001514, 0.001573, 0.001390, 0.001482, 0.001544, 0.001668, 0.001579, 0.001611, 0.001426, 0.001549, 0.001520, 0.001524, 0.001461, 0.001524, 0.001340, 0.001552, 0.001426, 0.001579, 0.001457, 0.001581, 0.001486, 0.001607, 0.001421, 0.001665, 0.001634, 0.001817, 0.001663, 0.001632, 0.001509, 0.001724, 0.001538, 0.001631, 0.001600, 0.001600, 0.001476, 0.001813, 0.001477, 0.001662, 0.001661, 0.001663, 0.001481, 0.001606, 0.001363, 0.001487, 0.001336, 0.001588, 0.001436, 0.001498, 0.001345, 0.001474, 0.001234, 0.001417, 0.001295, 0.001269, 0.001235, 0.001387, 0.001295, 0.001328, 0.001327, 0.001360, 0.001297, 0.001294, 0.001321, 0.001506, 0.001447, 0.001356, 0.001292, 0.001414, 0.001260, 0.001200, 0.001382, 0.001500, 0.001437, 0.001525, 0.001492, 0.001521, 0.001400, 0.001462, 0.001522, 0.001429, 0.001521, 0.001369, 0.001463, 0.001464, 0.001436
14 , 0, 0, 0, 0, 0, 0, 0
14 , 0.001272, 0.001947, 0.002504, 0.003062, 0.002867, 0.003424, 0.003499
15 , 0.001588, 0.001436, 0.001498, 0.001345, 0.001474, 0.001234, 0.001417, 0.001295, 0.001269, 0.001235, 0.001387, 0.001295, 0.001328, 0.001327, 0.001360, 0.001297, 0.001294, 0.001321, 0.001506, 0.001447, 0.001356, 0.001292, 0.001414, 0.001260, 0.001200, 0.001382, 0.001500, 0.001437, 0.001525, 0.001492, 0.001521, 0.001400, 0.001462, 0.001522, 0.001429, 0.001521, 0.001369, 0.001463, 0.001464, 0.001436, 0.001410, 0.001386, 0.001448, 0.001362, 0.001300, 0.001395, 0.001244, 0.001430, 0.001280, 0.001346, 0.001126, 0.001248, 0.001334, 0.001458, 0.001177, 0.001419, 0.001295, 0.001454, 0.001205, 0.001451, 0.001266, 0.001483, 0.001358, 0.001478, 0.001322, 0.001595, 0.001468, 0.001559, 0.001311, 0.001524, 0.001522, 0.001583, 0.001306, 0.001523, 0.001521, 0.001734, 0.001426, 0.001578, 0.001456, 0.001670, 0.001456, 0.001554, 0.001340, 0.001498, 0.001288, 0.001535, 0.001413, 0.001447, 0.001321, 0.001478, 0.001297, 0.001390
15 , 0, 0, 0, 0, 0, 0, 0
15 , 0.003721, 0.003647, 0.003460, 0.003047, 0.002832, 0.003157, 0.003273
16 , 0.001244, 0.001430, 0.001280, 0.001346, 0.001126, 0.001248, 0.001334, 0.001458, 0.001177, 0.001419, 0.001295, 0.001454, 0.001205, 0.001451, 0.001266, 0.001483, 0.001358, 0.001478, 0.001322, 0.001595, 0.001468, 0.001559, 0.001311, 0.001524, 0.001522, 0.001583, 0.001306, 0.001523, 0.001521, 0.001734, 0.001426, 0.001578, 0.001456, 0.001670, 0.001456, 0.001554, 0.001340, 0.001498, 0.001288, 0.001535, 0.001413, 0.001447, 0.001321, 0.001478, 0.001297, 0.001390, 0.001333, 0.001462, 0.001372, 0.001310, 0.001403, 0.001346, 0.001190, 0.001316, 0.001316, 0.001436, 0.001253, 0.001374, 0.001375, 0.001318, 0.001375, 0.001399, 0.001396, 0.001424, 0.001395, 0.001299, 0.001356, 0.001380, 0.001500, 0.001408, 0.001469, 0.001495, 0.001585, 0.001369, 0.001643, 0.001550, 0.001552, 0.001430, 0.001493, 0.001432, 0.001676, 0.001460, 0.001612, 0.001429, 0.001675, 0.001427, 0.001579, 0.001548, 0.001701, 0.001396, 0.001611, 0.001548
16 , 0, 0, 0, 0, 0, 0, 0
16 , 0.007187, 0.006351, 0.006292, 0.005845, 0.006132, 0.005662, 0.005571
