0 , 0.001884, 0.001729, 0.001793, 0.001517, 0.001577, 0.001487, 0.001612, 0.001459, 0.001613, 0.001428, 0.001676, 0.001433, 0.001710, 0.001492, 0.001647, 0.001466, 0.001681, 0.001465, 0.001652, 0.001496, 0.001561, 0.001466, 0.001562, 0.001372, 0.001253, 0.001297, 0.001832, 0.001793, 0.002012, 0.001835, 0.002017, 0.001893, 0.002118, 0.001893, 0.001918, 0.001732, 0.001667, 0.001792, 0.001627, 0.001685, 0.001438, 0.001606, 0.001617, 0.001562, 0.001621, 0.001495, 0.001807, 0.001580, 0.001848, 0.000356, 0.001782, 0.001963, 0.001962, 0.001812, 0.001691, 0.001724, 0.001513, 0.001641, 0.001400, 0.001649, 0.001531, 0.001568, 0.001484, 0.001490, 0.001375, 0.001264, 0.001202, 0.001263, 0.001288, 0.001260, 0.001259, 0.001294, 0.001403, 0.000627, 0.002084, 0.002061, 0.002131, 0.001852, 0.002079, 0.002041, 0.001892, 0.002155, 0.001976, 0.002225, 0.002106, 0.002147, 0.001937, 0.002066, 0.002143, 0.001922, 0.001996, 0.001753
0 , 0, 0, 0, 0, 0, 0, 0
0 , 0.008392, 0.009861, 0.011468, 0.011582, 0.012933, 0.014824, 0.015597
1 , 0.001962, 0.001812, 0.001691, 0.001724, 0.001513, 0.001641, 0.001400, 0.001649, 0.001531, 0.001568, 0.001484, 0.001490, 0.001375, 0.001264, 0.001202, 0.001263, 0.001288, 0.001260, 0.001259, 0.001294, 0.001403, 0.000627, 0.002084, 0.002061, 0.002131, 0.001852, 0.002079, 0.002041, 0.001892, 0.002155, 0.001976, 0.002225, 0.002106, 0.002147, 0.001937, 0.002066, 0.002143, 0.001922, 0.001996, 0.001753, 0.002017, 0.002017, 0.002029, 0.001989, 0.001954, 0.001809, 0.000807, 0.001716, 0.001617, 0.001591, 0.001468, 0.001562, 0.001378, 0.001533, 0.001351, 0.001448, 0.001265, 0.001511, 0.001263, 0.001601, 0.001417, 0.001451, 0.001263, 0.001419, 0.001234, 0.001393, 0.001207, 0.001305, 0.001297, 0.001337, 0.001255, 0.000571, 0.001803, 0.001950, 0.001811, 0.002064, 0.002020, 0.002075, 0.001915, 0.002238, 0.002145, 0.002084, 0.002089, 0.002028, 0.002230, 0.002039, 0.002291, 0.002004, 0.002012, 0.002200, 0.002120, 0.002161
1 , 0, 0, 0, 0, 0, 0, 0
1 , 0.020163, 0.021446, 0.023484, 0.025457, 0.027540, 0.027195, 0.026105
2 , 0.001468, 0.001562, 0.001378, 0.001533, 0.001351, 0.001448, 0.001265, 0.001511, 0.001263, 0.001601, 0.001417, 0.001451, 0.001263, 0.001419, 0.001234, 0.001393, 0.001207, 0.001305, 0.001297, 0.001337, 0.001255, 0.000571, 0.001803, 0.001950, 0.001811, 0.002064, 0.002020, 0.002075, 0.001915, 0.002238, 0.002145, 0.002084, 0.002089, 0.002028, 0.002230, 0.002039, 0.002291, 0.002004, 0.002012, 0.002200, 0.002120, 0.002161, 0.002001, 0.002338, 0.002200, 0.002289, 0.000098, 0.001518, 0.001427, 0.001430, 0.001366, 0.001337, 0.001398, 0.001240, 0.001425, 0.001270, 0.001419, 0.001384, 0.001474, 0.001439, 0.001561, 0.001376, 0.001463, 0.001492, 0.001647, 0.001400, 0.001675, 0.001553, 0.001609, 0.001173, 0.001043, 0.001818, 0.001754, 0.001946, 0.001840, 0.001879, 0.001973, 0.001871, 0.002056, 0.001904, 0.002200, 0.002125, 0.002045, 0.001976, 0.001976, 0.002133, 0.001981, 0.002106, 0.001940, 0.002039, 0.002078, 0.002042
2 , 0, 0, 0, 0, 0, 0, 0
2 , 0.021955, 0.024219, 0.027636, 0.028236, 0.027531, 0.026694, 0.024575
3 , 0.001430, 0.001366, 0.001337, 0.001398, 0.001240, 0.001425, 0.001270, 0.001419, 0.001384, 0.001474, 0.001439, 0.001561, 0.001376, 0.001463, 0.001492, 0.001647, 0.001400, 0.001675, 0.001553, 0.001609, 0.001173, 0.001043, 0.001818, 0.001754, 0.001946, 0.001840, 0.001879, 0.001973, 0.001871, 0.002056, 0.001904, 0.002200, 0.002125, 0.002045, 0.001976, 0.001976, 0.002133, 0.001981, 0.002106, 0.001940, 0.002039, 0.002078, 0.002042, 0.002034, 0.002156, 0.001157, 0.001434, 0.001640, 0.001634, 0.001482, 0.001448, 0.001512, 0.001423, 0.001488, 0.001364, 0.001521, 0.001394, 0.001430, 0.001335, 0.001431, 0.001309, 0.001310, 0.001251, 0.001286, 0.001165, 0.001290, 0.001347, 0.001291, 0.001163, 0.001208, 0.001252, 0.000360, 0.002129, 0.001819, 0.002043, 0.002365, 0.002159, 0.002183, 0.002113, 0.002286, 0.002240, 0.002127, 0.002125, 0.001981, 0.002166, 0.002045, 0.002175, 0.002075, 0.002014, 0.002191, 0.002078, 0.002091
3 , 0, 0, 0, 0, 0, 0, 0
3 , 0.023078, 0.024133, 0.025281, 0.027077, 0.029367, 0.028308, 0.027134
4 , 0.001448, 0.001512, 0.001423, 0.001488, 0.001364, 0.001521, 0.001394, 0.001430, 0.001335, 0.001431, 0.001309, 0.001310, 0.001251, 0.001286, 0.001165, 0.001290, 0.001347, 0.001291, 0.001163, 0.001208, 0.001252, 0.000360, 0.002129, 0.001819, 0.002043, 0.002365, 0.002159, 0.002183, 0.002113, 0.002286, 0.002240, 0.002127, 0.002125, 0.001981, 0.002166, 0.002045, 0.002175, 0.002075, 0.002014, 0.002191, 0.002078, 0.002091, 0.001937, 0.002074, 0.002053, 0.001750, 0.001060, 0.001517, 0.001419, 0.001275, 0.001401, 0.001185, 0.001434, 0.001222, 0.001350, 0.001231, 0.001236, 0.000990, 0.001179, 0.001117, 0.001242, 0.001000, 0.001156, 0.001030, 0.001220, 0.001129, 0.001310, 0.000976, 0.001381, 0.000110, 0.001873, 0.002022, 0.002170, 0.002150, 0.002168, 0.002056, 0.002277, 0.002098, 0.002079, 0.002015, 0.002257, 0.002144, 0.002141, 0.002105, 0.002041, 0.002197, 0.002064, 0.002271, 0.002115, 0.002075, 0.002121, 0.002108
4 , 0, 0, 0, 0, 0, 0, 0
4 , 0.029974, 0.032619, 0.037148, 0.038391, 0.036749, 0.035271, 0.031040
5 , 0.001275, 0.001401, 0.001185, 0.001434, 0.001222, 0.001350, 0.001231, 0.001236, 0.000990, 0.001179, 0.001117, 0.001242, 0.001000, 0.001156, 0.001030, 0.001220, 0.001129, 0.001310, 0.000976, 0.001381, 0.000110, 0.001873, 0.002022, 0.002170, 0.002150, 0.002168, 0.002056, 0.002277, 0.002098, 0.002079, 0.002015, 0.002257, 0.002144, 0.002141, 0.002105, 0.002041, 0.002197, 0.002064, 0.002271, 0.002115, 0.002075, 0.002121, 0.002108, 0.002177, 0.002149, 0.000182, 0.001578, 0.001643, 0.001553, 0.001370, 0.001342, 0.001370, 0.001340, 0.001398, 0.001335, 0.001431, 0.001457, 0.001399, 0.001368, 0.001275, 0.001302, 0.001246, 0.001156, 0.001309, 0.001251, 0.001280, 0.001245, 0.001396, 0.001183, 0.001306, 0.000847, 0.001379, 0.002204, 0.002058, 0.002074, 0.002161, 0.002001, 0.002161, 0.002064, 0.002200, 0.002219, 0.002244, 0.002189, 0.002083, 0.002289, 0.002289, 0.002222, 0.002195, 0.002173, 0.002361, 0.002200, 0.002212
5 , 0, 0, 0, 0, 0, 0, 0
5 , 0.032699, 0.035291, 0.036542, 0.037889, 0.037789, 0.035771, 0.033772
6 , 0.001370, 0.001342, 0.001370, 0.001340, 0.001398, 0.001335, 0.001431, 0.001457, 0.001399, 0.001368, 0.001275, 0.001302, 0.001246, 0.001156, 0.001309, 0.001251, 0.001280, 0.001245, 0.001396, 0.001183, 0.001306, 0.000847, 0.001379, 0.002204, 0.002058, 0.002074, 0.002161, 0.002001, 0.002161, 0.002064, 0.002200, 0.002219, 0.002244, 0.002189, 0.002083, 0.002289, 0.002289, 0.002222, 0.002195, 0.002173, 0.002361, 0.002200, 0.002212, 0.002140, 0.002224, 0.002492, 0.001107, 0.001689, 0.001432, 0.001516, 0.001338, 0.001398, 0.001307, 0.001370, 0.001277, 0.001462, 0.001187, 0.001408, 0.001220, 0.001439, 0.001222, 0.001407, 0.001314, 0.001466, 0.001220, 0.001371, 0.001277, 0.001517, 0.001276, 0.001578, 0.000579, 0.001876, 0.002098, 0.002207, 0.002028, 0.001974, 0.001964, 0.002252, 0.002082, 0.002174, 0.001959, 0.002225, 0.002111, 0.002084, 0.002042, 0.001857, 0.002147, 0.002014, 0.002111, 0.001962, 0.002028, 0.002189
6 , 0, 0, 0, 0, 0, 0, 0
6 , 0.026386, 0.029455, 0.032344, 0.035448, 0.035784, 0.033417, 0.031152
7 , 0.001338, 0.001398, 0.001307, 0.001370, 0.001277, 0.001462, 0.001187, 0.001408, 0.001220, 0.001439, 0.001222, 0.001407, 0.001314, 0.001466, 0.001220, 0.001371, 0.001277, 0.001517, 0.001276, 0.001578, 0.000579, 0.001876, 0.002098, 0.002207, 0.002028, 0.001974, 0.001964, 0.002252, 0.002082, 0.002174, 0.001959, 0.002225, 0.002111, 0.002084, 0.002042, 0.001857, 0.002147, 0.002014, 0.002111, 0.001962, 0.002028, 0.002189, 0.002100, 0.002031, 0.001862, 0.002361, 0.001908, 0.000942, 0.001803, 0.001517, 0.001464, 0.001402, 0.001345, 0.001315, 0.001291, 0.001315, 0.001223, 0.001196, 0.001283, 0.001342, 0.001370, 0.001274, 0.001301, 0.001297, 0.001297, 0.001325, 0.001383, 0.001350, 0.001410, 0.001413, 0.001415, 0.001473, 0.001504, 0.001442, 0.001386, 0.001446, 0.001385, 0.001262, 0.001324, 0.001295, 0.001268, 0.001304, 0.001273, 0.001272, 0.001270, 0.001274, 0.001427, 0.001427, 0.001278, 0.001314, 0.001229, 0.001204
7 , 3, 3, 0, 0, 3, 3, 3
7 , 0.015982, 0.016020, 0.018093, 0.018045, 0.016136, 0.014769, 0.013598
8 , 0.001803, 0.001517, 0.001464, 0.001402, 0.001345, 0.001315, 0.001291, 0.001315, 0.001223, 0.001196, 0.001283, 0.001342, 0.001370, 0.001274, 0.001301, 0.001297, 0.001297, 0.001325, 0.001383, 0.001350, 0.001410, 0.001413, 0.001415, 0.001473, 0.001504, 0.001442, 0.001386, 0.001446, 0.001385, 0.001262, 0.001324, 0.001295, 0.001268, 0.001304, 0.001273, 0.001272, 0.001270, 0.001274, 0.001427, 0.001427, 0.001278, 0.001314, 0.001229, 0.001204, 0.001234, 0.001360, 0.001305, 0.001123, 0.001005, 0.001127, 0.001185, 0.001340, 0.001154, 0.001275, 0.001154, 0.001212, 0.001208, 0.001236, 0.001262, 0.001356, 0.001349, 0.001499, 0.001307, 0.001426, 0.001331, 0.001358, 0.001319, 0.001499, 0.001404, 0.001555, 0.001489, 0.001643, 0.001425, 0.001607, 0.001514, 0.001575, 0.001512, 0.001544, 0.001513, 0.001697, 0.001513, 0.001636, 0.001481, 0.001574, 0.001483, 0.001638, 0.001516, 0.001671, 0.001337, 0.001587, 0.001343, 0.001499
8 , 2, 2, 2, 2, 2, 2, 2
8 , 0.007341, 0.006458, 0.005601, 0.006008, 0.005068, 0.005031, 0.004685
9 , 0.001305, 0.001123, 0.001005, 0.001127, 0.001185, 0.001340, 0.001154, 0.001275, 0.001154, 0.001212, 0.001208, 0.001236, 0.001262, 0.001356, 0.001349, 0.001499, 0.001307, 0.001426, 0.001331, 0.001358, 0.001319, 0.001499, 0.001404, 0.001555, 0.001489, 0.001643, 0.001425, 0.001607, 0.001514, 0.001575, 0.001512, 0.001544, 0.001513, 0.001697, 0.001513, 0.001636, 0.001481, 0.001574, 0.001483, 0.001638, 0.001516, 0.001671, 0.001337, 0.001587, 0.001343, 0.001499, 0.001319, 0.001385, 0.001324, 0.001395, 0.001187, 0.001376, 0.001134, 0.001355, 0.001175, 0.001304, 0.001149, 0.001308, 0.001040, 0.001204, 0.000989, 0.001265, 0.001079, 0.001229, 0.001100, 0.001131, 0.001034, 0.001274, 0.001205, 0.001379, 0.001215, 0.001488, 0.001328, 0.001448, 0.001288, 0.001502, 0.001376, 0.001530, 0.001284, 0.001434, 0.001280, 0.001495, 0.001465, 0.001526, 0.001340, 0.001492, 0.001493, 0.001494, 0.001434, 0.001437, 0.001437, 0.001441
9 , 0, 0, 0, 0, 0, 0, 0
9 , 0.010342, 0.010544, 0.010819, 0.010829, 0.010410, 0.009826, 0.009130
10 , 0.001395, 0.001187, 0.001376, 0.001134, 0.001355, 0.001175, 0.001304, 0.001149, 0.001308, 0.001040, 0.001204, 0.000989, 0.001265, 0.001079, 0.001229, 0.001100, 0.001131, 0.001034, 0.001274, 0.001205, 0.001379, 0.001215, 0.001488, 0.001328, 0.001448, 0.001288, 0.001502, 0.001376, 0.001530, 0.001284, 0.001434, 0.001280, 0.001495, 0.001465, 0.001526, 0.001340, 0.001492, 0.001493, 0.001494, 0.001434, 0.001437, 0.001437, 0.001441, 0.001290, 0.001413, 0.001383, 0.001324, 0.001390, 0.001329, 0.001297, 0.001297, 0.001271, 0.001335, 0.001303, 0.001248, 0.001223, 0.001286, 0.001286, 0.001252, 0.001219, 0.001309, 0.001247, 0.001304, 0.001399, 0.001186, 0.001364, 0.001328, 0.001359, 0.001236, 0.001417, 0.001261, 0.001408, 0.001316, 0.001380, 0.001436, 0.001528, 0.001436, 0.001651, 0.001438, 0.001499, 0.001469, 0.001591, 0.001347, 0.001620, 0.001529, 0.001559, 0.001404, 0.001558, 0.001464, 0.001528, 0.001434, 0.001589
10 , 0, 0, 0, 0, 0, 0, 0
10 , 0.007542, 0.008332, 0.008326, 0.008937, 0.008691, 0.008744, 0.008461
11 , 0.001297, 0.001297, 0.001271, 0.001335, 0.001303, 0.001248, 0.001223, 0.001286, 0.001286, 0.001252, 0.001219, 0.001309, 0.001247, 0.001304, 0.001399, 0.001186, 0.001364, 0.001328, 0.001359, 0.001236, 0.001417, 0.001261, 0.001408, 0.001316, 0.001380, 0.001436, 0.001528, 0.001436, 0.001651, 0.001438, 0.001499, 0.001469, 0.001591, 0.001347, 0.001620, 0.001529, 0.001559, 0.001404, 0.001558, 0.001464, 0.001528, 0.001434, 0.001589, 0.001371, 0.001496, 0.001402, 0.001495, 0.001341, 0.001620, 0.001435, 0.001557, 0.001403, 0.001531, 0.001316, 0.001623, 0.001469, 0.001592, 0.001468, 0.001501, 0.001348, 0.001475, 0.001349, 0.001536, 0.001507, 0.001570, 0.001359, 0.001638, 0.001394, 0.001456, 0.001306, 0.001402, 0.001250, 0.001377, 0.001257, 0.001264, 0.001256, 0.001262, 0.001262, 0.001232, 0.001172, 0.001324, 0.001290, 0.001347, 0.001191, 0.001342, 0.001309, 0.001274, 0.001424, 0.001329, 0.001419, 0.001570, 0.001476
11 , 3, 3, 3, 3, 3, 3, 3
11 , 0.007655, 0.008001, 0.007598, 0.007735, 0.007331, 0.007274, 0.006942
12 , 0.001341, 0.001620, 0.001435, 0.001557, 0.001403, 0.001531, 0.001316, 0.001623, 0.001469, 0.001592, 0.001468, 0.001501, 0.001348, 0.001475, 0.001349, 0.001536, 0.001507, 0.001570, 0.001359, 0.001638, 0.001394, 0.001456, 0.001306, 0.001402, 0.001250, 0.001377, 0.001257, 0.001264, 0.001256, 0.001262, 0.001262, 0.001232, 0.001172, 0.001324, 0.001290, 0.001347, 0.001191, 0.001342, 0.001309, 0.001274, 0.001424, 0.001329, 0.001419, 0.001570, 0.001476, 0.001384, 0.001477, 0.001357, 0.001451, 0.001419, 0.001484, 0.001391, 0.001392, 0.001360, 0.001421, 0.001268, 0.001422, 0.001328, 0.001451, 0.001264, 0.001421, 0.001483, 0.001458, 0.001367, 0.001375, 0.001159, 0.001374, 0.001249, 0.001496, 0.001280, 0.001371, 0.001275, 0.001487, 0.001180, 0.001393, 0.001299, 0.001388, 0.001325, 0.001421, 0.001356, 0.001539, 0.001322, 0.001504, 0.001441, 0.001564, 0.001349, 0.001566, 0.001415, 0.001662, 0.001448, 0.001482, 0.001452
12 , 2, 2, 2, 2, 2, 2, 2
12 , 0.003850, 0.004087, 0.004395, 0.004522, 0.004730, 0.004212, 0.004501
13 , 0.001484, 0.001391, 0.001392, 0.001360, 0.001421, 0.001268, 0.001422, 0.001328, 0.001451, 0.001264, 0.001421, 0.001483, 0.001458, 0.001367, 0.001375, 0.001159, 0.001374, 0.001249, 0.001496, 0.001280, 0.001371, 0.001275, 0.001487, 0.001180, 0.001393, 0.001299, 0.001388, 0.001325, 0.001421, 0.001356, 0.001539, 0.001322, 0.001504, 0.001441, 0.001564, 0.001349, 0.001566, 0.001415, 0.001662, 0.001448, 0.001482, 0.001452, 0.001486, 0.001272, 0.001582, 0.001305, 0.001459, 0.001486, 0.001519, 0.001392, 0.001546, 0.001484, 0.001545, 0.001422, 0.001515, 0.001482, 0.001576, 0.001453, 0.001545, 0.001421, 0.001449, 0.001447, 0.001541, 0.001449, 0.001515, 0.001399, 0.001492, 0.001435, 0.001504, 0.001477, 0.001332, 0.001422, 0.001370, 0.001346, 0.001254, 0.001311, 0.001251, 0.001220, 0.001276, 0.001395, 0.001301, 0.001358, 0.001386, 0.001353, 0.001256, 0.001408, 0.001280, 0.001459, 0.001302, 0.001423, 0.001387, 0.001418
13 , 3, 3, 3, 3, 3, 3, 3
13 , 0.003632, 0.004016, 0.004292, 0.004407, 0.004381, 0.004617, 0.004472
14 , 0.001484, 0.001545, 0.001422, 0.001515, 0.001482, 0.001576, 0.001453, 0.001545, 0.001421, 0.001449, 0.001447, 0.001541, 0.001449, 0.001515, 0.001399, 0.001492, 0.001435, 0.001504, 0.001477, 0.001332, 0.001422, 0.001370, 0.001346, 0.001254, 0.001311, 0.001251, 0.001220, 0.001276, 0.001395, 0.001301, 0.001358, 0.001386, 0.001353, 0.001256, 0.001408, 0.001280, 0.001459, 0.001302, 0.001423, 0.001387, 0.001418, 0.001381, 0.001535, 0.001444, 0.001596, 0.001471, 0.001627, 0.001320, 0.001568, 0.001533, 0.001595, 0.001471, 0.001504, 0.001383, 0.001480, 0.001264, 0.001537, 0.001411, 0.001630, 0.001387, 0.001512, 0.001418, 0.001452, 0.001269, 0.001486, 0.001334, 0.001524, 0.001216, 0.001374, 0.001341, 0.001462, 0.001337, 0.001341, 0.001250, 0.001463, 0.001311, 0.001435, 0.001368, 0.001462, 0.001395, 0.001548, 0.001365, 0.001398, 0.001484, 0.001424, 0.001273, 0.001423, 0.001486, 0.001517, 0.001425, 0.001456, 0.001390
14 , 1, 1, 1, 1, 1, 1, 2
14 , 0.004272, 0.003547, 0.003283, 0.002757, 0.002575, 0.001693, 0.001277
15 , 0.001627, 0.001320, 0.001568, 0.001533, 0.001595, 0.001471, 0.001504, 0.001383, 0.001480, 0.001264, 0.001537, 0.001411, 0.001630, 0.001387, 0.001512, 0.001418, 0.001452, 0.001269, 0.001486, 0.001334, 0.001524, 0.001216, 0.001374, 0.001341, 0.001462, 0.001337, 0.001341, 0.001250, 0.001463, 0.001311, 0.001435, 0.001368, 0.001462, 0.001395, 0.001548, 0.001365, 0.001398, 0.001484, 0.001424, 0.001273, 0.001423, 0.001486, 0.001517, 0.001425, 0.001456, 0.001390, 0.001425, 0.001392, 0.001485, 0.001423, 0.001394, 0.001340, 0.001345, 0.001404, 0.001314, 0.001351, 0.001256, 0.001381, 0.001320, 0.001353, 0.001264, 0.001416, 0.001322, 0.001416, 0.001203, 0.001383, 0.001317, 0.001285, 0.001154, 0.001458, 0.001300, 0.001452, 0.001358, 0.001574, 0.001446, 0.001540, 0.001387, 0.001538, 0.001471, 0.001593, 0.001377, 0.001589, 0.001615, 0.001646, 0.001336, 0.001640, 0.001576, 0.001699, 0.001542, 0.001696, 0.001513, 0.001669
15 , 2, 2, 2, 2, 2, 2, 2
15 , 0.004669, 0.005282, 0.005331, 0.005360, 0.005124, 0.005377, 0.004979
16 , 0.001340, 0.001345, 0.001404, 0.001314, 0.001351, 0.001256, 0.001381, 0.001320, 0.001353, 0.001264, 0.001416, 0.001322, 0.001416, 0.001203, 0.001383, 0.001317, 0.001285, 0.001154, 0.001458, 0.001300, 0.001452, 0.001358, 0.001574, 0.001446, 0.001540, 0.001387, 0.001538, 0.001471, 0.001593, 0.001377, 0.001589, 0.001615, 0.001646, 0.001336, 0.001640, 0.001576, 0.001699, 0.001542, 0.001696, 0.001513, 0.001669, 0.001547, 0.001608, 0.001394, 0.001611, 0.001489, 0.001583, 0.001402, 0.001468, 0.001375, 0.001625, 0.001444, 0.001509, 0.001358, 0.001547, 0.001521, 0.001465, 0.001402, 0.001465, 0.001402, 0.001468, 0.001402, 0.001490, 0.001365, 0.001305, 0.001392, 0.001449, 0.001477, 0.001471, 0.001500, 0.001501, 0.001495, 0.001403, 0.001554, 0.001491, 0.001551, 0.001491, 0.001521, 0.001490, 0.001551, 0.001428, 0.001547, 0.001547, 0.001607, 0.001454, 0.001547, 0.001483, 0.001669, 0.001577, 0.001550, 0.001459, 0.001644
16 , 0, 0, 0, 0, 0, 0, 0
16 , 0.005385, 0.006100, 0.006056, 0.006543, 0.005952, 0.006095, 0.005680
