0 , 0.000545, 0.001521, 0.001911, 0.002016, 0.001852, 0.001903, 0.001899, 0.002158, 0.001997, 0.002135, 0.001970, 0.002077, 0.002064, 0.002104, 0.002123, 0.002012, 0.002207, 0.001991, 0.001991, 0.001779, 0.001851, 0.002002, 0.001774, 0.001878, 0.001972, 0.000187, 0.001704, 0.001831, 0.001772, 0.001618, 0.001645, 0.001613, 0.001550, 0.001730, 0.001637, 0.001607, 0.001667, 0.001852, 0.001639, 0.001733, 0.001731, 0.001794, 0.001613, 0.001736, 0.001675, 0.001614, 0.001555, 0.001649, 0.001558, 0.001653, 0.001391, 0.000649, 0.001700, 0.001798, 0.001611, 0.001811, 0.001626, 0.001771, 0.001583, 0.001829, 0.001846, 0.001810, 0.001830, 0.001722, 0.001987, 0.001733, 0.001782, 0.001782, 0.001807, 0.001910, 0.001713, 0.001929, 0.001826, 0.001797, 0.001965, 0.000912, 0.001732, 0.001783, 0.001800, 0.001650, 0.001832, 0.001613, 0.001737, 0.001583, 0.001767, 0.001547, 0.001792, 0.001669, 0.001793, 0.001638, 0.001762, 0.001545
0 , 2, 2, 2, 2, 1, 1, 1
0 , 0.005731, 0.005783, 0.006073, 0.006462, 0.007638, 0.008865, 0.009366
1 , 0.001700, 0.001798, 0.001611, 0.001811, 0.001626, 0.001771, 0.001583, 0.001829, 0.001846, 0.001810, 0.001830, 0.001722, 0.001987, 0.001733, 0.001782, 0.001782, 0.001807, 0.001910, 0.001713, 0.001929, 0.001826, 0.001797, 0.001965, 0.000912, 0.001732, 0.001783, 0.001800, 0.001650, 0.001832, 0.001613, 0.001737, 0.001583, 0.001767, 0.001547, 0.001792, 0.001669, 0.001793, 0.001638, 0.001762, 0.001545, 0.001790, 0.001544, 0.001818, 0.001638, 0.001881, 0.001644, 0.002003, 0.000049, 0.001371, 0.001609, 0.001667, 0.001578, 0.001680, 0.001575, 0.001885, 0.001749, 0.001840, 0.001641, 0.001898, 0.001947, 0.001887, 0.001911, 0.001827, 0.002118, 0.001915, 0.002064, 0.001943, 0.001811, 0.002049, 0.001882, 0.001849, 0.001497, 0.000745, 0.001934, 0.001831, 0.001712, 0.001616, 0.001648, 0.001616, 0.001797, 0.001675, 0.001767, 0.001736, 0.001769, 0.001706, 0.001644, 0.001615, 0.001551, 0.001642, 0.001731, 0.001641, 0.001672
1 , 3, 1, 1, 1, 1, 1, 1
1 , 0.001130, 0.001909, 0.003004, 0.003967, 0.007451, 0.004580, 0.005405
2 , 0.001667, 0.001578, 0.001680, 0.001575, 0.001885, 0.001749, 0.001840, 0.001641, 0.001898, 0.001947, 0.001887, 0.001911, 0.001827, 0.002118, 0.001915, 0.002064, 0.001943, 0.001811, 0.002049, 0.001882, 0.001849, 0.001497, 0.000745, 0.001934, 0.001831, 0.001712, 0.001616, 0.001648, 0.001616, 0.001797, 0.001675, 0.001767, 0.001736, 0.001769, 0.001706, 0.001644, 0.001615, 0.001551, 0.001642, 0.001731, 0.001641, 0.001672, 0.001642, 0.001643, 0.001677, 0.001592, 0.001734, 0.000780, 0.001289, 0.001787, 0.001672, 0.001660, 0.002009, 0.001861, 0.002031, 0.001776, 0.001982, 0.001994, 0.001954, 0.002006, 0.001812, 0.002155, 0.002006, 0.002003, 0.001879, 0.001909, 0.002061, 0.001849, 0.001982, 0.001780, 0.001903, 0.002063, 0.000002, 0.002074, 0.001831, 0.001888, 0.001701, 0.001759, 0.001576, 0.001667, 0.001571, 0.001786, 0.001571, 0.001695, 0.001664, 0.001850, 0.001545, 0.001763, 0.001580, 0.001706, 0.001521, 0.001677
2 , 1, 1, 1, 1, 1, 1, 1
2 , 0.004682, 0.007301, 0.008481, 0.008528, 0.009302, 0.007181, 0.008272
3 , 0.001672, 0.001660, 0.002009, 0.001861, 0.002031, 0.001776, 0.001982, 0.001994, 0.001954, 0.002006, 0.001812, 0.002155, 0.002006, 0.002003, 0.001879, 0.001909, 0.002061, 0.001849, 0.001982, 0.001780, 0.001903, 0.002063, 0.000002, 0.002074, 0.001831, 0.001888, 0.001701, 0.001759, 0.001576, 0.001667, 0.001571, 0.001786, 0.001571, 0.001695, 0.001664, 0.001850, 0.001545, 0.001763, 0.001580, 0.001706, 0.001521, 0.001677, 0.001615, 0.001835, 0.001467, 0.001543, 0.000852, 0.001776, 0.001813, 0.001638, 0.001642, 0.001719, 0.001683, 0.001857, 0.001777, 0.001907, 0.001655, 0.001852, 0.001962, 0.001882, 0.001843, 0.001748, 0.001991, 0.001955, 0.002092, 0.001997, 0.002015, 0.002203, 0.001960, 0.002211, 0.001121, 0.001115, 0.001638, 0.001594, 0.001575, 0.001444, 0.001537, 0.001378, 0.001445, 0.001318, 0.001467, 0.001459, 0.001517, 0.001448, 0.001686, 0.001622, 0.001683, 0.001649, 0.001713, 0.001560, 0.001532, 0.001498
3 , 1, 1, 1, 1, 1, 1, 1
3 , 0.009124, 0.011330, 0.013650, 0.015028, 0.010384, 0.010967, 0.010997
4 , 0.001638, 0.001642, 0.001719, 0.001683, 0.001857, 0.001777, 0.001907, 0.001655, 0.001852, 0.001962, 0.001882, 0.001843, 0.001748, 0.001991, 0.001955, 0.002092, 0.001997, 0.002015, 0.002203, 0.001960, 0.002211, 0.001121, 0.001115, 0.001638, 0.001594, 0.001575, 0.001444, 0.001537, 0.001378, 0.001445, 0.001318, 0.001467, 0.001459, 0.001517, 0.001448, 0.001686, 0.001622, 0.001683, 0.001649, 0.001713, 0.001560, 0.001532, 0.001498, 0.001655, 0.001555, 0.001535, 0.001547, 0.000108, 0.001429, 0.001545, 0.001594, 0.001507, 0.001794, 0.001559, 0.001750, 0.001678, 0.001788, 0.001879, 0.001805, 0.001912, 0.001664, 0.001940, 0.001780, 0.001879, 0.001868, 0.001777, 0.001871, 0.001741, 0.001918, 0.001661, 0.001741, 0.001793, 0.000833, 0.002051, 0.001801, 0.001776, 0.001529, 0.001654, 0.001622, 0.001685, 0.001502, 0.001594, 0.001590, 0.001564, 0.001442, 0.001569, 0.001415, 0.001540, 0.001477, 0.001600, 0.001477, 0.001603
4 , 1, 1, 1, 1, 1, 1, 1
4 , 0.006782, 0.008977, 0.010399, 0.009612, 0.012098, 0.010905, 0.011769
5 , 0.001594, 0.001507, 0.001794, 0.001559, 0.001750, 0.001678, 0.001788, 0.001879, 0.001805, 0.001912, 0.001664, 0.001940, 0.001780, 0.001879, 0.001868, 0.001777, 0.001871, 0.001741, 0.001918, 0.001661, 0.001741, 0.001793, 0.000833, 0.002051, 0.001801, 0.001776, 0.001529, 0.001654, 0.001622, 0.001685, 0.001502, 0.001594, 0.001590, 0.001564, 0.001442, 0.001569, 0.001415, 0.001540, 0.001477, 0.001600, 0.001477, 0.001603, 0.001475, 0.001635, 0.001618, 0.001098, 0.001425, 0.001687, 0.001690, 0.001674, 0.001830, 0.001851, 0.001706, 0.001991, 0.001863, 0.001887, 0.001671, 0.001765, 0.001953, 0.001950, 0.001862, 0.001674, 0.002042, 0.001788, 0.001827, 0.001750, 0.001783, 0.001946, 0.001769, 0.001857, 0.001658, 0.002051, 0.000425, 0.001808, 0.001636, 0.001634, 0.001514, 0.001575, 0.001426, 0.001488, 0.001307, 0.001491, 0.001491, 0.001555, 0.001555, 0.001647, 0.001551, 0.001549, 0.001395, 0.001427, 0.001457, 0.001488
5 , 1, 1, 1, 1, 1, 1, 1
5 , 0.007107, 0.009196, 0.011309, 0.012327, 0.011673, 0.010226, 0.010790
6 , 0.001674, 0.001830, 0.001851, 0.001706, 0.001991, 0.001863, 0.001887, 0.001671, 0.001765, 0.001953, 0.001950, 0.001862, 0.001674, 0.002042, 0.001788, 0.001827, 0.001750, 0.001783, 0.001946, 0.001769, 0.001857, 0.001658, 0.002051, 0.000425, 0.001808, 0.001636, 0.001634, 0.001514, 0.001575, 0.001426, 0.001488, 0.001307, 0.001491, 0.001491, 0.001555, 0.001555, 0.001647, 0.001551, 0.001549, 0.001395, 0.001427, 0.001457, 0.001488, 0.001454, 0.001514, 0.001512, 0.001690, 0.001352, 0.001412, 0.001563, 0.001655, 0.001501, 0.001533, 0.001594, 0.001535, 0.001533, 0.001597, 0.001593, 0.001748, 0.001566, 0.001631, 0.001414, 0.001656, 0.001475, 0.001513, 0.001423, 0.001544, 0.001391, 0.001577, 0.001574, 0.001454, 0.001299, 0.001428, 0.001243, 0.001458, 0.001425, 0.001522, 0.001434, 0.001590, 0.001466, 0.001561, 0.001376, 0.001443, 0.001468, 0.001618, 0.001339, 0.001527, 0.001371, 0.001556, 0.001400, 0.001556, 0.001459
6 , 1, 1, 1, 1, 1, 1, 1
6 , 0.007625, 0.008463, 0.009060, 0.008756, 0.009468, 0.007188, 0.006679
7 , 0.001655, 0.001501, 0.001533, 0.001594, 0.001535, 0.001533, 0.001597, 0.001593, 0.001748, 0.001566, 0.001631, 0.001414, 0.001656, 0.001475, 0.001513, 0.001423, 0.001544, 0.001391, 0.001577, 0.001574, 0.001454, 0.001299, 0.001428, 0.001243, 0.001458, 0.001425, 0.001522, 0.001434, 0.001590, 0.001466, 0.001561, 0.001376, 0.001443, 0.001468, 0.001618, 0.001339, 0.001527, 0.001371, 0.001556, 0.001400, 0.001556, 0.001459, 0.001610, 0.001331, 0.001634, 0.001475, 0.001565, 0.001500, 0.001657, 0.001472, 0.001803, 0.001555, 0.001618, 0.001552, 0.001676, 0.001612, 0.001677, 0.001493, 0.001711, 0.001525, 0.001740, 0.001404, 0.001594, 0.001529, 0.001623, 0.001594, 0.001658, 0.001565, 0.001627, 0.001353, 0.001603, 0.001449, 0.001699, 0.001606, 0.001607, 0.001452, 0.001639, 0.001364, 0.001431, 0.001462, 0.001557, 0.001430, 0.001587, 0.001404, 0.001497, 0.001400, 0.001458, 0.001389, 0.001594, 0.001496, 0.001649, 0.001516
7 , 1, 1, 1, 1, 1, 1, 1
7 , 0.003924, 0.004211, 0.003815, 0.003408, 0.002869, 0.002245, 0.002112
8 , 0.001500, 0.001657, 0.001472, 0.001803, 0.001555, 0.001618, 0.001552, 0.001676, 0.001612, 0.001677, 0.001493, 0.001711, 0.001525, 0.001740, 0.001404, 0.001594, 0.001529, 0.001623, 0.001594, 0.001658, 0.001565, 0.001627, 0.001353, 0.001603, 0.001449, 0.001699, 0.001606, 0.001607, 0.001452, 0.001639, 0.001364, 0.001431, 0.001462, 0.001557, 0.001430, 0.001587, 0.001404, 0.001497, 0.001400, 0.001458, 0.001389, 0.001594, 0.001496, 0.001649, 0.001516, 0.001637, 0.001693, 0.001782, 0.001597, 0.001747, 0.001745, 0.001808, 0.001685, 0.001960, 0.001898, 0.001839, 0.001811, 0.001783, 0.001754, 0.001668, 0.001703, 0.001678, 0.001559, 0.001539, 0.001450, 0.001549, 0.001517, 0.001521, 0.001406, 0.001410, 0.001409, 0.001409, 0.001444, 0.001385, 0.001418, 0.001295, 0.001357, 0.001384, 0.001475, 0.001323, 0.001410, 0.001378, 0.001436, 0.001404, 0.001433, 0.001334, 0.001578, 0.001512, 0.001480, 0.001477, 0.001722, 0.001445
8 , 1, 1, 1, 1, 1, 1, 1
8 , 0.007792, 0.007777, 0.007257, 0.006934, 0.005914, 0.005769, 0.004838
9 , 0.001693, 0.001782, 0.001597, 0.001747, 0.001745, 0.001808, 0.001685, 0.001960, 0.001898, 0.001839, 0.001811, 0.001783, 0.001754, 0.001668, 0.001703, 0.001678, 0.001559, 0.001539, 0.001450, 0.001549, 0.001517, 0.001521, 0.001406, 0.001410, 0.001409, 0.001409, 0.001444, 0.001385, 0.001418, 0.001295, 0.001357, 0.001384, 0.001475, 0.001323, 0.001410, 0.001378, 0.001436, 0.001404, 0.001433, 0.001334, 0.001578, 0.001512, 0.001480, 0.001477, 0.001722, 0.001445, 0.001479, 0.001386, 0.001632, 0.001506, 0.001481, 0.001421, 0.001543, 0.001356, 0.001514, 0.001355, 0.001511, 0.001416, 0.001513, 0.001542, 0.001667, 0.001423, 0.001670, 0.001453, 0.001610, 0.001333, 0.001642, 0.001339, 0.001556, 0.001519, 0.001639, 0.001422, 0.001637, 0.001512, 0.001667, 0.001511, 0.001635, 0.001443, 0.001597, 0.001440, 0.001655, 0.001533, 0.001624, 0.001500, 0.001714, 0.001646, 0.001800, 0.001585, 0.001646, 0.001584, 0.001710, 0.001586
9 , 2, 2, 2, 2, 2, 2, 2
9 , 0.008402, 0.008323, 0.008513, 0.008226, 0.008181, 0.007503, 0.007387
10 , 0.001632, 0.001506, 0.001481, 0.001421, 0.001543, 0.001356, 0.001514, 0.001355, 0.001511, 0.001416, 0.001513, 0.001542, 0.001667, 0.001423, 0.001670, 0.001453, 0.001610, 0.001333, 0.001642, 0.001339, 0.001556, 0.001519, 0.001639, 0.001422, 0.001637, 0.001512, 0.001667, 0.001511, 0.001635, 0.001443, 0.001597, 0.001440, 0.001655, 0.001533, 0.001624, 0.001500, 0.001714, 0.001646, 0.001800, 0.001585, 0.001646, 0.001584, 0.001710, 0.001586, 0.001680, 0.001557, 0.001686, 0.001594, 0.001628, 0.001539, 0.001574, 0.001545, 0.001610, 0.001519, 0.001494, 0.001462, 0.001524, 0.001466, 0.001408, 0.001469, 0.001437, 0.001437, 0.001409, 0.001500, 0.001439, 0.001467, 0.001520, 0.001551, 0.001485, 0.001667, 0.001600, 0.001690, 0.001470, 0.001591, 0.001555, 0.001616, 0.001521, 0.001616, 0.001584, 0.001677, 0.001556, 0.001681, 0.001591, 0.001809, 0.001531, 0.001595, 0.001471, 0.001775, 0.001561, 0.001718, 0.001591, 0.001654
10 , 0, 0, 0, 0, 0, 0, 0
10 , 0.003728, 0.004602, 0.004342, 0.004515, 0.004120, 0.004666, 0.004213
11 , 0.001545, 0.001610, 0.001519, 0.001494, 0.001462, 0.001524, 0.001466, 0.001408, 0.001469, 0.001437, 0.001437, 0.001409, 0.001500, 0.001439, 0.001467, 0.001520, 0.001551, 0.001485, 0.001667, 0.001600, 0.001690, 0.001470, 0.001591, 0.001555, 0.001616, 0.001521, 0.001616, 0.001584, 0.001677, 0.001556, 0.001681, 0.001591, 0.001809, 0.001531, 0.001595, 0.001471, 0.001775, 0.001561, 0.001718, 0.001591, 0.001654, 0.001443, 0.001567, 0.001444, 0.001606, 0.001514, 0.001672, 0.001304, 0.001645, 0.001429, 0.001580, 0.001423, 0.001701, 0.001574, 0.001569, 0.001536, 0.001719, 0.001502, 0.001688, 0.001445, 0.001570, 0.001504, 0.001751, 0.001503, 0.001722, 0.001657, 0.001655, 0.001590, 0.001715, 0.001502, 0.001626, 0.001535, 0.001719, 0.001509, 0.001482, 0.001480, 0.001574, 0.001545, 0.001614, 0.001584, 0.001464, 0.001462, 0.001461, 0.001495, 0.001439, 0.001526, 0.001495, 0.001558, 0.001617, 0.001521, 0.001522, 0.001580
11 , 3, 3, 3, 3, 3, 3, 3
11 , 0.002883, 0.003220, 0.002860, 0.003168, 0.003051, 0.003499, 0.003317
12 , 0.001423, 0.001701, 0.001574, 0.001569, 0.001536, 0.001719, 0.001502, 0.001688, 0.001445, 0.001570, 0.001504, 0.001751, 0.001503, 0.001722, 0.001657, 0.001655, 0.001590, 0.001715, 0.001502, 0.001626, 0.001535, 0.001719, 0.001509, 0.001482, 0.001480, 0.001574, 0.001545, 0.001614, 0.001584, 0.001464, 0.001462, 0.001461, 0.001495, 0.001439, 0.001526, 0.001495, 0.001558, 0.001617, 0.001521, 0.001522, 0.001580, 0.001549, 0.001489, 0.001488, 0.001608, 0.001611, 0.001522, 0.001550, 0.001548, 0.001521, 0.001586, 0.001496, 0.001589, 0.001405, 0.001467, 0.001408, 0.001509, 0.001386, 0.001542, 0.001358, 0.001362, 0.001330, 0.001456, 0.001395, 0.001549, 0.001270, 0.001422, 0.001329, 0.001392, 0.001265, 0.001486, 0.001396, 0.001461, 0.001337, 0.001554, 0.001366, 0.001548, 0.001357, 0.001511, 0.001409, 0.001654, 0.001496, 0.001590, 0.001401, 0.001525, 0.001367, 0.001523, 0.001551, 0.001672, 0.001513, 0.001636, 0.001513
12 , 2, 2, 2, 2, 2, 2, 2
12 , 0.001411, 0.001748, 0.002496, 0.002894, 0.003363, 0.003273, 0.003620
13 , 0.001589, 0.001405, 0.001467, 0.001408, 0.001509, 0.001386, 0.001542, 0.001358, 0.001362, 0.001330, 0.001456, 0.001395, 0.001549, 0.001270, 0.001422, 0.001329, 0.001392, 0.001265, 0.001486, 0.001396, 0.001461, 0.001337, 0.001554, 0.001366, 0.001548, 0.001357, 0.001511, 0.001409, 0.001654, 0.001496, 0.001590, 0.001401, 0.001525, 0.001367, 0.001523, 0.001551, 0.001672, 0.001513, 0.001636, 0.001513, 0.001664, 0.001570, 0.001635, 0.001387, 0.001603, 0.001509, 0.001572, 0.001480, 0.001606, 0.001543, 0.001572, 0.001511, 0.001664, 0.001603, 0.001694, 0.001603, 0.001549, 0.001519, 0.001525, 0.001588, 0.001679, 0.001624, 0.001445, 0.001510, 0.001479, 0.001509, 0.001592, 0.001622, 0.001588, 0.001495, 0.001434, 0.001434, 0.001580, 0.001699, 0.001544, 0.001606, 0.001570, 0.001660, 0.001535, 0.001749, 0.001503, 0.001722, 0.001655, 0.001626, 0.001562, 0.001657, 0.001503, 0.001809, 0.001564, 0.001749, 0.001593, 0.001687
13 , 0, 0, 0, 0, 0, 0, 0
13 , 0.002012, 0.002520, 0.002806, 0.003591, 0.003668, 0.003990, 0.003615
14 , 0.001511, 0.001664, 0.001603, 0.001694, 0.001603, 0.001549, 0.001519, 0.001525, 0.001588, 0.001679, 0.001624, 0.001445, 0.001510, 0.001479, 0.001509, 0.001592, 0.001622, 0.001588, 0.001495, 0.001434, 0.001434, 0.001580, 0.001699, 0.001544, 0.001606, 0.001570, 0.001660, 0.001535, 0.001749, 0.001503, 0.001722, 0.001655, 0.001626, 0.001562, 0.001657, 0.001503, 0.001809, 0.001564, 0.001749, 0.001593, 0.001687, 0.001504, 0.001598, 0.001567, 0.001693, 0.001505, 0.001664, 0.001480, 0.001665, 0.001445, 0.001569, 0.001506, 0.001751, 0.001599, 0.001725, 0.001599, 0.001783, 0.001596, 0.001599, 0.001565, 0.001689, 0.001504, 0.001600, 0.001509, 0.001633, 0.001513, 0.001700, 0.001391, 0.001669, 0.001548, 0.001550, 0.001517, 0.001544, 0.001448, 0.001664, 0.001603, 0.001658, 0.001655, 0.001625, 0.001538, 0.001659, 0.001566, 0.001600, 0.001478, 0.001450, 0.001542, 0.001606, 0.001662, 0.001568, 0.001628, 0.001567, 0.001569
14 , 3, 3, 3, 3, 3, 3, 0
14 , 0.001204, 0.001651, 0.001856, 0.001798, 0.001467, 0.001499, 0.001191
15 , 0.001665, 0.001445, 0.001569, 0.001506, 0.001751, 0.001599, 0.001725, 0.001599, 0.001783, 0.001596, 0.001599, 0.001565, 0.001689, 0.001504, 0.001600, 0.001509, 0.001633, 0.001513, 0.001700, 0.001391, 0.001669, 0.001548, 0.001550, 0.001517, 0.001544, 0.001448, 0.001664, 0.001603, 0.001658, 0.001655, 0.001625, 0.001538, 0.001659, 0.001566, 0.001600, 0.001478, 0.001450, 0.001542, 0.001606, 0.001662, 0.001568, 0.001628, 0.001567, 0.001569, 0.001477, 0.001632, 0.001601, 0.001602, 0.001664, 0.001667, 0.001543, 0.001487, 0.001488, 0.001581, 0.001337, 0.001497, 0.001461, 0.001463, 0.001345, 0.001531, 0.001318, 0.001471, 0.001444, 0.001541, 0.001324, 0.001536, 0.001285, 0.001562, 0.001531, 0.001623, 0.001431, 0.001736, 0.001517, 0.001700, 0.001605, 0.001700, 0.001516, 0.001609, 0.001456, 0.001672, 0.001578, 0.001736, 0.001399, 0.001705, 0.001552, 0.001705, 0.001490, 0.001676, 0.001611, 0.001639, 0.001513, 0.001577
15 , 2, 2, 2, 2, 2, 2, 2
15 , 0.002967, 0.002821, 0.002761, 0.003092, 0.002566, 0.002758, 0.002332
16 , 0.001667, 0.001543, 0.001487, 0.001488, 0.001581, 0.001337, 0.001497, 0.001461, 0.001463, 0.001345, 0.001531, 0.001318, 0.001471, 0.001444, 0.001541, 0.001324, 0.001536, 0.001285, 0.001562, 0.001531, 0.001623, 0.001431, 0.001736, 0.001517, 0.001700, 0.001605, 0.001700, 0.001516, 0.001609, 0.001456, 0.001672, 0.001578, 0.001736, 0.001399, 0.001705, 0.001552, 0.001705, 0.001490, 0.001676, 0.001611, 0.001639, 0.001513, 0.001577, 0.001512, 0.001638, 0.001455, 0.001673, 0.001582, 0.001734, 0.001583, 0.001675, 0.001462, 0.001559, 0.001586, 0.001530, 0.001494, 0.001642, 0.001611, 0.001760, 0.001549, 0.001642, 0.001613, 0.001586, 0.001587, 0.001527, 0.001618, 0.001645, 0.001588, 0.001647, 0.001672, 0.001519, 0.001647, 0.001645, 0.001557, 0.001468, 0.001498, 0.001528, 0.001619, 0.001559, 0.001556, 0.001463, 0.001706, 0.001520, 0.001586, 0.001424, 0.001667, 0.001545, 0.001672, 0.001485, 0.001702, 0.001611, 0.001644
16 , 3, 3, 3, 3, 3, 3, 3
16 , 0.002989, 0.003121, 0.003211, 0.003408, 0.003499, 0.003561, 0.003148
