0 , 0.002030, 0.001951, 0.002018, 0.002082, 0.002088, 0.002102, 0.002042, 0.002234, 0.001891, 0.002033, 0.001853, 0.001997, 0.002135, 0.001950, 0.002019, 0.001911, 0.002041, 0.001834, 0.001911, 0.001950, 0.001916, 0.001845, 0.001850, 0.000693, 0.001752, 0.001442, 0.001511, 0.001395, 0.001394, 0.001366, 0.001430, 0.001343, 0.001348, 0.001321, 0.001175, 0.001214, 0.001067, 0.001108, 0.001142, 0.001119, 0.001096, 0.001037, 0.001079, 0.001076, 0.000898, 0.001092, 0.000502, 0.001853, 0.002152, 0.002358, 0.002156, 0.002389, 0.002103, 0.002328, 0.002345, 0.002225, 0.002233, 0.002054, 0.002297, 0.002064, 0.002248, 0.002050, 0.002049, 0.002038, 0.002011, 0.002030, 0.001897, 0.002024, 0.001936, 0.001986, 0.002110, 0.000275, 0.001548, 0.001773, 0.001675, 0.001586, 0.001494, 0.001648, 0.001462, 0.001617, 0.001461, 0.001525, 0.001339, 0.001494, 0.001280, 0.001588, 0.001310, 0.001496, 0.001343, 0.001381, 0.001288, 0.001384
0 , 1, 1, 1, 1, 1, 1, 1
0 , 0.023322, 0.026580, 0.030694, 0.034350, 0.031608, 0.028480, 0.027564
1 , 0.002358, 0.002156, 0.002389, 0.002103, 0.002328, 0.002345, 0.002225, 0.002233, 0.002054, 0.002297, 0.002064, 0.002248, 0.002050, 0.002049, 0.002038, 0.002011, 0.002030, 0.001897, 0.002024, 0.001936, 0.001986, 0.002110, 0.000275, 0.001548, 0.001773, 0.001675, 0.001586, 0.001494, 0.001648, 0.001462, 0.001617, 0.001461, 0.001525, 0.001339, 0.001494, 0.001280, 0.001588, 0.001310, 0.001496, 0.001343, 0.001381, 0.001288, 0.001384, 0.001257, 0.001353, 0.001231, 0.001451, 0.001238, 0.000696, 0.001866, 0.002050, 0.001900, 0.001954, 0.002015, 0.001990, 0.002066, 0.001985, 0.002154, 0.002070, 0.002145, 0.002103, 0.002127, 0.002285, 0.002212, 0.002161, 0.002054, 0.002246, 0.002267, 0.002185, 0.002215, 0.002088, 0.002328, 0.001612, 0.001107, 0.001629, 0.001492, 0.001467, 0.001405, 0.001158, 0.001369, 0.001331, 0.001453, 0.001387, 0.001567, 0.001473, 0.001500, 0.001526, 0.001523, 0.001458, 0.001580, 0.001487, 0.001516
1 , 1, 1, 1, 1, 1, 1, 1
1 , 0.020499, 0.023951, 0.026550, 0.028375, 0.027231, 0.028396, 0.026576
2 , 0.001900, 0.001954, 0.002015, 0.001990, 0.002066, 0.001985, 0.002154, 0.002070, 0.002145, 0.002103, 0.002127, 0.002285, 0.002212, 0.002161, 0.002054, 0.002246, 0.002267, 0.002185, 0.002215, 0.002088, 0.002328, 0.001612, 0.001107, 0.001629, 0.001492, 0.001467, 0.001405, 0.001158, 0.001369, 0.001331, 0.001453, 0.001387, 0.001567, 0.001473, 0.001500, 0.001526, 0.001523, 0.001458, 0.001580, 0.001487, 0.001516, 0.001517, 0.001606, 0.001457, 0.001725, 0.000222, 0.001734, 0.001663, 0.001891, 0.001647, 0.001916, 0.001794, 0.001911, 0.002002, 0.001933, 0.002066, 0.001928, 0.002179, 0.002132, 0.002143, 0.002011, 0.001966, 0.002118, 0.002095, 0.002118, 0.002013, 0.002137, 0.002149, 0.002163, 0.002118, 0.001966, 0.002334, 0.000058, 0.001667, 0.001354, 0.001574, 0.001328, 0.001329, 0.001232, 0.001418, 0.001173, 0.001480, 0.001202, 0.001234, 0.001108, 0.001416, 0.001318, 0.001382, 0.001168, 0.001384, 0.001260, 0.001412
2 , 1, 1, 1, 1, 1, 1, 1
2 , 0.022184, 0.025155, 0.030477, 0.030703, 0.031162, 0.027356, 0.027103
3 , 0.001916, 0.001794, 0.001911, 0.002002, 0.001933, 0.002066, 0.001928, 0.002179, 0.002132, 0.002143, 0.002011, 0.001966, 0.002118, 0.002095, 0.002118, 0.002013, 0.002137, 0.002149, 0.002163, 0.002118, 0.001966, 0.002334, 0.000058, 0.001667, 0.001354, 0.001574, 0.001328, 0.001329, 0.001232, 0.001418, 0.001173, 0.001480, 0.001202, 0.001234, 0.001108, 0.001416, 0.001318, 0.001382, 0.001168, 0.001384, 0.001260, 0.001412, 0.001196, 0.001444, 0.001260, 0.001389, 0.001410, 0.001071, 0.001331, 0.001994, 0.001756, 0.002143, 0.001972, 0.002033, 0.001942, 0.002046, 0.002060, 0.001996, 0.002110, 0.001884, 0.002229, 0.002038, 0.002104, 0.002002, 0.002069, 0.002223, 0.002099, 0.002121, 0.001837, 0.002036, 0.001997, 0.002183, 0.000542, 0.001426, 0.001462, 0.001613, 0.001432, 0.001489, 0.001491, 0.001369, 0.001400, 0.001309, 0.001372, 0.001432, 0.001403, 0.001344, 0.001345, 0.001407, 0.001347, 0.001349, 0.001381, 0.001325
3 , 1, 1, 1, 1, 1, 1, 1
3 , 0.023470, 0.025847, 0.027801, 0.030671, 0.029679, 0.028258, 0.026658
4 , 0.001994, 0.001756, 0.002143, 0.001972, 0.002033, 0.001942, 0.002046, 0.002060, 0.001996, 0.002110, 0.001884, 0.002229, 0.002038, 0.002104, 0.002002, 0.002069, 0.002223, 0.002099, 0.002121, 0.001837, 0.002036, 0.001997, 0.002183, 0.000542, 0.001426, 0.001462, 0.001613, 0.001432, 0.001489, 0.001491, 0.001369, 0.001400, 0.001309, 0.001372, 0.001432, 0.001403, 0.001344, 0.001345, 0.001407, 0.001347, 0.001349, 0.001381, 0.001325, 0.001415, 0.001382, 0.001263, 0.001295, 0.000799, 0.001905, 0.002083, 0.002030, 0.001892, 0.001975, 0.002268, 0.002063, 0.002196, 0.001939, 0.002168, 0.002138, 0.002052, 0.002071, 0.002095, 0.002240, 0.002134, 0.002231, 0.002018, 0.002049, 0.002165, 0.002063, 0.002245, 0.002091, 0.001712, 0.000900, 0.001652, 0.001461, 0.001466, 0.001403, 0.001589, 0.001342, 0.001465, 0.001250, 0.001495, 0.001279, 0.001373, 0.001218, 0.001559, 0.001403, 0.001557, 0.001312, 0.001559, 0.001252, 0.001501
4 , 1, 1, 1, 1, 1, 1, 1
4 , 0.020544, 0.022610, 0.026323, 0.029077, 0.031988, 0.027863, 0.026393
5 , 0.002030, 0.001892, 0.001975, 0.002268, 0.002063, 0.002196, 0.001939, 0.002168, 0.002138, 0.002052, 0.002071, 0.002095, 0.002240, 0.002134, 0.002231, 0.002018, 0.002049, 0.002165, 0.002063, 0.002245, 0.002091, 0.001712, 0.000900, 0.001652, 0.001461, 0.001466, 0.001403, 0.001589, 0.001342, 0.001465, 0.001250, 0.001495, 0.001279, 0.001373, 0.001218, 0.001559, 0.001403, 0.001557, 0.001312, 0.001559, 0.001252, 0.001501, 0.001287, 0.001442, 0.001317, 0.001417, 0.001461, 0.000224, 0.001781, 0.001878, 0.001738, 0.002104, 0.002124, 0.002130, 0.001999, 0.002236, 0.002334, 0.002151, 0.002227, 0.001933, 0.002042, 0.002208, 0.002236, 0.002114, 0.002134, 0.002276, 0.002088, 0.002129, 0.002087, 0.002165, 0.002112, 0.002136, 0.000426, 0.001579, 0.001360, 0.001455, 0.001361, 0.001269, 0.001300, 0.001206, 0.001297, 0.001300, 0.001332, 0.001238, 0.001392, 0.001209, 0.001396, 0.001306, 0.001364, 0.001212, 0.001154, 0.001156
5 , 1, 1, 1, 1, 1, 1, 1
5 , 0.023750, 0.027769, 0.030386, 0.031875, 0.034227, 0.031684, 0.030674
6 , 0.001738, 0.002104, 0.002124, 0.002130, 0.001999, 0.002236, 0.002334, 0.002151, 0.002227, 0.001933, 0.002042, 0.002208, 0.002236, 0.002114, 0.002134, 0.002276, 0.002088, 0.002129, 0.002087, 0.002165, 0.002112, 0.002136, 0.000426, 0.001579, 0.001360, 0.001455, 0.001361, 0.001269, 0.001300, 0.001206, 0.001297, 0.001300, 0.001332, 0.001238, 0.001392, 0.001209, 0.001396, 0.001306, 0.001364, 0.001212, 0.001154, 0.001156, 0.001244, 0.001244, 0.001360, 0.000868, 0.001460, 0.001936, 0.002085, 0.002030, 0.002145, 0.001966, 0.002181, 0.002056, 0.002074, 0.001881, 0.002071, 0.002257, 0.002069, 0.002143, 0.001955, 0.002124, 0.002077, 0.002135, 0.001955, 0.001867, 0.002101, 0.002008, 0.001924, 0.001965, 0.000679, 0.001568, 0.001909, 0.001691, 0.001783, 0.001568, 0.001721, 0.001568, 0.001751, 0.001660, 0.001722, 0.001599, 0.001876, 0.001482, 0.001697, 0.001485, 0.001700, 0.001488, 0.001614, 0.001525, 0.001566, 0.001325
6 , 1, 1, 1, 1, 1, 1, 1
6 , 0.022309, 0.026021, 0.029091, 0.028600, 0.025583, 0.025014, 0.023528
7 , 0.002085, 0.002030, 0.002145, 0.001966, 0.002181, 0.002056, 0.002074, 0.001881, 0.002071, 0.002257, 0.002069, 0.002143, 0.001955, 0.002124, 0.002077, 0.002135, 0.001955, 0.001867, 0.002101, 0.002008, 0.001924, 0.001965, 0.000679, 0.001568, 0.001909, 0.001691, 0.001783, 0.001568, 0.001721, 0.001568, 0.001751, 0.001660, 0.001722, 0.001599, 0.001876, 0.001482, 0.001697, 0.001485, 0.001700, 0.001488, 0.001614, 0.001525, 0.001566, 0.001325, 0.001395, 0.001272, 0.001404, 0.001275, 0.000663, 0.002054, 0.001991, 0.001816, 0.002054, 0.002112, 0.002054, 0.002169, 0.002153, 0.002297, 0.002242, 0.002361, 0.001990, 0.002115, 0.002215, 0.002252, 0.002209, 0.002027, 0.002150, 0.002020, 0.002143, 0.002007, 0.001900, 0.002228, 0.001627, 0.001243, 0.001878, 0.001746, 0.001446, 0.001415, 0.001354, 0.001357, 0.001262, 0.001537, 0.001384, 0.001506, 0.001416, 0.001479, 0.001327, 0.001423, 0.001267, 0.001362, 0.001300, 0.001390
7 , 1, 1, 1, 1, 1, 1, 1
7 , 0.015908, 0.019188, 0.021748, 0.023344, 0.023167, 0.024661, 0.023438
8 , 0.001816, 0.002054, 0.002112, 0.002054, 0.002169, 0.002153, 0.002297, 0.002242, 0.002361, 0.001990, 0.002115, 0.002215, 0.002252, 0.002209, 0.002027, 0.002150, 0.002020, 0.002143, 0.002007, 0.001900, 0.002228, 0.001627, 0.001243, 0.001878, 0.001746, 0.001446, 0.001415, 0.001354, 0.001357, 0.001262, 0.001537, 0.001384, 0.001506, 0.001416, 0.001479, 0.001327, 0.001423, 0.001267, 0.001362, 0.001300, 0.001390, 0.001358, 0.001539, 0.001273, 0.001620, 0.000212, 0.001756, 0.001674, 0.001905, 0.001779, 0.001991, 0.001687, 0.002011, 0.001823, 0.001917, 0.001919, 0.001903, 0.002099, 0.001861, 0.002129, 0.001974, 0.002035, 0.002130, 0.002048, 0.002161, 0.002097, 0.002270, 0.002197, 0.002144, 0.002030, 0.000103, 0.001330, 0.001454, 0.001453, 0.001390, 0.001294, 0.001385, 0.001260, 0.001378, 0.001155, 0.001311, 0.001242, 0.001395, 0.001422, 0.001514, 0.001326, 0.001418, 0.001263, 0.001446, 0.001380, 0.001440, 0.001345
8 , 1, 1, 1, 1, 1, 1, 1
8 , 0.024564, 0.027369, 0.031969, 0.028579, 0.027062, 0.026545, 0.025746
9 , 0.001905, 0.001779, 0.001991, 0.001687, 0.002011, 0.001823, 0.001917, 0.001919, 0.001903, 0.002099, 0.001861, 0.002129, 0.001974, 0.002035, 0.002130, 0.002048, 0.002161, 0.002097, 0.002270, 0.002197, 0.002144, 0.002030, 0.000103, 0.001330, 0.001454, 0.001453, 0.001390, 0.001294, 0.001385, 0.001260, 0.001378, 0.001155, 0.001311, 0.001242, 0.001395, 0.001422, 0.001514, 0.001326, 0.001418, 0.001263, 0.001446, 0.001380, 0.001440, 0.001345, 0.001499, 0.001318, 0.001527, 0.001066, 0.001070, 0.001814, 0.001936, 0.001712, 0.001975, 0.002057, 0.001991, 0.002052, 0.002040, 0.002264, 0.002123, 0.002181, 0.002036, 0.002115, 0.002340, 0.002288, 0.002325, 0.002057, 0.002220, 0.002360, 0.002353, 0.002297, 0.002212, 0.002568, 0.001065, 0.001516, 0.001357, 0.001345, 0.001220, 0.001300, 0.001142, 0.001326, 0.001165, 0.001407, 0.001093, 0.001367, 0.001299, 0.001483, 0.001330, 0.001422, 0.001265, 0.001478, 0.001259, 0.001503
9 , 1, 1, 1, 1, 1, 1, 1
9 , 0.021140, 0.025553, 0.028783, 0.031037, 0.031084, 0.030458, 0.029582
10 , 0.001936, 0.001712, 0.001975, 0.002057, 0.001991, 0.002052, 0.002040, 0.002264, 0.002123, 0.002181, 0.002036, 0.002115, 0.002340, 0.002288, 0.002325, 0.002057, 0.002220, 0.002360, 0.002353, 0.002297, 0.002212, 0.002568, 0.001065, 0.001516, 0.001357, 0.001345, 0.001220, 0.001300, 0.001142, 0.001326, 0.001165, 0.001407, 0.001093, 0.001367, 0.001299, 0.001483, 0.001330, 0.001422, 0.001265, 0.001478, 0.001259, 0.001503, 0.001256, 0.001498, 0.001196, 0.001559, 0.000535, 0.001755, 0.001707, 0.001917, 0.001925, 0.002035, 0.001839, 0.002179, 0.002092, 0.002150, 0.002096, 0.002067, 0.002355, 0.002215, 0.002288, 0.002136, 0.002287, 0.002245, 0.002174, 0.002214, 0.002286, 0.002372, 0.002214, 0.002280, 0.002121, 0.002247, 0.002131, 0.000659, 0.001562, 0.001300, 0.001366, 0.001203, 0.001448, 0.001202, 0.001264, 0.001324, 0.001356, 0.001081, 0.001298, 0.001103, 0.001290, 0.001190, 0.001312, 0.001212, 0.001516, 0.001358
10 , 1, 1, 1, 1, 1, 1, 1
10 , 0.024880, 0.029231, 0.032512, 0.037647, 0.037342, 0.038246, 0.035050
11 , 0.002035, 0.001839, 0.002179, 0.002092, 0.002150, 0.002096, 0.002067, 0.002355, 0.002215, 0.002288, 0.002136, 0.002287, 0.002245, 0.002174, 0.002214, 0.002286, 0.002372, 0.002214, 0.002280, 0.002121, 0.002247, 0.002131, 0.000659, 0.001562, 0.001300, 0.001366, 0.001203, 0.001448, 0.001202, 0.001264, 0.001324, 0.001356, 0.001081, 0.001298, 0.001103, 0.001290, 0.001190, 0.001312, 0.001212, 0.001516, 0.001358, 0.001482, 0.001266, 0.001422, 0.001295, 0.001449, 0.001319, 0.001473, 0.001347, 0.001529, 0.001343, 0.001527, 0.001403, 0.001495, 0.001281, 0.001463, 0.001310, 0.001617, 0.001401, 0.001526, 0.001403, 0.001558, 0.001432, 0.001556, 0.001342, 0.001438, 0.001287, 0.001321, 0.001382, 0.001387, 0.001327, 0.001270, 0.001302, 0.001305, 0.001152, 0.001280, 0.001155, 0.001373, 0.001280, 0.001369, 0.001122, 0.001309, 0.001309, 0.001312, 0.001221, 0.001224, 0.001252, 0.001317, 0.001284, 0.001286, 0.001257, 0.001227
11 , 1, 1, 1, 1, 1, 1, 1
11 , 0.019545, 0.020970, 0.022167, 0.023293, 0.020905, 0.020926, 0.019722
12 , 0.001529, 0.001343, 0.001527, 0.001403, 0.001495, 0.001281, 0.001463, 0.001310, 0.001617, 0.001401, 0.001526, 0.001403, 0.001558, 0.001432, 0.001556, 0.001342, 0.001438, 0.001287, 0.001321, 0.001382, 0.001387, 0.001327, 0.001270, 0.001302, 0.001305, 0.001152, 0.001280, 0.001155, 0.001373, 0.001280, 0.001369, 0.001122, 0.001309, 0.001309, 0.001312, 0.001221, 0.001224, 0.001252, 0.001317, 0.001284, 0.001286, 0.001257, 0.001227, 0.001265, 0.001174, 0.001178, 0.001209, 0.001177, 0.001243, 0.001212, 0.001212, 0.001270, 0.001239, 0.001240, 0.001328, 0.001230, 0.001169, 0.001203, 0.001073, 0.001223, 0.001253, 0.001281, 0.001307, 0.001458, 0.001209, 0.001331, 0.001241, 0.001301, 0.001330, 0.001178, 0.001175, 0.001483, 0.001148, 0.001364, 0.001215, 0.001222, 0.001164, 0.001291, 0.001142, 0.001329, 0.001232, 0.001206, 0.001230, 0.001234, 0.001019, 0.001205, 0.001143, 0.001238, 0.001080, 0.001141, 0.000986, 0.001378
12 , 1, 1, 1, 1, 1, 1, 1
12 , 0.003534, 0.004152, 0.004467, 0.004327, 0.004787, 0.004602, 0.004764
13 , 0.001212, 0.001270, 0.001239, 0.001240, 0.001328, 0.001230, 0.001169, 0.001203, 0.001073, 0.001223, 0.001253, 0.001281, 0.001307, 0.001458, 0.001209, 0.001331, 0.001241, 0.001301, 0.001330, 0.001178, 0.001175, 0.001483, 0.001148, 0.001364, 0.001215, 0.001222, 0.001164, 0.001291, 0.001142, 0.001329, 0.001232, 0.001206, 0.001230, 0.001234, 0.001019, 0.001205, 0.001143, 0.001238, 0.001080, 0.001141, 0.000986, 0.001378, 0.001162, 0.001258, 0.001226, 0.001406, 0.001155, 0.001345, 0.001247, 0.001369, 0.001091, 0.001460, 0.001180, 0.001307, 0.001155, 0.001342, 0.001185, 0.001368, 0.001185, 0.001366, 0.001270, 0.001391, 0.001297, 0.001424, 0.001114, 0.001332, 0.001358, 0.001484, 0.001301, 0.001514, 0.001392, 0.001395, 0.001305, 0.001370, 0.001154, 0.001309, 0.001190, 0.001225, 0.001168, 0.001327, 0.001180, 0.001244, 0.001152, 0.001220, 0.001127, 0.001191, 0.001098, 0.001256, 0.001100, 0.001132, 0.001122, 0.001299
13 , 1, 1, 1, 1, 1, 1, 1
13 , 0.002146, 0.002343, 0.002546, 0.003474, 0.003457, 0.003835, 0.003841
14 , 0.001180, 0.001307, 0.001155, 0.001342, 0.001185, 0.001368, 0.001185, 0.001366, 0.001270, 0.001391, 0.001297, 0.001424, 0.001114, 0.001332, 0.001358, 0.001484, 0.001301, 0.001514, 0.001392, 0.001395, 0.001305, 0.001370, 0.001154, 0.001309, 0.001190, 0.001225, 0.001168, 0.001327, 0.001180, 0.001244, 0.001152, 0.001220, 0.001127, 0.001191, 0.001098, 0.001256, 0.001100, 0.001132, 0.001122, 0.001299, 0.001203, 0.001196, 0.001187, 0.001396, 0.001328, 0.001417, 0.001353, 0.001412, 0.001377, 0.001469, 0.001469, 0.001438, 0.001468, 0.001501, 0.001442, 0.001413, 0.001445, 0.001446, 0.001539, 0.001324, 0.001416, 0.001510, 0.001451, 0.001330, 0.001424, 0.001332, 0.001483, 0.001422, 0.001427, 0.001335, 0.001401, 0.001338, 0.001369, 0.001249, 0.001312, 0.001249, 0.001400, 0.001302, 0.001546, 0.001328, 0.001422, 0.001295, 0.001477, 0.001353, 0.001475, 0.001382, 0.001538, 0.001353, 0.001479, 0.001293, 0.001353, 0.001257
14 , 1, 1, 1, 1, 1, 1, 1
14 , 0.003518, 0.003846, 0.003847, 0.003966, 0.003473, 0.003419, 0.002675
15 , 0.001469, 0.001469, 0.001438, 0.001468, 0.001501, 0.001442, 0.001413, 0.001445, 0.001446, 0.001539, 0.001324, 0.001416, 0.001510, 0.001451, 0.001330, 0.001424, 0.001332, 0.001483, 0.001422, 0.001427, 0.001335, 0.001401, 0.001338, 0.001369, 0.001249, 0.001312, 0.001249, 0.001400, 0.001302, 0.001546, 0.001328, 0.001422, 0.001295, 0.001477, 0.001353, 0.001475, 0.001382, 0.001538, 0.001353, 0.001479, 0.001293, 0.001353, 0.001257, 0.001473, 0.001349, 0.001531, 0.001318, 0.001502, 0.001346, 0.001468, 0.001347, 0.001473, 0.001378, 0.001440, 0.001255, 0.001409, 0.001376, 0.001503, 0.001318, 0.001414, 0.001476, 0.001482, 0.001298, 0.001395, 0.001363, 0.001429, 0.001247, 0.001406, 0.001313, 0.001441, 0.001319, 0.001381, 0.001229, 0.001261, 0.001257, 0.001259, 0.001350, 0.001378, 0.001312, 0.001371, 0.001334, 0.001365, 0.001241, 0.001393, 0.001419, 0.001449, 0.001480, 0.001388, 0.001419, 0.001328, 0.001420, 0.001358
15 , 1, 1, 1, 1, 1, 1, 1
15 , 0.002216, 0.002320, 0.001979, 0.002048, 0.001626, 0.001331, 0.000524
16 , 0.001502, 0.001346, 0.001468, 0.001347, 0.001473, 0.001378, 0.001440, 0.001255, 0.001409, 0.001376, 0.001503, 0.001318, 0.001414, 0.001476, 0.001482, 0.001298, 0.001395, 0.001363, 0.001429, 0.001247, 0.001406, 0.001313, 0.001441, 0.001319, 0.001381, 0.001229, 0.001261, 0.001257, 0.001259, 0.001350, 0.001378, 0.001312, 0.001371, 0.001334, 0.001365, 0.001241, 0.001393, 0.001419, 0.001449, 0.001480, 0.001388, 0.001419, 0.001328, 0.001420, 0.001358, 0.001388, 0.001329, 0.001453, 0.001395, 0.001369, 0.001277, 0.001462, 0.001312, 0.001279, 0.001249, 0.001284, 0.001251, 0.001378, 0.001220, 0.001430, 0.001366, 0.001456, 0.001301, 0.001362, 0.001329, 0.001451, 0.001143, 0.001447, 0.001262, 0.001449, 0.001327, 0.001391, 0.001265, 0.001421, 0.001298, 0.001363, 0.001361, 0.001426, 0.001273, 0.001490, 0.001247, 0.001371, 0.001249, 0.001373, 0.001275, 0.001520, 0.001180, 0.001395, 0.001238, 0.001422, 0.001360, 0.001515
16 , 1, 2, 2, 2, 2, 2, 2
16 , 0.001225, 0.001207, 0.000949, 0.001120, 0.001020, 0.001267, 0.001020
