0 , 0.001021, 0.001492, 0.001850, 0.001813, 0.001907, 0.001896, 0.001886, 0.001689, 0.002050, 0.001889, 0.002001, 0.001904, 0.001959, 0.002083, 0.001892, 0.002012, 0.001815, 0.002009, 0.002078, 0.001995, 0.001935, 0.001763, 0.002040, 0.001851, 0.002169, 0.000286, 0.001505, 0.001911, 0.001786, 0.001698, 0.001419, 0.001542, 0.001506, 0.001599, 0.001446, 0.001602, 0.001448, 0.001450, 0.001420, 0.001605, 0.001360, 0.001517, 0.001335, 0.001458, 0.001364, 0.001613, 0.001309, 0.001407, 0.001349, 0.000762, 0.001807, 0.001883, 0.001889, 0.001713, 0.002001, 0.001892, 0.002016, 0.001818, 0.001730, 0.002145, 0.001918, 0.002067, 0.001842, 0.002014, 0.002091, 0.001818, 0.001920, 0.001818, 0.002084, 0.001932, 0.001915, 0.001885, 0.001967, 0.001446, 0.001125, 0.001792, 0.001687, 0.001686, 0.001653, 0.001686, 0.001560, 0.001594, 0.001470, 0.001746, 0.001593, 0.001596, 0.001500, 0.001685, 0.001626, 0.001534, 0.001443, 0.001660
0 , 1, 1, 1, 1, 1, 1, 1
0 , 0.006959, 0.009401, 0.010941, 0.012593, 0.015100, 0.016944, 0.019500
1 , 0.001889, 0.001713, 0.002001, 0.001892, 0.002016, 0.001818, 0.001730, 0.002145, 0.001918, 0.002067, 0.001842, 0.002014, 0.002091, 0.001818, 0.001920, 0.001818, 0.002084, 0.001932, 0.001915, 0.001885, 0.001967, 0.001446, 0.001125, 0.001792, 0.001687, 0.001686, 0.001653, 0.001686, 0.001560, 0.001594, 0.001470, 0.001746, 0.001593, 0.001596, 0.001500, 0.001685, 0.001626, 0.001534, 0.001443, 0.001660, 0.001508, 0.001603, 0.001298, 0.001428, 0.001512, 0.001588, 0.001599, 0.000436, 0.001570, 0.001541, 0.001674, 0.001931, 0.001889, 0.001931, 0.001803, 0.002127, 0.001934, 0.001865, 0.001790, 0.001821, 0.001957, 0.001705, 0.001962, 0.001826, 0.001993, 0.001846, 0.001735, 0.001971, 0.001771, 0.002007, 0.001764, 0.001958, 0.000611, 0.001760, 0.001816, 0.001577, 0.001639, 0.001548, 0.001488, 0.001489, 0.001528, 0.001374, 0.001500, 0.001284, 0.001561, 0.001406, 0.001380, 0.001311, 0.001466, 0.001227, 0.001444, 0.001320
1 , 1, 1, 1, 1, 1, 1, 1
1 , 0.011071, 0.013372, 0.014892, 0.014910, 0.016841, 0.015651, 0.015966
2 , 0.001674, 0.001931, 0.001889, 0.001931, 0.001803, 0.002127, 0.001934, 0.001865, 0.001790, 0.001821, 0.001957, 0.001705, 0.001962, 0.001826, 0.001993, 0.001846, 0.001735, 0.001971, 0.001771, 0.002007, 0.001764, 0.001958, 0.000611, 0.001760, 0.001816, 0.001577, 0.001639, 0.001548, 0.001488, 0.001489, 0.001528, 0.001374, 0.001500, 0.001284, 0.001561, 0.001406, 0.001380, 0.001311, 0.001466, 0.001227, 0.001444, 0.001320, 0.001475, 0.001142, 0.001496, 0.000706, 0.001200, 0.001735, 0.001853, 0.001901, 0.001810, 0.001971, 0.002074, 0.002004, 0.001998, 0.001968, 0.002180, 0.001942, 0.002072, 0.001973, 0.001848, 0.002133, 0.002009, 0.001920, 0.001799, 0.002043, 0.001929, 0.001890, 0.001810, 0.002009, 0.000725, 0.001559, 0.001754, 0.001756, 0.001455, 0.001517, 0.001498, 0.001439, 0.001410, 0.001317, 0.001350, 0.001289, 0.001263, 0.001291, 0.001441, 0.001258, 0.001440, 0.001439, 0.001409, 0.001408, 0.001408, 0.001310
2 , 1, 1, 1, 1, 1, 1, 1
2 , 0.016028, 0.018827, 0.021983, 0.022099, 0.019802, 0.019736, 0.019847
3 , 0.001901, 0.001810, 0.001971, 0.002074, 0.002004, 0.001998, 0.001968, 0.002180, 0.001942, 0.002072, 0.001973, 0.001848, 0.002133, 0.002009, 0.001920, 0.001799, 0.002043, 0.001929, 0.001890, 0.001810, 0.002009, 0.000725, 0.001559, 0.001754, 0.001756, 0.001455, 0.001517, 0.001498, 0.001439, 0.001410, 0.001317, 0.001350, 0.001289, 0.001263, 0.001291, 0.001441, 0.001258, 0.001440, 0.001439, 0.001409, 0.001408, 0.001408, 0.001310, 0.001493, 0.001460, 0.001341, 0.001340, 0.000535, 0.001996, 0.001735, 0.001845, 0.002043, 0.001747, 0.001935, 0.001810, 0.002007, 0.001915, 0.001899, 0.001918, 0.001879, 0.002015, 0.001846, 0.001940, 0.001913, 0.001946, 0.002040, 0.001865, 0.001987, 0.001870, 0.001949, 0.001932, 0.001349, 0.001437, 0.001587, 0.001490, 0.001524, 0.001523, 0.001313, 0.001380, 0.001255, 0.001442, 0.001352, 0.001383, 0.001315, 0.001597, 0.001346, 0.001470, 0.001379, 0.001598, 0.001348, 0.001560, 0.001254
3 , 1, 1, 1, 1, 1, 1, 1
3 , 0.017671, 0.019564, 0.021502, 0.021030, 0.022380, 0.021678, 0.021229
4 , 0.001845, 0.002043, 0.001747, 0.001935, 0.001810, 0.002007, 0.001915, 0.001899, 0.001918, 0.001879, 0.002015, 0.001846, 0.001940, 0.001913, 0.001946, 0.002040, 0.001865, 0.001987, 0.001870, 0.001949, 0.001932, 0.001349, 0.001437, 0.001587, 0.001490, 0.001524, 0.001523, 0.001313, 0.001380, 0.001255, 0.001442, 0.001352, 0.001383, 0.001315, 0.001597, 0.001346, 0.001470, 0.001379, 0.001598, 0.001348, 0.001560, 0.001254, 0.001492, 0.001284, 0.001693, 0.000135, 0.001659, 0.001636, 0.001570, 0.001694, 0.001617, 0.001642, 0.001871, 0.001727, 0.001798, 0.001623, 0.001933, 0.001958, 0.001783, 0.001682, 0.001707, 0.001864, 0.001674, 0.001795, 0.001669, 0.001855, 0.001973, 0.001960, 0.001795, 0.001835, 0.000131, 0.001606, 0.001578, 0.001646, 0.001442, 0.001360, 0.001300, 0.001339, 0.001222, 0.001223, 0.001125, 0.001189, 0.001155, 0.001211, 0.001114, 0.001353, 0.001229, 0.001375, 0.001247, 0.001391, 0.001504, 0.001410
4 , 1, 1, 1, 1, 1, 1, 1
4 , 0.017175, 0.019350, 0.023113, 0.019609, 0.019267, 0.019044, 0.018607
5 , 0.001570, 0.001694, 0.001617, 0.001642, 0.001871, 0.001727, 0.001798, 0.001623, 0.001933, 0.001958, 0.001783, 0.001682, 0.001707, 0.001864, 0.001674, 0.001795, 0.001669, 0.001855, 0.001973, 0.001960, 0.001795, 0.001835, 0.000131, 0.001606, 0.001578, 0.001646, 0.001442, 0.001360, 0.001300, 0.001339, 0.001222, 0.001223, 0.001125, 0.001189, 0.001155, 0.001211, 0.001114, 0.001353, 0.001229, 0.001375, 0.001247, 0.001391, 0.001504, 0.001410, 0.001309, 0.001371, 0.001575, 0.001014, 0.001189, 0.001754, 0.001589, 0.001611, 0.001926, 0.001796, 0.001896, 0.001730, 0.001912, 0.001848, 0.001860, 0.001887, 0.001851, 0.002125, 0.001919, 0.002010, 0.001819, 0.001920, 0.002053, 0.001986, 0.002090, 0.002169, 0.002108, 0.002230, 0.000582, 0.001747, 0.001514, 0.001629, 0.001386, 0.001480, 0.001356, 0.001412, 0.001436, 0.001500, 0.001380, 0.001445, 0.001139, 0.001450, 0.001270, 0.001456, 0.001235, 0.001332, 0.001300, 0.001515
5 , 1, 1, 1, 1, 1, 1, 1
5 , 0.013061, 0.017074, 0.019301, 0.020886, 0.020773, 0.019656, 0.020001
6 , 0.001754, 0.001589, 0.001611, 0.001926, 0.001796, 0.001896, 0.001730, 0.001912, 0.001848, 0.001860, 0.001887, 0.001851, 0.002125, 0.001919, 0.002010, 0.001819, 0.001920, 0.002053, 0.001986, 0.002090, 0.002169, 0.002108, 0.002230, 0.000582, 0.001747, 0.001514, 0.001629, 0.001386, 0.001480, 0.001356, 0.001412, 0.001436, 0.001500, 0.001380, 0.001445, 0.001139, 0.001450, 0.001270, 0.001456, 0.001235, 0.001332, 0.001300, 0.001515, 0.001236, 0.001420, 0.001180, 0.001482, 0.000868, 0.001862, 0.002011, 0.001989, 0.001865, 0.001871, 0.001844, 0.002135, 0.002072, 0.002123, 0.001871, 0.002166, 0.002005, 0.002075, 0.002072, 0.001914, 0.002166, 0.001944, 0.002026, 0.001896, 0.002017, 0.002196, 0.002038, 0.002253, 0.002053, 0.002279, 0.001766, 0.001092, 0.001716, 0.001513, 0.001392, 0.001359, 0.001359, 0.001361, 0.001391, 0.001391, 0.001268, 0.001266, 0.001361, 0.001296, 0.001270, 0.001364, 0.001397, 0.001364, 0.001368
6 , 1, 1, 1, 1, 1, 1, 1
6 , 0.013758, 0.016518, 0.020194, 0.023396, 0.027195, 0.026359, 0.026388
7 , 0.001989, 0.001865, 0.001871, 0.001844, 0.002135, 0.002072, 0.002123, 0.001871, 0.002166, 0.002005, 0.002075, 0.002072, 0.001914, 0.002166, 0.001944, 0.002026, 0.001896, 0.002017, 0.002196, 0.002038, 0.002253, 0.002053, 0.002279, 0.001766, 0.001092, 0.001716, 0.001513, 0.001392, 0.001359, 0.001359, 0.001361, 0.001391, 0.001391, 0.001268, 0.001266, 0.001361, 0.001296, 0.001270, 0.001364, 0.001397, 0.001364, 0.001368, 0.001276, 0.001244, 0.001364, 0.001456, 0.001307, 0.001362, 0.001384, 0.001412, 0.001444, 0.001409, 0.001406, 0.001344, 0.001369, 0.001487, 0.001512, 0.001573, 0.001574, 0.001449, 0.001601, 0.001596, 0.001562, 0.001439, 0.001590, 0.001561, 0.001562, 0.001530, 0.001528, 0.001650, 0.001623, 0.001530, 0.001533, 0.001503, 0.001685, 0.001534, 0.001689, 0.001566, 0.001568, 0.001480, 0.001545, 0.001332, 0.001455, 0.001393, 0.001454, 0.001359, 0.001514, 0.001390, 0.001518, 0.001271, 0.001481, 0.001297
7 , 2, 2, 2, 1, 1, 1, 1
7 , 0.011654, 0.013076, 0.013902, 0.014243, 0.015759, 0.016338, 0.015295
8 , 0.001409, 0.001406, 0.001344, 0.001369, 0.001487, 0.001512, 0.001573, 0.001574, 0.001449, 0.001601, 0.001596, 0.001562, 0.001439, 0.001590, 0.001561, 0.001562, 0.001530, 0.001528, 0.001650, 0.001623, 0.001530, 0.001533, 0.001503, 0.001685, 0.001534, 0.001689, 0.001566, 0.001568, 0.001480, 0.001545, 0.001332, 0.001455, 0.001393, 0.001454, 0.001359, 0.001514, 0.001390, 0.001518, 0.001271, 0.001481, 0.001297, 0.001390, 0.001385, 0.001538, 0.001477, 0.001449, 0.001297, 0.001635, 0.001542, 0.001575, 0.001360, 0.001453, 0.001333, 0.001590, 0.001437, 0.001564, 0.001356, 0.001427, 0.001181, 0.001336, 0.001361, 0.001395, 0.001241, 0.001511, 0.001350, 0.001536, 0.001379, 0.001592, 0.001492, 0.001643, 0.001336, 0.001550, 0.001333, 0.001643, 0.001369, 0.001556, 0.001459, 0.001557, 0.001287, 0.001485, 0.001303, 0.001466, 0.001228, 0.001391, 0.001117, 0.001253, 0.001136, 0.001210, 0.001060, 0.001105, 0.001015, 0.001279
8 , 1, 1, 1, 1, 1, 1, 1
8 , 0.001453, 0.002240, 0.003263, 0.003684, 0.004132, 0.004623, 0.005587
9 , 0.001333, 0.001590, 0.001437, 0.001564, 0.001356, 0.001427, 0.001181, 0.001336, 0.001361, 0.001395, 0.001241, 0.001511, 0.001350, 0.001536, 0.001379, 0.001592, 0.001492, 0.001643, 0.001336, 0.001550, 0.001333, 0.001643, 0.001369, 0.001556, 0.001459, 0.001557, 0.001287, 0.001485, 0.001303, 0.001466, 0.001228, 0.001391, 0.001117, 0.001253, 0.001136, 0.001210, 0.001060, 0.001105, 0.001015, 0.001279, 0.000979, 0.001054, 0.000895, 0.000969, 0.001007, 0.001110, 0.000895, 0.001021, 0.000807, 0.001024, 0.000951, 0.001080, 0.001067, 0.001174, 0.000940, 0.001107, 0.001148, 0.001311, 0.001199, 0.001373, 0.001384, 0.001402, 0.001482, 0.001631, 0.001567, 0.001687, 0.001530, 0.001588, 0.001585, 0.001676, 0.001735, 0.001705, 0.001584, 0.001645, 0.001735, 0.001736, 0.001827, 0.001737, 0.001681, 0.001651, 0.001503, 0.001504, 0.001540, 0.001420, 0.001697, 0.001486, 0.001427, 0.001370, 0.001440, 0.001381, 0.001512, 0.001419
9 , 2, 2, 2, 2, 2, 2, 2
9 , 0.012207, 0.011942, 0.011407, 0.011189, 0.010670, 0.010420, 0.010010
10 , 0.000895, 0.001021, 0.000807, 0.001024, 0.000951, 0.001080, 0.001067, 0.001174, 0.000940, 0.001107, 0.001148, 0.001311, 0.001199, 0.001373, 0.001384, 0.001402, 0.001482, 0.001631, 0.001567, 0.001687, 0.001530, 0.001588, 0.001585, 0.001676, 0.001735, 0.001705, 0.001584, 0.001645, 0.001735, 0.001736, 0.001827, 0.001737, 0.001681, 0.001651, 0.001503, 0.001504, 0.001540, 0.001420, 0.001697, 0.001486, 0.001427, 0.001370, 0.001440, 0.001381, 0.001512, 0.001419, 0.001486, 0.001396, 0.001398, 0.001367, 0.001487, 0.001270, 0.001453, 0.001357, 0.001539, 0.001439, 0.001535, 0.001472, 0.001682, 0.001612, 0.001553, 0.001391, 0.001664, 0.001598, 0.001692, 0.001538, 0.001717, 0.001473, 0.001660, 0.001507, 0.001724, 0.001543, 0.001733, 0.001486, 0.001615, 0.001492, 0.001524, 0.001310, 0.001558, 0.001374, 0.001587, 0.001343, 0.001470, 0.001434, 0.001589, 0.001526, 0.001683, 0.001402, 0.001593, 0.001557, 0.001561, 0.001525
10 , 0, 0, 0, 3, 3, 3, 3
10 , 0.010323, 0.009177, 0.008511, 0.007974, 0.007140, 0.006812, 0.005566
11 , 0.001486, 0.001396, 0.001398, 0.001367, 0.001487, 0.001270, 0.001453, 0.001357, 0.001539, 0.001439, 0.001535, 0.001472, 0.001682, 0.001612, 0.001553, 0.001391, 0.001664, 0.001598, 0.001692, 0.001538, 0.001717, 0.001473, 0.001660, 0.001507, 0.001724, 0.001543, 0.001733, 0.001486, 0.001615, 0.001492, 0.001524, 0.001310, 0.001558, 0.001374, 0.001587, 0.001343, 0.001470, 0.001434, 0.001589, 0.001526, 0.001683, 0.001402, 0.001593, 0.001557, 0.001561, 0.001525, 0.001646, 0.001462, 0.001556, 0.001521, 0.001494, 0.001460, 0.001586, 0.001370, 0.001523, 0.001368, 0.001462, 0.001400, 0.001492, 0.001550, 0.001524, 0.001375, 0.001464, 0.001435, 0.001406, 0.001438, 0.001470, 0.001350, 0.001349, 0.001408, 0.001528, 0.001435, 0.001496, 0.001500, 0.001409, 0.001470, 0.001411, 0.001471, 0.001413, 0.001353, 0.001231, 0.001384, 0.001322, 0.001354, 0.001326, 0.001481, 0.001234, 0.001299, 0.001148, 0.001337, 0.001275, 0.001400
11 , 3, 3, 3, 3, 3, 3, 1
11 , 0.003360, 0.003025, 0.002643, 0.002772, 0.002508, 0.002457, 0.002180
12 , 0.001646, 0.001462, 0.001556, 0.001521, 0.001494, 0.001460, 0.001586, 0.001370, 0.001523, 0.001368, 0.001462, 0.001400, 0.001492, 0.001550, 0.001524, 0.001375, 0.001464, 0.001435, 0.001406, 0.001438, 0.001470, 0.001350, 0.001349, 0.001408, 0.001528, 0.001435, 0.001496, 0.001500, 0.001409, 0.001470, 0.001411, 0.001471, 0.001413, 0.001353, 0.001231, 0.001384, 0.001322, 0.001354, 0.001326, 0.001481, 0.001234, 0.001299, 0.001148, 0.001337, 0.001275, 0.001400, 0.001299, 0.001427, 0.001300, 0.001483, 0.001352, 0.001536, 0.001378, 0.001500, 0.001528, 0.001587, 0.001462, 0.001588, 0.001431, 0.001589, 0.001278, 0.001431, 0.001369, 0.001675, 0.001368, 0.001525, 0.001433, 0.001610, 0.001455, 0.001609, 0.001362, 0.001552, 0.001367, 0.001456, 0.001396, 0.001550, 0.001423, 0.001642, 0.001488, 0.001520, 0.001397, 0.001552, 0.001370, 0.001492, 0.001313, 0.001621, 0.001224, 0.001348, 0.001251, 0.001407, 0.001376, 0.001498
12 , 1, 1, 1, 1, 1, 1, 1
12 , 0.002560, 0.002831, 0.003250, 0.003052, 0.002923, 0.002976, 0.002988
13 , 0.001300, 0.001483, 0.001352, 0.001536, 0.001378, 0.001500, 0.001528, 0.001587, 0.001462, 0.001588, 0.001431, 0.001589, 0.001278, 0.001431, 0.001369, 0.001675, 0.001368, 0.001525, 0.001433, 0.001610, 0.001455, 0.001609, 0.001362, 0.001552, 0.001367, 0.001456, 0.001396, 0.001550, 0.001423, 0.001642, 0.001488, 0.001520, 0.001397, 0.001552, 0.001370, 0.001492, 0.001313, 0.001621, 0.001224, 0.001348, 0.001251, 0.001407, 0.001376, 0.001498, 0.001431, 0.001435, 0.001435, 0.001404, 0.001370, 0.001524, 0.001402, 0.001494, 0.001464, 0.001402, 0.001463, 0.001375, 0.001379, 0.001437, 0.001503, 0.001445, 0.001477, 0.001290, 0.001409, 0.001256, 0.001439, 0.001405, 0.001464, 0.001399, 0.001492, 0.001398, 0.001552, 0.001396, 0.001488, 0.001550, 0.001612, 0.001425, 0.001550, 0.001427, 0.001521, 0.001396, 0.001609, 0.001455, 0.001696, 0.001568, 0.001631, 0.001477, 0.001599, 0.001446, 0.001726, 0.001479, 0.001631, 0.001505
13 , 2, 2, 2, 2, 2, 2, 2
13 , 0.002371, 0.002686, 0.003131, 0.003322, 0.003705, 0.003856, 0.003741
14 , 0.001494, 0.001464, 0.001402, 0.001463, 0.001375, 0.001379, 0.001437, 0.001503, 0.001445, 0.001477, 0.001290, 0.001409, 0.001256, 0.001439, 0.001405, 0.001464, 0.001399, 0.001492, 0.001398, 0.001552, 0.001396, 0.001488, 0.001550, 0.001612, 0.001425, 0.001550, 0.001427, 0.001521, 0.001396, 0.001609, 0.001455, 0.001696, 0.001568, 0.001631, 0.001477, 0.001599, 0.001446, 0.001726, 0.001479, 0.001631, 0.001505, 0.001752, 0.001507, 0.001603, 0.001382, 0.001626, 0.001382, 0.001539, 0.001383, 0.001598, 0.001479, 0.001573, 0.001330, 0.001579, 0.001338, 0.001500, 0.001409, 0.001566, 0.001382, 0.001452, 0.001391, 0.001452, 0.001389, 0.001513, 0.001241, 0.001416, 0.001379, 0.001440, 0.001439, 0.001561, 0.001374, 0.001435, 0.001439, 0.001438, 0.001288, 0.001409, 0.001437, 0.001527, 0.001463, 0.001431, 0.001434, 0.001466, 0.001312, 0.001406, 0.001344, 0.001435, 0.001431, 0.001426, 0.001459, 0.001398, 0.001429, 0.001402
14 , 3, 3, 3, 3, 3, 3, 3
14 , 0.003316, 0.003061, 0.003484, 0.003255, 0.002961, 0.002641, 0.002508
15 , 0.001383, 0.001598, 0.001479, 0.001573, 0.001330, 0.001579, 0.001338, 0.001500, 0.001409, 0.001566, 0.001382, 0.001452, 0.001391, 0.001452, 0.001389, 0.001513, 0.001241, 0.001416, 0.001379, 0.001440, 0.001439, 0.001561, 0.001374, 0.001435, 0.001439, 0.001438, 0.001288, 0.001409, 0.001437, 0.001527, 0.001463, 0.001431, 0.001434, 0.001466, 0.001312, 0.001406, 0.001344, 0.001435, 0.001431, 0.001426, 0.001459, 0.001398, 0.001429, 0.001402, 0.001558, 0.001438, 0.001561, 0.001375, 0.001434, 0.001372, 0.001435, 0.001397, 0.001460, 0.001309, 0.001462, 0.001429, 0.001584, 0.001458, 0.001550, 0.001368, 0.001521, 0.001396, 0.001397, 0.001304, 0.001585, 0.001457, 0.001731, 0.001486, 0.001639, 0.001544, 0.001611, 0.001453, 0.001605, 0.001392, 0.001519, 0.001394, 0.001677, 0.001496, 0.001472, 0.001166, 0.001420, 0.001334, 0.001468, 0.001227, 0.001357, 0.001148, 0.001283, 0.001105, 0.001240, 0.001201, 0.001235, 0.001115
15 , 1, 1, 1, 1, 1, 1, 1
15 , 0.001814, 0.002030, 0.002502, 0.003068, 0.003292, 0.003737, 0.003824
16 , 0.001460, 0.001309, 0.001462, 0.001429, 0.001584, 0.001458, 0.001550, 0.001368, 0.001521, 0.001396, 0.001397, 0.001304, 0.001585, 0.001457, 0.001731, 0.001486, 0.001639, 0.001544, 0.001611, 0.001453, 0.001605, 0.001392, 0.001519, 0.001394, 0.001677, 0.001496, 0.001472, 0.001166, 0.001420, 0.001334, 0.001468, 0.001227, 0.001357, 0.001148, 0.001283, 0.001105, 0.001240, 0.001201, 0.001235, 0.001115, 0.001295, 0.001168, 0.001350, 0.001164, 0.001377, 0.001244, 0.001333, 0.001387, 0.001322, 0.001253, 0.001338, 0.001271, 0.001417, 0.001470, 0.001521, 0.001607, 0.001453, 0.001481, 0.001571, 0.001658, 0.001598, 0.001631, 0.001659, 0.001599, 0.001600, 0.001511, 0.001419, 0.001538, 0.001570, 0.001570, 0.001540, 0.001662, 0.001605, 0.001669, 0.001516, 0.001517, 0.001426, 0.001522, 0.001552, 0.001585, 0.001460, 0.001437, 0.001438, 0.001472, 0.001232, 0.001393, 0.001213, 0.001401, 0.001220, 0.001319, 0.001254, 0.001435
16 , 2, 1, 1, 1, 1, 1, 1
16 , 0.003526, 0.004071, 0.005244, 0.005609, 0.006455, 0.007088, 0.008561
