0 , 0.001678, 0.001702, 0.001674, 0.001514, 0.001543, 0.001537, 0.001476, 0.001474, 0.001505, 0.001477, 0.001503, 0.001442, 0.001472, 0.001468, 0.001348, 0.001469, 0.001468, 0.001502, 0.001560, 0.001526, 0.001467, 0.001495, 0.001440, 0.001464, 0.000959, 0.001249, 0.001952, 0.001745, 0.001849, 0.002010, 0.001925, 0.002077, 0.001828, 0.002226, 0.002180, 0.002153, 0.002174, 0.002040, 0.002292, 0.002091, 0.002137, 0.001955, 0.002107, 0.002243, 0.002061, 0.002121, 0.002115, 0.002118, 0.002271, 0.000727, 0.001776, 0.001481, 0.001474, 0.001379, 0.001402, 0.001307, 0.001463, 0.001397, 0.001551, 0.001427, 0.001581, 0.001482, 0.001605, 0.001391, 0.001574, 0.001479, 0.001482, 0.001295, 0.001511, 0.001353, 0.001629, 0.001389, 0.001603, 0.000629, 0.001722, 0.001752, 0.001775, 0.001699, 0.001911, 0.001875, 0.001958, 0.001903, 0.001948, 0.001736, 0.002021, 0.002010, 0.001998, 0.002119, 0.002016, 0.002186, 0.002068, 0.002268
0 , 0, 0, 0, 0, 0, 0, 0
0 , 0.012419, 0.014593, 0.017215, 0.017526, 0.019822, 0.022022, 0.024084
1 , 0.001474, 0.001379, 0.001402, 0.001307, 0.001463, 0.001397, 0.001551, 0.001427, 0.001581, 0.001482, 0.001605, 0.001391, 0.001574, 0.001479, 0.001482, 0.001295, 0.001511, 0.001353, 0.001629, 0.001389, 0.001603, 0.000629, 0.001722, 0.001752, 0.001775, 0.001699, 0.001911, 0.001875, 0.001958, 0.001903, 0.001948, 0.001736, 0.002021, 0.002010, 0.001998, 0.002119, 0.002016, 0.002186, 0.002068, 0.002268, 0.002041, 0.002089, 0.002107, 0.001940, 0.002071, 0.001403, 0.000765, 0.001712, 0.001579, 0.001556, 0.001459, 0.001673, 0.001457, 0.001427, 0.001420, 0.001507, 0.001473, 0.001531, 0.001408, 0.001531, 0.001528, 0.001586, 0.001551, 0.001733, 0.001549, 0.001552, 0.001705, 0.001587, 0.001494, 0.001503, 0.001766, 0.000421, 0.001299, 0.001636, 0.001773, 0.001581, 0.001873, 0.001849, 0.002044, 0.001845, 0.002185, 0.002200, 0.002190, 0.002265, 0.002094, 0.002292, 0.002266, 0.002353, 0.002087, 0.002306, 0.002374, 0.002327
1 , 0, 0, 0, 0, 0, 0, 0
1 , 0.017254, 0.018664, 0.019408, 0.019955, 0.023049, 0.023696, 0.023564
2 , 0.001673, 0.001457, 0.001427, 0.001420, 0.001507, 0.001473, 0.001531, 0.001408, 0.001531, 0.001528, 0.001586, 0.001551, 0.001733, 0.001549, 0.001552, 0.001705, 0.001587, 0.001494, 0.001503, 0.001766, 0.000421, 0.001299, 0.001636, 0.001773, 0.001581, 0.001873, 0.001849, 0.002044, 0.001845, 0.002185, 0.002200, 0.002190, 0.002265, 0.002094, 0.002292, 0.002266, 0.002353, 0.002087, 0.002306, 0.002374, 0.002327, 0.002481, 0.002212, 0.002177, 0.002404, 0.000019, 0.001678, 0.001388, 0.001326, 0.001315, 0.001341, 0.001331, 0.001421, 0.001319, 0.001468, 0.001341, 0.001399, 0.001395, 0.001575, 0.001421, 0.001512, 0.001476, 0.001627, 0.001471, 0.001654, 0.001498, 0.001532, 0.001467, 0.001326, 0.001238, 0.001587, 0.001810, 0.001820, 0.001738, 0.002042, 0.001875, 0.002072, 0.001875, 0.001881, 0.001751, 0.002005, 0.002030, 0.001914, 0.001920, 0.001836, 0.002030, 0.001945, 0.002003, 0.001939, 0.001872, 0.002011, 0.001933
2 , 0, 0, 0, 0, 0, 0, 0
2 , 0.020349, 0.022423, 0.022710, 0.023685, 0.023411, 0.020958, 0.019639
3 , 0.001315, 0.001341, 0.001331, 0.001421, 0.001319, 0.001468, 0.001341, 0.001399, 0.001395, 0.001575, 0.001421, 0.001512, 0.001476, 0.001627, 0.001471, 0.001654, 0.001498, 0.001532, 0.001467, 0.001326, 0.001238, 0.001587, 0.001810, 0.001820, 0.001738, 0.002042, 0.001875, 0.002072, 0.001875, 0.001881, 0.001751, 0.002005, 0.002030, 0.001914, 0.001920, 0.001836, 0.002030, 0.001945, 0.002003, 0.001939, 0.001872, 0.002011, 0.001933, 0.002170, 0.000624, 0.001262, 0.001680, 0.001642, 0.001641, 0.001515, 0.001666, 0.001476, 0.001721, 0.001626, 0.001688, 0.001656, 0.001660, 0.001444, 0.001537, 0.001441, 0.001657, 0.001351, 0.001541, 0.001385, 0.001573, 0.001480, 0.001639, 0.001450, 0.001522, 0.001304, 0.000501, 0.001698, 0.001846, 0.001942, 0.001767, 0.002028, 0.001982, 0.001982, 0.001888, 0.002055, 0.002122, 0.002116, 0.002156, 0.001913, 0.002278, 0.002035, 0.001956, 0.001934, 0.001843, 0.001949, 0.001800, 0.002073
3 , 0, 0, 0, 0, 0, 0, 0
3 , 0.017181, 0.016360, 0.016990, 0.019573, 0.019023, 0.018317, 0.016964
4 , 0.001515, 0.001666, 0.001476, 0.001721, 0.001626, 0.001688, 0.001656, 0.001660, 0.001444, 0.001537, 0.001441, 0.001657, 0.001351, 0.001541, 0.001385, 0.001573, 0.001480, 0.001639, 0.001450, 0.001522, 0.001304, 0.000501, 0.001698, 0.001846, 0.001942, 0.001767, 0.002028, 0.001982, 0.001982, 0.001888, 0.002055, 0.002122, 0.002116, 0.002156, 0.001913, 0.002278, 0.002035, 0.001956, 0.001934, 0.001843, 0.001949, 0.001800, 0.002073, 0.001868, 0.002004, 0.001646, 0.001038, 0.001805, 0.001634, 0.001609, 0.001636, 0.001578, 0.001427, 0.001521, 0.001428, 0.001521, 0.001427, 0.001488, 0.001398, 0.001526, 0.001368, 0.001462, 0.001406, 0.001530, 0.001435, 0.001501, 0.001496, 0.001355, 0.001449, 0.000564, 0.001642, 0.001606, 0.001953, 0.001947, 0.001913, 0.002001, 0.001861, 0.002107, 0.001977, 0.002028, 0.001889, 0.001959, 0.002077, 0.001962, 0.002065, 0.001946, 0.002271, 0.002062, 0.001968, 0.002001, 0.002013, 0.002264
4 , 0, 0, 0, 0, 0, 0, 0
4 , 0.015095, 0.016843, 0.020054, 0.021751, 0.022392, 0.021827, 0.019087
5 , 0.001636, 0.001578, 0.001427, 0.001521, 0.001428, 0.001521, 0.001427, 0.001488, 0.001398, 0.001526, 0.001368, 0.001462, 0.001406, 0.001530, 0.001435, 0.001501, 0.001496, 0.001355, 0.001449, 0.000564, 0.001642, 0.001606, 0.001953, 0.001947, 0.001913, 0.002001, 0.001861, 0.002107, 0.001977, 0.002028, 0.001889, 0.001959, 0.002077, 0.001962, 0.002065, 0.001946, 0.002271, 0.002062, 0.001968, 0.002001, 0.002013, 0.002264, 0.002125, 0.002099, 0.000344, 0.001552, 0.001646, 0.001608, 0.001635, 0.001541, 0.001665, 0.001419, 0.001575, 0.001481, 0.001636, 0.001452, 0.001575, 0.001420, 0.001610, 0.001424, 0.001700, 0.001451, 0.001669, 0.001482, 0.001668, 0.001545, 0.001729, 0.001458, 0.001605, 0.001126, 0.000973, 0.001737, 0.001676, 0.001758, 0.001587, 0.001751, 0.001764, 0.001842, 0.001587, 0.001846, 0.001970, 0.001837, 0.001995, 0.001855, 0.002044, 0.001986, 0.001989, 0.001989, 0.001749, 0.002068, 0.002001, 0.002092
5 , 0, 0, 0, 0, 0, 0, 0
5 , 0.015679, 0.015903, 0.017107, 0.018940, 0.018260, 0.018035, 0.016331
6 , 0.001541, 0.001665, 0.001419, 0.001575, 0.001481, 0.001636, 0.001452, 0.001575, 0.001420, 0.001610, 0.001424, 0.001700, 0.001451, 0.001669, 0.001482, 0.001668, 0.001545, 0.001729, 0.001458, 0.001605, 0.001126, 0.000973, 0.001737, 0.001676, 0.001758, 0.001587, 0.001751, 0.001764, 0.001842, 0.001587, 0.001846, 0.001970, 0.001837, 0.001995, 0.001855, 0.002044, 0.001986, 0.001989, 0.001989, 0.001749, 0.002068, 0.002001, 0.002092, 0.001846, 0.002170, 0.001128, 0.001459, 0.001672, 0.001569, 0.001516, 0.001490, 0.001370, 0.001370, 0.001315, 0.001257, 0.001411, 0.001283, 0.001280, 0.001156, 0.001394, 0.001364, 0.001393, 0.001391, 0.001302, 0.001363, 0.001248, 0.001210, 0.001310, 0.001330, 0.000445, 0.002016, 0.001748, 0.002046, 0.002102, 0.001958, 0.002103, 0.002020, 0.002239, 0.002185, 0.002289, 0.002094, 0.002148, 0.002441, 0.002219, 0.002431, 0.002175, 0.002306, 0.002208, 0.002229, 0.002212, 0.001975, 0.002212
6 , 0, 0, 0, 0, 0, 0, 0
6 , 0.019595, 0.021922, 0.024620, 0.025405, 0.025541, 0.024932, 0.023635
7 , 0.001490, 0.001370, 0.001370, 0.001315, 0.001257, 0.001411, 0.001283, 0.001280, 0.001156, 0.001394, 0.001364, 0.001393, 0.001391, 0.001302, 0.001363, 0.001248, 0.001210, 0.001310, 0.001330, 0.000445, 0.002016, 0.001748, 0.002046, 0.002102, 0.001958, 0.002103, 0.002020, 0.002239, 0.002185, 0.002289, 0.002094, 0.002148, 0.002441, 0.002219, 0.002431, 0.002175, 0.002306, 0.002208, 0.002229, 0.002212, 0.001975, 0.002212, 0.002220, 0.002031, 0.001972, 0.001883, 0.000621, 0.001743, 0.001477, 0.001606, 0.001381, 0.001415, 0.001225, 0.001411, 0.001259, 0.001351, 0.001352, 0.001542, 0.001234, 0.001455, 0.001179, 0.001457, 0.001244, 0.001465, 0.001246, 0.001405, 0.001307, 0.001286, 0.001192, 0.001404, 0.001217, 0.001435, 0.001186, 0.001339, 0.001151, 0.001398, 0.001276, 0.001400, 0.001149, 0.001342, 0.001248, 0.001374, 0.001156, 0.001402, 0.001153, 0.001311, 0.001246, 0.001464, 0.001188, 0.001279, 0.001185, 0.001432
7 , 3, 3, 3, 3, 3, 3, 3
7 , 0.019342, 0.021228, 0.020388, 0.019411, 0.018492, 0.016654, 0.015559
8 , 0.001743, 0.001477, 0.001606, 0.001381, 0.001415, 0.001225, 0.001411, 0.001259, 0.001351, 0.001352, 0.001542, 0.001234, 0.001455, 0.001179, 0.001457, 0.001244, 0.001465, 0.001246, 0.001405, 0.001307, 0.001286, 0.001192, 0.001404, 0.001217, 0.001435, 0.001186, 0.001339, 0.001151, 0.001398, 0.001276, 0.001400, 0.001149, 0.001342, 0.001248, 0.001374, 0.001156, 0.001402, 0.001153, 0.001311, 0.001246, 0.001464, 0.001188, 0.001279, 0.001185, 0.001432, 0.001187, 0.001375, 0.001227, 0.001409, 0.001252, 0.001350, 0.001160, 0.001470, 0.001253, 0.001347, 0.001307, 0.001431, 0.001269, 0.001481, 0.001295, 0.001511, 0.001198, 0.001473, 0.001284, 0.001501, 0.001314, 0.001411, 0.001257, 0.001446, 0.001290, 0.001537, 0.001413, 0.001441, 0.001378, 0.001533, 0.001409, 0.001592, 0.001400, 0.001580, 0.001427, 0.001488, 0.001362, 0.001485, 0.001392, 0.001576, 0.001456, 0.001488, 0.001366, 0.001554, 0.001491, 0.001436, 0.001228
8 , 2, 2, 2, 2, 2, 2, 2
8 , 0.005466, 0.004707, 0.004252, 0.004168, 0.003827, 0.003169, 0.003101
9 , 0.001375, 0.001227, 0.001409, 0.001252, 0.001350, 0.001160, 0.001470, 0.001253, 0.001347, 0.001307, 0.001431, 0.001269, 0.001481, 0.001295, 0.001511, 0.001198, 0.001473, 0.001284, 0.001501, 0.001314, 0.001411, 0.001257, 0.001446, 0.001290, 0.001537, 0.001413, 0.001441, 0.001378, 0.001533, 0.001409, 0.001592, 0.001400, 0.001580, 0.001427, 0.001488, 0.001362, 0.001485, 0.001392, 0.001576, 0.001456, 0.001488, 0.001366, 0.001554, 0.001491, 0.001436, 0.001228, 0.001420, 0.001267, 0.001424, 0.001334, 0.001370, 0.001244, 0.001400, 0.001276, 0.001371, 0.001339, 0.001396, 0.001358, 0.001363, 0.001302, 0.001391, 0.001209, 0.001247, 0.001397, 0.001338, 0.001338, 0.001370, 0.001306, 0.001458, 0.001369, 0.001341, 0.001219, 0.001288, 0.001318, 0.001316, 0.001253, 0.001312, 0.001313, 0.001281, 0.001309, 0.001367, 0.001375, 0.001402, 0.001405, 0.001257, 0.001197, 0.001249, 0.001364, 0.001299, 0.001414, 0.001282, 0.001500
9 , 3, 3, 3, 3, 3, 0, 0
9 , 0.002939, 0.002997, 0.003063, 0.002920, 0.002559, 0.002466, 0.002179
10 , 0.001424, 0.001334, 0.001370, 0.001244, 0.001400, 0.001276, 0.001371, 0.001339, 0.001396, 0.001358, 0.001363, 0.001302, 0.001391, 0.001209, 0.001247, 0.001397, 0.001338, 0.001338, 0.001370, 0.001306, 0.001458, 0.001369, 0.001341, 0.001219, 0.001288, 0.001318, 0.001316, 0.001253, 0.001312, 0.001313, 0.001281, 0.001309, 0.001367, 0.001375, 0.001402, 0.001405, 0.001257, 0.001197, 0.001249, 0.001364, 0.001299, 0.001414, 0.001282, 0.001500, 0.001283, 0.001557, 0.001347, 0.001442, 0.001351, 0.001353, 0.001234, 0.001394, 0.001216, 0.001259, 0.001178, 0.001290, 0.001023, 0.001069, 0.000776, 0.001017, 0.000850, 0.000955, 0.000750, 0.000965, 0.000833, 0.000906, 0.000726, 0.000877, 0.000841, 0.001062, 0.000804, 0.001014, 0.000906, 0.001031, 0.000811, 0.000932, 0.000877, 0.001103, 0.001049, 0.001217, 0.001075, 0.001405, 0.001300, 0.001450, 0.001413, 0.001535, 0.001340, 0.001397, 0.001390, 0.001512, 0.001327, 0.001482
10 , 0, 2, 0, 2, 0, 0, 0
10 , 0.001113, 0.002163, 0.002946, 0.004208, 0.005001, 0.006299, 0.007214
11 , 0.001216, 0.001259, 0.001178, 0.001290, 0.001023, 0.001069, 0.000776, 0.001017, 0.000850, 0.000955, 0.000750, 0.000965, 0.000833, 0.000906, 0.000726, 0.000877, 0.000841, 0.001062, 0.000804, 0.001014, 0.000906, 0.001031, 0.000811, 0.000932, 0.000877, 0.001103, 0.001049, 0.001217, 0.001075, 0.001405, 0.001300, 0.001450, 0.001413, 0.001535, 0.001340, 0.001397, 0.001390, 0.001512, 0.001327, 0.001482, 0.001358, 0.001513, 0.001477, 0.001606, 0.001453, 0.001546, 0.001395, 0.001401, 0.001194, 0.001410, 0.001230, 0.001266, 0.001301, 0.001365, 0.001269, 0.001332, 0.001270, 0.001279, 0.001283, 0.001349, 0.001166, 0.001291, 0.001255, 0.001258, 0.001255, 0.001339, 0.001275, 0.001279, 0.001336, 0.001301, 0.001302, 0.001300, 0.001390, 0.001357, 0.001291, 0.001318, 0.001525, 0.001341, 0.001490, 0.001461, 0.001607, 0.001481, 0.001512, 0.001573, 0.001639, 0.001453, 0.001605, 0.001391, 0.001427, 0.001518, 0.001581, 0.001398
11 , 0, 0, 0, 0, 0, 0, 0
11 , 0.007782, 0.008859, 0.010352, 0.011268, 0.012470, 0.012757, 0.013672
12 , 0.001301, 0.001365, 0.001269, 0.001332, 0.001270, 0.001279, 0.001283, 0.001349, 0.001166, 0.001291, 0.001255, 0.001258, 0.001255, 0.001339, 0.001275, 0.001279, 0.001336, 0.001301, 0.001302, 0.001300, 0.001390, 0.001357, 0.001291, 0.001318, 0.001525, 0.001341, 0.001490, 0.001461, 0.001607, 0.001481, 0.001512, 0.001573, 0.001639, 0.001453, 0.001605, 0.001391, 0.001427, 0.001518, 0.001581, 0.001398, 0.001406, 0.001285, 0.001384, 0.001259, 0.001321, 0.001315, 0.001441, 0.001287, 0.001415, 0.001328, 0.001423, 0.001235, 0.001483, 0.001240, 0.001485, 0.001299, 0.001395, 0.001212, 0.001492, 0.001304, 0.001399, 0.001244, 0.001459, 0.001389, 0.001453, 0.001329, 0.001416, 0.001321, 0.001476, 0.001259, 0.001471, 0.001284, 0.001471, 0.001377, 0.001379, 0.001312, 0.001498, 0.001373, 0.001434, 0.001432, 0.001525, 0.001434, 0.001436, 0.001281, 0.001435, 0.001376, 0.001291, 0.001360, 0.001369, 0.001278, 0.001376, 0.001254
12 , 0, 0, 0, 0, 0, 0, 3
12 , 0.004169, 0.003947, 0.003884, 0.003631, 0.003774, 0.003661, 0.003098
13 , 0.001441, 0.001287, 0.001415, 0.001328, 0.001423, 0.001235, 0.001483, 0.001240, 0.001485, 0.001299, 0.001395, 0.001212, 0.001492, 0.001304, 0.001399, 0.001244, 0.001459, 0.001389, 0.001453, 0.001329, 0.001416, 0.001321, 0.001476, 0.001259, 0.001471, 0.001284, 0.001471, 0.001377, 0.001379, 0.001312, 0.001498, 0.001373, 0.001434, 0.001432, 0.001525, 0.001434, 0.001436, 0.001281, 0.001435, 0.001376, 0.001291, 0.001360, 0.001369, 0.001278, 0.001376, 0.001254, 0.001419, 0.001268, 0.001241, 0.001179, 0.001272, 0.001187, 0.001247, 0.001224, 0.001129, 0.001220, 0.001192, 0.001252, 0.001280, 0.001333, 0.001232, 0.001352, 0.001311, 0.001308, 0.001244, 0.001366, 0.001298, 0.001388, 0.001255, 0.001554, 0.001607, 0.001602, 0.001596, 0.001716, 0.001557, 0.001771, 0.001646, 0.001769, 0.001616, 0.001677, 0.001707, 0.001801, 0.001494, 0.001715, 0.001684, 0.001776, 0.001563, 0.001661, 0.001417, 0.001577, 0.001365, 0.001522
13 , 0, 0, 0, 0, 0, 0, 2
13 , 0.008351, 0.008770, 0.008024, 0.007841, 0.007155, 0.006774, 0.006007
14 , 0.001268, 0.001241, 0.001179, 0.001272, 0.001187, 0.001247, 0.001224, 0.001129, 0.001220, 0.001192, 0.001252, 0.001280, 0.001333, 0.001232, 0.001352, 0.001311, 0.001308, 0.001244, 0.001366, 0.001298, 0.001388, 0.001255, 0.001554, 0.001607, 0.001602, 0.001596, 0.001716, 0.001557, 0.001771, 0.001646, 0.001769, 0.001616, 0.001677, 0.001707, 0.001801, 0.001494, 0.001715, 0.001684, 0.001776, 0.001563, 0.001661, 0.001417, 0.001577, 0.001365, 0.001522, 0.001494, 0.001561, 0.001318, 0.001571, 0.001326, 0.001537, 0.001348, 0.001598, 0.001381, 0.001597, 0.001469, 0.001626, 0.001344, 0.001531, 0.001408, 0.001500, 0.001310, 0.001498, 0.001341, 0.001554, 0.001277, 0.001492, 0.001302, 0.001609, 0.001484, 0.001514, 0.001482, 0.001641, 0.001427, 0.001517, 0.001511, 0.001601, 0.001447, 0.001602, 0.001570, 0.001507, 0.001443, 0.001593, 0.001683, 0.001654, 0.001531, 0.001563, 0.001595, 0.001565, 0.001476, 0.001506, 0.001538
14 , 0, 0, 0, 0, 0, 0, 0
14 , 0.009557, 0.009639, 0.009644, 0.010183, 0.009404, 0.008650, 0.007938
15 , 0.001326, 0.001537, 0.001348, 0.001598, 0.001381, 0.001597, 0.001469, 0.001626, 0.001344, 0.001531, 0.001408, 0.001500, 0.001310, 0.001498, 0.001341, 0.001554, 0.001277, 0.001492, 0.001302, 0.001609, 0.001484, 0.001514, 0.001482, 0.001641, 0.001427, 0.001517, 0.001511, 0.001601, 0.001447, 0.001602, 0.001570, 0.001507, 0.001443, 0.001593, 0.001683, 0.001654, 0.001531, 0.001563, 0.001595, 0.001565, 0.001476, 0.001506, 0.001538, 0.001389, 0.001360, 0.001517, 0.001582, 0.001400, 0.001495, 0.001374, 0.001412, 0.001291, 0.001264, 0.001298, 0.001336, 0.001277, 0.001373, 0.001249, 0.001316, 0.001197, 0.001381, 0.001099, 0.001319, 0.001287, 0.001471, 0.001312, 0.001374, 0.001217, 0.001339, 0.001244, 0.001458, 0.001273, 0.001456, 0.001422, 0.001549, 0.001385, 0.001509, 0.001321, 0.001506, 0.001352, 0.001629, 0.001406, 0.001683, 0.001402, 0.001525, 0.001430, 0.001523, 0.001337, 0.001550, 0.001517, 0.001611, 0.001458
15 , 0, 0, 0, 0, 0, 0, 0
15 , 0.004656, 0.004558, 0.005065, 0.005313, 0.005446, 0.005142, 0.004968
16 , 0.001412, 0.001291, 0.001264, 0.001298, 0.001336, 0.001277, 0.001373, 0.001249, 0.001316, 0.001197, 0.001381, 0.001099, 0.001319, 0.001287, 0.001471, 0.001312, 0.001374, 0.001217, 0.001339, 0.001244, 0.001458, 0.001273, 0.001456, 0.001422, 0.001549, 0.001385, 0.001509, 0.001321, 0.001506, 0.001352, 0.001629, 0.001406, 0.001683, 0.001402, 0.001525, 0.001430, 0.001523, 0.001337, 0.001550, 0.001517, 0.001611, 0.001458, 0.001519, 0.001363, 0.001427, 0.001395, 0.001492, 0.001400, 0.001557, 0.001402, 0.001525, 0.001404, 0.001408, 0.001288, 0.001506, 0.001381, 0.001418, 0.001356, 0.001388, 0.001293, 0.001445, 0.001292, 0.001353, 0.001411, 0.001380, 0.001345, 0.001348, 0.001469, 0.001474, 0.001444, 0.001413, 0.001449, 0.001358, 0.001328, 0.001307, 0.001336, 0.001363, 0.001429, 0.001244, 0.001430, 0.001306, 0.001336, 0.001279, 0.001526, 0.001371, 0.001372, 0.001184, 0.001306, 0.001274, 0.001485, 0.001326, 0.001447
16 , 3, 3, 3, 3, 3, 3, 3
16 , 0.004167, 0.004542, 0.004683, 0.004891, 0.004999, 0.004723, 0.004080
