0 , 0.001799, 0.001532, 0.001699, 0.001817, 0.001775, 0.001854, 0.001742, 0.002027, 0.001929, 0.002017, 0.002038, 0.001890, 0.002048, 0.002010, 0.002087, 0.001863, 0.002064, 0.002095, 0.002027, 0.002142, 0.002022, 0.002146, 0.002201, 0.001239, 0.001407, 0.001384, 0.001517, 0.001454, 0.001455, 0.001270, 0.001332, 0.001206, 0.001483, 0.001266, 0.001513, 0.001285, 0.001532, 0.001312, 0.001469, 0.001286, 0.001414, 0.001226, 0.001318, 0.001163, 0.001503, 0.001124, 0.001384, 0.000390, 0.001845, 0.001945, 0.001988, 0.002204, 0.002032, 0.001992, 0.002299, 0.002090, 0.002110, 0.001999, 0.002140, 0.002009, 0.002147, 0.002177, 0.002039, 0.002369, 0.002052, 0.002227, 0.002153, 0.002142, 0.002069, 0.002104, 0.002167, 0.001706, 0.000458, 0.001613, 0.001598, 0.001537, 0.001317, 0.001348, 0.001346, 0.001285, 0.001250, 0.001429, 0.001421, 0.001365, 0.001369, 0.001488, 0.001393, 0.001548, 0.001426, 0.001303, 0.001364, 0.001335
0 , 1, 1, 1, 1, 1, 1, 1
0 , 0.018172, 0.020697, 0.023945, 0.027671, 0.031576, 0.028355, 0.027424
1 , 0.001988, 0.002204, 0.002032, 0.001992, 0.002299, 0.002090, 0.002110, 0.001999, 0.002140, 0.002009, 0.002147, 0.002177, 0.002039, 0.002369, 0.002052, 0.002227, 0.002153, 0.002142, 0.002069, 0.002104, 0.002167, 0.001706, 0.000458, 0.001613, 0.001598, 0.001537, 0.001317, 0.001348, 0.001346, 0.001285, 0.001250, 0.001429, 0.001421, 0.001365, 0.001369, 0.001488, 0.001393, 0.001548, 0.001426, 0.001303, 0.001364, 0.001335, 0.001330, 0.001391, 0.001382, 0.001394, 0.001564, 0.000671, 0.001337, 0.001696, 0.001808, 0.001669, 0.001869, 0.001823, 0.001957, 0.001887, 0.001960, 0.001872, 0.001796, 0.001988, 0.001827, 0.002015, 0.001942, 0.001990, 0.001920, 0.001971, 0.002005, 0.001917, 0.001941, 0.001850, 0.001923, 0.002159, 0.000181, 0.001878, 0.001549, 0.001481, 0.001270, 0.001393, 0.001392, 0.001459, 0.001236, 0.001357, 0.001234, 0.001367, 0.001239, 0.001402, 0.001155, 0.001401, 0.001245, 0.001430, 0.001307, 0.001366
1 , 1, 1, 1, 1, 1, 1, 1
1 , 0.020671, 0.024176, 0.026270, 0.027092, 0.027697, 0.024984, 0.025257
2 , 0.001808, 0.001669, 0.001869, 0.001823, 0.001957, 0.001887, 0.001960, 0.001872, 0.001796, 0.001988, 0.001827, 0.002015, 0.001942, 0.001990, 0.001920, 0.001971, 0.002005, 0.001917, 0.001941, 0.001850, 0.001923, 0.002159, 0.000181, 0.001878, 0.001549, 0.001481, 0.001270, 0.001393, 0.001392, 0.001459, 0.001236, 0.001357, 0.001234, 0.001367, 0.001239, 0.001402, 0.001155, 0.001401, 0.001245, 0.001430, 0.001307, 0.001366, 0.001298, 0.001422, 0.001254, 0.001433, 0.001059, 0.001871, 0.001885, 0.001920, 0.001943, 0.001879, 0.001845, 0.002020, 0.001973, 0.002162, 0.002040, 0.002087, 0.002053, 0.002053, 0.001986, 0.001933, 0.002179, 0.002059, 0.002207, 0.002106, 0.002103, 0.002319, 0.002255, 0.002298, 0.001971, 0.002238, 0.001544, 0.001205, 0.001583, 0.001564, 0.001326, 0.001263, 0.001294, 0.001229, 0.001350, 0.001343, 0.001375, 0.001312, 0.001371, 0.001370, 0.001426, 0.001485, 0.001488, 0.001422, 0.001573, 0.001330
2 , 1, 1, 1, 1, 1, 1, 1
2 , 0.018945, 0.022554, 0.025222, 0.028338, 0.026263, 0.026248, 0.024531
3 , 0.001920, 0.001943, 0.001879, 0.001845, 0.002020, 0.001973, 0.002162, 0.002040, 0.002087, 0.002053, 0.002053, 0.001986, 0.001933, 0.002179, 0.002059, 0.002207, 0.002106, 0.002103, 0.002319, 0.002255, 0.002298, 0.001971, 0.002238, 0.001544, 0.001205, 0.001583, 0.001564, 0.001326, 0.001263, 0.001294, 0.001229, 0.001350, 0.001343, 0.001375, 0.001312, 0.001371, 0.001370, 0.001426, 0.001485, 0.001488, 0.001422, 0.001573, 0.001330, 0.001363, 0.001418, 0.001515, 0.001599, 0.001487, 0.001555, 0.000220, 0.001861, 0.001711, 0.001933, 0.001772, 0.001763, 0.001893, 0.001717, 0.002011, 0.001869, 0.001905, 0.001851, 0.001978, 0.002003, 0.001994, 0.001987, 0.001735, 0.001918, 0.001829, 0.001954, 0.001941, 0.001784, 0.002172, 0.001914, 0.001871, 0.000778, 0.001603, 0.001685, 0.001564, 0.001624, 0.001533, 0.001535, 0.001410, 0.001620, 0.001522, 0.001584, 0.001400, 0.001587, 0.001458, 0.001615, 0.001459, 0.001708, 0.001552
3 , 1, 1, 1, 1, 1, 1, 1
3 , 0.013076, 0.016139, 0.018009, 0.018883, 0.021132, 0.021619, 0.023768
4 , 0.001933, 0.001772, 0.001763, 0.001893, 0.001717, 0.002011, 0.001869, 0.001905, 0.001851, 0.001978, 0.002003, 0.001994, 0.001987, 0.001735, 0.001918, 0.001829, 0.001954, 0.001941, 0.001784, 0.002172, 0.001914, 0.001871, 0.000778, 0.001603, 0.001685, 0.001564, 0.001624, 0.001533, 0.001535, 0.001410, 0.001620, 0.001522, 0.001584, 0.001400, 0.001587, 0.001458, 0.001615, 0.001459, 0.001708, 0.001552, 0.001675, 0.001374, 0.001682, 0.001443, 0.001737, 0.000854, 0.001307, 0.001851, 0.001717, 0.001799, 0.001742, 0.001878, 0.001997, 0.001939, 0.001878, 0.001739, 0.002000, 0.001933, 0.002087, 0.001898, 0.001901, 0.002181, 0.001980, 0.002045, 0.001838, 0.002060, 0.002021, 0.002000, 0.001884, 0.001912, 0.000653, 0.001634, 0.001854, 0.001787, 0.001567, 0.001625, 0.001747, 0.001593, 0.001686, 0.001654, 0.001748, 0.001629, 0.001723, 0.001509, 0.001634, 0.001513, 0.001546, 0.001365, 0.001549, 0.001667, 0.001669, 0.001488
4 , 1, 1, 1, 1, 1, 1, 1
4 , 0.010828, 0.013577, 0.015990, 0.015224, 0.012832, 0.013048, 0.013161
5 , 0.001717, 0.001799, 0.001742, 0.001878, 0.001997, 0.001939, 0.001878, 0.001739, 0.002000, 0.001933, 0.002087, 0.001898, 0.001901, 0.002181, 0.001980, 0.002045, 0.001838, 0.002060, 0.002021, 0.002000, 0.001884, 0.001912, 0.000653, 0.001634, 0.001854, 0.001787, 0.001567, 0.001625, 0.001747, 0.001593, 0.001686, 0.001654, 0.001748, 0.001629, 0.001723, 0.001509, 0.001634, 0.001513, 0.001546, 0.001365, 0.001549, 0.001667, 0.001669, 0.001488, 0.001582, 0.001493, 0.001471, 0.001356, 0.000666, 0.001818, 0.001699, 0.001765, 0.002018, 0.001811, 0.001851, 0.001750, 0.001911, 0.001908, 0.001878, 0.002024, 0.001896, 0.002164, 0.001908, 0.002012, 0.001866, 0.001957, 0.001997, 0.001820, 0.001872, 0.001754, 0.001947, 0.001954, 0.001267, 0.001507, 0.001624, 0.001612, 0.001585, 0.001701, 0.001515, 0.001671, 0.001520, 0.001554, 0.001400, 0.001526, 0.001432, 0.001589, 0.001403, 0.001557, 0.001432, 0.001496, 0.001401, 0.001582
5 , 1, 1, 1, 1, 1, 1, 1
5 , 0.009208, 0.011436, 0.013018, 0.014363, 0.013719, 0.014751, 0.014725
6 , 0.001765, 0.002018, 0.001811, 0.001851, 0.001750, 0.001911, 0.001908, 0.001878, 0.002024, 0.001896, 0.002164, 0.001908, 0.002012, 0.001866, 0.001957, 0.001997, 0.001820, 0.001872, 0.001754, 0.001947, 0.001954, 0.001267, 0.001507, 0.001624, 0.001612, 0.001585, 0.001701, 0.001515, 0.001671, 0.001520, 0.001554, 0.001400, 0.001526, 0.001432, 0.001589, 0.001403, 0.001557, 0.001432, 0.001496, 0.001401, 0.001582, 0.001428, 0.001640, 0.001371, 0.001815, 0.000083, 0.001568, 0.001584, 0.001591, 0.001653, 0.001769, 0.001539, 0.001891, 0.001736, 0.001816, 0.001686, 0.001703, 0.001841, 0.001712, 0.001775, 0.001562, 0.001756, 0.001714, 0.001839, 0.001877, 0.001778, 0.001866, 0.001789, 0.001866, 0.001663, 0.000488, 0.001919, 0.001757, 0.001699, 0.001601, 0.001598, 0.001593, 0.001680, 0.001706, 0.001795, 0.001884, 0.001791, 0.002004, 0.001880, 0.001879, 0.001848, 0.001910, 0.001849, 0.002033, 0.001973, 0.002004, 0.002004
6 , 2, 2, 2, 2, 2, 2, 2
6 , 0.008395, 0.009865, 0.010633, 0.012495, 0.012092, 0.011751, 0.011893
7 , 0.001653, 0.001769, 0.001539, 0.001891, 0.001736, 0.001816, 0.001686, 0.001703, 0.001841, 0.001712, 0.001775, 0.001562, 0.001756, 0.001714, 0.001839, 0.001877, 0.001778, 0.001866, 0.001789, 0.001866, 0.001663, 0.000488, 0.001919, 0.001757, 0.001699, 0.001601, 0.001598, 0.001593, 0.001680, 0.001706, 0.001795, 0.001884, 0.001791, 0.002004, 0.001880, 0.001879, 0.001848, 0.001910, 0.001849, 0.002033, 0.001973, 0.002004, 0.002004, 0.002188, 0.001942, 0.002127, 0.001276, 0.000738, 0.001380, 0.001304, 0.001184, 0.001556, 0.001609, 0.001698, 0.001534, 0.001770, 0.001957, 0.001911, 0.002018, 0.001708, 0.001987, 0.002043, 0.002085, 0.002099, 0.001992, 0.002305, 0.002224, 0.002096, 0.001995, 0.002026, 0.002443, 0.000617, 0.001814, 0.001636, 0.001447, 0.001323, 0.001442, 0.001279, 0.001494, 0.001242, 0.001423, 0.001354, 0.001536, 0.001411, 0.001714, 0.001429, 0.001552, 0.001452, 0.001696, 0.001479, 0.001782, 0.001535
7 , 3, 3, 3, 3, 3, 3, 3
7 , 0.006531, 0.006878, 0.007406, 0.011371, 0.008645, 0.008993, 0.008656
8 , 0.001304, 0.001184, 0.001556, 0.001609, 0.001698, 0.001534, 0.001770, 0.001957, 0.001911, 0.002018, 0.001708, 0.001987, 0.002043, 0.002085, 0.002099, 0.001992, 0.002305, 0.002224, 0.002096, 0.001995, 0.002026, 0.002443, 0.000617, 0.001814, 0.001636, 0.001447, 0.001323, 0.001442, 0.001279, 0.001494, 0.001242, 0.001423, 0.001354, 0.001536, 0.001411, 0.001714, 0.001429, 0.001552, 0.001452, 0.001696, 0.001479, 0.001782, 0.001535, 0.001777, 0.001533, 0.001752, 0.000482, 0.001499, 0.001509, 0.001700, 0.001463, 0.001606, 0.001451, 0.001659, 0.001745, 0.001685, 0.001530, 0.001563, 0.001804, 0.001694, 0.001747, 0.001604, 0.001888, 0.001916, 0.001775, 0.001839, 0.001615, 0.001999, 0.001761, 0.001884, 0.001231, 0.001165, 0.001654, 0.001707, 0.001619, 0.001462, 0.001526, 0.001498, 0.001403, 0.001461, 0.001489, 0.001607, 0.001636, 0.001636, 0.001541, 0.001754, 0.001724, 0.001602, 0.001575, 0.001664, 0.001662, 0.001509
8 , 1, 1, 1, 1, 1, 1, 1
8 , 0.005696, 0.007202, 0.009117, 0.012610, 0.010421, 0.011554, 0.011859
9 , 0.001700, 0.001463, 0.001606, 0.001451, 0.001659, 0.001745, 0.001685, 0.001530, 0.001563, 0.001804, 0.001694, 0.001747, 0.001604, 0.001888, 0.001916, 0.001775, 0.001839, 0.001615, 0.001999, 0.001761, 0.001884, 0.001231, 0.001165, 0.001654, 0.001707, 0.001619, 0.001462, 0.001526, 0.001498, 0.001403, 0.001461, 0.001489, 0.001607, 0.001636, 0.001636, 0.001541, 0.001754, 0.001724, 0.001602, 0.001575, 0.001664, 0.001662, 0.001509, 0.001452, 0.001600, 0.001424, 0.001720, 0.000299, 0.001395, 0.001573, 0.001701, 0.001704, 0.001862, 0.001852, 0.001862, 0.001892, 0.001856, 0.002034, 0.001737, 0.001950, 0.001878, 0.001837, 0.001970, 0.001829, 0.001898, 0.001726, 0.002008, 0.002138, 0.001975, 0.001898, 0.001757, 0.002053, 0.000435, 0.001835, 0.001701, 0.001767, 0.001456, 0.001705, 0.001402, 0.001619, 0.001313, 0.001595, 0.001408, 0.001659, 0.001472, 0.001506, 0.001347, 0.001562, 0.001376, 0.001624, 0.001345, 0.001436
9 , 1, 1, 1, 1, 1, 1, 1
9 , 0.005454, 0.007621, 0.009492, 0.009082, 0.011762, 0.010156, 0.011068
10 , 0.001701, 0.001704, 0.001862, 0.001852, 0.001862, 0.001892, 0.001856, 0.002034, 0.001737, 0.001950, 0.001878, 0.001837, 0.001970, 0.001829, 0.001898, 0.001726, 0.002008, 0.002138, 0.001975, 0.001898, 0.001757, 0.002053, 0.000435, 0.001835, 0.001701, 0.001767, 0.001456, 0.001705, 0.001402, 0.001619, 0.001313, 0.001595, 0.001408, 0.001659, 0.001472, 0.001506, 0.001347, 0.001562, 0.001376, 0.001624, 0.001345, 0.001436, 0.001459, 0.001530, 0.001422, 0.001116, 0.001167, 0.001600, 0.001542, 0.001874, 0.001750, 0.001905, 0.001727, 0.001830, 0.001932, 0.001767, 0.001919, 0.001689, 0.001855, 0.001824, 0.002012, 0.001791, 0.001763, 0.001954, 0.001852, 0.001996, 0.001769, 0.001932, 0.001841, 0.001910, 0.001894, 0.001898, 0.000655, 0.001596, 0.001736, 0.001881, 0.001759, 0.001635, 0.001635, 0.001513, 0.001760, 0.001571, 0.001666, 0.001483, 0.001667, 0.001512, 0.001482, 0.001513, 0.001519, 0.001551, 0.001645, 0.001491
10 , 1, 1, 1, 1, 1, 1, 1
10 , 0.008583, 0.011369, 0.013430, 0.015925, 0.014132, 0.012828, 0.012160
11 , 0.001874, 0.001750, 0.001905, 0.001727, 0.001830, 0.001932, 0.001767, 0.001919, 0.001689, 0.001855, 0.001824, 0.002012, 0.001791, 0.001763, 0.001954, 0.001852, 0.001996, 0.001769, 0.001932, 0.001841, 0.001910, 0.001894, 0.001898, 0.000655, 0.001596, 0.001736, 0.001881, 0.001759, 0.001635, 0.001635, 0.001513, 0.001760, 0.001571, 0.001666, 0.001483, 0.001667, 0.001512, 0.001482, 0.001513, 0.001519, 0.001551, 0.001645, 0.001491, 0.001557, 0.001496, 0.001651, 0.001495, 0.001584, 0.001429, 0.001583, 0.001584, 0.001583, 0.001581, 0.001676, 0.001550, 0.001546, 0.001451, 0.001635, 0.001633, 0.001603, 0.001542, 0.001699, 0.001695, 0.001753, 0.001716, 0.001594, 0.001594, 0.001741, 0.001651, 0.001711, 0.001648, 0.001769, 0.001735, 0.001765, 0.001765, 0.001767, 0.001827, 0.001858, 0.001825, 0.001856, 0.001767, 0.001676, 0.001676, 0.001770, 0.001863, 0.001743, 0.001716, 0.001626, 0.001693, 0.001605, 0.001579, 0.001583
11 , 2, 2, 2, 2, 2, 2, 2
11 , 0.007424, 0.008242, 0.008621, 0.009153, 0.008944, 0.006477, 0.005738
12 , 0.001583, 0.001584, 0.001583, 0.001581, 0.001676, 0.001550, 0.001546, 0.001451, 0.001635, 0.001633, 0.001603, 0.001542, 0.001699, 0.001695, 0.001753, 0.001716, 0.001594, 0.001594, 0.001741, 0.001651, 0.001711, 0.001648, 0.001769, 0.001735, 0.001765, 0.001765, 0.001767, 0.001827, 0.001858, 0.001825, 0.001856, 0.001767, 0.001676, 0.001676, 0.001770, 0.001863, 0.001743, 0.001716, 0.001626, 0.001693, 0.001605, 0.001579, 0.001583, 0.001408, 0.001444, 0.001504, 0.001418, 0.001393, 0.001425, 0.001523, 0.001403, 0.001375, 0.001318, 0.001444, 0.001352, 0.001385, 0.001382, 0.001564, 0.001464, 0.001459, 0.001417, 0.001565, 0.001467, 0.001645, 0.001545, 0.001695, 0.001632, 0.001662, 0.001628, 0.001870, 0.001592, 0.001713, 0.001682, 0.001713, 0.001621, 0.001773, 0.001620, 0.001745, 0.001562, 0.001690, 0.001534, 0.001691, 0.001540, 0.001725, 0.001449, 0.001669, 0.001484, 0.001613, 0.001496, 0.001624, 0.001496, 0.001715
12 , 0, 0, 0, 0, 0, 0, 0
12 , 0.006543, 0.005993, 0.004922, 0.004423, 0.003337, 0.002478, 0.001626
13 , 0.001418, 0.001393, 0.001425, 0.001523, 0.001403, 0.001375, 0.001318, 0.001444, 0.001352, 0.001385, 0.001382, 0.001564, 0.001464, 0.001459, 0.001417, 0.001565, 0.001467, 0.001645, 0.001545, 0.001695, 0.001632, 0.001662, 0.001628, 0.001870, 0.001592, 0.001713, 0.001682, 0.001713, 0.001621, 0.001773, 0.001620, 0.001745, 0.001562, 0.001690, 0.001534, 0.001691, 0.001540, 0.001725, 0.001449, 0.001669, 0.001484, 0.001613, 0.001496, 0.001624, 0.001496, 0.001715, 0.001511, 0.001541, 0.001475, 0.001663, 0.001417, 0.001457, 0.001333, 0.001584, 0.001488, 0.001525, 0.001396, 0.001674, 0.001368, 0.001644, 0.001455, 0.001577, 0.001417, 0.001600, 0.001410, 0.001493, 0.001459, 0.001705, 0.001574, 0.001636, 0.001601, 0.001726, 0.001636, 0.001726, 0.001509, 0.001754, 0.001630, 0.001787, 0.001511, 0.001695, 0.001510, 0.001604, 0.001574, 0.001732, 0.001456, 0.001699, 0.001482, 0.001544, 0.001543, 0.001606, 0.001573, 0.001602
13 , 0, 0, 0, 0, 0, 0, 0
13 , 0.006649, 0.006118, 0.006028, 0.005630, 0.004875, 0.003692, 0.003288
14 , 0.001511, 0.001541, 0.001475, 0.001663, 0.001417, 0.001457, 0.001333, 0.001584, 0.001488, 0.001525, 0.001396, 0.001674, 0.001368, 0.001644, 0.001455, 0.001577, 0.001417, 0.001600, 0.001410, 0.001493, 0.001459, 0.001705, 0.001574, 0.001636, 0.001601, 0.001726, 0.001636, 0.001726, 0.001509, 0.001754, 0.001630, 0.001787, 0.001511, 0.001695, 0.001510, 0.001604, 0.001574, 0.001732, 0.001456, 0.001699, 0.001482, 0.001544, 0.001543, 0.001606, 0.001573, 0.001602, 0.001452, 0.001486, 0.001482, 0.001578, 0.001519, 0.001582, 0.001579, 0.001583, 0.001551, 0.001523, 0.001517, 0.001611, 0.001610, 0.001640, 0.001609, 0.001607, 0.001636, 0.001608, 0.001578, 0.001547, 0.001459, 0.001461, 0.001608, 0.001511, 0.001510, 0.001543, 0.001635, 0.001574, 0.001515, 0.001576, 0.001697, 0.001634, 0.001695, 0.001571, 0.001632, 0.001478, 0.001569, 0.001566, 0.001690, 0.001537, 0.001604, 0.001477, 0.001629, 0.001507, 0.001693, 0.001633
14 , 0, 0, 0, 0, 0, 0, 0
14 , 0.002682, 0.002755, 0.003209, 0.003031, 0.002913, 0.002384, 0.002357
15 , 0.001482, 0.001578, 0.001519, 0.001582, 0.001579, 0.001583, 0.001551, 0.001523, 0.001517, 0.001611, 0.001610, 0.001640, 0.001609, 0.001607, 0.001636, 0.001608, 0.001578, 0.001547, 0.001459, 0.001461, 0.001608, 0.001511, 0.001510, 0.001543, 0.001635, 0.001574, 0.001515, 0.001576, 0.001697, 0.001634, 0.001695, 0.001571, 0.001632, 0.001478, 0.001569, 0.001566, 0.001690, 0.001537, 0.001604, 0.001477, 0.001629, 0.001507, 0.001693, 0.001633, 0.001636, 0.001508, 0.001692, 0.001539, 0.001816, 0.001538, 0.001696, 0.001510, 0.001756, 0.001573, 0.001669, 0.001454, 0.001728, 0.001546, 0.001611, 0.001397, 0.001704, 0.001462, 0.001559, 0.001494, 0.001533, 0.001378, 0.001564, 0.001317, 0.001561, 0.001403, 0.001615, 0.001432, 0.001767, 0.001458, 0.001522, 0.001403, 0.001620, 0.001557, 0.001627, 0.001411, 0.001539, 0.001355, 0.001511, 0.001392, 0.001520, 0.001463, 0.001501, 0.001377, 0.001413, 0.001380, 0.001446, 0.001293
15 , 3, 3, 3, 3, 3, 3, 3
15 , 0.002137, 0.002559, 0.002154, 0.002556, 0.002407, 0.002964, 0.002662
16 , 0.001510, 0.001756, 0.001573, 0.001669, 0.001454, 0.001728, 0.001546, 0.001611, 0.001397, 0.001704, 0.001462, 0.001559, 0.001494, 0.001533, 0.001378, 0.001564, 0.001317, 0.001561, 0.001403, 0.001615, 0.001432, 0.001767, 0.001458, 0.001522, 0.001403, 0.001620, 0.001557, 0.001627, 0.001411, 0.001539, 0.001355, 0.001511, 0.001392, 0.001520, 0.001463, 0.001501, 0.001377, 0.001413, 0.001380, 0.001446, 0.001293, 0.001474, 0.001470, 0.001467, 0.001373, 0.001524, 0.001545, 0.001573, 0.001604, 0.001571, 0.001445, 0.001658, 0.001530, 0.001625, 0.001648, 0.001553, 0.001521, 0.001578, 0.001608, 0.001727, 0.001664, 0.001570, 0.001632, 0.001630, 0.001693, 0.001632, 0.001691, 0.001569, 0.001812, 0.001810, 0.001755, 0.001723, 0.001690, 0.001627, 0.001844, 0.001539, 0.001633, 0.001540, 0.001636, 0.001574, 0.001696, 0.001602, 0.001817, 0.001544, 0.001665, 0.001543, 0.001670, 0.001581, 0.001705, 0.001554, 0.001707, 0.001458
16 , 2, 2, 2, 1, 1, 1, 1
16 , 0.003526, 0.002869, 0.002280, 0.002145, 0.002264, 0.002260, 0.001866
