0 , 0.001860, 0.001630, 0.001482, 0.001414, 0.001353, 0.001386, 0.001390, 0.001420, 0.001389, 0.001365, 0.001392, 0.001327, 0.001299, 0.001362, 0.001423, 0.001427, 0.001492, 0.001404, 0.001296, 0.001381, 0.001244, 0.001374, 0.000357, 0.001891, 0.001925, 0.002091, 0.001959, 0.002198, 0.001929, 0.002091, 0.002310, 0.002030, 0.002141, 0.002016, 0.002350, 0.002141, 0.002208, 0.002050, 0.002080, 0.002231, 0.002073, 0.002156, 0.002009, 0.002093, 0.002139, 0.002064, 0.002159, 0.000017, 0.001275, 0.001582, 0.001521, 0.001516, 0.001266, 0.001539, 0.001475, 0.001545, 0.001483, 0.001515, 0.001237, 0.001458, 0.001299, 0.001364, 0.001270, 0.001426, 0.001329, 0.001422, 0.001268, 0.001423, 0.001150, 0.001400, 0.001121, 0.001485, 0.000846, 0.001067, 0.001813, 0.001969, 0.001961, 0.001917, 0.002099, 0.002062, 0.002231, 0.001962, 0.002188, 0.002219, 0.002101, 0.002137, 0.002070, 0.002380, 0.002332, 0.002373, 0.002167, 0.002204
0 , 0, 0, 0, 0, 0, 0, 0
0 , 0.020337, 0.023986, 0.026705, 0.029263, 0.029911, 0.030990, 0.032113
1 , 0.001266, 0.001539, 0.001475, 0.001545, 0.001483, 0.001515, 0.001237, 0.001458, 0.001299, 0.001364, 0.001270, 0.001426, 0.001329, 0.001422, 0.001268, 0.001423, 0.001150, 0.001400, 0.001121, 0.001485, 0.000846, 0.001067, 0.001813, 0.001969, 0.001961, 0.001917, 0.002099, 0.002062, 0.002231, 0.001962, 0.002188, 0.002219, 0.002101, 0.002137, 0.002070, 0.002380, 0.002332, 0.002373, 0.002167, 0.002204, 0.002437, 0.002376, 0.002463, 0.002144, 0.002502, 0.001457, 0.001174, 0.001423, 0.001462, 0.001276, 0.001419, 0.001477, 0.001473, 0.001344, 0.001465, 0.001490, 0.001423, 0.001361, 0.001418, 0.001418, 0.001507, 0.001503, 0.001473, 0.001499, 0.001314, 0.001402, 0.001489, 0.001499, 0.001574, 0.000045, 0.001703, 0.001501, 0.001803, 0.001796, 0.001897, 0.002043, 0.001915, 0.002183, 0.002018, 0.002158, 0.002001, 0.002174, 0.002259, 0.002165, 0.002192, 0.002117, 0.002343, 0.002264, 0.002215, 0.002194, 0.002214, 0.002468
1 , 0, 0, 0, 0, 0, 0, 0
1 , 0.025491, 0.028151, 0.033016, 0.033808, 0.033516, 0.032792, 0.031541
2 , 0.001276, 0.001419, 0.001477, 0.001473, 0.001344, 0.001465, 0.001490, 0.001423, 0.001361, 0.001418, 0.001418, 0.001507, 0.001503, 0.001473, 0.001499, 0.001314, 0.001402, 0.001489, 0.001499, 0.001574, 0.000045, 0.001703, 0.001501, 0.001803, 0.001796, 0.001897, 0.002043, 0.001915, 0.002183, 0.002018, 0.002158, 0.002001, 0.002174, 0.002259, 0.002165, 0.002192, 0.002117, 0.002343, 0.002264, 0.002215, 0.002194, 0.002214, 0.002468, 0.002222, 0.002356, 0.002237, 0.002260, 0.000304, 0.001436, 0.001375, 0.001436, 0.001173, 0.001352, 0.001308, 0.001489, 0.001232, 0.001535, 0.001340, 0.001492, 0.001360, 0.001547, 0.001538, 0.001632, 0.001354, 0.001603, 0.001447, 0.001603, 0.001356, 0.001460, 0.001511, 0.001561, 0.001536, 0.000679, 0.001405, 0.001814, 0.001745, 0.001902, 0.001801, 0.001944, 0.001931, 0.001915, 0.002269, 0.002121, 0.002205, 0.002201, 0.002292, 0.002210, 0.002230, 0.002223, 0.002208, 0.002328, 0.002329
2 , 0, 0, 0, 0, 0, 0, 0
2 , 0.021341, 0.023367, 0.028479, 0.030263, 0.028448, 0.029888, 0.029964
3 , 0.001375, 0.001436, 0.001173, 0.001352, 0.001308, 0.001489, 0.001232, 0.001535, 0.001340, 0.001492, 0.001360, 0.001547, 0.001538, 0.001632, 0.001354, 0.001603, 0.001447, 0.001603, 0.001356, 0.001460, 0.001511, 0.001561, 0.001536, 0.000679, 0.001405, 0.001814, 0.001745, 0.001902, 0.001801, 0.001944, 0.001931, 0.001915, 0.002269, 0.002121, 0.002205, 0.002201, 0.002292, 0.002210, 0.002230, 0.002223, 0.002208, 0.002328, 0.002329, 0.002374, 0.002114, 0.002251, 0.002288, 0.002374, 0.000288, 0.001432, 0.001252, 0.001223, 0.001239, 0.001319, 0.001312, 0.001338, 0.001333, 0.001352, 0.001315, 0.001309, 0.001394, 0.001330, 0.001445, 0.001592, 0.001524, 0.001459, 0.001425, 0.001546, 0.001576, 0.001517, 0.001605, 0.001414, 0.001041, 0.001636, 0.001683, 0.001651, 0.001721, 0.001645, 0.001809, 0.001827, 0.001894, 0.001818, 0.001782, 0.001921, 0.001839, 0.001891, 0.001797, 0.001921, 0.001946, 0.001985, 0.001930, 0.001827
3 , 0, 0, 0, 0, 0, 0, 0
3 , 0.017502, 0.019902, 0.020583, 0.022089, 0.024353, 0.024989, 0.024958
4 , 0.001223, 0.001239, 0.001319, 0.001312, 0.001338, 0.001333, 0.001352, 0.001315, 0.001309, 0.001394, 0.001330, 0.001445, 0.001592, 0.001524, 0.001459, 0.001425, 0.001546, 0.001576, 0.001517, 0.001605, 0.001414, 0.001041, 0.001636, 0.001683, 0.001651, 0.001721, 0.001645, 0.001809, 0.001827, 0.001894, 0.001818, 0.001782, 0.001921, 0.001839, 0.001891, 0.001797, 0.001921, 0.001946, 0.001985, 0.001930, 0.001827, 0.002039, 0.002065, 0.002014, 0.002059, 0.001057, 0.001062, 0.001568, 0.001550, 0.001501, 0.001280, 0.001407, 0.001246, 0.001461, 0.001208, 0.001427, 0.001206, 0.001481, 0.001320, 0.001599, 0.001341, 0.001493, 0.001338, 0.001499, 0.001433, 0.001560, 0.001395, 0.001463, 0.001331, 0.001553, 0.001530, 0.000115, 0.001654, 0.001709, 0.001557, 0.001823, 0.001878, 0.001617, 0.001656, 0.001589, 0.001838, 0.001769, 0.001811, 0.001705, 0.001920, 0.001893, 0.001854, 0.001954, 0.001787, 0.001929, 0.001917, 0.001808
4 , 0, 0, 0, 0, 0, 0, 0
4 , 0.015772, 0.016234, 0.015764, 0.015805, 0.018433, 0.017860, 0.017346
5 , 0.001280, 0.001407, 0.001246, 0.001461, 0.001208, 0.001427, 0.001206, 0.001481, 0.001320, 0.001599, 0.001341, 0.001493, 0.001338, 0.001499, 0.001433, 0.001560, 0.001395, 0.001463, 0.001331, 0.001553, 0.001530, 0.000115, 0.001654, 0.001709, 0.001557, 0.001823, 0.001878, 0.001617, 0.001656, 0.001589, 0.001838, 0.001769, 0.001811, 0.001705, 0.001920, 0.001893, 0.001854, 0.001954, 0.001787, 0.001929, 0.001917, 0.001808, 0.001772, 0.001763, 0.001884, 0.001701, 0.001031, 0.001754, 0.001341, 0.001354, 0.001354, 0.001300, 0.001395, 0.001403, 0.001384, 0.001263, 0.001267, 0.001118, 0.001240, 0.001058, 0.001151, 0.001180, 0.001323, 0.001259, 0.001340, 0.001304, 0.001327, 0.001359, 0.001573, 0.000636, 0.001517, 0.001706, 0.001849, 0.001596, 0.001650, 0.001514, 0.001771, 0.001860, 0.001821, 0.001842, 0.001721, 0.001951, 0.001732, 0.001829, 0.001739, 0.001833, 0.001900, 0.001794, 0.002043, 0.001794, 0.002003, 0.002028
5 , 0, 0, 0, 0, 0, 0, 0
5 , 0.015079, 0.015956, 0.018581, 0.020906, 0.020875, 0.020009, 0.017710
6 , 0.001354, 0.001354, 0.001300, 0.001395, 0.001403, 0.001384, 0.001263, 0.001267, 0.001118, 0.001240, 0.001058, 0.001151, 0.001180, 0.001323, 0.001259, 0.001340, 0.001304, 0.001327, 0.001359, 0.001573, 0.000636, 0.001517, 0.001706, 0.001849, 0.001596, 0.001650, 0.001514, 0.001771, 0.001860, 0.001821, 0.001842, 0.001721, 0.001951, 0.001732, 0.001829, 0.001739, 0.001833, 0.001900, 0.001794, 0.002043, 0.001794, 0.002003, 0.002028, 0.001902, 0.002159, 0.000054, 0.001300, 0.001556, 0.001494, 0.001555, 0.001397, 0.001492, 0.001185, 0.001432, 0.001420, 0.001571, 0.001293, 0.001570, 0.001445, 0.001575, 0.001274, 0.001435, 0.001257, 0.001323, 0.001258, 0.001480, 0.001354, 0.001450, 0.001174, 0.001419, 0.001012, 0.001022, 0.001875, 0.001860, 0.001804, 0.001873, 0.001917, 0.001899, 0.001812, 0.001703, 0.002006, 0.001906, 0.001937, 0.001760, 0.001739, 0.002043, 0.001988, 0.001991, 0.001778, 0.002067, 0.001928, 0.001818
6 , 0, 0, 0, 0, 0, 0, 0
6 , 0.018287, 0.020208, 0.019887, 0.020588, 0.021538, 0.020227, 0.019828
7 , 0.001397, 0.001492, 0.001185, 0.001432, 0.001420, 0.001571, 0.001293, 0.001570, 0.001445, 0.001575, 0.001274, 0.001435, 0.001257, 0.001323, 0.001258, 0.001480, 0.001354, 0.001450, 0.001174, 0.001419, 0.001012, 0.001022, 0.001875, 0.001860, 0.001804, 0.001873, 0.001917, 0.001899, 0.001812, 0.001703, 0.002006, 0.001906, 0.001937, 0.001760, 0.001739, 0.002043, 0.001988, 0.001991, 0.001778, 0.002067, 0.001928, 0.001818, 0.001940, 0.001794, 0.002104, 0.001156, 0.001549, 0.001851, 0.001656, 0.001538, 0.001660, 0.001538, 0.001692, 0.001476, 0.001686, 0.001439, 0.001474, 0.001378, 0.001594, 0.001382, 0.001444, 0.001319, 0.001417, 0.001388, 0.001573, 0.001392, 0.001574, 0.001403, 0.001722, 0.000210, 0.001912, 0.001578, 0.001974, 0.001714, 0.001920, 0.001808, 0.001842, 0.001958, 0.001900, 0.001997, 0.001851, 0.002179, 0.001991, 0.002061, 0.002009, 0.002055, 0.002137, 0.001851, 0.002023, 0.001880, 0.002086, 0.002109
7 , 0, 0, 0, 0, 0, 0, 0
7 , 0.015909, 0.017269, 0.020716, 0.021612, 0.021821, 0.020849, 0.018682
8 , 0.001660, 0.001538, 0.001692, 0.001476, 0.001686, 0.001439, 0.001474, 0.001378, 0.001594, 0.001382, 0.001444, 0.001319, 0.001417, 0.001388, 0.001573, 0.001392, 0.001574, 0.001403, 0.001722, 0.000210, 0.001912, 0.001578, 0.001974, 0.001714, 0.001920, 0.001808, 0.001842, 0.001958, 0.001900, 0.001997, 0.001851, 0.002179, 0.001991, 0.002061, 0.002009, 0.002055, 0.002137, 0.001851, 0.002023, 0.001880, 0.002086, 0.002109, 0.002016, 0.001893, 0.000606, 0.001441, 0.001673, 0.001560, 0.001405, 0.001255, 0.001405, 0.001404, 0.001530, 0.001435, 0.001474, 0.001379, 0.001599, 0.001416, 0.001382, 0.001409, 0.001565, 0.001288, 0.001381, 0.001288, 0.001407, 0.001316, 0.001589, 0.001445, 0.001705, 0.000673, 0.001491, 0.001895, 0.001858, 0.001868, 0.001983, 0.002147, 0.002010, 0.002094, 0.001888, 0.002158, 0.002121, 0.002155, 0.002208, 0.002191, 0.002286, 0.002151, 0.002170, 0.002142, 0.002244, 0.002279, 0.002090, 0.002205
8 , 0, 0, 0, 0, 0, 0, 0
8 , 0.021141, 0.022652, 0.024111, 0.025064, 0.024019, 0.023475, 0.020609
9 , 0.001255, 0.001405, 0.001404, 0.001530, 0.001435, 0.001474, 0.001379, 0.001599, 0.001416, 0.001382, 0.001409, 0.001565, 0.001288, 0.001381, 0.001288, 0.001407, 0.001316, 0.001589, 0.001445, 0.001705, 0.000673, 0.001491, 0.001895, 0.001858, 0.001868, 0.001983, 0.002147, 0.002010, 0.002094, 0.001888, 0.002158, 0.002121, 0.002155, 0.002208, 0.002191, 0.002286, 0.002151, 0.002170, 0.002142, 0.002244, 0.002279, 0.002090, 0.002205, 0.001912, 0.002251, 0.000508, 0.001628, 0.001777, 0.001852, 0.001660, 0.001809, 0.001713, 0.001807, 0.001652, 0.001743, 0.001590, 0.001742, 0.001649, 0.001714, 0.001682, 0.001714, 0.001687, 0.001694, 0.001544, 0.001735, 0.001462, 0.001592, 0.001287, 0.001436, 0.000751, 0.001837, 0.001798, 0.002004, 0.001877, 0.001964, 0.002029, 0.002084, 0.002242, 0.002246, 0.002232, 0.002117, 0.002367, 0.002172, 0.002178, 0.002138, 0.002134, 0.002208, 0.002060, 0.002198, 0.002114, 0.002141, 0.002083
9 , 0, 0, 0, 0, 0, 0, 0
9 , 0.020896, 0.022905, 0.024775, 0.024865, 0.024355, 0.023815, 0.023065
10 , 0.001660, 0.001809, 0.001713, 0.001807, 0.001652, 0.001743, 0.001590, 0.001742, 0.001649, 0.001714, 0.001682, 0.001714, 0.001687, 0.001694, 0.001544, 0.001735, 0.001462, 0.001592, 0.001287, 0.001436, 0.000751, 0.001837, 0.001798, 0.002004, 0.001877, 0.001964, 0.002029, 0.002084, 0.002242, 0.002246, 0.002232, 0.002117, 0.002367, 0.002172, 0.002178, 0.002138, 0.002134, 0.002208, 0.002060, 0.002198, 0.002114, 0.002141, 0.002083, 0.002066, 0.002075, 0.002015, 0.001529, 0.000984, 0.001547, 0.001407, 0.001439, 0.001369, 0.001428, 0.001362, 0.001515, 0.001354, 0.001512, 0.001352, 0.001509, 0.001412, 0.001560, 0.001374, 0.001528, 0.001464, 0.001649, 0.001402, 0.001644, 0.001489, 0.001620, 0.001467, 0.001534, 0.001350, 0.001537, 0.001291, 0.001414, 0.001382, 0.001421, 0.001329, 0.001574, 0.001483, 0.001581, 0.001391, 0.001424, 0.001361, 0.001424, 0.001335, 0.001454, 0.001301, 0.001455, 0.001273, 0.001429, 0.001307
10 , 3, 3, 3, 3, 3, 3, 3
10 , 0.009644, 0.010368, 0.012148, 0.012089, 0.011391, 0.010898, 0.010010
11 , 0.001547, 0.001407, 0.001439, 0.001369, 0.001428, 0.001362, 0.001515, 0.001354, 0.001512, 0.001352, 0.001509, 0.001412, 0.001560, 0.001374, 0.001528, 0.001464, 0.001649, 0.001402, 0.001644, 0.001489, 0.001620, 0.001467, 0.001534, 0.001350, 0.001537, 0.001291, 0.001414, 0.001382, 0.001421, 0.001329, 0.001574, 0.001483, 0.001581, 0.001391, 0.001424, 0.001361, 0.001424, 0.001335, 0.001454, 0.001301, 0.001455, 0.001273, 0.001429, 0.001307, 0.001462, 0.001366, 0.001431, 0.001394, 0.001483, 0.001296, 0.001421, 0.001327, 0.001509, 0.001537, 0.001505, 0.001411, 0.001594, 0.001441, 0.001504, 0.001501, 0.001529, 0.001524, 0.001465, 0.001467, 0.001591, 0.001500, 0.001560, 0.001442, 0.001538, 0.001415, 0.001415, 0.001358, 0.001396, 0.001335, 0.001398, 0.001366, 0.001374, 0.001441, 0.001354, 0.001291, 0.001256, 0.001315, 0.001466, 0.001466, 0.001499, 0.001467, 0.001434, 0.001463, 0.001428, 0.001545, 0.001449, 0.001510
11 , 1, 1, 1, 1, 1, 1, 1
11 , 0.002515, 0.002085, 0.002444, 0.002852, 0.002858, 0.002533, 0.002709
12 , 0.001421, 0.001327, 0.001509, 0.001537, 0.001505, 0.001411, 0.001594, 0.001441, 0.001504, 0.001501, 0.001529, 0.001524, 0.001465, 0.001467, 0.001591, 0.001500, 0.001560, 0.001442, 0.001538, 0.001415, 0.001415, 0.001358, 0.001396, 0.001335, 0.001398, 0.001366, 0.001374, 0.001441, 0.001354, 0.001291, 0.001256, 0.001315, 0.001466, 0.001466, 0.001499, 0.001467, 0.001434, 0.001463, 0.001428, 0.001545, 0.001449, 0.001510, 0.001443, 0.001444, 0.001536, 0.001530, 0.001441, 0.001658, 0.001473, 0.001410, 0.001439, 0.001530, 0.001589, 0.001559, 0.001371, 0.001587, 0.001403, 0.001431, 0.001494, 0.001588, 0.001375, 0.001565, 0.001441, 0.001506, 0.001353, 0.001541, 0.001388, 0.001389, 0.001262, 0.001571, 0.001415, 0.001479, 0.001443, 0.001538, 0.001414, 0.001570, 0.001325, 0.001510, 0.001353, 0.001447, 0.001349, 0.001502, 0.001375, 0.001529, 0.001404, 0.001562, 0.001348, 0.001532, 0.001467, 0.001744, 0.001346, 0.001443
12 , 1, 1, 1, 1, 1, 1, 1
12 , 0.002412, 0.001556, 0.001641, 0.001565, 0.001228, 0.001091, 0.001279
13 , 0.001441, 0.001658, 0.001473, 0.001410, 0.001439, 0.001530, 0.001589, 0.001559, 0.001371, 0.001587, 0.001403, 0.001431, 0.001494, 0.001588, 0.001375, 0.001565, 0.001441, 0.001506, 0.001353, 0.001541, 0.001388, 0.001389, 0.001262, 0.001571, 0.001415, 0.001479, 0.001443, 0.001538, 0.001414, 0.001570, 0.001325, 0.001510, 0.001353, 0.001447, 0.001349, 0.001502, 0.001375, 0.001529, 0.001404, 0.001562, 0.001348, 0.001532, 0.001467, 0.001744, 0.001346, 0.001443, 0.001350, 0.001418, 0.001354, 0.001417, 0.001323, 0.001510, 0.001262, 0.001415, 0.001230, 0.001411, 0.001440, 0.001470, 0.001343, 0.001618, 0.001516, 0.001611, 0.001519, 0.001640, 0.001423, 0.001671, 0.001487, 0.001550, 0.001489, 0.001582, 0.001486, 0.001641, 0.001456, 0.001615, 0.001462, 0.001461, 0.001465, 0.001531, 0.001447, 0.001513, 0.001362, 0.001549, 0.001430, 0.001345, 0.001345, 0.001256, 0.001321, 0.001352, 0.001260, 0.001378, 0.001340, 0.001307
13 , 1, 1, 1, 1, 1, 1, 1
13 , 0.000665, 0.001210, 0.001388, 0.001601, 0.001855, 0.002246, 0.002576
14 , 0.001262, 0.001415, 0.001230, 0.001411, 0.001440, 0.001470, 0.001343, 0.001618, 0.001516, 0.001611, 0.001519, 0.001640, 0.001423, 0.001671, 0.001487, 0.001550, 0.001489, 0.001582, 0.001486, 0.001641, 0.001456, 0.001615, 0.001462, 0.001461, 0.001465, 0.001531, 0.001447, 0.001513, 0.001362, 0.001549, 0.001430, 0.001345, 0.001345, 0.001256, 0.001321, 0.001352, 0.001260, 0.001378, 0.001340, 0.001307, 0.001275, 0.001299, 0.001421, 0.001449, 0.001388, 0.001388, 0.001508, 0.001413, 0.001561, 0.001498, 0.001532, 0.001496, 0.001435, 0.001403, 0.001644, 0.001491, 0.001551, 0.001491, 0.001706, 0.001584, 0.001705, 0.001459, 0.001583, 0.001401, 0.001586, 0.001521, 0.001674, 0.001397, 0.001612, 0.001548, 0.001640, 0.001459, 0.001615, 0.001370, 0.001528, 0.001528, 0.001533, 0.001288, 0.001482, 0.001387, 0.001541, 0.001330, 0.001516, 0.001355, 0.001545, 0.001449, 0.001634, 0.001415, 0.001606, 0.001483, 0.001517, 0.001240
14 , 1, 1, 1, 1, 1, 1, 1
14 , 0.002167, 0.002997, 0.003390, 0.004134, 0.004334, 0.004550, 0.004435
15 , 0.001496, 0.001435, 0.001403, 0.001644, 0.001491, 0.001551, 0.001491, 0.001706, 0.001584, 0.001705, 0.001459, 0.001583, 0.001401, 0.001586, 0.001521, 0.001674, 0.001397, 0.001612, 0.001548, 0.001640, 0.001459, 0.001615, 0.001370, 0.001528, 0.001528, 0.001533, 0.001288, 0.001482, 0.001387, 0.001541, 0.001330, 0.001516, 0.001355, 0.001545, 0.001449, 0.001634, 0.001415, 0.001606, 0.001483, 0.001517, 0.001240, 0.001553, 0.001401, 0.001560, 0.001433, 0.001493, 0.001362, 0.001573, 0.001446, 0.001501, 0.001343, 0.001673, 0.001542, 0.001723, 0.001780, 0.001807, 0.001739, 0.001799, 0.001703, 0.001915, 0.001884, 0.001822, 0.001852, 0.001791, 0.001759, 0.001851, 0.001790, 0.001821, 0.001791, 0.001793, 0.001735, 0.001740, 0.001561, 0.001627, 0.001661, 0.001635, 0.001547, 0.001553, 0.001502, 0.001420, 0.001547, 0.001460, 0.001586, 0.001526, 0.001499, 0.001405, 0.001403, 0.001312, 0.001530, 0.001435, 0.001495, 0.001523
15 , 1, 1, 1, 1, 1, 1, 1
15 , 0.004477, 0.005476, 0.005999, 0.006921, 0.006910, 0.007325, 0.007760
16 , 0.001542, 0.001723, 0.001780, 0.001807, 0.001739, 0.001799, 0.001703, 0.001915, 0.001884, 0.001822, 0.001852, 0.001791, 0.001759, 0.001851, 0.001790, 0.001821, 0.001791, 0.001793, 0.001735, 0.001740, 0.001561, 0.001627, 0.001661, 0.001635, 0.001547, 0.001553, 0.001502, 0.001420, 0.001547, 0.001460, 0.001586, 0.001526, 0.001499, 0.001405, 0.001403, 0.001312, 0.001530, 0.001435, 0.001495, 0.001523, 0.001588, 0.001436, 0.001470, 0.001222, 0.001439, 0.001379, 0.001500, 0.001344, 0.001468, 0.001309, 0.001438, 0.001337, 0.001520, 0.001363, 0.001548, 0.001360, 0.001390, 0.001448, 0.001635, 0.001360, 0.001605, 0.001480, 0.001550, 0.001390, 0.001607, 0.001535, 0.001597, 0.001508, 0.001571, 0.001388, 0.001600, 0.001471, 0.001657, 0.001563, 0.001540, 0.001359, 0.001602, 0.001357, 0.001602, 0.001476, 0.001565, 0.001503, 0.001478, 0.001413, 0.001598, 0.001535, 0.001504, 0.001533, 0.001657, 0.001443, 0.001473, 0.001532
16 , 2, 2, 2, 2, 2, 2, 2
16 , 0.006914, 0.007193, 0.007670, 0.007582, 0.007951, 0.007683, 0.007429
