0 , 0.001754, 0.001715, 0.001703, 0.002049, 0.001916, 0.001928, 0.001785, 0.002025, 0.001906, 0.001933, 0.001900, 0.001864, 0.002182, 0.001958, 0.002022, 0.001976, 0.001873, 0.002137, 0.002064, 0.001958, 0.001952, 0.002145, 0.002180, 0.000286, 0.001780, 0.001556, 0.001496, 0.001457, 0.001484, 0.001389, 0.001540, 0.001503, 0.001596, 0.001560, 0.001651, 0.001524, 0.001643, 0.001702, 0.001795, 0.001519, 0.001734, 0.001612, 0.001707, 0.001616, 0.001589, 0.001582, 0.001206, 0.001179, 0.001329, 0.001594, 0.001566, 0.001633, 0.001721, 0.001646, 0.001809, 0.001723, 0.001941, 0.001733, 0.002034, 0.001976, 0.001998, 0.002037, 0.001820, 0.002137, 0.002051, 0.002090, 0.001960, 0.002084, 0.002319, 0.002023, 0.002255, 0.000540, 0.001288, 0.001589, 0.001610, 0.001611, 0.001393, 0.001517, 0.001302, 0.001576, 0.001296, 0.001451, 0.001411, 0.001413, 0.001224, 0.001408, 0.001340, 0.001675, 0.001432, 0.001497, 0.001341, 0.001528
0 , 1, 1, 1, 1, 1, 1, 1
0 , 0.010508, 0.012763, 0.016038, 0.019250, 0.019113, 0.016393, 0.016906
1 , 0.001594, 0.001566, 0.001633, 0.001721, 0.001646, 0.001809, 0.001723, 0.001941, 0.001733, 0.002034, 0.001976, 0.001998, 0.002037, 0.001820, 0.002137, 0.002051, 0.002090, 0.001960, 0.002084, 0.002319, 0.002023, 0.002255, 0.000540, 0.001288, 0.001589, 0.001610, 0.001611, 0.001393, 0.001517, 0.001302, 0.001576, 0.001296, 0.001451, 0.001411, 0.001413, 0.001224, 0.001408, 0.001340, 0.001675, 0.001432, 0.001497, 0.001341, 0.001528, 0.001466, 0.001497, 0.001334, 0.001554, 0.001391, 0.000603, 0.001712, 0.001748, 0.001736, 0.001634, 0.001801, 0.001737, 0.001760, 0.001773, 0.001886, 0.001895, 0.001902, 0.002036, 0.001873, 0.001927, 0.001888, 0.001945, 0.001997, 0.001909, 0.002134, 0.001800, 0.002034, 0.001858, 0.001905, 0.001693, 0.000959, 0.001613, 0.001480, 0.001400, 0.001364, 0.001399, 0.001339, 0.001393, 0.001275, 0.001372, 0.001274, 0.001400, 0.001306, 0.001400, 0.001150, 0.001396, 0.001265, 0.001391, 0.001262
1 , 1, 1, 1, 1, 1, 1, 1
1 , 0.012620, 0.015394, 0.018271, 0.020799, 0.019987, 0.021978, 0.020684
2 , 0.001736, 0.001634, 0.001801, 0.001737, 0.001760, 0.001773, 0.001886, 0.001895, 0.001902, 0.002036, 0.001873, 0.001927, 0.001888, 0.001945, 0.001997, 0.001909, 0.002134, 0.001800, 0.002034, 0.001858, 0.001905, 0.001693, 0.000959, 0.001613, 0.001480, 0.001400, 0.001364, 0.001399, 0.001339, 0.001393, 0.001275, 0.001372, 0.001274, 0.001400, 0.001306, 0.001400, 0.001150, 0.001396, 0.001265, 0.001391, 0.001262, 0.001327, 0.001199, 0.001334, 0.001458, 0.000496, 0.001611, 0.001685, 0.001861, 0.001836, 0.001708, 0.001827, 0.001693, 0.001987, 0.001885, 0.001979, 0.001818, 0.001818, 0.002076, 0.001848, 0.001954, 0.001848, 0.001979, 0.001915, 0.001776, 0.001909, 0.001673, 0.001918, 0.001842, 0.001938, 0.001915, 0.001867, 0.000037, 0.001747, 0.001709, 0.001770, 0.001522, 0.001525, 0.001435, 0.001497, 0.001411, 0.001382, 0.001348, 0.001412, 0.001437, 0.001470, 0.001435, 0.001338, 0.001429, 0.001586, 0.001498, 0.001591
2 , 1, 1, 1, 1, 1, 1, 1
2 , 0.016064, 0.018358, 0.021843, 0.022499, 0.021604, 0.018166, 0.017793
3 , 0.001836, 0.001708, 0.001827, 0.001693, 0.001987, 0.001885, 0.001979, 0.001818, 0.001818, 0.002076, 0.001848, 0.001954, 0.001848, 0.001979, 0.001915, 0.001776, 0.001909, 0.001673, 0.001918, 0.001842, 0.001938, 0.001915, 0.001867, 0.000037, 0.001747, 0.001709, 0.001770, 0.001522, 0.001525, 0.001435, 0.001497, 0.001411, 0.001382, 0.001348, 0.001412, 0.001437, 0.001470, 0.001435, 0.001338, 0.001429, 0.001586, 0.001498, 0.001591, 0.001441, 0.001382, 0.001354, 0.001507, 0.001524, 0.001050, 0.001033, 0.001876, 0.001563, 0.001630, 0.001759, 0.001646, 0.001763, 0.001536, 0.001776, 0.001812, 0.001879, 0.001613, 0.001702, 0.001884, 0.001669, 0.001685, 0.001591, 0.001837, 0.001690, 0.001649, 0.001668, 0.001538, 0.001701, 0.001922, 0.000373, 0.001925, 0.001542, 0.001691, 0.001475, 0.001570, 0.001541, 0.001573, 0.001509, 0.001695, 0.001386, 0.001630, 0.001507, 0.001600, 0.001447, 0.001571, 0.001477, 0.001692, 0.001327
3 , 1, 1, 1, 1, 1, 1, 1
3 , 0.009265, 0.010396, 0.011523, 0.012229, 0.012847, 0.011507, 0.010099
4 , 0.001876, 0.001563, 0.001630, 0.001759, 0.001646, 0.001763, 0.001536, 0.001776, 0.001812, 0.001879, 0.001613, 0.001702, 0.001884, 0.001669, 0.001685, 0.001591, 0.001837, 0.001690, 0.001649, 0.001668, 0.001538, 0.001701, 0.001922, 0.000373, 0.001925, 0.001542, 0.001691, 0.001475, 0.001570, 0.001541, 0.001573, 0.001509, 0.001695, 0.001386, 0.001630, 0.001507, 0.001600, 0.001447, 0.001571, 0.001477, 0.001692, 0.001327, 0.001634, 0.001450, 0.001755, 0.001427, 0.001726, 0.000458, 0.001597, 0.001666, 0.001726, 0.001624, 0.001582, 0.001671, 0.001883, 0.001741, 0.001841, 0.001627, 0.002025, 0.001830, 0.002019, 0.001916, 0.001849, 0.001958, 0.001846, 0.001958, 0.001770, 0.001891, 0.001967, 0.001791, 0.002138, 0.001728, 0.000681, 0.001732, 0.001596, 0.001668, 0.001472, 0.001564, 0.001441, 0.001593, 0.001433, 0.001554, 0.001555, 0.001464, 0.001521, 0.001677, 0.001579, 0.001583, 0.001579, 0.001643, 0.001548, 0.001641
4 , 1, 1, 1, 1, 1, 1, 1
4 , 0.005791, 0.006383, 0.007589, 0.009142, 0.012098, 0.007893, 0.008634
5 , 0.001726, 0.001624, 0.001582, 0.001671, 0.001883, 0.001741, 0.001841, 0.001627, 0.002025, 0.001830, 0.002019, 0.001916, 0.001849, 0.001958, 0.001846, 0.001958, 0.001770, 0.001891, 0.001967, 0.001791, 0.002138, 0.001728, 0.000681, 0.001732, 0.001596, 0.001668, 0.001472, 0.001564, 0.001441, 0.001593, 0.001433, 0.001554, 0.001555, 0.001464, 0.001521, 0.001677, 0.001579, 0.001583, 0.001579, 0.001643, 0.001548, 0.001641, 0.001550, 0.001558, 0.001611, 0.001497, 0.001659, 0.000323, 0.001357, 0.001668, 0.001790, 0.001474, 0.001775, 0.001629, 0.001786, 0.001739, 0.001863, 0.001951, 0.001854, 0.001818, 0.001748, 0.002003, 0.001894, 0.001812, 0.001721, 0.001727, 0.001912, 0.001815, 0.001955, 0.001744, 0.001749, 0.002000, 0.000307, 0.001916, 0.001720, 0.001777, 0.001740, 0.001737, 0.001640, 0.001792, 0.001727, 0.001972, 0.001724, 0.001907, 0.001693, 0.001845, 0.001784, 0.001846, 0.001662, 0.001907, 0.001693, 0.001816
5 , 2, 2, 2, 2, 1, 2, 2
5 , 0.005091, 0.006212, 0.007097, 0.007205, 0.008116, 0.007793, 0.007447
6 , 0.001790, 0.001474, 0.001775, 0.001629, 0.001786, 0.001739, 0.001863, 0.001951, 0.001854, 0.001818, 0.001748, 0.002003, 0.001894, 0.001812, 0.001721, 0.001727, 0.001912, 0.001815, 0.001955, 0.001744, 0.001749, 0.002000, 0.000307, 0.001916, 0.001720, 0.001777, 0.001740, 0.001737, 0.001640, 0.001792, 0.001727, 0.001972, 0.001724, 0.001907, 0.001693, 0.001845, 0.001784, 0.001846, 0.001662, 0.001907, 0.001693, 0.001816, 0.001755, 0.001970, 0.001876, 0.001691, 0.000783, 0.001467, 0.001513, 0.001492, 0.001508, 0.001669, 0.001475, 0.001754, 0.001649, 0.001914, 0.001793, 0.001909, 0.001979, 0.002037, 0.002061, 0.001836, 0.002045, 0.002098, 0.002031, 0.002035, 0.001964, 0.002189, 0.002025, 0.002334, 0.000789, 0.001167, 0.001595, 0.001548, 0.001520, 0.001358, 0.001325, 0.001414, 0.001655, 0.001492, 0.001614, 0.001514, 0.001637, 0.001542, 0.001694, 0.001540, 0.001634, 0.001509, 0.001599, 0.001477, 0.001692, 0.001570
6 , 3, 1, 1, 1, 3, 1, 1
6 , 0.005916, 0.006441, 0.008176, 0.008950, 0.005649, 0.006434, 0.006612
7 , 0.001492, 0.001508, 0.001669, 0.001475, 0.001754, 0.001649, 0.001914, 0.001793, 0.001909, 0.001979, 0.002037, 0.002061, 0.001836, 0.002045, 0.002098, 0.002031, 0.002035, 0.001964, 0.002189, 0.002025, 0.002334, 0.000789, 0.001167, 0.001595, 0.001548, 0.001520, 0.001358, 0.001325, 0.001414, 0.001655, 0.001492, 0.001614, 0.001514, 0.001637, 0.001542, 0.001694, 0.001540, 0.001634, 0.001509, 0.001599, 0.001477, 0.001692, 0.001570, 0.001696, 0.001565, 0.001599, 0.001680, 0.000014, 0.001389, 0.001472, 0.001749, 0.001525, 0.001670, 0.001544, 0.001532, 0.001565, 0.001648, 0.001800, 0.001660, 0.001817, 0.001558, 0.001688, 0.001900, 0.001735, 0.001901, 0.001804, 0.001934, 0.001619, 0.001740, 0.001715, 0.001788, 0.001635, 0.000950, 0.001726, 0.001649, 0.001626, 0.001501, 0.001564, 0.001439, 0.001565, 0.001564, 0.001567, 0.001414, 0.001568, 0.001409, 0.001621, 0.001466, 0.001529, 0.001429, 0.001580, 0.001607, 0.001698
7 , 1, 1, 1, 1, 1, 1, 1
7 , 0.006164, 0.008200, 0.010026, 0.008609, 0.011097, 0.010258, 0.010537
8 , 0.001749, 0.001525, 0.001670, 0.001544, 0.001532, 0.001565, 0.001648, 0.001800, 0.001660, 0.001817, 0.001558, 0.001688, 0.001900, 0.001735, 0.001901, 0.001804, 0.001934, 0.001619, 0.001740, 0.001715, 0.001788, 0.001635, 0.000950, 0.001726, 0.001649, 0.001626, 0.001501, 0.001564, 0.001439, 0.001565, 0.001564, 0.001567, 0.001414, 0.001568, 0.001409, 0.001621, 0.001466, 0.001529, 0.001429, 0.001580, 0.001607, 0.001698, 0.001597, 0.001643, 0.001656, 0.000733, 0.001445, 0.001513, 0.001605, 0.001853, 0.001717, 0.001808, 0.001629, 0.001792, 0.001720, 0.001792, 0.001872, 0.001717, 0.001996, 0.001801, 0.001862, 0.001676, 0.001851, 0.001978, 0.001812, 0.001942, 0.001762, 0.001995, 0.001760, 0.001943, 0.000310, 0.001546, 0.001643, 0.001644, 0.001583, 0.001402, 0.001557, 0.001460, 0.001616, 0.001488, 0.001669, 0.001484, 0.001582, 0.001424, 0.001701, 0.001425, 0.001667, 0.001481, 0.001573, 0.001506, 0.001721, 0.001596
8 , 1, 1, 1, 1, 1, 1, 1
8 , 0.005979, 0.008098, 0.010985, 0.008919, 0.007417, 0.007826, 0.007325
9 , 0.001605, 0.001853, 0.001717, 0.001808, 0.001629, 0.001792, 0.001720, 0.001792, 0.001872, 0.001717, 0.001996, 0.001801, 0.001862, 0.001676, 0.001851, 0.001978, 0.001812, 0.001942, 0.001762, 0.001995, 0.001760, 0.001943, 0.000310, 0.001546, 0.001643, 0.001644, 0.001583, 0.001402, 0.001557, 0.001460, 0.001616, 0.001488, 0.001669, 0.001484, 0.001582, 0.001424, 0.001701, 0.001425, 0.001667, 0.001481, 0.001573, 0.001506, 0.001721, 0.001596, 0.001718, 0.001595, 0.001711, 0.001256, 0.000840, 0.001514, 0.001481, 0.001688, 0.001420, 0.001522, 0.001555, 0.001621, 0.001763, 0.001566, 0.001823, 0.001716, 0.001915, 0.001660, 0.001636, 0.002003, 0.001912, 0.001964, 0.001550, 0.001984, 0.001892, 0.001796, 0.001785, 0.001704, 0.000959, 0.001697, 0.001895, 0.001829, 0.001768, 0.001615, 0.001739, 0.001554, 0.001650, 0.001528, 0.001684, 0.001535, 0.001605, 0.001428, 0.001502, 0.001357, 0.001460, 0.001346, 0.001394, 0.001087
9 , 1, 1, 1, 1, 1, 1, 1
9 , 0.004531, 0.006791, 0.007875, 0.009308, 0.007906, 0.008112, 0.008793
10 , 0.001514, 0.001481, 0.001688, 0.001420, 0.001522, 0.001555, 0.001621, 0.001763, 0.001566, 0.001823, 0.001716, 0.001915, 0.001660, 0.001636, 0.002003, 0.001912, 0.001964, 0.001550, 0.001984, 0.001892, 0.001796, 0.001785, 0.001704, 0.000959, 0.001697, 0.001895, 0.001829, 0.001768, 0.001615, 0.001739, 0.001554, 0.001650, 0.001528, 0.001684, 0.001535, 0.001605, 0.001428, 0.001502, 0.001357, 0.001460, 0.001346, 0.001394, 0.001087, 0.001312, 0.001272, 0.001256, 0.001292, 0.000473, 0.001911, 0.001763, 0.001795, 0.002040, 0.001839, 0.002001, 0.001843, 0.001970, 0.002067, 0.001922, 0.001873, 0.001855, 0.001970, 0.001841, 0.001870, 0.001727, 0.001727, 0.001868, 0.001749, 0.001912, 0.001765, 0.001831, 0.001757, 0.001969, 0.001892, 0.001533, 0.000750, 0.001998, 0.001776, 0.001841, 0.001596, 0.001720, 0.001474, 0.001688, 0.001716, 0.001779, 0.001720, 0.001720, 0.001597, 0.001781, 0.001567, 0.001689, 0.001594, 0.001660
10 , 1, 1, 1, 1, 1, 1, 1
10 , 0.003343, 0.004715, 0.006608, 0.008608, 0.011988, 0.010727, 0.010410
11 , 0.001795, 0.002040, 0.001839, 0.002001, 0.001843, 0.001970, 0.002067, 0.001922, 0.001873, 0.001855, 0.001970, 0.001841, 0.001870, 0.001727, 0.001727, 0.001868, 0.001749, 0.001912, 0.001765, 0.001831, 0.001757, 0.001969, 0.001892, 0.001533, 0.000750, 0.001998, 0.001776, 0.001841, 0.001596, 0.001720, 0.001474, 0.001688, 0.001716, 0.001779, 0.001720, 0.001720, 0.001597, 0.001781, 0.001567, 0.001689, 0.001594, 0.001660, 0.001507, 0.001660, 0.001564, 0.001596, 0.001503, 0.001596, 0.001565, 0.001692, 0.001538, 0.001633, 0.001477, 0.001542, 0.001543, 0.001576, 0.001454, 0.001519, 0.001429, 0.001493, 0.001462, 0.001647, 0.001461, 0.001527, 0.001342, 0.001528, 0.001438, 0.001591, 0.001499, 0.001558, 0.001399, 0.001582, 0.001486, 0.001782, 0.001563, 0.001747, 0.001562, 0.001684, 0.001589, 0.001654, 0.001499, 0.001687, 0.001505, 0.001633, 0.001420, 0.001545, 0.001422, 0.001457, 0.001361, 0.001640, 0.001429, 0.001524
11 , 2, 2, 2, 2, 2, 2, 2
11 , 0.003671, 0.005504, 0.005420, 0.006321, 0.006574, 0.006123, 0.003644
12 , 0.001538, 0.001633, 0.001477, 0.001542, 0.001543, 0.001576, 0.001454, 0.001519, 0.001429, 0.001493, 0.001462, 0.001647, 0.001461, 0.001527, 0.001342, 0.001528, 0.001438, 0.001591, 0.001499, 0.001558, 0.001399, 0.001582, 0.001486, 0.001782, 0.001563, 0.001747, 0.001562, 0.001684, 0.001589, 0.001654, 0.001499, 0.001687, 0.001505, 0.001633, 0.001420, 0.001545, 0.001422, 0.001457, 0.001361, 0.001640, 0.001429, 0.001524, 0.001429, 0.001493, 0.001425, 0.001613, 0.001487, 0.001672, 0.001425, 0.001551, 0.001308, 0.001552, 0.001367, 0.001614, 0.001457, 0.001493, 0.001371, 0.001644, 0.001457, 0.001490, 0.001341, 0.001497, 0.001309, 0.001470, 0.001470, 0.001409, 0.001256, 0.001413, 0.001319, 0.001470, 0.001432, 0.001560, 0.001403, 0.001525, 0.001339, 0.001616, 0.001460, 0.001554, 0.001277, 0.001583, 0.001396, 0.001548, 0.001422, 0.001636, 0.001632, 0.001667, 0.001570, 0.001660, 0.001569, 0.001658, 0.001533, 0.001658
12 , 0, 0, 0, 0, 0, 0, 0
12 , 0.001648, 0.002001, 0.002586, 0.002881, 0.003239, 0.003004, 0.002938
13 , 0.001308, 0.001552, 0.001367, 0.001614, 0.001457, 0.001493, 0.001371, 0.001644, 0.001457, 0.001490, 0.001341, 0.001497, 0.001309, 0.001470, 0.001470, 0.001409, 0.001256, 0.001413, 0.001319, 0.001470, 0.001432, 0.001560, 0.001403, 0.001525, 0.001339, 0.001616, 0.001460, 0.001554, 0.001277, 0.001583, 0.001396, 0.001548, 0.001422, 0.001636, 0.001632, 0.001667, 0.001570, 0.001660, 0.001569, 0.001658, 0.001533, 0.001658, 0.001568, 0.001654, 0.001532, 0.001690, 0.001627, 0.001537, 0.001539, 0.001574, 0.001538, 0.001631, 0.001629, 0.001662, 0.001631, 0.001630, 0.001629, 0.001722, 0.001631, 0.001574, 0.001521, 0.001526, 0.001530, 0.001473, 0.001419, 0.001392, 0.001426, 0.001368, 0.001457, 0.001371, 0.001429, 0.001400, 0.001407, 0.001404, 0.001493, 0.001430, 0.001490, 0.001423, 0.001419, 0.001384, 0.001503, 0.001378, 0.001469, 0.001401, 0.001490, 0.001516, 0.001639, 0.001572, 0.001696, 0.001631, 0.001692, 0.001542
13 , 3, 3, 3, 3, 3, 3, 0
13 , 0.004086, 0.004101, 0.003710, 0.003457, 0.003000, 0.002805, 0.003187
14 , 0.001537, 0.001539, 0.001574, 0.001538, 0.001631, 0.001629, 0.001662, 0.001631, 0.001630, 0.001629, 0.001722, 0.001631, 0.001574, 0.001521, 0.001526, 0.001530, 0.001473, 0.001419, 0.001392, 0.001426, 0.001368, 0.001457, 0.001371, 0.001429, 0.001400, 0.001407, 0.001404, 0.001493, 0.001430, 0.001490, 0.001423, 0.001419, 0.001384, 0.001503, 0.001378, 0.001469, 0.001401, 0.001490, 0.001516, 0.001639, 0.001572, 0.001696, 0.001631, 0.001692, 0.001542, 0.001758, 0.001512, 0.001728, 0.001573, 0.001635, 0.001422, 0.001701, 0.001578, 0.001584, 0.001373, 0.001559, 0.001436, 0.001627, 0.001353, 0.001506, 0.001349, 0.001537, 0.001298, 0.001545, 0.001355, 0.001512, 0.001451, 0.001578, 0.001549, 0.001583, 0.001396, 0.001585, 0.001337, 0.001554, 0.001425, 0.001517, 0.001298, 0.001511, 0.001416, 0.001512, 0.001353, 0.001656, 0.001467, 0.001496, 0.001432, 0.001648, 0.001428, 0.001644, 0.001455, 0.001637, 0.001636, 0.001607
14 , 1, 1, 1, 1, 2, 2, 0
14 , 0.002996, 0.002692, 0.001751, 0.001200, 0.000652, 0.000998, 0.000797
15 , 0.001512, 0.001728, 0.001573, 0.001635, 0.001422, 0.001701, 0.001578, 0.001584, 0.001373, 0.001559, 0.001436, 0.001627, 0.001353, 0.001506, 0.001349, 0.001537, 0.001298, 0.001545, 0.001355, 0.001512, 0.001451, 0.001578, 0.001549, 0.001583, 0.001396, 0.001585, 0.001337, 0.001554, 0.001425, 0.001517, 0.001298, 0.001511, 0.001416, 0.001512, 0.001353, 0.001656, 0.001467, 0.001496, 0.001432, 0.001648, 0.001428, 0.001644, 0.001455, 0.001637, 0.001636, 0.001607, 0.001518, 0.001701, 0.001608, 0.001669, 0.001457, 0.001614, 0.001521, 0.001733, 0.001519, 0.001518, 0.001547, 0.001575, 0.001636, 0.001696, 0.001666, 0.001757, 0.001720, 0.001690, 0.001570, 0.001631, 0.001694, 0.001635, 0.001604, 0.001784, 0.001694, 0.001570, 0.001511, 0.001634, 0.001665, 0.001574, 0.001639, 0.001610, 0.001550, 0.001496, 0.001598, 0.001476, 0.001449, 0.001364, 0.001555, 0.001410, 0.001446, 0.001326, 0.001397, 0.001310, 0.001375, 0.001369
15 , 1, 1, 1, 1, 1, 3, 3
15 , 0.002788, 0.002745, 0.003086, 0.003468, 0.003365, 0.003560, 0.004041
16 , 0.001521, 0.001733, 0.001519, 0.001518, 0.001547, 0.001575, 0.001636, 0.001696, 0.001666, 0.001757, 0.001720, 0.001690, 0.001570, 0.001631, 0.001694, 0.001635, 0.001604, 0.001784, 0.001694, 0.001570, 0.001511, 0.001634, 0.001665, 0.001574, 0.001639, 0.001610, 0.001550, 0.001496, 0.001598, 0.001476, 0.001449, 0.001364, 0.001555, 0.001410, 0.001446, 0.001326, 0.001397, 0.001310, 0.001375, 0.001369, 0.001425, 0.001295, 0.001568, 0.001314, 0.001590, 0.001518, 0.001575, 0.001416, 0.001629, 0.001591, 0.001680, 0.001487, 0.001702, 0.001544, 0.001631, 0.001687, 0.001810, 0.001682, 0.001805, 0.001618, 0.001801, 0.001557, 0.001681, 0.001497, 0.001896, 0.001616, 0.001801, 0.001647, 0.001800, 0.001651, 0.001714, 0.001654, 0.001688, 0.001535, 0.001688, 0.001473, 0.001662, 0.001597, 0.001695, 0.001637, 0.001697, 0.001511, 0.001641, 0.001606, 0.001726, 0.001605, 0.001726, 0.001540, 0.001724, 0.001663, 0.001816, 0.001694
16 , 1, 1, 1, 1, 1, 1, 1
16 , 0.003897, 0.004123, 0.004139, 0.004377, 0.004906, 0.004719, 0.004608
