0 , 0.001594, 0.001671, 0.001497, 0.001757, 0.001694, 0.001846, 0.001746, 0.001807, 0.001834, 0.001801, 0.001862, 0.001626, 0.001886, 0.001865, 0.001937, 0.001870, 0.001790, 0.001945, 0.001771, 0.001909, 0.001605, 0.001705, 0.001791, 0.000786, 0.001915, 0.001751, 0.001728, 0.001603, 0.001665, 0.001513, 0.001546, 0.001481, 0.001606, 0.001361, 0.001520, 0.001368, 0.001493, 0.001369, 0.001461, 0.001400, 0.001434, 0.001216, 0.001373, 0.001461, 0.001531, 0.001571, 0.000771, 0.001573, 0.001615, 0.001852, 0.001800, 0.001858, 0.001858, 0.001852, 0.002094, 0.001897, 0.002100, 0.001757, 0.002067, 0.002142, 0.001946, 0.002063, 0.001881, 0.001986, 0.001901, 0.001818, 0.001832, 0.001710, 0.001898, 0.001614, 0.001862, 0.000151, 0.001616, 0.001836, 0.001744, 0.001777, 0.001713, 0.001835, 0.001530, 0.001564, 0.001530, 0.001745, 0.001679, 0.001650, 0.001647, 0.001709, 0.001524, 0.001739, 0.001496, 0.001740, 0.001552, 0.001680
0 , 1, 1, 1, 1, 1, 1, 1
0 , 0.008575, 0.009768, 0.011447, 0.013827, 0.011411, 0.009600, 0.010342
1 , 0.001852, 0.001800, 0.001858, 0.001858, 0.001852, 0.002094, 0.001897, 0.002100, 0.001757, 0.002067, 0.002142, 0.001946, 0.002063, 0.001881, 0.001986, 0.001901, 0.001818, 0.001832, 0.001710, 0.001898, 0.001614, 0.001862, 0.000151, 0.001616, 0.001836, 0.001744, 0.001777, 0.001713, 0.001835, 0.001530, 0.001564, 0.001530, 0.001745, 0.001679, 0.001650, 0.001647, 0.001709, 0.001524, 0.001739, 0.001496, 0.001740, 0.001552, 0.001680, 0.001559, 0.001714, 0.001560, 0.001745, 0.001392, 0.000686, 0.001606, 0.001578, 0.001623, 0.001638, 0.001870, 0.001619, 0.001718, 0.001677, 0.001677, 0.001854, 0.001749, 0.001785, 0.001594, 0.001904, 0.001989, 0.001953, 0.001847, 0.001620, 0.001875, 0.001775, 0.001885, 0.001826, 0.001854, 0.001410, 0.001139, 0.001629, 0.001652, 0.001515, 0.001293, 0.001394, 0.001449, 0.001387, 0.001332, 0.001453, 0.001361, 0.001488, 0.001332, 0.001368, 0.001276, 0.001400, 0.001210, 0.001458, 0.001422
1 , 1, 1, 1, 1, 1, 1, 1
1 , 0.009036, 0.010972, 0.011818, 0.012667, 0.010646, 0.012139, 0.011653
2 , 0.001606, 0.001578, 0.001623, 0.001638, 0.001870, 0.001619, 0.001718, 0.001677, 0.001677, 0.001854, 0.001749, 0.001785, 0.001594, 0.001904, 0.001989, 0.001953, 0.001847, 0.001620, 0.001875, 0.001775, 0.001885, 0.001826, 0.001854, 0.001410, 0.001139, 0.001629, 0.001652, 0.001515, 0.001293, 0.001394, 0.001449, 0.001387, 0.001332, 0.001453, 0.001361, 0.001488, 0.001332, 0.001368, 0.001276, 0.001400, 0.001210, 0.001458, 0.001422, 0.001395, 0.001388, 0.001368, 0.001552, 0.000129, 0.001789, 0.001579, 0.001661, 0.001885, 0.001818, 0.001902, 0.001635, 0.001951, 0.001865, 0.001810, 0.001724, 0.001597, 0.001843, 0.001699, 0.001831, 0.001663, 0.001602, 0.001792, 0.001809, 0.001779, 0.001570, 0.001776, 0.001771, 0.001804, 0.001750, 0.001684, 0.000447, 0.001818, 0.001717, 0.001815, 0.001505, 0.001660, 0.001567, 0.001697, 0.001453, 0.001485, 0.001546, 0.001487, 0.001490, 0.001581, 0.001430, 0.001643, 0.001428, 0.001521
2 , 1, 1, 1, 1, 1, 1, 1
2 , 0.006911, 0.007436, 0.009201, 0.011083, 0.015052, 0.014733, 0.014113
3 , 0.001661, 0.001885, 0.001818, 0.001902, 0.001635, 0.001951, 0.001865, 0.001810, 0.001724, 0.001597, 0.001843, 0.001699, 0.001831, 0.001663, 0.001602, 0.001792, 0.001809, 0.001779, 0.001570, 0.001776, 0.001771, 0.001804, 0.001750, 0.001684, 0.000447, 0.001818, 0.001717, 0.001815, 0.001505, 0.001660, 0.001567, 0.001697, 0.001453, 0.001485, 0.001546, 0.001487, 0.001490, 0.001581, 0.001430, 0.001643, 0.001428, 0.001521, 0.001485, 0.001485, 0.001485, 0.001460, 0.001487, 0.001491, 0.001600, 0.000835, 0.001219, 0.001659, 0.001529, 0.001679, 0.001835, 0.001570, 0.001578, 0.001503, 0.001735, 0.001732, 0.001793, 0.001782, 0.001818, 0.001961, 0.001829, 0.001901, 0.001735, 0.001820, 0.001894, 0.001823, 0.001721, 0.001632, 0.001793, 0.001888, 0.000085, 0.002024, 0.001634, 0.001630, 0.001418, 0.001516, 0.001396, 0.001528, 0.001354, 0.001362, 0.001243, 0.001465, 0.001192, 0.001292, 0.001198, 0.001316, 0.001255, 0.001407
3 , 1, 1, 1, 1, 1, 1, 1
3 , 0.005838, 0.008765, 0.009989, 0.011078, 0.011899, 0.012281, 0.012172
4 , 0.001659, 0.001529, 0.001679, 0.001835, 0.001570, 0.001578, 0.001503, 0.001735, 0.001732, 0.001793, 0.001782, 0.001818, 0.001961, 0.001829, 0.001901, 0.001735, 0.001820, 0.001894, 0.001823, 0.001721, 0.001632, 0.001793, 0.001888, 0.000085, 0.002024, 0.001634, 0.001630, 0.001418, 0.001516, 0.001396, 0.001528, 0.001354, 0.001362, 0.001243, 0.001465, 0.001192, 0.001292, 0.001198, 0.001316, 0.001255, 0.001407, 0.001303, 0.001485, 0.001292, 0.001411, 0.001193, 0.001414, 0.000992, 0.001630, 0.001718, 0.001677, 0.001710, 0.001674, 0.001669, 0.001834, 0.001749, 0.001817, 0.001597, 0.001778, 0.001661, 0.001595, 0.001783, 0.001778, 0.001915, 0.001727, 0.001796, 0.001626, 0.001586, 0.001902, 0.001722, 0.001881, 0.000831, 0.001207, 0.001783, 0.001747, 0.001694, 0.001541, 0.001608, 0.001394, 0.001524, 0.001582, 0.001531, 0.001298, 0.001395, 0.001180, 0.001311, 0.001249, 0.001495, 0.001307, 0.001307, 0.001277, 0.001367
4 , 1, 1, 1, 1, 1, 1, 1
4 , 0.009550, 0.011067, 0.013279, 0.015212, 0.015858, 0.012226, 0.013364
5 , 0.001677, 0.001710, 0.001674, 0.001669, 0.001834, 0.001749, 0.001817, 0.001597, 0.001778, 0.001661, 0.001595, 0.001783, 0.001778, 0.001915, 0.001727, 0.001796, 0.001626, 0.001586, 0.001902, 0.001722, 0.001881, 0.000831, 0.001207, 0.001783, 0.001747, 0.001694, 0.001541, 0.001608, 0.001394, 0.001524, 0.001582, 0.001531, 0.001298, 0.001395, 0.001180, 0.001311, 0.001249, 0.001495, 0.001307, 0.001307, 0.001277, 0.001367, 0.001148, 0.001427, 0.001361, 0.001343, 0.001526, 0.000010, 0.001790, 0.001931, 0.001806, 0.001645, 0.002013, 0.001861, 0.001970, 0.001681, 0.001837, 0.001956, 0.001917, 0.001771, 0.001844, 0.002089, 0.001925, 0.001873, 0.001785, 0.001782, 0.001912, 0.001884, 0.001837, 0.001782, 0.001854, 0.001906, 0.000633, 0.001940, 0.001687, 0.001722, 0.001566, 0.001570, 0.001509, 0.001515, 0.001484, 0.001550, 0.001495, 0.001591, 0.001505, 0.001634, 0.001208, 0.001399, 0.001333, 0.001287, 0.001169, 0.001235
5 , 1, 1, 1, 1, 1, 1, 1
5 , 0.010198, 0.012316, 0.014157, 0.013523, 0.016796, 0.014964, 0.015422
6 , 0.001806, 0.001645, 0.002013, 0.001861, 0.001970, 0.001681, 0.001837, 0.001956, 0.001917, 0.001771, 0.001844, 0.002089, 0.001925, 0.001873, 0.001785, 0.001782, 0.001912, 0.001884, 0.001837, 0.001782, 0.001854, 0.001906, 0.000633, 0.001940, 0.001687, 0.001722, 0.001566, 0.001570, 0.001509, 0.001515, 0.001484, 0.001550, 0.001495, 0.001591, 0.001505, 0.001634, 0.001208, 0.001399, 0.001333, 0.001287, 0.001169, 0.001235, 0.001255, 0.001374, 0.001380, 0.000873, 0.001600, 0.001827, 0.001864, 0.001806, 0.001754, 0.001778, 0.001629, 0.002050, 0.001904, 0.001871, 0.001713, 0.001735, 0.001809, 0.001746, 0.001889, 0.001681, 0.001887, 0.001847, 0.001707, 0.001681, 0.001623, 0.001734, 0.001489, 0.001678, 0.000017, 0.001631, 0.001851, 0.001852, 0.001793, 0.001643, 0.001618, 0.001561, 0.001569, 0.001450, 0.001520, 0.001403, 0.001388, 0.001181, 0.001346, 0.001164, 0.001355, 0.001211, 0.001304, 0.001181, 0.001403, 0.001156
6 , 1, 1, 1, 1, 1, 1, 1
6 , 0.013277, 0.015868, 0.017995, 0.015554, 0.013308, 0.014393, 0.014509
7 , 0.001864, 0.001806, 0.001754, 0.001778, 0.001629, 0.002050, 0.001904, 0.001871, 0.001713, 0.001735, 0.001809, 0.001746, 0.001889, 0.001681, 0.001887, 0.001847, 0.001707, 0.001681, 0.001623, 0.001734, 0.001489, 0.001678, 0.000017, 0.001631, 0.001851, 0.001852, 0.001793, 0.001643, 0.001618, 0.001561, 0.001569, 0.001450, 0.001520, 0.001403, 0.001388, 0.001181, 0.001346, 0.001164, 0.001355, 0.001211, 0.001304, 0.001181, 0.001403, 0.001156, 0.001315, 0.001123, 0.001336, 0.001244, 0.000795, 0.001841, 0.001910, 0.002008, 0.001842, 0.001994, 0.001888, 0.002040, 0.001788, 0.001797, 0.001892, 0.001768, 0.001920, 0.001727, 0.001760, 0.001857, 0.001970, 0.001804, 0.001628, 0.001915, 0.001790, 0.001920, 0.001705, 0.001785, 0.001541, 0.001215, 0.001794, 0.001663, 0.001552, 0.001400, 0.001462, 0.001395, 0.001521, 0.001363, 0.001491, 0.001365, 0.001399, 0.001372, 0.001440, 0.001317, 0.001500, 0.001253, 0.001437, 0.001340
7 , 1, 1, 1, 1, 1, 1, 1
7 , 0.011943, 0.014236, 0.015771, 0.016698, 0.014576, 0.016041, 0.015300
8 , 0.001841, 0.001910, 0.002008, 0.001842, 0.001994, 0.001888, 0.002040, 0.001788, 0.001797, 0.001892, 0.001768, 0.001920, 0.001727, 0.001760, 0.001857, 0.001970, 0.001804, 0.001628, 0.001915, 0.001790, 0.001920, 0.001705, 0.001785, 0.001541, 0.001215, 0.001794, 0.001663, 0.001552, 0.001400, 0.001462, 0.001395, 0.001521, 0.001363, 0.001491, 0.001365, 0.001399, 0.001372, 0.001440, 0.001317, 0.001500, 0.001253, 0.001437, 0.001340, 0.001374, 0.001483, 0.001437, 0.001509, 0.000245, 0.001758, 0.001538, 0.001663, 0.001795, 0.001717, 0.001790, 0.001769, 0.002088, 0.001996, 0.001972, 0.001930, 0.001844, 0.002038, 0.001991, 0.002057, 0.001830, 0.002037, 0.002031, 0.001943, 0.002024, 0.001812, 0.001876, 0.001846, 0.002040, 0.000766, 0.001645, 0.001609, 0.001582, 0.001549, 0.001427, 0.001613, 0.001487, 0.001580, 0.001361, 0.001671, 0.001426, 0.001735, 0.001485, 0.001672, 0.001459, 0.001554, 0.001432, 0.001586, 0.001434
8 , 1, 1, 1, 1, 1, 1, 1
8 , 0.010618, 0.012090, 0.013979, 0.015833, 0.019533, 0.017285, 0.016428
9 , 0.001663, 0.001795, 0.001717, 0.001790, 0.001769, 0.002088, 0.001996, 0.001972, 0.001930, 0.001844, 0.002038, 0.001991, 0.002057, 0.001830, 0.002037, 0.002031, 0.001943, 0.002024, 0.001812, 0.001876, 0.001846, 0.002040, 0.000766, 0.001645, 0.001609, 0.001582, 0.001549, 0.001427, 0.001613, 0.001487, 0.001580, 0.001361, 0.001671, 0.001426, 0.001735, 0.001485, 0.001672, 0.001459, 0.001554, 0.001432, 0.001586, 0.001434, 0.001618, 0.001438, 0.001494, 0.001345, 0.001701, 0.000921, 0.001034, 0.001667, 0.001691, 0.001822, 0.001724, 0.001873, 0.002046, 0.001900, 0.002034, 0.001924, 0.002177, 0.002063, 0.002151, 0.002108, 0.002035, 0.002233, 0.002153, 0.002038, 0.001921, 0.002237, 0.002221, 0.002079, 0.001986, 0.002222, 0.000818, 0.001422, 0.001559, 0.001613, 0.001519, 0.001503, 0.001561, 0.001497, 0.001517, 0.001544, 0.001605, 0.001483, 0.001604, 0.001451, 0.001577, 0.001487, 0.001487, 0.001395, 0.001552, 0.001491
9 , 1, 1, 1, 1, 1, 1, 1
9 , 0.011515, 0.015081, 0.016931, 0.018552, 0.019562, 0.019134, 0.018590
10 , 0.001691, 0.001822, 0.001724, 0.001873, 0.002046, 0.001900, 0.002034, 0.001924, 0.002177, 0.002063, 0.002151, 0.002108, 0.002035, 0.002233, 0.002153, 0.002038, 0.001921, 0.002237, 0.002221, 0.002079, 0.001986, 0.002222, 0.000818, 0.001422, 0.001559, 0.001613, 0.001519, 0.001503, 0.001561, 0.001497, 0.001517, 0.001544, 0.001605, 0.001483, 0.001604, 0.001451, 0.001577, 0.001487, 0.001487, 0.001395, 0.001552, 0.001491, 0.001462, 0.001491, 0.001556, 0.001403, 0.000572, 0.001836, 0.001554, 0.001588, 0.001857, 0.001773, 0.001943, 0.001721, 0.001785, 0.001955, 0.001882, 0.001952, 0.001791, 0.002134, 0.002074, 0.002019, 0.001864, 0.001955, 0.002043, 0.001885, 0.001967, 0.001855, 0.001931, 0.002016, 0.001927, 0.001952, 0.001447, 0.000919, 0.001748, 0.001650, 0.001685, 0.001525, 0.001586, 0.001398, 0.001644, 0.001454, 0.001579, 0.001516, 0.001606, 0.001450, 0.001544, 0.001422, 0.001638, 0.001454, 0.001584, 0.001430
10 , 1, 1, 1, 1, 1, 1, 1
10 , 0.012375, 0.014909, 0.017488, 0.021547, 0.020259, 0.019691, 0.018306
11 , 0.001588, 0.001857, 0.001773, 0.001943, 0.001721, 0.001785, 0.001955, 0.001882, 0.001952, 0.001791, 0.002134, 0.002074, 0.002019, 0.001864, 0.001955, 0.002043, 0.001885, 0.001967, 0.001855, 0.001931, 0.002016, 0.001927, 0.001952, 0.001447, 0.000919, 0.001748, 0.001650, 0.001685, 0.001525, 0.001586, 0.001398, 0.001644, 0.001454, 0.001579, 0.001516, 0.001606, 0.001450, 0.001544, 0.001422, 0.001638, 0.001454, 0.001584, 0.001430, 0.001466, 0.001377, 0.001441, 0.001379, 0.001529, 0.001342, 0.001404, 0.001313, 0.001470, 0.001167, 0.001389, 0.001323, 0.001383, 0.001255, 0.001410, 0.001378, 0.001497, 0.001340, 0.001523, 0.001366, 0.001521, 0.001401, 0.001496, 0.001369, 0.001616, 0.001306, 0.001464, 0.001373, 0.001403, 0.001337, 0.001553, 0.001338, 0.001587, 0.001400, 0.001466, 0.001401, 0.001495, 0.001343, 0.001622, 0.001343, 0.001471, 0.001290, 0.001600, 0.001324, 0.001567, 0.001287, 0.001442, 0.001195, 0.001474
11 , 2, 2, 2, 2, 2, 2, 2
11 , 0.006001, 0.008121, 0.008584, 0.009613, 0.010504, 0.010433, 0.008779
12 , 0.001313, 0.001470, 0.001167, 0.001389, 0.001323, 0.001383, 0.001255, 0.001410, 0.001378, 0.001497, 0.001340, 0.001523, 0.001366, 0.001521, 0.001401, 0.001496, 0.001369, 0.001616, 0.001306, 0.001464, 0.001373, 0.001403, 0.001337, 0.001553, 0.001338, 0.001587, 0.001400, 0.001466, 0.001401, 0.001495, 0.001343, 0.001622, 0.001343, 0.001471, 0.001290, 0.001600, 0.001324, 0.001567, 0.001287, 0.001442, 0.001195, 0.001474, 0.001380, 0.001567, 0.001387, 0.001489, 0.001274, 0.001379, 0.001140, 0.001397, 0.001123, 0.001237, 0.000892, 0.001039, 0.000925, 0.001001, 0.000805, 0.000949, 0.000804, 0.001100, 0.000756, 0.000862, 0.000794, 0.000896, 0.000710, 0.000935, 0.000718, 0.001024, 0.000796, 0.000826, 0.000745, 0.000985, 0.000871, 0.000883, 0.000909, 0.001098, 0.001167, 0.001333, 0.001194, 0.001394, 0.001411, 0.001500, 0.001520, 0.001549, 0.001513, 0.001691, 0.001502, 0.001653, 0.001557, 0.001620, 0.001563, 0.001562
12 , 0, 0, 0, 0, 0, 0, 0
12 , 0.006383, 0.007787, 0.009274, 0.010492, 0.011571, 0.012035, 0.013117
13 , 0.000892, 0.001039, 0.000925, 0.001001, 0.000805, 0.000949, 0.000804, 0.001100, 0.000756, 0.000862, 0.000794, 0.000896, 0.000710, 0.000935, 0.000718, 0.001024, 0.000796, 0.000826, 0.000745, 0.000985, 0.000871, 0.000883, 0.000909, 0.001098, 0.001167, 0.001333, 0.001194, 0.001394, 0.001411, 0.001500, 0.001520, 0.001549, 0.001513, 0.001691, 0.001502, 0.001653, 0.001557, 0.001620, 0.001563, 0.001562, 0.001652, 0.001562, 0.001563, 0.001561, 0.001623, 0.001745, 0.001559, 0.001529, 0.001650, 0.001682, 0.001651, 0.001531, 0.001412, 0.001597, 0.001477, 0.001508, 0.001541, 0.001482, 0.001487, 0.001392, 0.001455, 0.001458, 0.001521, 0.001466, 0.001316, 0.001254, 0.001412, 0.001324, 0.001416, 0.001349, 0.001411, 0.001350, 0.001500, 0.001344, 0.001500, 0.001375, 0.001472, 0.001283, 0.001466, 0.001405, 0.001499, 0.001344, 0.001468, 0.001401, 0.001493, 0.001398, 0.001553, 0.001458, 0.001462, 0.001308, 0.001587, 0.001523
13 , 3, 3, 3, 3, 3, 3, 3
13 , 0.012646, 0.013597, 0.014089, 0.014860, 0.015072, 0.015538, 0.015343
14 , 0.001531, 0.001412, 0.001597, 0.001477, 0.001508, 0.001541, 0.001482, 0.001487, 0.001392, 0.001455, 0.001458, 0.001521, 0.001466, 0.001316, 0.001254, 0.001412, 0.001324, 0.001416, 0.001349, 0.001411, 0.001350, 0.001500, 0.001344, 0.001500, 0.001375, 0.001472, 0.001283, 0.001466, 0.001405, 0.001499, 0.001344, 0.001468, 0.001401, 0.001493, 0.001398, 0.001553, 0.001458, 0.001462, 0.001308, 0.001587, 0.001523, 0.001561, 0.001377, 0.001472, 0.001378, 0.001533, 0.001352, 0.001507, 0.001378, 0.001475, 0.001289, 0.001507, 0.001263, 0.001448, 0.001324, 0.001505, 0.001322, 0.001354, 0.001288, 0.001506, 0.001380, 0.001538, 0.001261, 0.001418, 0.001233, 0.001455, 0.001300, 0.001393, 0.001297, 0.001361, 0.001176, 0.001335, 0.001359, 0.001388, 0.001231, 0.001385, 0.001231, 0.001353, 0.001287, 0.001317, 0.001345, 0.001406, 0.001464, 0.001647, 0.001397, 0.001517, 0.001575, 0.001575, 0.001544, 0.001518, 0.001490, 0.001582
14 , 2, 2, 0, 0, 0, 0, 0
14 , 0.000710, 0.000805, 0.000739, 0.001325, 0.001854, 0.001735, 0.002154
15 , 0.001263, 0.001448, 0.001324, 0.001505, 0.001322, 0.001354, 0.001288, 0.001506, 0.001380, 0.001538, 0.001261, 0.001418, 0.001233, 0.001455, 0.001300, 0.001393, 0.001297, 0.001361, 0.001176, 0.001335, 0.001359, 0.001388, 0.001231, 0.001385, 0.001231, 0.001353, 0.001287, 0.001317, 0.001345, 0.001406, 0.001464, 0.001647, 0.001397, 0.001517, 0.001575, 0.001575, 0.001544, 0.001518, 0.001490, 0.001582, 0.001340, 0.001430, 0.001398, 0.001398, 0.001430, 0.001487, 0.001488, 0.001459, 0.001372, 0.001346, 0.001442, 0.001411, 0.001356, 0.001330, 0.001306, 0.001364, 0.001458, 0.001334, 0.001367, 0.001334, 0.001424, 0.001303, 0.001520, 0.001300, 0.001455, 0.001420, 0.001484, 0.001325, 0.001353, 0.001346, 0.001377, 0.001373, 0.001465, 0.001404, 0.001503, 0.001377, 0.001468, 0.001312, 0.001528, 0.001343, 0.001528, 0.001405, 0.001410, 0.001316, 0.001561, 0.001405, 0.001587, 0.001348, 0.001415, 0.001354, 0.001536, 0.001351
15 , 0, 0, 0, 0, 0, 0, 0
15 , 0.001732, 0.002045, 0.002433, 0.002737, 0.003282, 0.003073, 0.003307
16 , 0.001356, 0.001330, 0.001306, 0.001364, 0.001458, 0.001334, 0.001367, 0.001334, 0.001424, 0.001303, 0.001520, 0.001300, 0.001455, 0.001420, 0.001484, 0.001325, 0.001353, 0.001346, 0.001377, 0.001373, 0.001465, 0.001404, 0.001503, 0.001377, 0.001468, 0.001312, 0.001528, 0.001343, 0.001528, 0.001405, 0.001410, 0.001316, 0.001561, 0.001405, 0.001587, 0.001348, 0.001415, 0.001354, 0.001536, 0.001351, 0.001572, 0.001299, 0.001487, 0.001180, 0.001369, 0.001333, 0.001520, 0.001240, 0.001523, 0.001249, 0.001468, 0.001279, 0.001493, 0.001367, 0.001547, 0.001241, 0.001452, 0.001354, 0.001505, 0.001253, 0.001471, 0.001436, 0.001587, 0.001551, 0.001426, 0.001453, 0.001602, 0.001598, 0.001537, 0.001478, 0.001570, 0.001568, 0.001693, 0.001540, 0.001541, 0.001539, 0.001634, 0.001575, 0.001483, 0.001485, 0.001551, 0.001426, 0.001491, 0.001551, 0.001552, 0.001524, 0.001403, 0.001492, 0.001370, 0.001347, 0.001347, 0.001438
16 , 0, 0, 0, 0, 0, 0, 0
16 , 0.002857, 0.002468, 0.002036, 0.001977, 0.001078, 0.000930, 0.000121
