0 , 0.001543, 0.001752, 0.001701, 0.001841, 0.001707, 0.001887, 0.001839, 0.001785, 0.001967, 0.001763, 0.002034, 0.001818, 0.001921, 0.001736, 0.001891, 0.001979, 0.001763, 0.001896, 0.001576, 0.001681, 0.001745, 0.001664, 0.001639, 0.000306, 0.001720, 0.001912, 0.001758, 0.001820, 0.001696, 0.001787, 0.001513, 0.001822, 0.001671, 0.001888, 0.001580, 0.001796, 0.001609, 0.001647, 0.001618, 0.001748, 0.001443, 0.001605, 0.001514, 0.001585, 0.001286, 0.001532, 0.001077, 0.000934, 0.001730, 0.001772, 0.001814, 0.001797, 0.001999, 0.001881, 0.001975, 0.001820, 0.002079, 0.002066, 0.002106, 0.002036, 0.001972, 0.002062, 0.001846, 0.002014, 0.001849, 0.001838, 0.001902, 0.001892, 0.002007, 0.001761, 0.002200, 0.001145, 0.001508, 0.001781, 0.001615, 0.001563, 0.001592, 0.001501, 0.001531, 0.001557, 0.001677, 0.001645, 0.001580, 0.001517, 0.001579, 0.001512, 0.001543, 0.001631, 0.001627, 0.001570, 0.001725, 0.001633
0 , 1, 1, 1, 1, 1, 1, 1
0 , 0.006635, 0.008224, 0.009764, 0.012239, 0.012764, 0.009636, 0.009849
1 , 0.001814, 0.001797, 0.001999, 0.001881, 0.001975, 0.001820, 0.002079, 0.002066, 0.002106, 0.002036, 0.001972, 0.002062, 0.001846, 0.002014, 0.001849, 0.001838, 0.001902, 0.001892, 0.002007, 0.001761, 0.002200, 0.001145, 0.001508, 0.001781, 0.001615, 0.001563, 0.001592, 0.001501, 0.001531, 0.001557, 0.001677, 0.001645, 0.001580, 0.001517, 0.001579, 0.001512, 0.001543, 0.001631, 0.001627, 0.001570, 0.001725, 0.001633, 0.001632, 0.001544, 0.001542, 0.001524, 0.001753, 0.000019, 0.001703, 0.001477, 0.001677, 0.001720, 0.001795, 0.001619, 0.001758, 0.001961, 0.001881, 0.002052, 0.001722, 0.001965, 0.002056, 0.001837, 0.001820, 0.001763, 0.002025, 0.001905, 0.001918, 0.001881, 0.002053, 0.002063, 0.001790, 0.001640, 0.000856, 0.001571, 0.001799, 0.001612, 0.001667, 0.001546, 0.001606, 0.001448, 0.001575, 0.001330, 0.001607, 0.001448, 0.001632, 0.001384, 0.001629, 0.001502, 0.001687, 0.001409, 0.001593, 0.001586
1 , 1, 1, 1, 1, 1, 1, 1
1 , 0.009149, 0.011351, 0.013506, 0.012512, 0.015249, 0.013913, 0.013421
2 , 0.001677, 0.001720, 0.001795, 0.001619, 0.001758, 0.001961, 0.001881, 0.002052, 0.001722, 0.001965, 0.002056, 0.001837, 0.001820, 0.001763, 0.002025, 0.001905, 0.001918, 0.001881, 0.002053, 0.002063, 0.001790, 0.001640, 0.000856, 0.001571, 0.001799, 0.001612, 0.001667, 0.001546, 0.001606, 0.001448, 0.001575, 0.001330, 0.001607, 0.001448, 0.001632, 0.001384, 0.001629, 0.001502, 0.001687, 0.001409, 0.001593, 0.001586, 0.001706, 0.001408, 0.001912, 0.000637, 0.001232, 0.001648, 0.001766, 0.001681, 0.001487, 0.001791, 0.001672, 0.001827, 0.001623, 0.001757, 0.001891, 0.001785, 0.001797, 0.001714, 0.001861, 0.001833, 0.001864, 0.001712, 0.001642, 0.001997, 0.001806, 0.001842, 0.001757, 0.001946, 0.001796, 0.002078, 0.000116, 0.001873, 0.001780, 0.001838, 0.001689, 0.001661, 0.001600, 0.001507, 0.001541, 0.001446, 0.001630, 0.001631, 0.001635, 0.001576, 0.001639, 0.001577, 0.001633, 0.001577, 0.001675, 0.001587
2 , 1, 1, 1, 1, 1, 1, 1
2 , 0.006340, 0.008561, 0.011382, 0.012725, 0.011975, 0.008541, 0.009199
3 , 0.001681, 0.001487, 0.001791, 0.001672, 0.001827, 0.001623, 0.001757, 0.001891, 0.001785, 0.001797, 0.001714, 0.001861, 0.001833, 0.001864, 0.001712, 0.001642, 0.001997, 0.001806, 0.001842, 0.001757, 0.001946, 0.001796, 0.002078, 0.000116, 0.001873, 0.001780, 0.001838, 0.001689, 0.001661, 0.001600, 0.001507, 0.001541, 0.001446, 0.001630, 0.001631, 0.001635, 0.001576, 0.001639, 0.001577, 0.001633, 0.001577, 0.001675, 0.001587, 0.001647, 0.001556, 0.001527, 0.001461, 0.001489, 0.001330, 0.000977, 0.001766, 0.001787, 0.001734, 0.001774, 0.001698, 0.001956, 0.001816, 0.001995, 0.001918, 0.001819, 0.002014, 0.001937, 0.001907, 0.001812, 0.001935, 0.001921, 0.001933, 0.001873, 0.001760, 0.001963, 0.001739, 0.001768, 0.001787, 0.001025, 0.001223, 0.001862, 0.001848, 0.001849, 0.001693, 0.001847, 0.001662, 0.001820, 0.001633, 0.001761, 0.001546, 0.001794, 0.001636, 0.001824, 0.001611, 0.001735, 0.001490, 0.001737
3 , 1, 1, 1, 1, 1, 1, 1
3 , 0.004078, 0.005035, 0.006661, 0.007305, 0.008783, 0.006726, 0.007251
4 , 0.001766, 0.001787, 0.001734, 0.001774, 0.001698, 0.001956, 0.001816, 0.001995, 0.001918, 0.001819, 0.002014, 0.001937, 0.001907, 0.001812, 0.001935, 0.001921, 0.001933, 0.001873, 0.001760, 0.001963, 0.001739, 0.001768, 0.001787, 0.001025, 0.001223, 0.001862, 0.001848, 0.001849, 0.001693, 0.001847, 0.001662, 0.001820, 0.001633, 0.001761, 0.001546, 0.001794, 0.001636, 0.001824, 0.001611, 0.001735, 0.001490, 0.001737, 0.001557, 0.001716, 0.001528, 0.001605, 0.001612, 0.000222, 0.001448, 0.001608, 0.001529, 0.001636, 0.001572, 0.001651, 0.001766, 0.001672, 0.001900, 0.001703, 0.001872, 0.001709, 0.001854, 0.001878, 0.001723, 0.001754, 0.001599, 0.001871, 0.001702, 0.001860, 0.001730, 0.001674, 0.001939, 0.001804, 0.001019, 0.001937, 0.001679, 0.001715, 0.001562, 0.001468, 0.001595, 0.001506, 0.001600, 0.001507, 0.001573, 0.001489, 0.001581, 0.001423, 0.001428, 0.001458, 0.001516, 0.001448, 0.001627, 0.001499
4 , 1, 1, 1, 1, 1, 1, 1
4 , 0.003097, 0.004491, 0.005152, 0.006867, 0.010161, 0.007889, 0.007553
5 , 0.001529, 0.001636, 0.001572, 0.001651, 0.001766, 0.001672, 0.001900, 0.001703, 0.001872, 0.001709, 0.001854, 0.001878, 0.001723, 0.001754, 0.001599, 0.001871, 0.001702, 0.001860, 0.001730, 0.001674, 0.001939, 0.001804, 0.001019, 0.001937, 0.001679, 0.001715, 0.001562, 0.001468, 0.001595, 0.001506, 0.001600, 0.001507, 0.001573, 0.001489, 0.001581, 0.001423, 0.001428, 0.001458, 0.001516, 0.001448, 0.001627, 0.001499, 0.001678, 0.001677, 0.001705, 0.001558, 0.001787, 0.000966, 0.001194, 0.001339, 0.001720, 0.001551, 0.001698, 0.001450, 0.001640, 0.001579, 0.001668, 0.001535, 0.001491, 0.001914, 0.001715, 0.001709, 0.001590, 0.001797, 0.001993, 0.001827, 0.001964, 0.001745, 0.001942, 0.002030, 0.001989, 0.001980, 0.000232, 0.001426, 0.001720, 0.001595, 0.001535, 0.001345, 0.001531, 0.001369, 0.001522, 0.001359, 0.001546, 0.001381, 0.001414, 0.001285, 0.001621, 0.001459, 0.001581, 0.001422, 0.001758, 0.001447
5 , 1, 1, 1, 1, 1, 1, 1
5 , 0.004130, 0.006308, 0.007924, 0.008880, 0.009780, 0.008616, 0.008909
6 , 0.001720, 0.001551, 0.001698, 0.001450, 0.001640, 0.001579, 0.001668, 0.001535, 0.001491, 0.001914, 0.001715, 0.001709, 0.001590, 0.001797, 0.001993, 0.001827, 0.001964, 0.001745, 0.001942, 0.002030, 0.001989, 0.001980, 0.000232, 0.001426, 0.001720, 0.001595, 0.001535, 0.001345, 0.001531, 0.001369, 0.001522, 0.001359, 0.001546, 0.001381, 0.001414, 0.001285, 0.001621, 0.001459, 0.001581, 0.001422, 0.001758, 0.001447, 0.001637, 0.001479, 0.001666, 0.001318, 0.000784, 0.001643, 0.001776, 0.001563, 0.001751, 0.001806, 0.001657, 0.001690, 0.001566, 0.001832, 0.001699, 0.001716, 0.001501, 0.001711, 0.001805, 0.001760, 0.001860, 0.001663, 0.001815, 0.001927, 0.001772, 0.001782, 0.001633, 0.001982, 0.001081, 0.001549, 0.002042, 0.001750, 0.001570, 0.001666, 0.001397, 0.001490, 0.001485, 0.001452, 0.001453, 0.001607, 0.001514, 0.001635, 0.001452, 0.001483, 0.001424, 0.001606, 0.001421, 0.001457, 0.001425, 0.001513
6 , 1, 1, 1, 1, 1, 1, 1
6 , 0.005730, 0.007299, 0.009986, 0.011689, 0.008733, 0.008994, 0.009745
7 , 0.001563, 0.001751, 0.001806, 0.001657, 0.001690, 0.001566, 0.001832, 0.001699, 0.001716, 0.001501, 0.001711, 0.001805, 0.001760, 0.001860, 0.001663, 0.001815, 0.001927, 0.001772, 0.001782, 0.001633, 0.001982, 0.001081, 0.001549, 0.002042, 0.001750, 0.001570, 0.001666, 0.001397, 0.001490, 0.001485, 0.001452, 0.001453, 0.001607, 0.001514, 0.001635, 0.001452, 0.001483, 0.001424, 0.001606, 0.001421, 0.001457, 0.001425, 0.001513, 0.001512, 0.001572, 0.001365, 0.001712, 0.000109, 0.001745, 0.001527, 0.001748, 0.001657, 0.001863, 0.001732, 0.001975, 0.001678, 0.001711, 0.001970, 0.001812, 0.002055, 0.001797, 0.001994, 0.001836, 0.001694, 0.001833, 0.001757, 0.001757, 0.001628, 0.001828, 0.001745, 0.001806, 0.001539, 0.000824, 0.001704, 0.001883, 0.001701, 0.001670, 0.001607, 0.001698, 0.001484, 0.001851, 0.001696, 0.001818, 0.001669, 0.001793, 0.001586, 0.001686, 0.001593, 0.001661, 0.001506, 0.001724, 0.001481
7 , 1, 1, 1, 1, 1, 1, 1
7 , 0.004159, 0.005646, 0.007003, 0.006096, 0.008889, 0.008044, 0.008373
8 , 0.001748, 0.001657, 0.001863, 0.001732, 0.001975, 0.001678, 0.001711, 0.001970, 0.001812, 0.002055, 0.001797, 0.001994, 0.001836, 0.001694, 0.001833, 0.001757, 0.001757, 0.001628, 0.001828, 0.001745, 0.001806, 0.001539, 0.000824, 0.001704, 0.001883, 0.001701, 0.001670, 0.001607, 0.001698, 0.001484, 0.001851, 0.001696, 0.001818, 0.001669, 0.001793, 0.001586, 0.001686, 0.001593, 0.001661, 0.001506, 0.001724, 0.001481, 0.001604, 0.001336, 0.001720, 0.000713, 0.001314, 0.001745, 0.001800, 0.001776, 0.001749, 0.002011, 0.001948, 0.002167, 0.001817, 0.002005, 0.002005, 0.002036, 0.001975, 0.001918, 0.002086, 0.001982, 0.002055, 0.001867, 0.001931, 0.001920, 0.001852, 0.002135, 0.001854, 0.002262, 0.000546, 0.001723, 0.001577, 0.001637, 0.001393, 0.001538, 0.001503, 0.001651, 0.001374, 0.001437, 0.001423, 0.001516, 0.001430, 0.001520, 0.001486, 0.001551, 0.001430, 0.001585, 0.001428, 0.001584, 0.001554, 0.001525
8 , 1, 1, 1, 1, 1, 1, 1
8 , 0.009701, 0.011768, 0.015177, 0.013667, 0.012061, 0.011839, 0.012033
9 , 0.001800, 0.001776, 0.001749, 0.002011, 0.001948, 0.002167, 0.001817, 0.002005, 0.002005, 0.002036, 0.001975, 0.001918, 0.002086, 0.001982, 0.002055, 0.001867, 0.001931, 0.001920, 0.001852, 0.002135, 0.001854, 0.002262, 0.000546, 0.001723, 0.001577, 0.001637, 0.001393, 0.001538, 0.001503, 0.001651, 0.001374, 0.001437, 0.001423, 0.001516, 0.001430, 0.001520, 0.001486, 0.001551, 0.001430, 0.001585, 0.001428, 0.001584, 0.001554, 0.001525, 0.001461, 0.001527, 0.001431, 0.001474, 0.000767, 0.001895, 0.001640, 0.001956, 0.001793, 0.001959, 0.001753, 0.001854, 0.002015, 0.001851, 0.001884, 0.001677, 0.001975, 0.001881, 0.001908, 0.001863, 0.001687, 0.001927, 0.001909, 0.002085, 0.001636, 0.001782, 0.001909, 0.001876, 0.001105, 0.001456, 0.001578, 0.001692, 0.001726, 0.001692, 0.001568, 0.001565, 0.001626, 0.001597, 0.001507, 0.001599, 0.001444, 0.001633, 0.001454, 0.001549, 0.001512, 0.001730, 0.001427, 0.001547
9 , 1, 1, 1, 1, 1, 1, 1
9 , 0.010677, 0.012853, 0.014330, 0.016516, 0.015095, 0.015716, 0.014784
10 , 0.001895, 0.001640, 0.001956, 0.001793, 0.001959, 0.001753, 0.001854, 0.002015, 0.001851, 0.001884, 0.001677, 0.001975, 0.001881, 0.001908, 0.001863, 0.001687, 0.001927, 0.001909, 0.002085, 0.001636, 0.001782, 0.001909, 0.001876, 0.001105, 0.001456, 0.001578, 0.001692, 0.001726, 0.001692, 0.001568, 0.001565, 0.001626, 0.001597, 0.001507, 0.001599, 0.001444, 0.001633, 0.001454, 0.001549, 0.001512, 0.001730, 0.001427, 0.001547, 0.001518, 0.001725, 0.001459, 0.001661, 0.000035, 0.001548, 0.001651, 0.001718, 0.001643, 0.001708, 0.001967, 0.001904, 0.002004, 0.001758, 0.001859, 0.001987, 0.001870, 0.001927, 0.001726, 0.001988, 0.001878, 0.001870, 0.001782, 0.001904, 0.002009, 0.001726, 0.001869, 0.001669, 0.001869, 0.001857, 0.001727, 0.000962, 0.001853, 0.001720, 0.001664, 0.001692, 0.001573, 0.001638, 0.001573, 0.001791, 0.001488, 0.001557, 0.001495, 0.001529, 0.001376, 0.001533, 0.001321, 0.001324, 0.001446
10 , 1, 1, 1, 1, 1, 1, 1
10 , 0.006878, 0.007400, 0.008986, 0.010605, 0.014560, 0.014393, 0.013930
11 , 0.001718, 0.001643, 0.001708, 0.001967, 0.001904, 0.002004, 0.001758, 0.001859, 0.001987, 0.001870, 0.001927, 0.001726, 0.001988, 0.001878, 0.001870, 0.001782, 0.001904, 0.002009, 0.001726, 0.001869, 0.001669, 0.001869, 0.001857, 0.001727, 0.000962, 0.001853, 0.001720, 0.001664, 0.001692, 0.001573, 0.001638, 0.001573, 0.001791, 0.001488, 0.001557, 0.001495, 0.001529, 0.001376, 0.001533, 0.001321, 0.001324, 0.001446, 0.001570, 0.001356, 0.001570, 0.001537, 0.001636, 0.001387, 0.001541, 0.001476, 0.001600, 0.001347, 0.001530, 0.001407, 0.001647, 0.001488, 0.001515, 0.001480, 0.001662, 0.001568, 0.001601, 0.001470, 0.001747, 0.001560, 0.001744, 0.001680, 0.001591, 0.001524, 0.001769, 0.001456, 0.001644, 0.001519, 0.001706, 0.001460, 0.001647, 0.001523, 0.001770, 0.001495, 0.001618, 0.001555, 0.001713, 0.001559, 0.001680, 0.001528, 0.001596, 0.001386, 0.001570, 0.001473, 0.001666, 0.001450, 0.001609, 0.001452
11 , 2, 2, 2, 2, 2, 1, 2
11 , 0.004685, 0.006302, 0.006788, 0.007041, 0.007633, 0.007625, 0.006344
12 , 0.001600, 0.001347, 0.001530, 0.001407, 0.001647, 0.001488, 0.001515, 0.001480, 0.001662, 0.001568, 0.001601, 0.001470, 0.001747, 0.001560, 0.001744, 0.001680, 0.001591, 0.001524, 0.001769, 0.001456, 0.001644, 0.001519, 0.001706, 0.001460, 0.001647, 0.001523, 0.001770, 0.001495, 0.001618, 0.001555, 0.001713, 0.001559, 0.001680, 0.001528, 0.001596, 0.001386, 0.001570, 0.001473, 0.001666, 0.001450, 0.001609, 0.001452, 0.001635, 0.001448, 0.001570, 0.001562, 0.001720, 0.001535, 0.001745, 0.001588, 0.001740, 0.001709, 0.001769, 0.001576, 0.001824, 0.001610, 0.001705, 0.001550, 0.001738, 0.001431, 0.001648, 0.001496, 0.001740, 0.001553, 0.001642, 0.001607, 0.001759, 0.001665, 0.001725, 0.001692, 0.001843, 0.001563, 0.001809, 0.001652, 0.001866, 0.001714, 0.001808, 0.001717, 0.001782, 0.001691, 0.001815, 0.001601, 0.001820, 0.001703, 0.001765, 0.001642, 0.001822, 0.001698, 0.001703, 0.001609, 0.001764, 0.001644
12 , 2, 2, 2, 2, 2, 2, 2
12 , 0.001896, 0.001580, 0.001706, 0.001228, 0.001620, 0.001289, 0.001404
13 , 0.001720, 0.001535, 0.001745, 0.001588, 0.001740, 0.001709, 0.001769, 0.001576, 0.001824, 0.001610, 0.001705, 0.001550, 0.001738, 0.001431, 0.001648, 0.001496, 0.001740, 0.001553, 0.001642, 0.001607, 0.001759, 0.001665, 0.001725, 0.001692, 0.001843, 0.001563, 0.001809, 0.001652, 0.001866, 0.001714, 0.001808, 0.001717, 0.001782, 0.001691, 0.001815, 0.001601, 0.001820, 0.001703, 0.001765, 0.001642, 0.001822, 0.001698, 0.001703, 0.001609, 0.001764, 0.001644, 0.001707, 0.001714, 0.001656, 0.001565, 0.001660, 0.001603, 0.001608, 0.001606, 0.001580, 0.001520, 0.001517, 0.001489, 0.001524, 0.001494, 0.001493, 0.001496, 0.001498, 0.001465, 0.001462, 0.001461, 0.001674, 0.001581, 0.001520, 0.001643, 0.001519, 0.001578, 0.001456, 0.001579, 0.001601, 0.001600, 0.001534, 0.001655, 0.001592, 0.001743, 0.001589, 0.001715, 0.001650, 0.001743, 0.001560, 0.001711, 0.001617, 0.001682, 0.001617, 0.001708, 0.001612, 0.001797
13 , 0, 0, 0, 0, 0, 0, 0
13 , 0.003295, 0.003725, 0.003390, 0.003796, 0.003888, 0.004233, 0.003997
14 , 0.001603, 0.001608, 0.001606, 0.001580, 0.001520, 0.001517, 0.001489, 0.001524, 0.001494, 0.001493, 0.001496, 0.001498, 0.001465, 0.001462, 0.001461, 0.001674, 0.001581, 0.001520, 0.001643, 0.001519, 0.001578, 0.001456, 0.001579, 0.001601, 0.001600, 0.001534, 0.001655, 0.001592, 0.001743, 0.001589, 0.001715, 0.001650, 0.001743, 0.001560, 0.001711, 0.001617, 0.001682, 0.001617, 0.001708, 0.001612, 0.001797, 0.001549, 0.001794, 0.001731, 0.001826, 0.001614, 0.001740, 0.001708, 0.001893, 0.001651, 0.001683, 0.001558, 0.001655, 0.001470, 0.001631, 0.001540, 0.001693, 0.001598, 0.001748, 0.001621, 0.001681, 0.001491, 0.001734, 0.001638, 0.001819, 0.001630, 0.001876, 0.001600, 0.001844, 0.001688, 0.001846, 0.001691, 0.001721, 0.001659, 0.001784, 0.001601, 0.001758, 0.001573, 0.001699, 0.001610, 0.001827, 0.001549, 0.001738, 0.001619, 0.001683, 0.001623, 0.001685, 0.001564, 0.001632, 0.001483, 0.001666, 0.001519
14 , 0, 3, 3, 3, 3, 3, 3
14 , 0.002108, 0.002559, 0.002678, 0.003602, 0.003842, 0.004192, 0.004384
15 , 0.001655, 0.001470, 0.001631, 0.001540, 0.001693, 0.001598, 0.001748, 0.001621, 0.001681, 0.001491, 0.001734, 0.001638, 0.001819, 0.001630, 0.001876, 0.001600, 0.001844, 0.001688, 0.001846, 0.001691, 0.001721, 0.001659, 0.001784, 0.001601, 0.001758, 0.001573, 0.001699, 0.001610, 0.001827, 0.001549, 0.001738, 0.001619, 0.001683, 0.001623, 0.001685, 0.001564, 0.001632, 0.001483, 0.001666, 0.001519, 0.001586, 0.001498, 0.001531, 0.001590, 0.001568, 0.001538, 0.001594, 0.001585, 0.001554, 0.001615, 0.001642, 0.001544, 0.001636, 0.001574, 0.001543, 0.001598, 0.001566, 0.001687, 0.001566, 0.001509, 0.001603, 0.001542, 0.001570, 0.001572, 0.001597, 0.001693, 0.001541, 0.001631, 0.001665, 0.001697, 0.001604, 0.001814, 0.001540, 0.001667, 0.001481, 0.001659, 0.001537, 0.001693, 0.001481, 0.001723, 0.001563, 0.001662, 0.001568, 0.001662, 0.001564, 0.001659, 0.001475, 0.001688, 0.001562, 0.001809, 0.001618, 0.001715
15 , 2, 2, 2, 2, 2, 2, 2
15 , 0.001488, 0.001699, 0.001681, 0.001948, 0.001849, 0.002337, 0.002481
16 , 0.001636, 0.001574, 0.001543, 0.001598, 0.001566, 0.001687, 0.001566, 0.001509, 0.001603, 0.001542, 0.001570, 0.001572, 0.001597, 0.001693, 0.001541, 0.001631, 0.001665, 0.001697, 0.001604, 0.001814, 0.001540, 0.001667, 0.001481, 0.001659, 0.001537, 0.001693, 0.001481, 0.001723, 0.001563, 0.001662, 0.001568, 0.001662, 0.001564, 0.001659, 0.001475, 0.001688, 0.001562, 0.001809, 0.001618, 0.001715, 0.001618, 0.001837, 0.001594, 0.001722, 0.001594, 0.001902, 0.001590, 0.001688, 0.001595, 0.001866, 0.001711, 0.001774, 0.001557, 0.001712, 0.001499, 0.001716, 0.001503, 0.001635, 0.001453, 0.001519, 0.001608, 0.001642, 0.001516, 0.001701, 0.001547, 0.001638, 0.001543, 0.001788, 0.001628, 0.001722, 0.001536, 0.001682, 0.001559, 0.001529, 0.001555, 0.001676, 0.001495, 0.001620, 0.001556, 0.001679, 0.001587, 0.001648, 0.001676, 0.001769, 0.001646, 0.001619, 0.001591, 0.001682, 0.001682, 0.001623, 0.001594, 0.001654
16 , 3, 3, 3, 3, 3, 0, 0
16 , 0.001114, 0.000733, 0.001145, 0.000772, 0.001069, 0.000965, 0.001822
