0 , 0.001751, 0.001712, 0.001713, 0.001491, 0.001615, 0.001551, 0.001735, 0.001642, 0.001763, 0.001486, 0.001641, 0.001606, 0.001668, 0.001515, 0.001673, 0.001671, 0.001676, 0.001429, 0.001620, 0.001615, 0.001595, 0.001550, 0.000002, 0.001676, 0.001553, 0.001608, 0.001823, 0.001844, 0.001917, 0.001732, 0.001902, 0.001877, 0.001786, 0.001922, 0.001610, 0.001845, 0.001873, 0.001809, 0.001840, 0.001867, 0.002091, 0.001861, 0.001903, 0.001799, 0.001812, 0.001963, 0.001901, 0.001063, 0.001681, 0.001552, 0.001387, 0.001395, 0.001333, 0.001374, 0.001343, 0.001406, 0.001464, 0.001406, 0.001250, 0.001401, 0.001300, 0.001477, 0.001381, 0.001439, 0.001470, 0.001569, 0.001353, 0.001508, 0.001293, 0.001503, 0.001446, 0.001609, 0.000684, 0.001464, 0.001689, 0.001823, 0.001792, 0.001717, 0.001565, 0.001905, 0.001723, 0.001890, 0.001762, 0.001853, 0.002020, 0.001859, 0.001972, 0.001753, 0.001887, 0.001823, 0.001823, 0.001847
0 , 0, 0, 0, 0, 0, 0, 0
0 , 0.007487, 0.008966, 0.009840, 0.010764, 0.013177, 0.015572, 0.016294
1 , 0.001333, 0.001374, 0.001343, 0.001406, 0.001464, 0.001406, 0.001250, 0.001401, 0.001300, 0.001477, 0.001381, 0.001439, 0.001470, 0.001569, 0.001353, 0.001508, 0.001293, 0.001503, 0.001446, 0.001609, 0.000684, 0.001464, 0.001689, 0.001823, 0.001792, 0.001717, 0.001565, 0.001905, 0.001723, 0.001890, 0.001762, 0.001853, 0.002020, 0.001859, 0.001972, 0.001753, 0.001887, 0.001823, 0.001823, 0.001847, 0.001759, 0.002042, 0.001938, 0.001835, 0.001954, 0.000270, 0.001561, 0.001788, 0.001816, 0.001605, 0.001417, 0.001452, 0.001449, 0.001545, 0.001388, 0.001572, 0.001385, 0.001543, 0.001384, 0.001598, 0.001442, 0.001687, 0.001468, 0.001530, 0.001404, 0.001560, 0.001467, 0.001560, 0.001268, 0.000641, 0.001683, 0.001713, 0.001735, 0.001811, 0.001963, 0.001860, 0.001929, 0.001823, 0.002069, 0.001953, 0.002256, 0.001924, 0.002066, 0.002194, 0.002080, 0.002144, 0.001976, 0.002154, 0.002061, 0.002007, 0.002128, 0.001977
1 , 0, 0, 0, 0, 0, 0, 0
1 , 0.016445, 0.018159, 0.019563, 0.019763, 0.020119, 0.020021, 0.019607
2 , 0.001417, 0.001452, 0.001449, 0.001545, 0.001388, 0.001572, 0.001385, 0.001543, 0.001384, 0.001598, 0.001442, 0.001687, 0.001468, 0.001530, 0.001404, 0.001560, 0.001467, 0.001560, 0.001268, 0.000641, 0.001683, 0.001713, 0.001735, 0.001811, 0.001963, 0.001860, 0.001929, 0.001823, 0.002069, 0.001953, 0.002256, 0.001924, 0.002066, 0.002194, 0.002080, 0.002144, 0.001976, 0.002154, 0.002061, 0.002007, 0.002128, 0.001977, 0.002253, 0.002013, 0.002240, 0.001221, 0.001137, 0.001604, 0.001591, 0.001529, 0.001490, 0.001490, 0.001428, 0.001523, 0.001422, 0.001485, 0.001364, 0.001545, 0.001362, 0.001332, 0.001387, 0.001446, 0.001567, 0.001508, 0.001353, 0.001511, 0.001419, 0.001455, 0.001453, 0.001377, 0.001536, 0.000067, 0.001695, 0.001817, 0.001850, 0.001653, 0.001811, 0.001936, 0.001848, 0.001969, 0.002009, 0.002063, 0.001908, 0.001999, 0.001829, 0.001850, 0.001872, 0.001899, 0.001875, 0.001823, 0.002157, 0.002030
2 , 0, 0, 0, 0, 0, 0, 0
2 , 0.015994, 0.019897, 0.020191, 0.019600, 0.022745, 0.022346, 0.021221
3 , 0.001490, 0.001490, 0.001428, 0.001523, 0.001422, 0.001485, 0.001364, 0.001545, 0.001362, 0.001332, 0.001387, 0.001446, 0.001567, 0.001508, 0.001353, 0.001511, 0.001419, 0.001455, 0.001453, 0.001377, 0.001536, 0.000067, 0.001695, 0.001817, 0.001850, 0.001653, 0.001811, 0.001936, 0.001848, 0.001969, 0.002009, 0.002063, 0.001908, 0.001999, 0.001829, 0.001850, 0.001872, 0.001899, 0.001875, 0.001823, 0.002157, 0.002030, 0.002123, 0.001978, 0.001928, 0.002165, 0.000408, 0.001593, 0.001356, 0.001583, 0.001419, 0.001399, 0.001208, 0.001392, 0.001296, 0.001385, 0.001256, 0.001405, 0.001368, 0.001522, 0.001297, 0.001427, 0.001300, 0.001540, 0.001477, 0.001567, 0.001466, 0.001719, 0.001519, 0.001146, 0.001276, 0.001705, 0.001556, 0.001650, 0.001675, 0.001744, 0.001492, 0.001813, 0.001788, 0.001760, 0.001655, 0.001617, 0.001810, 0.001774, 0.001851, 0.001722, 0.001785, 0.001895, 0.001798, 0.002032, 0.001829, 0.002084
3 , 0, 0, 0, 0, 0, 0, 0
3 , 0.013264, 0.014966, 0.017351, 0.019095, 0.018863, 0.018475, 0.016411
4 , 0.001583, 0.001419, 0.001399, 0.001208, 0.001392, 0.001296, 0.001385, 0.001256, 0.001405, 0.001368, 0.001522, 0.001297, 0.001427, 0.001300, 0.001540, 0.001477, 0.001567, 0.001466, 0.001719, 0.001519, 0.001146, 0.001276, 0.001705, 0.001556, 0.001650, 0.001675, 0.001744, 0.001492, 0.001813, 0.001788, 0.001760, 0.001655, 0.001617, 0.001810, 0.001774, 0.001851, 0.001722, 0.001785, 0.001895, 0.001798, 0.002032, 0.001829, 0.002084, 0.001893, 0.002155, 0.000343, 0.001391, 0.001591, 0.001502, 0.001532, 0.001409, 0.001446, 0.001290, 0.001359, 0.001299, 0.001367, 0.001243, 0.001367, 0.001118, 0.001242, 0.001269, 0.001393, 0.001240, 0.001391, 0.001323, 0.001384, 0.001260, 0.001441, 0.001380, 0.001417, 0.001184, 0.000893, 0.001892, 0.001865, 0.001937, 0.001828, 0.001983, 0.002042, 0.001978, 0.001978, 0.001768, 0.002151, 0.001939, 0.001978, 0.001881, 0.001857, 0.001978, 0.001899, 0.001990, 0.001814, 0.001993, 0.001932
4 , 0, 0, 0, 0, 0, 0, 0
4 , 0.017947, 0.018682, 0.017826, 0.018976, 0.020466, 0.019975, 0.019332
5 , 0.001409, 0.001446, 0.001290, 0.001359, 0.001299, 0.001367, 0.001243, 0.001367, 0.001118, 0.001242, 0.001269, 0.001393, 0.001240, 0.001391, 0.001323, 0.001384, 0.001260, 0.001441, 0.001380, 0.001417, 0.001184, 0.000893, 0.001892, 0.001865, 0.001937, 0.001828, 0.001983, 0.002042, 0.001978, 0.001978, 0.001768, 0.002151, 0.001939, 0.001978, 0.001881, 0.001857, 0.001978, 0.001899, 0.001990, 0.001814, 0.001993, 0.001932, 0.001920, 0.001980, 0.001924, 0.001589, 0.001120, 0.001701, 0.001715, 0.001596, 0.001374, 0.001561, 0.001435, 0.001586, 0.001523, 0.001678, 0.001495, 0.001592, 0.001468, 0.001591, 0.001314, 0.001590, 0.001496, 0.001534, 0.001350, 0.001481, 0.001357, 0.001406, 0.001535, 0.000006, 0.001850, 0.001744, 0.001764, 0.002053, 0.001973, 0.002092, 0.001945, 0.002077, 0.002204, 0.002043, 0.002104, 0.001881, 0.002238, 0.002251, 0.002194, 0.002183, 0.002055, 0.002151, 0.001871, 0.002008, 0.001789, 0.001911
5 , 0, 0, 0, 0, 0, 0, 0
5 , 0.019969, 0.021510, 0.025599, 0.025796, 0.025332, 0.024932, 0.022068
6 , 0.001596, 0.001374, 0.001561, 0.001435, 0.001586, 0.001523, 0.001678, 0.001495, 0.001592, 0.001468, 0.001591, 0.001314, 0.001590, 0.001496, 0.001534, 0.001350, 0.001481, 0.001357, 0.001406, 0.001535, 0.000006, 0.001850, 0.001744, 0.001764, 0.002053, 0.001973, 0.002092, 0.001945, 0.002077, 0.002204, 0.002043, 0.002104, 0.001881, 0.002238, 0.002251, 0.002194, 0.002183, 0.002055, 0.002151, 0.001871, 0.002008, 0.001789, 0.001911, 0.001996, 0.001981, 0.000634, 0.001730, 0.001594, 0.001590, 0.001616, 0.001459, 0.001550, 0.001521, 0.001587, 0.001407, 0.001445, 0.001174, 0.001335, 0.001275, 0.001492, 0.001339, 0.001557, 0.001342, 0.001368, 0.001333, 0.001485, 0.001298, 0.001568, 0.001414, 0.001669, 0.000969, 0.001224, 0.001478, 0.001541, 0.001417, 0.001506, 0.001496, 0.001723, 0.001625, 0.001683, 0.001681, 0.001652, 0.001846, 0.001907, 0.002003, 0.001796, 0.002024, 0.002203, 0.002151, 0.002101, 0.002066, 0.002239
6 , 0, 0, 0, 0, 0, 0, 0
6 , 0.015282, 0.016566, 0.018251, 0.020026, 0.021200, 0.021491, 0.021499
7 , 0.001521, 0.001587, 0.001407, 0.001445, 0.001174, 0.001335, 0.001275, 0.001492, 0.001339, 0.001557, 0.001342, 0.001368, 0.001333, 0.001485, 0.001298, 0.001568, 0.001414, 0.001669, 0.000969, 0.001224, 0.001478, 0.001541, 0.001417, 0.001506, 0.001496, 0.001723, 0.001625, 0.001683, 0.001681, 0.001652, 0.001846, 0.001907, 0.002003, 0.001796, 0.002024, 0.002203, 0.002151, 0.002101, 0.002066, 0.002239, 0.002326, 0.002222, 0.002402, 0.000816, 0.001154, 0.001387, 0.001337, 0.001240, 0.001169, 0.001406, 0.001242, 0.001307, 0.001267, 0.001416, 0.001255, 0.001281, 0.001120, 0.001305, 0.001264, 0.001417, 0.001229, 0.001476, 0.001288, 0.001442, 0.001254, 0.001293, 0.001301, 0.000715, 0.001780, 0.001796, 0.001729, 0.001832, 0.001896, 0.002033, 0.001951, 0.001902, 0.002081, 0.001954, 0.002066, 0.001866, 0.002027, 0.002111, 0.001975, 0.001972, 0.001802, 0.002090, 0.002012, 0.002078, 0.002048, 0.001920, 0.002278, 0.001449
7 , 0, 0, 0, 0, 0, 0, 0
7 , 0.024360, 0.024195, 0.024159, 0.023292, 0.022061, 0.020706, 0.019345
8 , 0.001337, 0.001240, 0.001169, 0.001406, 0.001242, 0.001307, 0.001267, 0.001416, 0.001255, 0.001281, 0.001120, 0.001305, 0.001264, 0.001417, 0.001229, 0.001476, 0.001288, 0.001442, 0.001254, 0.001293, 0.001301, 0.000715, 0.001780, 0.001796, 0.001729, 0.001832, 0.001896, 0.002033, 0.001951, 0.001902, 0.002081, 0.001954, 0.002066, 0.001866, 0.002027, 0.002111, 0.001975, 0.001972, 0.001802, 0.002090, 0.002012, 0.002078, 0.002048, 0.001920, 0.002278, 0.001449, 0.001267, 0.001523, 0.001476, 0.001332, 0.001458, 0.001219, 0.001315, 0.001103, 0.001171, 0.001074, 0.001200, 0.001108, 0.001238, 0.001050, 0.001263, 0.001253, 0.001228, 0.001042, 0.001191, 0.001217, 0.001279, 0.001125, 0.001235, 0.001083, 0.001483, 0.000012, 0.001809, 0.001616, 0.001735, 0.001643, 0.001864, 0.001690, 0.001981, 0.001997, 0.001936, 0.001939, 0.001718, 0.002050, 0.001945, 0.001951, 0.001638, 0.001834, 0.002002, 0.001899, 0.002033, 0.001860
8 , 0, 0, 0, 0, 0, 0, 0
8 , 0.022463, 0.024678, 0.025996, 0.027380, 0.030356, 0.029515, 0.028642
9 , 0.001458, 0.001219, 0.001315, 0.001103, 0.001171, 0.001074, 0.001200, 0.001108, 0.001238, 0.001050, 0.001263, 0.001253, 0.001228, 0.001042, 0.001191, 0.001217, 0.001279, 0.001125, 0.001235, 0.001083, 0.001483, 0.000012, 0.001809, 0.001616, 0.001735, 0.001643, 0.001864, 0.001690, 0.001981, 0.001997, 0.001936, 0.001939, 0.001718, 0.002050, 0.001945, 0.001951, 0.001638, 0.001834, 0.002002, 0.001899, 0.002033, 0.001860, 0.002178, 0.002176, 0.001985, 0.001942, 0.000225, 0.001427, 0.001523, 0.001282, 0.001256, 0.001268, 0.001122, 0.001024, 0.001216, 0.000938, 0.001216, 0.001122, 0.001216, 0.001089, 0.001306, 0.001208, 0.001175, 0.001085, 0.001326, 0.001074, 0.001256, 0.001164, 0.001415, 0.000709, 0.001272, 0.001898, 0.001762, 0.001683, 0.001699, 0.001948, 0.001875, 0.001972, 0.001832, 0.002032, 0.001895, 0.001881, 0.001760, 0.001821, 0.002053, 0.001948, 0.001868, 0.001754, 0.001821, 0.002006, 0.001831, 0.001952
9 , 0, 0, 0, 0, 0, 0, 0
9 , 0.024424, 0.026926, 0.029733, 0.030899, 0.029674, 0.029308, 0.028222
10 , 0.001282, 0.001256, 0.001268, 0.001122, 0.001024, 0.001216, 0.000938, 0.001216, 0.001122, 0.001216, 0.001089, 0.001306, 0.001208, 0.001175, 0.001085, 0.001326, 0.001074, 0.001256, 0.001164, 0.001415, 0.000709, 0.001272, 0.001898, 0.001762, 0.001683, 0.001699, 0.001948, 0.001875, 0.001972, 0.001832, 0.002032, 0.001895, 0.001881, 0.001760, 0.001821, 0.002053, 0.001948, 0.001868, 0.001754, 0.001821, 0.002006, 0.001831, 0.001952, 0.001878, 0.002127, 0.001872, 0.002197, 0.000449, 0.001367, 0.001330, 0.001479, 0.001455, 0.001242, 0.001339, 0.001341, 0.001260, 0.001223, 0.001287, 0.001164, 0.001074, 0.001189, 0.001342, 0.001277, 0.001368, 0.001247, 0.001246, 0.001187, 0.001371, 0.001068, 0.001189, 0.001306, 0.001222, 0.001216, 0.001279, 0.001151, 0.001306, 0.001244, 0.001308, 0.001150, 0.001394, 0.001297, 0.001418, 0.001317, 0.001465, 0.001333, 0.001511, 0.001265, 0.001477, 0.001412, 0.001595, 0.001502, 0.001503
10 , 3, 0, 0, 0, 0, 0, 0
10 , 0.015637, 0.015047, 0.017923, 0.020186, 0.017655, 0.017282, 0.016753
11 , 0.001330, 0.001479, 0.001455, 0.001242, 0.001339, 0.001341, 0.001260, 0.001223, 0.001287, 0.001164, 0.001074, 0.001189, 0.001342, 0.001277, 0.001368, 0.001247, 0.001246, 0.001187, 0.001371, 0.001068, 0.001189, 0.001306, 0.001222, 0.001216, 0.001279, 0.001151, 0.001306, 0.001244, 0.001308, 0.001150, 0.001394, 0.001297, 0.001418, 0.001317, 0.001465, 0.001333, 0.001511, 0.001265, 0.001477, 0.001412, 0.001595, 0.001502, 0.001503, 0.001529, 0.001593, 0.001468, 0.001712, 0.001555, 0.001647, 0.001464, 0.001615, 0.001490, 0.001617, 0.001468, 0.001563, 0.001382, 0.001512, 0.001366, 0.001586, 0.001344, 0.001410, 0.001350, 0.001424, 0.001240, 0.001428, 0.001218, 0.001378, 0.001255, 0.001384, 0.001107, 0.001297, 0.001169, 0.001393, 0.001261, 0.001351, 0.001226, 0.001406, 0.001130, 0.001410, 0.001283, 0.001260, 0.001134, 0.001354, 0.001133, 0.001321, 0.001222, 0.001340, 0.001157, 0.001435, 0.001424, 0.001456, 0.001390
11 , 3, 3, 3, 3, 3, 3, 3
11 , 0.005232, 0.006638, 0.005467, 0.005427, 0.005109, 0.005679, 0.005616
12 , 0.001555, 0.001647, 0.001464, 0.001615, 0.001490, 0.001617, 0.001468, 0.001563, 0.001382, 0.001512, 0.001366, 0.001586, 0.001344, 0.001410, 0.001350, 0.001424, 0.001240, 0.001428, 0.001218, 0.001378, 0.001255, 0.001384, 0.001107, 0.001297, 0.001169, 0.001393, 0.001261, 0.001351, 0.001226, 0.001406, 0.001130, 0.001410, 0.001283, 0.001260, 0.001134, 0.001354, 0.001133, 0.001321, 0.001222, 0.001340, 0.001157, 0.001435, 0.001424, 0.001456, 0.001390, 0.001542, 0.001264, 0.001482, 0.001227, 0.001535, 0.001311, 0.001492, 0.001361, 0.001487, 0.001360, 0.001572, 0.001326, 0.001507, 0.001353, 0.001507, 0.001439, 0.001627, 0.001291, 0.001601, 0.001384, 0.001449, 0.001323, 0.001569, 0.001443, 0.001479, 0.001234, 0.001509, 0.001325, 0.001486, 0.001364, 0.001490, 0.001301, 0.001391, 0.001296, 0.001542, 0.001505, 0.001508, 0.001413, 0.001502, 0.001532, 0.001535, 0.001411, 0.001352, 0.001410, 0.001446, 0.001479, 0.001450
12 , 1, 1, 1, 2, 1, 1, 1
12 , 0.004538, 0.004362, 0.003799, 0.003544, 0.002728, 0.002448, 0.001823
13 , 0.001264, 0.001482, 0.001227, 0.001535, 0.001311, 0.001492, 0.001361, 0.001487, 0.001360, 0.001572, 0.001326, 0.001507, 0.001353, 0.001507, 0.001439, 0.001627, 0.001291, 0.001601, 0.001384, 0.001449, 0.001323, 0.001569, 0.001443, 0.001479, 0.001234, 0.001509, 0.001325, 0.001486, 0.001364, 0.001490, 0.001301, 0.001391, 0.001296, 0.001542, 0.001505, 0.001508, 0.001413, 0.001502, 0.001532, 0.001535, 0.001411, 0.001352, 0.001410, 0.001446, 0.001479, 0.001450, 0.001331, 0.001424, 0.001402, 0.001441, 0.001379, 0.001469, 0.001463, 0.001435, 0.001466, 0.001374, 0.001490, 0.001549, 0.001454, 0.001449, 0.001511, 0.001384, 0.001539, 0.001482, 0.001577, 0.001517, 0.001546, 0.001395, 0.001521, 0.001459, 0.001520, 0.001607, 0.001697, 0.001478, 0.001572, 0.001539, 0.001688, 0.001529, 0.001559, 0.001436, 0.001649, 0.001580, 0.001672, 0.001362, 0.001668, 0.001511, 0.001696, 0.001602, 0.001724, 0.001540, 0.001696, 0.001542
13 , 2, 2, 0, 2, 2, 2, 2
13 , 0.002657, 0.002596, 0.002799, 0.002729, 0.002895, 0.002462, 0.002541
14 , 0.001379, 0.001469, 0.001463, 0.001435, 0.001466, 0.001374, 0.001490, 0.001549, 0.001454, 0.001449, 0.001511, 0.001384, 0.001539, 0.001482, 0.001577, 0.001517, 0.001546, 0.001395, 0.001521, 0.001459, 0.001520, 0.001607, 0.001697, 0.001478, 0.001572, 0.001539, 0.001688, 0.001529, 0.001559, 0.001436, 0.001649, 0.001580, 0.001672, 0.001362, 0.001668, 0.001511, 0.001696, 0.001602, 0.001724, 0.001540, 0.001696, 0.001542, 0.001758, 0.001485, 0.001793, 0.001489, 0.001674, 0.001370, 0.001563, 0.001441, 0.001629, 0.001477, 0.001636, 0.001298, 0.001429, 0.001367, 0.001435, 0.001314, 0.001475, 0.001378, 0.001471, 0.001289, 0.001477, 0.001326, 0.001509, 0.001170, 0.001270, 0.001082, 0.001357, 0.001202, 0.001359, 0.001235, 0.001484, 0.001266, 0.001357, 0.001289, 0.001390, 0.001325, 0.001480, 0.001300, 0.001366, 0.001237, 0.001392, 0.001208, 0.001391, 0.001388, 0.001363, 0.001300, 0.001391, 0.001267, 0.001386, 0.001383
14 , 3, 3, 3, 3, 3, 3, 3
14 , 0.004865, 0.004819, 0.004198, 0.003760, 0.002860, 0.002988, 0.002456
15 , 0.001674, 0.001370, 0.001563, 0.001441, 0.001629, 0.001477, 0.001636, 0.001298, 0.001429, 0.001367, 0.001435, 0.001314, 0.001475, 0.001378, 0.001471, 0.001289, 0.001477, 0.001326, 0.001509, 0.001170, 0.001270, 0.001082, 0.001357, 0.001202, 0.001359, 0.001235, 0.001484, 0.001266, 0.001357, 0.001289, 0.001390, 0.001325, 0.001480, 0.001300, 0.001366, 0.001237, 0.001392, 0.001208, 0.001391, 0.001388, 0.001363, 0.001300, 0.001391, 0.001267, 0.001386, 0.001383, 0.001356, 0.001353, 0.001381, 0.001405, 0.001428, 0.001422, 0.001506, 0.001410, 0.001558, 0.001495, 0.001495, 0.001526, 0.001556, 0.001645, 0.001615, 0.001464, 0.001497, 0.001466, 0.001468, 0.001561, 0.001560, 0.001620, 0.001525, 0.001588, 0.001585, 0.001585, 0.001586, 0.001651, 0.001529, 0.001622, 0.001468, 0.001561, 0.001534, 0.001568, 0.001352, 0.001511, 0.001424, 0.001617, 0.001278, 0.001525, 0.001399, 0.001463, 0.001458, 0.001455, 0.001365, 0.001495
15 , 2, 2, 1, 1, 1, 1, 1
15 , 0.004359, 0.003619, 0.002652, 0.002289, 0.002484, 0.002466, 0.002839
16 , 0.001356, 0.001353, 0.001381, 0.001405, 0.001428, 0.001422, 0.001506, 0.001410, 0.001558, 0.001495, 0.001495, 0.001526, 0.001556, 0.001645, 0.001615, 0.001464, 0.001497, 0.001466, 0.001468, 0.001561, 0.001560, 0.001620, 0.001525, 0.001588, 0.001585, 0.001585, 0.001586, 0.001651, 0.001529, 0.001622, 0.001468, 0.001561, 0.001534, 0.001568, 0.001352, 0.001511, 0.001424, 0.001617, 0.001278, 0.001525, 0.001399, 0.001463, 0.001458, 0.001455, 0.001365, 0.001495, 0.001309, 0.001463, 0.001273, 0.001582, 0.001424, 0.001610, 0.001453, 0.001512, 0.001350, 0.001473, 0.001410, 0.001537, 0.001387, 0.001538, 0.001351, 0.001605, 0.001362, 0.001514, 0.001358, 0.001551, 0.001484, 0.001577, 0.001481, 0.001634, 0.001422, 0.001547, 0.001360, 0.001578, 0.001394, 0.001490, 0.001460, 0.001469, 0.001376, 0.001322, 0.001227, 0.001442, 0.001322, 0.001264, 0.001232, 0.001334, 0.001176, 0.001304, 0.001270, 0.001388, 0.001325, 0.001418
16 , 3, 3, 3, 3, 3, 1, 1
16 , 0.003100, 0.002820, 0.003029, 0.002598, 0.002676, 0.003142, 0.003486
