0 , 0.001806, 0.001872, 0.001672, 0.001961, 0.001821, 0.001961, 0.001876, 0.001852, 0.001973, 0.001964, 0.002109, 0.001936, 0.002115, 0.002166, 0.002072, 0.002045, 0.002090, 0.002224, 0.002048, 0.002086, 0.002054, 0.002027, 0.002277, 0.000101, 0.001664, 0.001436, 0.001464, 0.001215, 0.001394, 0.001274, 0.001335, 0.001233, 0.001360, 0.001353, 0.001483, 0.001261, 0.001448, 0.001205, 0.001394, 0.001177, 0.001364, 0.001242, 0.001436, 0.001252, 0.001505, 0.001155, 0.000898, 0.001484, 0.001916, 0.001808, 0.002219, 0.002064, 0.002107, 0.001848, 0.002080, 0.002145, 0.002229, 0.002124, 0.002084, 0.002343, 0.002236, 0.002347, 0.002077, 0.002205, 0.002336, 0.002235, 0.002102, 0.001834, 0.002160, 0.002045, 0.002291, 0.000675, 0.001243, 0.001388, 0.001502, 0.001347, 0.001341, 0.001425, 0.001385, 0.001445, 0.001475, 0.001443, 0.001288, 0.001468, 0.001437, 0.001526, 0.001313, 0.001311, 0.001338, 0.001616, 0.001461, 0.001368
0 , 1, 1, 1, 1, 1, 1, 1
0 , 0.021777, 0.024034, 0.028446, 0.032326, 0.032089, 0.027667, 0.027049
1 , 0.001808, 0.002219, 0.002064, 0.002107, 0.001848, 0.002080, 0.002145, 0.002229, 0.002124, 0.002084, 0.002343, 0.002236, 0.002347, 0.002077, 0.002205, 0.002336, 0.002235, 0.002102, 0.001834, 0.002160, 0.002045, 0.002291, 0.000675, 0.001243, 0.001388, 0.001502, 0.001347, 0.001341, 0.001425, 0.001385, 0.001445, 0.001475, 0.001443, 0.001288, 0.001468, 0.001437, 0.001526, 0.001313, 0.001311, 0.001338, 0.001616, 0.001461, 0.001368, 0.001368, 0.001405, 0.001435, 0.001445, 0.001446, 0.000603, 0.001784, 0.001772, 0.001931, 0.001962, 0.002057, 0.002121, 0.002074, 0.002199, 0.002011, 0.002274, 0.002142, 0.002179, 0.002146, 0.002166, 0.002421, 0.002179, 0.002241, 0.002067, 0.002035, 0.002064, 0.002069, 0.002095, 0.001959, 0.001820, 0.000793, 0.001637, 0.001495, 0.001469, 0.001249, 0.001405, 0.001309, 0.001377, 0.001250, 0.001498, 0.001158, 0.001552, 0.001272, 0.001336, 0.001150, 0.001429, 0.001274, 0.001338, 0.001152
1 , 1, 1, 1, 1, 1, 1, 1
1 , 0.022773, 0.026238, 0.028773, 0.031587, 0.030722, 0.032122, 0.029562
2 , 0.001931, 0.001962, 0.002057, 0.002121, 0.002074, 0.002199, 0.002011, 0.002274, 0.002142, 0.002179, 0.002146, 0.002166, 0.002421, 0.002179, 0.002241, 0.002067, 0.002035, 0.002064, 0.002069, 0.002095, 0.001959, 0.001820, 0.000793, 0.001637, 0.001495, 0.001469, 0.001249, 0.001405, 0.001309, 0.001377, 0.001250, 0.001498, 0.001158, 0.001552, 0.001272, 0.001336, 0.001150, 0.001429, 0.001274, 0.001338, 0.001152, 0.001433, 0.001300, 0.001290, 0.001391, 0.000259, 0.001815, 0.002042, 0.001865, 0.002083, 0.002053, 0.001992, 0.002083, 0.002019, 0.002139, 0.002099, 0.002224, 0.001915, 0.002157, 0.002117, 0.002113, 0.002093, 0.002080, 0.002197, 0.002002, 0.002184, 0.002022, 0.002124, 0.002206, 0.002000, 0.002045, 0.001968, 0.000036, 0.001547, 0.001573, 0.001576, 0.001480, 0.001421, 0.001296, 0.001328, 0.001364, 0.001431, 0.001434, 0.001401, 0.001316, 0.001219, 0.001342, 0.001279, 0.001346, 0.001371, 0.001256, 0.001285
2 , 1, 1, 1, 1, 1, 1, 1
2 , 0.025918, 0.029763, 0.034121, 0.035163, 0.033450, 0.029881, 0.028305
3 , 0.002083, 0.002053, 0.001992, 0.002083, 0.002019, 0.002139, 0.002099, 0.002224, 0.001915, 0.002157, 0.002117, 0.002113, 0.002093, 0.002080, 0.002197, 0.002002, 0.002184, 0.002022, 0.002124, 0.002206, 0.002000, 0.002045, 0.001968, 0.000036, 0.001547, 0.001573, 0.001576, 0.001480, 0.001421, 0.001296, 0.001328, 0.001364, 0.001431, 0.001434, 0.001401, 0.001316, 0.001219, 0.001342, 0.001279, 0.001346, 0.001371, 0.001256, 0.001285, 0.001220, 0.001222, 0.001436, 0.001283, 0.001493, 0.000931, 0.001056, 0.001968, 0.001842, 0.001749, 0.002027, 0.001899, 0.001997, 0.001765, 0.002099, 0.002176, 0.001987, 0.001969, 0.002045, 0.002273, 0.002142, 0.002043, 0.001976, 0.002103, 0.002216, 0.001997, 0.001958, 0.001903, 0.001975, 0.002300, 0.000787, 0.001768, 0.001599, 0.001562, 0.001410, 0.001594, 0.001406, 0.001559, 0.001401, 0.001591, 0.001347, 0.001501, 0.001346, 0.001658, 0.001351, 0.001539, 0.001295, 0.001543, 0.001328
3 , 1, 1, 1, 1, 1, 1, 1
3 , 0.019819, 0.022671, 0.024132, 0.026269, 0.027598, 0.027042, 0.026043
4 , 0.001968, 0.001842, 0.001749, 0.002027, 0.001899, 0.001997, 0.001765, 0.002099, 0.002176, 0.001987, 0.001969, 0.002045, 0.002273, 0.002142, 0.002043, 0.001976, 0.002103, 0.002216, 0.001997, 0.001958, 0.001903, 0.001975, 0.002300, 0.000787, 0.001768, 0.001599, 0.001562, 0.001410, 0.001594, 0.001406, 0.001559, 0.001401, 0.001591, 0.001347, 0.001501, 0.001346, 0.001658, 0.001351, 0.001539, 0.001295, 0.001543, 0.001328, 0.001489, 0.001313, 0.001563, 0.001025, 0.001448, 0.000716, 0.001889, 0.001973, 0.002142, 0.002135, 0.002146, 0.002193, 0.002405, 0.002284, 0.002321, 0.002183, 0.002257, 0.002260, 0.002203, 0.002371, 0.002108, 0.002188, 0.002083, 0.002126, 0.002042, 0.002006, 0.002164, 0.001955, 0.002069, 0.001603, 0.000665, 0.001500, 0.001523, 0.001438, 0.001377, 0.001322, 0.001263, 0.001267, 0.001297, 0.001291, 0.001350, 0.001197, 0.001380, 0.001384, 0.001265, 0.001201, 0.001382, 0.001196, 0.001289, 0.001438
4 , 1, 1, 1, 1, 1, 1, 1
4 , 0.021402, 0.023830, 0.027277, 0.029974, 0.033005, 0.028970, 0.028438
5 , 0.002142, 0.002135, 0.002146, 0.002193, 0.002405, 0.002284, 0.002321, 0.002183, 0.002257, 0.002260, 0.002203, 0.002371, 0.002108, 0.002188, 0.002083, 0.002126, 0.002042, 0.002006, 0.002164, 0.001955, 0.002069, 0.001603, 0.000665, 0.001500, 0.001523, 0.001438, 0.001377, 0.001322, 0.001263, 0.001267, 0.001297, 0.001291, 0.001350, 0.001197, 0.001380, 0.001384, 0.001265, 0.001201, 0.001382, 0.001196, 0.001289, 0.001438, 0.001376, 0.001320, 0.001373, 0.001231, 0.001454, 0.000257, 0.001579, 0.001890, 0.002040, 0.001962, 0.002066, 0.002105, 0.001963, 0.002000, 0.002021, 0.002236, 0.002059, 0.002163, 0.001992, 0.002090, 0.002244, 0.002164, 0.002205, 0.002037, 0.002251, 0.002184, 0.002168, 0.002157, 0.001926, 0.002315, 0.000245, 0.001582, 0.001452, 0.001575, 0.001204, 0.001416, 0.001349, 0.001377, 0.001340, 0.001491, 0.001301, 0.001456, 0.001359, 0.001514, 0.001299, 0.001519, 0.001364, 0.001549, 0.001332, 0.001458
5 , 1, 1, 1, 1, 1, 1, 1
5 , 0.026002, 0.029237, 0.032005, 0.032727, 0.034787, 0.031549, 0.030438
6 , 0.002040, 0.001962, 0.002066, 0.002105, 0.001963, 0.002000, 0.002021, 0.002236, 0.002059, 0.002163, 0.001992, 0.002090, 0.002244, 0.002164, 0.002205, 0.002037, 0.002251, 0.002184, 0.002168, 0.002157, 0.001926, 0.002315, 0.000245, 0.001582, 0.001452, 0.001575, 0.001204, 0.001416, 0.001349, 0.001377, 0.001340, 0.001491, 0.001301, 0.001456, 0.001359, 0.001514, 0.001299, 0.001519, 0.001364, 0.001549, 0.001332, 0.001458, 0.001243, 0.001434, 0.001395, 0.001290, 0.001131, 0.001885, 0.001706, 0.001986, 0.001787, 0.002078, 0.001923, 0.002250, 0.002223, 0.002152, 0.002358, 0.002077, 0.002378, 0.002277, 0.002280, 0.002196, 0.002176, 0.002385, 0.002247, 0.002388, 0.002159, 0.002320, 0.002121, 0.002346, 0.001016, 0.001243, 0.001453, 0.001470, 0.001438, 0.001367, 0.001368, 0.001339, 0.001399, 0.001458, 0.001274, 0.001372, 0.001366, 0.001363, 0.001211, 0.001275, 0.001303, 0.001331, 0.001240, 0.001426, 0.001394, 0.001392
6 , 1, 1, 1, 1, 1, 1, 1
6 , 0.026716, 0.030798, 0.033791, 0.034908, 0.030676, 0.030008, 0.028623
7 , 0.001986, 0.001787, 0.002078, 0.001923, 0.002250, 0.002223, 0.002152, 0.002358, 0.002077, 0.002378, 0.002277, 0.002280, 0.002196, 0.002176, 0.002385, 0.002247, 0.002388, 0.002159, 0.002320, 0.002121, 0.002346, 0.001016, 0.001243, 0.001453, 0.001470, 0.001438, 0.001367, 0.001368, 0.001339, 0.001399, 0.001458, 0.001274, 0.001372, 0.001366, 0.001363, 0.001211, 0.001275, 0.001303, 0.001331, 0.001240, 0.001426, 0.001394, 0.001392, 0.001397, 0.001364, 0.001191, 0.001475, 0.000388, 0.001682, 0.001782, 0.001842, 0.001770, 0.001970, 0.001982, 0.001912, 0.002091, 0.001688, 0.002002, 0.001869, 0.001845, 0.002018, 0.001918, 0.002106, 0.002012, 0.002012, 0.001870, 0.001961, 0.002119, 0.002025, 0.002100, 0.001955, 0.002048, 0.000492, 0.001550, 0.001444, 0.001580, 0.001295, 0.001393, 0.001236, 0.001450, 0.001169, 0.001325, 0.001230, 0.001297, 0.001288, 0.001475, 0.001316, 0.001469, 0.001216, 0.001462, 0.001279, 0.001407
7 , 1, 1, 1, 1, 1, 1, 1
7 , 0.023519, 0.026489, 0.029836, 0.029715, 0.032224, 0.029610, 0.028594
8 , 0.001842, 0.001770, 0.001970, 0.001982, 0.001912, 0.002091, 0.001688, 0.002002, 0.001869, 0.001845, 0.002018, 0.001918, 0.002106, 0.002012, 0.002012, 0.001870, 0.001961, 0.002119, 0.002025, 0.002100, 0.001955, 0.002048, 0.000492, 0.001550, 0.001444, 0.001580, 0.001295, 0.001393, 0.001236, 0.001450, 0.001169, 0.001325, 0.001230, 0.001297, 0.001288, 0.001475, 0.001316, 0.001469, 0.001216, 0.001462, 0.001279, 0.001407, 0.001310, 0.001350, 0.001416, 0.000512, 0.001570, 0.001712, 0.001705, 0.001912, 0.001964, 0.001946, 0.001955, 0.002049, 0.002125, 0.001946, 0.002101, 0.001900, 0.002197, 0.002249, 0.002105, 0.002059, 0.002006, 0.002241, 0.002120, 0.002198, 0.002098, 0.002083, 0.002240, 0.002354, 0.000067, 0.001696, 0.001626, 0.001504, 0.001379, 0.001407, 0.001433, 0.001401, 0.001338, 0.001395, 0.001333, 0.001300, 0.001417, 0.001444, 0.001530, 0.001499, 0.001559, 0.001440, 0.001530, 0.001467, 0.001409, 0.001408
8 , 1, 1, 1, 1, 1, 1, 1
8 , 0.021004, 0.024998, 0.029501, 0.027400, 0.025134, 0.024867, 0.023619
9 , 0.001705, 0.001912, 0.001964, 0.001946, 0.001955, 0.002049, 0.002125, 0.001946, 0.002101, 0.001900, 0.002197, 0.002249, 0.002105, 0.002059, 0.002006, 0.002241, 0.002120, 0.002198, 0.002098, 0.002083, 0.002240, 0.002354, 0.000067, 0.001696, 0.001626, 0.001504, 0.001379, 0.001407, 0.001433, 0.001401, 0.001338, 0.001395, 0.001333, 0.001300, 0.001417, 0.001444, 0.001530, 0.001499, 0.001559, 0.001440, 0.001530, 0.001467, 0.001409, 0.001408, 0.001374, 0.001443, 0.001350, 0.001195, 0.001106, 0.001675, 0.001912, 0.001885, 0.001985, 0.001800, 0.002082, 0.002040, 0.001991, 0.001985, 0.002013, 0.002207, 0.001973, 0.002176, 0.002003, 0.002024, 0.002248, 0.002086, 0.002133, 0.001995, 0.002275, 0.002239, 0.002101, 0.002339, 0.001114, 0.000998, 0.001490, 0.001530, 0.001595, 0.001346, 0.001528, 0.001397, 0.001428, 0.001180, 0.001455, 0.001244, 0.001400, 0.001121, 0.001364, 0.001300, 0.001486, 0.001217, 0.001525, 0.001153
9 , 1, 1, 1, 1, 1, 1, 1
9 , 0.018162, 0.022400, 0.025377, 0.028722, 0.028065, 0.028341, 0.027068
10 , 0.001675, 0.001912, 0.001885, 0.001985, 0.001800, 0.002082, 0.002040, 0.001991, 0.001985, 0.002013, 0.002207, 0.001973, 0.002176, 0.002003, 0.002024, 0.002248, 0.002086, 0.002133, 0.001995, 0.002275, 0.002239, 0.002101, 0.002339, 0.001114, 0.000998, 0.001490, 0.001530, 0.001595, 0.001346, 0.001528, 0.001397, 0.001428, 0.001180, 0.001455, 0.001244, 0.001400, 0.001121, 0.001364, 0.001300, 0.001486, 0.001217, 0.001525, 0.001153, 0.001374, 0.001218, 0.001208, 0.001153, 0.000389, 0.001842, 0.001936, 0.001882, 0.001890, 0.002035, 0.002032, 0.002120, 0.001875, 0.002256, 0.002192, 0.002090, 0.002042, 0.002030, 0.002122, 0.002028, 0.001991, 0.001818, 0.002134, 0.002140, 0.001988, 0.002091, 0.001882, 0.002149, 0.001987, 0.002125, 0.001757, 0.000530, 0.001565, 0.001795, 0.001702, 0.001694, 0.001720, 0.001777, 0.001623, 0.001714, 0.001529, 0.001771, 0.001769, 0.001829, 0.001645, 0.001797, 0.001767, 0.001706, 0.001676
10 , 1, 1, 1, 1, 1, 1, 1
10 , 0.012624, 0.015802, 0.018727, 0.022139, 0.026600, 0.025774, 0.023789
11 , 0.001882, 0.001890, 0.002035, 0.002032, 0.002120, 0.001875, 0.002256, 0.002192, 0.002090, 0.002042, 0.002030, 0.002122, 0.002028, 0.001991, 0.001818, 0.002134, 0.002140, 0.001988, 0.002091, 0.001882, 0.002149, 0.001987, 0.002125, 0.001757, 0.000530, 0.001565, 0.001795, 0.001702, 0.001694, 0.001720, 0.001777, 0.001623, 0.001714, 0.001529, 0.001771, 0.001769, 0.001829, 0.001645, 0.001797, 0.001767, 0.001706, 0.001676, 0.001737, 0.001707, 0.001739, 0.001618, 0.001650, 0.001562, 0.001567, 0.001417, 0.001515, 0.001487, 0.001435, 0.001381, 0.001450, 0.001278, 0.001319, 0.001175, 0.001242, 0.001244, 0.001283, 0.001221, 0.001197, 0.001315, 0.001283, 0.001134, 0.001263, 0.001322, 0.001351, 0.001252, 0.001157, 0.001132, 0.001284, 0.001284, 0.001256, 0.001315, 0.001344, 0.001336, 0.001213, 0.001216, 0.001214, 0.001178, 0.001267, 0.001356, 0.001227, 0.001432, 0.001363, 0.001359, 0.001383, 0.001622, 0.001434, 0.001496
11 , 1, 1, 1, 2, 2, 2, 2
11 , 0.006146, 0.007123, 0.007413, 0.008183, 0.009716, 0.010447, 0.008423
12 , 0.001487, 0.001435, 0.001381, 0.001450, 0.001278, 0.001319, 0.001175, 0.001242, 0.001244, 0.001283, 0.001221, 0.001197, 0.001315, 0.001283, 0.001134, 0.001263, 0.001322, 0.001351, 0.001252, 0.001157, 0.001132, 0.001284, 0.001284, 0.001256, 0.001315, 0.001344, 0.001336, 0.001213, 0.001216, 0.001214, 0.001178, 0.001267, 0.001356, 0.001227, 0.001432, 0.001363, 0.001359, 0.001383, 0.001622, 0.001434, 0.001496, 0.001430, 0.001674, 0.001520, 0.001458, 0.001429, 0.001554, 0.001400, 0.001584, 0.001583, 0.001709, 0.001496, 0.001471, 0.001319, 0.001537, 0.001451, 0.001368, 0.001344, 0.001349, 0.001286, 0.001354, 0.001235, 0.001366, 0.001311, 0.001256, 0.001257, 0.001391, 0.001267, 0.001337, 0.001303, 0.001368, 0.001246, 0.001333, 0.001059, 0.001305, 0.001148, 0.001359, 0.001290, 0.001414, 0.001282, 0.001524, 0.001332, 0.001514, 0.001293, 0.001514, 0.001232, 0.001447, 0.001198, 0.001415, 0.001320, 0.001358, 0.001233
12 , 3, 3, 3, 3, 3, 3, 3
12 , 0.002126, 0.002732, 0.003132, 0.003581, 0.003578, 0.003916, 0.003402
13 , 0.001496, 0.001471, 0.001319, 0.001537, 0.001451, 0.001368, 0.001344, 0.001349, 0.001286, 0.001354, 0.001235, 0.001366, 0.001311, 0.001256, 0.001257, 0.001391, 0.001267, 0.001337, 0.001303, 0.001368, 0.001246, 0.001333, 0.001059, 0.001305, 0.001148, 0.001359, 0.001290, 0.001414, 0.001282, 0.001524, 0.001332, 0.001514, 0.001293, 0.001514, 0.001232, 0.001447, 0.001198, 0.001415, 0.001320, 0.001358, 0.001233, 0.001415, 0.001253, 0.001381, 0.001171, 0.001412, 0.001227, 0.001387, 0.001173, 0.001387, 0.001348, 0.001561, 0.001379, 0.001409, 0.001251, 0.001403, 0.001187, 0.001316, 0.001254, 0.001351, 0.001229, 0.001326, 0.001294, 0.001419, 0.001262, 0.001394, 0.001267, 0.001275, 0.001152, 0.001222, 0.001129, 0.001313, 0.001124, 0.001214, 0.001082, 0.001326, 0.001293, 0.001360, 0.001236, 0.001324, 0.001196, 0.001169, 0.001258, 0.001291, 0.001166, 0.001343, 0.001249, 0.001254, 0.001310, 0.001366, 0.001337, 0.001366
13 , 1, 1, 1, 1, 3, 3, 0
13 , 0.003014, 0.002761, 0.001952, 0.001349, 0.000847, 0.000496, 0.000787
14 , 0.001227, 0.001387, 0.001173, 0.001387, 0.001348, 0.001561, 0.001379, 0.001409, 0.001251, 0.001403, 0.001187, 0.001316, 0.001254, 0.001351, 0.001229, 0.001326, 0.001294, 0.001419, 0.001262, 0.001394, 0.001267, 0.001275, 0.001152, 0.001222, 0.001129, 0.001313, 0.001124, 0.001214, 0.001082, 0.001326, 0.001293, 0.001360, 0.001236, 0.001324, 0.001196, 0.001169, 0.001258, 0.001291, 0.001166, 0.001343, 0.001249, 0.001254, 0.001310, 0.001366, 0.001337, 0.001366, 0.001455, 0.001458, 0.001366, 0.001427, 0.001272, 0.001308, 0.001250, 0.001219, 0.001340, 0.001343, 0.001406, 0.001375, 0.001408, 0.001316, 0.001407, 0.001226, 0.001355, 0.001324, 0.001359, 0.001292, 0.001324, 0.001262, 0.001381, 0.001257, 0.001321, 0.001318, 0.001404, 0.001253, 0.001467, 0.001427, 0.001493, 0.001275, 0.001364, 0.001360, 0.001692, 0.001480, 0.001514, 0.001324, 0.001479, 0.001414, 0.001443, 0.001440, 0.001566, 0.001380, 0.001686, 0.001499
14 , 2, 2, 2, 2, 2, 2, 2
14 , 0.003353, 0.003377, 0.003912, 0.003906, 0.004025, 0.003796, 0.003965
15 , 0.001272, 0.001308, 0.001250, 0.001219, 0.001340, 0.001343, 0.001406, 0.001375, 0.001408, 0.001316, 0.001407, 0.001226, 0.001355, 0.001324, 0.001359, 0.001292, 0.001324, 0.001262, 0.001381, 0.001257, 0.001321, 0.001318, 0.001404, 0.001253, 0.001467, 0.001427, 0.001493, 0.001275, 0.001364, 0.001360, 0.001692, 0.001480, 0.001514, 0.001324, 0.001479, 0.001414, 0.001443, 0.001440, 0.001566, 0.001380, 0.001686, 0.001499, 0.001679, 0.001523, 0.001589, 0.001406, 0.001592, 0.001379, 0.001533, 0.001382, 0.001511, 0.001451, 0.001581, 0.001278, 0.001616, 0.001398, 0.001682, 0.001345, 0.001438, 0.001377, 0.001442, 0.001316, 0.001379, 0.001316, 0.001442, 0.001324, 0.001447, 0.001231, 0.001414, 0.001317, 0.001446, 0.001322, 0.001384, 0.001284, 0.001408, 0.001344, 0.001463, 0.001333, 0.001455, 0.001329, 0.001509, 0.001536, 0.001503, 0.001321, 0.001379, 0.001500, 0.001564, 0.001411, 0.001384, 0.001443, 0.001443, 0.001413
15 , 3, 3, 3, 3, 0, 0, 0
15 , 0.003009, 0.003337, 0.003252, 0.003522, 0.003503, 0.004252, 0.004228
16 , 0.001451, 0.001581, 0.001278, 0.001616, 0.001398, 0.001682, 0.001345, 0.001438, 0.001377, 0.001442, 0.001316, 0.001379, 0.001316, 0.001442, 0.001324, 0.001447, 0.001231, 0.001414, 0.001317, 0.001446, 0.001322, 0.001384, 0.001284, 0.001408, 0.001344, 0.001463, 0.001333, 0.001455, 0.001329, 0.001509, 0.001536, 0.001503, 0.001321, 0.001379, 0.001500, 0.001564, 0.001411, 0.001384, 0.001443, 0.001443, 0.001413, 0.001561, 0.001649, 0.001464, 0.001494, 0.001585, 0.001614, 0.001614, 0.001555, 0.001435, 0.001437, 0.001403, 0.001529, 0.001468, 0.001531, 0.001469, 0.001411, 0.001325, 0.001422, 0.001333, 0.001427, 0.001338, 0.001408, 0.001348, 0.001419, 0.001298, 0.001421, 0.001292, 0.001415, 0.001258, 0.001439, 0.001312, 0.001584, 0.001273, 0.001430, 0.001305, 0.001452, 0.001328, 0.001605, 0.001360, 0.001541, 0.001324, 0.001602, 0.001448, 0.001511, 0.001446, 0.001567, 0.001414, 0.001634, 0.001385, 0.001544, 0.001394
16 , 3, 0, 0, 0, 0, 0, 0
16 , 0.000349, 0.000484, 0.001418, 0.001903, 0.002971, 0.003046, 0.003354
