0 , 0.001834, 0.001670, 0.001734, 0.001919, 0.001883, 0.001868, 0.001600, 0.001880, 0.001974, 0.001971, 0.001953, 0.001788, 0.002025, 0.001921, 0.002049, 0.001909, 0.002027, 0.002121, 0.002009, 0.001994, 0.001837, 0.001963, 0.002165, 0.000177, 0.001788, 0.001548, 0.001606, 0.001395, 0.001371, 0.001340, 0.001530, 0.001226, 0.001325, 0.001224, 0.001291, 0.001173, 0.001272, 0.001064, 0.001214, 0.001179, 0.001270, 0.001264, 0.001240, 0.001115, 0.001394, 0.001142, 0.001134, 0.001090, 0.001833, 0.001992, 0.001965, 0.002050, 0.001982, 0.001928, 0.002089, 0.001851, 0.002069, 0.001851, 0.002140, 0.002184, 0.002151, 0.001932, 0.002033, 0.002265, 0.002201, 0.002269, 0.001999, 0.002070, 0.002309, 0.002042, 0.002188, 0.001161, 0.000976, 0.001656, 0.001579, 0.001495, 0.001304, 0.001517, 0.001292, 0.001289, 0.001343, 0.001560, 0.001372, 0.001556, 0.001461, 0.001587, 0.001488, 0.001583, 0.001309, 0.001527, 0.001376, 0.001530
0 , 1, 1, 1, 1, 1, 1, 1
0 , 0.018720, 0.021465, 0.024885, 0.028005, 0.029297, 0.024853, 0.024555
1 , 0.001965, 0.002050, 0.001982, 0.001928, 0.002089, 0.001851, 0.002069, 0.001851, 0.002140, 0.002184, 0.002151, 0.001932, 0.002033, 0.002265, 0.002201, 0.002269, 0.001999, 0.002070, 0.002309, 0.002042, 0.002188, 0.001161, 0.000976, 0.001656, 0.001579, 0.001495, 0.001304, 0.001517, 0.001292, 0.001289, 0.001343, 0.001560, 0.001372, 0.001556, 0.001461, 0.001587, 0.001488, 0.001583, 0.001309, 0.001527, 0.001376, 0.001530, 0.001345, 0.001413, 0.001469, 0.001393, 0.001552, 0.000116, 0.001625, 0.001788, 0.001805, 0.001685, 0.001992, 0.001809, 0.001976, 0.001869, 0.002112, 0.002169, 0.001920, 0.002193, 0.001951, 0.002092, 0.002035, 0.002051, 0.002075, 0.001933, 0.002097, 0.002046, 0.002145, 0.001983, 0.001944, 0.001968, 0.000590, 0.001818, 0.001592, 0.001576, 0.001477, 0.001506, 0.001441, 0.001447, 0.001386, 0.001569, 0.001323, 0.001476, 0.001317, 0.001503, 0.001379, 0.001535, 0.001408, 0.001414, 0.001472, 0.001568
1 , 1, 1, 1, 1, 1, 1, 1
1 , 0.018672, 0.021605, 0.023856, 0.023403, 0.025720, 0.023498, 0.023248
2 , 0.001805, 0.001685, 0.001992, 0.001809, 0.001976, 0.001869, 0.002112, 0.002169, 0.001920, 0.002193, 0.001951, 0.002092, 0.002035, 0.002051, 0.002075, 0.001933, 0.002097, 0.002046, 0.002145, 0.001983, 0.001944, 0.001968, 0.000590, 0.001818, 0.001592, 0.001576, 0.001477, 0.001506, 0.001441, 0.001447, 0.001386, 0.001569, 0.001323, 0.001476, 0.001317, 0.001503, 0.001379, 0.001535, 0.001408, 0.001414, 0.001472, 0.001568, 0.001372, 0.001415, 0.001484, 0.000867, 0.001415, 0.001591, 0.001803, 0.001697, 0.001907, 0.001916, 0.001613, 0.002004, 0.001752, 0.001810, 0.001652, 0.001907, 0.001956, 0.001874, 0.001935, 0.001676, 0.002077, 0.001980, 0.001770, 0.001865, 0.001704, 0.001995, 0.001722, 0.001898, 0.001724, 0.002054, 0.000578, 0.001685, 0.001666, 0.001755, 0.001539, 0.001474, 0.001415, 0.001477, 0.001417, 0.001454, 0.001485, 0.001577, 0.001457, 0.001455, 0.001513, 0.001474, 0.001535, 0.001569, 0.001506, 0.001474
2 , 1, 1, 1, 1, 1, 1, 1
2 , 0.013901, 0.016657, 0.019476, 0.020766, 0.019594, 0.017704, 0.017517
3 , 0.001697, 0.001907, 0.001916, 0.001613, 0.002004, 0.001752, 0.001810, 0.001652, 0.001907, 0.001956, 0.001874, 0.001935, 0.001676, 0.002077, 0.001980, 0.001770, 0.001865, 0.001704, 0.001995, 0.001722, 0.001898, 0.001724, 0.002054, 0.000578, 0.001685, 0.001666, 0.001755, 0.001539, 0.001474, 0.001415, 0.001477, 0.001417, 0.001454, 0.001485, 0.001577, 0.001457, 0.001455, 0.001513, 0.001474, 0.001535, 0.001569, 0.001506, 0.001474, 0.001475, 0.001389, 0.001355, 0.001532, 0.001448, 0.001267, 0.000573, 0.001728, 0.001546, 0.001728, 0.001777, 0.001707, 0.001865, 0.001746, 0.002038, 0.001944, 0.001971, 0.001883, 0.001795, 0.001895, 0.001698, 0.001941, 0.001762, 0.001859, 0.001928, 0.001768, 0.001868, 0.001783, 0.001910, 0.002004, 0.001295, 0.001535, 0.001625, 0.001587, 0.001441, 0.001627, 0.001267, 0.001451, 0.001297, 0.001390, 0.001263, 0.001413, 0.001354, 0.001478, 0.001382, 0.001480, 0.001231, 0.001538, 0.001322
3 , 1, 1, 1, 1, 1, 1, 1
3 , 0.009674, 0.011229, 0.012920, 0.013744, 0.015514, 0.014828, 0.016101
4 , 0.001728, 0.001777, 0.001707, 0.001865, 0.001746, 0.002038, 0.001944, 0.001971, 0.001883, 0.001795, 0.001895, 0.001698, 0.001941, 0.001762, 0.001859, 0.001928, 0.001768, 0.001868, 0.001783, 0.001910, 0.002004, 0.001295, 0.001535, 0.001625, 0.001587, 0.001441, 0.001627, 0.001267, 0.001451, 0.001297, 0.001390, 0.001263, 0.001413, 0.001354, 0.001478, 0.001382, 0.001480, 0.001231, 0.001538, 0.001322, 0.001566, 0.001409, 0.001625, 0.001391, 0.001736, 0.000049, 0.001527, 0.001731, 0.001767, 0.001637, 0.001655, 0.001655, 0.001892, 0.001718, 0.001901, 0.001818, 0.002134, 0.002030, 0.002013, 0.001925, 0.001791, 0.001897, 0.001818, 0.001990, 0.001816, 0.002014, 0.002083, 0.002000, 0.002053, 0.001827, 0.000420, 0.001785, 0.001619, 0.001540, 0.001382, 0.001568, 0.001563, 0.001532, 0.001465, 0.001344, 0.001404, 0.001525, 0.001583, 0.001522, 0.001517, 0.001572, 0.001598, 0.001684, 0.001620, 0.001587, 0.001700, 0.001699
4 , 1, 1, 1, 1, 1, 1, 1
4 , 0.012387, 0.014682, 0.018818, 0.015948, 0.015766, 0.015248, 0.014711
5 , 0.001767, 0.001637, 0.001655, 0.001655, 0.001892, 0.001718, 0.001901, 0.001818, 0.002134, 0.002030, 0.002013, 0.001925, 0.001791, 0.001897, 0.001818, 0.001990, 0.001816, 0.002014, 0.002083, 0.002000, 0.002053, 0.001827, 0.000420, 0.001785, 0.001619, 0.001540, 0.001382, 0.001568, 0.001563, 0.001532, 0.001465, 0.001344, 0.001404, 0.001525, 0.001583, 0.001522, 0.001517, 0.001572, 0.001598, 0.001684, 0.001620, 0.001587, 0.001700, 0.001699, 0.001631, 0.001697, 0.001811, 0.001035, 0.001002, 0.001600, 0.001491, 0.001400, 0.001670, 0.001631, 0.001652, 0.001525, 0.001692, 0.001813, 0.001785, 0.001785, 0.001727, 0.001946, 0.001589, 0.001759, 0.001806, 0.001955, 0.002042, 0.001723, 0.001928, 0.001844, 0.001854, 0.002053, 0.000295, 0.001893, 0.001749, 0.001685, 0.001434, 0.001648, 0.001521, 0.001581, 0.001573, 0.001664, 0.001478, 0.001697, 0.001449, 0.001699, 0.001572, 0.001606, 0.001542, 0.001696, 0.001538, 0.001720
5 , 1, 1, 1, 1, 1, 1, 1
5 , 0.005749, 0.008598, 0.009932, 0.010222, 0.009644, 0.008321, 0.008983
6 , 0.001600, 0.001491, 0.001400, 0.001670, 0.001631, 0.001652, 0.001525, 0.001692, 0.001813, 0.001785, 0.001785, 0.001727, 0.001946, 0.001589, 0.001759, 0.001806, 0.001955, 0.002042, 0.001723, 0.001928, 0.001844, 0.001854, 0.002053, 0.000295, 0.001893, 0.001749, 0.001685, 0.001434, 0.001648, 0.001521, 0.001581, 0.001573, 0.001664, 0.001478, 0.001697, 0.001449, 0.001699, 0.001572, 0.001606, 0.001542, 0.001696, 0.001538, 0.001720, 0.001687, 0.001842, 0.001507, 0.001767, 0.000766, 0.001453, 0.001538, 0.001655, 0.001613, 0.001559, 0.001514, 0.001864, 0.001588, 0.001746, 0.001484, 0.001763, 0.001834, 0.001602, 0.001765, 0.001576, 0.001963, 0.001671, 0.001704, 0.001695, 0.001658, 0.001846, 0.001656, 0.001928, 0.001153, 0.001137, 0.001742, 0.001784, 0.001576, 0.001505, 0.001596, 0.001494, 0.001740, 0.001646, 0.001645, 0.001647, 0.001708, 0.001529, 0.001593, 0.001535, 0.001602, 0.001507, 0.001569, 0.001529, 0.001762
6 , 1, 1, 1, 1, 1, 1, 1
6 , 0.001588, 0.002073, 0.003496, 0.004764, 0.006378, 0.003096, 0.004189
7 , 0.001655, 0.001613, 0.001559, 0.001514, 0.001864, 0.001588, 0.001746, 0.001484, 0.001763, 0.001834, 0.001602, 0.001765, 0.001576, 0.001963, 0.001671, 0.001704, 0.001695, 0.001658, 0.001846, 0.001656, 0.001928, 0.001153, 0.001137, 0.001742, 0.001784, 0.001576, 0.001505, 0.001596, 0.001494, 0.001740, 0.001646, 0.001645, 0.001647, 0.001708, 0.001529, 0.001593, 0.001535, 0.001602, 0.001507, 0.001569, 0.001529, 0.001762, 0.001663, 0.001747, 0.001702, 0.001677, 0.001926, 0.000392, 0.001172, 0.001267, 0.001314, 0.001114, 0.001318, 0.001308, 0.001291, 0.001194, 0.001361, 0.001381, 0.001438, 0.001529, 0.001398, 0.001673, 0.001725, 0.001746, 0.001795, 0.001652, 0.001979, 0.001874, 0.001860, 0.001891, 0.001918, 0.001977, 0.000397, 0.001799, 0.001542, 0.001489, 0.001299, 0.001574, 0.001472, 0.001651, 0.001519, 0.001582, 0.001326, 0.001486, 0.001377, 0.001679, 0.001486, 0.001575, 0.001565, 0.001690, 0.001501, 0.001743
7 , 2, 2, 2, 2, 1, 2, 2
7 , 0.002507, 0.003023, 0.003145, 0.001818, 0.002261, 0.002999, 0.003133
8 , 0.001172, 0.001267, 0.001314, 0.001114, 0.001318, 0.001308, 0.001291, 0.001194, 0.001361, 0.001381, 0.001438, 0.001529, 0.001398, 0.001673, 0.001725, 0.001746, 0.001795, 0.001652, 0.001979, 0.001874, 0.001860, 0.001891, 0.001918, 0.001977, 0.000397, 0.001799, 0.001542, 0.001489, 0.001299, 0.001574, 0.001472, 0.001651, 0.001519, 0.001582, 0.001326, 0.001486, 0.001377, 0.001679, 0.001486, 0.001575, 0.001565, 0.001690, 0.001501, 0.001743, 0.001669, 0.001770, 0.001724, 0.001469, 0.000935, 0.001318, 0.001488, 0.001506, 0.001388, 0.001518, 0.001318, 0.001603, 0.001555, 0.001649, 0.001488, 0.001582, 0.001734, 0.001655, 0.001760, 0.001586, 0.001768, 0.001837, 0.001837, 0.001810, 0.001642, 0.001881, 0.001793, 0.002188, 0.000265, 0.001512, 0.001720, 0.001648, 0.001656, 0.001674, 0.001618, 0.001520, 0.001602, 0.001571, 0.001609, 0.001480, 0.001604, 0.001477, 0.001626, 0.001471, 0.001568, 0.001382, 0.001624, 0.001498
8 , 3, 3, 3, 3, 1, 1, 1
8 , 0.003199, 0.003029, 0.003373, 0.002070, 0.002770, 0.002542, 0.000770
9 , 0.000935, 0.001318, 0.001488, 0.001506, 0.001388, 0.001518, 0.001318, 0.001603, 0.001555, 0.001649, 0.001488, 0.001582, 0.001734, 0.001655, 0.001760, 0.001586, 0.001768, 0.001837, 0.001837, 0.001810, 0.001642, 0.001881, 0.001793, 0.002188, 0.000265, 0.001512, 0.001720, 0.001648, 0.001656, 0.001674, 0.001618, 0.001520, 0.001602, 0.001571, 0.001609, 0.001480, 0.001604, 0.001477, 0.001626, 0.001471, 0.001568, 0.001382, 0.001624, 0.001498, 0.001616, 0.001576, 0.001639, 0.001601, 0.001698, 0.001601, 0.000355, 0.001409, 0.001388, 0.001527, 0.001394, 0.001555, 0.001534, 0.001521, 0.001576, 0.001439, 0.001816, 0.001693, 0.001771, 0.001768, 0.001744, 0.001755, 0.001685, 0.001738, 0.001704, 0.001805, 0.001741, 0.001822, 0.001696, 0.001723, 0.001434, 0.001215, 0.001900, 0.001761, 0.001799, 0.001638, 0.001732, 0.001550, 0.001526, 0.001462, 0.001741, 0.001520, 0.001673, 0.001635, 0.001726, 0.001605, 0.001668, 0.001389
9 , 0, 2, 2, 2, 2, 2, 2
9 , 0.002354, 0.002018, 0.001637, 0.001836, 0.002518, 0.003645, 0.000714
10 , 0.001409, 0.001388, 0.001527, 0.001394, 0.001555, 0.001534, 0.001521, 0.001576, 0.001439, 0.001816, 0.001693, 0.001771, 0.001768, 0.001744, 0.001755, 0.001685, 0.001738, 0.001704, 0.001805, 0.001741, 0.001822, 0.001696, 0.001723, 0.001434, 0.001215, 0.001900, 0.001761, 0.001799, 0.001638, 0.001732, 0.001550, 0.001526, 0.001462, 0.001741, 0.001520, 0.001673, 0.001635, 0.001726, 0.001605, 0.001668, 0.001389, 0.001677, 0.001461, 0.001472, 0.001433, 0.001516, 0.001637, 0.000421, 0.001603, 0.001645, 0.001695, 0.001854, 0.001931, 0.002036, 0.001699, 0.001928, 0.001989, 0.001898, 0.001901, 0.001783, 0.001935, 0.001729, 0.001992, 0.001728, 0.001733, 0.001798, 0.001625, 0.001749, 0.001430, 0.001777, 0.001616, 0.001536, 0.001461, 0.001579, 0.000267, 0.001974, 0.001904, 0.002030, 0.001783, 0.001816, 0.001723, 0.001755, 0.001670, 0.001733, 0.001617, 0.001690, 0.001665, 0.001582, 0.001559, 0.001596, 0.001449, 0.001453
10 , 3, 3, 3, 1, 1, 1, 1
10 , 0.003431, 0.002911, 0.002971, 0.003843, 0.006713, 0.006384, 0.005753
11 , 0.001695, 0.001854, 0.001931, 0.002036, 0.001699, 0.001928, 0.001989, 0.001898, 0.001901, 0.001783, 0.001935, 0.001729, 0.001992, 0.001728, 0.001733, 0.001798, 0.001625, 0.001749, 0.001430, 0.001777, 0.001616, 0.001536, 0.001461, 0.001579, 0.000267, 0.001974, 0.001904, 0.002030, 0.001783, 0.001816, 0.001723, 0.001755, 0.001670, 0.001733, 0.001617, 0.001690, 0.001665, 0.001582, 0.001559, 0.001596, 0.001449, 0.001453, 0.001396, 0.001525, 0.001401, 0.001501, 0.001409, 0.001505, 0.001358, 0.001477, 0.001354, 0.001507, 0.001529, 0.001617, 0.001491, 0.001546, 0.001475, 0.001597, 0.001444, 0.001561, 0.001459, 0.001699, 0.001575, 0.001663, 0.001531, 0.001623, 0.001526, 0.001767, 0.001641, 0.001761, 0.001544, 0.001668, 0.001663, 0.001785, 0.001689, 0.001817, 0.001633, 0.001785, 0.001574, 0.001852, 0.001667, 0.001763, 0.001639, 0.001703, 0.001644, 0.001743, 0.001626, 0.001784, 0.001542, 0.001730, 0.001606, 0.001670
11 , 2, 2, 2, 2, 2, 2, 2
11 , 0.006664, 0.008245, 0.007958, 0.007967, 0.007405, 0.007024, 0.003630
12 , 0.001505, 0.001358, 0.001477, 0.001354, 0.001507, 0.001529, 0.001617, 0.001491, 0.001546, 0.001475, 0.001597, 0.001444, 0.001561, 0.001459, 0.001699, 0.001575, 0.001663, 0.001531, 0.001623, 0.001526, 0.001767, 0.001641, 0.001761, 0.001544, 0.001668, 0.001663, 0.001785, 0.001689, 0.001817, 0.001633, 0.001785, 0.001574, 0.001852, 0.001667, 0.001763, 0.001639, 0.001703, 0.001644, 0.001743, 0.001626, 0.001784, 0.001542, 0.001730, 0.001606, 0.001670, 0.001547, 0.001641, 0.001573, 0.001700, 0.001457, 0.001644, 0.001607, 0.001643, 0.001432, 0.001683, 0.001438, 0.001562, 0.001443, 0.001597, 0.001466, 0.001652, 0.001525, 0.001656, 0.001405, 0.001596, 0.001506, 0.001729, 0.001394, 0.001492, 0.001337, 0.001558, 0.001462, 0.001610, 0.001452, 0.001549, 0.001390, 0.001637, 0.001420, 0.001608, 0.001540, 0.001575, 0.001512, 0.001636, 0.001443, 0.001595, 0.001558, 0.001624, 0.001466, 0.001647, 0.001373, 0.001654, 0.001583
12 , 3, 3, 3, 3, 0, 0, 0
12 , 0.004824, 0.004783, 0.003770, 0.003431, 0.003284, 0.003283, 0.003019
13 , 0.001641, 0.001573, 0.001700, 0.001457, 0.001644, 0.001607, 0.001643, 0.001432, 0.001683, 0.001438, 0.001562, 0.001443, 0.001597, 0.001466, 0.001652, 0.001525, 0.001656, 0.001405, 0.001596, 0.001506, 0.001729, 0.001394, 0.001492, 0.001337, 0.001558, 0.001462, 0.001610, 0.001452, 0.001549, 0.001390, 0.001637, 0.001420, 0.001608, 0.001540, 0.001575, 0.001512, 0.001636, 0.001443, 0.001595, 0.001558, 0.001624, 0.001466, 0.001647, 0.001373, 0.001654, 0.001583, 0.001707, 0.001550, 0.001585, 0.001489, 0.001610, 0.001670, 0.001644, 0.001583, 0.001715, 0.001382, 0.001543, 0.001506, 0.001574, 0.001389, 0.001451, 0.001541, 0.001575, 0.001323, 0.001408, 0.001376, 0.001563, 0.001594, 0.001774, 0.001616, 0.001529, 0.001554, 0.001706, 0.001617, 0.001675, 0.001641, 0.001609, 0.001663, 0.001635, 0.001668, 0.001549, 0.001560, 0.001496, 0.001651, 0.001563, 0.001593, 0.001618, 0.001673, 0.001668, 0.001729, 0.001724, 0.001778
13 , 2, 2, 2, 2, 2, 0, 0
13 , 0.002909, 0.002496, 0.002776, 0.002739, 0.002620, 0.002121, 0.002243
14 , 0.001707, 0.001550, 0.001585, 0.001489, 0.001610, 0.001670, 0.001644, 0.001583, 0.001715, 0.001382, 0.001543, 0.001506, 0.001574, 0.001389, 0.001451, 0.001541, 0.001575, 0.001323, 0.001408, 0.001376, 0.001563, 0.001594, 0.001774, 0.001616, 0.001529, 0.001554, 0.001706, 0.001617, 0.001675, 0.001641, 0.001609, 0.001663, 0.001635, 0.001668, 0.001549, 0.001560, 0.001496, 0.001651, 0.001563, 0.001593, 0.001618, 0.001673, 0.001668, 0.001729, 0.001724, 0.001778, 0.001646, 0.001708, 0.001793, 0.001817, 0.001751, 0.001903, 0.001808, 0.001783, 0.001656, 0.001804, 0.001711, 0.001896, 0.001742, 0.001957, 0.001773, 0.001901, 0.001781, 0.001847, 0.001693, 0.001822, 0.001735, 0.001953, 0.001744, 0.001718, 0.001599, 0.001763, 0.001582, 0.001558, 0.001498, 0.001600, 0.001352, 0.001602, 0.001481, 0.001548, 0.001330, 0.001519, 0.001478, 0.001752, 0.001593, 0.001717, 0.001527, 0.001679, 0.001519, 0.001763, 0.001570, 0.001753
14 , 3, 3, 3, 3, 3, 3, 3
14 , 0.006460, 0.006805, 0.007197, 0.007038, 0.007097, 0.006714, 0.006713
15 , 0.001793, 0.001817, 0.001751, 0.001903, 0.001808, 0.001783, 0.001656, 0.001804, 0.001711, 0.001896, 0.001742, 0.001957, 0.001773, 0.001901, 0.001781, 0.001847, 0.001693, 0.001822, 0.001735, 0.001953, 0.001744, 0.001718, 0.001599, 0.001763, 0.001582, 0.001558, 0.001498, 0.001600, 0.001352, 0.001602, 0.001481, 0.001548, 0.001330, 0.001519, 0.001478, 0.001752, 0.001593, 0.001717, 0.001527, 0.001679, 0.001519, 0.001763, 0.001570, 0.001753, 0.001627, 0.001866, 0.001645, 0.001736, 0.001697, 0.001790, 0.001757, 0.001976, 0.001692, 0.001850, 0.001760, 0.001789, 0.001760, 0.001820, 0.001789, 0.001760, 0.001697, 0.001913, 0.001785, 0.001822, 0.001700, 0.001820, 0.001788, 0.001791, 0.001821, 0.001790, 0.001823, 0.001793, 0.001915, 0.001913, 0.001848, 0.001910, 0.001882, 0.001850, 0.001703, 0.001767, 0.001678, 0.001835, 0.001713, 0.001684, 0.001686, 0.001565, 0.001693, 0.001633, 0.001726, 0.001577, 0.001671, 0.001580
15 , 1, 1, 1, 1, 1, 1, 1
15 , 0.004508, 0.005446, 0.005464, 0.005967, 0.005844, 0.006438, 0.006356
16 , 0.001976, 0.001692, 0.001850, 0.001760, 0.001789, 0.001760, 0.001820, 0.001789, 0.001760, 0.001697, 0.001913, 0.001785, 0.001822, 0.001700, 0.001820, 0.001788, 0.001791, 0.001821, 0.001790, 0.001823, 0.001793, 0.001915, 0.001913, 0.001848, 0.001910, 0.001882, 0.001850, 0.001703, 0.001767, 0.001678, 0.001835, 0.001713, 0.001684, 0.001686, 0.001565, 0.001693, 0.001633, 0.001726, 0.001577, 0.001671, 0.001580, 0.001644, 0.001550, 0.001740, 0.001441, 0.001570, 0.001446, 0.001631, 0.001541, 0.001785, 0.001562, 0.001531, 0.001585, 0.001704, 0.001602, 0.001691, 0.001595, 0.001715, 0.001560, 0.001806, 0.001646, 0.001735, 0.001760, 0.001797, 0.001640, 0.001859, 0.001706, 0.001830, 0.001587, 0.001835, 0.001617, 0.001805, 0.001621, 0.001750, 0.001652, 0.001753, 0.001597, 0.001816, 0.001573, 0.001765, 0.001554, 0.001649, 0.001525, 0.001709, 0.001488, 0.001676, 0.001463, 0.001586, 0.001493, 0.001560, 0.001438, 0.001568
16 , 1, 1, 1, 1, 1, 1, 1
16 , 0.001208, 0.001888, 0.002776, 0.003622, 0.004307, 0.004838, 0.005262
