0 , 0.001544, 0.001574, 0.001635, 0.001576, 0.001575, 0.001547, 0.001548, 0.001547, 0.001545, 0.001604, 0.001549, 0.001521, 0.001643, 0.001555, 0.001587, 0.001526, 0.001499, 0.001559, 0.001441, 0.001436, 0.001365, 0.001443, 0.000102, 0.001785, 0.001645, 0.002036, 0.002053, 0.001941, 0.002045, 0.002015, 0.002207, 0.002145, 0.002176, 0.002090, 0.002172, 0.002267, 0.002245, 0.002306, 0.002035, 0.002306, 0.002218, 0.002236, 0.002106, 0.001997, 0.002231, 0.002037, 0.001741, 0.000792, 0.001541, 0.001676, 0.001493, 0.001457, 0.001330, 0.001574, 0.001384, 0.001505, 0.001405, 0.001617, 0.001339, 0.001613, 0.001459, 0.001582, 0.001360, 0.001606, 0.001480, 0.001637, 0.001486, 0.001606, 0.001457, 0.001809, 0.000601, 0.001169, 0.001598, 0.001568, 0.001629, 0.001573, 0.001835, 0.001759, 0.001935, 0.001842, 0.001879, 0.001892, 0.001761, 0.001892, 0.001743, 0.001963, 0.001765, 0.001756, 0.001755, 0.001703, 0.001903, 0.001710
0 , 0, 0, 0, 0, 0, 0, 0
0 , 0.011928, 0.013807, 0.015211, 0.018135, 0.020611, 0.020047, 0.020200
1 , 0.001493, 0.001457, 0.001330, 0.001574, 0.001384, 0.001505, 0.001405, 0.001617, 0.001339, 0.001613, 0.001459, 0.001582, 0.001360, 0.001606, 0.001480, 0.001637, 0.001486, 0.001606, 0.001457, 0.001809, 0.000601, 0.001169, 0.001598, 0.001568, 0.001629, 0.001573, 0.001835, 0.001759, 0.001935, 0.001842, 0.001879, 0.001892, 0.001761, 0.001892, 0.001743, 0.001963, 0.001765, 0.001756, 0.001755, 0.001703, 0.001903, 0.001710, 0.001890, 0.001545, 0.001591, 0.001490, 0.001759, 0.000281, 0.002024, 0.002027, 0.001906, 0.001873, 0.001845, 0.001787, 0.001791, 0.001763, 0.001764, 0.001860, 0.001470, 0.001506, 0.001478, 0.001697, 0.001636, 0.001521, 0.001550, 0.001647, 0.001495, 0.001529, 0.001438, 0.001588, 0.001434, 0.001622, 0.001254, 0.000960, 0.001695, 0.001748, 0.001904, 0.001775, 0.001832, 0.001879, 0.001670, 0.001976, 0.001654, 0.001837, 0.001907, 0.001874, 0.001805, 0.001664, 0.001914, 0.001808, 0.001899, 0.001784
1 , 0, 0, 0, 0, 0, 0, 0
1 , 0.006213, 0.005502, 0.007544, 0.009315, 0.006827, 0.008579, 0.010552
2 , 0.001845, 0.001787, 0.001791, 0.001763, 0.001764, 0.001860, 0.001470, 0.001506, 0.001478, 0.001697, 0.001636, 0.001521, 0.001550, 0.001647, 0.001495, 0.001529, 0.001438, 0.001588, 0.001434, 0.001622, 0.001254, 0.000960, 0.001695, 0.001748, 0.001904, 0.001775, 0.001832, 0.001879, 0.001670, 0.001976, 0.001654, 0.001837, 0.001907, 0.001874, 0.001805, 0.001664, 0.001914, 0.001808, 0.001899, 0.001784, 0.001899, 0.001890, 0.001765, 0.001726, 0.001738, 0.001121, 0.001338, 0.001826, 0.001786, 0.001729, 0.001688, 0.001694, 0.001508, 0.001813, 0.001569, 0.001663, 0.001541, 0.001611, 0.001363, 0.001614, 0.001431, 0.001498, 0.001401, 0.001437, 0.001311, 0.001537, 0.001464, 0.001481, 0.001486, 0.000072, 0.001696, 0.001625, 0.001685, 0.001770, 0.001773, 0.001941, 0.001698, 0.001729, 0.001853, 0.001726, 0.001673, 0.001554, 0.001867, 0.001757, 0.001691, 0.001744, 0.001498, 0.001649, 0.001583, 0.001619, 0.001534, 0.001612
2 , 0, 0, 0, 0, 0, 0, 0
2 , 0.004044, 0.004949, 0.007978, 0.008829, 0.009262, 0.009234, 0.008570
3 , 0.001688, 0.001694, 0.001508, 0.001813, 0.001569, 0.001663, 0.001541, 0.001611, 0.001363, 0.001614, 0.001431, 0.001498, 0.001401, 0.001437, 0.001311, 0.001537, 0.001464, 0.001481, 0.001486, 0.000072, 0.001696, 0.001625, 0.001685, 0.001770, 0.001773, 0.001941, 0.001698, 0.001729, 0.001853, 0.001726, 0.001673, 0.001554, 0.001867, 0.001757, 0.001691, 0.001744, 0.001498, 0.001649, 0.001583, 0.001619, 0.001534, 0.001612, 0.001575, 0.001478, 0.001436, 0.002042, 0.001878, 0.001761, 0.001826, 0.001556, 0.001712, 0.001527, 0.001595, 0.001471, 0.001745, 0.001587, 0.001681, 0.001560, 0.001771, 0.001617, 0.001711, 0.001618, 0.001710, 0.001465, 0.001686, 0.001601, 0.001788, 0.001433, 0.001791, 0.000655, 0.001540, 0.001736, 0.001780, 0.001702, 0.001884, 0.001817, 0.002124, 0.001927, 0.002122, 0.002044, 0.002152, 0.002231, 0.002149, 0.002232, 0.002066, 0.002273, 0.002247, 0.002136, 0.002045, 0.001992, 0.002126, 0.001965
3 , 0, 0, 0, 0, 0, 0, 0
3 , 0.006831, 0.009795, 0.013088, 0.014207, 0.014407, 0.014552, 0.012520
4 , 0.001527, 0.001595, 0.001471, 0.001745, 0.001587, 0.001681, 0.001560, 0.001771, 0.001617, 0.001711, 0.001618, 0.001710, 0.001465, 0.001686, 0.001601, 0.001788, 0.001433, 0.001791, 0.000655, 0.001540, 0.001736, 0.001780, 0.001702, 0.001884, 0.001817, 0.002124, 0.001927, 0.002122, 0.002044, 0.002152, 0.002231, 0.002149, 0.002232, 0.002066, 0.002273, 0.002247, 0.002136, 0.002045, 0.001992, 0.002126, 0.001965, 0.001830, 0.001897, 0.000300, 0.001659, 0.001807, 0.001886, 0.001820, 0.001656, 0.001715, 0.001678, 0.001829, 0.001643, 0.001796, 0.001641, 0.001796, 0.001576, 0.001821, 0.001695, 0.001820, 0.001666, 0.001786, 0.001784, 0.001816, 0.001721, 0.001965, 0.001426, 0.000501, 0.001428, 0.001379, 0.001252, 0.001473, 0.001484, 0.001686, 0.001575, 0.001533, 0.001718, 0.001716, 0.001893, 0.001641, 0.001860, 0.001907, 0.001903, 0.001887, 0.001732, 0.002032, 0.001965, 0.001935, 0.001908, 0.001887, 0.002024, 0.001039
4 , 0, 0, 0, 0, 0, 0, 0
4 , 0.008614, 0.009708, 0.010673, 0.011132, 0.011530, 0.011467, 0.011022
5 , 0.001678, 0.001829, 0.001643, 0.001796, 0.001641, 0.001796, 0.001576, 0.001821, 0.001695, 0.001820, 0.001666, 0.001786, 0.001784, 0.001816, 0.001721, 0.001965, 0.001426, 0.000501, 0.001428, 0.001379, 0.001252, 0.001473, 0.001484, 0.001686, 0.001575, 0.001533, 0.001718, 0.001716, 0.001893, 0.001641, 0.001860, 0.001907, 0.001903, 0.001887, 0.001732, 0.002032, 0.001965, 0.001935, 0.001908, 0.001887, 0.002024, 0.001039, 0.001582, 0.001765, 0.001660, 0.001511, 0.001482, 0.001387, 0.001606, 0.001421, 0.001514, 0.001353, 0.001569, 0.001414, 0.001389, 0.001355, 0.001445, 0.001317, 0.001654, 0.001434, 0.001591, 0.001345, 0.001650, 0.001465, 0.001674, 0.001435, 0.001751, 0.000017, 0.001606, 0.001692, 0.001747, 0.001541, 0.001580, 0.001610, 0.001865, 0.001750, 0.001755, 0.001650, 0.001786, 0.001852, 0.001744, 0.001890, 0.001680, 0.001847, 0.001820, 0.001571, 0.001714, 0.001711, 0.001951, 0.001804, 0.001795, 0.001553
5 , 0, 0, 0, 0, 0, 0, 0
5 , 0.008116, 0.009091, 0.009676, 0.009469, 0.008620, 0.008836, 0.008711
6 , 0.001606, 0.001421, 0.001514, 0.001353, 0.001569, 0.001414, 0.001389, 0.001355, 0.001445, 0.001317, 0.001654, 0.001434, 0.001591, 0.001345, 0.001650, 0.001465, 0.001674, 0.001435, 0.001751, 0.000017, 0.001606, 0.001692, 0.001747, 0.001541, 0.001580, 0.001610, 0.001865, 0.001750, 0.001755, 0.001650, 0.001786, 0.001852, 0.001744, 0.001890, 0.001680, 0.001847, 0.001820, 0.001571, 0.001714, 0.001711, 0.001951, 0.001804, 0.001795, 0.001553, 0.000750, 0.001705, 0.001759, 0.001792, 0.001669, 0.001669, 0.001610, 0.001549, 0.001645, 0.001553, 0.001586, 0.001645, 0.001644, 0.001578, 0.001643, 0.001641, 0.001609, 0.001729, 0.001727, 0.001575, 0.001602, 0.001518, 0.001745, 0.000748, 0.001155, 0.001629, 0.001607, 0.001370, 0.001653, 0.001670, 0.001715, 0.001754, 0.001696, 0.001785, 0.001630, 0.001752, 0.001592, 0.001816, 0.001727, 0.001699, 0.001815, 0.001591, 0.001873, 0.001715, 0.001838, 0.001689, 0.001614, 0.002028
6 , 0, 0, 0, 0, 0, 0, 0
6 , 0.006156, 0.008512, 0.008550, 0.008883, 0.007986, 0.008242, 0.008393
7 , 0.001669, 0.001610, 0.001549, 0.001645, 0.001553, 0.001586, 0.001645, 0.001644, 0.001578, 0.001643, 0.001641, 0.001609, 0.001729, 0.001727, 0.001575, 0.001602, 0.001518, 0.001745, 0.000748, 0.001155, 0.001629, 0.001607, 0.001370, 0.001653, 0.001670, 0.001715, 0.001754, 0.001696, 0.001785, 0.001630, 0.001752, 0.001592, 0.001816, 0.001727, 0.001699, 0.001815, 0.001591, 0.001873, 0.001715, 0.001838, 0.001689, 0.001614, 0.002028, 0.000146, 0.001882, 0.001798, 0.001705, 0.001493, 0.001624, 0.001466, 0.001623, 0.001471, 0.001571, 0.001444, 0.001571, 0.001353, 0.001482, 0.001353, 0.001590, 0.001432, 0.001649, 0.001397, 0.001579, 0.001419, 0.001702, 0.001332, 0.001699, 0.001544, 0.001621, 0.000740, 0.001597, 0.001538, 0.001829, 0.001762, 0.001723, 0.001525, 0.001864, 0.001803, 0.001757, 0.001663, 0.001459, 0.001854, 0.001688, 0.001903, 0.001634, 0.001861, 0.001789, 0.001859, 0.001856, 0.001714, 0.001881, 0.001850
7 , 0, 0, 0, 0, 0, 0, 0
7 , 0.003464, 0.005149, 0.007681, 0.008202, 0.008961, 0.007848, 0.006719
8 , 0.001623, 0.001471, 0.001571, 0.001444, 0.001571, 0.001353, 0.001482, 0.001353, 0.001590, 0.001432, 0.001649, 0.001397, 0.001579, 0.001419, 0.001702, 0.001332, 0.001699, 0.001544, 0.001621, 0.000740, 0.001597, 0.001538, 0.001829, 0.001762, 0.001723, 0.001525, 0.001864, 0.001803, 0.001757, 0.001663, 0.001459, 0.001854, 0.001688, 0.001903, 0.001634, 0.001861, 0.001789, 0.001859, 0.001856, 0.001714, 0.001881, 0.001850, 0.001920, 0.000992, 0.001254, 0.001688, 0.001671, 0.001673, 0.001606, 0.001547, 0.001608, 0.001513, 0.001488, 0.001549, 0.001487, 0.001517, 0.001577, 0.001609, 0.001453, 0.001426, 0.001489, 0.001521, 0.001515, 0.001541, 0.001630, 0.001458, 0.001657, 0.000005, 0.001380, 0.001574, 0.001614, 0.001437, 0.001515, 0.001605, 0.001647, 0.001672, 0.001578, 0.001849, 0.001700, 0.001683, 0.001465, 0.001644, 0.001639, 0.001608, 0.001644, 0.001539, 0.001708, 0.001730, 0.001697, 0.001669, 0.001605, 0.001702
8 , 0, 0, 0, 0, 0, 0, 0
8 , 0.007089, 0.008519, 0.008783, 0.008991, 0.009164, 0.009063, 0.007855
9 , 0.001608, 0.001513, 0.001488, 0.001549, 0.001487, 0.001517, 0.001577, 0.001609, 0.001453, 0.001426, 0.001489, 0.001521, 0.001515, 0.001541, 0.001630, 0.001458, 0.001657, 0.000005, 0.001380, 0.001574, 0.001614, 0.001437, 0.001515, 0.001605, 0.001647, 0.001672, 0.001578, 0.001849, 0.001700, 0.001683, 0.001465, 0.001644, 0.001639, 0.001608, 0.001644, 0.001539, 0.001708, 0.001730, 0.001697, 0.001669, 0.001605, 0.001702, 0.001735, 0.001772, 0.000781, 0.001642, 0.001791, 0.001651, 0.001474, 0.001323, 0.001611, 0.001361, 0.001488, 0.001310, 0.001375, 0.001280, 0.001440, 0.001253, 0.001428, 0.001206, 0.001448, 0.001256, 0.001595, 0.001401, 0.001552, 0.001362, 0.001519, 0.001391, 0.001544, 0.001321, 0.001474, 0.001346, 0.001499, 0.001373, 0.001531, 0.001492, 0.001648, 0.001464, 0.001620, 0.001495, 0.001649, 0.001466, 0.001562, 0.001441, 0.001627, 0.001352, 0.001571, 0.001390, 0.001581, 0.001432, 0.001530, 0.001435
9 , 0, 0, 0, 0, 0, 0, 0
9 , 0.006291, 0.004722, 0.005272, 0.006013, 0.006705, 0.006366, 0.006026
10 , 0.001611, 0.001361, 0.001488, 0.001310, 0.001375, 0.001280, 0.001440, 0.001253, 0.001428, 0.001206, 0.001448, 0.001256, 0.001595, 0.001401, 0.001552, 0.001362, 0.001519, 0.001391, 0.001544, 0.001321, 0.001474, 0.001346, 0.001499, 0.001373, 0.001531, 0.001492, 0.001648, 0.001464, 0.001620, 0.001495, 0.001649, 0.001466, 0.001562, 0.001441, 0.001627, 0.001352, 0.001571, 0.001390, 0.001581, 0.001432, 0.001530, 0.001435, 0.001504, 0.001409, 0.001564, 0.001376, 0.001508, 0.001376, 0.001500, 0.001347, 0.001470, 0.001434, 0.001557, 0.001399, 0.001526, 0.001458, 0.001550, 0.001390, 0.001575, 0.001329, 0.001573, 0.001448, 0.001510, 0.001486, 0.001609, 0.001422, 0.001513, 0.001450, 0.001576, 0.001512, 0.001576, 0.001423, 0.001484, 0.001394, 0.001517, 0.001484, 0.001544, 0.001358, 0.001451, 0.001452, 0.001579, 0.001521, 0.001552, 0.001574, 0.001581, 0.001486, 0.001633, 0.001538, 0.001504, 0.001530, 0.001557, 0.001496
10 , 0, 0, 0, 0, 0, 0, 0
10 , 0.002312, 0.002827, 0.002640, 0.002631, 0.002827, 0.003060, 0.003036
11 , 0.001434, 0.001557, 0.001399, 0.001526, 0.001458, 0.001550, 0.001390, 0.001575, 0.001329, 0.001573, 0.001448, 0.001510, 0.001486, 0.001609, 0.001422, 0.001513, 0.001450, 0.001576, 0.001512, 0.001576, 0.001423, 0.001484, 0.001394, 0.001517, 0.001484, 0.001544, 0.001358, 0.001451, 0.001452, 0.001579, 0.001521, 0.001552, 0.001574, 0.001581, 0.001486, 0.001633, 0.001538, 0.001504, 0.001530, 0.001557, 0.001496, 0.001676, 0.001586, 0.001644, 0.001674, 0.001706, 0.001646, 0.001586, 0.001587, 0.001464, 0.001525, 0.001492, 0.001556, 0.001556, 0.001650, 0.001530, 0.001626, 0.001475, 0.001541, 0.001455, 0.001552, 0.001305, 0.001464, 0.001219, 0.001471, 0.001409, 0.001473, 0.001378, 0.001471, 0.001345, 0.001500, 0.001466, 0.001436, 0.001432, 0.001526, 0.001460, 0.001618, 0.001492, 0.001643, 0.001486, 0.001581, 0.001516, 0.001547, 0.001447, 0.001633, 0.001445, 0.001567, 0.001474, 0.001695, 0.001536, 0.001716, 0.001556
11 , 3, 0, 0, 0, 0, 0, 0
11 , 0.000973, 0.001231, 0.002171, 0.002520, 0.003179, 0.003533, 0.003623
12 , 0.001556, 0.001556, 0.001650, 0.001530, 0.001626, 0.001475, 0.001541, 0.001455, 0.001552, 0.001305, 0.001464, 0.001219, 0.001471, 0.001409, 0.001473, 0.001378, 0.001471, 0.001345, 0.001500, 0.001466, 0.001436, 0.001432, 0.001526, 0.001460, 0.001618, 0.001492, 0.001643, 0.001486, 0.001581, 0.001516, 0.001547, 0.001447, 0.001633, 0.001445, 0.001567, 0.001474, 0.001695, 0.001536, 0.001716, 0.001556, 0.001773, 0.001529, 0.001593, 0.001346, 0.001684, 0.001467, 0.001629, 0.001442, 0.001659, 0.001533, 0.001594, 0.001499, 0.001684, 0.001620, 0.001773, 0.001648, 0.001712, 0.001618, 0.001833, 0.001648, 0.001654, 0.001499, 0.001594, 0.001501, 0.001865, 0.001588, 0.001742, 0.001648, 0.001801, 0.001676, 0.001708, 0.001613, 0.001706, 0.001674, 0.001737, 0.001671, 0.001735, 0.001645, 0.001676, 0.001676, 0.001740, 0.001646, 0.001706, 0.001557, 0.001742, 0.001679, 0.001529, 0.001619, 0.001618, 0.001743, 0.001534, 0.001504
12 , 0, 0, 0, 3, 3, 3, 3
12 , 0.002071, 0.002112, 0.001881, 0.001957, 0.002185, 0.002579, 0.002807
13 , 0.001684, 0.001620, 0.001773, 0.001648, 0.001712, 0.001618, 0.001833, 0.001648, 0.001654, 0.001499, 0.001594, 0.001501, 0.001865, 0.001588, 0.001742, 0.001648, 0.001801, 0.001676, 0.001708, 0.001613, 0.001706, 0.001674, 0.001737, 0.001671, 0.001735, 0.001645, 0.001676, 0.001676, 0.001740, 0.001646, 0.001706, 0.001557, 0.001742, 0.001679, 0.001529, 0.001619, 0.001618, 0.001743, 0.001534, 0.001504, 0.001502, 0.001656, 0.001534, 0.001536, 0.001508, 0.001599, 0.001595, 0.001780, 0.001593, 0.001620, 0.001498, 0.001650, 0.001589, 0.001681, 0.001584, 0.001736, 0.001613, 0.001767, 0.001645, 0.001737, 0.001580, 0.001705, 0.001613, 0.001828, 0.001615, 0.001707, 0.001522, 0.001769, 0.001556, 0.001774, 0.001529, 0.001714, 0.001684, 0.001688, 0.001563, 0.001658, 0.001507, 0.001659, 0.001504, 0.001693, 0.001412, 0.001635, 0.001482, 0.001640, 0.001459, 0.001584, 0.001401, 0.001619, 0.001492, 0.001585, 0.001430, 0.001705
13 , 1, 1, 1, 1, 1, 1, 1
13 , 0.001741, 0.001946, 0.002684, 0.002694, 0.002952, 0.003269, 0.003519
14 , 0.001589, 0.001681, 0.001584, 0.001736, 0.001613, 0.001767, 0.001645, 0.001737, 0.001580, 0.001705, 0.001613, 0.001828, 0.001615, 0.001707, 0.001522, 0.001769, 0.001556, 0.001774, 0.001529, 0.001714, 0.001684, 0.001688, 0.001563, 0.001658, 0.001507, 0.001659, 0.001504, 0.001693, 0.001412, 0.001635, 0.001482, 0.001640, 0.001459, 0.001584, 0.001401, 0.001619, 0.001492, 0.001585, 0.001430, 0.001705, 0.001401, 0.001588, 0.001582, 0.001584, 0.001365, 0.001551, 0.001460, 0.001643, 0.001456, 0.001639, 0.001575, 0.001573, 0.001538, 0.001750, 0.001594, 0.001687, 0.001532, 0.001710, 0.001736, 0.001763, 0.001638, 0.001790, 0.001756, 0.001725, 0.001660, 0.001933, 0.001808, 0.001811, 0.001843, 0.001872, 0.001903, 0.001693, 0.001756, 0.001757, 0.001670, 0.001645, 0.001681, 0.001627, 0.001716, 0.001623, 0.001690, 0.001482, 0.001557, 0.001649, 0.001562, 0.001501, 0.001602, 0.001422, 0.001602, 0.001417, 0.001594, 0.001495
14 , 2, 1, 1, 1, 1, 1, 1
14 , 0.001978, 0.003234, 0.004152, 0.005270, 0.005293, 0.005950, 0.005948
15 , 0.001573, 0.001538, 0.001750, 0.001594, 0.001687, 0.001532, 0.001710, 0.001736, 0.001763, 0.001638, 0.001790, 0.001756, 0.001725, 0.001660, 0.001933, 0.001808, 0.001811, 0.001843, 0.001872, 0.001903, 0.001693, 0.001756, 0.001757, 0.001670, 0.001645, 0.001681, 0.001627, 0.001716, 0.001623, 0.001690, 0.001482, 0.001557, 0.001649, 0.001562, 0.001501, 0.001602, 0.001422, 0.001602, 0.001417, 0.001594, 0.001495, 0.001616, 0.001578, 0.001667, 0.001570, 0.001786, 0.001603, 0.001789, 0.001581, 0.001744, 0.001504, 0.001638, 0.001488, 0.001525, 0.001383, 0.001515, 0.001227, 0.001390, 0.001296, 0.001339, 0.001130, 0.001270, 0.001206, 0.001270, 0.001131, 0.001342, 0.001292, 0.001439, 0.001293, 0.001409, 0.001455, 0.001635, 0.001412, 0.001650, 0.001611, 0.001762, 0.001569, 0.001687, 0.001588, 0.001734, 0.001642, 0.001793, 0.001730, 0.001797, 0.001733, 0.001795, 0.001671, 0.001764, 0.001702, 0.001706, 0.001734, 0.001769
15 , 2, 2, 2, 2, 2, 2, 2
15 , 0.006459, 0.007929, 0.008593, 0.009389, 0.009706, 0.010333, 0.010101
16 , 0.001638, 0.001488, 0.001525, 0.001383, 0.001515, 0.001227, 0.001390, 0.001296, 0.001339, 0.001130, 0.001270, 0.001206, 0.001270, 0.001131, 0.001342, 0.001292, 0.001439, 0.001293, 0.001409, 0.001455, 0.001635, 0.001412, 0.001650, 0.001611, 0.001762, 0.001569, 0.001687, 0.001588, 0.001734, 0.001642, 0.001793, 0.001730, 0.001797, 0.001733, 0.001795, 0.001671, 0.001764, 0.001702, 0.001706, 0.001734, 0.001769, 0.001646, 0.001649, 0.001527, 0.001680, 0.001626, 0.001630, 0.001602, 0.001575, 0.001457, 0.001431, 0.001523, 0.001583, 0.001520, 0.001519, 0.001548, 0.001549, 0.001642, 0.001638, 0.001633, 0.001540, 0.001539, 0.001598, 0.001629, 0.001629, 0.001781, 0.001690, 0.001598, 0.001506, 0.001659, 0.001537, 0.001602, 0.001623, 0.001779, 0.001531, 0.001659, 0.001507, 0.001630, 0.001602, 0.001663, 0.001510, 0.001790, 0.001545, 0.001669, 0.001512, 0.001666, 0.001540, 0.001603, 0.001416, 0.001692, 0.001473, 0.001603
16 , 0, 0, 0, 0, 0, 0, 3
16 , 0.006739, 0.007449, 0.007332, 0.007802, 0.007590, 0.007362, 0.007130
