0 , 0.001511, 0.001602, 0.001736, 0.001733, 0.001775, 0.001705, 0.001723, 0.001835, 0.001820, 0.001917, 0.001690, 0.001945, 0.001875, 0.001763, 0.001833, 0.001927, 0.002121, 0.001939, 0.001951, 0.001863, 0.001869, 0.001948, 0.001593, 0.001147, 0.001762, 0.001591, 0.001601, 0.001593, 0.001531, 0.001564, 0.001530, 0.001682, 0.001435, 0.001560, 0.001556, 0.001651, 0.001523, 0.001705, 0.001520, 0.001642, 0.001523, 0.001585, 0.001465, 0.001590, 0.001356, 0.001738, 0.000535, 0.001534, 0.001775, 0.001908, 0.001710, 0.001758, 0.001890, 0.002250, 0.001988, 0.002176, 0.001880, 0.002022, 0.002180, 0.002083, 0.002160, 0.001877, 0.001967, 0.002034, 0.001983, 0.001865, 0.001962, 0.001969, 0.001994, 0.002034, 0.001837, 0.000031, 0.001567, 0.001723, 0.001692, 0.001655, 0.001525, 0.001648, 0.001523, 0.001647, 0.001552, 0.001678, 0.001459, 0.001520, 0.001493, 0.001552, 0.001519, 0.001701, 0.001454, 0.001671, 0.001668, 0.001604
0 , 1, 1, 1, 1, 1, 1, 1
0 , 0.009582, 0.011328, 0.013849, 0.017060, 0.014183, 0.012791, 0.012755
1 , 0.001908, 0.001710, 0.001758, 0.001890, 0.002250, 0.001988, 0.002176, 0.001880, 0.002022, 0.002180, 0.002083, 0.002160, 0.001877, 0.001967, 0.002034, 0.001983, 0.001865, 0.001962, 0.001969, 0.001994, 0.002034, 0.001837, 0.000031, 0.001567, 0.001723, 0.001692, 0.001655, 0.001525, 0.001648, 0.001523, 0.001647, 0.001552, 0.001678, 0.001459, 0.001520, 0.001493, 0.001552, 0.001519, 0.001701, 0.001454, 0.001671, 0.001668, 0.001604, 0.001545, 0.001670, 0.001454, 0.001642, 0.001236, 0.000805, 0.001596, 0.001677, 0.001447, 0.001678, 0.001618, 0.001767, 0.001488, 0.001552, 0.001764, 0.001577, 0.001839, 0.001725, 0.001929, 0.001930, 0.001942, 0.001775, 0.001711, 0.002008, 0.001959, 0.002141, 0.001907, 0.001914, 0.002275, 0.001247, 0.001504, 0.001632, 0.001463, 0.001314, 0.001458, 0.001240, 0.001391, 0.001296, 0.001477, 0.001232, 0.001451, 0.001169, 0.001447, 0.001265, 0.001430, 0.001152, 0.001284, 0.001044, 0.001301
1 , 1, 1, 1, 1, 1, 1, 1
1 , 0.010598, 0.013708, 0.016105, 0.017247, 0.016414, 0.017410, 0.017928
2 , 0.001678, 0.001618, 0.001767, 0.001488, 0.001552, 0.001764, 0.001577, 0.001839, 0.001725, 0.001929, 0.001930, 0.001942, 0.001775, 0.001711, 0.002008, 0.001959, 0.002141, 0.001907, 0.001914, 0.002275, 0.001247, 0.001504, 0.001632, 0.001463, 0.001314, 0.001458, 0.001240, 0.001391, 0.001296, 0.001477, 0.001232, 0.001451, 0.001169, 0.001447, 0.001265, 0.001430, 0.001152, 0.001284, 0.001044, 0.001301, 0.001065, 0.001314, 0.000984, 0.001332, 0.000572, 0.002020, 0.001894, 0.001978, 0.001955, 0.001931, 0.001734, 0.002032, 0.001896, 0.001939, 0.001836, 0.001918, 0.002055, 0.001888, 0.001848, 0.001763, 0.001956, 0.001913, 0.001836, 0.001869, 0.001656, 0.001811, 0.001698, 0.001772, 0.001742, 0.001684, 0.001761, 0.000852, 0.002014, 0.001760, 0.001678, 0.001491, 0.001590, 0.001406, 0.001567, 0.001379, 0.001597, 0.001356, 0.001421, 0.001360, 0.001486, 0.001329, 0.001550, 0.001394, 0.001461, 0.001373, 0.001442, 0.001381
2 , 1, 1, 1, 1, 1, 1, 1
2 , 0.017072, 0.020992, 0.019697, 0.019609, 0.017434, 0.017542, 0.016690
3 , 0.001978, 0.001955, 0.001931, 0.001734, 0.002032, 0.001896, 0.001939, 0.001836, 0.001918, 0.002055, 0.001888, 0.001848, 0.001763, 0.001956, 0.001913, 0.001836, 0.001869, 0.001656, 0.001811, 0.001698, 0.001772, 0.001742, 0.001684, 0.001761, 0.000852, 0.002014, 0.001760, 0.001678, 0.001491, 0.001590, 0.001406, 0.001567, 0.001379, 0.001597, 0.001356, 0.001421, 0.001360, 0.001486, 0.001329, 0.001550, 0.001394, 0.001461, 0.001373, 0.001442, 0.001381, 0.001509, 0.001316, 0.001370, 0.001402, 0.000880, 0.001500, 0.001809, 0.001812, 0.001935, 0.001783, 0.001920, 0.001693, 0.002021, 0.001906, 0.001821, 0.001827, 0.001775, 0.001932, 0.001780, 0.002013, 0.001717, 0.001762, 0.001767, 0.001731, 0.001809, 0.001560, 0.001763, 0.001621, 0.001921, 0.000189, 0.001627, 0.001730, 0.001671, 0.001732, 0.001665, 0.001669, 0.001639, 0.001703, 0.001459, 0.001558, 0.001348, 0.001596, 0.001321, 0.001481, 0.001449, 0.001603, 0.001418
3 , 1, 1, 1, 1, 1, 1, 1
3 , 0.009976, 0.012053, 0.012574, 0.013233, 0.013862, 0.014498, 0.014953
4 , 0.001812, 0.001935, 0.001783, 0.001920, 0.001693, 0.002021, 0.001906, 0.001821, 0.001827, 0.001775, 0.001932, 0.001780, 0.002013, 0.001717, 0.001762, 0.001767, 0.001731, 0.001809, 0.001560, 0.001763, 0.001621, 0.001921, 0.000189, 0.001627, 0.001730, 0.001671, 0.001732, 0.001665, 0.001669, 0.001639, 0.001703, 0.001459, 0.001558, 0.001348, 0.001596, 0.001321, 0.001481, 0.001449, 0.001603, 0.001418, 0.001547, 0.001368, 0.001400, 0.001247, 0.001430, 0.001293, 0.000949, 0.001860, 0.001775, 0.001829, 0.001730, 0.001973, 0.001830, 0.001833, 0.001890, 0.001738, 0.001748, 0.001676, 0.001836, 0.001709, 0.001626, 0.001891, 0.001828, 0.001844, 0.001587, 0.001833, 0.001822, 0.001781, 0.001596, 0.001872, 0.001331, 0.001293, 0.001723, 0.001688, 0.001449, 0.001417, 0.001485, 0.001480, 0.001606, 0.001332, 0.001433, 0.001402, 0.001496, 0.001344, 0.001379, 0.001192, 0.001470, 0.001343, 0.001342, 0.001303, 0.001549, 0.001308
4 , 1, 1, 1, 1, 1, 1, 1
4 , 0.011667, 0.013341, 0.014691, 0.016181, 0.012205, 0.012082, 0.012062
5 , 0.001829, 0.001730, 0.001973, 0.001830, 0.001833, 0.001890, 0.001738, 0.001748, 0.001676, 0.001836, 0.001709, 0.001626, 0.001891, 0.001828, 0.001844, 0.001587, 0.001833, 0.001822, 0.001781, 0.001596, 0.001872, 0.001331, 0.001293, 0.001723, 0.001688, 0.001449, 0.001417, 0.001485, 0.001480, 0.001606, 0.001332, 0.001433, 0.001402, 0.001496, 0.001344, 0.001379, 0.001192, 0.001470, 0.001343, 0.001342, 0.001303, 0.001549, 0.001308, 0.001408, 0.001337, 0.001413, 0.001442, 0.000067, 0.001776, 0.001666, 0.001723, 0.001909, 0.001869, 0.001857, 0.001672, 0.001970, 0.002015, 0.001885, 0.001885, 0.001708, 0.001902, 0.001684, 0.001741, 0.001707, 0.001893, 0.002007, 0.001749, 0.001767, 0.001671, 0.001858, 0.001811, 0.001693, 0.000951, 0.001709, 0.001795, 0.001648, 0.001553, 0.001489, 0.001764, 0.001579, 0.001581, 0.001396, 0.001643, 0.001488, 0.001616, 0.001552, 0.001581, 0.001457, 0.001489, 0.001485, 0.001756, 0.001482
5 , 1, 1, 1, 1, 1, 1, 1
5 , 0.009667, 0.011093, 0.012111, 0.012254, 0.014505, 0.013082, 0.012757
6 , 0.001723, 0.001909, 0.001869, 0.001857, 0.001672, 0.001970, 0.002015, 0.001885, 0.001885, 0.001708, 0.001902, 0.001684, 0.001741, 0.001707, 0.001893, 0.002007, 0.001749, 0.001767, 0.001671, 0.001858, 0.001811, 0.001693, 0.000951, 0.001709, 0.001795, 0.001648, 0.001553, 0.001489, 0.001764, 0.001579, 0.001581, 0.001396, 0.001643, 0.001488, 0.001616, 0.001552, 0.001581, 0.001457, 0.001489, 0.001485, 0.001756, 0.001482, 0.001757, 0.001488, 0.001814, 0.000836, 0.001067, 0.001571, 0.001690, 0.001772, 0.001766, 0.001790, 0.001885, 0.001754, 0.001903, 0.001730, 0.001921, 0.001854, 0.001924, 0.001772, 0.001763, 0.002021, 0.001827, 0.001933, 0.001754, 0.001942, 0.001945, 0.001845, 0.001800, 0.001846, 0.000493, 0.001680, 0.001839, 0.001712, 0.001646, 0.001552, 0.001522, 0.001547, 0.001726, 0.001601, 0.001665, 0.001725, 0.001664, 0.001632, 0.001787, 0.001664, 0.001725, 0.001725, 0.001725, 0.001511, 0.001636, 0.001602
6 , 1, 1, 1, 1, 1, 1, 1
6 , 0.006304, 0.008414, 0.010647, 0.009617, 0.008318, 0.008459, 0.008358
7 , 0.001690, 0.001772, 0.001766, 0.001790, 0.001885, 0.001754, 0.001903, 0.001730, 0.001921, 0.001854, 0.001924, 0.001772, 0.001763, 0.002021, 0.001827, 0.001933, 0.001754, 0.001942, 0.001945, 0.001845, 0.001800, 0.001846, 0.000493, 0.001680, 0.001839, 0.001712, 0.001646, 0.001552, 0.001522, 0.001547, 0.001726, 0.001601, 0.001665, 0.001725, 0.001664, 0.001632, 0.001787, 0.001664, 0.001725, 0.001725, 0.001725, 0.001511, 0.001636, 0.001602, 0.001695, 0.001667, 0.001701, 0.001345, 0.000537, 0.001763, 0.001599, 0.001456, 0.001765, 0.001751, 0.001768, 0.001629, 0.001751, 0.001920, 0.001787, 0.001911, 0.001784, 0.001832, 0.001914, 0.001950, 0.001911, 0.001836, 0.001963, 0.001821, 0.001878, 0.001736, 0.001981, 0.002228, 0.001027, 0.001754, 0.001746, 0.001645, 0.001523, 0.001637, 0.001484, 0.001756, 0.001601, 0.001754, 0.001477, 0.001757, 0.001484, 0.001613, 0.001487, 0.001610, 0.001459, 0.001645, 0.001517, 0.001671
7 , 1, 1, 1, 1, 1, 1, 1
7 , 0.003973, 0.005548, 0.006700, 0.007710, 0.007349, 0.008284, 0.008725
8 , 0.001765, 0.001751, 0.001768, 0.001629, 0.001751, 0.001920, 0.001787, 0.001911, 0.001784, 0.001832, 0.001914, 0.001950, 0.001911, 0.001836, 0.001963, 0.001821, 0.001878, 0.001736, 0.001981, 0.002228, 0.001027, 0.001754, 0.001746, 0.001645, 0.001523, 0.001637, 0.001484, 0.001756, 0.001601, 0.001754, 0.001477, 0.001757, 0.001484, 0.001613, 0.001487, 0.001610, 0.001459, 0.001645, 0.001517, 0.001671, 0.001423, 0.001632, 0.001454, 0.001811, 0.000079, 0.001520, 0.001635, 0.001692, 0.001612, 0.001770, 0.001599, 0.001850, 0.001632, 0.001814, 0.001568, 0.001637, 0.001726, 0.001621, 0.001853, 0.001704, 0.001955, 0.001936, 0.001897, 0.001894, 0.001736, 0.002065, 0.001988, 0.001894, 0.001648, 0.000441, 0.001735, 0.001668, 0.001524, 0.001434, 0.001524, 0.001430, 0.001400, 0.001369, 0.001396, 0.001427, 0.001333, 0.001453, 0.001418, 0.001508, 0.001473, 0.001505, 0.001413, 0.001448, 0.001417, 0.001413, 0.001414, 0.001531
8 , 1, 1, 1, 1, 1, 1, 1
8 , 0.010221, 0.014638, 0.011520, 0.012242, 0.012568, 0.012284, 0.012102
9 , 0.001692, 0.001612, 0.001770, 0.001599, 0.001850, 0.001632, 0.001814, 0.001568, 0.001637, 0.001726, 0.001621, 0.001853, 0.001704, 0.001955, 0.001936, 0.001897, 0.001894, 0.001736, 0.002065, 0.001988, 0.001894, 0.001648, 0.000441, 0.001735, 0.001668, 0.001524, 0.001434, 0.001524, 0.001430, 0.001400, 0.001369, 0.001396, 0.001427, 0.001333, 0.001453, 0.001418, 0.001508, 0.001473, 0.001505, 0.001413, 0.001448, 0.001417, 0.001413, 0.001414, 0.001531, 0.001354, 0.001646, 0.000789, 0.001180, 0.001702, 0.001632, 0.001511, 0.001859, 0.001744, 0.001888, 0.001788, 0.001706, 0.001972, 0.001786, 0.001892, 0.001687, 0.001908, 0.001836, 0.001800, 0.001866, 0.001858, 0.002076, 0.001849, 0.001896, 0.001877, 0.001759, 0.002164, 0.000274, 0.001866, 0.001628, 0.001717, 0.001509, 0.001451, 0.001262, 0.001479, 0.001296, 0.001455, 0.001205, 0.001483, 0.001268, 0.001483, 0.001385, 0.001601, 0.001324, 0.001449, 0.001326, 0.001478
9 , 1, 1, 1, 1, 1, 1, 1
9 , 0.009599, 0.012776, 0.014763, 0.015173, 0.015736, 0.014310, 0.014945
10 , 0.001632, 0.001511, 0.001859, 0.001744, 0.001888, 0.001788, 0.001706, 0.001972, 0.001786, 0.001892, 0.001687, 0.001908, 0.001836, 0.001800, 0.001866, 0.001858, 0.002076, 0.001849, 0.001896, 0.001877, 0.001759, 0.002164, 0.000274, 0.001866, 0.001628, 0.001717, 0.001509, 0.001451, 0.001262, 0.001479, 0.001296, 0.001455, 0.001205, 0.001483, 0.001268, 0.001483, 0.001385, 0.001601, 0.001324, 0.001449, 0.001326, 0.001478, 0.001378, 0.001471, 0.001258, 0.001602, 0.000742, 0.001686, 0.001626, 0.001811, 0.001878, 0.001896, 0.001696, 0.002067, 0.001945, 0.001924, 0.001772, 0.001881, 0.002081, 0.001781, 0.001887, 0.001781, 0.002017, 0.001929, 0.001978, 0.002063, 0.001696, 0.001935, 0.001838, 0.001859, 0.001725, 0.001881, 0.001342, 0.001348, 0.001896, 0.001671, 0.001645, 0.001487, 0.001550, 0.001547, 0.001550, 0.001454, 0.001640, 0.001516, 0.001731, 0.001578, 0.001612, 0.001516, 0.001730, 0.001521, 0.001587, 0.001400
10 , 1, 1, 1, 1, 1, 1, 1
10 , 0.010454, 0.013057, 0.014323, 0.017515, 0.015205, 0.015301, 0.014150
11 , 0.001811, 0.001878, 0.001896, 0.001696, 0.002067, 0.001945, 0.001924, 0.001772, 0.001881, 0.002081, 0.001781, 0.001887, 0.001781, 0.002017, 0.001929, 0.001978, 0.002063, 0.001696, 0.001935, 0.001838, 0.001859, 0.001725, 0.001881, 0.001342, 0.001348, 0.001896, 0.001671, 0.001645, 0.001487, 0.001550, 0.001547, 0.001550, 0.001454, 0.001640, 0.001516, 0.001731, 0.001578, 0.001612, 0.001516, 0.001730, 0.001521, 0.001587, 0.001400, 0.001616, 0.001555, 0.001621, 0.001468, 0.001620, 0.001495, 0.001558, 0.001345, 0.001589, 0.001494, 0.001435, 0.001465, 0.001530, 0.001318, 0.001413, 0.001409, 0.001539, 0.001445, 0.001505, 0.001536, 0.001418, 0.001387, 0.001422, 0.001422, 0.001426, 0.001330, 0.001455, 0.001332, 0.001483, 0.001543, 0.001454, 0.001421, 0.001453, 0.001542, 0.001480, 0.001510, 0.001505, 0.001468, 0.001500, 0.001405, 0.001320, 0.001379, 0.001439, 0.001381, 0.001475, 0.001415, 0.001354, 0.001533, 0.001500
11 , 1, 1, 2, 2, 2, 2, 2
11 , 0.004956, 0.006085, 0.006478, 0.007136, 0.007621, 0.006871, 0.006290
12 , 0.001345, 0.001589, 0.001494, 0.001435, 0.001465, 0.001530, 0.001318, 0.001413, 0.001409, 0.001539, 0.001445, 0.001505, 0.001536, 0.001418, 0.001387, 0.001422, 0.001422, 0.001426, 0.001330, 0.001455, 0.001332, 0.001483, 0.001543, 0.001454, 0.001421, 0.001453, 0.001542, 0.001480, 0.001510, 0.001505, 0.001468, 0.001500, 0.001405, 0.001320, 0.001379, 0.001439, 0.001381, 0.001475, 0.001415, 0.001354, 0.001533, 0.001500, 0.001501, 0.001531, 0.001529, 0.001432, 0.001399, 0.001462, 0.001528, 0.001465, 0.001495, 0.001467, 0.001440, 0.001318, 0.001559, 0.001496, 0.001438, 0.001376, 0.001468, 0.001500, 0.001538, 0.001418, 0.001415, 0.001383, 0.001511, 0.001357, 0.001330, 0.001359, 0.001509, 0.001295, 0.001564, 0.001472, 0.001449, 0.001388, 0.001423, 0.001272, 0.001430, 0.001337, 0.001401, 0.001276, 0.001462, 0.001305, 0.001581, 0.001428, 0.001523, 0.001367, 0.001435, 0.001402, 0.001468, 0.001285, 0.001285, 0.001162
12 , 1, 3, 3, 3, 3, 3, 3
12 , 0.000619, 0.001002, 0.001137, 0.001695, 0.001514, 0.001811, 0.001865
13 , 0.001440, 0.001318, 0.001559, 0.001496, 0.001438, 0.001376, 0.001468, 0.001500, 0.001538, 0.001418, 0.001415, 0.001383, 0.001511, 0.001357, 0.001330, 0.001359, 0.001509, 0.001295, 0.001564, 0.001472, 0.001449, 0.001388, 0.001423, 0.001272, 0.001430, 0.001337, 0.001401, 0.001276, 0.001462, 0.001305, 0.001581, 0.001428, 0.001523, 0.001367, 0.001435, 0.001402, 0.001468, 0.001285, 0.001285, 0.001162, 0.001384, 0.001281, 0.001373, 0.001124, 0.001553, 0.001361, 0.001456, 0.001335, 0.001423, 0.001298, 0.001514, 0.001323, 0.001600, 0.001383, 0.001566, 0.001349, 0.001590, 0.001339, 0.001556, 0.001366, 0.001611, 0.001547, 0.001764, 0.001455, 0.001491, 0.001398, 0.001582, 0.001339, 0.001520, 0.001428, 0.001554, 0.001369, 0.001524, 0.001460, 0.001614, 0.001396, 0.001524, 0.001463, 0.001676, 0.001549, 0.001517, 0.001483, 0.001546, 0.001453, 0.001700, 0.001425, 0.001551, 0.001490, 0.001586, 0.001587, 0.001526, 0.001494
13 , 2, 2, 2, 2, 2, 2, 2
13 , 0.002731, 0.002755, 0.002828, 0.002523, 0.002805, 0.002418, 0.002387
14 , 0.001423, 0.001298, 0.001514, 0.001323, 0.001600, 0.001383, 0.001566, 0.001349, 0.001590, 0.001339, 0.001556, 0.001366, 0.001611, 0.001547, 0.001764, 0.001455, 0.001491, 0.001398, 0.001582, 0.001339, 0.001520, 0.001428, 0.001554, 0.001369, 0.001524, 0.001460, 0.001614, 0.001396, 0.001524, 0.001463, 0.001676, 0.001549, 0.001517, 0.001483, 0.001546, 0.001453, 0.001700, 0.001425, 0.001551, 0.001490, 0.001586, 0.001587, 0.001526, 0.001494, 0.001615, 0.001433, 0.001590, 0.001584, 0.001583, 0.001460, 0.001586, 0.001558, 0.001440, 0.001437, 0.001468, 0.001503, 0.001505, 0.001384, 0.001444, 0.001444, 0.001478, 0.001516, 0.001453, 0.001544, 0.001453, 0.001641, 0.001276, 0.001276, 0.001425, 0.001549, 0.001398, 0.001485, 0.001447, 0.001568, 0.001538, 0.001601, 0.001415, 0.001596, 0.001528, 0.001559, 0.001433, 0.001709, 0.001436, 0.001649, 0.001497, 0.001653, 0.001501, 0.001567, 0.001353, 0.001539, 0.001415, 0.001540
14 , 0, 0, 0, 0, 0, 0, 0
14 , 0.001706, 0.002309, 0.001908, 0.002311, 0.002270, 0.002737, 0.002404
15 , 0.001558, 0.001440, 0.001437, 0.001468, 0.001503, 0.001505, 0.001384, 0.001444, 0.001444, 0.001478, 0.001516, 0.001453, 0.001544, 0.001453, 0.001641, 0.001276, 0.001276, 0.001425, 0.001549, 0.001398, 0.001485, 0.001447, 0.001568, 0.001538, 0.001601, 0.001415, 0.001596, 0.001528, 0.001559, 0.001433, 0.001709, 0.001436, 0.001649, 0.001497, 0.001653, 0.001501, 0.001567, 0.001353, 0.001539, 0.001415, 0.001540, 0.001445, 0.001636, 0.001418, 0.001669, 0.001363, 0.001543, 0.001388, 0.001453, 0.001328, 0.001364, 0.001451, 0.001602, 0.001387, 0.001453, 0.001271, 0.001488, 0.001420, 0.001607, 0.001332, 0.001460, 0.001337, 0.001457, 0.001424, 0.001575, 0.001483, 0.001575, 0.001419, 0.001515, 0.001475, 0.001594, 0.001499, 0.001468, 0.001403, 0.001524, 0.001522, 0.001583, 0.001452, 0.001637, 0.001608, 0.001666, 0.001575, 0.001642, 0.001549, 0.001588, 0.001618, 0.001562, 0.001561, 0.001531, 0.001534, 0.001534, 0.001534
15 , 0, 0, 0, 0, 0, 0, 0
15 , 0.003227, 0.003855, 0.003655, 0.003779, 0.003482, 0.003202, 0.002821
16 , 0.001388, 0.001453, 0.001328, 0.001364, 0.001451, 0.001602, 0.001387, 0.001453, 0.001271, 0.001488, 0.001420, 0.001607, 0.001332, 0.001460, 0.001337, 0.001457, 0.001424, 0.001575, 0.001483, 0.001575, 0.001419, 0.001515, 0.001475, 0.001594, 0.001499, 0.001468, 0.001403, 0.001524, 0.001522, 0.001583, 0.001452, 0.001637, 0.001608, 0.001666, 0.001575, 0.001642, 0.001549, 0.001588, 0.001618, 0.001562, 0.001561, 0.001531, 0.001534, 0.001534, 0.001534, 0.001503, 0.001384, 0.001534, 0.001567, 0.001506, 0.001595, 0.001501, 0.001623, 0.001616, 0.001680, 0.001587, 0.001584, 0.001549, 0.001701, 0.001606, 0.001575, 0.001514, 0.001640, 0.001487, 0.001555, 0.001494, 0.001739, 0.001556, 0.001592, 0.001437, 0.001621, 0.001532, 0.001689, 0.001472, 0.001630, 0.001415, 0.001632, 0.001533, 0.001719, 0.001561, 0.001690, 0.001447, 0.001631, 0.001505, 0.001601, 0.001413, 0.001657, 0.001443, 0.001626, 0.001498, 0.001715, 0.001500
16 , 3, 3, 0, 3, 3, 3, 3
16 , 0.002360, 0.002564, 0.002265, 0.002502, 0.002472, 0.002677, 0.002263
