0 , 0.001722, 0.001704, 0.001689, 0.001758, 0.001672, 0.001942, 0.001977, 0.002025, 0.001843, 0.001967, 0.001995, 0.001950, 0.001913, 0.001931, 0.002145, 0.001875, 0.001782, 0.001789, 0.001871, 0.001935, 0.001910, 0.001823, 0.001576, 0.000499, 0.001895, 0.001856, 0.001893, 0.001799, 0.001832, 0.001775, 0.001659, 0.001579, 0.001408, 0.001446, 0.001486, 0.001318, 0.001384, 0.001454, 0.001339, 0.001375, 0.001287, 0.001253, 0.001311, 0.001314, 0.001313, 0.001464, 0.001225, 0.001414, 0.000742, 0.001351, 0.001820, 0.001789, 0.001616, 0.001864, 0.001758, 0.001753, 0.001589, 0.001668, 0.001819, 0.001722, 0.001733, 0.001618, 0.001795, 0.001674, 0.001701, 0.001588, 0.001588, 0.001782, 0.001690, 0.001712, 0.001618, 0.001588, 0.002045, 0.000448, 0.001921, 0.001777, 0.001715, 0.001534, 0.001632, 0.001515, 0.001583, 0.001275, 0.001588, 0.001466, 0.001558, 0.001374, 0.001659, 0.001375, 0.001565, 0.001382, 0.001508, 0.001266
0 , 1, 1, 1, 1, 1, 1, 1
0 , 0.006384, 0.007839, 0.010438, 0.012105, 0.012315, 0.012862, 0.011736
1 , 0.001789, 0.001616, 0.001864, 0.001758, 0.001753, 0.001589, 0.001668, 0.001819, 0.001722, 0.001733, 0.001618, 0.001795, 0.001674, 0.001701, 0.001588, 0.001588, 0.001782, 0.001690, 0.001712, 0.001618, 0.001588, 0.002045, 0.000448, 0.001921, 0.001777, 0.001715, 0.001534, 0.001632, 0.001515, 0.001583, 0.001275, 0.001588, 0.001466, 0.001558, 0.001374, 0.001659, 0.001375, 0.001565, 0.001382, 0.001508, 0.001266, 0.001569, 0.001352, 0.001421, 0.001267, 0.001577, 0.000670, 0.001813, 0.001923, 0.001816, 0.001715, 0.001836, 0.001654, 0.001913, 0.001863, 0.002025, 0.001940, 0.001961, 0.002072, 0.001902, 0.002003, 0.001866, 0.002033, 0.002052, 0.002056, 0.001922, 0.001753, 0.002029, 0.001871, 0.001847, 0.001813, 0.001776, 0.001652, 0.000977, 0.001691, 0.001561, 0.001578, 0.001448, 0.001545, 0.001448, 0.001423, 0.001299, 0.001484, 0.001298, 0.001453, 0.001356, 0.001480, 0.001386, 0.001630, 0.001418, 0.001486, 0.001360
1 , 1, 1, 1, 1, 1, 1, 1
1 , 0.010279, 0.012563, 0.013443, 0.016639, 0.014157, 0.014396, 0.012865
2 , 0.001816, 0.001715, 0.001836, 0.001654, 0.001913, 0.001863, 0.002025, 0.001940, 0.001961, 0.002072, 0.001902, 0.002003, 0.001866, 0.002033, 0.002052, 0.002056, 0.001922, 0.001753, 0.002029, 0.001871, 0.001847, 0.001813, 0.001776, 0.001652, 0.000977, 0.001691, 0.001561, 0.001578, 0.001448, 0.001545, 0.001448, 0.001423, 0.001299, 0.001484, 0.001298, 0.001453, 0.001356, 0.001480, 0.001386, 0.001630, 0.001418, 0.001486, 0.001360, 0.001515, 0.001446, 0.001543, 0.001560, 0.001453, 0.001484, 0.000544, 0.001570, 0.001598, 0.001755, 0.001728, 0.001665, 0.001750, 0.001558, 0.001886, 0.001828, 0.001713, 0.001776, 0.001780, 0.001977, 0.001798, 0.001904, 0.001665, 0.001746, 0.001895, 0.001758, 0.001968, 0.001667, 0.001843, 0.001837, 0.002015, 0.000422, 0.001582, 0.001604, 0.001606, 0.001575, 0.001535, 0.001748, 0.001477, 0.001694, 0.001360, 0.001550, 0.001517, 0.001525, 0.001407, 0.001471, 0.001384, 0.001491, 0.001347
2 , 1, 1, 1, 1, 1, 1, 1
2 , 0.009483, 0.011795, 0.013034, 0.013605, 0.014823, 0.016023, 0.017637
3 , 0.001755, 0.001728, 0.001665, 0.001750, 0.001558, 0.001886, 0.001828, 0.001713, 0.001776, 0.001780, 0.001977, 0.001798, 0.001904, 0.001665, 0.001746, 0.001895, 0.001758, 0.001968, 0.001667, 0.001843, 0.001837, 0.002015, 0.000422, 0.001582, 0.001604, 0.001606, 0.001575, 0.001535, 0.001748, 0.001477, 0.001694, 0.001360, 0.001550, 0.001517, 0.001525, 0.001407, 0.001471, 0.001384, 0.001491, 0.001347, 0.001300, 0.001096, 0.001444, 0.001271, 0.001383, 0.000609, 0.001563, 0.002214, 0.001995, 0.001991, 0.001986, 0.001917, 0.002159, 0.002022, 0.002214, 0.001887, 0.002068, 0.002016, 0.001950, 0.001901, 0.001640, 0.001902, 0.001768, 0.001726, 0.001552, 0.001577, 0.001634, 0.001563, 0.001563, 0.001572, 0.000416, 0.001892, 0.002113, 0.001957, 0.001989, 0.001776, 0.001810, 0.001780, 0.001873, 0.001722, 0.001787, 0.001635, 0.001728, 0.001726, 0.002005, 0.001576, 0.001699, 0.001607, 0.001763, 0.001732, 0.001800, 0.001679
3 , 1, 1, 1, 1, 1, 1, 1
3 , 0.007679, 0.009448, 0.011678, 0.010137, 0.006809, 0.006769, 0.006551
4 , 0.001995, 0.001991, 0.001986, 0.001917, 0.002159, 0.002022, 0.002214, 0.001887, 0.002068, 0.002016, 0.001950, 0.001901, 0.001640, 0.001902, 0.001768, 0.001726, 0.001552, 0.001577, 0.001634, 0.001563, 0.001563, 0.001572, 0.000416, 0.001892, 0.002113, 0.001957, 0.001989, 0.001776, 0.001810, 0.001780, 0.001873, 0.001722, 0.001787, 0.001635, 0.001728, 0.001726, 0.002005, 0.001576, 0.001699, 0.001607, 0.001763, 0.001732, 0.001800, 0.001679, 0.001773, 0.001712, 0.001694, 0.001598, 0.000165, 0.001567, 0.001522, 0.001358, 0.001698, 0.001604, 0.001743, 0.001561, 0.001539, 0.001816, 0.001558, 0.001745, 0.001521, 0.001781, 0.001648, 0.001803, 0.001693, 0.001635, 0.001776, 0.001618, 0.001743, 0.001687, 0.001660, 0.001831, 0.001317, 0.001423, 0.002010, 0.001751, 0.001602, 0.001753, 0.001570, 0.001639, 0.001512, 0.001578, 0.001611, 0.001614, 0.001398, 0.001616, 0.001461, 0.001556, 0.001408, 0.001597, 0.001322, 0.001485
4 , 2, 2, 2, 2, 3, 1, 1
4 , 0.003152, 0.003781, 0.003294, 0.002388, 0.001070, 0.002800, 0.003528
5 , 0.001598, 0.000165, 0.001567, 0.001522, 0.001358, 0.001698, 0.001604, 0.001743, 0.001561, 0.001539, 0.001816, 0.001558, 0.001745, 0.001521, 0.001781, 0.001648, 0.001803, 0.001693, 0.001635, 0.001776, 0.001618, 0.001743, 0.001687, 0.001660, 0.001831, 0.001317, 0.001423, 0.002010, 0.001751, 0.001602, 0.001753, 0.001570, 0.001639, 0.001512, 0.001578, 0.001611, 0.001614, 0.001398, 0.001616, 0.001461, 0.001556, 0.001408, 0.001597, 0.001322, 0.001485, 0.001367, 0.001577, 0.001224, 0.001603, 0.000153, 0.001745, 0.001756, 0.001992, 0.001894, 0.002042, 0.001816, 0.002160, 0.001988, 0.002042, 0.001951, 0.001944, 0.002131, 0.001921, 0.001910, 0.001755, 0.001868, 0.001917, 0.001874, 0.001910, 0.001795, 0.001977, 0.001897, 0.001823, 0.001840, 0.000265, 0.001757, 0.001851, 0.001641, 0.001643, 0.001612, 0.001680, 0.001527, 0.001556, 0.001399, 0.001558, 0.001434, 0.001624, 0.001498, 0.001648, 0.001490, 0.001581, 0.001514
5 , 3, 3, 1, 1, 1, 1, 1
5 , 0.003680, 0.004232, 0.004798, 0.005876, 0.007303, 0.009330, 0.013016
6 , 0.001992, 0.001894, 0.002042, 0.001816, 0.002160, 0.001988, 0.002042, 0.001951, 0.001944, 0.002131, 0.001921, 0.001910, 0.001755, 0.001868, 0.001917, 0.001874, 0.001910, 0.001795, 0.001977, 0.001897, 0.001823, 0.001840, 0.000265, 0.001757, 0.001851, 0.001641, 0.001643, 0.001612, 0.001680, 0.001527, 0.001556, 0.001399, 0.001558, 0.001434, 0.001624, 0.001498, 0.001648, 0.001490, 0.001581, 0.001514, 0.001696, 0.001567, 0.001783, 0.001596, 0.001718, 0.001533, 0.001893, 0.001204, 0.000834, 0.001546, 0.001629, 0.001502, 0.001588, 0.001599, 0.001549, 0.001729, 0.001526, 0.001784, 0.001636, 0.001767, 0.001658, 0.001713, 0.001925, 0.001716, 0.001816, 0.001649, 0.001701, 0.001725, 0.001692, 0.001877, 0.001689, 0.002098, 0.000680, 0.001735, 0.001791, 0.001749, 0.001478, 0.001661, 0.001505, 0.001564, 0.001376, 0.001591, 0.001465, 0.001529, 0.001375, 0.001619, 0.001490, 0.001579, 0.001513, 0.001692, 0.001565, 0.001654
6 , 1, 1, 1, 1, 1, 1, 1
6 , 0.006946, 0.008843, 0.009867, 0.009729, 0.008466, 0.007982, 0.008309
7 , 0.000834, 0.001546, 0.001629, 0.001502, 0.001588, 0.001599, 0.001549, 0.001729, 0.001526, 0.001784, 0.001636, 0.001767, 0.001658, 0.001713, 0.001925, 0.001716, 0.001816, 0.001649, 0.001701, 0.001725, 0.001692, 0.001877, 0.001689, 0.002098, 0.000680, 0.001735, 0.001791, 0.001749, 0.001478, 0.001661, 0.001505, 0.001564, 0.001376, 0.001591, 0.001465, 0.001529, 0.001375, 0.001619, 0.001490, 0.001579, 0.001513, 0.001692, 0.001565, 0.001654, 0.001588, 0.001798, 0.001708, 0.001829, 0.000190, 0.001607, 0.001389, 0.001710, 0.001630, 0.001671, 0.001632, 0.001677, 0.001713, 0.001696, 0.001674, 0.001511, 0.001804, 0.001663, 0.001660, 0.001646, 0.001546, 0.001853, 0.001761, 0.001819, 0.001646, 0.001813, 0.001785, 0.001864, 0.001401, 0.001047, 0.001522, 0.001645, 0.001410, 0.001348, 0.001355, 0.001482, 0.001353, 0.001482, 0.001292, 0.001450, 0.001297, 0.001417, 0.001253, 0.001406, 0.001363, 0.001447, 0.001437, 0.001710
7 , 1, 1, 1, 1, 1, 1, 1
7 , 0.003946, 0.004532, 0.004616, 0.005610, 0.006737, 0.010118, 0.007225
8 , 0.001710, 0.001630, 0.001671, 0.001632, 0.001677, 0.001713, 0.001696, 0.001674, 0.001511, 0.001804, 0.001663, 0.001660, 0.001646, 0.001546, 0.001853, 0.001761, 0.001819, 0.001646, 0.001813, 0.001785, 0.001864, 0.001401, 0.001047, 0.001522, 0.001645, 0.001410, 0.001348, 0.001355, 0.001482, 0.001353, 0.001482, 0.001292, 0.001450, 0.001297, 0.001417, 0.001253, 0.001406, 0.001363, 0.001447, 0.001437, 0.001710, 0.001487, 0.001692, 0.001505, 0.001619, 0.001502, 0.001790, 0.000433, 0.001260, 0.001461, 0.001442, 0.001497, 0.001456, 0.001682, 0.001472, 0.001638, 0.001400, 0.001654, 0.001861, 0.001716, 0.001789, 0.001719, 0.002035, 0.001916, 0.001953, 0.001834, 0.001913, 0.002074, 0.001885, 0.001947, 0.001719, 0.002088, 0.000071, 0.001704, 0.001489, 0.001688, 0.001497, 0.001557, 0.001309, 0.001462, 0.001301, 0.001483, 0.001352, 0.001443, 0.001406, 0.001554, 0.001420, 0.001601, 0.001530, 0.001619, 0.001521, 0.001707
8 , 1, 1, 1, 1, 1, 1, 1
8 , 0.006469, 0.008763, 0.010251, 0.009815, 0.011809, 0.009142, 0.009581
9 , 0.001442, 0.001497, 0.001456, 0.001682, 0.001472, 0.001638, 0.001400, 0.001654, 0.001861, 0.001716, 0.001789, 0.001719, 0.002035, 0.001916, 0.001953, 0.001834, 0.001913, 0.002074, 0.001885, 0.001947, 0.001719, 0.002088, 0.000071, 0.001704, 0.001489, 0.001688, 0.001497, 0.001557, 0.001309, 0.001462, 0.001301, 0.001483, 0.001352, 0.001443, 0.001406, 0.001554, 0.001420, 0.001601, 0.001530, 0.001619, 0.001521, 0.001707, 0.001702, 0.001703, 0.001666, 0.001335, 0.000772, 0.001467, 0.001226, 0.001563, 0.001563, 0.001630, 0.001630, 0.001561, 0.001895, 0.001690, 0.001817, 0.001612, 0.001872, 0.001866, 0.001730, 0.001863, 0.001619, 0.002016, 0.001874, 0.001780, 0.001859, 0.001722, 0.002020, 0.001795, 0.001838, 0.001943, 0.000748, 0.001471, 0.001804, 0.001673, 0.001615, 0.001544, 0.001761, 0.001541, 0.001762, 0.001458, 0.001670, 0.001485, 0.001701, 0.001515, 0.001612, 0.001397, 0.001705, 0.001456, 0.001613, 0.001455
9 , 1, 1, 1, 1, 1, 1, 1
9 , 0.003787, 0.006501, 0.007985, 0.011377, 0.009303, 0.008775, 0.008477
10 , 0.001563, 0.001563, 0.001630, 0.001630, 0.001561, 0.001895, 0.001690, 0.001817, 0.001612, 0.001872, 0.001866, 0.001730, 0.001863, 0.001619, 0.002016, 0.001874, 0.001780, 0.001859, 0.001722, 0.002020, 0.001795, 0.001838, 0.001943, 0.000748, 0.001471, 0.001804, 0.001673, 0.001615, 0.001544, 0.001761, 0.001541, 0.001762, 0.001458, 0.001670, 0.001485, 0.001701, 0.001515, 0.001612, 0.001397, 0.001705, 0.001456, 0.001613, 0.001455, 0.001728, 0.001482, 0.001635, 0.001508, 0.001664, 0.001567, 0.001662, 0.001534, 0.001656, 0.001561, 0.001866, 0.001559, 0.001770, 0.001705, 0.001799, 0.001553, 0.001768, 0.001675, 0.001679, 0.001588, 0.001712, 0.001498, 0.001684, 0.001627, 0.001692, 0.001505, 0.001634, 0.001576, 0.001614, 0.001459, 0.001645, 0.001490, 0.001557, 0.001402, 0.001587, 0.001368, 0.001552, 0.001459, 0.001557, 0.001496, 0.001650, 0.001523, 0.001589, 0.001497, 0.001559, 0.001405, 0.001532, 0.001340, 0.001492
10 , 1, 1, 1, 1, 1, 1, 1
10 , 0.003637, 0.005420, 0.006200, 0.007294, 0.008083, 0.006211, 0.005931
11 , 0.001534, 0.001656, 0.001561, 0.001866, 0.001559, 0.001770, 0.001705, 0.001799, 0.001553, 0.001768, 0.001675, 0.001679, 0.001588, 0.001712, 0.001498, 0.001684, 0.001627, 0.001692, 0.001505, 0.001634, 0.001576, 0.001614, 0.001459, 0.001645, 0.001490, 0.001557, 0.001402, 0.001587, 0.001368, 0.001552, 0.001459, 0.001557, 0.001496, 0.001650, 0.001523, 0.001589, 0.001497, 0.001559, 0.001405, 0.001532, 0.001340, 0.001492, 0.001434, 0.001587, 0.001558, 0.001593, 0.001591, 0.001657, 0.001480, 0.001541, 0.001476, 0.001601, 0.001480, 0.001510, 0.001470, 0.001561, 0.001590, 0.001620, 0.001465, 0.001428, 0.001508, 0.001688, 0.001718, 0.001717, 0.001592, 0.001593, 0.001686, 0.001595, 0.001713, 0.001718, 0.001754, 0.001633, 0.001574, 0.001546, 0.001550, 0.001462, 0.001493, 0.001339, 0.001498, 0.001471, 0.001502, 0.001472, 0.001538, 0.001444, 0.001510, 0.001452, 0.001636, 0.001398, 0.001407, 0.001524, 0.001469, 0.001260
11 , 1, 1, 1, 1, 1, 1, 1
11 , 0.003927, 0.004317, 0.004681, 0.005314, 0.005202, 0.005756, 0.005701
12 , 0.001601, 0.001480, 0.001510, 0.001470, 0.001561, 0.001590, 0.001620, 0.001465, 0.001428, 0.001508, 0.001688, 0.001718, 0.001717, 0.001592, 0.001593, 0.001686, 0.001595, 0.001713, 0.001718, 0.001754, 0.001633, 0.001574, 0.001546, 0.001550, 0.001462, 0.001493, 0.001339, 0.001498, 0.001471, 0.001502, 0.001472, 0.001538, 0.001444, 0.001510, 0.001452, 0.001636, 0.001398, 0.001407, 0.001524, 0.001469, 0.001260, 0.001448, 0.001267, 0.001486, 0.001329, 0.001463, 0.001308, 0.001404, 0.001216, 0.001464, 0.001248, 0.001455, 0.001326, 0.001445, 0.001346, 0.001590, 0.001363, 0.001512, 0.001508, 0.001688, 0.001442, 0.001568, 0.001412, 0.001654, 0.001528, 0.001656, 0.001469, 0.001589, 0.001407, 0.001595, 0.001441, 0.001658, 0.001512, 0.001727, 0.001512, 0.001640, 0.001485, 0.001554, 0.001332, 0.001484, 0.001472, 0.001740, 0.001582, 0.001735, 0.001447, 0.001594, 0.001588, 0.001677, 0.001581, 0.001734, 0.001669, 0.001914
12 , 2, 2, 2, 2, 2, 2, 2
12 , 0.004572, 0.005520, 0.005724, 0.006428, 0.006273, 0.006545, 0.006123
13 , 0.001455, 0.001326, 0.001445, 0.001346, 0.001590, 0.001363, 0.001512, 0.001508, 0.001688, 0.001442, 0.001568, 0.001412, 0.001654, 0.001528, 0.001656, 0.001469, 0.001589, 0.001407, 0.001595, 0.001441, 0.001658, 0.001512, 0.001727, 0.001512, 0.001640, 0.001485, 0.001554, 0.001332, 0.001484, 0.001472, 0.001740, 0.001582, 0.001735, 0.001447, 0.001594, 0.001588, 0.001677, 0.001581, 0.001734, 0.001669, 0.001914, 0.001669, 0.001677, 0.001619, 0.001625, 0.001505, 0.001610, 0.001464, 0.001571, 0.001431, 0.001484, 0.001403, 0.001322, 0.001240, 0.001433, 0.001283, 0.001321, 0.001250, 0.001302, 0.001228, 0.001249, 0.001297, 0.001466, 0.001448, 0.001443, 0.001464, 0.001460, 0.001577, 0.001517, 0.001574, 0.001574, 0.001632, 0.001601, 0.001632, 0.001784, 0.001570, 0.001601, 0.001667, 0.001515, 0.001551, 0.001612, 0.001614, 0.001494, 0.001522, 0.001432, 0.001471, 0.001474, 0.001507, 0.001447, 0.001569, 0.001479, 0.001578
13 , 0, 0, 0, 0, 0, 0, 0
13 , 0.006475, 0.006595, 0.006083, 0.005956, 0.004984, 0.004711, 0.003836
14 , 0.001464, 0.001571, 0.001431, 0.001484, 0.001403, 0.001322, 0.001240, 0.001433, 0.001283, 0.001321, 0.001250, 0.001302, 0.001228, 0.001249, 0.001297, 0.001466, 0.001448, 0.001443, 0.001464, 0.001460, 0.001577, 0.001517, 0.001574, 0.001574, 0.001632, 0.001601, 0.001632, 0.001784, 0.001570, 0.001601, 0.001667, 0.001515, 0.001551, 0.001612, 0.001614, 0.001494, 0.001522, 0.001432, 0.001471, 0.001474, 0.001507, 0.001447, 0.001569, 0.001479, 0.001578, 0.001362, 0.001485, 0.001362, 0.001424, 0.001362, 0.001486, 0.001484, 0.001606, 0.001478, 0.001605, 0.001423, 0.001545, 0.001449, 0.001633, 0.001452, 0.001577, 0.001413, 0.001563, 0.001351, 0.001590, 0.001460, 0.001616, 0.001368, 0.001702, 0.001574, 0.001666, 0.001505, 0.001655, 0.001620, 0.001741, 0.001556, 0.001711, 0.001465, 0.001740, 0.001494, 0.001744, 0.001499, 0.001593, 0.001503, 0.001723, 0.001451, 0.001575, 0.001510, 0.001702, 0.001485, 0.001578, 0.001454
14 , 0, 0, 0, 0, 0, 0, 0
14 , 0.006094, 0.006035, 0.005541, 0.005210, 0.004974, 0.004575, 0.003869
15 , 0.001485, 0.001362, 0.001424, 0.001362, 0.001486, 0.001484, 0.001606, 0.001478, 0.001605, 0.001423, 0.001545, 0.001449, 0.001633, 0.001452, 0.001577, 0.001413, 0.001563, 0.001351, 0.001590, 0.001460, 0.001616, 0.001368, 0.001702, 0.001574, 0.001666, 0.001505, 0.001655, 0.001620, 0.001741, 0.001556, 0.001711, 0.001465, 0.001740, 0.001494, 0.001744, 0.001499, 0.001593, 0.001503, 0.001723, 0.001451, 0.001575, 0.001510, 0.001702, 0.001485, 0.001578, 0.001454, 0.001733, 0.001639, 0.001644, 0.001490, 0.001710, 0.001468, 0.001596, 0.001445, 0.001540, 0.001480, 0.001542, 0.001500, 0.001591, 0.001375, 0.001499, 0.001524, 0.001552, 0.001516, 0.001551, 0.001491, 0.001519, 0.001519, 0.001640, 0.001611, 0.001667, 0.001728, 0.001545, 0.001608, 0.001609, 0.001551, 0.001490, 0.001489, 0.001546, 0.001699, 0.001604, 0.001576, 0.001547, 0.001577, 0.001519, 0.001522, 0.001586, 0.001617, 0.001494, 0.001653, 0.001586, 0.001643
15 , 0, 0, 0, 0, 0, 0, 0
15 , 0.003218, 0.003305, 0.002922, 0.003324, 0.002834, 0.002948, 0.002379
16 , 0.001490, 0.001710, 0.001468, 0.001596, 0.001445, 0.001540, 0.001480, 0.001542, 0.001500, 0.001591, 0.001375, 0.001499, 0.001524, 0.001552, 0.001516, 0.001551, 0.001491, 0.001519, 0.001519, 0.001640, 0.001611, 0.001667, 0.001728, 0.001545, 0.001608, 0.001609, 0.001551, 0.001490, 0.001489, 0.001546, 0.001699, 0.001604, 0.001576, 0.001547, 0.001577, 0.001519, 0.001522, 0.001586, 0.001617, 0.001494, 0.001653, 0.001586, 0.001643, 0.001607, 0.001700, 0.001574, 0.001760, 0.001603, 0.001579, 0.001520, 0.001670, 0.001458, 0.001619, 0.001526, 0.001618, 0.001524, 0.001652, 0.001380, 0.001535, 0.001473, 0.001688, 0.001380, 0.001508, 0.001475, 0.001603, 0.001445, 0.001604, 0.001542, 0.001698, 0.001516, 0.001616, 0.001309, 0.001559, 0.001495, 0.001532, 0.001408, 0.001628, 0.001469, 0.001470, 0.001312, 0.001547, 0.001473, 0.001654, 0.001549, 0.001665, 0.001474, 0.001715, 0.001645, 0.001827, 0.001730, 0.001821, 0.001784
16 , 3, 3, 0, 0, 0, 0, 0
16 , 0.001204, 0.001321, 0.001453, 0.001836, 0.002334, 0.002774, 0.003012
