0 , 0.001864, 0.001835, 0.001713, 0.001841, 0.002026, 0.001914, 0.001984, 0.001739, 0.002033, 0.001885, 0.001991, 0.001918, 0.001915, 0.002106, 0.001906, 0.002076, 0.001887, 0.002130, 0.002097, 0.001969, 0.002157, 0.001782, 0.002316, 0.000767, 0.001685, 0.001426, 0.001477, 0.001416, 0.001473, 0.001281, 0.001524, 0.001404, 0.001556, 0.001244, 0.001455, 0.001418, 0.001355, 0.001472, 0.001588, 0.001432, 0.001613, 0.001428, 0.001580, 0.001489, 0.001672, 0.001551, 0.001609, 0.000365, 0.001707, 0.001487, 0.001736, 0.001672, 0.001824, 0.001658, 0.001777, 0.001901, 0.001750, 0.001912, 0.001772, 0.002061, 0.001924, 0.002048, 0.001969, 0.001832, 0.002093, 0.002030, 0.002121, 0.001971, 0.002150, 0.002118, 0.002155, 0.001451, 0.001064, 0.001452, 0.001506, 0.001336, 0.001300, 0.001208, 0.001267, 0.001202, 0.001448, 0.001288, 0.001383, 0.001223, 0.001341, 0.001247, 0.001439, 0.001346, 0.001355, 0.001229, 0.001474, 0.001256
0 , 1, 1, 1, 1, 1, 1, 1
0 , 0.014249, 0.016414, 0.019638, 0.021755, 0.025317, 0.022478, 0.022695
1 , 0.001736, 0.001672, 0.001824, 0.001658, 0.001777, 0.001901, 0.001750, 0.001912, 0.001772, 0.002061, 0.001924, 0.002048, 0.001969, 0.001832, 0.002093, 0.002030, 0.002121, 0.001971, 0.002150, 0.002118, 0.002155, 0.001451, 0.001064, 0.001452, 0.001506, 0.001336, 0.001300, 0.001208, 0.001267, 0.001202, 0.001448, 0.001288, 0.001383, 0.001223, 0.001341, 0.001247, 0.001439, 0.001346, 0.001355, 0.001229, 0.001474, 0.001256, 0.001379, 0.001253, 0.001369, 0.001284, 0.001503, 0.000093, 0.001639, 0.001900, 0.001962, 0.001782, 0.001880, 0.002060, 0.001887, 0.002043, 0.001696, 0.002039, 0.002039, 0.001954, 0.001930, 0.001708, 0.002005, 0.001887, 0.001962, 0.001857, 0.001847, 0.001871, 0.001625, 0.001907, 0.001583, 0.001852, 0.000312, 0.001858, 0.001732, 0.001801, 0.001678, 0.001589, 0.001467, 0.001474, 0.001443, 0.001481, 0.001395, 0.001340, 0.001249, 0.001443, 0.001168, 0.001392, 0.001304, 0.001406, 0.001071, 0.001296
1 , 1, 1, 1, 1, 1, 1, 1
1 , 0.016144, 0.019121, 0.021899, 0.022178, 0.024894, 0.022207, 0.022146
2 , 0.001962, 0.001782, 0.001880, 0.002060, 0.001887, 0.002043, 0.001696, 0.002039, 0.002039, 0.001954, 0.001930, 0.001708, 0.002005, 0.001887, 0.001962, 0.001857, 0.001847, 0.001871, 0.001625, 0.001907, 0.001583, 0.001852, 0.000312, 0.001858, 0.001732, 0.001801, 0.001678, 0.001589, 0.001467, 0.001474, 0.001443, 0.001481, 0.001395, 0.001340, 0.001249, 0.001443, 0.001168, 0.001392, 0.001304, 0.001406, 0.001071, 0.001296, 0.001196, 0.001264, 0.001163, 0.000683, 0.001565, 0.002067, 0.001908, 0.002104, 0.001990, 0.002091, 0.002246, 0.002047, 0.002279, 0.001963, 0.002090, 0.002060, 0.002113, 0.002214, 0.002188, 0.002255, 0.002117, 0.002245, 0.002178, 0.002188, 0.002020, 0.002020, 0.002174, 0.002028, 0.002031, 0.002103, 0.000852, 0.001309, 0.001672, 0.001629, 0.001574, 0.001443, 0.001446, 0.001228, 0.001506, 0.001260, 0.001448, 0.001349, 0.001445, 0.001258, 0.001444, 0.001257, 0.001383, 0.001318, 0.001507, 0.001203
2 , 1, 1, 1, 1, 1, 1, 1
2 , 0.019922, 0.024347, 0.027057, 0.028590, 0.025966, 0.024558, 0.023170
3 , 0.002104, 0.001990, 0.002091, 0.002246, 0.002047, 0.002279, 0.001963, 0.002090, 0.002060, 0.002113, 0.002214, 0.002188, 0.002255, 0.002117, 0.002245, 0.002178, 0.002188, 0.002020, 0.002020, 0.002174, 0.002028, 0.002031, 0.002103, 0.000852, 0.001309, 0.001672, 0.001629, 0.001574, 0.001443, 0.001446, 0.001228, 0.001506, 0.001260, 0.001448, 0.001349, 0.001445, 0.001258, 0.001444, 0.001257, 0.001383, 0.001318, 0.001507, 0.001203, 0.001358, 0.001228, 0.001384, 0.001292, 0.001366, 0.001257, 0.000475, 0.001851, 0.001851, 0.001801, 0.002111, 0.002023, 0.002012, 0.001918, 0.001995, 0.002090, 0.001978, 0.002045, 0.001872, 0.002018, 0.002033, 0.001924, 0.001994, 0.001830, 0.001993, 0.001930, 0.001887, 0.001811, 0.001824, 0.001930, 0.001340, 0.001300, 0.001761, 0.001687, 0.001541, 0.001569, 0.001509, 0.001548, 0.001399, 0.001588, 0.001343, 0.001415, 0.001297, 0.001361, 0.001304, 0.001341, 0.001151, 0.001492, 0.001184
3 , 1, 1, 1, 1, 1, 1, 1
3 , 0.018379, 0.021413, 0.022917, 0.024925, 0.026612, 0.026343, 0.027128
4 , 0.001801, 0.002111, 0.002023, 0.002012, 0.001918, 0.001995, 0.002090, 0.001978, 0.002045, 0.001872, 0.002018, 0.002033, 0.001924, 0.001994, 0.001830, 0.001993, 0.001930, 0.001887, 0.001811, 0.001824, 0.001930, 0.001340, 0.001300, 0.001761, 0.001687, 0.001541, 0.001569, 0.001509, 0.001548, 0.001399, 0.001588, 0.001343, 0.001415, 0.001297, 0.001361, 0.001304, 0.001341, 0.001151, 0.001492, 0.001184, 0.001332, 0.001330, 0.001474, 0.001359, 0.001517, 0.000240, 0.001675, 0.001797, 0.001903, 0.001715, 0.001736, 0.001678, 0.001963, 0.001881, 0.001927, 0.001811, 0.001884, 0.002114, 0.001960, 0.001924, 0.001745, 0.002021, 0.001991, 0.001863, 0.001948, 0.002081, 0.002162, 0.002090, 0.002060, 0.001884, 0.000011, 0.001488, 0.001551, 0.001524, 0.001394, 0.001299, 0.001327, 0.001297, 0.001421, 0.001324, 0.001416, 0.001260, 0.001442, 0.001230, 0.001413, 0.001285, 0.001410, 0.001314, 0.001552, 0.001427, 0.001518, 0.001390
4 , 1, 1, 1, 1, 1, 1, 1
4 , 0.019783, 0.022616, 0.026395, 0.022507, 0.021147, 0.020496, 0.019806
5 , 0.001903, 0.001715, 0.001736, 0.001678, 0.001963, 0.001881, 0.001927, 0.001811, 0.001884, 0.002114, 0.001960, 0.001924, 0.001745, 0.002021, 0.001991, 0.001863, 0.001948, 0.002081, 0.002162, 0.002090, 0.002060, 0.001884, 0.000011, 0.001488, 0.001551, 0.001524, 0.001394, 0.001299, 0.001327, 0.001297, 0.001421, 0.001324, 0.001416, 0.001260, 0.001442, 0.001230, 0.001413, 0.001285, 0.001410, 0.001314, 0.001552, 0.001427, 0.001518, 0.001390, 0.001541, 0.001358, 0.001659, 0.000946, 0.001024, 0.001636, 0.001839, 0.001517, 0.001829, 0.001868, 0.001743, 0.001801, 0.001704, 0.001931, 0.001801, 0.001973, 0.001707, 0.001887, 0.001959, 0.001829, 0.001973, 0.001719, 0.001876, 0.001727, 0.001827, 0.001871, 0.001643, 0.002035, 0.000735, 0.001859, 0.001757, 0.001663, 0.001541, 0.001631, 0.001418, 0.001611, 0.001305, 0.001524, 0.001344, 0.001413, 0.001143, 0.001394, 0.001240, 0.001249, 0.001220, 0.001260, 0.001195, 0.001385
5 , 1, 1, 1, 1, 1, 1, 1
5 , 0.014113, 0.017365, 0.019640, 0.020197, 0.019351, 0.018680, 0.019348
6 , 0.001636, 0.001839, 0.001517, 0.001829, 0.001868, 0.001743, 0.001801, 0.001704, 0.001931, 0.001801, 0.001973, 0.001707, 0.001887, 0.001959, 0.001829, 0.001973, 0.001719, 0.001876, 0.001727, 0.001827, 0.001871, 0.001643, 0.002035, 0.000735, 0.001859, 0.001757, 0.001663, 0.001541, 0.001631, 0.001418, 0.001611, 0.001305, 0.001524, 0.001344, 0.001413, 0.001143, 0.001394, 0.001240, 0.001249, 0.001220, 0.001260, 0.001195, 0.001385, 0.001142, 0.001352, 0.001146, 0.001383, 0.000830, 0.002031, 0.001804, 0.002111, 0.001983, 0.002054, 0.001794, 0.001975, 0.002073, 0.002068, 0.001829, 0.001841, 0.002054, 0.001869, 0.002052, 0.001803, 0.001945, 0.002142, 0.001878, 0.001887, 0.001759, 0.002033, 0.001863, 0.001960, 0.001423, 0.000957, 0.001507, 0.001625, 0.001572, 0.001507, 0.001388, 0.001479, 0.001540, 0.001513, 0.001398, 0.001552, 0.001430, 0.001408, 0.001317, 0.001439, 0.001317, 0.001382, 0.001256, 0.001376, 0.001406
6 , 1, 1, 1, 1, 1, 1, 1
6 , 0.013595, 0.015695, 0.018548, 0.020559, 0.022771, 0.018847, 0.018955
7 , 0.002111, 0.001983, 0.002054, 0.001794, 0.001975, 0.002073, 0.002068, 0.001829, 0.001841, 0.002054, 0.001869, 0.002052, 0.001803, 0.001945, 0.002142, 0.001878, 0.001887, 0.001759, 0.002033, 0.001863, 0.001960, 0.001423, 0.000957, 0.001507, 0.001625, 0.001572, 0.001507, 0.001388, 0.001479, 0.001540, 0.001513, 0.001398, 0.001552, 0.001430, 0.001408, 0.001317, 0.001439, 0.001317, 0.001382, 0.001256, 0.001376, 0.001406, 0.001407, 0.001408, 0.001498, 0.001296, 0.001551, 0.000240, 0.001535, 0.001768, 0.001830, 0.001825, 0.001913, 0.001892, 0.001932, 0.001951, 0.001823, 0.001967, 0.001787, 0.001797, 0.001839, 0.002091, 0.002006, 0.001881, 0.002015, 0.001675, 0.001970, 0.002021, 0.002039, 0.002006, 0.001814, 0.002214, 0.000097, 0.001617, 0.001495, 0.001565, 0.001224, 0.001291, 0.001253, 0.001382, 0.001190, 0.001260, 0.001196, 0.001296, 0.001202, 0.001306, 0.001176, 0.001327, 0.001078, 0.001316, 0.001150, 0.001301
7 , 1, 1, 1, 1, 1, 1, 1
7 , 0.018460, 0.021122, 0.023282, 0.023547, 0.025949, 0.022632, 0.022158
8 , 0.001830, 0.001825, 0.001913, 0.001892, 0.001932, 0.001951, 0.001823, 0.001967, 0.001787, 0.001797, 0.001839, 0.002091, 0.002006, 0.001881, 0.002015, 0.001675, 0.001970, 0.002021, 0.002039, 0.002006, 0.001814, 0.002214, 0.000097, 0.001617, 0.001495, 0.001565, 0.001224, 0.001291, 0.001253, 0.001382, 0.001190, 0.001260, 0.001196, 0.001296, 0.001202, 0.001306, 0.001176, 0.001327, 0.001078, 0.001316, 0.001150, 0.001301, 0.001348, 0.001472, 0.001369, 0.001144, 0.001015, 0.001792, 0.001685, 0.002006, 0.002006, 0.002077, 0.001990, 0.002215, 0.002235, 0.002048, 0.002274, 0.002109, 0.002465, 0.002337, 0.002367, 0.002479, 0.002550, 0.002663, 0.002520, 0.002698, 0.002371, 0.002645, 0.002514, 0.002775, 0.001167, 0.001046, 0.001185, 0.001331, 0.001198, 0.001240, 0.001227, 0.001340, 0.001389, 0.001500, 0.001397, 0.001390, 0.001414, 0.001499, 0.001556, 0.001433, 0.001457, 0.001605, 0.001662, 0.001692, 0.001507, 0.001659
8 , 1, 1, 1, 1, 1, 1, 1
8 , 0.025956, 0.030325, 0.034174, 0.035478, 0.030661, 0.029291, 0.027451
9 , 0.002006, 0.002006, 0.002077, 0.001990, 0.002215, 0.002235, 0.002048, 0.002274, 0.002109, 0.002465, 0.002337, 0.002367, 0.002479, 0.002550, 0.002663, 0.002520, 0.002698, 0.002371, 0.002645, 0.002514, 0.002775, 0.001167, 0.001046, 0.001185, 0.001331, 0.001198, 0.001240, 0.001227, 0.001340, 0.001389, 0.001500, 0.001397, 0.001390, 0.001414, 0.001499, 0.001556, 0.001433, 0.001457, 0.001605, 0.001662, 0.001692, 0.001507, 0.001659, 0.001690, 0.001779, 0.001569, 0.001750, 0.000154, 0.001293, 0.001570, 0.001653, 0.001570, 0.001625, 0.001983, 0.001808, 0.001854, 0.001818, 0.001942, 0.002054, 0.001889, 0.002001, 0.001868, 0.002266, 0.002074, 0.002131, 0.002161, 0.002161, 0.002293, 0.001902, 0.002036, 0.002037, 0.001880, 0.000571, 0.001546, 0.001499, 0.001448, 0.001248, 0.001460, 0.001206, 0.001392, 0.001201, 0.001534, 0.001439, 0.001564, 0.001312, 0.001553, 0.001267, 0.001573, 0.001324, 0.001506, 0.001411, 0.001602
9 , 1, 1, 1, 1, 1, 1, 1
9 , 0.022949, 0.025701, 0.028981, 0.028602, 0.030668, 0.028221, 0.027348
10 , 0.001653, 0.001570, 0.001625, 0.001983, 0.001808, 0.001854, 0.001818, 0.001942, 0.002054, 0.001889, 0.002001, 0.001868, 0.002266, 0.002074, 0.002131, 0.002161, 0.002161, 0.002293, 0.001902, 0.002036, 0.002037, 0.001880, 0.000571, 0.001546, 0.001499, 0.001448, 0.001248, 0.001460, 0.001206, 0.001392, 0.001201, 0.001534, 0.001439, 0.001564, 0.001312, 0.001553, 0.001267, 0.001573, 0.001324, 0.001506, 0.001411, 0.001602, 0.001473, 0.001366, 0.001410, 0.000425, 0.001632, 0.001835, 0.001605, 0.001971, 0.001945, 0.001991, 0.001982, 0.002019, 0.002205, 0.001963, 0.001960, 0.001866, 0.001827, 0.001915, 0.001933, 0.001801, 0.001722, 0.001913, 0.001747, 0.001705, 0.001693, 0.001692, 0.001745, 0.001529, 0.001666, 0.001661, 0.000094, 0.001782, 0.001850, 0.001826, 0.001704, 0.001589, 0.001621, 0.001621, 0.001591, 0.001350, 0.001474, 0.001601, 0.001483, 0.001305, 0.001468, 0.001352, 0.001235, 0.001290, 0.001388, 0.001201
10 , 1, 1, 1, 1, 1, 1, 1
10 , 0.014833, 0.018130, 0.021729, 0.022787, 0.020630, 0.017798, 0.017424
11 , 0.001971, 0.001945, 0.001991, 0.001982, 0.002019, 0.002205, 0.001963, 0.001960, 0.001866, 0.001827, 0.001915, 0.001933, 0.001801, 0.001722, 0.001913, 0.001747, 0.001705, 0.001693, 0.001692, 0.001745, 0.001529, 0.001666, 0.001661, 0.000094, 0.001782, 0.001850, 0.001826, 0.001704, 0.001589, 0.001621, 0.001621, 0.001591, 0.001350, 0.001474, 0.001601, 0.001483, 0.001305, 0.001468, 0.001352, 0.001235, 0.001290, 0.001388, 0.001201, 0.001299, 0.001332, 0.001370, 0.001195, 0.001234, 0.001114, 0.001249, 0.001035, 0.001137, 0.001164, 0.000977, 0.001017, 0.001139, 0.001044, 0.001109, 0.001006, 0.001220, 0.001157, 0.001214, 0.001298, 0.001263, 0.001256, 0.001256, 0.001247, 0.001271, 0.001331, 0.001324, 0.001440, 0.001433, 0.001370, 0.001462, 0.001488, 0.001422, 0.001422, 0.001571, 0.001384, 0.001413, 0.001533, 0.001531, 0.001804, 0.001555, 0.001644, 0.001558, 0.001528, 0.001560, 0.001651, 0.001558, 0.001559, 0.001436
11 , 2, 2, 2, 2, 2, 2, 2
11 , 0.016286, 0.017040, 0.017176, 0.017459, 0.017476, 0.014450, 0.014694
12 , 0.001035, 0.001137, 0.001164, 0.000977, 0.001017, 0.001139, 0.001044, 0.001109, 0.001006, 0.001220, 0.001157, 0.001214, 0.001298, 0.001263, 0.001256, 0.001256, 0.001247, 0.001271, 0.001331, 0.001324, 0.001440, 0.001433, 0.001370, 0.001462, 0.001488, 0.001422, 0.001422, 0.001571, 0.001384, 0.001413, 0.001533, 0.001531, 0.001804, 0.001555, 0.001644, 0.001558, 0.001528, 0.001560, 0.001651, 0.001558, 0.001559, 0.001436, 0.001532, 0.001471, 0.001595, 0.001442, 0.001506, 0.001510, 0.001519, 0.001395, 0.001488, 0.001364, 0.001490, 0.001550, 0.001491, 0.001489, 0.001552, 0.001425, 0.001519, 0.001454, 0.001578, 0.001424, 0.001605, 0.001481, 0.001578, 0.001269, 0.001577, 0.001363, 0.001482, 0.001417, 0.001597, 0.001471, 0.001565, 0.001411, 0.001505, 0.001380, 0.001599, 0.001451, 0.001576, 0.001328, 0.001552, 0.001393, 0.001613, 0.001403, 0.001497, 0.001258, 0.001449, 0.001327, 0.001395, 0.001209, 0.001369, 0.001303
12 , 3, 3, 3, 3, 3, 3, 3
12 , 0.008483, 0.008825, 0.008524, 0.008799, 0.008606, 0.008672, 0.008397
13 , 0.001510, 0.001519, 0.001395, 0.001488, 0.001364, 0.001490, 0.001550, 0.001491, 0.001489, 0.001552, 0.001425, 0.001519, 0.001454, 0.001578, 0.001424, 0.001605, 0.001481, 0.001578, 0.001269, 0.001577, 0.001363, 0.001482, 0.001417, 0.001597, 0.001471, 0.001565, 0.001411, 0.001505, 0.001380, 0.001599, 0.001451, 0.001576, 0.001328, 0.001552, 0.001393, 0.001613, 0.001403, 0.001497, 0.001258, 0.001449, 0.001327, 0.001395, 0.001209, 0.001369, 0.001303, 0.001430, 0.001276, 0.001287, 0.001251, 0.001437, 0.001341, 0.001380, 0.001322, 0.001629, 0.001250, 0.001373, 0.001276, 0.001459, 0.001301, 0.001426, 0.001388, 0.001422, 0.001415, 0.001543, 0.001300, 0.001428, 0.001395, 0.001486, 0.001210, 0.001426, 0.001474, 0.001508, 0.001383, 0.001506, 0.001438, 0.001523, 0.001436, 0.001498, 0.001518, 0.001587, 0.001432, 0.001526, 0.001343, 0.001583, 0.001552, 0.001607, 0.001538, 0.001506, 0.001562, 0.001536, 0.001351, 0.001506
13 , 2, 2, 2, 2, 2, 2, 2
13 , 0.003278, 0.003952, 0.003737, 0.003752, 0.003594, 0.004038, 0.004076
14 , 0.001322, 0.001629, 0.001250, 0.001373, 0.001276, 0.001459, 0.001301, 0.001426, 0.001388, 0.001422, 0.001415, 0.001543, 0.001300, 0.001428, 0.001395, 0.001486, 0.001210, 0.001426, 0.001474, 0.001508, 0.001383, 0.001506, 0.001438, 0.001523, 0.001436, 0.001498, 0.001518, 0.001587, 0.001432, 0.001526, 0.001343, 0.001583, 0.001552, 0.001607, 0.001538, 0.001506, 0.001562, 0.001536, 0.001351, 0.001506, 0.001533, 0.001533, 0.001503, 0.001530, 0.001557, 0.001524, 0.001587, 0.001465, 0.001586, 0.001558, 0.001620, 0.001560, 0.001531, 0.001589, 0.001653, 0.001560, 0.001562, 0.001499, 0.001503, 0.001446, 0.001541, 0.001393, 0.001518, 0.001424, 0.001584, 0.001491, 0.001496, 0.001370, 0.001432, 0.001309, 0.001405, 0.001284, 0.001408, 0.001341, 0.001527, 0.001343, 0.001538, 0.001260, 0.001444, 0.001385, 0.001416, 0.001231, 0.001353, 0.001222, 0.001501, 0.001404, 0.001466, 0.001342, 0.001498, 0.001371, 0.001554, 0.001399
14 , 3, 3, 3, 3, 3, 3, 3
14 , 0.005625, 0.005540, 0.005180, 0.004961, 0.004543, 0.004486, 0.003964
15 , 0.001587, 0.001465, 0.001586, 0.001558, 0.001620, 0.001560, 0.001531, 0.001589, 0.001653, 0.001560, 0.001562, 0.001499, 0.001503, 0.001446, 0.001541, 0.001393, 0.001518, 0.001424, 0.001584, 0.001491, 0.001496, 0.001370, 0.001432, 0.001309, 0.001405, 0.001284, 0.001408, 0.001341, 0.001527, 0.001343, 0.001538, 0.001260, 0.001444, 0.001385, 0.001416, 0.001231, 0.001353, 0.001222, 0.001501, 0.001404, 0.001466, 0.001342, 0.001498, 0.001371, 0.001554, 0.001399, 0.001432, 0.001457, 0.001581, 0.001422, 0.001547, 0.001301, 0.001544, 0.001357, 0.001542, 0.001353, 0.001603, 0.001394, 0.001581, 0.001301, 0.001431, 0.001368, 0.001619, 0.001401, 0.001400, 0.001301, 0.001514, 0.001272, 0.001486, 0.001333, 0.001427, 0.001427, 0.001488, 0.001364, 0.001579, 0.001396, 0.001401, 0.001401, 0.001340, 0.001370, 0.001525, 0.001214, 0.001366, 0.001517, 0.001491, 0.001458, 0.001487, 0.001396, 0.001367, 0.001491, 0.001490, 0.001457
15 , 1, 1, 1, 1, 1, 1, 1
15 , 0.003795, 0.003619, 0.003432, 0.003180, 0.003025, 0.002584, 0.002281
16 , 0.001432, 0.001457, 0.001581, 0.001422, 0.001547, 0.001301, 0.001544, 0.001357, 0.001542, 0.001353, 0.001603, 0.001394, 0.001581, 0.001301, 0.001431, 0.001368, 0.001619, 0.001401, 0.001400, 0.001301, 0.001514, 0.001272, 0.001486, 0.001333, 0.001427, 0.001427, 0.001488, 0.001364, 0.001579, 0.001396, 0.001401, 0.001401, 0.001340, 0.001370, 0.001525, 0.001214, 0.001366, 0.001517, 0.001491, 0.001458, 0.001487, 0.001396, 0.001367, 0.001491, 0.001490, 0.001457, 0.001371, 0.001408, 0.001412, 0.001441, 0.001319, 0.001328, 0.001446, 0.001510, 0.001411, 0.001412, 0.001443, 0.001505, 0.001390, 0.001460, 0.001372, 0.001375, 0.001287, 0.001412, 0.001258, 0.001414, 0.001406, 0.001404, 0.001271, 0.001453, 0.001383, 0.001444, 0.001378, 0.001553, 0.001363, 0.001517, 0.001359, 0.001602, 0.001506, 0.001627, 0.001442, 0.001653, 0.001524, 0.001742, 0.001589, 0.001711, 0.001646, 0.001711, 0.001462, 0.001621, 0.001588, 0.001623
16 , 2, 2, 2, 2, 2, 2, 2
16 , 0.003469, 0.003779, 0.003935, 0.003938, 0.004002, 0.004028, 0.003703
