0 , 0.001606, 0.001743, 0.001810, 0.002024, 0.001820, 0.002120, 0.002000, 0.001967, 0.002102, 0.002125, 0.002206, 0.002095, 0.002324, 0.002094, 0.002182, 0.002334, 0.002269, 0.002243, 0.001990, 0.002192, 0.002381, 0.002310, 0.002238, 0.000411, 0.001301, 0.001435, 0.001452, 0.001386, 0.001199, 0.001448, 0.001377, 0.001443, 0.001191, 0.001523, 0.001298, 0.001419, 0.001199, 0.001506, 0.001316, 0.001557, 0.001521, 0.001674, 0.001304, 0.001607, 0.001452, 0.001574, 0.001417, 0.001570, 0.001207, 0.000620, 0.001646, 0.001685, 0.001674, 0.001735, 0.001915, 0.001857, 0.001790, 0.001669, 0.001928, 0.001754, 0.001887, 0.001807, 0.001771, 0.002061, 0.001862, 0.001934, 0.001732, 0.001889, 0.002011, 0.001939, 0.001973, 0.001769, 0.002031, 0.001239, 0.001269, 0.001671, 0.001443, 0.001476, 0.001415, 0.001235, 0.001394, 0.001303, 0.001365, 0.001336, 0.001366, 0.001243, 0.001363, 0.001276, 0.001372, 0.001400, 0.001496, 0.001342
0 , 1, 1, 1, 1, 1, 1, 1
0 , 0.014311, 0.016637, 0.019867, 0.022803, 0.024639, 0.024022, 0.024566
1 , 0.001646, 0.001685, 0.001674, 0.001735, 0.001915, 0.001857, 0.001790, 0.001669, 0.001928, 0.001754, 0.001887, 0.001807, 0.001771, 0.002061, 0.001862, 0.001934, 0.001732, 0.001889, 0.002011, 0.001939, 0.001973, 0.001769, 0.002031, 0.001239, 0.001269, 0.001671, 0.001443, 0.001476, 0.001415, 0.001235, 0.001394, 0.001303, 0.001365, 0.001336, 0.001366, 0.001243, 0.001363, 0.001276, 0.001372, 0.001400, 0.001496, 0.001342, 0.001432, 0.001343, 0.001485, 0.001278, 0.001469, 0.000107, 0.001812, 0.001664, 0.001792, 0.001655, 0.001763, 0.001709, 0.001836, 0.001991, 0.001842, 0.001969, 0.001778, 0.002005, 0.001905, 0.001847, 0.001858, 0.001907, 0.002001, 0.001801, 0.002035, 0.001828, 0.001983, 0.002199, 0.001958, 0.002101, 0.001881, 0.002120, 0.000291, 0.001797, 0.001630, 0.001603, 0.001323, 0.001541, 0.001295, 0.001516, 0.001271, 0.001487, 0.001393, 0.001581, 0.001370, 0.001622, 0.001348, 0.001505, 0.001287, 0.001448
1 , 1, 1, 1, 1, 1, 1, 1
1 , 0.009533, 0.011331, 0.014626, 0.017076, 0.022186, 0.021788, 0.022388
2 , 0.001763, 0.001709, 0.001836, 0.001991, 0.001842, 0.001969, 0.001778, 0.002005, 0.001905, 0.001847, 0.001858, 0.001907, 0.002001, 0.001801, 0.002035, 0.001828, 0.001983, 0.002199, 0.001958, 0.002101, 0.001881, 0.002120, 0.000291, 0.001797, 0.001630, 0.001603, 0.001323, 0.001541, 0.001295, 0.001516, 0.001271, 0.001487, 0.001393, 0.001581, 0.001370, 0.001622, 0.001348, 0.001505, 0.001287, 0.001448, 0.001295, 0.001330, 0.001178, 0.001372, 0.001303, 0.001340, 0.001226, 0.000701, 0.001508, 0.002020, 0.001795, 0.002034, 0.002078, 0.002209, 0.001933, 0.002030, 0.002192, 0.002061, 0.002016, 0.001895, 0.002143, 0.001961, 0.002046, 0.002025, 0.001886, 0.002147, 0.002035, 0.002086, 0.001919, 0.002022, 0.001922, 0.002151, 0.000331, 0.001649, 0.001476, 0.001655, 0.001565, 0.001381, 0.001351, 0.001408, 0.001501, 0.001532, 0.001472, 0.001318, 0.001346, 0.001560, 0.001556, 0.001496, 0.001522, 0.001459, 0.001491, 0.001522
2 , 1, 1, 1, 1, 1, 1, 1
2 , 0.017274, 0.019588, 0.021431, 0.023886, 0.024079, 0.022021, 0.021298
3 , 0.001795, 0.002034, 0.002078, 0.002209, 0.001933, 0.002030, 0.002192, 0.002061, 0.002016, 0.001895, 0.002143, 0.001961, 0.002046, 0.002025, 0.001886, 0.002147, 0.002035, 0.002086, 0.001919, 0.002022, 0.001922, 0.002151, 0.000331, 0.001649, 0.001476, 0.001655, 0.001565, 0.001381, 0.001351, 0.001408, 0.001501, 0.001532, 0.001472, 0.001318, 0.001346, 0.001560, 0.001556, 0.001496, 0.001522, 0.001459, 0.001491, 0.001522, 0.001526, 0.001589, 0.001405, 0.001413, 0.000664, 0.001506, 0.001732, 0.001654, 0.001682, 0.001439, 0.001812, 0.001757, 0.001848, 0.001727, 0.001821, 0.001953, 0.001884, 0.001956, 0.001815, 0.001995, 0.001850, 0.001869, 0.001766, 0.001846, 0.002122, 0.001928, 0.002044, 0.001940, 0.001495, 0.000945, 0.001723, 0.001555, 0.001537, 0.001342, 0.001439, 0.001188, 0.001379, 0.001314, 0.001443, 0.001194, 0.001472, 0.001343, 0.001524, 0.001214, 0.001461, 0.001335, 0.001516, 0.001359, 0.001542, 0.001325
3 , 1, 1, 1, 1, 1, 1, 1
3 , 0.015961, 0.019223, 0.021071, 0.023690, 0.019984, 0.019852, 0.019042
4 , 0.001654, 0.001682, 0.001439, 0.001812, 0.001757, 0.001848, 0.001727, 0.001821, 0.001953, 0.001884, 0.001956, 0.001815, 0.001995, 0.001850, 0.001869, 0.001766, 0.001846, 0.002122, 0.001928, 0.002044, 0.001940, 0.001495, 0.000945, 0.001723, 0.001555, 0.001537, 0.001342, 0.001439, 0.001188, 0.001379, 0.001314, 0.001443, 0.001194, 0.001472, 0.001343, 0.001524, 0.001214, 0.001461, 0.001335, 0.001516, 0.001359, 0.001542, 0.001325, 0.001449, 0.001380, 0.001486, 0.001492, 0.000110, 0.001603, 0.001639, 0.001521, 0.001947, 0.001941, 0.001952, 0.001813, 0.001743, 0.001971, 0.001825, 0.001956, 0.001813, 0.001922, 0.002062, 0.001898, 0.001983, 0.002021, 0.002165, 0.001994, 0.002101, 0.002015, 0.001983, 0.002121, 0.002118, 0.000432, 0.001660, 0.001461, 0.001531, 0.001314, 0.001347, 0.001400, 0.001249, 0.001401, 0.001277, 0.001368, 0.001393, 0.001544, 0.001393, 0.001449, 0.001326, 0.001360, 0.001297, 0.001328, 0.001386
4 , 1, 1, 1, 1, 1, 1, 1
4 , 0.013741, 0.017137, 0.019176, 0.020307, 0.023145, 0.021211, 0.021400
5 , 0.001521, 0.001947, 0.001941, 0.001952, 0.001813, 0.001743, 0.001971, 0.001825, 0.001956, 0.001813, 0.001922, 0.002062, 0.001898, 0.001983, 0.002021, 0.002165, 0.001994, 0.002101, 0.002015, 0.001983, 0.002121, 0.002118, 0.000432, 0.001660, 0.001461, 0.001531, 0.001314, 0.001347, 0.001400, 0.001249, 0.001401, 0.001277, 0.001368, 0.001393, 0.001544, 0.001393, 0.001449, 0.001326, 0.001360, 0.001297, 0.001328, 0.001386, 0.001414, 0.001357, 0.001524, 0.000806, 0.001463, 0.001701, 0.001846, 0.001682, 0.001818, 0.001630, 0.001963, 0.001902, 0.001933, 0.001999, 0.001714, 0.001920, 0.001839, 0.001955, 0.001788, 0.001876, 0.002101, 0.001944, 0.002126, 0.001925, 0.002020, 0.002086, 0.001943, 0.002185, 0.000453, 0.001239, 0.001569, 0.001528, 0.001523, 0.001541, 0.001548, 0.001186, 0.001498, 0.001250, 0.001347, 0.001163, 0.001441, 0.001190, 0.001466, 0.001217, 0.001341, 0.001363, 0.001494, 0.001254, 0.001353, 0.001172
5 , 1, 1, 1, 1, 1, 1, 1
5 , 0.018159, 0.021598, 0.025642, 0.025047, 0.022169, 0.021848, 0.021157
6 , 0.001846, 0.001682, 0.001818, 0.001630, 0.001963, 0.001902, 0.001933, 0.001999, 0.001714, 0.001920, 0.001839, 0.001955, 0.001788, 0.001876, 0.002101, 0.001944, 0.002126, 0.001925, 0.002020, 0.002086, 0.001943, 0.002185, 0.000453, 0.001239, 0.001569, 0.001528, 0.001523, 0.001541, 0.001548, 0.001186, 0.001498, 0.001250, 0.001347, 0.001163, 0.001441, 0.001190, 0.001466, 0.001217, 0.001341, 0.001363, 0.001494, 0.001254, 0.001353, 0.001172, 0.001297, 0.001141, 0.001364, 0.001208, 0.000823, 0.001812, 0.001870, 0.001754, 0.001828, 0.001956, 0.001801, 0.002012, 0.001803, 0.002022, 0.001804, 0.001903, 0.001843, 0.001823, 0.001962, 0.001749, 0.001804, 0.001591, 0.001733, 0.001863, 0.001572, 0.001671, 0.001614, 0.001825, 0.001202, 0.001519, 0.002046, 0.001888, 0.001799, 0.001830, 0.001713, 0.001719, 0.001510, 0.001612, 0.001436, 0.001418, 0.001275, 0.001314, 0.001322, 0.001420, 0.001267, 0.001395, 0.001334, 0.001253
6 , 1, 1, 1, 1, 1, 1, 1
6 , 0.012393, 0.014913, 0.017061, 0.018978, 0.018073, 0.018335, 0.017884
7 , 0.001812, 0.001870, 0.001754, 0.001828, 0.001956, 0.001801, 0.002012, 0.001803, 0.002022, 0.001804, 0.001903, 0.001843, 0.001823, 0.001962, 0.001749, 0.001804, 0.001591, 0.001733, 0.001863, 0.001572, 0.001671, 0.001614, 0.001825, 0.001202, 0.001519, 0.002046, 0.001888, 0.001799, 0.001830, 0.001713, 0.001719, 0.001510, 0.001612, 0.001436, 0.001418, 0.001275, 0.001314, 0.001322, 0.001420, 0.001267, 0.001395, 0.001334, 0.001253, 0.001200, 0.001292, 0.001185, 0.001340, 0.000064, 0.001813, 0.001697, 0.002098, 0.001875, 0.001979, 0.001820, 0.001981, 0.002082, 0.002037, 0.002065, 0.001758, 0.001989, 0.001928, 0.001915, 0.001794, 0.001752, 0.002009, 0.001798, 0.001901, 0.001843, 0.002004, 0.001927, 0.001992, 0.001898, 0.000536, 0.001565, 0.001744, 0.001535, 0.001566, 0.001499, 0.001558, 0.001465, 0.001648, 0.001491, 0.001647, 0.001369, 0.001615, 0.001557, 0.001592, 0.001469, 0.001507, 0.001411, 0.001535, 0.001358
7 , 1, 1, 1, 1, 1, 1, 1
7 , 0.009004, 0.010798, 0.012881, 0.015233, 0.019168, 0.015816, 0.015286
8 , 0.002098, 0.001875, 0.001979, 0.001820, 0.001981, 0.002082, 0.002037, 0.002065, 0.001758, 0.001989, 0.001928, 0.001915, 0.001794, 0.001752, 0.002009, 0.001798, 0.001901, 0.001843, 0.002004, 0.001927, 0.001992, 0.001898, 0.000536, 0.001565, 0.001744, 0.001535, 0.001566, 0.001499, 0.001558, 0.001465, 0.001648, 0.001491, 0.001647, 0.001369, 0.001615, 0.001557, 0.001592, 0.001469, 0.001507, 0.001411, 0.001535, 0.001358, 0.001573, 0.001331, 0.001548, 0.001308, 0.001637, 0.000917, 0.001163, 0.001769, 0.001821, 0.001730, 0.001754, 0.001970, 0.001887, 0.002079, 0.001985, 0.002101, 0.002080, 0.001986, 0.001968, 0.001852, 0.002074, 0.001892, 0.001989, 0.001771, 0.001843, 0.001947, 0.001904, 0.001977, 0.001795, 0.002185, 0.000824, 0.001595, 0.001614, 0.001549, 0.001459, 0.001523, 0.001403, 0.001434, 0.001190, 0.001435, 0.001343, 0.001439, 0.001375, 0.001442, 0.001249, 0.001308, 0.001304, 0.001403, 0.001279, 0.001463
8 , 1, 1, 1, 1, 1, 1, 1
8 , 0.013543, 0.016642, 0.018870, 0.019821, 0.020051, 0.019225, 0.019037
9 , 0.001821, 0.001730, 0.001754, 0.001970, 0.001887, 0.002079, 0.001985, 0.002101, 0.002080, 0.001986, 0.001968, 0.001852, 0.002074, 0.001892, 0.001989, 0.001771, 0.001843, 0.001947, 0.001904, 0.001977, 0.001795, 0.002185, 0.000824, 0.001595, 0.001614, 0.001549, 0.001459, 0.001523, 0.001403, 0.001434, 0.001190, 0.001435, 0.001343, 0.001439, 0.001375, 0.001442, 0.001249, 0.001308, 0.001304, 0.001403, 0.001279, 0.001463, 0.001280, 0.001403, 0.001348, 0.001404, 0.000636, 0.001987, 0.001603, 0.001991, 0.001842, 0.001912, 0.001855, 0.001989, 0.002092, 0.001971, 0.002077, 0.001904, 0.002101, 0.001959, 0.001925, 0.002056, 0.001862, 0.001992, 0.001950, 0.002068, 0.001901, 0.001940, 0.002050, 0.002096, 0.002186, 0.002092, 0.001828, 0.000775, 0.001564, 0.001365, 0.001464, 0.001270, 0.001425, 0.001205, 0.001358, 0.001170, 0.001359, 0.001200, 0.001447, 0.001166, 0.001474, 0.001318, 0.001447, 0.001255, 0.001441, 0.001347
9 , 1, 1, 1, 1, 1, 1, 1
9 , 0.017317, 0.020502, 0.022872, 0.027226, 0.025760, 0.026450, 0.024022
10 , 0.001991, 0.001842, 0.001912, 0.001855, 0.001989, 0.002092, 0.001971, 0.002077, 0.001904, 0.002101, 0.001959, 0.001925, 0.002056, 0.001862, 0.001992, 0.001950, 0.002068, 0.001901, 0.001940, 0.002050, 0.002096, 0.002186, 0.002092, 0.001828, 0.000775, 0.001564, 0.001365, 0.001464, 0.001270, 0.001425, 0.001205, 0.001358, 0.001170, 0.001359, 0.001200, 0.001447, 0.001166, 0.001474, 0.001318, 0.001447, 0.001255, 0.001441, 0.001347, 0.001503, 0.001222, 0.001468, 0.001435, 0.001408, 0.001219, 0.001561, 0.001247, 0.001314, 0.001277, 0.001489, 0.001304, 0.001398, 0.001300, 0.001547, 0.001269, 0.001424, 0.001232, 0.001569, 0.001379, 0.001591, 0.001493, 0.001677, 0.001398, 0.001615, 0.001519, 0.001611, 0.001515, 0.001672, 0.001427, 0.001611, 0.001520, 0.001556, 0.001340, 0.001560, 0.001468, 0.001562, 0.001500, 0.001537, 0.001444, 0.001599, 0.001416, 0.001580, 0.001368, 0.001443, 0.001380, 0.001420, 0.001272, 0.001430
10 , 2, 2, 2, 2, 2, 2, 1
10 , 0.011890, 0.013735, 0.013991, 0.015161, 0.015254, 0.015530, 0.013341
11 , 0.001314, 0.001277, 0.001489, 0.001304, 0.001398, 0.001300, 0.001547, 0.001269, 0.001424, 0.001232, 0.001569, 0.001379, 0.001591, 0.001493, 0.001677, 0.001398, 0.001615, 0.001519, 0.001611, 0.001515, 0.001672, 0.001427, 0.001611, 0.001520, 0.001556, 0.001340, 0.001560, 0.001468, 0.001562, 0.001500, 0.001537, 0.001444, 0.001599, 0.001416, 0.001580, 0.001368, 0.001443, 0.001380, 0.001420, 0.001272, 0.001430, 0.001244, 0.001315, 0.001157, 0.001459, 0.001327, 0.001323, 0.001313, 0.001398, 0.001358, 0.001532, 0.001460, 0.001608, 0.001509, 0.001569, 0.001625, 0.001897, 0.001710, 0.001862, 0.001708, 0.001769, 0.001706, 0.001705, 0.001643, 0.001735, 0.001796, 0.001829, 0.001650, 0.001713, 0.001775, 0.001750, 0.001602, 0.001636, 0.001669, 0.001520, 0.001525, 0.001530, 0.001507, 0.001359, 0.001491, 0.001377, 0.001413, 0.001443, 0.001298, 0.001208, 0.001276, 0.001163, 0.001263, 0.001174, 0.001238, 0.001210, 0.001191
11 , 3, 3, 1, 1, 1, 1, 1
11 , 0.003878, 0.004255, 0.005444, 0.006713, 0.008099, 0.009083, 0.010140
12 , 0.001608, 0.001509, 0.001569, 0.001625, 0.001897, 0.001710, 0.001862, 0.001708, 0.001769, 0.001706, 0.001705, 0.001643, 0.001735, 0.001796, 0.001829, 0.001650, 0.001713, 0.001775, 0.001750, 0.001602, 0.001636, 0.001669, 0.001520, 0.001525, 0.001530, 0.001507, 0.001359, 0.001491, 0.001377, 0.001413, 0.001443, 0.001298, 0.001208, 0.001276, 0.001163, 0.001263, 0.001174, 0.001238, 0.001210, 0.001191, 0.001101, 0.001255, 0.001187, 0.001219, 0.001123, 0.001330, 0.001252, 0.001305, 0.001298, 0.001353, 0.001282, 0.001464, 0.001422, 0.001506, 0.001471, 0.001623, 0.001373, 0.001588, 0.001461, 0.001619, 0.001553, 0.001640, 0.001458, 0.001674, 0.001489, 0.001556, 0.001344, 0.001560, 0.001435, 0.001622, 0.001466, 0.001653, 0.001349, 0.001566, 0.001502, 0.001655, 0.001440, 0.001504, 0.001321, 0.001630, 0.001566, 0.001697, 0.001326, 0.001543, 0.001304, 0.001553, 0.001438, 0.001507, 0.001292, 0.001424, 0.001365, 0.001401
12 , 2, 2, 2, 1, 1, 1, 1
12 , 0.008574, 0.008975, 0.008835, 0.009338, 0.010039, 0.010160, 0.010802
13 , 0.001422, 0.001506, 0.001471, 0.001623, 0.001373, 0.001588, 0.001461, 0.001619, 0.001553, 0.001640, 0.001458, 0.001674, 0.001489, 0.001556, 0.001344, 0.001560, 0.001435, 0.001622, 0.001466, 0.001653, 0.001349, 0.001566, 0.001502, 0.001655, 0.001440, 0.001504, 0.001321, 0.001630, 0.001566, 0.001697, 0.001326, 0.001543, 0.001304, 0.001553, 0.001438, 0.001507, 0.001292, 0.001424, 0.001365, 0.001401, 0.001428, 0.001520, 0.001276, 0.001434, 0.001217, 0.001278, 0.001212, 0.001363, 0.001204, 0.001416, 0.001377, 0.001405, 0.001278, 0.001461, 0.001368, 0.001339, 0.001451, 0.001602, 0.001418, 0.001480, 0.001505, 0.001564, 0.001501, 0.001530, 0.001498, 0.001706, 0.001674, 0.001552, 0.001551, 0.001580, 0.001551, 0.001644, 0.001579, 0.001669, 0.001610, 0.001581, 0.001647, 0.001520, 0.001611, 0.001519, 0.001616, 0.001498, 0.001684, 0.001443, 0.001475, 0.001449, 0.001455, 0.001455, 0.001488, 0.001338, 0.001405, 0.001224
13 , 2, 2, 2, 2, 2, 1, 1
13 , 0.003366, 0.003554, 0.003215, 0.003005, 0.002839, 0.002862, 0.003419
14 , 0.001363, 0.001204, 0.001416, 0.001377, 0.001405, 0.001278, 0.001461, 0.001368, 0.001339, 0.001451, 0.001602, 0.001418, 0.001480, 0.001505, 0.001564, 0.001501, 0.001530, 0.001498, 0.001706, 0.001674, 0.001552, 0.001551, 0.001580, 0.001551, 0.001644, 0.001579, 0.001669, 0.001610, 0.001581, 0.001647, 0.001520, 0.001611, 0.001519, 0.001616, 0.001498, 0.001684, 0.001443, 0.001475, 0.001449, 0.001455, 0.001455, 0.001488, 0.001338, 0.001405, 0.001224, 0.001539, 0.001355, 0.001358, 0.001357, 0.001391, 0.001354, 0.001474, 0.001290, 0.001415, 0.001231, 0.001444, 0.001340, 0.001553, 0.001365, 0.001461, 0.001485, 0.001575, 0.001358, 0.001478, 0.001357, 0.001635, 0.001386, 0.001514, 0.001507, 0.001663, 0.001537, 0.001541, 0.001329, 0.001548, 0.001338, 0.001562, 0.001346, 0.001441, 0.001231, 0.001425, 0.001241, 0.001463, 0.001252, 0.001321, 0.001330, 0.001422, 0.001236, 0.001334, 0.001320, 0.001471, 0.001340, 0.001520
14 , 3, 3, 3, 3, 3, 3, 1
14 , 0.003295, 0.002707, 0.002866, 0.002530, 0.002428, 0.001655, 0.001600
15 , 0.001355, 0.001358, 0.001357, 0.001391, 0.001354, 0.001474, 0.001290, 0.001415, 0.001231, 0.001444, 0.001340, 0.001553, 0.001365, 0.001461, 0.001485, 0.001575, 0.001358, 0.001478, 0.001357, 0.001635, 0.001386, 0.001514, 0.001507, 0.001663, 0.001537, 0.001541, 0.001329, 0.001548, 0.001338, 0.001562, 0.001346, 0.001441, 0.001231, 0.001425, 0.001241, 0.001463, 0.001252, 0.001321, 0.001330, 0.001422, 0.001236, 0.001334, 0.001320, 0.001471, 0.001340, 0.001520, 0.001386, 0.001532, 0.001494, 0.001493, 0.001426, 0.001544, 0.001504, 0.001591, 0.001586, 0.001677, 0.001703, 0.001639, 0.001544, 0.001662, 0.001720, 0.001779, 0.001716, 0.001808, 0.001807, 0.001841, 0.001689, 0.001719, 0.001750, 0.001721, 0.001753, 0.001699, 0.001522, 0.001493, 0.001559, 0.001472, 0.001601, 0.001455, 0.001464, 0.001471, 0.001479, 0.001358, 0.001337, 0.001250, 0.001287, 0.001255, 0.001414, 0.001227, 0.001259, 0.001224, 0.001281, 0.001208
15 , 3, 1, 1, 1, 1, 1, 1
15 , 0.003673, 0.004773, 0.005442, 0.006459, 0.006938, 0.007667, 0.007937
16 , 0.001504, 0.001591, 0.001586, 0.001677, 0.001703, 0.001639, 0.001544, 0.001662, 0.001720, 0.001779, 0.001716, 0.001808, 0.001807, 0.001841, 0.001689, 0.001719, 0.001750, 0.001721, 0.001753, 0.001699, 0.001522, 0.001493, 0.001559, 0.001472, 0.001601, 0.001455, 0.001464, 0.001471, 0.001479, 0.001358, 0.001337, 0.001250, 0.001287, 0.001255, 0.001414, 0.001227, 0.001259, 0.001224, 0.001281, 0.001208, 0.001512, 0.001293, 0.001446, 0.001324, 0.001297, 0.001328, 0.001420, 0.001295, 0.001424, 0.001267, 0.001394, 0.001237, 0.001420, 0.001354, 0.001449, 0.001411, 0.001412, 0.001227, 0.001474, 0.001371, 0.001708, 0.001400, 0.001496, 0.001273, 0.001462, 0.001455, 0.001575, 0.001484, 0.001637, 0.001330, 0.001449, 0.001419, 0.001575, 0.001457, 0.001462, 0.001252, 0.001467, 0.001373, 0.001382, 0.001385, 0.001479, 0.001323, 0.001386, 0.001347, 0.001443, 0.001319, 0.001318, 0.001347, 0.001649, 0.001468, 0.001377, 0.001410
16 , 2, 2, 2, 2, 1, 1, 1
16 , 0.006734, 0.006832, 0.007167, 0.007120, 0.007525, 0.007804, 0.008268
