0 , 0.000194, 0.000256, 0.000104, 0.000294, 0.000138, 0.000232, 0.000110, 0.000327, 0.000144, 0.000297, 0.000117, 0.000246, 0.000123, 0.000248, 0.000152, 0.000337, 0.000092, 0.000158, 0.000095, 0.000221, 0.000091, 0.000187, 0.000153, 0.000218, 0.000030, 0.000191, 0.000092, 0.000250, 0.000065, 0.000190, 0.000126, 0.000189, 0.000063, 0.000342, 0.000125, 0.000250, 0.000096, 0.000159, 0.000034, 0.000252, 0.000035, 0.000159, 0.000097, 0.000225, 0.000072, 0.000072, 0.000127, 0.000215, 0.000091, 0.000125, 0.000059, 0.000330, 0.000231, 0.000377, 0.000435, 0.000282, 0.000251, 0.000462, 0.000308, 0.000219, 0.000281, 0.000280, 0.000218, 0.000431, 0.000368, 0.000365, 0.000367, 0.000367, 0.000402, 0.000187, 0.000309, 0.000282, 0.000407, 0.000286, 0.000225, 0.000222, 0.000317, 0.000132, 0.000287, 0.000318, 0.000353, 0.000226, 0.000349, 0.000253, 0.000349, 0.000262, 0.000328, 0.000047, 0.000323, 0.000291, 0.000352, 0.000074
0 , 2, 1, 1, 1, 1, 1, 1
0 , 0.001878, 0.001792, 0.001544, 0.001831, 0.001725, 0.002274, 0.002225
1 , 0.000330, 0.000231, 0.000377, 0.000435, 0.000282, 0.000251, 0.000462, 0.000308, 0.000219, 0.000281, 0.000280, 0.000218, 0.000431, 0.000368, 0.000365, 0.000367, 0.000367, 0.000402, 0.000187, 0.000309, 0.000282, 0.000407, 0.000286, 0.000225, 0.000222, 0.000317, 0.000132, 0.000287, 0.000318, 0.000353, 0.000226, 0.000349, 0.000253, 0.000349, 0.000262, 0.000328, 0.000047, 0.000323, 0.000291, 0.000352, 0.000074, 0.000353, 0.000262, 0.000326, 0.000233, 0.000418, 0.000265, 0.000296, 0.000171, 0.000325, 0.000139, 0.000329, 0.000148, 0.000269, 0.000112, 0.000216, 0.000062, 0.000189, 0.000031, 0.000244, 0.000117, 0.000328, 0.000293, 0.000382, 0.000190, 0.000375, 0.000280, 0.000434, 0.000211, 0.000424, 0.000326, 0.000566, 0.000472, 0.000560, 0.000468, 0.000532, 0.000227, 0.000415, 0.000443, 0.000507, 0.000234, 0.000359, 0.000269, 0.000361, 0.000298, 0.000359, 0.000296, 0.000233, 0.000323, 0.000296, 0.000356, 0.000359
1 , 2, 2, 2, 2, 2, 2, 2
1 , 0.003325, 0.003724, 0.003670, 0.004133, 0.003575, 0.003184, 0.002435
2 , 0.000325, 0.000139, 0.000329, 0.000148, 0.000269, 0.000112, 0.000216, 0.000062, 0.000189, 0.000031, 0.000244, 0.000117, 0.000328, 0.000293, 0.000382, 0.000190, 0.000375, 0.000280, 0.000434, 0.000211, 0.000424, 0.000326, 0.000566, 0.000472, 0.000560, 0.000468, 0.000532, 0.000227, 0.000415, 0.000443, 0.000507, 0.000234, 0.000359, 0.000269, 0.000361, 0.000298, 0.000359, 0.000296, 0.000233, 0.000323, 0.000296, 0.000356, 0.000359, 0.000331, 0.000334, 0.000306, 0.000342, 0.000378, 0.000322, 0.000264, 0.000263, 0.000174, 0.000205, 0.000265, 0.000109, 0.000262, 0.000110, 0.000116, 0.000056, 0.000217, 0.000155, 0.000218, 0.000097, 0.000189, 0.000126, 0.000254, 0.000072, 0.000227, 0.000165, 0.000291, 0.000133, 0.000229, 0.000102, 0.000224, 0.000100, 0.000220, 0.000150, 0.000302, 0.000052, 0.000357, 0.000293, 0.000442, 0.000223, 0.000377, 0.000162, 0.000408, 0.000137, 0.000419, 0.000137, 0.000329, 0.000113, 0.000269
2 , 0, 0, 0, 0, 0, 0, 0
2 , 0.003890, 0.004400, 0.003990, 0.004196, 0.003799, 0.003670, 0.003166
3 , 0.000378, 0.000322, 0.000264, 0.000263, 0.000174, 0.000205, 0.000265, 0.000109, 0.000262, 0.000110, 0.000116, 0.000056, 0.000217, 0.000155, 0.000218, 0.000097, 0.000189, 0.000126, 0.000254, 0.000072, 0.000227, 0.000165, 0.000291, 0.000133, 0.000229, 0.000102, 0.000224, 0.000100, 0.000220, 0.000150, 0.000302, 0.000052, 0.000357, 0.000293, 0.000442, 0.000223, 0.000377, 0.000162, 0.000408, 0.000137, 0.000419, 0.000137, 0.000329, 0.000113, 0.000269, 0.000110, 0.000235, 0.000206, 0.000153, 0.000125, 0.000161, 0.000023, 0.000251, 0.000005, 0.000255, 0.000218, 0.000217, 0.000119, 0.000330, 0.000172, 0.000266, 0.000142, 0.000266, 0.000174, 0.000239, 0.000146, 0.000329, 0.000176, 0.000146, 0.000113, 0.000327, 0.000266, 0.000178, 0.000203, 0.000289, 0.000198, 0.000410, 0.000349, 0.000256, 0.000349, 0.000229, 0.000202, 0.000292, 0.000269, 0.000207, 0.000241, 0.000119, 0.000268, 0.000241, 0.000278, 0.000218, 0.000190
3 , 0, 0, 0, 0, 0, 0, 0
3 , 0.001465, 0.002178, 0.002242, 0.002260, 0.002189, 0.002545, 0.002422
4 , 0.000023, 0.000251, 0.000005, 0.000255, 0.000218, 0.000217, 0.000119, 0.000330, 0.000172, 0.000266, 0.000142, 0.000266, 0.000174, 0.000239, 0.000146, 0.000329, 0.000176, 0.000146, 0.000113, 0.000327, 0.000266, 0.000178, 0.000203, 0.000289, 0.000198, 0.000410, 0.000349, 0.000256, 0.000349, 0.000229, 0.000202, 0.000292, 0.000269, 0.000207, 0.000241, 0.000119, 0.000268, 0.000241, 0.000278, 0.000218, 0.000190, 0.000253, 0.000350, 0.000227, 0.000200, 0.000105, 0.000167, 0.000135, 0.000229, 0.000018, 0.000176, 0.000073, 0.000104, 0.000038, 0.000072, 0.000129, 0.000218, 0.000033, 0.000181, 0.000024, 0.000242, 0.000021, 0.000295, 0.000106, 0.000199, 0.000075, 0.000321, 0.000132, 0.000260, 0.000195, 0.000352, 0.000162, 0.000375, 0.000160, 0.000376, 0.000254, 0.000412, 0.000171, 0.000421, 0.000174, 0.000272, 0.000214, 0.000283, 0.000189, 0.000196, 0.000141, 0.000359, 0.000108, 0.000211, 0.000057, 0.000153, 0.000025
4 , 0, 0, 0, 0, 0, 0, 0
4 , 0.004375, 0.003808, 0.003373, 0.002834, 0.002700, 0.002229, 0.001773
5 , 0.000167, 0.000135, 0.000229, 0.000018, 0.000176, 0.000073, 0.000104, 0.000038, 0.000072, 0.000129, 0.000218, 0.000033, 0.000181, 0.000024, 0.000242, 0.000021, 0.000295, 0.000106, 0.000199, 0.000075, 0.000321, 0.000132, 0.000260, 0.000195, 0.000352, 0.000162, 0.000375, 0.000160, 0.000376, 0.000254, 0.000412, 0.000171, 0.000421, 0.000174, 0.000272, 0.000214, 0.000283, 0.000189, 0.000196, 0.000141, 0.000359, 0.000108, 0.000211, 0.000057, 0.000153, 0.000025, 0.000302, 0.000148, 0.000219, 0.000029, 0.000179, 0.000021, 0.000109, 0.000046, 0.000169, 0.000046, 0.000134, 0.000193, 0.000169, 0.000139, 0.000203, 0.000115, 0.000205, 0.000115, 0.000177, 0.000110, 0.000049, 0.000116, 0.000019, 0.000170, 0.000143, 0.000109, 0.000136, 0.000045, 0.000013, 0.000137, 0.000048, 0.000072, 0.000105, 0.000196, 0.000067, 0.000343, 0.000188, 0.000246, 0.000213, 0.000303, 0.000206, 0.000295, 0.000319, 0.000320, 0.000221, 0.000434
5 , 0, 0, 0, 0, 0, 0, 0
5 , 0.003082, 0.003748, 0.003237, 0.003831, 0.003835, 0.004088, 0.003796
6 , 0.000021, 0.000109, 0.000046, 0.000169, 0.000046, 0.000134, 0.000193, 0.000169, 0.000139, 0.000203, 0.000115, 0.000205, 0.000115, 0.000177, 0.000110, 0.000049, 0.000116, 0.000019, 0.000170, 0.000143, 0.000109, 0.000136, 0.000045, 0.000013, 0.000137, 0.000048, 0.000072, 0.000105, 0.000196, 0.000067, 0.000343, 0.000188, 0.000246, 0.000213, 0.000303, 0.000206, 0.000295, 0.000319, 0.000320, 0.000221, 0.000434, 0.000279, 0.000344, 0.000216, 0.000402, 0.000216, 0.000310, 0.000126, 0.000373, 0.000251, 0.000376, 0.000194, 0.000351, 0.000199, 0.000419, 0.000177, 0.000303, 0.000060, 0.000219, 0.000063, 0.000283, 0.000072, 0.000202, 0.000104, 0.000106, 0.000066, 0.000314, 0.000096, 0.000279, 0.000184, 0.000309, 0.000093, 0.000344, 0.000158, 0.000288, 0.000162, 0.000163, 0.000033, 0.000240, 0.000354, 0.000382, 0.000285, 0.000373, 0.000341, 0.000252, 0.000247, 0.000431, 0.000277, 0.000465, 0.000374, 0.000405, 0.000372
6 , 0, 0, 0, 0, 0, 0, 0
6 , 0.002648, 0.003201, 0.003479, 0.003759, 0.004192, 0.004589, 0.004837
7 , 0.000351, 0.000199, 0.000419, 0.000177, 0.000303, 0.000060, 0.000219, 0.000063, 0.000283, 0.000072, 0.000202, 0.000104, 0.000106, 0.000066, 0.000314, 0.000096, 0.000279, 0.000184, 0.000309, 0.000093, 0.000344, 0.000158, 0.000288, 0.000162, 0.000163, 0.000033, 0.000240, 0.000354, 0.000382, 0.000285, 0.000373, 0.000341, 0.000252, 0.000247, 0.000431, 0.000277, 0.000465, 0.000374, 0.000405, 0.000372, 0.000437, 0.000257, 0.000291, 0.000202, 0.000300, 0.000364, 0.000181, 0.000247, 0.000127, 0.000162, 0.000190, 0.000255, 0.000201, 0.000117, 0.000058, 0.000035, 0.000101, 0.000042, 0.000057, 0.000101, 0.000022, 0.000072, 0.000114, 0.000021, 0.000085, 0.000136, 0.000075, 0.000078, 0.000012, 0.000160, 0.000029, 0.000147, 0.000012, 0.000222, 0.000059, 0.000239, 0.000142, 0.000414, 0.000374, 0.000467, 0.000278, 0.000338, 0.000209, 0.000303, 0.000212, 0.000395, 0.000270, 0.000520, 0.000307, 0.000493, 0.000185, 0.000468
7 , 0, 0, 0, 0, 0, 0, 0
7 , 0.004566, 0.005699, 0.005981, 0.006632, 0.006954, 0.007350, 0.007462
8 , 0.000201, 0.000117, 0.000058, 0.000035, 0.000101, 0.000042, 0.000057, 0.000101, 0.000022, 0.000072, 0.000114, 0.000021, 0.000085, 0.000136, 0.000075, 0.000078, 0.000012, 0.000160, 0.000029, 0.000147, 0.000012, 0.000222, 0.000059, 0.000239, 0.000142, 0.000414, 0.000374, 0.000467, 0.000278, 0.000338, 0.000209, 0.000303, 0.000212, 0.000395, 0.000270, 0.000520, 0.000307, 0.000493, 0.000185, 0.000468, 0.000346, 0.000291, 0.000138, 0.000357, 0.000242, 0.000399, 0.000179, 0.000398, 0.000129, 0.000194, 0.000102, 0.000140, 0.000041, 0.000204, 0.000019, 0.000206, 0.000041, 0.000289, 0.000193, 0.000284, 0.000038, 0.000225, 0.000338, 0.000270, 0.000176, 0.000327, 0.000262, 0.000352, 0.000318, 0.000350, 0.000232, 0.000294, 0.000173, 0.000241, 0.000273, 0.000211, 0.000248, 0.000227, 0.000222, 0.000192, 0.000197, 0.000134, 0.000161, 0.000129, 0.000191, 0.000183, 0.000216, 0.000182, 0.000239, 0.000272, 0.000273, 0.000237
8 , 0, 0, 0, 0, 0, 0, 0
8 , 0.004632, 0.004618, 0.005154, 0.005097, 0.005682, 0.005494, 0.005497
9 , 0.000102, 0.000140, 0.000041, 0.000204, 0.000019, 0.000206, 0.000041, 0.000289, 0.000193, 0.000284, 0.000038, 0.000225, 0.000338, 0.000270, 0.000176, 0.000327, 0.000262, 0.000352, 0.000318, 0.000350, 0.000232, 0.000294, 0.000173, 0.000241, 0.000273, 0.000211, 0.000248, 0.000227, 0.000222, 0.000192, 0.000197, 0.000134, 0.000161, 0.000129, 0.000191, 0.000183, 0.000216, 0.000182, 0.000239, 0.000272, 0.000273, 0.000237, 0.000296, 0.000260, 0.000321, 0.000253, 0.000436, 0.000161, 0.000313, 0.000251, 0.000224, 0.000165, 0.000319, 0.000255, 0.000383, 0.000144, 0.000264, 0.000138, 0.000267, 0.000261, 0.000328, 0.000084, 0.000210, 0.000118, 0.000273, 0.000151, 0.000220, 0.000096, 0.000162, 0.000035, 0.000310, 0.000119, 0.000281, 0.000125, 0.000399, 0.000238, 0.000358, 0.000170, 0.000386, 0.000226, 0.000499, 0.000344, 0.000376, 0.000275, 0.000277, 0.000274, 0.000429, 0.000273, 0.000364, 0.000302, 0.000367, 0.000274
9 , 0, 0, 0, 0, 0, 0, 2
9 , 0.001373, 0.001692, 0.002161, 0.002293, 0.002500, 0.002407, 0.002466
10 , 0.000224, 0.000165, 0.000319, 0.000255, 0.000383, 0.000144, 0.000264, 0.000138, 0.000267, 0.000261, 0.000328, 0.000084, 0.000210, 0.000118, 0.000273, 0.000151, 0.000220, 0.000096, 0.000162, 0.000035, 0.000310, 0.000119, 0.000281, 0.000125, 0.000399, 0.000238, 0.000358, 0.000170, 0.000386, 0.000226, 0.000499, 0.000344, 0.000376, 0.000275, 0.000277, 0.000274, 0.000429, 0.000273, 0.000364, 0.000302, 0.000367, 0.000274, 0.000369, 0.000184, 0.000277, 0.000341, 0.000312, 0.000253, 0.000346, 0.000256, 0.000294, 0.000083, 0.000239, 0.000126, 0.000183, 0.000254, 0.000139, 0.000203, 0.000052, 0.000232, 0.000234, 0.000145, 0.000089, 0.000247, 0.000036, 0.000097, 0.000038, 0.000093, 0.000147, 0.000181, 0.000121, 0.000186, 0.000063, 0.000159, 0.000058, 0.000004, 0.000002, 0.000181, 0.000041, 0.000169, 0.000044, 0.000254, 0.000095, 0.000342, 0.000242, 0.000302, 0.000266, 0.000363, 0.000180, 0.000270, 0.000144, 0.000334
10 , 3, 3, 3, 0, 0, 0, 0
10 , 0.002316, 0.002431, 0.002343, 0.002800, 0.002807, 0.003683, 0.003667
11 , 0.000083, 0.000239, 0.000126, 0.000183, 0.000254, 0.000139, 0.000203, 0.000052, 0.000232, 0.000234, 0.000145, 0.000089, 0.000247, 0.000036, 0.000097, 0.000038, 0.000093, 0.000147, 0.000181, 0.000121, 0.000186, 0.000063, 0.000159, 0.000058, 0.000004, 0.000002, 0.000181, 0.000041, 0.000169, 0.000044, 0.000254, 0.000095, 0.000342, 0.000242, 0.000302, 0.000266, 0.000363, 0.000180, 0.000270, 0.000144, 0.000334, 0.000210, 0.000395, 0.000268, 0.000419, 0.000230, 0.000505, 0.000260, 0.000410, 0.000226, 0.000450, 0.000263, 0.000270, 0.000092, 0.000312, 0.000158, 0.000223, 0.000098, 0.000256, 0.000133, 0.000256, 0.000132, 0.000316, 0.000132, 0.000256, 0.000067, 0.000190, 0.000062, 0.000305, 0.000237, 0.000358, 0.000232, 0.000297, 0.000264, 0.000296, 0.000231, 0.000382, 0.000291, 0.000348, 0.000257, 0.000408, 0.000283, 0.000369, 0.000276, 0.000304, 0.000303, 0.000270, 0.000327, 0.000387, 0.000357, 0.000325, 0.000450
11 , 0, 0, 0, 0, 0, 0, 0
11 , 0.001682, 0.002369, 0.002565, 0.003478, 0.003656, 0.004336, 0.004770
12 , 0.000270, 0.000092, 0.000312, 0.000158, 0.000223, 0.000098, 0.000256, 0.000133, 0.000256, 0.000132, 0.000316, 0.000132, 0.000256, 0.000067, 0.000190, 0.000062, 0.000305, 0.000237, 0.000358, 0.000232, 0.000297, 0.000264, 0.000296, 0.000231, 0.000382, 0.000291, 0.000348, 0.000257, 0.000408, 0.000283, 0.000369, 0.000276, 0.000304, 0.000303, 0.000270, 0.000327, 0.000387, 0.000357, 0.000325, 0.000450, 0.000358, 0.000331, 0.000392, 0.000420, 0.000271, 0.000424, 0.000304, 0.000401, 0.000309, 0.000434, 0.000254, 0.000349, 0.000229, 0.000296, 0.000177, 0.000242, 0.000060, 0.000281, 0.000061, 0.000225, 0.000038, 0.000164, 0.000009, 0.000226, 0.000071, 0.000164, 0.000018, 0.000013, 0.000050, 0.000014, 0.000022, 0.000251, 0.000027, 0.000216, 0.000053, 0.000242, 0.000116, 0.000301, 0.000201, 0.000294, 0.000073, 0.000287, 0.000221, 0.000463, 0.000247, 0.000430, 0.000270, 0.000544, 0.000326, 0.000417, 0.000299, 0.000362
12 , 0, 0, 0, 0, 0, 0, 0
12 , 0.002991, 0.003611, 0.004585, 0.005246, 0.005490, 0.006073, 0.006328
13 , 0.000229, 0.000296, 0.000177, 0.000242, 0.000060, 0.000281, 0.000061, 0.000225, 0.000038, 0.000164, 0.000009, 0.000226, 0.000071, 0.000164, 0.000018, 0.000013, 0.000050, 0.000014, 0.000022, 0.000251, 0.000027, 0.000216, 0.000053, 0.000242, 0.000116, 0.000301, 0.000201, 0.000294, 0.000073, 0.000287, 0.000221, 0.000463, 0.000247, 0.000430, 0.000270, 0.000544, 0.000326, 0.000417, 0.000299, 0.000362, 0.000267, 0.000390, 0.000268, 0.000485, 0.000270, 0.000338, 0.000281, 0.000229, 0.000050, 0.000279, 0.000249, 0.000218, 0.000066, 0.000250, 0.000159, 0.000253, 0.000193, 0.000164, 0.000167, 0.000013, 0.000229, 0.000237, 0.000117, 0.000032, 0.000017, 0.000066, 0.000063, 0.000086, 0.000165, 0.000219, 0.000176, 0.000284, 0.000175, 0.000175, 0.000158, 0.000268, 0.000257, 0.000406, 0.000315, 0.000350, 0.000302, 0.000315, 0.000163, 0.000237, 0.000152, 0.000261, 0.000052, 0.000221, 0.000080, 0.000146, 0.000175, 0.000038
13 , 0, 0, 0, 0, 0, 0, 0
13 , 0.004354, 0.004642, 0.005254, 0.005421, 0.005590, 0.005164, 0.005477
14 , 0.000249, 0.000218, 0.000066, 0.000250, 0.000159, 0.000253, 0.000193, 0.000164, 0.000167, 0.000013, 0.000229, 0.000237, 0.000117, 0.000032, 0.000017, 0.000066, 0.000063, 0.000086, 0.000165, 0.000219, 0.000176, 0.000284, 0.000175, 0.000175, 0.000158, 0.000268, 0.000257, 0.000406, 0.000315, 0.000350, 0.000302, 0.000315, 0.000163, 0.000237, 0.000152, 0.000261, 0.000052, 0.000221, 0.000080, 0.000146, 0.000175, 0.000038, 0.000155, 0.000012, 0.000160, 0.000117, 0.000327, 0.000228, 0.000323, 0.000343, 0.000496, 0.000246, 0.000428, 0.000270, 0.000361, 0.000295, 0.000480, 0.000266, 0.000387, 0.000294, 0.000420, 0.000264, 0.000387, 0.000296, 0.000361, 0.000144, 0.000362, 0.000331, 0.000453, 0.000089, 0.000245, 0.000274, 0.000252, 0.000192, 0.000348, 0.000163, 0.000259, 0.000226, 0.000231, 0.000080, 0.000173, 0.000203, 0.000240, 0.000154, 0.000191, 0.000011, 0.000166, 0.000201, 0.000204, 0.000021, 0.000079, 0.000166
14 , 3, 3, 3, 3, 3, 3, 3
14 , 0.003729, 0.004405, 0.004204, 0.004239, 0.004525, 0.004762, 0.004730
15 , 0.000246, 0.000428, 0.000270, 0.000361, 0.000295, 0.000480, 0.000266, 0.000387, 0.000294, 0.000420, 0.000264, 0.000387, 0.000296, 0.000361, 0.000144, 0.000362, 0.000331, 0.000453, 0.000089, 0.000245, 0.000274, 0.000252, 0.000192, 0.000348, 0.000163, 0.000259, 0.000226, 0.000231, 0.000080, 0.000173, 0.000203, 0.000240, 0.000154, 0.000191, 0.000011, 0.000166, 0.000201, 0.000204, 0.000021, 0.000079, 0.000166, 0.000163, 0.000135, 0.000166, 0.000166, 0.000130, 0.000250, 0.000185, 0.000425, 0.000302, 0.000268, 0.000264, 0.000265, 0.000140, 0.000237, 0.000296, 0.000231, 0.000139, 0.000386, 0.000293, 0.000204, 0.000083, 0.000394, 0.000119, 0.000304, 0.000093, 0.000221, 0.000106, 0.000205, 0.000147, 0.000125, 0.000028, 0.000165, 0.000013, 0.000211, 0.000021, 0.000058, 0.000009, 0.000144, 0.000080, 0.000143, 0.000081, 0.000220, 0.000054, 0.000232, 0.000135, 0.000405, 0.000152, 0.000397, 0.000177, 0.000301, 0.000291
15 , 1, 1, 1, 1, 1, 1, 2
15 , 0.005230, 0.005297, 0.005237, 0.004703, 0.004178, 0.003643, 0.003017
16 , 0.000185, 0.000425, 0.000302, 0.000268, 0.000264, 0.000265, 0.000140, 0.000237, 0.000296, 0.000231, 0.000139, 0.000386, 0.000293, 0.000204, 0.000083, 0.000394, 0.000119, 0.000304, 0.000093, 0.000221, 0.000106, 0.000205, 0.000147, 0.000125, 0.000028, 0.000165, 0.000013, 0.000211, 0.000021, 0.000058, 0.000009, 0.000144, 0.000080, 0.000143, 0.000081, 0.000220, 0.000054, 0.000232, 0.000135, 0.000405, 0.000152, 0.000397, 0.000177, 0.000301, 0.000291, 0.000348, 0.000283, 0.000499, 0.000248, 0.000464, 0.000277, 0.000494, 0.000277, 0.000434, 0.000252, 0.000410, 0.000260, 0.000324, 0.000265, 0.000180, 0.000152, 0.000432, 0.000156, 0.000251, 0.000251, 0.000312, 0.000254, 0.000295, 0.000084, 0.000213, 0.000152, 0.000216, 0.000125, 0.000039, 0.000105, 0.000195, 0.000133, 0.000100, 0.000160, 0.000215, 0.000182, 0.000025, 0.000119, 0.000174, 0.000110, 0.000197, 0.000284, 0.000154, 0.000362, 0.000296, 0.000415, 0.000292
16 , 1, 1, 1, 1, 1, 1, 1
16 , 0.005410, 0.004976, 0.004373, 0.003978, 0.003107, 0.002491, 0.000950
