0 , 0.002012, 0.002019, 0.001935, 0.002042, 0.002086, 0.002130, 0.002062, 0.002018, 0.002239, 0.001972, 0.002200, 0.002045, 0.002000, 0.002100, 0.002100, 0.002052, 0.001991, 0.002170, 0.001939, 0.002144, 0.002115, 0.002181, 0.002210, 0.000321, 0.001628, 0.001344, 0.001319, 0.001064, 0.001282, 0.001153, 0.001338, 0.001115, 0.001359, 0.001170, 0.001412, 0.001252, 0.001378, 0.001156, 0.001432, 0.001274, 0.001374, 0.001218, 0.001345, 0.001209, 0.001404, 0.001354, 0.000971, 0.001513, 0.001862, 0.001807, 0.002081, 0.002047, 0.002081, 0.002041, 0.002282, 0.002033, 0.002087, 0.002095, 0.002079, 0.002237, 0.002180, 0.002227, 0.002147, 0.002153, 0.002213, 0.002081, 0.002088, 0.001866, 0.002125, 0.001903, 0.002098, 0.000240, 0.001516, 0.001653, 0.001556, 0.001617, 0.001429, 0.001524, 0.001428, 0.001583, 0.001457, 0.001580, 0.001427, 0.001522, 0.001374, 0.001498, 0.001408, 0.001537, 0.001354, 0.001543, 0.001362, 0.001336
0 , 1, 1, 1, 1, 1, 1, 1
0 , 0.022898, 0.025720, 0.029415, 0.032857, 0.031472, 0.028093, 0.027767
1 , 0.001807, 0.002081, 0.002047, 0.002081, 0.002041, 0.002282, 0.002033, 0.002087, 0.002095, 0.002079, 0.002237, 0.002180, 0.002227, 0.002147, 0.002153, 0.002213, 0.002081, 0.002088, 0.001866, 0.002125, 0.001903, 0.002098, 0.000240, 0.001516, 0.001653, 0.001556, 0.001617, 0.001429, 0.001524, 0.001428, 0.001583, 0.001457, 0.001580, 0.001427, 0.001522, 0.001374, 0.001498, 0.001408, 0.001537, 0.001354, 0.001543, 0.001362, 0.001336, 0.001245, 0.001312, 0.001338, 0.001470, 0.001256, 0.000812, 0.001759, 0.001868, 0.001968, 0.001836, 0.002109, 0.001937, 0.002068, 0.002088, 0.001937, 0.002213, 0.001941, 0.002160, 0.001998, 0.002075, 0.002183, 0.002183, 0.002192, 0.001895, 0.002039, 0.002036, 0.002202, 0.001906, 0.002001, 0.001674, 0.001095, 0.001738, 0.001688, 0.001571, 0.001324, 0.001573, 0.001324, 0.001479, 0.001229, 0.001502, 0.001530, 0.001531, 0.001318, 0.001442, 0.001376, 0.001501, 0.001318, 0.001471, 0.001405
1 , 1, 1, 1, 1, 1, 1, 1
1 , 0.018454, 0.021862, 0.024411, 0.026212, 0.024905, 0.026180, 0.024610
2 , 0.001759, 0.001868, 0.001968, 0.001836, 0.002109, 0.001937, 0.002068, 0.002088, 0.001937, 0.002213, 0.001941, 0.002160, 0.001998, 0.002075, 0.002183, 0.002183, 0.002192, 0.001895, 0.002039, 0.002036, 0.002202, 0.001906, 0.002001, 0.001674, 0.001095, 0.001738, 0.001688, 0.001571, 0.001324, 0.001573, 0.001324, 0.001479, 0.001229, 0.001502, 0.001530, 0.001531, 0.001318, 0.001442, 0.001376, 0.001501, 0.001318, 0.001471, 0.001405, 0.001469, 0.001402, 0.001501, 0.001601, 0.000254, 0.001739, 0.001473, 0.001726, 0.001819, 0.001692, 0.001795, 0.001783, 0.001944, 0.001987, 0.002014, 0.001818, 0.001894, 0.002076, 0.001988, 0.002167, 0.002058, 0.002209, 0.002173, 0.002005, 0.002142, 0.001935, 0.002276, 0.002029, 0.002055, 0.001846, 0.002057, 0.000113, 0.001737, 0.001630, 0.001755, 0.001433, 0.001582, 0.001602, 0.001629, 0.001533, 0.001711, 0.001707, 0.001858, 0.001642, 0.001856, 0.001702, 0.001855, 0.001763, 0.001915
2 , 1, 1, 1, 1, 1, 1, 1
2 , 0.010857, 0.012670, 0.015606, 0.017548, 0.021597, 0.021403, 0.021089
3 , 0.001726, 0.001819, 0.001692, 0.001795, 0.001783, 0.001944, 0.001987, 0.002014, 0.001818, 0.001894, 0.002076, 0.001988, 0.002167, 0.002058, 0.002209, 0.002173, 0.002005, 0.002142, 0.001935, 0.002276, 0.002029, 0.002055, 0.001846, 0.002057, 0.000113, 0.001737, 0.001630, 0.001755, 0.001433, 0.001582, 0.001602, 0.001629, 0.001533, 0.001711, 0.001707, 0.001858, 0.001642, 0.001856, 0.001702, 0.001855, 0.001763, 0.001915, 0.001794, 0.001887, 0.001703, 0.001707, 0.001678, 0.001683, 0.001742, 0.001007, 0.001204, 0.001872, 0.001699, 0.001909, 0.002048, 0.002017, 0.002135, 0.002146, 0.002274, 0.002066, 0.002221, 0.002113, 0.002194, 0.002278, 0.002140, 0.002336, 0.002315, 0.002214, 0.002140, 0.002277, 0.002159, 0.002084, 0.002139, 0.002163, 0.000530, 0.001738, 0.001527, 0.001710, 0.001497, 0.001464, 0.001434, 0.001439, 0.001440, 0.001380, 0.001408, 0.001470, 0.001286, 0.001437, 0.001378, 0.001499, 0.001379, 0.001444
3 , 1, 1, 1, 1, 1, 1, 1
3 , 0.010330, 0.014003, 0.016083, 0.018238, 0.019656, 0.021212, 0.020703
4 , 0.001872, 0.001699, 0.001909, 0.002048, 0.002017, 0.002135, 0.002146, 0.002274, 0.002066, 0.002221, 0.002113, 0.002194, 0.002278, 0.002140, 0.002336, 0.002315, 0.002214, 0.002140, 0.002277, 0.002159, 0.002084, 0.002139, 0.002163, 0.000530, 0.001738, 0.001527, 0.001710, 0.001497, 0.001464, 0.001434, 0.001439, 0.001440, 0.001380, 0.001408, 0.001470, 0.001286, 0.001437, 0.001378, 0.001499, 0.001379, 0.001444, 0.001347, 0.001534, 0.001355, 0.001450, 0.001357, 0.001421, 0.000855, 0.001806, 0.001988, 0.001887, 0.001927, 0.001821, 0.002012, 0.002073, 0.002000, 0.002003, 0.001976, 0.002143, 0.001915, 0.002073, 0.001918, 0.002033, 0.002093, 0.002010, 0.002002, 0.001790, 0.001919, 0.001845, 0.001775, 0.001897, 0.001363, 0.001068, 0.001741, 0.001607, 0.001705, 0.001581, 0.001706, 0.001429, 0.001490, 0.001396, 0.001577, 0.001450, 0.001601, 0.001595, 0.001720, 0.001538, 0.001635, 0.001361, 0.001609, 0.001334, 0.001458
4 , 1, 1, 1, 1, 1, 1, 1
4 , 0.017498, 0.019256, 0.021919, 0.024489, 0.026656, 0.023048, 0.022784
5 , 0.001887, 0.001927, 0.001821, 0.002012, 0.002073, 0.002000, 0.002003, 0.001976, 0.002143, 0.001915, 0.002073, 0.001918, 0.002033, 0.002093, 0.002010, 0.002002, 0.001790, 0.001919, 0.001845, 0.001775, 0.001897, 0.001363, 0.001068, 0.001741, 0.001607, 0.001705, 0.001581, 0.001706, 0.001429, 0.001490, 0.001396, 0.001577, 0.001450, 0.001601, 0.001595, 0.001720, 0.001538, 0.001635, 0.001361, 0.001609, 0.001334, 0.001458, 0.001303, 0.001493, 0.001337, 0.001413, 0.001426, 0.000215, 0.001541, 0.001833, 0.001760, 0.001763, 0.001888, 0.001885, 0.001946, 0.001794, 0.002113, 0.002000, 0.002058, 0.001988, 0.001994, 0.002167, 0.002073, 0.002073, 0.001879, 0.002027, 0.002048, 0.002109, 0.002010, 0.002012, 0.002089, 0.002020, 0.000550, 0.001897, 0.001515, 0.001545, 0.001450, 0.001351, 0.001318, 0.001348, 0.001436, 0.001464, 0.001463, 0.001555, 0.001527, 0.001495, 0.001438, 0.001377, 0.001408, 0.001382, 0.001385, 0.001355
5 , 1, 1, 1, 1, 1, 1, 1
5 , 0.014714, 0.017374, 0.019175, 0.019885, 0.022359, 0.020601, 0.020775
6 , 0.001760, 0.001763, 0.001888, 0.001885, 0.001946, 0.001794, 0.002113, 0.002000, 0.002058, 0.001988, 0.001994, 0.002167, 0.002073, 0.002073, 0.001879, 0.002027, 0.002048, 0.002109, 0.002010, 0.002012, 0.002089, 0.002020, 0.000550, 0.001897, 0.001515, 0.001545, 0.001450, 0.001351, 0.001318, 0.001348, 0.001436, 0.001464, 0.001463, 0.001555, 0.001527, 0.001495, 0.001438, 0.001377, 0.001408, 0.001382, 0.001385, 0.001355, 0.001386, 0.001333, 0.001347, 0.001012, 0.001413, 0.001730, 0.001915, 0.001727, 0.001860, 0.001739, 0.002049, 0.002043, 0.001957, 0.001984, 0.001927, 0.002252, 0.002125, 0.002128, 0.002042, 0.002057, 0.002215, 0.001969, 0.002114, 0.002095, 0.002120, 0.002096, 0.002117, 0.002257, 0.000634, 0.001414, 0.001593, 0.001398, 0.001489, 0.001389, 0.001514, 0.001323, 0.001476, 0.001351, 0.001562, 0.001315, 0.001588, 0.001370, 0.001471, 0.001379, 0.001536, 0.001412, 0.001504, 0.001351, 0.001450, 0.001230
6 , 1, 1, 1, 1, 1, 1, 1
6 , 0.018884, 0.022881, 0.026561, 0.025982, 0.023274, 0.023369, 0.022494
7 , 0.001915, 0.001727, 0.001860, 0.001739, 0.002049, 0.002043, 0.001957, 0.001984, 0.001927, 0.002252, 0.002125, 0.002128, 0.002042, 0.002057, 0.002215, 0.001969, 0.002114, 0.002095, 0.002120, 0.002096, 0.002117, 0.002257, 0.000634, 0.001414, 0.001593, 0.001398, 0.001489, 0.001389, 0.001514, 0.001323, 0.001476, 0.001351, 0.001562, 0.001315, 0.001588, 0.001370, 0.001471, 0.001379, 0.001536, 0.001412, 0.001504, 0.001351, 0.001450, 0.001230, 0.001417, 0.001292, 0.001361, 0.001290, 0.000557, 0.001805, 0.001738, 0.001663, 0.001800, 0.002034, 0.001918, 0.001939, 0.001800, 0.001982, 0.002000, 0.002237, 0.001994, 0.001881, 0.002106, 0.001797, 0.001960, 0.001854, 0.001994, 0.002094, 0.001921, 0.001955, 0.001812, 0.002219, 0.001482, 0.001394, 0.001830, 0.001513, 0.001545, 0.001572, 0.001358, 0.001477, 0.001412, 0.001562, 0.001438, 0.001469, 0.001341, 0.001433, 0.001490, 0.001519, 0.001426, 0.001607, 0.001452, 0.001603
7 , 1, 1, 1, 1, 1, 1, 1
7 , 0.014598, 0.017180, 0.019875, 0.021959, 0.021692, 0.022981, 0.022029
8 , 0.001663, 0.001800, 0.002034, 0.001918, 0.001939, 0.001800, 0.001982, 0.002000, 0.002237, 0.001994, 0.001881, 0.002106, 0.001797, 0.001960, 0.001854, 0.001994, 0.002094, 0.001921, 0.001955, 0.001812, 0.002219, 0.001482, 0.001394, 0.001830, 0.001513, 0.001545, 0.001572, 0.001358, 0.001477, 0.001412, 0.001562, 0.001438, 0.001469, 0.001341, 0.001433, 0.001490, 0.001519, 0.001426, 0.001607, 0.001452, 0.001603, 0.001479, 0.001661, 0.001454, 0.001654, 0.000408, 0.001635, 0.001676, 0.001806, 0.001679, 0.001828, 0.001741, 0.002009, 0.001823, 0.001900, 0.001946, 0.002009, 0.002228, 0.001984, 0.002197, 0.001999, 0.002151, 0.002306, 0.002087, 0.002144, 0.001924, 0.002127, 0.002137, 0.002095, 0.002056, 0.000147, 0.001487, 0.001545, 0.001608, 0.001575, 0.001329, 0.001451, 0.001265, 0.001444, 0.001378, 0.001532, 0.001466, 0.001588, 0.001433, 0.001583, 0.001399, 0.001526, 0.001402, 0.001372, 0.001401, 0.001524, 0.001340
8 , 1, 1, 1, 1, 1, 1, 1
8 , 0.017200, 0.019746, 0.024150, 0.021057, 0.020338, 0.020269, 0.019563
9 , 0.001806, 0.001679, 0.001828, 0.001741, 0.002009, 0.001823, 0.001900, 0.001946, 0.002009, 0.002228, 0.001984, 0.002197, 0.001999, 0.002151, 0.002306, 0.002087, 0.002144, 0.001924, 0.002127, 0.002137, 0.002095, 0.002056, 0.000147, 0.001487, 0.001545, 0.001608, 0.001575, 0.001329, 0.001451, 0.001265, 0.001444, 0.001378, 0.001532, 0.001466, 0.001588, 0.001433, 0.001583, 0.001399, 0.001526, 0.001402, 0.001372, 0.001401, 0.001524, 0.001340, 0.001465, 0.001407, 0.001558, 0.000907, 0.001216, 0.001869, 0.001851, 0.001823, 0.002075, 0.002130, 0.001917, 0.002036, 0.001938, 0.002276, 0.002058, 0.002040, 0.001836, 0.001960, 0.002091, 0.001912, 0.002103, 0.001893, 0.002015, 0.002082, 0.002094, 0.001985, 0.001769, 0.002237, 0.000927, 0.001642, 0.001656, 0.001652, 0.001592, 0.001682, 0.001501, 0.001595, 0.001352, 0.001569, 0.001293, 0.001453, 0.001304, 0.001341, 0.001250, 0.001438, 0.001282, 0.001444, 0.001256, 0.001469
9 , 1, 1, 1, 1, 1, 1, 1
9 , 0.016367, 0.020048, 0.022503, 0.023891, 0.023785, 0.023123, 0.022761
10 , 0.001869, 0.001851, 0.001823, 0.002075, 0.002130, 0.001917, 0.002036, 0.001938, 0.002276, 0.002058, 0.002040, 0.001836, 0.001960, 0.002091, 0.001912, 0.002103, 0.001893, 0.002015, 0.002082, 0.002094, 0.001985, 0.001769, 0.002237, 0.000927, 0.001642, 0.001656, 0.001652, 0.001592, 0.001682, 0.001501, 0.001595, 0.001352, 0.001569, 0.001293, 0.001453, 0.001304, 0.001341, 0.001250, 0.001438, 0.001282, 0.001444, 0.001256, 0.001469, 0.001256, 0.001380, 0.001170, 0.001465, 0.000599, 0.001874, 0.001820, 0.001932, 0.001826, 0.002030, 0.001829, 0.001955, 0.001842, 0.001949, 0.001943, 0.001821, 0.001994, 0.002012, 0.002070, 0.001973, 0.002097, 0.002188, 0.001970, 0.002085, 0.001914, 0.002051, 0.002033, 0.002039, 0.002144, 0.002093, 0.001840, 0.000680, 0.001589, 0.001507, 0.001416, 0.001224, 0.001439, 0.001310, 0.001522, 0.001393, 0.001487, 0.001207, 0.001515, 0.001328, 0.001480, 0.001323, 0.001476, 0.001351, 0.001530
10 , 1, 1, 1, 1, 1, 1, 1
10 , 0.014664, 0.017162, 0.020600, 0.022539, 0.026832, 0.025802, 0.025835
11 , 0.001932, 0.001826, 0.002030, 0.001829, 0.001955, 0.001842, 0.001949, 0.001943, 0.001821, 0.001994, 0.002012, 0.002070, 0.001973, 0.002097, 0.002188, 0.001970, 0.002085, 0.001914, 0.002051, 0.002033, 0.002039, 0.002144, 0.002093, 0.001840, 0.000680, 0.001589, 0.001507, 0.001416, 0.001224, 0.001439, 0.001310, 0.001522, 0.001393, 0.001487, 0.001207, 0.001515, 0.001328, 0.001480, 0.001323, 0.001476, 0.001351, 0.001530, 0.001405, 0.001471, 0.001469, 0.001593, 0.001379, 0.001475, 0.001448, 0.001545, 0.001360, 0.001515, 0.001327, 0.001453, 0.001234, 0.001450, 0.001383, 0.001509, 0.001381, 0.001537, 0.001412, 0.001384, 0.001379, 0.001585, 0.001430, 0.001556, 0.001432, 0.001583, 0.001455, 0.001578, 0.001515, 0.001639, 0.001514, 0.001668, 0.001514, 0.001608, 0.001605, 0.001577, 0.001516, 0.001639, 0.001489, 0.001555, 0.001494, 0.001526, 0.001373, 0.001558, 0.001469, 0.001442, 0.001351, 0.001505, 0.001503, 0.001388
11 , 2, 2, 2, 2, 2, 2, 2
11 , 0.010739, 0.012801, 0.013352, 0.014178, 0.014538, 0.014839, 0.012303
12 , 0.001515, 0.001327, 0.001453, 0.001234, 0.001450, 0.001383, 0.001509, 0.001381, 0.001537, 0.001412, 0.001384, 0.001379, 0.001585, 0.001430, 0.001556, 0.001432, 0.001583, 0.001455, 0.001578, 0.001515, 0.001639, 0.001514, 0.001668, 0.001514, 0.001608, 0.001605, 0.001577, 0.001516, 0.001639, 0.001489, 0.001555, 0.001494, 0.001526, 0.001373, 0.001558, 0.001469, 0.001442, 0.001351, 0.001505, 0.001503, 0.001388, 0.001383, 0.001475, 0.001471, 0.001443, 0.001438, 0.001468, 0.001499, 0.001437, 0.001379, 0.001417, 0.001326, 0.001420, 0.001484, 0.001367, 0.001432, 0.001347, 0.001385, 0.001356, 0.001472, 0.001406, 0.001375, 0.001314, 0.001373, 0.001486, 0.001517, 0.001456, 0.001517, 0.001451, 0.001511, 0.001535, 0.001620, 0.001495, 0.001620, 0.001528, 0.001677, 0.001583, 0.001644, 0.001549, 0.001639, 0.001516, 0.001702, 0.001579, 0.001703, 0.001491, 0.001706, 0.001525, 0.001590, 0.001496, 0.001654, 0.001499, 0.001652
12 , 0, 0, 0, 0, 0, 0, 2
12 , 0.004889, 0.004944, 0.004563, 0.004412, 0.003787, 0.003597, 0.003246
13 , 0.001499, 0.001437, 0.001379, 0.001417, 0.001326, 0.001420, 0.001484, 0.001367, 0.001432, 0.001347, 0.001385, 0.001356, 0.001472, 0.001406, 0.001375, 0.001314, 0.001373, 0.001486, 0.001517, 0.001456, 0.001517, 0.001451, 0.001511, 0.001535, 0.001620, 0.001495, 0.001620, 0.001528, 0.001677, 0.001583, 0.001644, 0.001549, 0.001639, 0.001516, 0.001702, 0.001579, 0.001703, 0.001491, 0.001706, 0.001525, 0.001590, 0.001496, 0.001654, 0.001499, 0.001652, 0.001439, 0.001625, 0.001412, 0.001512, 0.001266, 0.001510, 0.001415, 0.001540, 0.001388, 0.001664, 0.001417, 0.001511, 0.001354, 0.001598, 0.001350, 0.001602, 0.001415, 0.001569, 0.001324, 0.001570, 0.001532, 0.001624, 0.001379, 0.001530, 0.001523, 0.001619, 0.001492, 0.001617, 0.001494, 0.001556, 0.001521, 0.001737, 0.001518, 0.001730, 0.001635, 0.001727, 0.001573, 0.001635, 0.001416, 0.001663, 0.001603, 0.001698, 0.001453, 0.001637, 0.001545, 0.001701, 0.001580
13 , 0, 0, 0, 0, 0, 0, 0
13 , 0.005858, 0.006178, 0.006115, 0.006273, 0.006296, 0.006069, 0.005313
14 , 0.001510, 0.001415, 0.001540, 0.001388, 0.001664, 0.001417, 0.001511, 0.001354, 0.001598, 0.001350, 0.001602, 0.001415, 0.001569, 0.001324, 0.001570, 0.001532, 0.001624, 0.001379, 0.001530, 0.001523, 0.001619, 0.001492, 0.001617, 0.001494, 0.001556, 0.001521, 0.001737, 0.001518, 0.001730, 0.001635, 0.001727, 0.001573, 0.001635, 0.001416, 0.001663, 0.001603, 0.001698, 0.001453, 0.001637, 0.001545, 0.001701, 0.001580, 0.001707, 0.001615, 0.001559, 0.001438, 0.001567, 0.001447, 0.001393, 0.001485, 0.001488, 0.001397, 0.001484, 0.001389, 0.001389, 0.001451, 0.001540, 0.001356, 0.001416, 0.001594, 0.001626, 0.001689, 0.001563, 0.001562, 0.001468, 0.001680, 0.001615, 0.001705, 0.001611, 0.001610, 0.001576, 0.001638, 0.001574, 0.001545, 0.001571, 0.001660, 0.001536, 0.001726, 0.001603, 0.001790, 0.001638, 0.001730, 0.001546, 0.001735, 0.001673, 0.001766, 0.001524, 0.001615, 0.001583, 0.001649, 0.001434, 0.001650
14 , 0, 0, 0, 0, 0, 0, 0
14 , 0.005465, 0.005377, 0.004741, 0.004655, 0.004012, 0.003821, 0.003564
15 , 0.001567, 0.001447, 0.001393, 0.001485, 0.001488, 0.001397, 0.001484, 0.001389, 0.001389, 0.001451, 0.001540, 0.001356, 0.001416, 0.001594, 0.001626, 0.001689, 0.001563, 0.001562, 0.001468, 0.001680, 0.001615, 0.001705, 0.001611, 0.001610, 0.001576, 0.001638, 0.001574, 0.001545, 0.001571, 0.001660, 0.001536, 0.001726, 0.001603, 0.001790, 0.001638, 0.001730, 0.001546, 0.001735, 0.001673, 0.001766, 0.001524, 0.001615, 0.001583, 0.001649, 0.001434, 0.001650, 0.001462, 0.001743, 0.001433, 0.001615, 0.001549, 0.001582, 0.001580, 0.001646, 0.001433, 0.001527, 0.001526, 0.001713, 0.001440, 0.001630, 0.001570, 0.001540, 0.001417, 0.001576, 0.001362, 0.001611, 0.001423, 0.001669, 0.001397, 0.001553, 0.001495, 0.001560, 0.001430, 0.001589, 0.001373, 0.001462, 0.001345, 0.001435, 0.001304, 0.001520, 0.001425, 0.001425, 0.001420, 0.001540, 0.001414, 0.001507, 0.001412, 0.001475, 0.001536, 0.001532, 0.001350, 0.001528
15 , 3, 3, 3, 3, 3, 3, 3
15 , 0.005287, 0.004805, 0.004890, 0.004380, 0.004376, 0.003931, 0.003850
16 , 0.001462, 0.001743, 0.001433, 0.001615, 0.001549, 0.001582, 0.001580, 0.001646, 0.001433, 0.001527, 0.001526, 0.001713, 0.001440, 0.001630, 0.001570, 0.001540, 0.001417, 0.001576, 0.001362, 0.001611, 0.001423, 0.001669, 0.001397, 0.001553, 0.001495, 0.001560, 0.001430, 0.001589, 0.001373, 0.001462, 0.001345, 0.001435, 0.001304, 0.001520, 0.001425, 0.001425, 0.001420, 0.001540, 0.001414, 0.001507, 0.001412, 0.001475, 0.001536, 0.001532, 0.001350, 0.001528, 0.001467, 0.001531, 0.001500, 0.001408, 0.001477, 0.001386, 0.001543, 0.001572, 0.001633, 0.001574, 0.001543, 0.001447, 0.001506, 0.001263, 0.001539, 0.001509, 0.001599, 0.001508, 0.001569, 0.001386, 0.001511, 0.001450, 0.001578, 0.001423, 0.001572, 0.001418, 0.001543, 0.001445, 0.001623, 0.001434, 0.001737, 0.001548, 0.001610, 0.001541, 0.001602, 0.001628, 0.001751, 0.001596, 0.001781, 0.001536, 0.001662, 0.001629, 0.001723, 0.001416, 0.001663, 0.001510
16 , 2, 2, 2, 2, 2, 2, 2
16 , 0.003971, 0.003804, 0.004033, 0.004087, 0.004249, 0.004097, 0.004492
