0 , 0.001459, 0.001443, 0.001291, 0.001189, 0.001340, 0.001241, 0.001422, 0.001170, 0.001414, 0.001226, 0.001439, 0.001188, 0.001402, 0.001341, 0.001464, 0.001221, 0.001348, 0.001280, 0.001409, 0.001290, 0.001418, 0.001353, 0.001403, 0.001294, 0.000092, 0.001976, 0.002017, 0.001830, 0.002014, 0.002005, 0.002210, 0.001941, 0.002218, 0.002353, 0.002222, 0.002377, 0.002262, 0.002485, 0.002286, 0.002390, 0.002353, 0.002299, 0.002397, 0.002319, 0.002373, 0.002181, 0.002338, 0.002218, 0.002161, 0.000446, 0.001370, 0.001423, 0.001307, 0.001337, 0.001246, 0.001314, 0.001043, 0.001189, 0.001124, 0.001160, 0.001002, 0.001161, 0.001038, 0.001189, 0.001001, 0.001127, 0.001002, 0.001152, 0.001215, 0.001214, 0.001011, 0.001319, 0.000553, 0.001777, 0.002137, 0.002309, 0.002299, 0.002306, 0.002161, 0.002336, 0.002285, 0.002362, 0.002159, 0.002245, 0.002260, 0.002175, 0.002182, 0.002108, 0.002331, 0.002155, 0.002216, 0.002152
0 , 0, 0, 0, 0, 0, 0, 0
0 , 0.026595, 0.030710, 0.033762, 0.036667, 0.039216, 0.043488, 0.044055
1 , 0.001307, 0.001337, 0.001246, 0.001314, 0.001043, 0.001189, 0.001124, 0.001160, 0.001002, 0.001161, 0.001038, 0.001189, 0.001001, 0.001127, 0.001002, 0.001152, 0.001215, 0.001214, 0.001011, 0.001319, 0.000553, 0.001777, 0.002137, 0.002309, 0.002299, 0.002306, 0.002161, 0.002336, 0.002285, 0.002362, 0.002159, 0.002245, 0.002260, 0.002175, 0.002182, 0.002108, 0.002331, 0.002155, 0.002216, 0.002152, 0.002098, 0.002201, 0.002122, 0.002165, 0.002195, 0.000551, 0.001370, 0.001622, 0.001495, 0.001466, 0.001314, 0.001288, 0.001227, 0.001411, 0.001320, 0.001353, 0.001385, 0.001357, 0.001266, 0.001240, 0.001116, 0.001335, 0.001059, 0.001246, 0.001090, 0.001152, 0.001118, 0.001396, 0.001269, 0.001365, 0.001037, 0.000980, 0.002116, 0.001979, 0.001881, 0.002128, 0.002152, 0.002128, 0.002021, 0.002095, 0.002298, 0.002087, 0.002300, 0.002244, 0.002386, 0.002312, 0.002232, 0.002299, 0.002286, 0.002528, 0.002313, 0.002434
1 , 0, 0, 0, 0, 0, 0, 0
1 , 0.037569, 0.039755, 0.040704, 0.041673, 0.042279, 0.040049, 0.038192
2 , 0.001314, 0.001288, 0.001227, 0.001411, 0.001320, 0.001353, 0.001385, 0.001357, 0.001266, 0.001240, 0.001116, 0.001335, 0.001059, 0.001246, 0.001090, 0.001152, 0.001118, 0.001396, 0.001269, 0.001365, 0.001037, 0.000980, 0.002116, 0.001979, 0.001881, 0.002128, 0.002152, 0.002128, 0.002021, 0.002095, 0.002298, 0.002087, 0.002300, 0.002244, 0.002386, 0.002312, 0.002232, 0.002299, 0.002286, 0.002528, 0.002313, 0.002434, 0.002289, 0.002292, 0.002522, 0.001570, 0.001072, 0.001240, 0.001281, 0.001192, 0.001190, 0.001064, 0.001094, 0.000937, 0.001334, 0.000996, 0.001251, 0.001119, 0.001241, 0.001024, 0.001236, 0.001103, 0.001317, 0.001127, 0.001252, 0.001161, 0.001311, 0.001012, 0.001450, 0.000397, 0.001972, 0.001912, 0.002082, 0.001982, 0.002192, 0.002031, 0.002162, 0.002089, 0.002222, 0.001937, 0.002064, 0.002222, 0.002104, 0.002189, 0.001955, 0.002271, 0.002182, 0.002145, 0.002244, 0.002110, 0.002292, 0.002190
2 , 0, 0, 0, 0, 0, 0, 0
2 , 0.035812, 0.038957, 0.043017, 0.042912, 0.040939, 0.038676, 0.034763
3 , 0.001281, 0.001192, 0.001190, 0.001064, 0.001094, 0.000937, 0.001334, 0.000996, 0.001251, 0.001119, 0.001241, 0.001024, 0.001236, 0.001103, 0.001317, 0.001127, 0.001252, 0.001161, 0.001311, 0.001012, 0.001450, 0.000397, 0.001972, 0.001912, 0.002082, 0.001982, 0.002192, 0.002031, 0.002162, 0.002089, 0.002222, 0.001937, 0.002064, 0.002222, 0.002104, 0.002189, 0.001955, 0.002271, 0.002182, 0.002145, 0.002244, 0.002110, 0.002292, 0.002190, 0.002289, 0.002011, 0.000203, 0.001284, 0.001336, 0.001277, 0.001177, 0.001265, 0.001233, 0.001225, 0.001253, 0.001157, 0.001338, 0.001301, 0.001366, 0.001272, 0.001362, 0.001324, 0.001475, 0.001322, 0.001380, 0.001287, 0.001380, 0.001321, 0.001349, 0.001204, 0.001348, 0.000573, 0.001336, 0.002022, 0.001906, 0.001752, 0.001925, 0.001991, 0.002025, 0.001955, 0.002007, 0.002195, 0.001988, 0.002143, 0.002042, 0.002173, 0.002170, 0.002194, 0.002191, 0.002047, 0.002383, 0.002337
3 , 0, 0, 0, 0, 0, 0, 0
3 , 0.029940, 0.033415, 0.035584, 0.036077, 0.037119, 0.036726, 0.034389
4 , 0.001177, 0.001265, 0.001233, 0.001225, 0.001253, 0.001157, 0.001338, 0.001301, 0.001366, 0.001272, 0.001362, 0.001324, 0.001475, 0.001322, 0.001380, 0.001287, 0.001380, 0.001321, 0.001349, 0.001204, 0.001348, 0.000573, 0.001336, 0.002022, 0.001906, 0.001752, 0.001925, 0.001991, 0.002025, 0.001955, 0.002007, 0.002195, 0.001988, 0.002143, 0.002042, 0.002173, 0.002170, 0.002194, 0.002191, 0.002047, 0.002383, 0.002337, 0.002284, 0.002239, 0.002126, 0.002411, 0.000757, 0.001552, 0.001439, 0.001521, 0.001187, 0.001368, 0.001121, 0.001396, 0.001204, 0.001299, 0.001291, 0.001382, 0.001260, 0.001447, 0.001168, 0.001321, 0.001197, 0.001507, 0.001230, 0.001384, 0.001290, 0.001442, 0.001141, 0.001296, 0.000941, 0.001889, 0.001855, 0.002097, 0.002018, 0.002167, 0.001918, 0.002204, 0.002170, 0.002231, 0.002127, 0.002076, 0.002234, 0.002140, 0.002274, 0.002063, 0.002218, 0.002218, 0.002266, 0.002284, 0.002139, 0.002290
4 , 0, 0, 0, 0, 0, 0, 0
4 , 0.027989, 0.031119, 0.034128, 0.036181, 0.036192, 0.034900, 0.032567
5 , 0.001187, 0.001368, 0.001121, 0.001396, 0.001204, 0.001299, 0.001291, 0.001382, 0.001260, 0.001447, 0.001168, 0.001321, 0.001197, 0.001507, 0.001230, 0.001384, 0.001290, 0.001442, 0.001141, 0.001296, 0.000941, 0.001889, 0.001855, 0.002097, 0.002018, 0.002167, 0.001918, 0.002204, 0.002170, 0.002231, 0.002127, 0.002076, 0.002234, 0.002140, 0.002274, 0.002063, 0.002218, 0.002218, 0.002266, 0.002284, 0.002139, 0.002290, 0.002179, 0.002317, 0.001398, 0.000850, 0.001344, 0.001482, 0.001483, 0.001385, 0.001447, 0.001321, 0.001381, 0.001349, 0.001407, 0.001436, 0.001404, 0.001224, 0.001346, 0.001379, 0.001412, 0.001291, 0.001293, 0.001259, 0.001233, 0.001266, 0.001173, 0.001321, 0.001208, 0.001523, 0.000077, 0.001836, 0.002016, 0.002020, 0.001913, 0.002228, 0.002242, 0.002303, 0.002306, 0.002389, 0.002648, 0.002496, 0.002690, 0.002569, 0.002685, 0.002896, 0.002920, 0.002992, 0.002821, 0.002998, 0.002947, 0.002947
5 , 0, 0, 0, 0, 0, 0, 0
5 , 0.037362, 0.039700, 0.040858, 0.044080, 0.043795, 0.042797, 0.041652
6 , 0.001385, 0.001447, 0.001321, 0.001381, 0.001349, 0.001407, 0.001436, 0.001404, 0.001224, 0.001346, 0.001379, 0.001412, 0.001291, 0.001293, 0.001259, 0.001233, 0.001266, 0.001173, 0.001321, 0.001208, 0.001523, 0.000077, 0.001836, 0.002016, 0.002020, 0.001913, 0.002228, 0.002242, 0.002303, 0.002306, 0.002389, 0.002648, 0.002496, 0.002690, 0.002569, 0.002685, 0.002896, 0.002920, 0.002992, 0.002821, 0.002998, 0.002947, 0.002947, 0.002946, 0.002895, 0.003040, 0.000422, 0.000880, 0.000778, 0.000856, 0.000665, 0.000850, 0.000750, 0.001062, 0.000937, 0.001138, 0.001144, 0.001406, 0.001245, 0.001485, 0.001225, 0.001492, 0.001208, 0.001543, 0.001353, 0.001565, 0.001375, 0.001531, 0.001524, 0.001133, 0.001135, 0.001569, 0.001602, 0.001754, 0.001546, 0.001655, 0.001552, 0.001871, 0.001878, 0.002008, 0.001936, 0.001939, 0.002149, 0.002054, 0.002118, 0.001945, 0.002204, 0.002277, 0.002189, 0.002189, 0.002076, 0.002313
6 , 0, 0, 0, 0, 0, 0, 0
6 , 0.036173, 0.040031, 0.044358, 0.046573, 0.045132, 0.043349, 0.041069
7 , 0.000856, 0.000665, 0.000850, 0.000750, 0.001062, 0.000937, 0.001138, 0.001144, 0.001406, 0.001245, 0.001485, 0.001225, 0.001492, 0.001208, 0.001543, 0.001353, 0.001565, 0.001375, 0.001531, 0.001524, 0.001133, 0.001135, 0.001569, 0.001602, 0.001754, 0.001546, 0.001655, 0.001552, 0.001871, 0.001878, 0.002008, 0.001936, 0.001939, 0.002149, 0.002054, 0.002118, 0.001945, 0.002204, 0.002277, 0.002189, 0.002189, 0.002076, 0.002313, 0.002225, 0.002450, 0.002236, 0.002267, 0.001060, 0.001401, 0.001444, 0.001375, 0.001258, 0.001346, 0.001371, 0.001274, 0.001278, 0.001274, 0.001211, 0.001329, 0.001361, 0.001300, 0.001179, 0.001175, 0.001295, 0.001291, 0.001353, 0.001352, 0.001352, 0.001319, 0.001352, 0.001354, 0.001264, 0.001267, 0.001239, 0.001300, 0.001329, 0.001240, 0.001211, 0.001213, 0.001245, 0.001277, 0.001249, 0.001339, 0.001337, 0.001185, 0.001217, 0.001367, 0.001212, 0.001180, 0.001391, 0.001358, 0.001206
7 , 3, 3, 3, 3, 3, 3, 3
7 , 0.020858, 0.019479, 0.019439, 0.019450, 0.018372, 0.017110, 0.015552
8 , 0.002267, 0.001060, 0.001401, 0.001444, 0.001375, 0.001258, 0.001346, 0.001371, 0.001274, 0.001278, 0.001274, 0.001211, 0.001329, 0.001361, 0.001300, 0.001179, 0.001175, 0.001295, 0.001291, 0.001353, 0.001352, 0.001352, 0.001319, 0.001352, 0.001354, 0.001264, 0.001267, 0.001239, 0.001300, 0.001329, 0.001240, 0.001211, 0.001213, 0.001245, 0.001277, 0.001249, 0.001339, 0.001337, 0.001185, 0.001217, 0.001367, 0.001212, 0.001180, 0.001391, 0.001358, 0.001206, 0.001323, 0.001256, 0.001378, 0.001343, 0.001376, 0.001349, 0.001382, 0.001409, 0.001411, 0.001410, 0.001291, 0.001227, 0.001321, 0.001356, 0.001356, 0.001293, 0.001325, 0.001205, 0.001392, 0.001208, 0.001392, 0.001172, 0.001355, 0.001326, 0.001329, 0.001208, 0.001362, 0.001268, 0.001426, 0.001421, 0.001394, 0.001179, 0.001397, 0.001180, 0.001301, 0.001079, 0.001324, 0.001259, 0.001349, 0.001222, 0.001439, 0.001344, 0.001468, 0.001316, 0.001471, 0.001288
8 , 1, 1, 1, 1, 2, 1, 1
8 , 0.004363, 0.003522, 0.002547, 0.001741, 0.000814, 0.001100, 0.001020
9 , 0.001323, 0.001256, 0.001378, 0.001343, 0.001376, 0.001349, 0.001382, 0.001409, 0.001411, 0.001410, 0.001291, 0.001227, 0.001321, 0.001356, 0.001356, 0.001293, 0.001325, 0.001205, 0.001392, 0.001208, 0.001392, 0.001172, 0.001355, 0.001326, 0.001329, 0.001208, 0.001362, 0.001268, 0.001426, 0.001421, 0.001394, 0.001179, 0.001397, 0.001180, 0.001301, 0.001079, 0.001324, 0.001259, 0.001349, 0.001222, 0.001439, 0.001344, 0.001468, 0.001316, 0.001471, 0.001288, 0.001386, 0.001142, 0.001237, 0.001079, 0.001240, 0.001116, 0.001241, 0.001144, 0.001302, 0.001179, 0.001209, 0.001141, 0.001508, 0.001321, 0.001324, 0.001230, 0.001386, 0.001262, 0.001362, 0.001176, 0.001390, 0.001206, 0.001367, 0.001004, 0.001313, 0.001071, 0.001264, 0.001106, 0.001263, 0.001016, 0.001294, 0.001112, 0.001209, 0.001077, 0.001326, 0.001114, 0.001184, 0.000936, 0.001148, 0.001089, 0.001248, 0.001120, 0.001159, 0.001003, 0.001220, 0.001153
9 , 1, 3, 1, 3, 1, 1, 1
9 , 0.002561, 0.002414, 0.002011, 0.002110, 0.001790, 0.002182, 0.002389
10 , 0.001386, 0.001142, 0.001237, 0.001079, 0.001240, 0.001116, 0.001241, 0.001144, 0.001302, 0.001179, 0.001209, 0.001141, 0.001508, 0.001321, 0.001324, 0.001230, 0.001386, 0.001262, 0.001362, 0.001176, 0.001390, 0.001206, 0.001367, 0.001004, 0.001313, 0.001071, 0.001264, 0.001106, 0.001263, 0.001016, 0.001294, 0.001112, 0.001209, 0.001077, 0.001326, 0.001114, 0.001184, 0.000936, 0.001148, 0.001089, 0.001248, 0.001120, 0.001159, 0.001003, 0.001220, 0.001153, 0.001306, 0.001058, 0.001127, 0.001065, 0.001279, 0.000945, 0.000979, 0.001037, 0.001197, 0.001107, 0.001139, 0.001046, 0.001112, 0.001040, 0.001077, 0.001043, 0.001074, 0.001040, 0.001131, 0.001094, 0.001119, 0.001086, 0.001170, 0.001194, 0.001311, 0.001275, 0.001362, 0.001263, 0.001321, 0.001378, 0.001317, 0.001351, 0.001259, 0.001317, 0.001374, 0.001320, 0.001350, 0.001474, 0.001263, 0.001240, 0.001182, 0.001246, 0.001246, 0.001312, 0.001254, 0.001320
10 , 2, 2, 2, 2, 2, 2, 2
10 , 0.006662, 0.006671, 0.006846, 0.006668, 0.006633, 0.005951, 0.005929
11 , 0.001127, 0.001065, 0.001279, 0.000945, 0.000979, 0.001037, 0.001197, 0.001107, 0.001139, 0.001046, 0.001112, 0.001040, 0.001077, 0.001043, 0.001074, 0.001040, 0.001131, 0.001094, 0.001119, 0.001086, 0.001170, 0.001194, 0.001311, 0.001275, 0.001362, 0.001263, 0.001321, 0.001378, 0.001317, 0.001351, 0.001259, 0.001317, 0.001374, 0.001320, 0.001350, 0.001474, 0.001263, 0.001240, 0.001182, 0.001246, 0.001246, 0.001312, 0.001254, 0.001320, 0.001169, 0.001177, 0.001115, 0.001333, 0.001148, 0.001274, 0.001211, 0.001273, 0.001268, 0.001302, 0.001118, 0.001240, 0.001177, 0.001238, 0.001200, 0.001259, 0.001191, 0.001289, 0.001072, 0.001385, 0.001190, 0.001253, 0.001192, 0.001318, 0.001103, 0.001384, 0.001139, 0.001234, 0.001113, 0.001180, 0.001140, 0.001330, 0.001022, 0.001354, 0.001260, 0.001266, 0.001196, 0.001291, 0.001314, 0.001340, 0.001274, 0.001488, 0.001234, 0.001390, 0.001232, 0.001447, 0.001323, 0.001357
11 , 0, 0, 0, 0, 0, 0, 0
11 , 0.004910, 0.005472, 0.005346, 0.005325, 0.005326, 0.005211, 0.005167
12 , 0.001333, 0.001148, 0.001274, 0.001211, 0.001273, 0.001268, 0.001302, 0.001118, 0.001240, 0.001177, 0.001238, 0.001200, 0.001259, 0.001191, 0.001289, 0.001072, 0.001385, 0.001190, 0.001253, 0.001192, 0.001318, 0.001103, 0.001384, 0.001139, 0.001234, 0.001113, 0.001180, 0.001140, 0.001330, 0.001022, 0.001354, 0.001260, 0.001266, 0.001196, 0.001291, 0.001314, 0.001340, 0.001274, 0.001488, 0.001234, 0.001390, 0.001232, 0.001447, 0.001323, 0.001357, 0.001297, 0.001301, 0.001215, 0.001254, 0.001169, 0.001307, 0.001096, 0.001168, 0.000995, 0.001037, 0.001040, 0.001137, 0.001053, 0.001027, 0.000908, 0.000851, 0.000912, 0.000915, 0.000880, 0.000999, 0.000840, 0.000987, 0.001076, 0.000942, 0.001120, 0.001136, 0.001092, 0.001202, 0.001348, 0.001250, 0.001248, 0.001296, 0.001386, 0.001233, 0.001412, 0.001375, 0.001524, 0.001397, 0.001459, 0.001395, 0.001454, 0.001268, 0.001453, 0.001389, 0.001543, 0.001450, 0.001608
12 , 0, 0, 0, 0, 0, 0, 0
12 , 0.006240, 0.007398, 0.007744, 0.008591, 0.008762, 0.009278, 0.009117
13 , 0.001096, 0.001168, 0.000995, 0.001037, 0.001040, 0.001137, 0.001053, 0.001027, 0.000908, 0.000851, 0.000912, 0.000915, 0.000880, 0.000999, 0.000840, 0.000987, 0.001076, 0.000942, 0.001120, 0.001136, 0.001092, 0.001202, 0.001348, 0.001250, 0.001248, 0.001296, 0.001386, 0.001233, 0.001412, 0.001375, 0.001524, 0.001397, 0.001459, 0.001395, 0.001454, 0.001268, 0.001453, 0.001389, 0.001543, 0.001450, 0.001608, 0.001360, 0.001544, 0.001390, 0.001486, 0.001424, 0.001639, 0.001429, 0.001373, 0.001191, 0.001439, 0.001291, 0.001421, 0.001275, 0.001377, 0.001196, 0.001299, 0.000964, 0.001184, 0.001152, 0.001188, 0.001030, 0.001134, 0.000950, 0.001287, 0.001099, 0.001288, 0.001006, 0.001161, 0.001097, 0.001184, 0.001118, 0.001306, 0.001150, 0.001209, 0.001019, 0.001261, 0.001194, 0.001380, 0.001194, 0.001375, 0.001311, 0.001340, 0.001273, 0.001458, 0.001307, 0.001274, 0.001332, 0.001451, 0.001264, 0.001350, 0.001317
13 , 3, 0, 0, 0, 0, 0, 0
13 , 0.007785, 0.008665, 0.009654, 0.010784, 0.011149, 0.011384, 0.011396
14 , 0.001421, 0.001275, 0.001377, 0.001196, 0.001299, 0.000964, 0.001184, 0.001152, 0.001188, 0.001030, 0.001134, 0.000950, 0.001287, 0.001099, 0.001288, 0.001006, 0.001161, 0.001097, 0.001184, 0.001118, 0.001306, 0.001150, 0.001209, 0.001019, 0.001261, 0.001194, 0.001380, 0.001194, 0.001375, 0.001311, 0.001340, 0.001273, 0.001458, 0.001307, 0.001274, 0.001332, 0.001451, 0.001264, 0.001350, 0.001317, 0.001343, 0.001432, 0.001431, 0.001517, 0.001454, 0.001479, 0.001568, 0.001597, 0.001533, 0.001473, 0.001443, 0.001535, 0.001474, 0.001626, 0.001504, 0.001503, 0.001473, 0.001565, 0.001443, 0.001629, 0.001507, 0.001572, 0.001543, 0.001548, 0.001400, 0.001407, 0.001378, 0.001321, 0.001200, 0.001449, 0.001359, 0.001304, 0.001244, 0.001370, 0.001249, 0.001438, 0.001189, 0.001345, 0.001129, 0.001382, 0.001165, 0.001292, 0.001196, 0.001354, 0.001165, 0.001377, 0.001157, 0.001343, 0.001244, 0.001366, 0.001300, 0.001446
14 , 3, 3, 3, 3, 3, 3, 3
14 , 0.007469, 0.007457, 0.007883, 0.008146, 0.008499, 0.008689, 0.009060
15 , 0.001474, 0.001626, 0.001504, 0.001503, 0.001473, 0.001565, 0.001443, 0.001629, 0.001507, 0.001572, 0.001543, 0.001548, 0.001400, 0.001407, 0.001378, 0.001321, 0.001200, 0.001449, 0.001359, 0.001304, 0.001244, 0.001370, 0.001249, 0.001438, 0.001189, 0.001345, 0.001129, 0.001382, 0.001165, 0.001292, 0.001196, 0.001354, 0.001165, 0.001377, 0.001157, 0.001343, 0.001244, 0.001366, 0.001300, 0.001446, 0.001259, 0.001534, 0.001224, 0.001438, 0.001401, 0.001555, 0.001454, 0.001545, 0.001357, 0.001508, 0.001292, 0.001509, 0.001416, 0.001663, 0.001419, 0.001454, 0.001369, 0.001468, 0.001350, 0.001413, 0.001261, 0.001390, 0.001362, 0.001126, 0.001188, 0.001218, 0.001153, 0.001246, 0.001191, 0.001283, 0.001284, 0.001353, 0.001351, 0.001199, 0.001169, 0.001141, 0.001140, 0.001141, 0.001205, 0.001170, 0.001233, 0.001258, 0.001352, 0.001196, 0.001287, 0.001287, 0.001318, 0.001228, 0.001292, 0.001139, 0.001235, 0.001082
15 , 1, 1, 1, 1, 1, 1, 1
15 , 0.006882, 0.006459, 0.005725, 0.005506, 0.004810, 0.004898, 0.003942
16 , 0.001454, 0.001545, 0.001357, 0.001508, 0.001292, 0.001509, 0.001416, 0.001663, 0.001419, 0.001454, 0.001369, 0.001468, 0.001350, 0.001413, 0.001261, 0.001390, 0.001362, 0.001126, 0.001188, 0.001218, 0.001153, 0.001246, 0.001191, 0.001283, 0.001284, 0.001353, 0.001351, 0.001199, 0.001169, 0.001141, 0.001140, 0.001141, 0.001205, 0.001170, 0.001233, 0.001258, 0.001352, 0.001196, 0.001287, 0.001287, 0.001318, 0.001228, 0.001292, 0.001139, 0.001235, 0.001082, 0.001333, 0.001151, 0.001213, 0.001180, 0.001330, 0.001205, 0.001269, 0.001268, 0.001455, 0.001233, 0.001330, 0.001202, 0.001264, 0.001258, 0.001323, 0.001137, 0.001383, 0.001163, 0.001287, 0.001133, 0.001408, 0.001189, 0.001372, 0.001212, 0.001461, 0.001273, 0.001335, 0.001291, 0.001503, 0.001406, 0.001404, 0.001310, 0.001495, 0.001341, 0.001493, 0.001335, 0.001550, 0.001332, 0.001515, 0.001452, 0.001514, 0.001390, 0.001609, 0.001459, 0.001494, 0.001346
16 , 2, 2, 2, 2, 2, 2, 2
16 , 0.007608, 0.007322, 0.007299, 0.006658, 0.006361, 0.006031, 0.006078
