0 , 0.001572, 0.001510, 0.001802, 0.001814, 0.002041, 0.001774, 0.001892, 0.001953, 0.001995, 0.002079, 0.001807, 0.002121, 0.001996, 0.002053, 0.002081, 0.001929, 0.002070, 0.001939, 0.001958, 0.001939, 0.002047, 0.001924, 0.002064, 0.000108, 0.001731, 0.001425, 0.001514, 0.001546, 0.001449, 0.001569, 0.001568, 0.001690, 0.001598, 0.001537, 0.001569, 0.001575, 0.001387, 0.001420, 0.001513, 0.001548, 0.001489, 0.001553, 0.001552, 0.001462, 0.001434, 0.001617, 0.001494, 0.001520, 0.001389, 0.000951, 0.001686, 0.001753, 0.001643, 0.001716, 0.001665, 0.001887, 0.001674, 0.001747, 0.001586, 0.001905, 0.001841, 0.001692, 0.001789, 0.001604, 0.001832, 0.001950, 0.001969, 0.001835, 0.001835, 0.001966, 0.001850, 0.001865, 0.001823, 0.001120, 0.001306, 0.001738, 0.001784, 0.001759, 0.001476, 0.001719, 0.001533, 0.001657, 0.001471, 0.001569, 0.001441, 0.001692, 0.001386, 0.001600, 0.001472, 0.001570, 0.001386, 0.001571
0 , 1, 1, 1, 1, 1, 1, 1
0 , 0.007853, 0.009162, 0.011618, 0.013229, 0.014944, 0.012768, 0.013147
1 , 0.001686, 0.001753, 0.001643, 0.001716, 0.001665, 0.001887, 0.001674, 0.001747, 0.001586, 0.001905, 0.001841, 0.001692, 0.001789, 0.001604, 0.001832, 0.001950, 0.001969, 0.001835, 0.001835, 0.001966, 0.001850, 0.001865, 0.001823, 0.001120, 0.001306, 0.001738, 0.001784, 0.001759, 0.001476, 0.001719, 0.001533, 0.001657, 0.001471, 0.001569, 0.001441, 0.001692, 0.001386, 0.001600, 0.001472, 0.001570, 0.001386, 0.001571, 0.001532, 0.001749, 0.001620, 0.001696, 0.001491, 0.000027, 0.001609, 0.001559, 0.001534, 0.001744, 0.001783, 0.001908, 0.001764, 0.001834, 0.001901, 0.001897, 0.002007, 0.001725, 0.002038, 0.001883, 0.001749, 0.001934, 0.001785, 0.002020, 0.002007, 0.002065, 0.001777, 0.001917, 0.002059, 0.001975, 0.001870, 0.001520, 0.000627, 0.001732, 0.001596, 0.001815, 0.001627, 0.001690, 0.001564, 0.001500, 0.001499, 0.001563, 0.001501, 0.001625, 0.001467, 0.001530, 0.001595, 0.001684, 0.001558, 0.001556
1 , 1, 1, 1, 1, 1, 1, 1
1 , 0.004965, 0.006007, 0.007202, 0.009562, 0.013892, 0.013253, 0.012561
2 , 0.001534, 0.001744, 0.001783, 0.001908, 0.001764, 0.001834, 0.001901, 0.001897, 0.002007, 0.001725, 0.002038, 0.001883, 0.001749, 0.001934, 0.001785, 0.002020, 0.002007, 0.002065, 0.001777, 0.001917, 0.002059, 0.001975, 0.001870, 0.001520, 0.000627, 0.001732, 0.001596, 0.001815, 0.001627, 0.001690, 0.001564, 0.001500, 0.001499, 0.001563, 0.001501, 0.001625, 0.001467, 0.001530, 0.001595, 0.001684, 0.001558, 0.001556, 0.001525, 0.001648, 0.001584, 0.001561, 0.001527, 0.001561, 0.001669, 0.000786, 0.001176, 0.001659, 0.001644, 0.001486, 0.001689, 0.001716, 0.001850, 0.001583, 0.001890, 0.001917, 0.001844, 0.001805, 0.001650, 0.002014, 0.001990, 0.001920, 0.001883, 0.001883, 0.002045, 0.001877, 0.002044, 0.001922, 0.002049, 0.002142, 0.000099, 0.001986, 0.001629, 0.001565, 0.001350, 0.001474, 0.001444, 0.001499, 0.001402, 0.001557, 0.001394, 0.001644, 0.001486, 0.001520, 0.001266, 0.001571, 0.001353, 0.001692
2 , 1, 1, 1, 1, 1, 1, 1
2 , 0.005200, 0.008357, 0.010147, 0.011879, 0.013240, 0.013637, 0.014286
3 , 0.001644, 0.001486, 0.001689, 0.001716, 0.001850, 0.001583, 0.001890, 0.001917, 0.001844, 0.001805, 0.001650, 0.002014, 0.001990, 0.001920, 0.001883, 0.001883, 0.002045, 0.001877, 0.002044, 0.001922, 0.002049, 0.002142, 0.000099, 0.001986, 0.001629, 0.001565, 0.001350, 0.001474, 0.001444, 0.001499, 0.001402, 0.001557, 0.001394, 0.001644, 0.001486, 0.001520, 0.001266, 0.001571, 0.001353, 0.001692, 0.001568, 0.001659, 0.001533, 0.001623, 0.001559, 0.001514, 0.000798, 0.001631, 0.001756, 0.001796, 0.001802, 0.001850, 0.001717, 0.001993, 0.001920, 0.001896, 0.001765, 0.001893, 0.002041, 0.001844, 0.001935, 0.001743, 0.001981, 0.001898, 0.001950, 0.001974, 0.001931, 0.002106, 0.001915, 0.002208, 0.001104, 0.001042, 0.001565, 0.001670, 0.001702, 0.001476, 0.001538, 0.001443, 0.001564, 0.001472, 0.001592, 0.001588, 0.001463, 0.001523, 0.001554, 0.001615, 0.001732, 0.001636, 0.001547, 0.001484, 0.001606, 0.001572
3 , 1, 1, 1, 1, 1, 1, 1
3 , 0.010265, 0.012552, 0.015255, 0.016923, 0.012756, 0.013322, 0.013067
4 , 0.001796, 0.001802, 0.001850, 0.001717, 0.001993, 0.001920, 0.001896, 0.001765, 0.001893, 0.002041, 0.001844, 0.001935, 0.001743, 0.001981, 0.001898, 0.001950, 0.001974, 0.001931, 0.002106, 0.001915, 0.002208, 0.001104, 0.001042, 0.001565, 0.001670, 0.001702, 0.001476, 0.001538, 0.001443, 0.001564, 0.001472, 0.001592, 0.001588, 0.001463, 0.001523, 0.001554, 0.001615, 0.001732, 0.001636, 0.001547, 0.001484, 0.001606, 0.001572, 0.001542, 0.001539, 0.001572, 0.001772, 0.000104, 0.001318, 0.001539, 0.001537, 0.001236, 0.001698, 0.001731, 0.001747, 0.001709, 0.001683, 0.001957, 0.001785, 0.002019, 0.001850, 0.001932, 0.002017, 0.001865, 0.001984, 0.001647, 0.002005, 0.001834, 0.001829, 0.001798, 0.001767, 0.001811, 0.000653, 0.001819, 0.001660, 0.001813, 0.001530, 0.001627, 0.001444, 0.001543, 0.001356, 0.001610, 0.001274, 0.001522, 0.001398, 0.001496, 0.001340, 0.001527, 0.001374, 0.001564, 0.001342, 0.001528
4 , 1, 1, 1, 1, 1, 1, 1
4 , 0.008955, 0.011003, 0.012897, 0.011812, 0.014060, 0.012469, 0.013071
5 , 0.001537, 0.001236, 0.001698, 0.001731, 0.001747, 0.001709, 0.001683, 0.001957, 0.001785, 0.002019, 0.001850, 0.001932, 0.002017, 0.001865, 0.001984, 0.001647, 0.002005, 0.001834, 0.001829, 0.001798, 0.001767, 0.001811, 0.000653, 0.001819, 0.001660, 0.001813, 0.001530, 0.001627, 0.001444, 0.001543, 0.001356, 0.001610, 0.001274, 0.001522, 0.001398, 0.001496, 0.001340, 0.001527, 0.001374, 0.001564, 0.001342, 0.001528, 0.001456, 0.001589, 0.001446, 0.000915, 0.001360, 0.001716, 0.001655, 0.001820, 0.001677, 0.001777, 0.001665, 0.001902, 0.001865, 0.001890, 0.001832, 0.001692, 0.001938, 0.001932, 0.001911, 0.001802, 0.001853, 0.001968, 0.001855, 0.002041, 0.001860, 0.002095, 0.001862, 0.002136, 0.000297, 0.001501, 0.001575, 0.001604, 0.001540, 0.001504, 0.001509, 0.001384, 0.001472, 0.001444, 0.001441, 0.001315, 0.001462, 0.001426, 0.001578, 0.001482, 0.001606, 0.001415, 0.001624, 0.001558, 0.001587, 0.001403
5 , 1, 1, 1, 1, 1, 1, 1
5 , 0.010477, 0.013242, 0.016315, 0.014869, 0.012561, 0.013284, 0.012831
6 , 0.001655, 0.001820, 0.001677, 0.001777, 0.001665, 0.001902, 0.001865, 0.001890, 0.001832, 0.001692, 0.001938, 0.001932, 0.001911, 0.001802, 0.001853, 0.001968, 0.001855, 0.002041, 0.001860, 0.002095, 0.001862, 0.002136, 0.000297, 0.001501, 0.001575, 0.001604, 0.001540, 0.001504, 0.001509, 0.001384, 0.001472, 0.001444, 0.001441, 0.001315, 0.001462, 0.001426, 0.001578, 0.001482, 0.001606, 0.001415, 0.001624, 0.001558, 0.001587, 0.001403, 0.001645, 0.001518, 0.001644, 0.001559, 0.000663, 0.001519, 0.001585, 0.001671, 0.001756, 0.001720, 0.001911, 0.001856, 0.001856, 0.001804, 0.002056, 0.002038, 0.001964, 0.001979, 0.001972, 0.002146, 0.001881, 0.001951, 0.001824, 0.001948, 0.002012, 0.002020, 0.001983, 0.001962, 0.001529, 0.001128, 0.001809, 0.001643, 0.001618, 0.001490, 0.001523, 0.001392, 0.001457, 0.001275, 0.001517, 0.001395, 0.001458, 0.001302, 0.001696, 0.001504, 0.001539, 0.001445, 0.001631, 0.001595
6 , 1, 1, 1, 1, 1, 1, 1
6 , 0.010324, 0.012888, 0.014623, 0.016263, 0.014436, 0.015905, 0.014924
7 , 0.001519, 0.001585, 0.001671, 0.001756, 0.001720, 0.001911, 0.001856, 0.001856, 0.001804, 0.002056, 0.002038, 0.001964, 0.001979, 0.001972, 0.002146, 0.001881, 0.001951, 0.001824, 0.001948, 0.002012, 0.002020, 0.001983, 0.001962, 0.001529, 0.001128, 0.001809, 0.001643, 0.001618, 0.001490, 0.001523, 0.001392, 0.001457, 0.001275, 0.001517, 0.001395, 0.001458, 0.001302, 0.001696, 0.001504, 0.001539, 0.001445, 0.001631, 0.001595, 0.001572, 0.001445, 0.001672, 0.001622, 0.000044, 0.001842, 0.001779, 0.001721, 0.001862, 0.001876, 0.001963, 0.001896, 0.002094, 0.002206, 0.001984, 0.002149, 0.001792, 0.002128, 0.001953, 0.001972, 0.001988, 0.001852, 0.002014, 0.001808, 0.001744, 0.001604, 0.001843, 0.001762, 0.001767, 0.000926, 0.001904, 0.001832, 0.001681, 0.001679, 0.001556, 0.001616, 0.001493, 0.001740, 0.001526, 0.001561, 0.001440, 0.001688, 0.001498, 0.001684, 0.001504, 0.001595, 0.001538, 0.001630, 0.001537
7 , 1, 1, 1, 1, 1, 1, 1
7 , 0.009313, 0.010473, 0.011665, 0.013711, 0.017988, 0.016144, 0.015401
8 , 0.001721, 0.001862, 0.001876, 0.001963, 0.001896, 0.002094, 0.002206, 0.001984, 0.002149, 0.001792, 0.002128, 0.001953, 0.001972, 0.001988, 0.001852, 0.002014, 0.001808, 0.001744, 0.001604, 0.001843, 0.001762, 0.001767, 0.000926, 0.001904, 0.001832, 0.001681, 0.001679, 0.001556, 0.001616, 0.001493, 0.001740, 0.001526, 0.001561, 0.001440, 0.001688, 0.001498, 0.001684, 0.001504, 0.001595, 0.001538, 0.001630, 0.001537, 0.001575, 0.001486, 0.001579, 0.001345, 0.001612, 0.000795, 0.001453, 0.001848, 0.001882, 0.001876, 0.001912, 0.001764, 0.002111, 0.001999, 0.002057, 0.001771, 0.001875, 0.002057, 0.001996, 0.002082, 0.001881, 0.002082, 0.002015, 0.001988, 0.001955, 0.001940, 0.002080, 0.002020, 0.001916, 0.001896, 0.000525, 0.001544, 0.001714, 0.001706, 0.001644, 0.001490, 0.001585, 0.001433, 0.001585, 0.001490, 0.001557, 0.001463, 0.001467, 0.001341, 0.001588, 0.001338, 0.001578, 0.001419, 0.001627, 0.001622
8 , 1, 1, 1, 1, 1, 1, 1
8 , 0.011124, 0.014349, 0.015753, 0.016494, 0.017149, 0.015658, 0.015096
9 , 0.001882, 0.001876, 0.001912, 0.001764, 0.002111, 0.001999, 0.002057, 0.001771, 0.001875, 0.002057, 0.001996, 0.002082, 0.001881, 0.002082, 0.002015, 0.001988, 0.001955, 0.001940, 0.002080, 0.002020, 0.001916, 0.001896, 0.000525, 0.001544, 0.001714, 0.001706, 0.001644, 0.001490, 0.001585, 0.001433, 0.001585, 0.001490, 0.001557, 0.001463, 0.001467, 0.001341, 0.001588, 0.001338, 0.001578, 0.001419, 0.001627, 0.001622, 0.001681, 0.001582, 0.001741, 0.001433, 0.000467, 0.001556, 0.001550, 0.001565, 0.001724, 0.001624, 0.001691, 0.001603, 0.001779, 0.001888, 0.001756, 0.001932, 0.001762, 0.001990, 0.001802, 0.001859, 0.001905, 0.001817, 0.002005, 0.001838, 0.001993, 0.001852, 0.001962, 0.002110, 0.001898, 0.001983, 0.001284, 0.000919, 0.001710, 0.001603, 0.001679, 0.001396, 0.001458, 0.001393, 0.001481, 0.001264, 0.001357, 0.001291, 0.001472, 0.001342, 0.001526, 0.001402, 0.001526, 0.001489, 0.001614, 0.001454
9 , 1, 1, 1, 1, 1, 1, 1
9 , 0.011684, 0.013882, 0.016001, 0.019352, 0.017767, 0.016907, 0.015529
10 , 0.001565, 0.001724, 0.001624, 0.001691, 0.001603, 0.001779, 0.001888, 0.001756, 0.001932, 0.001762, 0.001990, 0.001802, 0.001859, 0.001905, 0.001817, 0.002005, 0.001838, 0.001993, 0.001852, 0.001962, 0.002110, 0.001898, 0.001983, 0.001284, 0.000919, 0.001710, 0.001603, 0.001679, 0.001396, 0.001458, 0.001393, 0.001481, 0.001264, 0.001357, 0.001291, 0.001472, 0.001342, 0.001526, 0.001402, 0.001526, 0.001489, 0.001614, 0.001454, 0.001607, 0.001539, 0.001603, 0.001480, 0.001692, 0.001500, 0.001591, 0.001532, 0.001626, 0.001403, 0.001617, 0.001520, 0.001700, 0.001575, 0.001731, 0.001611, 0.001677, 0.001582, 0.001681, 0.001407, 0.001658, 0.001440, 0.001625, 0.001533, 0.001698, 0.001539, 0.001513, 0.001478, 0.001667, 0.001420, 0.001760, 0.001392, 0.001577, 0.001359, 0.001603, 0.001412, 0.001565, 0.001528, 0.001619, 0.001526, 0.001744, 0.001498, 0.001776, 0.001592, 0.001688, 0.001650, 0.001686, 0.001501, 0.001685
10 , 1, 1, 1, 2, 2, 2, 1
10 , 0.004849, 0.006620, 0.007602, 0.008394, 0.008993, 0.008660, 0.007045
11 , 0.001532, 0.001626, 0.001403, 0.001617, 0.001520, 0.001700, 0.001575, 0.001731, 0.001611, 0.001677, 0.001582, 0.001681, 0.001407, 0.001658, 0.001440, 0.001625, 0.001533, 0.001698, 0.001539, 0.001513, 0.001478, 0.001667, 0.001420, 0.001760, 0.001392, 0.001577, 0.001359, 0.001603, 0.001412, 0.001565, 0.001528, 0.001619, 0.001526, 0.001744, 0.001498, 0.001776, 0.001592, 0.001688, 0.001650, 0.001686, 0.001501, 0.001685, 0.001532, 0.001662, 0.001509, 0.001631, 0.001542, 0.001520, 0.001425, 0.001586, 0.001488, 0.001702, 0.001394, 0.001519, 0.001363, 0.001572, 0.001414, 0.001562, 0.001644, 0.001672, 0.001511, 0.001692, 0.001812, 0.001749, 0.001657, 0.001839, 0.001717, 0.001810, 0.001599, 0.001785, 0.001696, 0.001706, 0.001561, 0.001569, 0.001458, 0.001593, 0.001392, 0.001402, 0.001473, 0.001447, 0.001443, 0.001445, 0.001440, 0.001432, 0.001397, 0.001544, 0.001447, 0.001468, 0.001558, 0.001464, 0.001488, 0.001549
11 , 1, 1, 3, 1, 3, 1, 1
11 , 0.001980, 0.002030, 0.002579, 0.002807, 0.003207, 0.003534, 0.003222
12 , 0.001702, 0.001394, 0.001519, 0.001363, 0.001572, 0.001414, 0.001562, 0.001644, 0.001672, 0.001511, 0.001692, 0.001812, 0.001749, 0.001657, 0.001839, 0.001717, 0.001810, 0.001599, 0.001785, 0.001696, 0.001706, 0.001561, 0.001569, 0.001458, 0.001593, 0.001392, 0.001402, 0.001473, 0.001447, 0.001443, 0.001445, 0.001440, 0.001432, 0.001397, 0.001544, 0.001447, 0.001468, 0.001558, 0.001464, 0.001488, 0.001549, 0.001575, 0.001544, 0.001659, 0.001740, 0.001645, 0.001669, 0.001728, 0.001636, 0.001696, 0.001694, 0.001786, 0.001696, 0.001733, 0.001580, 0.001731, 0.001607, 0.001794, 0.001702, 0.001706, 0.001586, 0.001677, 0.001559, 0.001716, 0.001472, 0.001692, 0.001505, 0.001602, 0.001602, 0.001753, 0.001570, 0.001578, 0.001399, 0.001556, 0.001401, 0.001562, 0.001348, 0.001536, 0.001441, 0.001540, 0.001289, 0.001564, 0.001376, 0.001561, 0.001406, 0.001556, 0.001456, 0.001608, 0.001420, 0.001630, 0.001526, 0.001680
12 , 1, 1, 1, 1, 1, 1, 1
12 , 0.006191, 0.006252, 0.006767, 0.006524, 0.006109, 0.005422, 0.005232
13 , 0.001636, 0.001696, 0.001694, 0.001786, 0.001696, 0.001733, 0.001580, 0.001731, 0.001607, 0.001794, 0.001702, 0.001706, 0.001586, 0.001677, 0.001559, 0.001716, 0.001472, 0.001692, 0.001505, 0.001602, 0.001602, 0.001753, 0.001570, 0.001578, 0.001399, 0.001556, 0.001401, 0.001562, 0.001348, 0.001536, 0.001441, 0.001540, 0.001289, 0.001564, 0.001376, 0.001561, 0.001406, 0.001556, 0.001456, 0.001608, 0.001420, 0.001630, 0.001526, 0.001680, 0.001550, 0.001735, 0.001578, 0.001849, 0.001569, 0.001758, 0.001724, 0.001814, 0.001812, 0.001783, 0.001629, 0.001813, 0.001721, 0.001753, 0.001541, 0.001756, 0.001726, 0.001759, 0.001639, 0.001705, 0.001584, 0.001710, 0.001649, 0.001658, 0.001538, 0.001572, 0.001449, 0.001608, 0.001577, 0.001400, 0.001463, 0.001525, 0.001526, 0.001647, 0.001471, 0.001413, 0.001472, 0.001411, 0.001442, 0.001531, 0.001468, 0.001439, 0.001412, 0.001290, 0.001474, 0.001412, 0.001471, 0.001465
13 , 1, 1, 1, 1, 1, 1, 1
13 , 0.008332, 0.008455, 0.008193, 0.008247, 0.007742, 0.007783, 0.006675
14 , 0.001849, 0.001569, 0.001758, 0.001724, 0.001814, 0.001812, 0.001783, 0.001629, 0.001813, 0.001721, 0.001753, 0.001541, 0.001756, 0.001726, 0.001759, 0.001639, 0.001705, 0.001584, 0.001710, 0.001649, 0.001658, 0.001538, 0.001572, 0.001449, 0.001608, 0.001577, 0.001400, 0.001463, 0.001525, 0.001526, 0.001647, 0.001471, 0.001413, 0.001472, 0.001411, 0.001442, 0.001531, 0.001468, 0.001439, 0.001412, 0.001290, 0.001474, 0.001412, 0.001471, 0.001465, 0.001528, 0.001437, 0.001494, 0.001429, 0.001520, 0.001486, 0.001639, 0.001481, 0.001666, 0.001448, 0.001603, 0.001382, 0.001652, 0.001500, 0.001655, 0.001497, 0.001682, 0.001527, 0.001713, 0.001589, 0.001627, 0.001537, 0.001661, 0.001539, 0.001726, 0.001602, 0.001696, 0.001480, 0.001639, 0.001486, 0.001643, 0.001457, 0.001704, 0.001488, 0.001674, 0.001460, 0.001681, 0.001464, 0.001588, 0.001436, 0.001586, 0.001491, 0.001433, 0.001461, 0.001685, 0.001404, 0.001531
14 , 2, 2, 1, 1, 1, 1, 1
14 , 0.005132, 0.005486, 0.005455, 0.005751, 0.005918, 0.005725, 0.005921
15 , 0.001481, 0.001666, 0.001448, 0.001603, 0.001382, 0.001652, 0.001500, 0.001655, 0.001497, 0.001682, 0.001527, 0.001713, 0.001589, 0.001627, 0.001537, 0.001661, 0.001539, 0.001726, 0.001602, 0.001696, 0.001480, 0.001639, 0.001486, 0.001643, 0.001457, 0.001704, 0.001488, 0.001674, 0.001460, 0.001681, 0.001464, 0.001588, 0.001436, 0.001586, 0.001491, 0.001433, 0.001461, 0.001685, 0.001404, 0.001531, 0.001532, 0.001624, 0.001500, 0.001504, 0.001466, 0.001704, 0.001513, 0.001572, 0.001537, 0.001716, 0.001742, 0.001803, 0.001644, 0.001613, 0.001612, 0.001767, 0.001674, 0.001676, 0.001704, 0.001735, 0.001828, 0.001824, 0.001795, 0.001674, 0.001617, 0.001741, 0.001681, 0.001594, 0.001601, 0.001513, 0.001605, 0.001514, 0.001608, 0.001515, 0.001635, 0.001573, 0.001791, 0.001603, 0.001697, 0.001603, 0.001605, 0.001478, 0.001573, 0.001600, 0.001689, 0.001562, 0.001688, 0.001560, 0.001771, 0.001588, 0.001803, 0.001646
15 , 1, 1, 1, 1, 1, 1, 1
15 , 0.002533, 0.003086, 0.002375, 0.002553, 0.002126, 0.002177, 0.001528
16 , 0.001572, 0.001537, 0.001716, 0.001742, 0.001803, 0.001644, 0.001613, 0.001612, 0.001767, 0.001674, 0.001676, 0.001704, 0.001735, 0.001828, 0.001824, 0.001795, 0.001674, 0.001617, 0.001741, 0.001681, 0.001594, 0.001601, 0.001513, 0.001605, 0.001514, 0.001608, 0.001515, 0.001635, 0.001573, 0.001791, 0.001603, 0.001697, 0.001603, 0.001605, 0.001478, 0.001573, 0.001600, 0.001689, 0.001562, 0.001688, 0.001560, 0.001771, 0.001588, 0.001803, 0.001646, 0.001802, 0.001711, 0.001714, 0.001534, 0.001689, 0.001627, 0.001723, 0.001504, 0.001662, 0.001574, 0.001759, 0.001542, 0.001670, 0.001483, 0.001670, 0.001479, 0.001664, 0.001563, 0.001775, 0.001554, 0.001827, 0.001698, 0.001941, 0.001784, 0.001994, 0.001808, 0.002020, 0.001925, 0.002047, 0.001924, 0.001925, 0.001833, 0.001988, 0.001806, 0.001870, 0.001812, 0.001878, 0.001665, 0.001730, 0.001704, 0.001648, 0.001650, 0.001562, 0.001689, 0.001606, 0.001692, 0.001669
16 , 2, 2, 2, 2, 2, 2, 2
16 , 0.005071, 0.005006, 0.004195, 0.003937, 0.002962, 0.002398, 0.001172
