0 , 0.001483, 0.000748, 0.001926, 0.001780, 0.002051, 0.002024, 0.002064, 0.001862, 0.002101, 0.002189, 0.002068, 0.002165, 0.001909, 0.002172, 0.002091, 0.002034, 0.002037, 0.002111, 0.002169, 0.002125, 0.002192, 0.001960, 0.002162, 0.002047, 0.002226, 0.001426, 0.001073, 0.001379, 0.001547, 0.001336, 0.001547, 0.001450, 0.001481, 0.001419, 0.001412, 0.001347, 0.001467, 0.001404, 0.001465, 0.001462, 0.001616, 0.001338, 0.001400, 0.001394, 0.001489, 0.001426, 0.001578, 0.001579, 0.001575, 0.001369, 0.001901, 0.000093, 0.001601, 0.001770, 0.001794, 0.001797, 0.001694, 0.001916, 0.001837, 0.001928, 0.001821, 0.001809, 0.001864, 0.001915, 0.001896, 0.001810, 0.002115, 0.002030, 0.002042, 0.001920, 0.001877, 0.001987, 0.001955, 0.002009, 0.001818, 0.002064, 0.000219, 0.001785, 0.001653, 0.001603, 0.001442, 0.001534, 0.001527, 0.001556, 0.001401, 0.001620, 0.001433, 0.001525, 0.001431, 0.001581, 0.001487, 0.001520
0 , 1, 1, 1, 1, 1, 1, 1
0 , 0.008087, 0.010312, 0.012580, 0.014176, 0.016353, 0.018792, 0.021091
1 , 0.001601, 0.001770, 0.001794, 0.001797, 0.001694, 0.001916, 0.001837, 0.001928, 0.001821, 0.001809, 0.001864, 0.001915, 0.001896, 0.001810, 0.002115, 0.002030, 0.002042, 0.001920, 0.001877, 0.001987, 0.001955, 0.002009, 0.001818, 0.002064, 0.000219, 0.001785, 0.001653, 0.001603, 0.001442, 0.001534, 0.001527, 0.001556, 0.001401, 0.001620, 0.001433, 0.001525, 0.001431, 0.001581, 0.001487, 0.001520, 0.001482, 0.001668, 0.001509, 0.001607, 0.001420, 0.001612, 0.001624, 0.001094, 0.001220, 0.001648, 0.001497, 0.001679, 0.001703, 0.001822, 0.001767, 0.001685, 0.001952, 0.001834, 0.001910, 0.001743, 0.001907, 0.001913, 0.001934, 0.002025, 0.001746, 0.002034, 0.001952, 0.001873, 0.001785, 0.001858, 0.001928, 0.002127, 0.000179, 0.001768, 0.001593, 0.001675, 0.001487, 0.001635, 0.001606, 0.001605, 0.001716, 0.001621, 0.001588, 0.001739, 0.001613, 0.001733, 0.001699, 0.001758, 0.001665, 0.001728, 0.001724, 0.001754
1 , 1, 1, 1, 1, 1, 1, 1
1 , 0.006600, 0.008208, 0.008987, 0.011767, 0.014178, 0.012701, 0.009922
2 , 0.001497, 0.001679, 0.001703, 0.001822, 0.001767, 0.001685, 0.001952, 0.001834, 0.001910, 0.001743, 0.001907, 0.001913, 0.001934, 0.002025, 0.001746, 0.002034, 0.001952, 0.001873, 0.001785, 0.001858, 0.001928, 0.002127, 0.000179, 0.001768, 0.001593, 0.001675, 0.001487, 0.001635, 0.001606, 0.001605, 0.001716, 0.001621, 0.001588, 0.001739, 0.001613, 0.001733, 0.001699, 0.001758, 0.001665, 0.001728, 0.001724, 0.001754, 0.001690, 0.001753, 0.001662, 0.001815, 0.001786, 0.001759, 0.000572, 0.001309, 0.001612, 0.001588, 0.001718, 0.001587, 0.001775, 0.001818, 0.001876, 0.001961, 0.001758, 0.002080, 0.001861, 0.002043, 0.001879, 0.002024, 0.002213, 0.001999, 0.002039, 0.001959, 0.002136, 0.002027, 0.002086, 0.002172, 0.001394, 0.000969, 0.001688, 0.001548, 0.001558, 0.001334, 0.001459, 0.001297, 0.001573, 0.001380, 0.001658, 0.001321, 0.001597, 0.001406, 0.001531, 0.001254, 0.001441, 0.001286, 0.001499, 0.001375
2 , 1, 1, 1, 1, 1, 1, 1
2 , 0.007340, 0.009625, 0.011185, 0.013016, 0.011169, 0.013272, 0.012598
3 , 0.001588, 0.001718, 0.001587, 0.001775, 0.001818, 0.001876, 0.001961, 0.001758, 0.002080, 0.001861, 0.002043, 0.001879, 0.002024, 0.002213, 0.001999, 0.002039, 0.001959, 0.002136, 0.002027, 0.002086, 0.002172, 0.001394, 0.000969, 0.001688, 0.001548, 0.001558, 0.001334, 0.001459, 0.001297, 0.001573, 0.001380, 0.001658, 0.001321, 0.001597, 0.001406, 0.001531, 0.001254, 0.001441, 0.001286, 0.001499, 0.001375, 0.001534, 0.001397, 0.001478, 0.001575, 0.000143, 0.001642, 0.001794, 0.001631, 0.001770, 0.001861, 0.001912, 0.001997, 0.001863, 0.002052, 0.001931, 0.001958, 0.001892, 0.001934, 0.001979, 0.001891, 0.001967, 0.001706, 0.001948, 0.001848, 0.001882, 0.001803, 0.001659, 0.001834, 0.001787, 0.000848, 0.002006, 0.001686, 0.001659, 0.001597, 0.001565, 0.001565, 0.001507, 0.001509, 0.001478, 0.001722, 0.001538, 0.001510, 0.001511, 0.001599, 0.001572, 0.001480, 0.001476, 0.001571, 0.001538, 0.001503, 0.001411
3 , 1, 1, 1, 1, 1, 1, 1
3 , 0.012215, 0.014796, 0.019617, 0.017793, 0.017038, 0.017216, 0.016859
4 , 0.001631, 0.001770, 0.001861, 0.001912, 0.001997, 0.001863, 0.002052, 0.001931, 0.001958, 0.001892, 0.001934, 0.001979, 0.001891, 0.001967, 0.001706, 0.001948, 0.001848, 0.001882, 0.001803, 0.001659, 0.001834, 0.001787, 0.000848, 0.002006, 0.001686, 0.001659, 0.001597, 0.001565, 0.001565, 0.001507, 0.001509, 0.001478, 0.001722, 0.001538, 0.001510, 0.001511, 0.001599, 0.001572, 0.001480, 0.001476, 0.001571, 0.001538, 0.001503, 0.001411, 0.001528, 0.001591, 0.001644, 0.000977, 0.001361, 0.001551, 0.001785, 0.001694, 0.001788, 0.001649, 0.001867, 0.001867, 0.001964, 0.001870, 0.001679, 0.002025, 0.001861, 0.001961, 0.001822, 0.001995, 0.002053, 0.001849, 0.002037, 0.001816, 0.001955, 0.001961, 0.001767, 0.001989, 0.000434, 0.001474, 0.001736, 0.001670, 0.001615, 0.001429, 0.001615, 0.001401, 0.001589, 0.001376, 0.001472, 0.001348, 0.001514, 0.001267, 0.001607, 0.001387, 0.001392, 0.001208, 0.001486, 0.001271
4 , 1, 1, 1, 1, 1, 1, 1
4 , 0.010512, 0.013335, 0.014615, 0.015370, 0.015941, 0.015157, 0.015205
5 , 0.001785, 0.001694, 0.001788, 0.001649, 0.001867, 0.001867, 0.001964, 0.001870, 0.001679, 0.002025, 0.001861, 0.001961, 0.001822, 0.001995, 0.002053, 0.001849, 0.002037, 0.001816, 0.001955, 0.001961, 0.001767, 0.001989, 0.000434, 0.001474, 0.001736, 0.001670, 0.001615, 0.001429, 0.001615, 0.001401, 0.001589, 0.001376, 0.001472, 0.001348, 0.001514, 0.001267, 0.001607, 0.001387, 0.001392, 0.001208, 0.001486, 0.001271, 0.001518, 0.001172, 0.001309, 0.001243, 0.000648, 0.001731, 0.001709, 0.001748, 0.001727, 0.001979, 0.001818, 0.001971, 0.001746, 0.002109, 0.002018, 0.001943, 0.001845, 0.001788, 0.002073, 0.001906, 0.001939, 0.001778, 0.001979, 0.002028, 0.002004, 0.001998, 0.001852, 0.002022, 0.001925, 0.001970, 0.001131, 0.001194, 0.001724, 0.001709, 0.001622, 0.001557, 0.001613, 0.001641, 0.001575, 0.001538, 0.001537, 0.001624, 0.001620, 0.001528, 0.001676, 0.001676, 0.001675, 0.001796, 0.001770, 0.001711
5 , 1, 1, 1, 1, 1, 1, 1
5 , 0.011359, 0.013596, 0.015558, 0.018825, 0.016735, 0.015178, 0.014095
6 , 0.001748, 0.001727, 0.001979, 0.001818, 0.001971, 0.001746, 0.002109, 0.002018, 0.001943, 0.001845, 0.001788, 0.002073, 0.001906, 0.001939, 0.001778, 0.001979, 0.002028, 0.002004, 0.001998, 0.001852, 0.002022, 0.001925, 0.001970, 0.001131, 0.001194, 0.001724, 0.001709, 0.001622, 0.001557, 0.001613, 0.001641, 0.001575, 0.001538, 0.001537, 0.001624, 0.001620, 0.001528, 0.001676, 0.001676, 0.001675, 0.001796, 0.001770, 0.001711, 0.001651, 0.001653, 0.001660, 0.001573, 0.001520, 0.001527, 0.001476, 0.001425, 0.001374, 0.001266, 0.001309, 0.001220, 0.001287, 0.001284, 0.001257, 0.001230, 0.001287, 0.001220, 0.001246, 0.001238, 0.001356, 0.001347, 0.001524, 0.001362, 0.001570, 0.001383, 0.001627, 0.001436, 0.001493, 0.001551, 0.001647, 0.001493, 0.001494, 0.001431, 0.001646, 0.001494, 0.001652, 0.001436, 0.001531, 0.001405, 0.001591, 0.001312, 0.001440, 0.001437, 0.001501, 0.001381, 0.001511, 0.001478, 0.001511
6 , 2, 2, 2, 2, 2, 2, 2
6 , 0.006808, 0.008608, 0.009144, 0.009924, 0.010367, 0.009258, 0.007708
7 , 0.001425, 0.001374, 0.001266, 0.001309, 0.001220, 0.001287, 0.001284, 0.001257, 0.001230, 0.001287, 0.001220, 0.001246, 0.001238, 0.001356, 0.001347, 0.001524, 0.001362, 0.001570, 0.001383, 0.001627, 0.001436, 0.001493, 0.001551, 0.001647, 0.001493, 0.001494, 0.001431, 0.001646, 0.001494, 0.001652, 0.001436, 0.001531, 0.001405, 0.001591, 0.001312, 0.001440, 0.001437, 0.001501, 0.001381, 0.001511, 0.001478, 0.001511, 0.001238, 0.001458, 0.001334, 0.001402, 0.001271, 0.001488, 0.001390, 0.001545, 0.001357, 0.001600, 0.001344, 0.001530, 0.001369, 0.001547, 0.001482, 0.001539, 0.001500, 0.001681, 0.001432, 0.001796, 0.001672, 0.001822, 0.001613, 0.001765, 0.001672, 0.001677, 0.001432, 0.001711, 0.001465, 0.001683, 0.001496, 0.001655, 0.001592, 0.001686, 0.001561, 0.001782, 0.001536, 0.001660, 0.001534, 0.001567, 0.001565, 0.001631, 0.001506, 0.001693, 0.001509, 0.001543, 0.001390, 0.001548, 0.001454, 0.001550
7 , 0, 0, 0, 0, 3, 3, 3
7 , 0.003859, 0.003477, 0.002967, 0.002618, 0.002491, 0.002013, 0.002174
8 , 0.001271, 0.001488, 0.001390, 0.001545, 0.001357, 0.001600, 0.001344, 0.001530, 0.001369, 0.001547, 0.001482, 0.001539, 0.001500, 0.001681, 0.001432, 0.001796, 0.001672, 0.001822, 0.001613, 0.001765, 0.001672, 0.001677, 0.001432, 0.001711, 0.001465, 0.001683, 0.001496, 0.001655, 0.001592, 0.001686, 0.001561, 0.001782, 0.001536, 0.001660, 0.001534, 0.001567, 0.001565, 0.001631, 0.001506, 0.001693, 0.001509, 0.001543, 0.001390, 0.001548, 0.001454, 0.001550, 0.001456, 0.001552, 0.001429, 0.001525, 0.001493, 0.001523, 0.001521, 0.001584, 0.001487, 0.001702, 0.001519, 0.001671, 0.001480, 0.001509, 0.001535, 0.001594, 0.001594, 0.001712, 0.001622, 0.001685, 0.001505, 0.001625, 0.001618, 0.001588, 0.001495, 0.001586, 0.001618, 0.001679, 0.001683, 0.001563, 0.001565, 0.001477, 0.001485, 0.001549, 0.001583, 0.001552, 0.001616, 0.001372, 0.001488, 0.001484, 0.001541, 0.001566, 0.001653, 0.001587, 0.001767, 0.001579
8 , 0, 3, 0, 0, 0, 2, 1
8 , 0.002125, 0.001454, 0.000994, 0.000543, 0.000613, 0.000174, 0.000215
9 , 0.001456, 0.001552, 0.001429, 0.001525, 0.001493, 0.001523, 0.001521, 0.001584, 0.001487, 0.001702, 0.001519, 0.001671, 0.001480, 0.001509, 0.001535, 0.001594, 0.001594, 0.001712, 0.001622, 0.001685, 0.001505, 0.001625, 0.001618, 0.001588, 0.001495, 0.001586, 0.001618, 0.001679, 0.001683, 0.001563, 0.001565, 0.001477, 0.001485, 0.001549, 0.001583, 0.001552, 0.001616, 0.001372, 0.001488, 0.001484, 0.001541, 0.001566, 0.001653, 0.001587, 0.001767, 0.001579, 0.001731, 0.001635, 0.001699, 0.001669, 0.001759, 0.001695, 0.001726, 0.001696, 0.001910, 0.001664, 0.001876, 0.001690, 0.001933, 0.001718, 0.002023, 0.001807, 0.001991, 0.001806, 0.001930, 0.001808, 0.001901, 0.001902, 0.001935, 0.001632, 0.001940, 0.001694, 0.001879, 0.001696, 0.001794, 0.001489, 0.001741, 0.001620, 0.001748, 0.001538, 0.001604, 0.001332, 0.001553, 0.001431, 0.001499, 0.001375, 0.001500, 0.001402, 0.001530, 0.001438, 0.001471, 0.001318
9 , 3, 3, 3, 3, 3, 3, 3
9 , 0.004355, 0.004964, 0.005201, 0.006062, 0.006082, 0.006688, 0.006919
10 , 0.001726, 0.001696, 0.001910, 0.001664, 0.001876, 0.001690, 0.001933, 0.001718, 0.002023, 0.001807, 0.001991, 0.001806, 0.001930, 0.001808, 0.001901, 0.001902, 0.001935, 0.001632, 0.001940, 0.001694, 0.001879, 0.001696, 0.001794, 0.001489, 0.001741, 0.001620, 0.001748, 0.001538, 0.001604, 0.001332, 0.001553, 0.001431, 0.001499, 0.001375, 0.001500, 0.001402, 0.001530, 0.001438, 0.001471, 0.001318, 0.001589, 0.001528, 0.001601, 0.001565, 0.001566, 0.001380, 0.001508, 0.001418, 0.001510, 0.001386, 0.001505, 0.001470, 0.001499, 0.001436, 0.001555, 0.001554, 0.001492, 0.001486, 0.001512, 0.001573, 0.001570, 0.001479, 0.001571, 0.001602, 0.001567, 0.001536, 0.001594, 0.001565, 0.001565, 0.001591, 0.001586, 0.001648, 0.001615, 0.001707, 0.001582, 0.001732, 0.001698, 0.001881, 0.001789, 0.001821, 0.001701, 0.001732, 0.001609, 0.001735, 0.001493, 0.001677, 0.001648, 0.001651, 0.001468, 0.001653, 0.001500, 0.001656
10 , 2, 2, 2, 2, 2, 2, 2
10 , 0.009461, 0.009703, 0.010021, 0.010203, 0.010331, 0.010102, 0.009791
11 , 0.001505, 0.001470, 0.001499, 0.001436, 0.001555, 0.001554, 0.001492, 0.001486, 0.001512, 0.001573, 0.001570, 0.001479, 0.001571, 0.001602, 0.001567, 0.001536, 0.001594, 0.001565, 0.001565, 0.001591, 0.001586, 0.001648, 0.001615, 0.001707, 0.001582, 0.001732, 0.001698, 0.001881, 0.001789, 0.001821, 0.001701, 0.001732, 0.001609, 0.001735, 0.001493, 0.001677, 0.001648, 0.001651, 0.001468, 0.001653, 0.001500, 0.001656, 0.001564, 0.001720, 0.001531, 0.001597, 0.001445, 0.001572, 0.001539, 0.001634, 0.001510, 0.001699, 0.001458, 0.001641, 0.001428, 0.001620, 0.001407, 0.001440, 0.001464, 0.001529, 0.001403, 0.001615, 0.001487, 0.001674, 0.001455, 0.001552, 0.001518, 0.001646, 0.001493, 0.001557, 0.001429, 0.001615, 0.001370, 0.001612, 0.001548, 0.001615, 0.001521, 0.001646, 0.001517, 0.001581, 0.001459, 0.001491, 0.001366, 0.001553, 0.001458, 0.001641, 0.001613, 0.001637, 0.001544, 0.001516, 0.001607, 0.001606
11 , 0, 0, 0, 0, 0, 0, 0
11 , 0.003416, 0.003244, 0.003270, 0.002998, 0.002637, 0.002607, 0.002530
12 , 0.001445, 0.001572, 0.001539, 0.001634, 0.001510, 0.001699, 0.001458, 0.001641, 0.001428, 0.001620, 0.001407, 0.001440, 0.001464, 0.001529, 0.001403, 0.001615, 0.001487, 0.001674, 0.001455, 0.001552, 0.001518, 0.001646, 0.001493, 0.001557, 0.001429, 0.001615, 0.001370, 0.001612, 0.001548, 0.001615, 0.001521, 0.001646, 0.001517, 0.001581, 0.001459, 0.001491, 0.001366, 0.001553, 0.001458, 0.001641, 0.001613, 0.001637, 0.001544, 0.001516, 0.001607, 0.001606, 0.001451, 0.001575, 0.001543, 0.001633, 0.001722, 0.001595, 0.001596, 0.001684, 0.001685, 0.001501, 0.001742, 0.001706, 0.001710, 0.001678, 0.001681, 0.001589, 0.001651, 0.001744, 0.001747, 0.001626, 0.001691, 0.001566, 0.001750, 0.001597, 0.001717, 0.001687, 0.001784, 0.001628, 0.001722, 0.001626, 0.001778, 0.001534, 0.001748, 0.001559, 0.001711, 0.001557, 0.001744, 0.001647, 0.001738, 0.001643, 0.001734, 0.001582, 0.001890, 0.001639, 0.001796, 0.001671
12 , 2, 0, 0, 2, 2, 2, 0
12 , 0.001058, 0.000643, 0.000952, 0.000618, 0.000576, 0.000161, 0.000527
13 , 0.001451, 0.001575, 0.001543, 0.001633, 0.001722, 0.001595, 0.001596, 0.001684, 0.001685, 0.001501, 0.001742, 0.001706, 0.001710, 0.001678, 0.001681, 0.001589, 0.001651, 0.001744, 0.001747, 0.001626, 0.001691, 0.001566, 0.001750, 0.001597, 0.001717, 0.001687, 0.001784, 0.001628, 0.001722, 0.001626, 0.001778, 0.001534, 0.001748, 0.001559, 0.001711, 0.001557, 0.001744, 0.001647, 0.001738, 0.001643, 0.001734, 0.001582, 0.001890, 0.001639, 0.001796, 0.001671, 0.001793, 0.001611, 0.001825, 0.001607, 0.001795, 0.001643, 0.001738, 0.001735, 0.001857, 0.001706, 0.001769, 0.001615, 0.001739, 0.001586, 0.001802, 0.001617, 0.001739, 0.001619, 0.001719, 0.001480, 0.001577, 0.001512, 0.001609, 0.001394, 0.001462, 0.001521, 0.001646, 0.001495, 0.001465, 0.001495, 0.001493, 0.001526, 0.001493, 0.001550, 0.001518, 0.001581, 0.001606, 0.001544, 0.001667, 0.001599, 0.001625, 0.001625, 0.001623, 0.001713, 0.001587, 0.001800
13 , 3, 3, 3, 3, 3, 3, 3
13 , 0.004075, 0.003843, 0.003268, 0.002866, 0.002095, 0.002003, 0.001401
14 , 0.001793, 0.001611, 0.001825, 0.001607, 0.001795, 0.001643, 0.001738, 0.001735, 0.001857, 0.001706, 0.001769, 0.001615, 0.001739, 0.001586, 0.001802, 0.001617, 0.001739, 0.001619, 0.001719, 0.001480, 0.001577, 0.001512, 0.001609, 0.001394, 0.001462, 0.001521, 0.001646, 0.001495, 0.001465, 0.001495, 0.001493, 0.001526, 0.001493, 0.001550, 0.001518, 0.001581, 0.001606, 0.001544, 0.001667, 0.001599, 0.001625, 0.001625, 0.001623, 0.001713, 0.001587, 0.001800, 0.001766, 0.001764, 0.001701, 0.001852, 0.001731, 0.001823, 0.001669, 0.001823, 0.001607, 0.001731, 0.001485, 0.001762, 0.001669, 0.001790, 0.001793, 0.001827, 0.001705, 0.001740, 0.001647, 0.001773, 0.001561, 0.001719, 0.001716, 0.001686, 0.001502, 0.001659, 0.001658, 0.001748, 0.001471, 0.001781, 0.001655, 0.001658, 0.001471, 0.001687, 0.001441, 0.001599, 0.001536, 0.001689, 0.001503, 0.001658, 0.001560, 0.001806, 0.001710, 0.001860, 0.001614, 0.001795
14 , 1, 1, 1, 1, 1, 1, 1
14 , 0.005930, 0.005646, 0.005161, 0.004191, 0.003823, 0.003243, 0.002468
15 , 0.001766, 0.001764, 0.001701, 0.001852, 0.001731, 0.001823, 0.001669, 0.001823, 0.001607, 0.001731, 0.001485, 0.001762, 0.001669, 0.001790, 0.001793, 0.001827, 0.001705, 0.001740, 0.001647, 0.001773, 0.001561, 0.001719, 0.001716, 0.001686, 0.001502, 0.001659, 0.001658, 0.001748, 0.001471, 0.001781, 0.001655, 0.001658, 0.001471, 0.001687, 0.001441, 0.001599, 0.001536, 0.001689, 0.001503, 0.001658, 0.001560, 0.001806, 0.001710, 0.001860, 0.001614, 0.001795, 0.001583, 0.001672, 0.001667, 0.001912, 0.001758, 0.001853, 0.001669, 0.001792, 0.001731, 0.001795, 0.001673, 0.001766, 0.001703, 0.001706, 0.001586, 0.001620, 0.001562, 0.001657, 0.001541, 0.001483, 0.001457, 0.001463, 0.001560, 0.001567, 0.001418, 0.001425, 0.001402, 0.001313, 0.001309, 0.001366, 0.001463, 0.001400, 0.001459, 0.001489, 0.001549, 0.001488, 0.001334, 0.001393, 0.001395, 0.001326, 0.001509, 0.001411, 0.001593, 0.001561, 0.001527, 0.001435
15 , 1, 1, 1, 1, 1, 1, 1
15 , 0.006763, 0.006927, 0.006477, 0.006349, 0.005904, 0.005462, 0.003866
16 , 0.001672, 0.001667, 0.001912, 0.001758, 0.001853, 0.001669, 0.001792, 0.001731, 0.001795, 0.001673, 0.001766, 0.001703, 0.001706, 0.001586, 0.001620, 0.001562, 0.001657, 0.001541, 0.001483, 0.001457, 0.001463, 0.001560, 0.001567, 0.001418, 0.001425, 0.001402, 0.001313, 0.001309, 0.001366, 0.001463, 0.001400, 0.001459, 0.001489, 0.001549, 0.001488, 0.001334, 0.001393, 0.001395, 0.001326, 0.001509, 0.001411, 0.001593, 0.001561, 0.001527, 0.001435, 0.001616, 0.001519, 0.001703, 0.001484, 0.001606, 0.001416, 0.001751, 0.001596, 0.001752, 0.001538, 0.001724, 0.001569, 0.001721, 0.001533, 0.001628, 0.001566, 0.001695, 0.001450, 0.001637, 0.001483, 0.001699, 0.001394, 0.001556, 0.001520, 0.001643, 0.001428, 0.001614, 0.001362, 0.001578, 0.001578, 0.001641, 0.001490, 0.001582, 0.001457, 0.001733, 0.001482, 0.001697, 0.001538, 0.001658, 0.001413, 0.001659, 0.001685, 0.001743, 0.001650, 0.001651, 0.001527, 0.001683
16 , 1, 1, 1, 2, 2, 2, 2
16 , 0.005880, 0.005700, 0.005358, 0.005132, 0.004986, 0.005143, 0.004483
