0 , 0.001751, 0.001553, 0.001837, 0.001703, 0.001731, 0.001907, 0.001791, 0.002013, 0.001813, 0.001974, 0.001667, 0.001807, 0.001822, 0.001794, 0.001955, 0.001703, 0.001879, 0.001664, 0.001755, 0.001852, 0.001831, 0.001881, 0.001977, 0.000084, 0.001756, 0.001484, 0.001585, 0.001435, 0.001464, 0.001436, 0.001377, 0.001468, 0.001532, 0.001501, 0.001440, 0.001502, 0.001472, 0.001321, 0.001449, 0.001411, 0.001472, 0.001375, 0.001341, 0.001370, 0.001516, 0.001599, 0.001520, 0.000880, 0.001568, 0.001643, 0.001597, 0.001670, 0.001579, 0.001641, 0.001659, 0.001659, 0.001589, 0.001492, 0.001758, 0.001617, 0.001769, 0.001702, 0.001826, 0.001769, 0.001708, 0.001622, 0.001569, 0.001653, 0.001627, 0.001675, 0.001712, 0.000930, 0.001312, 0.001991, 0.001797, 0.001801, 0.001586, 0.001715, 0.001620, 0.001709, 0.001646, 0.001746, 0.001528, 0.001713, 0.001524, 0.001773, 0.001521, 0.001739, 0.001556, 0.001711, 0.001468, 0.001712
0 , 2, 2, 2, 1, 2, 2, 2
0 , 0.006240, 0.006844, 0.008010, 0.008676, 0.010542, 0.008368, 0.007704
1 , 0.001597, 0.001670, 0.001579, 0.001641, 0.001659, 0.001659, 0.001589, 0.001492, 0.001758, 0.001617, 0.001769, 0.001702, 0.001826, 0.001769, 0.001708, 0.001622, 0.001569, 0.001653, 0.001627, 0.001675, 0.001712, 0.000930, 0.001312, 0.001991, 0.001797, 0.001801, 0.001586, 0.001715, 0.001620, 0.001709, 0.001646, 0.001746, 0.001528, 0.001713, 0.001524, 0.001773, 0.001521, 0.001739, 0.001556, 0.001711, 0.001468, 0.001712, 0.001650, 0.001836, 0.001644, 0.001627, 0.001728, 0.000054, 0.001515, 0.001558, 0.001441, 0.001548, 0.001676, 0.001731, 0.001755, 0.001645, 0.002022, 0.001836, 0.001845, 0.001769, 0.001972, 0.001878, 0.001854, 0.002055, 0.001705, 0.001922, 0.001776, 0.001801, 0.001822, 0.001845, 0.001840, 0.001558, 0.001101, 0.002051, 0.001820, 0.001704, 0.001641, 0.001520, 0.001645, 0.001552, 0.001584, 0.001465, 0.001583, 0.001458, 0.001706, 0.001551, 0.001707, 0.001554, 0.001617, 0.001618, 0.001619, 0.001587
1 , 3, 1, 1, 3, 1, 1, 1
1 , 0.001548, 0.001863, 0.002536, 0.003194, 0.003783, 0.003831, 0.004950
2 , 0.001676, 0.001731, 0.001755, 0.001645, 0.002022, 0.001836, 0.001845, 0.001769, 0.001972, 0.001878, 0.001854, 0.002055, 0.001705, 0.001922, 0.001776, 0.001801, 0.001822, 0.001845, 0.001840, 0.001558, 0.001101, 0.002051, 0.001820, 0.001704, 0.001641, 0.001520, 0.001645, 0.001552, 0.001584, 0.001465, 0.001583, 0.001458, 0.001706, 0.001551, 0.001707, 0.001554, 0.001617, 0.001618, 0.001619, 0.001587, 0.001644, 0.001438, 0.001882, 0.000825, 0.001330, 0.001494, 0.001673, 0.001582, 0.001721, 0.001479, 0.001836, 0.001812, 0.001745, 0.001677, 0.001589, 0.001792, 0.001631, 0.001720, 0.001535, 0.001623, 0.001692, 0.001513, 0.001521, 0.001482, 0.001620, 0.001311, 0.001408, 0.001446, 0.001349, 0.001786, 0.000015, 0.002153, 0.002096, 0.002035, 0.001913, 0.001824, 0.001641, 0.001766, 0.001674, 0.001710, 0.001621, 0.001749, 0.001572, 0.001701, 0.001488, 0.001621, 0.001435, 0.001563, 0.001352, 0.001542, 0.001358, 0.001577
2 , 2, 2, 2, 2, 2, 2, 2
2 , 0.005496, 0.005899, 0.004445, 0.008545, 0.007753, 0.006917, 0.005745
3 , 0.001479, 0.001836, 0.001812, 0.001745, 0.001677, 0.001589, 0.001792, 0.001631, 0.001720, 0.001535, 0.001623, 0.001692, 0.001513, 0.001521, 0.001482, 0.001620, 0.001311, 0.001408, 0.001446, 0.001349, 0.001786, 0.000015, 0.002153, 0.002096, 0.002035, 0.001913, 0.001824, 0.001641, 0.001766, 0.001674, 0.001710, 0.001621, 0.001749, 0.001572, 0.001701, 0.001488, 0.001621, 0.001435, 0.001563, 0.001352, 0.001542, 0.001358, 0.001577, 0.001550, 0.001678, 0.001370, 0.001441, 0.000877, 0.001681, 0.001620, 0.001766, 0.001639, 0.001755, 0.001533, 0.001879, 0.001822, 0.001758, 0.001718, 0.001635, 0.001868, 0.001589, 0.001727, 0.001630, 0.001783, 0.001849, 0.001803, 0.001681, 0.001466, 0.001808, 0.001610, 0.001935, 0.000869, 0.001425, 0.001877, 0.001930, 0.001784, 0.001664, 0.001696, 0.001635, 0.001792, 0.001672, 0.001523, 0.001495, 0.001502, 0.001471, 0.001567, 0.001660, 0.001626, 0.001537, 0.001628, 0.001625, 0.001595
3 , 1, 3, 1, 3, 3, 3, 1
3 , 0.000810, 0.001418, 0.001311, 0.004988, 0.002342, 0.001362, 0.001704
4 , 0.001620, 0.001766, 0.001639, 0.001755, 0.001533, 0.001879, 0.001822, 0.001758, 0.001718, 0.001635, 0.001868, 0.001589, 0.001727, 0.001630, 0.001783, 0.001849, 0.001803, 0.001681, 0.001466, 0.001808, 0.001610, 0.001935, 0.000869, 0.001425, 0.001877, 0.001930, 0.001784, 0.001664, 0.001696, 0.001635, 0.001792, 0.001672, 0.001523, 0.001495, 0.001502, 0.001471, 0.001567, 0.001660, 0.001626, 0.001537, 0.001628, 0.001625, 0.001595, 0.001556, 0.001475, 0.001703, 0.000094, 0.001438, 0.001479, 0.001694, 0.001500, 0.001740, 0.001727, 0.001679, 0.001690, 0.001572, 0.001811, 0.001611, 0.001805, 0.001583, 0.001581, 0.001799, 0.001685, 0.001715, 0.001557, 0.001793, 0.001854, 0.001709, 0.001628, 0.001506, 0.001881, 0.000638, 0.002014, 0.001762, 0.001832, 0.001674, 0.001769, 0.001612, 0.001703, 0.001491, 0.001769, 0.001586, 0.001590, 0.001403, 0.001652, 0.001617, 0.001683, 0.001440, 0.001685, 0.001589, 0.001744, 0.001466
4 , 2, 2, 2, 1, 2, 1, 1
4 , 0.001415, 0.001923, 0.002997, 0.005790, 0.003476, 0.003169, 0.003746
5 , 0.001694, 0.001500, 0.001740, 0.001727, 0.001679, 0.001690, 0.001572, 0.001811, 0.001611, 0.001805, 0.001583, 0.001581, 0.001799, 0.001685, 0.001715, 0.001557, 0.001793, 0.001854, 0.001709, 0.001628, 0.001506, 0.001881, 0.000638, 0.002014, 0.001762, 0.001832, 0.001674, 0.001769, 0.001612, 0.001703, 0.001491, 0.001769, 0.001586, 0.001590, 0.001403, 0.001652, 0.001617, 0.001683, 0.001440, 0.001685, 0.001589, 0.001744, 0.001466, 0.001745, 0.001551, 0.001675, 0.001628, 0.001253, 0.001147, 0.001618, 0.001478, 0.001738, 0.001666, 0.001802, 0.001492, 0.001634, 0.001689, 0.001634, 0.001548, 0.001565, 0.001764, 0.001722, 0.001858, 0.001551, 0.001698, 0.001855, 0.001714, 0.001825, 0.001596, 0.001893, 0.001685, 0.001912, 0.000073, 0.001781, 0.001703, 0.001825, 0.001615, 0.001703, 0.001705, 0.001581, 0.001613, 0.001519, 0.001642, 0.001582, 0.001613, 0.001555, 0.001648, 0.001523, 0.001586, 0.001619, 0.001617, 0.001522
5 , 3, 1, 1, 1, 3, 2, 1
5 , 0.001451, 0.002021, 0.002414, 0.003289, 0.002620, 0.001460, 0.001647
6 , 0.001618, 0.001478, 0.001738, 0.001666, 0.001802, 0.001492, 0.001634, 0.001689, 0.001634, 0.001548, 0.001565, 0.001764, 0.001722, 0.001858, 0.001551, 0.001698, 0.001855, 0.001714, 0.001825, 0.001596, 0.001893, 0.001685, 0.001912, 0.000073, 0.001781, 0.001703, 0.001825, 0.001615, 0.001703, 0.001705, 0.001581, 0.001613, 0.001519, 0.001642, 0.001582, 0.001613, 0.001555, 0.001648, 0.001523, 0.001586, 0.001619, 0.001617, 0.001522, 0.001641, 0.001698, 0.001695, 0.001574, 0.000378, 0.001457, 0.001488, 0.001407, 0.001510, 0.001562, 0.001670, 0.001604, 0.001673, 0.001540, 0.001800, 0.001745, 0.001618, 0.001650, 0.001617, 0.001880, 0.001669, 0.001727, 0.001648, 0.001718, 0.001772, 0.001648, 0.001686, 0.001715, 0.001278, 0.001248, 0.001924, 0.001669, 0.001709, 0.001612, 0.001768, 0.001584, 0.001738, 0.001491, 0.001770, 0.001584, 0.001741, 0.001523, 0.001675, 0.001521, 0.001770, 0.001433, 0.001683, 0.001502, 0.001656
6 , 2, 2, 2, 2, 1, 2, 1
6 , 0.001755, 0.001706, 0.002368, 0.002815, 0.004223, 0.001923, 0.001949
7 , 0.001407, 0.001510, 0.001562, 0.001670, 0.001604, 0.001673, 0.001540, 0.001800, 0.001745, 0.001618, 0.001650, 0.001617, 0.001880, 0.001669, 0.001727, 0.001648, 0.001718, 0.001772, 0.001648, 0.001686, 0.001715, 0.001278, 0.001248, 0.001924, 0.001669, 0.001709, 0.001612, 0.001768, 0.001584, 0.001738, 0.001491, 0.001770, 0.001584, 0.001741, 0.001523, 0.001675, 0.001521, 0.001770, 0.001433, 0.001683, 0.001502, 0.001656, 0.001562, 0.001723, 0.001498, 0.001607, 0.001609, 0.000332, 0.001512, 0.001575, 0.001500, 0.001785, 0.001802, 0.001879, 0.001681, 0.001767, 0.001916, 0.001767, 0.001667, 0.001512, 0.001879, 0.001787, 0.001760, 0.001757, 0.001638, 0.001863, 0.001776, 0.001802, 0.001636, 0.001787, 0.001764, 0.001688, 0.000738, 0.001841, 0.001740, 0.001746, 0.001651, 0.001345, 0.001714, 0.001558, 0.001652, 0.001469, 0.001561, 0.001595, 0.001589, 0.001437, 0.001567, 0.001350, 0.001629, 0.001472, 0.001567, 0.001472
7 , 3, 1, 1, 1, 1, 1, 1
7 , 0.002754, 0.002624, 0.003391, 0.003296, 0.005449, 0.004768, 0.005281
8 , 0.001500, 0.001785, 0.001802, 0.001879, 0.001681, 0.001767, 0.001916, 0.001767, 0.001667, 0.001512, 0.001879, 0.001787, 0.001760, 0.001757, 0.001638, 0.001863, 0.001776, 0.001802, 0.001636, 0.001787, 0.001764, 0.001688, 0.000738, 0.001841, 0.001740, 0.001746, 0.001651, 0.001345, 0.001714, 0.001558, 0.001652, 0.001469, 0.001561, 0.001595, 0.001589, 0.001437, 0.001567, 0.001350, 0.001629, 0.001472, 0.001567, 0.001472, 0.001650, 0.001472, 0.001794, 0.001160, 0.001123, 0.001506, 0.001651, 0.001484, 0.001634, 0.001507, 0.001665, 0.001593, 0.001626, 0.001535, 0.001632, 0.001701, 0.001565, 0.001745, 0.001565, 0.001893, 0.001715, 0.001763, 0.001760, 0.001715, 0.001975, 0.001677, 0.001764, 0.001844, 0.000431, 0.001662, 0.001950, 0.001792, 0.001768, 0.001702, 0.001829, 0.001577, 0.001674, 0.001400, 0.001707, 0.001518, 0.001767, 0.001523, 0.001646, 0.001615, 0.001741, 0.001429, 0.001616, 0.001580, 0.001829, 0.001646
8 , 1, 1, 1, 2, 2, 2, 1
8 , 0.002567, 0.004170, 0.005724, 0.006251, 0.004581, 0.004100, 0.004660
9 , 0.001484, 0.001634, 0.001507, 0.001665, 0.001593, 0.001626, 0.001535, 0.001632, 0.001701, 0.001565, 0.001745, 0.001565, 0.001893, 0.001715, 0.001763, 0.001760, 0.001715, 0.001975, 0.001677, 0.001764, 0.001844, 0.000431, 0.001662, 0.001950, 0.001792, 0.001768, 0.001702, 0.001829, 0.001577, 0.001674, 0.001400, 0.001707, 0.001518, 0.001767, 0.001523, 0.001646, 0.001615, 0.001741, 0.001429, 0.001616, 0.001580, 0.001829, 0.001646, 0.001680, 0.001522, 0.001710, 0.001492, 0.000508, 0.001593, 0.001605, 0.001369, 0.001628, 0.001625, 0.001595, 0.001592, 0.001550, 0.001838, 0.001582, 0.001794, 0.001589, 0.001628, 0.001725, 0.001531, 0.001553, 0.001581, 0.001780, 0.001815, 0.001782, 0.001740, 0.001667, 0.001925, 0.001334, 0.001505, 0.001966, 0.001892, 0.001563, 0.001652, 0.001500, 0.001681, 0.001646, 0.001708, 0.001428, 0.001760, 0.001603, 0.001696, 0.001601, 0.001751, 0.001626, 0.001779, 0.001533, 0.001689, 0.001653
9 , 2, 2, 2, 0, 2, 2, 2
9 , 0.002166, 0.002624, 0.003162, 0.001556, 0.001213, 0.002065, 0.002067
10 , 0.001593, 0.001605, 0.001369, 0.001628, 0.001625, 0.001595, 0.001592, 0.001550, 0.001838, 0.001582, 0.001794, 0.001589, 0.001628, 0.001725, 0.001531, 0.001553, 0.001581, 0.001780, 0.001815, 0.001782, 0.001740, 0.001667, 0.001925, 0.001334, 0.001505, 0.001966, 0.001892, 0.001563, 0.001652, 0.001500, 0.001681, 0.001646, 0.001708, 0.001428, 0.001760, 0.001603, 0.001696, 0.001601, 0.001751, 0.001626, 0.001779, 0.001533, 0.001689, 0.001653, 0.001862, 0.001597, 0.001858, 0.000330, 0.001460, 0.001336, 0.001614, 0.001434, 0.001690, 0.001633, 0.001861, 0.001849, 0.001801, 0.001691, 0.001640, 0.001949, 0.001776, 0.001873, 0.001700, 0.001891, 0.001994, 0.001826, 0.001781, 0.001702, 0.002021, 0.001882, 0.001887, 0.001888, 0.001862, 0.002100, 0.000229, 0.001792, 0.001624, 0.001746, 0.001561, 0.001682, 0.001525, 0.001714, 0.001499, 0.001538, 0.001469, 0.001472, 0.001349, 0.001595, 0.001375, 0.001592, 0.001434, 0.001529
10 , 3, 3, 3, 3, 1, 1, 1
10 , 0.003576, 0.004173, 0.004515, 0.003935, 0.006461, 0.006655, 0.008312
11 , 0.001690, 0.001633, 0.001861, 0.001849, 0.001801, 0.001691, 0.001640, 0.001949, 0.001776, 0.001873, 0.001700, 0.001891, 0.001994, 0.001826, 0.001781, 0.001702, 0.002021, 0.001882, 0.001887, 0.001888, 0.001862, 0.002100, 0.000229, 0.001792, 0.001624, 0.001746, 0.001561, 0.001682, 0.001525, 0.001714, 0.001499, 0.001538, 0.001469, 0.001472, 0.001349, 0.001595, 0.001375, 0.001592, 0.001434, 0.001529, 0.001313, 0.001672, 0.001513, 0.001726, 0.001656, 0.001869, 0.001562, 0.001776, 0.001710, 0.001801, 0.001671, 0.001916, 0.001697, 0.001847, 0.001693, 0.001906, 0.001752, 0.001935, 0.001811, 0.002086, 0.001810, 0.001963, 0.001871, 0.002117, 0.001751, 0.001905, 0.001754, 0.001788, 0.001669, 0.001736, 0.001586, 0.001746, 0.001594, 0.001691, 0.001540, 0.001728, 0.001492, 0.001565, 0.001447, 0.001671, 0.001309, 0.001470, 0.001322, 0.001511, 0.001297, 0.001479, 0.001444, 0.001562, 0.001340, 0.001462, 0.001393, 0.001606
11 , 1, 1, 1, 1, 1, 1, 1
11 , 0.011478, 0.012483, 0.012935, 0.014141, 0.011308, 0.011391, 0.011110
12 , 0.001801, 0.001671, 0.001916, 0.001697, 0.001847, 0.001693, 0.001906, 0.001752, 0.001935, 0.001811, 0.002086, 0.001810, 0.001963, 0.001871, 0.002117, 0.001751, 0.001905, 0.001754, 0.001788, 0.001669, 0.001736, 0.001586, 0.001746, 0.001594, 0.001691, 0.001540, 0.001728, 0.001492, 0.001565, 0.001447, 0.001671, 0.001309, 0.001470, 0.001322, 0.001511, 0.001297, 0.001479, 0.001444, 0.001562, 0.001340, 0.001462, 0.001393, 0.001606, 0.001541, 0.001636, 0.001446, 0.001536, 0.001473, 0.001594, 0.001496, 0.001528, 0.001495, 0.001587, 0.001525, 0.001679, 0.001487, 0.001613, 0.001548, 0.001578, 0.001546, 0.001665, 0.001476, 0.001658, 0.001593, 0.001805, 0.001743, 0.001802, 0.001710, 0.001777, 0.001716, 0.001656, 0.001658, 0.001689, 0.001630, 0.001541, 0.001514, 0.001636, 0.001759, 0.001702, 0.001613, 0.001674, 0.001610, 0.001520, 0.001700, 0.001545, 0.001670, 0.001670, 0.001608, 0.001640, 0.001762, 0.001735, 0.001679
12 , 2, 2, 2, 2, 2, 2, 2
12 , 0.008094, 0.008079, 0.008077, 0.007906, 0.007930, 0.007715, 0.007508
13 , 0.001536, 0.001473, 0.001594, 0.001496, 0.001528, 0.001495, 0.001587, 0.001525, 0.001679, 0.001487, 0.001613, 0.001548, 0.001578, 0.001546, 0.001665, 0.001476, 0.001658, 0.001593, 0.001805, 0.001743, 0.001802, 0.001710, 0.001777, 0.001716, 0.001656, 0.001658, 0.001689, 0.001630, 0.001541, 0.001514, 0.001636, 0.001759, 0.001702, 0.001613, 0.001674, 0.001610, 0.001520, 0.001700, 0.001545, 0.001670, 0.001670, 0.001608, 0.001640, 0.001762, 0.001735, 0.001679, 0.001649, 0.001647, 0.001587, 0.001620, 0.001501, 0.001530, 0.001526, 0.001587, 0.001500, 0.001712, 0.001587, 0.001685, 0.001619, 0.001622, 0.001494, 0.001740, 0.001645, 0.001704, 0.001577, 0.001760, 0.001636, 0.001760, 0.001670, 0.001703, 0.001641, 0.001702, 0.001580, 0.001676, 0.001607, 0.001793, 0.001548, 0.001700, 0.001607, 0.001731, 0.001664, 0.001818, 0.001605, 0.001850, 0.001662, 0.001816, 0.001661, 0.001844, 0.001597, 0.001754, 0.001690, 0.001728
13 , 0, 0, 0, 0, 0, 0, 0
13 , 0.003416, 0.003355, 0.003029, 0.002800, 0.002279, 0.002070, 0.001764
14 , 0.001649, 0.001647, 0.001587, 0.001620, 0.001501, 0.001530, 0.001526, 0.001587, 0.001500, 0.001712, 0.001587, 0.001685, 0.001619, 0.001622, 0.001494, 0.001740, 0.001645, 0.001704, 0.001577, 0.001760, 0.001636, 0.001760, 0.001670, 0.001703, 0.001641, 0.001702, 0.001580, 0.001676, 0.001607, 0.001793, 0.001548, 0.001700, 0.001607, 0.001731, 0.001664, 0.001818, 0.001605, 0.001850, 0.001662, 0.001816, 0.001661, 0.001844, 0.001597, 0.001754, 0.001690, 0.001728, 0.001606, 0.001737, 0.001523, 0.001655, 0.001472, 0.001660, 0.001450, 0.001604, 0.001389, 0.001547, 0.001479, 0.001665, 0.001445, 0.001597, 0.001471, 0.001719, 0.001562, 0.001591, 0.001551, 0.001702, 0.001572, 0.001750, 0.001655, 0.001805, 0.001829, 0.001857, 0.001823, 0.001972, 0.001755, 0.001879, 0.001756, 0.001879, 0.001847, 0.001880, 0.001912, 0.001792, 0.001793, 0.001858, 0.001738, 0.001953, 0.001862, 0.001748, 0.001686, 0.001717, 0.001567, 0.001511
14 , 0, 0, 0, 0, 0, 0, 0
14 , 0.006794, 0.006822, 0.006699, 0.005922, 0.005569, 0.004882, 0.004222
15 , 0.001737, 0.001523, 0.001655, 0.001472, 0.001660, 0.001450, 0.001604, 0.001389, 0.001547, 0.001479, 0.001665, 0.001445, 0.001597, 0.001471, 0.001719, 0.001562, 0.001591, 0.001551, 0.001702, 0.001572, 0.001750, 0.001655, 0.001805, 0.001829, 0.001857, 0.001823, 0.001972, 0.001755, 0.001879, 0.001756, 0.001879, 0.001847, 0.001880, 0.001912, 0.001792, 0.001793, 0.001858, 0.001738, 0.001953, 0.001862, 0.001748, 0.001686, 0.001717, 0.001567, 0.001511, 0.001577, 0.001670, 0.001670, 0.001671, 0.001643, 0.001495, 0.001619, 0.001588, 0.001591, 0.001595, 0.001630, 0.001625, 0.001655, 0.001500, 0.001528, 0.001529, 0.001560, 0.001405, 0.001594, 0.001500, 0.001529, 0.001430, 0.001644, 0.001517, 0.001760, 0.001512, 0.001784, 0.001565, 0.001598, 0.001535, 0.001752, 0.001750, 0.001752, 0.001689, 0.001750, 0.001506, 0.001724, 0.001511, 0.001699, 0.001603, 0.001665, 0.001485, 0.001703, 0.001577, 0.001705, 0.001576, 0.001638
15 , 0, 0, 0, 0, 0, 0, 0
15 , 0.006719, 0.006958, 0.006398, 0.006646, 0.005998, 0.005829, 0.005459
16 , 0.001670, 0.001671, 0.001643, 0.001495, 0.001619, 0.001588, 0.001591, 0.001595, 0.001630, 0.001625, 0.001655, 0.001500, 0.001528, 0.001529, 0.001560, 0.001405, 0.001594, 0.001500, 0.001529, 0.001430, 0.001644, 0.001517, 0.001760, 0.001512, 0.001784, 0.001565, 0.001598, 0.001535, 0.001752, 0.001750, 0.001752, 0.001689, 0.001750, 0.001506, 0.001724, 0.001511, 0.001699, 0.001603, 0.001665, 0.001485, 0.001703, 0.001577, 0.001705, 0.001576, 0.001638, 0.001452, 0.001753, 0.001599, 0.001755, 0.001538, 0.001871, 0.001747, 0.001961, 0.001714, 0.001835, 0.001710, 0.001893, 0.001704, 0.001859, 0.001643, 0.001919, 0.001703, 0.001887, 0.001766, 0.001832, 0.001711, 0.001777, 0.001656, 0.001717, 0.001748, 0.001664, 0.001546, 0.001551, 0.001489, 0.001618, 0.001496, 0.001594, 0.001594, 0.001564, 0.001476, 0.001512, 0.001453, 0.001578, 0.001455, 0.001363, 0.001391, 0.001394, 0.001396, 0.001425, 0.001487, 0.001459, 0.001516
16 , 3, 3, 3, 3, 3, 3, 3
16 , 0.006299, 0.006897, 0.007224, 0.007671, 0.007338, 0.007484, 0.007062
