0 , 0.000871, 0.000569, 0.000671, 0.000628, 0.000850, 0.000765, 0.000990, 0.000733, 0.000897, 0.000659, 0.000817, 0.000678, 0.000958, 0.000893, 0.001052, 0.000884, 0.001075, 0.001006, 0.001096, 0.001062, 0.001166, 0.001018, 0.001095, 0.000595, 0.001151, 0.001310, 0.001555, 0.001489, 0.001655, 0.001629, 0.001771, 0.001860, 0.001837, 0.001913, 0.001671, 0.002079, 0.002049, 0.001796, 0.002018, 0.001831, 0.002113, 0.002033, 0.001921, 0.002152, 0.002105, 0.002309, 0.002043, 0.002489, 0.001132, 0.000512, 0.000706, 0.000686, 0.000680, 0.000615, 0.000706, 0.000596, 0.000536, 0.000561, 0.000668, 0.000777, 0.000577, 0.000684, 0.000604, 0.000762, 0.000644, 0.000709, 0.000647, 0.000814, 0.000679, 0.000834, 0.000600, 0.000772, 0.001116, 0.001570, 0.001778, 0.001764, 0.001685, 0.001834, 0.001791, 0.001983, 0.001807, 0.001999, 0.001854, 0.001870, 0.002112, 0.001910, 0.002038, 0.002007, 0.001904, 0.002074, 0.001987, 0.002168
0 , 0, 0, 0, 0, 0, 0, 0
0 , 0.032939, 0.037964, 0.040799, 0.044448, 0.048336, 0.049847, 0.048158
1 , 0.000686, 0.000680, 0.000615, 0.000706, 0.000596, 0.000536, 0.000561, 0.000668, 0.000777, 0.000577, 0.000684, 0.000604, 0.000762, 0.000644, 0.000709, 0.000647, 0.000814, 0.000679, 0.000834, 0.000600, 0.000772, 0.001116, 0.001570, 0.001778, 0.001764, 0.001685, 0.001834, 0.001791, 0.001983, 0.001807, 0.001999, 0.001854, 0.001870, 0.002112, 0.001910, 0.002038, 0.002007, 0.001904, 0.002074, 0.001987, 0.002168, 0.001772, 0.002099, 0.002058, 0.002218, 0.001831, 0.000420, 0.000756, 0.000825, 0.000598, 0.000644, 0.000586, 0.000776, 0.000526, 0.000660, 0.000628, 0.000843, 0.000512, 0.000819, 0.000644, 0.000899, 0.000626, 0.000868, 0.000742, 0.000946, 0.000678, 0.000837, 0.000548, 0.000962, 0.000639, 0.001044, 0.000270, 0.001584, 0.001572, 0.001741, 0.001625, 0.001702, 0.001691, 0.002046, 0.001956, 0.001950, 0.001973, 0.001823, 0.002065, 0.001992, 0.002064, 0.001961, 0.001982, 0.002263, 0.001978, 0.001996, 0.002028
1 , 0, 0, 0, 0, 0, 0, 0
1 , 0.044903, 0.049323, 0.052673, 0.051928, 0.052578, 0.050621, 0.047928
2 , 0.000825, 0.000598, 0.000644, 0.000586, 0.000776, 0.000526, 0.000660, 0.000628, 0.000843, 0.000512, 0.000819, 0.000644, 0.000899, 0.000626, 0.000868, 0.000742, 0.000946, 0.000678, 0.000837, 0.000548, 0.000962, 0.000639, 0.001044, 0.000270, 0.001584, 0.001572, 0.001741, 0.001625, 0.001702, 0.001691, 0.002046, 0.001956, 0.001950, 0.001973, 0.001823, 0.002065, 0.001992, 0.002064, 0.001961, 0.001982, 0.002263, 0.001978, 0.001996, 0.002028, 0.002133, 0.002435, 0.002170, 0.002510, 0.000325, 0.000560, 0.000610, 0.000528, 0.000634, 0.000429, 0.000654, 0.000318, 0.000549, 0.000493, 0.000563, 0.000344, 0.000520, 0.000449, 0.000725, 0.000563, 0.000653, 0.000638, 0.000752, 0.000671, 0.000846, 0.000657, 0.000824, 0.000350, 0.001499, 0.001526, 0.001761, 0.001721, 0.001870, 0.001731, 0.001771, 0.001989, 0.001972, 0.002187, 0.002069, 0.002255, 0.002129, 0.002220, 0.002373, 0.002147, 0.002449, 0.002252, 0.002171, 0.002274
2 , 0, 0, 0, 0, 0, 0, 0
2 , 0.040914, 0.046473, 0.050697, 0.055143, 0.060262, 0.060365, 0.058111
3 , 0.000528, 0.000634, 0.000429, 0.000654, 0.000318, 0.000549, 0.000493, 0.000563, 0.000344, 0.000520, 0.000449, 0.000725, 0.000563, 0.000653, 0.000638, 0.000752, 0.000671, 0.000846, 0.000657, 0.000824, 0.000350, 0.001499, 0.001526, 0.001761, 0.001721, 0.001870, 0.001731, 0.001771, 0.001989, 0.001972, 0.002187, 0.002069, 0.002255, 0.002129, 0.002220, 0.002373, 0.002147, 0.002449, 0.002252, 0.002171, 0.002274, 0.002063, 0.002393, 0.002203, 0.002267, 0.002234, 0.002483, 0.001574, 0.000546, 0.000737, 0.000769, 0.000565, 0.000711, 0.000655, 0.000502, 0.000691, 0.000565, 0.000677, 0.000606, 0.000792, 0.000605, 0.000872, 0.000605, 0.000851, 0.000582, 0.000798, 0.000561, 0.000863, 0.000629, 0.000854, 0.000668, 0.000851, 0.000615, 0.000995, 0.001847, 0.001941, 0.001948, 0.001941, 0.002156, 0.002152, 0.002257, 0.002229, 0.002222, 0.002487, 0.002358, 0.002470, 0.002367, 0.002321, 0.002430, 0.002334, 0.002302, 0.002172
3 , 0, 0, 0, 0, 0, 0, 0
3 , 0.051345, 0.055632, 0.060552, 0.063964, 0.065051, 0.064373, 0.063072
4 , 0.000769, 0.000565, 0.000711, 0.000655, 0.000502, 0.000691, 0.000565, 0.000677, 0.000606, 0.000792, 0.000605, 0.000872, 0.000605, 0.000851, 0.000582, 0.000798, 0.000561, 0.000863, 0.000629, 0.000854, 0.000668, 0.000851, 0.000615, 0.000995, 0.001847, 0.001941, 0.001948, 0.001941, 0.002156, 0.002152, 0.002257, 0.002229, 0.002222, 0.002487, 0.002358, 0.002470, 0.002367, 0.002321, 0.002430, 0.002334, 0.002302, 0.002172, 0.002163, 0.002346, 0.002227, 0.002233, 0.002056, 0.002133, 0.000159, 0.001130, 0.000963, 0.000989, 0.000746, 0.000837, 0.000595, 0.000932, 0.000776, 0.000867, 0.000785, 0.000880, 0.000703, 0.000863, 0.000677, 0.000901, 0.000668, 0.000815, 0.000884, 0.000854, 0.000776, 0.000731, 0.000780, 0.000343, 0.001580, 0.001814, 0.002046, 0.001790, 0.001796, 0.001979, 0.001961, 0.002134, 0.001819, 0.002151, 0.002094, 0.002126, 0.002113, 0.001900, 0.002353, 0.002232, 0.002286, 0.002169, 0.002167, 0.002507
4 , 0, 0, 0, 0, 0, 0, 0
4 , 0.044804, 0.049740, 0.054121, 0.058214, 0.063562, 0.061663, 0.059523
5 , 0.000963, 0.000989, 0.000746, 0.000837, 0.000595, 0.000932, 0.000776, 0.000867, 0.000785, 0.000880, 0.000703, 0.000863, 0.000677, 0.000901, 0.000668, 0.000815, 0.000884, 0.000854, 0.000776, 0.000731, 0.000780, 0.000343, 0.001580, 0.001814, 0.002046, 0.001790, 0.001796, 0.001979, 0.001961, 0.002134, 0.001819, 0.002151, 0.002094, 0.002126, 0.002113, 0.001900, 0.002353, 0.002232, 0.002286, 0.002169, 0.002167, 0.002507, 0.002229, 0.002367, 0.002212, 0.002662, 0.000996, 0.000712, 0.000557, 0.000587, 0.000392, 0.000593, 0.000453, 0.000433, 0.000519, 0.000464, 0.000484, 0.000450, 0.000541, 0.000547, 0.000568, 0.000477, 0.000612, 0.000563, 0.000707, 0.000503, 0.000598, 0.000433, 0.000690, 0.000447, 0.000785, 0.000101, 0.001330, 0.001916, 0.001829, 0.001859, 0.001708, 0.001952, 0.001918, 0.002025, 0.001948, 0.002014, 0.002247, 0.002110, 0.002183, 0.002010, 0.002079, 0.002218, 0.001983, 0.002198, 0.002060, 0.002246
5 , 0, 0, 0, 0, 0, 0, 0
5 , 0.046826, 0.052737, 0.057826, 0.060936, 0.062149, 0.060183, 0.056349
6 , 0.000392, 0.000593, 0.000453, 0.000433, 0.000519, 0.000464, 0.000484, 0.000450, 0.000541, 0.000547, 0.000568, 0.000477, 0.000612, 0.000563, 0.000707, 0.000503, 0.000598, 0.000433, 0.000690, 0.000447, 0.000785, 0.000101, 0.001330, 0.001916, 0.001829, 0.001859, 0.001708, 0.001952, 0.001918, 0.002025, 0.001948, 0.002014, 0.002247, 0.002110, 0.002183, 0.002010, 0.002079, 0.002218, 0.001983, 0.002198, 0.002060, 0.002246, 0.002188, 0.002218, 0.002171, 0.002344, 0.001636, 0.000507, 0.000837, 0.000723, 0.000658, 0.000567, 0.000714, 0.000540, 0.000721, 0.000447, 0.000776, 0.000431, 0.000656, 0.000452, 0.000686, 0.000533, 0.000630, 0.000500, 0.000674, 0.000584, 0.000667, 0.000400, 0.000577, 0.000339, 0.001105, 0.001995, 0.002059, 0.002145, 0.001968, 0.002234, 0.002410, 0.002234, 0.002338, 0.002132, 0.002381, 0.002217, 0.002224, 0.002096, 0.002117, 0.002282, 0.002143, 0.002307, 0.002209, 0.002074, 0.002195, 0.002184
6 , 0, 0, 0, 0, 0, 0, 0
6 , 0.056345, 0.061426, 0.066616, 0.070247, 0.067228, 0.063588, 0.059582
7 , 0.000723, 0.000658, 0.000567, 0.000714, 0.000540, 0.000721, 0.000447, 0.000776, 0.000431, 0.000656, 0.000452, 0.000686, 0.000533, 0.000630, 0.000500, 0.000674, 0.000584, 0.000667, 0.000400, 0.000577, 0.000339, 0.001105, 0.001995, 0.002059, 0.002145, 0.001968, 0.002234, 0.002410, 0.002234, 0.002338, 0.002132, 0.002381, 0.002217, 0.002224, 0.002096, 0.002117, 0.002282, 0.002143, 0.002307, 0.002209, 0.002074, 0.002195, 0.002184, 0.002227, 0.002042, 0.002042, 0.000263, 0.001074, 0.000868, 0.000985, 0.000639, 0.000816, 0.000686, 0.000773, 0.000643, 0.000838, 0.000493, 0.000680, 0.000499, 0.000633, 0.000624, 0.000680, 0.000586, 0.000595, 0.000695, 0.000614, 0.000496, 0.000523, 0.000700, 0.000646, 0.000817, 0.000503, 0.001694, 0.001992, 0.001952, 0.001937, 0.002051, 0.002195, 0.002154, 0.002281, 0.002033, 0.002269, 0.002412, 0.002332, 0.002348, 0.002166, 0.002327, 0.002370, 0.002327, 0.002332, 0.002087, 0.002371
7 , 0, 0, 0, 0, 0, 0, 0
7 , 0.056568, 0.062067, 0.066775, 0.066665, 0.066734, 0.063874, 0.060241
8 , 0.000868, 0.000985, 0.000639, 0.000816, 0.000686, 0.000773, 0.000643, 0.000838, 0.000493, 0.000680, 0.000499, 0.000633, 0.000624, 0.000680, 0.000586, 0.000595, 0.000695, 0.000614, 0.000496, 0.000523, 0.000700, 0.000646, 0.000817, 0.000503, 0.001694, 0.001992, 0.001952, 0.001937, 0.002051, 0.002195, 0.002154, 0.002281, 0.002033, 0.002269, 0.002412, 0.002332, 0.002348, 0.002166, 0.002327, 0.002370, 0.002327, 0.002332, 0.002087, 0.002371, 0.002195, 0.002252, 0.002103, 0.002295, 0.000816, 0.000922, 0.000832, 0.000843, 0.000739, 0.000533, 0.000588, 0.000600, 0.000712, 0.000619, 0.000810, 0.000571, 0.000817, 0.000605, 0.000837, 0.000630, 0.000898, 0.000587, 0.000760, 0.000643, 0.000898, 0.000596, 0.000841, 0.000125, 0.001171, 0.001802, 0.001742, 0.001888, 0.001742, 0.001944, 0.002058, 0.002081, 0.002209, 0.002087, 0.002351, 0.002115, 0.002143, 0.002181, 0.002124, 0.002342, 0.002195, 0.002303, 0.002172, 0.002200
8 , 0, 0, 0, 0, 0, 0, 0
8 , 0.044023, 0.049916, 0.054264, 0.058769, 0.064594, 0.065917, 0.063492
9 , 0.000843, 0.000739, 0.000533, 0.000588, 0.000600, 0.000712, 0.000619, 0.000810, 0.000571, 0.000817, 0.000605, 0.000837, 0.000630, 0.000898, 0.000587, 0.000760, 0.000643, 0.000898, 0.000596, 0.000841, 0.000125, 0.001171, 0.001802, 0.001742, 0.001888, 0.001742, 0.001944, 0.002058, 0.002081, 0.002209, 0.002087, 0.002351, 0.002115, 0.002143, 0.002181, 0.002124, 0.002342, 0.002195, 0.002303, 0.002172, 0.002200, 0.002252, 0.002053, 0.002083, 0.002158, 0.001560, 0.000596, 0.000971, 0.000861, 0.000828, 0.000701, 0.000856, 0.000519, 0.000817, 0.000561, 0.000821, 0.000635, 0.000925, 0.000557, 0.000812, 0.000604, 0.000803, 0.000634, 0.000919, 0.000656, 0.000759, 0.000651, 0.000871, 0.000716, 0.000858, 0.000763, 0.000834, 0.001627, 0.001860, 0.001950, 0.001860, 0.001863, 0.002003, 0.002029, 0.002105, 0.001803, 0.002038, 0.002167, 0.002110, 0.002236, 0.002010, 0.002222, 0.002080, 0.002080, 0.002034, 0.002003, 0.002130
9 , 0, 0, 0, 0, 0, 0, 0
9 , 0.049488, 0.053541, 0.057621, 0.057906, 0.057438, 0.055261, 0.051895
10 , 0.000828, 0.000701, 0.000856, 0.000519, 0.000817, 0.000561, 0.000821, 0.000635, 0.000925, 0.000557, 0.000812, 0.000604, 0.000803, 0.000634, 0.000919, 0.000656, 0.000759, 0.000651, 0.000871, 0.000716, 0.000858, 0.000763, 0.000834, 0.001627, 0.001860, 0.001950, 0.001860, 0.001863, 0.002003, 0.002029, 0.002105, 0.001803, 0.002038, 0.002167, 0.002110, 0.002236, 0.002010, 0.002222, 0.002080, 0.002080, 0.002034, 0.002003, 0.002130, 0.002017, 0.002101, 0.001944, 0.001937, 0.000077, 0.001055, 0.000755, 0.000867, 0.000723, 0.000899, 0.000553, 0.000702, 0.000658, 0.000602, 0.000609, 0.000584, 0.000700, 0.000730, 0.000707, 0.000654, 0.000754, 0.000822, 0.000734, 0.000639, 0.000885, 0.000704, 0.001009, 0.000140, 0.001424, 0.001625, 0.001589, 0.001778, 0.001582, 0.001887, 0.001764, 0.001760, 0.001800, 0.001718, 0.002019, 0.001970, 0.002135, 0.002029, 0.001995, 0.002222, 0.002163, 0.002209, 0.002078, 0.002286, 0.002384
10 , 0, 0, 0, 0, 0, 0, 0
10 , 0.043877, 0.047913, 0.051322, 0.056635, 0.055289, 0.053859, 0.051546
11 , 0.000755, 0.000867, 0.000723, 0.000899, 0.000553, 0.000702, 0.000658, 0.000602, 0.000609, 0.000584, 0.000700, 0.000730, 0.000707, 0.000654, 0.000754, 0.000822, 0.000734, 0.000639, 0.000885, 0.000704, 0.001009, 0.000140, 0.001424, 0.001625, 0.001589, 0.001778, 0.001582, 0.001887, 0.001764, 0.001760, 0.001800, 0.001718, 0.002019, 0.001970, 0.002135, 0.002029, 0.001995, 0.002222, 0.002163, 0.002209, 0.002078, 0.002286, 0.002384, 0.002188, 0.002265, 0.002218, 0.002181, 0.002700, 0.000674, 0.000988, 0.000587, 0.000592, 0.000377, 0.000412, 0.000292, 0.000487, 0.000382, 0.000578, 0.000419, 0.000579, 0.000328, 0.000509, 0.000445, 0.000707, 0.000479, 0.000665, 0.000572, 0.000709, 0.000403, 0.000778, 0.000547, 0.000754, 0.000727, 0.000770, 0.000691, 0.000868, 0.000712, 0.000794, 0.000755, 0.000932, 0.000767, 0.000845, 0.000815, 0.000876, 0.000756, 0.000696, 0.000719, 0.000600, 0.000595, 0.000500, 0.000523, 0.000709
11 , 3, 0, 0, 0, 0, 0, 0
11 , 0.026437, 0.027823, 0.029284, 0.034037, 0.036348, 0.034368, 0.032950
12 , 0.000587, 0.000592, 0.000377, 0.000412, 0.000292, 0.000487, 0.000382, 0.000578, 0.000419, 0.000579, 0.000328, 0.000509, 0.000445, 0.000707, 0.000479, 0.000665, 0.000572, 0.000709, 0.000403, 0.000778, 0.000547, 0.000754, 0.000727, 0.000770, 0.000691, 0.000868, 0.000712, 0.000794, 0.000755, 0.000932, 0.000767, 0.000845, 0.000815, 0.000876, 0.000756, 0.000696, 0.000719, 0.000600, 0.000595, 0.000500, 0.000523, 0.000709, 0.000512, 0.000509, 0.000603, 0.000496, 0.000526, 0.000538, 0.000580, 0.000506, 0.000756, 0.000473, 0.000747, 0.000588, 0.000633, 0.000468, 0.000763, 0.000473, 0.000684, 0.000461, 0.000825, 0.000430, 0.000758, 0.000505, 0.000733, 0.000687, 0.000821, 0.000656, 0.000802, 0.000724, 0.000919, 0.000751, 0.001001, 0.000746, 0.000919, 0.000772, 0.000962, 0.000737, 0.000819, 0.000586, 0.000885, 0.000580, 0.000681, 0.000584, 0.000665, 0.000523, 0.000582, 0.000480, 0.000479, 0.000342, 0.000486, 0.000416
12 , 0, 0, 0, 0, 3, 3, 3
12 , 0.004360, 0.005445, 0.005055, 0.004167, 0.003524, 0.004166, 0.004252
13 , 0.000538, 0.000580, 0.000506, 0.000756, 0.000473, 0.000747, 0.000588, 0.000633, 0.000468, 0.000763, 0.000473, 0.000684, 0.000461, 0.000825, 0.000430, 0.000758, 0.000505, 0.000733, 0.000687, 0.000821, 0.000656, 0.000802, 0.000724, 0.000919, 0.000751, 0.001001, 0.000746, 0.000919, 0.000772, 0.000962, 0.000737, 0.000819, 0.000586, 0.000885, 0.000580, 0.000681, 0.000584, 0.000665, 0.000523, 0.000582, 0.000480, 0.000479, 0.000342, 0.000486, 0.000416, 0.000416, 0.000412, 0.000401, 0.000386, 0.000401, 0.000547, 0.000517, 0.000563, 0.000533, 0.000593, 0.000449, 0.000580, 0.000456, 0.000628, 0.000546, 0.000695, 0.000641, 0.000787, 0.000686, 0.000872, 0.000608, 0.000811, 0.000763, 0.000966, 0.000781, 0.000954, 0.000765, 0.001066, 0.000743, 0.001028, 0.000773, 0.000889, 0.000743, 0.000954, 0.000738, 0.000910, 0.000811, 0.000940, 0.000824, 0.000966, 0.000768, 0.000816, 0.000562, 0.000701, 0.000556, 0.000637, 0.000414
13 , 0, 0, 0, 0, 0, 2, 2
13 , 0.008260, 0.006678, 0.005771, 0.004023, 0.002976, 0.002341, 0.002390
14 , 0.000412, 0.000401, 0.000386, 0.000401, 0.000547, 0.000517, 0.000563, 0.000533, 0.000593, 0.000449, 0.000580, 0.000456, 0.000628, 0.000546, 0.000695, 0.000641, 0.000787, 0.000686, 0.000872, 0.000608, 0.000811, 0.000763, 0.000966, 0.000781, 0.000954, 0.000765, 0.001066, 0.000743, 0.001028, 0.000773, 0.000889, 0.000743, 0.000954, 0.000738, 0.000910, 0.000811, 0.000940, 0.000824, 0.000966, 0.000768, 0.000816, 0.000562, 0.000701, 0.000556, 0.000637, 0.000414, 0.000591, 0.000395, 0.000539, 0.000469, 0.000599, 0.000398, 0.000599, 0.000504, 0.000674, 0.000434, 0.000675, 0.000452, 0.000568, 0.000458, 0.000554, 0.000426, 0.000602, 0.000574, 0.000674, 0.000523, 0.000744, 0.000626, 0.000677, 0.000628, 0.000731, 0.000778, 0.000825, 0.000786, 0.000700, 0.000760, 0.000730, 0.000648, 0.000687, 0.000856, 0.000689, 0.000719, 0.000758, 0.000793, 0.000577, 0.000651, 0.000651, 0.000781, 0.000521, 0.000681, 0.000630, 0.000632
14 , 0, 0, 0, 0, 0, 0, 0
14 , 0.010241, 0.010112, 0.009108, 0.008351, 0.006635, 0.005556, 0.003910
15 , 0.000591, 0.000395, 0.000539, 0.000469, 0.000599, 0.000398, 0.000599, 0.000504, 0.000674, 0.000434, 0.000675, 0.000452, 0.000568, 0.000458, 0.000554, 0.000426, 0.000602, 0.000574, 0.000674, 0.000523, 0.000744, 0.000626, 0.000677, 0.000628, 0.000731, 0.000778, 0.000825, 0.000786, 0.000700, 0.000760, 0.000730, 0.000648, 0.000687, 0.000856, 0.000689, 0.000719, 0.000758, 0.000793, 0.000577, 0.000651, 0.000651, 0.000781, 0.000521, 0.000681, 0.000630, 0.000632, 0.000572, 0.000653, 0.000509, 0.000760, 0.000405, 0.000630, 0.000521, 0.000632, 0.000505, 0.000832, 0.000612, 0.000746, 0.000503, 0.000693, 0.000615, 0.000733, 0.000511, 0.000882, 0.000674, 0.000787, 0.000700, 0.000860, 0.000610, 0.000897, 0.000606, 0.000956, 0.000666, 0.000736, 0.000549, 0.000817, 0.000558, 0.000687, 0.000596, 0.000894, 0.000631, 0.000903, 0.000609, 0.000765, 0.000712, 0.000899, 0.000774, 0.000920, 0.000622, 0.000846, 0.000570, 0.000804
15 , 0, 0, 0, 0, 0, 0, 0
15 , 0.005538, 0.005934, 0.005124, 0.005022, 0.004350, 0.003949, 0.003710
16 , 0.000653, 0.000509, 0.000760, 0.000405, 0.000630, 0.000521, 0.000632, 0.000505, 0.000832, 0.000612, 0.000746, 0.000503, 0.000693, 0.000615, 0.000733, 0.000511, 0.000882, 0.000674, 0.000787, 0.000700, 0.000860, 0.000610, 0.000897, 0.000606, 0.000956, 0.000666, 0.000736, 0.000549, 0.000817, 0.000558, 0.000687, 0.000596, 0.000894, 0.000631, 0.000903, 0.000609, 0.000765, 0.000712, 0.000899, 0.000774, 0.000920, 0.000622, 0.000846, 0.000570, 0.000804, 0.000695, 0.000775, 0.000636, 0.000766, 0.000672, 0.000733, 0.000612, 0.000688, 0.000514, 0.000642, 0.000498, 0.000591, 0.000540, 0.000674, 0.000468, 0.000587, 0.000520, 0.000606, 0.000495, 0.000525, 0.000439, 0.000539, 0.000469, 0.000529, 0.000504, 0.000404, 0.000434, 0.000549, 0.000449, 0.000414, 0.000604, 0.000450, 0.000499, 0.000484, 0.000609, 0.000574, 0.000544, 0.000529, 0.000625, 0.000655, 0.000634, 0.000444, 0.000693, 0.000568, 0.000447, 0.000322, 0.000472
16 , 3, 3, 3, 3, 3, 3, 3
16 , 0.003923, 0.003765, 0.003364, 0.003052, 0.002432, 0.002338, 0.001664
