0 , 0.001589, 0.001492, 0.001496, 0.001400, 0.001549, 0.001366, 0.001458, 0.001427, 0.001494, 0.001400, 0.001407, 0.001345, 0.001470, 0.001259, 0.001451, 0.001445, 0.001541, 0.001294, 0.001396, 0.001358, 0.001313, 0.001407, 0.000088, 0.001626, 0.001850, 0.001761, 0.001746, 0.001945, 0.001802, 0.002048, 0.001806, 0.001986, 0.001919, 0.001931, 0.001931, 0.001797, 0.002053, 0.001801, 0.001956, 0.001849, 0.001789, 0.001956, 0.001922, 0.001928, 0.001840, 0.001897, 0.002036, 0.000580, 0.002016, 0.001548, 0.001584, 0.001490, 0.001496, 0.001439, 0.001532, 0.001380, 0.001330, 0.001301, 0.001428, 0.001247, 0.001372, 0.001216, 0.001403, 0.001309, 0.001377, 0.001220, 0.001435, 0.001394, 0.001399, 0.001354, 0.001002, 0.001497, 0.001761, 0.001951, 0.001820, 0.001826, 0.001871, 0.001935, 0.002036, 0.001932, 0.002114, 0.001767, 0.002036, 0.002056, 0.002050, 0.001935, 0.001783, 0.002012, 0.001945, 0.002018, 0.001921, 0.001964
0 , 0, 0, 0, 0, 0, 0, 0
0 , 0.015534, 0.016551, 0.018601, 0.021284, 0.022920, 0.023549, 0.022562
1 , 0.001490, 0.001496, 0.001439, 0.001532, 0.001380, 0.001330, 0.001301, 0.001428, 0.001247, 0.001372, 0.001216, 0.001403, 0.001309, 0.001377, 0.001220, 0.001435, 0.001394, 0.001399, 0.001354, 0.001002, 0.001497, 0.001761, 0.001951, 0.001820, 0.001826, 0.001871, 0.001935, 0.002036, 0.001932, 0.002114, 0.001767, 0.002036, 0.002056, 0.002050, 0.001935, 0.001783, 0.002012, 0.001945, 0.002018, 0.001921, 0.001964, 0.002056, 0.001879, 0.002024, 0.000563, 0.001297, 0.001712, 0.001580, 0.001522, 0.001488, 0.001609, 0.001333, 0.001612, 0.001365, 0.001522, 0.001341, 0.001472, 0.001348, 0.001475, 0.001348, 0.001443, 0.001261, 0.001565, 0.001198, 0.001507, 0.001472, 0.001509, 0.001343, 0.001474, 0.001401, 0.000441, 0.001746, 0.001704, 0.001655, 0.001576, 0.001995, 0.001801, 0.001880, 0.001725, 0.001855, 0.001889, 0.001904, 0.001931, 0.001707, 0.001910, 0.001707, 0.001798, 0.001670, 0.001746, 0.001904, 0.001816, 0.001864
1 , 0, 0, 0, 0, 0, 0, 0
1 , 0.017549, 0.017642, 0.017805, 0.020274, 0.019227, 0.018777, 0.017774
2 , 0.001488, 0.001609, 0.001333, 0.001612, 0.001365, 0.001522, 0.001341, 0.001472, 0.001348, 0.001475, 0.001348, 0.001443, 0.001261, 0.001565, 0.001198, 0.001507, 0.001472, 0.001509, 0.001343, 0.001474, 0.001401, 0.000441, 0.001746, 0.001704, 0.001655, 0.001576, 0.001995, 0.001801, 0.001880, 0.001725, 0.001855, 0.001889, 0.001904, 0.001931, 0.001707, 0.001910, 0.001707, 0.001798, 0.001670, 0.001746, 0.001904, 0.001816, 0.001864, 0.001698, 0.002056, 0.001545, 0.001106, 0.001827, 0.001631, 0.001575, 0.001505, 0.001324, 0.001328, 0.001394, 0.001276, 0.001448, 0.001407, 0.001447, 0.001442, 0.001438, 0.001311, 0.001498, 0.001463, 0.001493, 0.001521, 0.001494, 0.001456, 0.001376, 0.001565, 0.000596, 0.001657, 0.001488, 0.001792, 0.001780, 0.001701, 0.001740, 0.001679, 0.002013, 0.001770, 0.001989, 0.001799, 0.001989, 0.002171, 0.002057, 0.002000, 0.001822, 0.002098, 0.002108, 0.002034, 0.002007, 0.001977, 0.002094
2 , 0, 0, 0, 0, 0, 0, 0
2 , 0.013265, 0.015017, 0.017669, 0.019302, 0.019870, 0.019837, 0.019303
3 , 0.001505, 0.001324, 0.001328, 0.001394, 0.001276, 0.001448, 0.001407, 0.001447, 0.001442, 0.001438, 0.001311, 0.001498, 0.001463, 0.001493, 0.001521, 0.001494, 0.001456, 0.001376, 0.001565, 0.000596, 0.001657, 0.001488, 0.001792, 0.001780, 0.001701, 0.001740, 0.001679, 0.002013, 0.001770, 0.001989, 0.001799, 0.001989, 0.002171, 0.002057, 0.002000, 0.001822, 0.002098, 0.002108, 0.002034, 0.002007, 0.001977, 0.002094, 0.001896, 0.002087, 0.001852, 0.002223, 0.000043, 0.001767, 0.001631, 0.001660, 0.001440, 0.001530, 0.001432, 0.001522, 0.001428, 0.001426, 0.001451, 0.001542, 0.001417, 0.001508, 0.001477, 0.001659, 0.001411, 0.001715, 0.001468, 0.001531, 0.001564, 0.001658, 0.001566, 0.001516, 0.001454, 0.001173, 0.001197, 0.001909, 0.001670, 0.001906, 0.001902, 0.001805, 0.001920, 0.001869, 0.002139, 0.001974, 0.002004, 0.001920, 0.002135, 0.002274, 0.002088, 0.002280, 0.002085, 0.002169, 0.002129, 0.002183
3 , 0, 0, 0, 0, 0, 0, 0
3 , 0.016559, 0.019934, 0.021793, 0.019752, 0.020929, 0.021645, 0.021213
4 , 0.001631, 0.001660, 0.001440, 0.001530, 0.001432, 0.001522, 0.001428, 0.001426, 0.001451, 0.001542, 0.001417, 0.001508, 0.001477, 0.001659, 0.001411, 0.001715, 0.001468, 0.001531, 0.001564, 0.001658, 0.001566, 0.001516, 0.001454, 0.001173, 0.001197, 0.001909, 0.001670, 0.001906, 0.001902, 0.001805, 0.001920, 0.001869, 0.002139, 0.001974, 0.002004, 0.001920, 0.002135, 0.002274, 0.002088, 0.002280, 0.002085, 0.002169, 0.002129, 0.002183, 0.002068, 0.002082, 0.002139, 0.002289, 0.000776, 0.001496, 0.001446, 0.001619, 0.001374, 0.001401, 0.001303, 0.001277, 0.001247, 0.001341, 0.001129, 0.001375, 0.001189, 0.001307, 0.001306, 0.001363, 0.001329, 0.001419, 0.001354, 0.001446, 0.001231, 0.001472, 0.001232, 0.001530, 0.000656, 0.001623, 0.001774, 0.001663, 0.001776, 0.001703, 0.001886, 0.001931, 0.001922, 0.001916, 0.001870, 0.002064, 0.001988, 0.002088, 0.001978, 0.001957, 0.002052, 0.002042, 0.002103, 0.001763
4 , 0, 0, 0, 0, 0, 0, 0
4 , 0.015316, 0.017938, 0.018170, 0.020481, 0.022690, 0.024196, 0.024874
5 , 0.001374, 0.001401, 0.001303, 0.001277, 0.001247, 0.001341, 0.001129, 0.001375, 0.001189, 0.001307, 0.001306, 0.001363, 0.001329, 0.001419, 0.001354, 0.001446, 0.001231, 0.001472, 0.001232, 0.001530, 0.000656, 0.001623, 0.001774, 0.001663, 0.001776, 0.001703, 0.001886, 0.001931, 0.001922, 0.001916, 0.001870, 0.002064, 0.001988, 0.002088, 0.001978, 0.001957, 0.002052, 0.002042, 0.002103, 0.001763, 0.001967, 0.001951, 0.001885, 0.001886, 0.001647, 0.000629, 0.001668, 0.001440, 0.001451, 0.001292, 0.001384, 0.001200, 0.001387, 0.001112, 0.001363, 0.001181, 0.001212, 0.001147, 0.001429, 0.001148, 0.001297, 0.001202, 0.001358, 0.001200, 0.001356, 0.001255, 0.001258, 0.001279, 0.001291, 0.001415, 0.000245, 0.001609, 0.001895, 0.001687, 0.001713, 0.001980, 0.001922, 0.001941, 0.001756, 0.002048, 0.001847, 0.002042, 0.001981, 0.001890, 0.002103, 0.002015, 0.002151, 0.001898, 0.002072, 0.001881, 0.001941, 0.002071
5 , 0, 0, 0, 0, 0, 0, 0
5 , 0.022926, 0.023954, 0.024456, 0.027746, 0.027101, 0.026331, 0.025414
6 , 0.001292, 0.001384, 0.001200, 0.001387, 0.001112, 0.001363, 0.001181, 0.001212, 0.001147, 0.001429, 0.001148, 0.001297, 0.001202, 0.001358, 0.001200, 0.001356, 0.001255, 0.001258, 0.001279, 0.001291, 0.001415, 0.000245, 0.001609, 0.001895, 0.001687, 0.001713, 0.001980, 0.001922, 0.001941, 0.001756, 0.002048, 0.001847, 0.002042, 0.001981, 0.001890, 0.002103, 0.002015, 0.002151, 0.001898, 0.002072, 0.001881, 0.001941, 0.002071, 0.001866, 0.002044, 0.002121, 0.000332, 0.001836, 0.001457, 0.001513, 0.001352, 0.001383, 0.001473, 0.001408, 0.001498, 0.001496, 0.001528, 0.001433, 0.001489, 0.001464, 0.001250, 0.001407, 0.001404, 0.001376, 0.001500, 0.001409, 0.001376, 0.001412, 0.001339, 0.001121, 0.001239, 0.001562, 0.001838, 0.001919, 0.001868, 0.001724, 0.001912, 0.002134, 0.002007, 0.001938, 0.001689, 0.001979, 0.001852, 0.001904, 0.001737, 0.001822, 0.002016, 0.001816, 0.001937, 0.001767, 0.001895, 0.002028
6 , 0, 0, 0, 0, 0, 0, 0
6 , 0.019035, 0.021297, 0.023802, 0.024977, 0.025402, 0.024329, 0.022032
7 , 0.001352, 0.001383, 0.001473, 0.001408, 0.001498, 0.001496, 0.001528, 0.001433, 0.001489, 0.001464, 0.001250, 0.001407, 0.001404, 0.001376, 0.001500, 0.001409, 0.001376, 0.001412, 0.001339, 0.001121, 0.001239, 0.001562, 0.001838, 0.001919, 0.001868, 0.001724, 0.001912, 0.002134, 0.002007, 0.001938, 0.001689, 0.001979, 0.001852, 0.001904, 0.001737, 0.001822, 0.002016, 0.001816, 0.001937, 0.001767, 0.001895, 0.002028, 0.001804, 0.002095, 0.000687, 0.001244, 0.001587, 0.001520, 0.001563, 0.001317, 0.001445, 0.001220, 0.001473, 0.001164, 0.001475, 0.001292, 0.001328, 0.001296, 0.001485, 0.001260, 0.001420, 0.001264, 0.001423, 0.001267, 0.001452, 0.001233, 0.001359, 0.001258, 0.001389, 0.001427, 0.000459, 0.001569, 0.001743, 0.001728, 0.001673, 0.002012, 0.001830, 0.001900, 0.001724, 0.001946, 0.001845, 0.001842, 0.001863, 0.001866, 0.002074, 0.001879, 0.001861, 0.001758, 0.001909, 0.002031, 0.001930, 0.001908
7 , 0, 0, 0, 0, 0, 0, 0
7 , 0.018063, 0.018284, 0.018828, 0.021382, 0.020816, 0.020117, 0.018795
8 , 0.001317, 0.001445, 0.001220, 0.001473, 0.001164, 0.001475, 0.001292, 0.001328, 0.001296, 0.001485, 0.001260, 0.001420, 0.001264, 0.001423, 0.001267, 0.001452, 0.001233, 0.001359, 0.001258, 0.001389, 0.001427, 0.000459, 0.001569, 0.001743, 0.001728, 0.001673, 0.002012, 0.001830, 0.001900, 0.001724, 0.001946, 0.001845, 0.001842, 0.001863, 0.001866, 0.002074, 0.001879, 0.001861, 0.001758, 0.001909, 0.002031, 0.001930, 0.001908, 0.001855, 0.002115, 0.001762, 0.000931, 0.001838, 0.001517, 0.001433, 0.001424, 0.001459, 0.001339, 0.001400, 0.001305, 0.001273, 0.001455, 0.001458, 0.001307, 0.001396, 0.001362, 0.001358, 0.001361, 0.001488, 0.001396, 0.001375, 0.001396, 0.001227, 0.001376, 0.000536, 0.001765, 0.001781, 0.001993, 0.001861, 0.001946, 0.001986, 0.001935, 0.002085, 0.001952, 0.002090, 0.001865, 0.001945, 0.001823, 0.002033, 0.001972, 0.001796, 0.002146, 0.002005, 0.002147, 0.001962, 0.002061, 0.002288
8 , 0, 0, 0, 0, 0, 0, 0
8 , 0.018587, 0.020837, 0.024014, 0.025280, 0.025517, 0.024650, 0.021645
9 , 0.001424, 0.001459, 0.001339, 0.001400, 0.001305, 0.001273, 0.001455, 0.001458, 0.001307, 0.001396, 0.001362, 0.001358, 0.001361, 0.001488, 0.001396, 0.001375, 0.001396, 0.001227, 0.001376, 0.000536, 0.001765, 0.001781, 0.001993, 0.001861, 0.001946, 0.001986, 0.001935, 0.002085, 0.001952, 0.002090, 0.001865, 0.001945, 0.001823, 0.002033, 0.001972, 0.001796, 0.002146, 0.002005, 0.002147, 0.001962, 0.002061, 0.002288, 0.001943, 0.002128, 0.000088, 0.001419, 0.001613, 0.001461, 0.001584, 0.001333, 0.001437, 0.001225, 0.001353, 0.001255, 0.001413, 0.001256, 0.001500, 0.001186, 0.001439, 0.001221, 0.001465, 0.001278, 0.001527, 0.001248, 0.001437, 0.001276, 0.001461, 0.001183, 0.001390, 0.000976, 0.001105, 0.001812, 0.001872, 0.001974, 0.001802, 0.002081, 0.001960, 0.001980, 0.001902, 0.002121, 0.002088, 0.002040, 0.002065, 0.001940, 0.002122, 0.002038, 0.002081, 0.001936, 0.001986, 0.002133, 0.001978, 0.002163
9 , 0, 0, 0, 0, 0, 0, 0
9 , 0.024718, 0.025012, 0.025862, 0.026912, 0.025501, 0.024895, 0.022207
10 , 0.001333, 0.001437, 0.001225, 0.001353, 0.001255, 0.001413, 0.001256, 0.001500, 0.001186, 0.001439, 0.001221, 0.001465, 0.001278, 0.001527, 0.001248, 0.001437, 0.001276, 0.001461, 0.001183, 0.001390, 0.000976, 0.001105, 0.001812, 0.001872, 0.001974, 0.001802, 0.002081, 0.001960, 0.001980, 0.001902, 0.002121, 0.002088, 0.002040, 0.002065, 0.001940, 0.002122, 0.002038, 0.002081, 0.001936, 0.001986, 0.002133, 0.001978, 0.002163, 0.001854, 0.002235, 0.001147, 0.001334, 0.001612, 0.001547, 0.001431, 0.001309, 0.001166, 0.001207, 0.001007, 0.001113, 0.001035, 0.001051, 0.001124, 0.000938, 0.000978, 0.001042, 0.000986, 0.001049, 0.000951, 0.001012, 0.001010, 0.001114, 0.001031, 0.001214, 0.000369, 0.002106, 0.001920, 0.002247, 0.002191, 0.002107, 0.002125, 0.002068, 0.002274, 0.002092, 0.002148, 0.002010, 0.002053, 0.002066, 0.001854, 0.002069, 0.001826, 0.002155, 0.002037, 0.001925, 0.001855, 0.001797, 0.002083
10 , 0, 0, 0, 0, 0, 0, 0
10 , 0.029674, 0.032403, 0.035266, 0.035179, 0.034187, 0.032512, 0.030138
11 , 0.001547, 0.001431, 0.001309, 0.001166, 0.001207, 0.001007, 0.001113, 0.001035, 0.001051, 0.001124, 0.000938, 0.000978, 0.001042, 0.000986, 0.001049, 0.000951, 0.001012, 0.001010, 0.001114, 0.001031, 0.001214, 0.000369, 0.002106, 0.001920, 0.002247, 0.002191, 0.002107, 0.002125, 0.002068, 0.002274, 0.002092, 0.002148, 0.002010, 0.002053, 0.002066, 0.001854, 0.002069, 0.001826, 0.002155, 0.002037, 0.001925, 0.001855, 0.001797, 0.002083, 0.001916, 0.002032, 0.001868, 0.001893, 0.000543, 0.001659, 0.001433, 0.001529, 0.001430, 0.001496, 0.001373, 0.001407, 0.001311, 0.001495, 0.001426, 0.001579, 0.001365, 0.001555, 0.001372, 0.001497, 0.001438, 0.001471, 0.001225, 0.001354, 0.001257, 0.001354, 0.001321, 0.001448, 0.001296, 0.001456, 0.001177, 0.001398, 0.001149, 0.001314, 0.001220, 0.001317, 0.001218, 0.001375, 0.001187, 0.001372, 0.001246, 0.001458, 0.001210, 0.001429, 0.001240, 0.001306, 0.001206, 0.001481
11 , 3, 3, 3, 3, 3, 3, 3
11 , 0.021883, 0.022176, 0.022584, 0.024619, 0.023623, 0.022426, 0.020869
12 , 0.001659, 0.001433, 0.001529, 0.001430, 0.001496, 0.001373, 0.001407, 0.001311, 0.001495, 0.001426, 0.001579, 0.001365, 0.001555, 0.001372, 0.001497, 0.001438, 0.001471, 0.001225, 0.001354, 0.001257, 0.001354, 0.001321, 0.001448, 0.001296, 0.001456, 0.001177, 0.001398, 0.001149, 0.001314, 0.001220, 0.001317, 0.001218, 0.001375, 0.001187, 0.001372, 0.001246, 0.001458, 0.001210, 0.001429, 0.001240, 0.001306, 0.001206, 0.001481, 0.001228, 0.001380, 0.001284, 0.001501, 0.001340, 0.001400, 0.001363, 0.001581, 0.001335, 0.001608, 0.001450, 0.001604, 0.001384, 0.001511, 0.001506, 0.001601, 0.001350, 0.001539, 0.001323, 0.001571, 0.001326, 0.001577, 0.001334, 0.001431, 0.001339, 0.001465, 0.001339, 0.001591, 0.001285, 0.001414, 0.001354, 0.001452, 0.001334, 0.001462, 0.001219, 0.001379, 0.001106, 0.001360, 0.001123, 0.001192, 0.001095, 0.001288, 0.001070, 0.001226, 0.001219, 0.001189, 0.001070, 0.001316, 0.001242
12 , 1, 1, 1, 1, 1, 1, 1
12 , 0.006532, 0.006278, 0.005887, 0.006923, 0.006753, 0.006768, 0.006717
13 , 0.001363, 0.001581, 0.001335, 0.001608, 0.001450, 0.001604, 0.001384, 0.001511, 0.001506, 0.001601, 0.001350, 0.001539, 0.001323, 0.001571, 0.001326, 0.001577, 0.001334, 0.001431, 0.001339, 0.001465, 0.001339, 0.001591, 0.001285, 0.001414, 0.001354, 0.001452, 0.001334, 0.001462, 0.001219, 0.001379, 0.001106, 0.001360, 0.001123, 0.001192, 0.001095, 0.001288, 0.001070, 0.001226, 0.001219, 0.001189, 0.001070, 0.001316, 0.001242, 0.001298, 0.001173, 0.001414, 0.001284, 0.001345, 0.001245, 0.001428, 0.001355, 0.001474, 0.001440, 0.001500, 0.001433, 0.001524, 0.001400, 0.001459, 0.001337, 0.001429, 0.001463, 0.001495, 0.001376, 0.001374, 0.001311, 0.001349, 0.001436, 0.001377, 0.001468, 0.001378, 0.001372, 0.001373, 0.001433, 0.001462, 0.001373, 0.001430, 0.001521, 0.001459, 0.001403, 0.001343, 0.001402, 0.001374, 0.001372, 0.001282, 0.001436, 0.001406, 0.001409, 0.001343, 0.001403, 0.001375, 0.001506, 0.001384
13 , 2, 1, 1, 1, 1, 1, 1
13 , 0.004191, 0.004510, 0.004268, 0.004843, 0.004626, 0.004975, 0.005015
14 , 0.001440, 0.001500, 0.001433, 0.001524, 0.001400, 0.001459, 0.001337, 0.001429, 0.001463, 0.001495, 0.001376, 0.001374, 0.001311, 0.001349, 0.001436, 0.001377, 0.001468, 0.001378, 0.001372, 0.001373, 0.001433, 0.001462, 0.001373, 0.001430, 0.001521, 0.001459, 0.001403, 0.001343, 0.001402, 0.001374, 0.001372, 0.001282, 0.001436, 0.001406, 0.001409, 0.001343, 0.001403, 0.001375, 0.001506, 0.001384, 0.001480, 0.001274, 0.001401, 0.001275, 0.001337, 0.001121, 0.001221, 0.001227, 0.001387, 0.001234, 0.001299, 0.001258, 0.001355, 0.001195, 0.001501, 0.001187, 0.001370, 0.001276, 0.001457, 0.001327, 0.001392, 0.001235, 0.001478, 0.001174, 0.001575, 0.001244, 0.001278, 0.001189, 0.001383, 0.001136, 0.001389, 0.001229, 0.001507, 0.001258, 0.001296, 0.001142, 0.001334, 0.001231, 0.001446, 0.001200, 0.001380, 0.001278, 0.001429, 0.001297, 0.001508, 0.001410, 0.001506, 0.001250, 0.001587, 0.001312, 0.001465, 0.001309
14 , 2, 2, 2, 2, 2, 2, 2
14 , 0.001350, 0.001215, 0.001918, 0.001900, 0.002275, 0.001968, 0.002536
15 , 0.001355, 0.001195, 0.001501, 0.001187, 0.001370, 0.001276, 0.001457, 0.001327, 0.001392, 0.001235, 0.001478, 0.001174, 0.001575, 0.001244, 0.001278, 0.001189, 0.001383, 0.001136, 0.001389, 0.001229, 0.001507, 0.001258, 0.001296, 0.001142, 0.001334, 0.001231, 0.001446, 0.001200, 0.001380, 0.001278, 0.001429, 0.001297, 0.001508, 0.001410, 0.001506, 0.001250, 0.001587, 0.001312, 0.001465, 0.001309, 0.001527, 0.001346, 0.001477, 0.001353, 0.001413, 0.001351, 0.001417, 0.001291, 0.001475, 0.001291, 0.001567, 0.001286, 0.001350, 0.001381, 0.001382, 0.001230, 0.001441, 0.001319, 0.001444, 0.001482, 0.001512, 0.001416, 0.001541, 0.001477, 0.001513, 0.001457, 0.001398, 0.001396, 0.001303, 0.001215, 0.001217, 0.001401, 0.001402, 0.001344, 0.001372, 0.001430, 0.001244, 0.001337, 0.001362, 0.001366, 0.001335, 0.001397, 0.001275, 0.001455, 0.001425, 0.001427, 0.001246, 0.001556, 0.001424, 0.001426, 0.001332, 0.001519
15 , 3, 3, 3, 3, 3, 3, 3
15 , 0.002249, 0.002204, 0.001588, 0.001244, 0.001417, 0.001649, 0.001819
16 , 0.001417, 0.001291, 0.001475, 0.001291, 0.001567, 0.001286, 0.001350, 0.001381, 0.001382, 0.001230, 0.001441, 0.001319, 0.001444, 0.001482, 0.001512, 0.001416, 0.001541, 0.001477, 0.001513, 0.001457, 0.001398, 0.001396, 0.001303, 0.001215, 0.001217, 0.001401, 0.001402, 0.001344, 0.001372, 0.001430, 0.001244, 0.001337, 0.001362, 0.001366, 0.001335, 0.001397, 0.001275, 0.001455, 0.001425, 0.001427, 0.001246, 0.001556, 0.001424, 0.001426, 0.001332, 0.001519, 0.001392, 0.001483, 0.001353, 0.001626, 0.001465, 0.001461, 0.001518, 0.001609, 0.001479, 0.001691, 0.001505, 0.001719, 0.001592, 0.001812, 0.001505, 0.001571, 0.001478, 0.001604, 0.001456, 0.001650, 0.001466, 0.001565, 0.001292, 0.001424, 0.001268, 0.001484, 0.001273, 0.001466, 0.001254, 0.001440, 0.001348, 0.001414, 0.001260, 0.001362, 0.001238, 0.001307, 0.001215, 0.001365, 0.001178, 0.001364, 0.001206, 0.001296, 0.001257, 0.001352, 0.001255, 0.001344
16 , 1, 1, 1, 1, 1, 1, 3
16 , 0.005863, 0.005992, 0.005930, 0.005780, 0.005597, 0.005105, 0.004618
