0 , 0.001463, 0.001300, 0.001750, 0.001635, 0.001765, 0.001574, 0.001905, 0.001977, 0.001793, 0.001921, 0.001751, 0.001937, 0.001894, 0.001900, 0.001761, 0.001880, 0.002037, 0.001737, 0.001964, 0.001752, 0.001968, 0.001843, 0.001898, 0.000608, 0.001824, 0.001660, 0.001690, 0.001627, 0.001562, 0.001747, 0.001592, 0.001740, 0.001617, 0.001678, 0.001524, 0.001617, 0.001676, 0.001618, 0.001523, 0.001769, 0.001676, 0.001740, 0.001588, 0.001770, 0.001562, 0.001768, 0.000977, 0.001118, 0.001644, 0.001681, 0.001647, 0.001733, 0.001660, 0.001897, 0.001782, 0.001989, 0.001810, 0.002080, 0.002159, 0.001985, 0.002079, 0.001951, 0.002006, 0.001951, 0.002070, 0.002037, 0.002026, 0.002236, 0.001975, 0.001969, 0.002091, 0.000746, 0.001438, 0.001697, 0.001596, 0.001505, 0.001466, 0.001583, 0.001485, 0.001577, 0.001477, 0.001506, 0.001594, 0.001780, 0.001530, 0.001683, 0.001680, 0.001737, 0.001611, 0.001822, 0.001666, 0.001789
0 , 1, 1, 1, 1, 1, 1, 1
0 , 0.006591, 0.007312, 0.009422, 0.012071, 0.012026, 0.009647, 0.009788
1 , 0.001681, 0.001647, 0.001733, 0.001660, 0.001897, 0.001782, 0.001989, 0.001810, 0.002080, 0.002159, 0.001985, 0.002079, 0.001951, 0.002006, 0.001951, 0.002070, 0.002037, 0.002026, 0.002236, 0.001975, 0.001969, 0.002091, 0.000746, 0.001438, 0.001697, 0.001596, 0.001505, 0.001466, 0.001583, 0.001485, 0.001577, 0.001477, 0.001506, 0.001594, 0.001780, 0.001530, 0.001683, 0.001680, 0.001737, 0.001611, 0.001822, 0.001666, 0.001789, 0.001635, 0.001881, 0.001788, 0.001700, 0.001427, 0.000347, 0.001568, 0.001505, 0.001494, 0.001671, 0.001588, 0.001795, 0.001562, 0.001760, 0.001879, 0.001815, 0.001958, 0.001761, 0.002064, 0.001867, 0.001906, 0.001794, 0.001725, 0.002003, 0.001846, 0.001922, 0.001840, 0.001796, 0.001943, 0.001235, 0.001676, 0.001731, 0.001777, 0.001719, 0.001686, 0.001559, 0.001744, 0.001560, 0.001804, 0.001466, 0.001714, 0.001501, 0.001714, 0.001560, 0.001625, 0.001444, 0.001511, 0.001419, 0.001602
1 , 1, 1, 1, 1, 1, 1, 1
1 , 0.005564, 0.007109, 0.008614, 0.009744, 0.009225, 0.010741, 0.011335
2 , 0.001671, 0.001588, 0.001795, 0.001562, 0.001760, 0.001879, 0.001815, 0.001958, 0.001761, 0.002064, 0.001867, 0.001906, 0.001794, 0.001725, 0.002003, 0.001846, 0.001922, 0.001840, 0.001796, 0.001943, 0.001235, 0.001676, 0.001731, 0.001777, 0.001719, 0.001686, 0.001559, 0.001744, 0.001560, 0.001804, 0.001466, 0.001714, 0.001501, 0.001714, 0.001560, 0.001625, 0.001444, 0.001511, 0.001419, 0.001602, 0.001364, 0.001489, 0.001284, 0.001696, 0.000173, 0.001549, 0.001728, 0.001755, 0.001743, 0.001928, 0.001698, 0.001934, 0.001749, 0.001849, 0.001746, 0.001925, 0.002022, 0.001840, 0.001910, 0.001734, 0.001852, 0.001794, 0.001797, 0.001761, 0.001554, 0.001834, 0.001822, 0.001819, 0.001763, 0.001688, 0.002019, 0.000429, 0.001832, 0.001643, 0.001707, 0.001584, 0.001618, 0.001521, 0.001555, 0.001426, 0.001671, 0.001364, 0.001578, 0.001389, 0.001600, 0.001536, 0.001751, 0.001567, 0.001748, 0.001592, 0.001805, 0.001587
2 , 1, 1, 1, 1, 1, 1, 1
2 , 0.007822, 0.011730, 0.011170, 0.012024, 0.009509, 0.010129, 0.009523
3 , 0.001928, 0.001698, 0.001934, 0.001749, 0.001849, 0.001746, 0.001925, 0.002022, 0.001840, 0.001910, 0.001734, 0.001852, 0.001794, 0.001797, 0.001761, 0.001554, 0.001834, 0.001822, 0.001819, 0.001763, 0.001688, 0.002019, 0.000429, 0.001832, 0.001643, 0.001707, 0.001584, 0.001618, 0.001521, 0.001555, 0.001426, 0.001671, 0.001364, 0.001578, 0.001389, 0.001600, 0.001536, 0.001751, 0.001567, 0.001748, 0.001592, 0.001805, 0.001587, 0.001654, 0.001525, 0.001681, 0.001522, 0.001241, 0.001215, 0.001642, 0.001747, 0.001741, 0.001741, 0.001778, 0.001630, 0.001973, 0.001837, 0.001958, 0.001822, 0.001776, 0.001925, 0.001803, 0.001748, 0.001609, 0.001891, 0.001946, 0.001843, 0.001846, 0.001761, 0.001910, 0.001631, 0.002181, 0.000437, 0.001304, 0.001599, 0.001597, 0.001530, 0.001464, 0.001680, 0.001555, 0.001585, 0.001491, 0.001646, 0.001488, 0.001552, 0.001488, 0.001548, 0.001422, 0.001581, 0.001487, 0.001579, 0.001549
3 , 1, 1, 1, 1, 1, 1, 1
3 , 0.009160, 0.009944, 0.010445, 0.011410, 0.010789, 0.009744, 0.008837
4 , 0.001642, 0.001747, 0.001741, 0.001741, 0.001778, 0.001630, 0.001973, 0.001837, 0.001958, 0.001822, 0.001776, 0.001925, 0.001803, 0.001748, 0.001609, 0.001891, 0.001946, 0.001843, 0.001846, 0.001761, 0.001910, 0.001631, 0.002181, 0.000437, 0.001304, 0.001599, 0.001597, 0.001530, 0.001464, 0.001680, 0.001555, 0.001585, 0.001491, 0.001646, 0.001488, 0.001552, 0.001488, 0.001548, 0.001422, 0.001581, 0.001487, 0.001579, 0.001549, 0.001430, 0.001457, 0.001584, 0.001489, 0.000383, 0.001574, 0.001655, 0.001716, 0.001749, 0.001992, 0.001980, 0.001995, 0.001925, 0.001734, 0.001883, 0.001846, 0.001828, 0.001819, 0.001886, 0.001952, 0.002034, 0.002028, 0.001801, 0.002025, 0.001965, 0.002065, 0.001834, 0.001843, 0.001644, 0.001094, 0.001709, 0.001542, 0.001671, 0.001512, 0.001488, 0.001423, 0.001541, 0.001325, 0.001512, 0.001353, 0.001655, 0.001530, 0.001711, 0.001497, 0.001647, 0.001581, 0.001733, 0.001518, 0.001854
4 , 1, 1, 1, 1, 1, 1, 1
4 , 0.008865, 0.010349, 0.011910, 0.012810, 0.016353, 0.012757, 0.012095
5 , 0.001716, 0.001749, 0.001992, 0.001980, 0.001995, 0.001925, 0.001734, 0.001883, 0.001846, 0.001828, 0.001819, 0.001886, 0.001952, 0.002034, 0.002028, 0.001801, 0.002025, 0.001965, 0.002065, 0.001834, 0.001843, 0.001644, 0.001094, 0.001709, 0.001542, 0.001671, 0.001512, 0.001488, 0.001423, 0.001541, 0.001325, 0.001512, 0.001353, 0.001655, 0.001530, 0.001711, 0.001497, 0.001647, 0.001581, 0.001733, 0.001518, 0.001854, 0.001699, 0.001764, 0.001637, 0.001737, 0.001845, 0.000875, 0.001389, 0.001451, 0.001363, 0.001542, 0.001645, 0.001630, 0.001283, 0.001620, 0.001441, 0.001742, 0.001726, 0.001673, 0.001935, 0.001809, 0.001983, 0.001782, 0.001834, 0.001947, 0.001885, 0.002025, 0.001905, 0.002165, 0.001893, 0.002069, 0.000301, 0.001402, 0.001395, 0.001454, 0.001540, 0.001420, 0.001479, 0.001379, 0.001524, 0.001363, 0.001605, 0.001415, 0.001686, 0.001621, 0.001711, 0.001523, 0.001764, 0.001579, 0.001793, 0.001699
5 , 1, 1, 1, 1, 1, 1, 1
5 , 0.007340, 0.009581, 0.010756, 0.010786, 0.011766, 0.009593, 0.008771
6 , 0.001363, 0.001542, 0.001645, 0.001630, 0.001283, 0.001620, 0.001441, 0.001742, 0.001726, 0.001673, 0.001935, 0.001809, 0.001983, 0.001782, 0.001834, 0.001947, 0.001885, 0.002025, 0.001905, 0.002165, 0.001893, 0.002069, 0.000301, 0.001402, 0.001395, 0.001454, 0.001540, 0.001420, 0.001479, 0.001379, 0.001524, 0.001363, 0.001605, 0.001415, 0.001686, 0.001621, 0.001711, 0.001523, 0.001764, 0.001579, 0.001793, 0.001699, 0.001880, 0.001667, 0.001816, 0.001325, 0.000749, 0.001374, 0.001509, 0.001582, 0.001447, 0.001471, 0.001700, 0.001568, 0.001814, 0.001474, 0.001847, 0.001911, 0.001751, 0.001831, 0.001663, 0.001945, 0.001845, 0.001885, 0.001852, 0.001913, 0.002049, 0.001846, 0.001834, 0.001945, 0.000838, 0.001511, 0.001779, 0.001650, 0.001504, 0.001347, 0.001502, 0.001407, 0.001531, 0.001375, 0.001527, 0.001425, 0.001554, 0.001459, 0.001463, 0.001306, 0.001496, 0.001337, 0.001519, 0.001421, 0.001516, 0.001390
6 , 1, 1, 1, 1, 1, 1, 1
6 , 0.006015, 0.008086, 0.010207, 0.011681, 0.009711, 0.009972, 0.009611
7 , 0.001582, 0.001447, 0.001471, 0.001700, 0.001568, 0.001814, 0.001474, 0.001847, 0.001911, 0.001751, 0.001831, 0.001663, 0.001945, 0.001845, 0.001885, 0.001852, 0.001913, 0.002049, 0.001846, 0.001834, 0.001945, 0.000838, 0.001511, 0.001779, 0.001650, 0.001504, 0.001347, 0.001502, 0.001407, 0.001531, 0.001375, 0.001527, 0.001425, 0.001554, 0.001459, 0.001463, 0.001306, 0.001496, 0.001337, 0.001519, 0.001421, 0.001516, 0.001390, 0.001482, 0.001541, 0.001642, 0.001414, 0.000314, 0.001679, 0.001660, 0.001561, 0.001815, 0.001694, 0.001870, 0.001803, 0.001773, 0.001848, 0.001782, 0.001870, 0.001734, 0.001977, 0.001858, 0.001925, 0.001855, 0.001807, 0.001965, 0.001898, 0.002004, 0.001822, 0.001928, 0.002047, 0.001620, 0.001282, 0.001768, 0.001628, 0.001508, 0.001626, 0.001533, 0.001746, 0.001528, 0.001683, 0.001589, 0.001655, 0.001378, 0.001655, 0.001531, 0.001686, 0.001592, 0.001808, 0.001655, 0.001750, 0.001505
7 , 1, 1, 1, 1, 1, 1, 1
7 , 0.006585, 0.008411, 0.009750, 0.009678, 0.011983, 0.011790, 0.012029
8 , 0.001694, 0.001870, 0.001803, 0.001773, 0.001848, 0.001782, 0.001870, 0.001734, 0.001977, 0.001858, 0.001925, 0.001855, 0.001807, 0.001965, 0.001898, 0.002004, 0.001822, 0.001928, 0.002047, 0.001620, 0.001282, 0.001768, 0.001628, 0.001508, 0.001626, 0.001533, 0.001746, 0.001528, 0.001683, 0.001589, 0.001655, 0.001378, 0.001655, 0.001531, 0.001686, 0.001592, 0.001808, 0.001655, 0.001750, 0.001505, 0.001748, 0.001510, 0.001805, 0.000315, 0.001509, 0.001517, 0.001624, 0.001511, 0.001688, 0.001591, 0.001815, 0.001651, 0.001876, 0.001667, 0.001862, 0.001986, 0.001779, 0.001871, 0.001770, 0.002022, 0.002095, 0.002113, 0.002076, 0.001985, 0.002207, 0.002043, 0.002092, 0.001917, 0.000059, 0.001476, 0.001633, 0.001458, 0.001309, 0.001311, 0.001275, 0.001300, 0.001296, 0.001290, 0.001469, 0.001337, 0.001421, 0.001357, 0.001562, 0.001374, 0.001440, 0.001404, 0.001529, 0.001405, 0.001557, 0.001309, 0.001427, 0.001455
8 , 1, 1, 1, 1, 1, 1, 1
8 , 0.017399, 0.014769, 0.014262, 0.014546, 0.014307, 0.013551, 0.013503
9 , 0.001624, 0.001511, 0.001688, 0.001591, 0.001815, 0.001651, 0.001876, 0.001667, 0.001862, 0.001986, 0.001779, 0.001871, 0.001770, 0.002022, 0.002095, 0.002113, 0.002076, 0.001985, 0.002207, 0.002043, 0.002092, 0.001917, 0.000059, 0.001476, 0.001633, 0.001458, 0.001309, 0.001311, 0.001275, 0.001300, 0.001296, 0.001290, 0.001469, 0.001337, 0.001421, 0.001357, 0.001562, 0.001374, 0.001440, 0.001404, 0.001529, 0.001405, 0.001557, 0.001309, 0.001427, 0.001455, 0.001694, 0.001146, 0.000936, 0.001640, 0.001686, 0.001493, 0.001646, 0.001568, 0.001640, 0.001626, 0.001723, 0.001809, 0.001698, 0.001673, 0.001617, 0.002067, 0.001848, 0.001831, 0.001810, 0.001852, 0.002108, 0.002013, 0.001988, 0.001911, 0.001848, 0.002147, 0.000772, 0.001662, 0.001474, 0.001553, 0.001342, 0.001526, 0.001398, 0.001586, 0.001340, 0.001490, 0.001270, 0.001572, 0.001412, 0.001600, 0.001443, 0.001446, 0.001255, 0.001380, 0.001285, 0.001558
9 , 1, 1, 1, 1, 1, 1, 1
9 , 0.010878, 0.014393, 0.016694, 0.017761, 0.016854, 0.016502, 0.016813
10 , 0.001640, 0.001686, 0.001493, 0.001646, 0.001568, 0.001640, 0.001626, 0.001723, 0.001809, 0.001698, 0.001673, 0.001617, 0.002067, 0.001848, 0.001831, 0.001810, 0.001852, 0.002108, 0.002013, 0.001988, 0.001911, 0.001848, 0.002147, 0.000772, 0.001662, 0.001474, 0.001553, 0.001342, 0.001526, 0.001398, 0.001586, 0.001340, 0.001490, 0.001270, 0.001572, 0.001412, 0.001600, 0.001443, 0.001446, 0.001255, 0.001380, 0.001285, 0.001558, 0.001402, 0.001464, 0.001313, 0.001703, 0.000428, 0.001645, 0.001743, 0.001773, 0.001748, 0.001715, 0.001734, 0.002003, 0.001746, 0.001891, 0.001794, 0.001770, 0.001909, 0.001679, 0.001834, 0.001816, 0.001950, 0.001922, 0.001974, 0.001874, 0.001713, 0.001919, 0.001834, 0.001934, 0.001725, 0.001768, 0.001777, 0.000926, 0.001765, 0.001504, 0.001601, 0.001387, 0.001420, 0.001321, 0.001447, 0.001319, 0.001534, 0.001343, 0.001613, 0.001459, 0.001557, 0.001400, 0.001523, 0.001457, 0.001517
10 , 1, 1, 1, 1, 1, 1, 1
10 , 0.008052, 0.009721, 0.011984, 0.013688, 0.017515, 0.016106, 0.016565
11 , 0.001773, 0.001748, 0.001715, 0.001734, 0.002003, 0.001746, 0.001891, 0.001794, 0.001770, 0.001909, 0.001679, 0.001834, 0.001816, 0.001950, 0.001922, 0.001974, 0.001874, 0.001713, 0.001919, 0.001834, 0.001934, 0.001725, 0.001768, 0.001777, 0.000926, 0.001765, 0.001504, 0.001601, 0.001387, 0.001420, 0.001321, 0.001447, 0.001319, 0.001534, 0.001343, 0.001613, 0.001459, 0.001557, 0.001400, 0.001523, 0.001457, 0.001517, 0.001419, 0.001512, 0.001443, 0.001682, 0.001493, 0.001707, 0.001609, 0.001763, 0.001579, 0.001704, 0.001583, 0.001588, 0.001435, 0.001655, 0.001533, 0.001629, 0.001539, 0.001511, 0.001453, 0.001577, 0.001422, 0.001545, 0.001420, 0.001543, 0.001507, 0.001660, 0.001564, 0.001654, 0.001501, 0.001594, 0.001500, 0.001658, 0.001536, 0.001511, 0.001360, 0.001484, 0.001520, 0.001520, 0.001520, 0.001617, 0.001374, 0.001468, 0.001438, 0.001472, 0.001497, 0.001498, 0.001468, 0.001530, 0.001409, 0.001531
11 , 1, 1, 1, 1, 1, 1, 1
11 , 0.006341, 0.008293, 0.009050, 0.009242, 0.009368, 0.009455, 0.007915
12 , 0.001704, 0.001583, 0.001588, 0.001435, 0.001655, 0.001533, 0.001629, 0.001539, 0.001511, 0.001453, 0.001577, 0.001422, 0.001545, 0.001420, 0.001543, 0.001507, 0.001660, 0.001564, 0.001654, 0.001501, 0.001594, 0.001500, 0.001658, 0.001536, 0.001511, 0.001360, 0.001484, 0.001520, 0.001520, 0.001520, 0.001617, 0.001374, 0.001468, 0.001438, 0.001472, 0.001497, 0.001498, 0.001468, 0.001530, 0.001409, 0.001531, 0.001409, 0.001502, 0.001465, 0.001496, 0.001530, 0.001561, 0.001496, 0.001647, 0.001494, 0.001463, 0.001551, 0.001613, 0.001611, 0.001675, 0.001676, 0.001524, 0.001526, 0.001527, 0.001407, 0.001473, 0.001501, 0.001407, 0.001468, 0.001502, 0.001325, 0.001447, 0.001447, 0.001358, 0.001481, 0.001483, 0.001418, 0.001416, 0.001605, 0.001387, 0.001444, 0.001414, 0.001417, 0.001478, 0.001620, 0.001344, 0.001528, 0.001523, 0.001582, 0.001425, 0.001520, 0.001427, 0.001610, 0.001482, 0.001695, 0.001604, 0.001549
12 , 1, 1, 1, 1, 2, 2, 2
12 , 0.002491, 0.001914, 0.001635, 0.001353, 0.001591, 0.002008, 0.001748
13 , 0.001561, 0.001496, 0.001647, 0.001494, 0.001463, 0.001551, 0.001613, 0.001611, 0.001675, 0.001676, 0.001524, 0.001526, 0.001527, 0.001407, 0.001473, 0.001501, 0.001407, 0.001468, 0.001502, 0.001325, 0.001447, 0.001447, 0.001358, 0.001481, 0.001483, 0.001418, 0.001416, 0.001605, 0.001387, 0.001444, 0.001414, 0.001417, 0.001478, 0.001620, 0.001344, 0.001528, 0.001523, 0.001582, 0.001425, 0.001520, 0.001427, 0.001610, 0.001482, 0.001695, 0.001604, 0.001549, 0.001575, 0.001760, 0.001516, 0.001701, 0.001455, 0.001578, 0.001452, 0.001608, 0.001452, 0.001607, 0.001367, 0.001678, 0.001584, 0.001558, 0.001342, 0.001594, 0.001439, 0.001624, 0.001350, 0.001628, 0.001327, 0.001545, 0.001363, 0.001559, 0.001253, 0.001414, 0.001292, 0.001456, 0.001174, 0.001455, 0.001116, 0.001391, 0.001297, 0.001511, 0.001317, 0.001597, 0.001280, 0.001466, 0.001338, 0.001522, 0.001456, 0.001613, 0.001513, 0.001603, 0.001388, 0.001571
13 , 1, 1, 1, 1, 3, 3, 3
13 , 0.004247, 0.003347, 0.003377, 0.002525, 0.001887, 0.001406, 0.001525
14 , 0.001575, 0.001760, 0.001516, 0.001701, 0.001455, 0.001578, 0.001452, 0.001608, 0.001452, 0.001607, 0.001367, 0.001678, 0.001584, 0.001558, 0.001342, 0.001594, 0.001439, 0.001624, 0.001350, 0.001628, 0.001327, 0.001545, 0.001363, 0.001559, 0.001253, 0.001414, 0.001292, 0.001456, 0.001174, 0.001455, 0.001116, 0.001391, 0.001297, 0.001511, 0.001317, 0.001597, 0.001280, 0.001466, 0.001338, 0.001522, 0.001456, 0.001613, 0.001513, 0.001603, 0.001388, 0.001571, 0.001471, 0.001599, 0.001474, 0.001628, 0.001597, 0.001690, 0.001445, 0.001482, 0.001360, 0.001517, 0.001429, 0.001464, 0.001341, 0.001491, 0.001368, 0.001434, 0.001343, 0.001346, 0.001319, 0.001382, 0.001343, 0.001402, 0.001367, 0.001421, 0.001545, 0.001508, 0.001353, 0.001384, 0.001444, 0.001409, 0.001525, 0.001551, 0.001581, 0.001643, 0.001524, 0.001553, 0.001584, 0.001639, 0.001546, 0.001569, 0.001690, 0.001504, 0.001717, 0.001685, 0.001714, 0.001557
14 , 2, 2, 2, 2, 2, 2, 2
14 , 0.004747, 0.005259, 0.005179, 0.005187, 0.005065, 0.005334, 0.005234
15 , 0.001690, 0.001445, 0.001482, 0.001360, 0.001517, 0.001429, 0.001464, 0.001341, 0.001491, 0.001368, 0.001434, 0.001343, 0.001346, 0.001319, 0.001382, 0.001343, 0.001402, 0.001367, 0.001421, 0.001545, 0.001508, 0.001353, 0.001384, 0.001444, 0.001409, 0.001525, 0.001551, 0.001581, 0.001643, 0.001524, 0.001553, 0.001584, 0.001639, 0.001546, 0.001569, 0.001690, 0.001504, 0.001717, 0.001685, 0.001714, 0.001557, 0.001742, 0.001617, 0.001680, 0.001557, 0.001682, 0.001645, 0.001737, 0.001617, 0.001740, 0.001557, 0.001806, 0.001592, 0.001662, 0.001542, 0.001701, 0.001456, 0.001613, 0.001366, 0.001616, 0.001401, 0.001586, 0.001527, 0.001558, 0.001553, 0.001681, 0.001493, 0.001736, 0.001552, 0.001642, 0.001459, 0.001642, 0.001605, 0.001639, 0.001517, 0.001698, 0.001514, 0.001581, 0.001457, 0.001668, 0.001484, 0.001578, 0.001488, 0.001671, 0.001668, 0.001702, 0.001642, 0.001706, 0.001462, 0.001707, 0.001550, 0.001674
15 , 3, 3, 3, 0, 0, 0, 0
15 , 0.003338, 0.003118, 0.003464, 0.003848, 0.004511, 0.004794, 0.005179
16 , 0.001592, 0.001662, 0.001542, 0.001701, 0.001456, 0.001613, 0.001366, 0.001616, 0.001401, 0.001586, 0.001527, 0.001558, 0.001553, 0.001681, 0.001493, 0.001736, 0.001552, 0.001642, 0.001459, 0.001642, 0.001605, 0.001639, 0.001517, 0.001698, 0.001514, 0.001581, 0.001457, 0.001668, 0.001484, 0.001578, 0.001488, 0.001671, 0.001668, 0.001702, 0.001642, 0.001706, 0.001462, 0.001707, 0.001550, 0.001674, 0.001550, 0.001703, 0.001519, 0.001614, 0.001554, 0.001648, 0.001502, 0.001507, 0.001352, 0.001479, 0.001476, 0.001504, 0.001506, 0.001603, 0.001450, 0.001479, 0.001417, 0.001539, 0.001543, 0.001512, 0.001507, 0.001357, 0.001418, 0.001479, 0.001511, 0.001478, 0.001508, 0.001473, 0.001436, 0.001585, 0.001643, 0.001456, 0.001517, 0.001514, 0.001602, 0.001538, 0.001599, 0.001505, 0.001629, 0.001626, 0.001656, 0.001566, 0.001565, 0.001472, 0.001568, 0.001511, 0.001580, 0.001435, 0.001655, 0.001444, 0.001544, 0.001334
16 , 0, 0, 0, 0, 0, 0, 0
16 , 0.002053, 0.002190, 0.002206, 0.001784, 0.001943, 0.001197, 0.001120
