0 , 0.001378, 0.000944, 0.001839, 0.001735, 0.001759, 0.001714, 0.001665, 0.001996, 0.001832, 0.001960, 0.001810, 0.002050, 0.002068, 0.002103, 0.002009, 0.001955, 0.002276, 0.002138, 0.002215, 0.002074, 0.002054, 0.002269, 0.002128, 0.002104, 0.002266, 0.001554, 0.000974, 0.001599, 0.001525, 0.001402, 0.001324, 0.001360, 0.001294, 0.001354, 0.001229, 0.001322, 0.001165, 0.001435, 0.001367, 0.001494, 0.001241, 0.001515, 0.001326, 0.001633, 0.001292, 0.001484, 0.001416, 0.001370, 0.001472, 0.000093, 0.001754, 0.001684, 0.001666, 0.002039, 0.001959, 0.001965, 0.001989, 0.002036, 0.002106, 0.001988, 0.002037, 0.001866, 0.001992, 0.001883, 0.001720, 0.001853, 0.001705, 0.001950, 0.001768, 0.001868, 0.001777, 0.001891, 0.001953, 0.001763, 0.001163, 0.001958, 0.001914, 0.001673, 0.001644, 0.001554, 0.001588, 0.001468, 0.001503, 0.001385, 0.001510, 0.001362, 0.001457, 0.001305, 0.001523, 0.001370, 0.001436, 0.001381
0 , 1, 1, 1, 1, 1, 1, 1
0 , 0.008127, 0.010397, 0.012439, 0.014777, 0.017337, 0.020360, 0.025028
1 , 0.001666, 0.002039, 0.001959, 0.001965, 0.001989, 0.002036, 0.002106, 0.001988, 0.002037, 0.001866, 0.001992, 0.001883, 0.001720, 0.001853, 0.001705, 0.001950, 0.001768, 0.001868, 0.001777, 0.001891, 0.001953, 0.001763, 0.001163, 0.001958, 0.001914, 0.001673, 0.001644, 0.001554, 0.001588, 0.001468, 0.001503, 0.001385, 0.001510, 0.001362, 0.001457, 0.001305, 0.001523, 0.001370, 0.001436, 0.001381, 0.001361, 0.001205, 0.001364, 0.001215, 0.001389, 0.001247, 0.001499, 0.000452, 0.001531, 0.001680, 0.001929, 0.001848, 0.001854, 0.001684, 0.001883, 0.001747, 0.001826, 0.001771, 0.001753, 0.001978, 0.001838, 0.001856, 0.001789, 0.001917, 0.001938, 0.001838, 0.001835, 0.001720, 0.001878, 0.001953, 0.001823, 0.001801, 0.000073, 0.001609, 0.001868, 0.001654, 0.001690, 0.001411, 0.001684, 0.001443, 0.001481, 0.001331, 0.001490, 0.001340, 0.001470, 0.001258, 0.001328, 0.001235, 0.001363, 0.001093, 0.001347, 0.001249
1 , 1, 1, 1, 1, 1, 1, 1
1 , 0.011373, 0.014946, 0.017165, 0.018405, 0.020410, 0.018200, 0.018539
2 , 0.001929, 0.001848, 0.001854, 0.001684, 0.001883, 0.001747, 0.001826, 0.001771, 0.001753, 0.001978, 0.001838, 0.001856, 0.001789, 0.001917, 0.001938, 0.001838, 0.001835, 0.001720, 0.001878, 0.001953, 0.001823, 0.001801, 0.000073, 0.001609, 0.001868, 0.001654, 0.001690, 0.001411, 0.001684, 0.001443, 0.001481, 0.001331, 0.001490, 0.001340, 0.001470, 0.001258, 0.001328, 0.001235, 0.001363, 0.001093, 0.001347, 0.001249, 0.001350, 0.001171, 0.001389, 0.000957, 0.001144, 0.001983, 0.002039, 0.001910, 0.002059, 0.002173, 0.002130, 0.002168, 0.002046, 0.002185, 0.002030, 0.002161, 0.001862, 0.002020, 0.002138, 0.001963, 0.002101, 0.001898, 0.002140, 0.002119, 0.001916, 0.001959, 0.001844, 0.002072, 0.001053, 0.001592, 0.001888, 0.001845, 0.001694, 0.001751, 0.001595, 0.001719, 0.001596, 0.001869, 0.001626, 0.001686, 0.001595, 0.001778, 0.001683, 0.001807, 0.001684, 0.001808, 0.001717, 0.001754, 0.001540, 0.001787
2 , 1, 1, 1, 1, 1, 1, 1
2 , 0.013616, 0.016227, 0.019032, 0.018984, 0.014876, 0.014302, 0.014682
3 , 0.002039, 0.001910, 0.002059, 0.002173, 0.002130, 0.002168, 0.002046, 0.002185, 0.002030, 0.002161, 0.001862, 0.002020, 0.002138, 0.001963, 0.002101, 0.001898, 0.002140, 0.002119, 0.001916, 0.001959, 0.001844, 0.002072, 0.001053, 0.001592, 0.001888, 0.001845, 0.001694, 0.001751, 0.001595, 0.001719, 0.001596, 0.001869, 0.001626, 0.001686, 0.001595, 0.001778, 0.001683, 0.001807, 0.001684, 0.001808, 0.001717, 0.001754, 0.001540, 0.001787, 0.001545, 0.001639, 0.001374, 0.001698, 0.000069, 0.001702, 0.001559, 0.001922, 0.001607, 0.001780, 0.001655, 0.001965, 0.001889, 0.001849, 0.001860, 0.001850, 0.002112, 0.002029, 0.001965, 0.001844, 0.001922, 0.002171, 0.002037, 0.002128, 0.001909, 0.002030, 0.002188, 0.002134, 0.001954, 0.000319, 0.001281, 0.001545, 0.001479, 0.001441, 0.001437, 0.001462, 0.001336, 0.001482, 0.001385, 0.001597, 0.001414, 0.001566, 0.001408, 0.001563, 0.001491, 0.001583, 0.001458, 0.001577
3 , 1, 1, 1, 1, 1, 1, 1
3 , 0.009948, 0.012053, 0.013921, 0.016134, 0.015560, 0.019005, 0.016295
4 , 0.001922, 0.001607, 0.001780, 0.001655, 0.001965, 0.001889, 0.001849, 0.001860, 0.001850, 0.002112, 0.002029, 0.001965, 0.001844, 0.001922, 0.002171, 0.002037, 0.002128, 0.001909, 0.002030, 0.002188, 0.002134, 0.001954, 0.000319, 0.001281, 0.001545, 0.001479, 0.001441, 0.001437, 0.001462, 0.001336, 0.001482, 0.001385, 0.001597, 0.001414, 0.001566, 0.001408, 0.001563, 0.001491, 0.001583, 0.001458, 0.001577, 0.001512, 0.001600, 0.001660, 0.001866, 0.000871, 0.001024, 0.001444, 0.001466, 0.001400, 0.001397, 0.001569, 0.001665, 0.001758, 0.001567, 0.001825, 0.001743, 0.001868, 0.001795, 0.001653, 0.001947, 0.001838, 0.002011, 0.001789, 0.001869, 0.001990, 0.001801, 0.001917, 0.001766, 0.002119, 0.000475, 0.001677, 0.001724, 0.001693, 0.001388, 0.001363, 0.001238, 0.001364, 0.001273, 0.001398, 0.001212, 0.001401, 0.001307, 0.001463, 0.001300, 0.001394, 0.001352, 0.001530, 0.001457, 0.001571, 0.001507, 0.001686
4 , 1, 1, 1, 1, 1, 1, 1
4 , 0.012166, 0.014702, 0.018257, 0.017821, 0.015563, 0.015383, 0.015757
5 , 0.001466, 0.001400, 0.001397, 0.001569, 0.001665, 0.001758, 0.001567, 0.001825, 0.001743, 0.001868, 0.001795, 0.001653, 0.001947, 0.001838, 0.002011, 0.001789, 0.001869, 0.001990, 0.001801, 0.001917, 0.001766, 0.002119, 0.000475, 0.001677, 0.001724, 0.001693, 0.001388, 0.001363, 0.001238, 0.001364, 0.001273, 0.001398, 0.001212, 0.001401, 0.001307, 0.001463, 0.001300, 0.001394, 0.001352, 0.001530, 0.001457, 0.001571, 0.001507, 0.001686, 0.001438, 0.001651, 0.001522, 0.001568, 0.000565, 0.001597, 0.001462, 0.001750, 0.001729, 0.001692, 0.001774, 0.001841, 0.002063, 0.001862, 0.002031, 0.001780, 0.002252, 0.002108, 0.002141, 0.002103, 0.002027, 0.002411, 0.002306, 0.002413, 0.002277, 0.002387, 0.002412, 0.002458, 0.001383, 0.001141, 0.001361, 0.001521, 0.001245, 0.001231, 0.001316, 0.001436, 0.001367, 0.001362, 0.001328, 0.001506, 0.001405, 0.001643, 0.001514, 0.001572, 0.001446, 0.001720, 0.001503, 0.001683
5 , 1, 1, 1, 1, 1, 1, 1
5 , 0.010495, 0.013416, 0.015893, 0.018781, 0.018453, 0.020149, 0.019760
6 , 0.001750, 0.001729, 0.001692, 0.001774, 0.001841, 0.002063, 0.001862, 0.002031, 0.001780, 0.002252, 0.002108, 0.002141, 0.002103, 0.002027, 0.002411, 0.002306, 0.002413, 0.002277, 0.002387, 0.002412, 0.002458, 0.001383, 0.001141, 0.001361, 0.001521, 0.001245, 0.001231, 0.001316, 0.001436, 0.001367, 0.001362, 0.001328, 0.001506, 0.001405, 0.001643, 0.001514, 0.001572, 0.001446, 0.001720, 0.001503, 0.001683, 0.001591, 0.001893, 0.001529, 0.001765, 0.000127, 0.001263, 0.001491, 0.001532, 0.001491, 0.001444, 0.001759, 0.001623, 0.001827, 0.001771, 0.001892, 0.001950, 0.001786, 0.001777, 0.001668, 0.001911, 0.001886, 0.001905, 0.001820, 0.001872, 0.002026, 0.001738, 0.001886, 0.001762, 0.001846, 0.001817, 0.001799, 0.000713, 0.001634, 0.001618, 0.001563, 0.001653, 0.001408, 0.001439, 0.001376, 0.001589, 0.001338, 0.001552, 0.001366, 0.001519, 0.001548, 0.001638, 0.001423, 0.001575, 0.001539, 0.001633, 0.001568
6 , 1, 1, 1, 1, 1, 1, 1
6 , 0.012039, 0.014753, 0.019877, 0.020719, 0.020237, 0.018148, 0.018155
7 , 0.001491, 0.001444, 0.001759, 0.001623, 0.001827, 0.001771, 0.001892, 0.001950, 0.001786, 0.001777, 0.001668, 0.001911, 0.001886, 0.001905, 0.001820, 0.001872, 0.002026, 0.001738, 0.001886, 0.001762, 0.001846, 0.001817, 0.001799, 0.000713, 0.001634, 0.001618, 0.001563, 0.001653, 0.001408, 0.001439, 0.001376, 0.001589, 0.001338, 0.001552, 0.001366, 0.001519, 0.001548, 0.001638, 0.001423, 0.001575, 0.001539, 0.001633, 0.001568, 0.001629, 0.001444, 0.001630, 0.001421, 0.001545, 0.001451, 0.001577, 0.001399, 0.001583, 0.001464, 0.001590, 0.001345, 0.001595, 0.001318, 0.001415, 0.001295, 0.001392, 0.001269, 0.001426, 0.001367, 0.001433, 0.001244, 0.001462, 0.001249, 0.001408, 0.001274, 0.001456, 0.001263, 0.001534, 0.001342, 0.001705, 0.001485, 0.001668, 0.001478, 0.001630, 0.001444, 0.001688, 0.001442, 0.001594, 0.001406, 0.001680, 0.001616, 0.001740, 0.001647, 0.001831, 0.001496, 0.001739, 0.001553, 0.001707
7 , 2, 2, 2, 2, 2, 2, 2
7 , 0.007282, 0.008733, 0.009577, 0.010858, 0.011449, 0.010582, 0.010360
8 , 0.001399, 0.001583, 0.001464, 0.001590, 0.001345, 0.001595, 0.001318, 0.001415, 0.001295, 0.001392, 0.001269, 0.001426, 0.001367, 0.001433, 0.001244, 0.001462, 0.001249, 0.001408, 0.001274, 0.001456, 0.001263, 0.001534, 0.001342, 0.001705, 0.001485, 0.001668, 0.001478, 0.001630, 0.001444, 0.001688, 0.001442, 0.001594, 0.001406, 0.001680, 0.001616, 0.001740, 0.001647, 0.001831, 0.001496, 0.001739, 0.001553, 0.001707, 0.001554, 0.001835, 0.001679, 0.001802, 0.001527, 0.001654, 0.001503, 0.001662, 0.001419, 0.001577, 0.001425, 0.001433, 0.001312, 0.001473, 0.001355, 0.001394, 0.001300, 0.001458, 0.001336, 0.001428, 0.001299, 0.001487, 0.001267, 0.001509, 0.001351, 0.001472, 0.001378, 0.001559, 0.001374, 0.001527, 0.001435, 0.001618, 0.001490, 0.001639, 0.001546, 0.001699, 0.001603, 0.001604, 0.001479, 0.001781, 0.001563, 0.001625, 0.001503, 0.001596, 0.001625, 0.001721, 0.001570, 0.001603, 0.001485, 0.001579
8 , 0, 0, 0, 0, 0, 0, 0
8 , 0.006247, 0.007086, 0.007981, 0.008373, 0.008861, 0.008689, 0.008733
9 , 0.001419, 0.001577, 0.001425, 0.001433, 0.001312, 0.001473, 0.001355, 0.001394, 0.001300, 0.001458, 0.001336, 0.001428, 0.001299, 0.001487, 0.001267, 0.001509, 0.001351, 0.001472, 0.001378, 0.001559, 0.001374, 0.001527, 0.001435, 0.001618, 0.001490, 0.001639, 0.001546, 0.001699, 0.001603, 0.001604, 0.001479, 0.001781, 0.001563, 0.001625, 0.001503, 0.001596, 0.001625, 0.001721, 0.001570, 0.001603, 0.001485, 0.001579, 0.001519, 0.001521, 0.001464, 0.001494, 0.001500, 0.001439, 0.001473, 0.001472, 0.001473, 0.001353, 0.001475, 0.001419, 0.001449, 0.001534, 0.001592, 0.001496, 0.001495, 0.001523, 0.001647, 0.001491, 0.001583, 0.001493, 0.001460, 0.001519, 0.001670, 0.001453, 0.001515, 0.001485, 0.001549, 0.001518, 0.001581, 0.001456, 0.001580, 0.001549, 0.001614, 0.001397, 0.001585, 0.001373, 0.001562, 0.001288, 0.001411, 0.001380, 0.001443, 0.001314, 0.001494, 0.001464, 0.001587, 0.001338, 0.001526, 0.001402
9 , 3, 3, 3, 3, 3, 3, 3
9 , 0.003615, 0.003842, 0.004040, 0.004344, 0.004341, 0.004319, 0.004208
10 , 0.001472, 0.001473, 0.001353, 0.001475, 0.001419, 0.001449, 0.001534, 0.001592, 0.001496, 0.001495, 0.001523, 0.001647, 0.001491, 0.001583, 0.001493, 0.001460, 0.001519, 0.001670, 0.001453, 0.001515, 0.001485, 0.001549, 0.001518, 0.001581, 0.001456, 0.001580, 0.001549, 0.001614, 0.001397, 0.001585, 0.001373, 0.001562, 0.001288, 0.001411, 0.001380, 0.001443, 0.001314, 0.001494, 0.001464, 0.001587, 0.001338, 0.001526, 0.001402, 0.001586, 0.001524, 0.001469, 0.001468, 0.001503, 0.001350, 0.001625, 0.001410, 0.001594, 0.001501, 0.001627, 0.001439, 0.001476, 0.001345, 0.001651, 0.001376, 0.001534, 0.001347, 0.001562, 0.001407, 0.001590, 0.001374, 0.001591, 0.001435, 0.001560, 0.001554, 0.001552, 0.001364, 0.001731, 0.001548, 0.001643, 0.001546, 0.001606, 0.001394, 0.001581, 0.001458, 0.001520, 0.001427, 0.001581, 0.001396, 0.001642, 0.001487, 0.001615, 0.001492, 0.001588, 0.001530, 0.001596, 0.001446, 0.001476
10 , 2, 2, 2, 2, 2, 2, 2
10 , 0.001508, 0.001526, 0.001398, 0.001772, 0.001323, 0.001389, 0.001109
11 , 0.001625, 0.001410, 0.001594, 0.001501, 0.001627, 0.001439, 0.001476, 0.001345, 0.001651, 0.001376, 0.001534, 0.001347, 0.001562, 0.001407, 0.001590, 0.001374, 0.001591, 0.001435, 0.001560, 0.001554, 0.001552, 0.001364, 0.001731, 0.001548, 0.001643, 0.001546, 0.001606, 0.001394, 0.001581, 0.001458, 0.001520, 0.001427, 0.001581, 0.001396, 0.001642, 0.001487, 0.001615, 0.001492, 0.001588, 0.001530, 0.001596, 0.001446, 0.001476, 0.001448, 0.001474, 0.001446, 0.001481, 0.001358, 0.001540, 0.001570, 0.001417, 0.001416, 0.001476, 0.001568, 0.001445, 0.001413, 0.001410, 0.001375, 0.001494, 0.001555, 0.001428, 0.001517, 0.001486, 0.001602, 0.001602, 0.001540, 0.001537, 0.001508, 0.001564, 0.001597, 0.001564, 0.001748, 0.001564, 0.001660, 0.001478, 0.001633, 0.001481, 0.001610, 0.001427, 0.001585, 0.001405, 0.001501, 0.001317, 0.001446, 0.001419, 0.001545, 0.001422, 0.001487, 0.001301, 0.001519, 0.001276, 0.001522
11 , 0, 0, 3, 3, 3, 3, 1
11 , 0.001558, 0.001256, 0.000650, 0.000877, 0.001234, 0.001126, 0.001399
12 , 0.001481, 0.001358, 0.001540, 0.001570, 0.001417, 0.001416, 0.001476, 0.001568, 0.001445, 0.001413, 0.001410, 0.001375, 0.001494, 0.001555, 0.001428, 0.001517, 0.001486, 0.001602, 0.001602, 0.001540, 0.001537, 0.001508, 0.001564, 0.001597, 0.001564, 0.001748, 0.001564, 0.001660, 0.001478, 0.001633, 0.001481, 0.001610, 0.001427, 0.001585, 0.001405, 0.001501, 0.001317, 0.001446, 0.001419, 0.001545, 0.001422, 0.001487, 0.001301, 0.001519, 0.001276, 0.001522, 0.001303, 0.001550, 0.001363, 0.001455, 0.001421, 0.001485, 0.001357, 0.001510, 0.001315, 0.001469, 0.001374, 0.001586, 0.001401, 0.001553, 0.001458, 0.001549, 0.001454, 0.001634, 0.001479, 0.001634, 0.001479, 0.001601, 0.001508, 0.001628, 0.001594, 0.001688, 0.001535, 0.001626, 0.001532, 0.001657, 0.001594, 0.001569, 0.001448, 0.001602, 0.001514, 0.001487, 0.001430, 0.001429, 0.001432, 0.001466, 0.001376, 0.001414, 0.001542, 0.001389, 0.001273, 0.001279
12 , 0, 0, 0, 3, 3, 1, 1
12 , 0.002181, 0.001475, 0.000936, 0.000311, 0.000793, 0.001574, 0.002160
13 , 0.001303, 0.001550, 0.001363, 0.001455, 0.001421, 0.001485, 0.001357, 0.001510, 0.001315, 0.001469, 0.001374, 0.001586, 0.001401, 0.001553, 0.001458, 0.001549, 0.001454, 0.001634, 0.001479, 0.001634, 0.001479, 0.001601, 0.001508, 0.001628, 0.001594, 0.001688, 0.001535, 0.001626, 0.001532, 0.001657, 0.001594, 0.001569, 0.001448, 0.001602, 0.001514, 0.001487, 0.001430, 0.001429, 0.001432, 0.001466, 0.001376, 0.001414, 0.001542, 0.001389, 0.001273, 0.001279, 0.001247, 0.001216, 0.001345, 0.001253, 0.001315, 0.001165, 0.001356, 0.001200, 0.001267, 0.001268, 0.001366, 0.001238, 0.001390, 0.001301, 0.001333, 0.001173, 0.001229, 0.001345, 0.001465, 0.001336, 0.001484, 0.001450, 0.001541, 0.001440, 0.001563, 0.001465, 0.001616, 0.001460, 0.001614, 0.001547, 0.001761, 0.001421, 0.001604, 0.001449, 0.001603, 0.001508, 0.001631, 0.001535, 0.001780, 0.001505, 0.001658, 0.001501, 0.001594, 0.001502, 0.001622, 0.001527
13 , 0, 0, 0, 0, 2, 2, 2
13 , 0.007641, 0.006857, 0.006476, 0.005691, 0.005373, 0.005373, 0.006021
14 , 0.001247, 0.001216, 0.001345, 0.001253, 0.001315, 0.001165, 0.001356, 0.001200, 0.001267, 0.001268, 0.001366, 0.001238, 0.001390, 0.001301, 0.001333, 0.001173, 0.001229, 0.001345, 0.001465, 0.001336, 0.001484, 0.001450, 0.001541, 0.001440, 0.001563, 0.001465, 0.001616, 0.001460, 0.001614, 0.001547, 0.001761, 0.001421, 0.001604, 0.001449, 0.001603, 0.001508, 0.001631, 0.001535, 0.001780, 0.001505, 0.001658, 0.001501, 0.001594, 0.001502, 0.001622, 0.001527, 0.001742, 0.001526, 0.001742, 0.001587, 0.001621, 0.001560, 0.001716, 0.001534, 0.001510, 0.001391, 0.001609, 0.001546, 0.001640, 0.001423, 0.001612, 0.001522, 0.001675, 0.001646, 0.001529, 0.001410, 0.001499, 0.001561, 0.001559, 0.001466, 0.001559, 0.001466, 0.001531, 0.001464, 0.001593, 0.001534, 0.001507, 0.001327, 0.001326, 0.001417, 0.001474, 0.001415, 0.001476, 0.001507, 0.001476, 0.001540, 0.001477, 0.001502, 0.001531, 0.001503, 0.001474, 0.001415
14 , 3, 3, 3, 3, 3, 3, 3
14 , 0.007905, 0.008236, 0.007998, 0.008081, 0.007789, 0.007767, 0.007462
15 , 0.001526, 0.001742, 0.001587, 0.001621, 0.001560, 0.001716, 0.001534, 0.001510, 0.001391, 0.001609, 0.001546, 0.001640, 0.001423, 0.001612, 0.001522, 0.001675, 0.001646, 0.001529, 0.001410, 0.001499, 0.001561, 0.001559, 0.001466, 0.001559, 0.001466, 0.001531, 0.001464, 0.001593, 0.001534, 0.001507, 0.001327, 0.001326, 0.001417, 0.001474, 0.001415, 0.001476, 0.001507, 0.001476, 0.001540, 0.001477, 0.001502, 0.001531, 0.001503, 0.001474, 0.001415, 0.001389, 0.001420, 0.001452, 0.001639, 0.001477, 0.001595, 0.001439, 0.001501, 0.001496, 0.001713, 0.001431, 0.001645, 0.001573, 0.001634, 0.001478, 0.001658, 0.001594, 0.001744, 0.001561, 0.001746, 0.001591, 0.001808, 0.001563, 0.001690, 0.001568, 0.001847, 0.001540, 0.001662, 0.001542, 0.001667, 0.001454, 0.001490, 0.001304, 0.001582, 0.001429, 0.001676, 0.001495, 0.001565, 0.001350, 0.001444, 0.001505, 0.001537, 0.001320, 0.001539, 0.001293, 0.001416, 0.001349
15 , 1, 1, 1, 1, 1, 1, 1
15 , 0.002863, 0.003495, 0.004031, 0.004912, 0.005053, 0.005043, 0.004992
16 , 0.001595, 0.001439, 0.001501, 0.001496, 0.001713, 0.001431, 0.001645, 0.001573, 0.001634, 0.001478, 0.001658, 0.001594, 0.001744, 0.001561, 0.001746, 0.001591, 0.001808, 0.001563, 0.001690, 0.001568, 0.001847, 0.001540, 0.001662, 0.001542, 0.001667, 0.001454, 0.001490, 0.001304, 0.001582, 0.001429, 0.001676, 0.001495, 0.001565, 0.001350, 0.001444, 0.001505, 0.001537, 0.001320, 0.001539, 0.001293, 0.001416, 0.001349, 0.001440, 0.001434, 0.001525, 0.001374, 0.001464, 0.001374, 0.001405, 0.001403, 0.001584, 0.001424, 0.001548, 0.001521, 0.001579, 0.001543, 0.001692, 0.001634, 0.001664, 0.001542, 0.001481, 0.001574, 0.001515, 0.001457, 0.001552, 0.001614, 0.001460, 0.001460, 0.001552, 0.001552, 0.001520, 0.001615, 0.001491, 0.001495, 0.001495, 0.001557, 0.001342, 0.001588, 0.001472, 0.001565, 0.001408, 0.001628, 0.001444, 0.001601, 0.001329, 0.001487, 0.001336, 0.001463, 0.001246, 0.001431, 0.001305, 0.001519
16 , 1, 1, 1, 1, 1, 1, 1
16 , 0.002786, 0.003094, 0.004202, 0.004398, 0.005153, 0.005545, 0.006353
