0 , 0.001696, 0.001742, 0.001909, 0.001770, 0.001829, 0.001787, 0.001867, 0.002040, 0.001835, 0.002056, 0.002075, 0.002193, 0.002191, 0.002184, 0.002279, 0.002105, 0.002260, 0.001999, 0.002266, 0.002214, 0.002303, 0.002160, 0.002225, 0.000464, 0.001398, 0.001398, 0.001366, 0.001239, 0.001202, 0.001292, 0.001319, 0.001346, 0.001399, 0.001453, 0.001325, 0.001443, 0.001469, 0.001525, 0.001369, 0.001492, 0.001519, 0.001458, 0.001549, 0.001549, 0.001460, 0.001610, 0.001143, 0.000907, 0.001704, 0.001633, 0.001588, 0.001812, 0.001696, 0.001767, 0.001570, 0.001682, 0.001786, 0.001662, 0.001647, 0.001528, 0.001760, 0.001570, 0.001590, 0.001518, 0.001466, 0.001754, 0.001606, 0.001587, 0.001543, 0.001430, 0.001700, 0.000533, 0.002115, 0.001811, 0.001781, 0.001630, 0.001786, 0.001515, 0.001612, 0.001311, 0.001537, 0.001300, 0.001502, 0.001168, 0.001341, 0.001044, 0.001172, 0.000991, 0.001160, 0.000947, 0.001139, 0.000956
0 , 1, 1, 1, 1, 1, 1, 1
0 , 0.011910, 0.013998, 0.016853, 0.019906, 0.020740, 0.019733, 0.019868
1 , 0.001588, 0.001812, 0.001696, 0.001767, 0.001570, 0.001682, 0.001786, 0.001662, 0.001647, 0.001528, 0.001760, 0.001570, 0.001590, 0.001518, 0.001466, 0.001754, 0.001606, 0.001587, 0.001543, 0.001430, 0.001700, 0.000533, 0.002115, 0.001811, 0.001781, 0.001630, 0.001786, 0.001515, 0.001612, 0.001311, 0.001537, 0.001300, 0.001502, 0.001168, 0.001341, 0.001044, 0.001172, 0.000991, 0.001160, 0.000947, 0.001139, 0.000956, 0.001172, 0.001014, 0.001108, 0.000783, 0.001167, 0.000801, 0.002192, 0.002156, 0.002280, 0.002072, 0.002184, 0.002117, 0.002387, 0.002046, 0.002224, 0.001998, 0.002143, 0.002195, 0.002083, 0.002126, 0.001986, 0.002196, 0.002033, 0.002115, 0.002087, 0.001850, 0.002063, 0.001949, 0.002057, 0.001688, 0.000638, 0.001617, 0.001610, 0.001707, 0.001427, 0.001367, 0.001396, 0.001397, 0.001335, 0.001336, 0.001310, 0.001433, 0.001438, 0.001347, 0.001289, 0.001320, 0.001322, 0.001350, 0.001259, 0.001200
1 , 1, 1, 1, 1, 1, 1, 1
1 , 0.016995, 0.019508, 0.022276, 0.022290, 0.025417, 0.022914, 0.022211
2 , 0.002280, 0.002072, 0.002184, 0.002117, 0.002387, 0.002046, 0.002224, 0.001998, 0.002143, 0.002195, 0.002083, 0.002126, 0.001986, 0.002196, 0.002033, 0.002115, 0.002087, 0.001850, 0.002063, 0.001949, 0.002057, 0.001688, 0.000638, 0.001617, 0.001610, 0.001707, 0.001427, 0.001367, 0.001396, 0.001397, 0.001335, 0.001336, 0.001310, 0.001433, 0.001438, 0.001347, 0.001289, 0.001320, 0.001322, 0.001350, 0.001259, 0.001200, 0.001289, 0.001205, 0.001489, 0.000349, 0.001492, 0.001856, 0.001901, 0.001725, 0.001923, 0.001996, 0.002039, 0.002036, 0.001841, 0.002023, 0.001880, 0.002016, 0.001833, 0.001839, 0.001936, 0.001881, 0.001959, 0.001693, 0.001967, 0.001788, 0.001854, 0.001796, 0.001660, 0.001868, 0.001687, 0.001894, 0.000090, 0.001500, 0.001874, 0.001691, 0.001690, 0.001445, 0.001599, 0.001382, 0.001690, 0.001506, 0.001635, 0.001357, 0.001516, 0.001391, 0.001581, 0.001365, 0.001496, 0.001372, 0.001500, 0.001226
2 , 1, 1, 1, 1, 1, 1, 1
2 , 0.021243, 0.023311, 0.026771, 0.027154, 0.024758, 0.021014, 0.020101
3 , 0.001725, 0.001923, 0.001996, 0.002039, 0.002036, 0.001841, 0.002023, 0.001880, 0.002016, 0.001833, 0.001839, 0.001936, 0.001881, 0.001959, 0.001693, 0.001967, 0.001788, 0.001854, 0.001796, 0.001660, 0.001868, 0.001687, 0.001894, 0.000090, 0.001500, 0.001874, 0.001691, 0.001690, 0.001445, 0.001599, 0.001382, 0.001690, 0.001506, 0.001635, 0.001357, 0.001516, 0.001391, 0.001581, 0.001365, 0.001496, 0.001372, 0.001500, 0.001226, 0.001469, 0.001283, 0.001498, 0.001191, 0.001558, 0.001089, 0.000934, 0.001665, 0.001863, 0.001945, 0.001695, 0.002047, 0.001941, 0.001872, 0.001690, 0.001804, 0.001716, 0.001691, 0.001890, 0.001674, 0.001981, 0.001815, 0.001951, 0.001826, 0.001710, 0.001895, 0.001821, 0.001915, 0.001658, 0.001989, 0.001268, 0.001488, 0.001692, 0.001774, 0.001746, 0.001679, 0.001585, 0.001555, 0.001495, 0.001524, 0.001557, 0.001436, 0.001592, 0.001500, 0.001596, 0.001384, 0.001450, 0.001389, 0.001427
3 , 1, 1, 1, 1, 1, 1, 1
3 , 0.009968, 0.011571, 0.012706, 0.014199, 0.015002, 0.013716, 0.014048
4 , 0.001665, 0.001863, 0.001945, 0.001695, 0.002047, 0.001941, 0.001872, 0.001690, 0.001804, 0.001716, 0.001691, 0.001890, 0.001674, 0.001981, 0.001815, 0.001951, 0.001826, 0.001710, 0.001895, 0.001821, 0.001915, 0.001658, 0.001989, 0.001268, 0.001488, 0.001692, 0.001774, 0.001746, 0.001679, 0.001585, 0.001555, 0.001495, 0.001524, 0.001557, 0.001436, 0.001592, 0.001500, 0.001596, 0.001384, 0.001450, 0.001389, 0.001427, 0.001459, 0.001344, 0.001340, 0.001261, 0.001455, 0.000003, 0.001905, 0.001825, 0.001928, 0.002021, 0.001998, 0.002015, 0.001748, 0.002058, 0.002042, 0.002206, 0.001988, 0.002028, 0.002259, 0.002219, 0.002202, 0.002044, 0.002129, 0.002053, 0.002111, 0.002121, 0.001971, 0.002190, 0.001956, 0.001849, 0.000795, 0.001557, 0.001697, 0.001516, 0.001516, 0.001391, 0.001516, 0.001394, 0.001640, 0.001544, 0.001421, 0.001269, 0.001546, 0.001426, 0.001520, 0.001331, 0.001493, 0.001372, 0.001529, 0.001280
4 , 1, 1, 1, 1, 1, 1, 1
4 , 0.011347, 0.013322, 0.016393, 0.018494, 0.022947, 0.020060, 0.018971
5 , 0.001928, 0.002021, 0.001998, 0.002015, 0.001748, 0.002058, 0.002042, 0.002206, 0.001988, 0.002028, 0.002259, 0.002219, 0.002202, 0.002044, 0.002129, 0.002053, 0.002111, 0.002121, 0.001971, 0.002190, 0.001956, 0.001849, 0.000795, 0.001557, 0.001697, 0.001516, 0.001516, 0.001391, 0.001516, 0.001394, 0.001640, 0.001544, 0.001421, 0.001269, 0.001546, 0.001426, 0.001520, 0.001331, 0.001493, 0.001372, 0.001529, 0.001280, 0.001554, 0.001340, 0.001585, 0.001316, 0.001665, 0.000558, 0.001503, 0.001781, 0.001786, 0.002002, 0.001804, 0.001938, 0.002099, 0.002117, 0.002217, 0.002155, 0.002229, 0.002077, 0.002093, 0.002005, 0.002059, 0.002257, 0.002129, 0.002163, 0.001944, 0.002118, 0.002142, 0.002175, 0.002066, 0.002123, 0.000595, 0.001491, 0.001558, 0.001616, 0.001581, 0.001457, 0.001367, 0.001394, 0.001333, 0.001392, 0.001396, 0.001332, 0.001426, 0.001308, 0.001371, 0.001339, 0.001279, 0.001253, 0.001322, 0.001293
5 , 1, 1, 1, 1, 1, 1, 1
5 , 0.019092, 0.023332, 0.025735, 0.027116, 0.028428, 0.026346, 0.025807
6 , 0.001786, 0.002002, 0.001804, 0.001938, 0.002099, 0.002117, 0.002217, 0.002155, 0.002229, 0.002077, 0.002093, 0.002005, 0.002059, 0.002257, 0.002129, 0.002163, 0.001944, 0.002118, 0.002142, 0.002175, 0.002066, 0.002123, 0.000595, 0.001491, 0.001558, 0.001616, 0.001581, 0.001457, 0.001367, 0.001394, 0.001333, 0.001392, 0.001396, 0.001332, 0.001426, 0.001308, 0.001371, 0.001339, 0.001279, 0.001253, 0.001322, 0.001293, 0.001480, 0.001357, 0.001357, 0.000981, 0.001049, 0.002059, 0.001858, 0.001975, 0.002171, 0.001992, 0.002108, 0.001974, 0.002051, 0.002048, 0.002017, 0.002072, 0.001981, 0.002127, 0.001975, 0.002178, 0.001935, 0.001805, 0.002035, 0.001920, 0.002038, 0.001978, 0.002051, 0.002300, 0.001331, 0.001430, 0.001467, 0.001309, 0.001108, 0.001262, 0.001086, 0.001163, 0.000981, 0.001117, 0.000970, 0.001099, 0.000860, 0.001109, 0.001006, 0.001220, 0.001087, 0.001205, 0.001096, 0.001273, 0.001083, 0.001323
6 , 1, 1, 1, 1, 1, 1, 1
6 , 0.026299, 0.030207, 0.034389, 0.036095, 0.032931, 0.031769, 0.030634
7 , 0.001975, 0.002171, 0.001992, 0.002108, 0.001974, 0.002051, 0.002048, 0.002017, 0.002072, 0.001981, 0.002127, 0.001975, 0.002178, 0.001935, 0.001805, 0.002035, 0.001920, 0.002038, 0.001978, 0.002051, 0.002300, 0.001331, 0.001430, 0.001467, 0.001309, 0.001108, 0.001262, 0.001086, 0.001163, 0.000981, 0.001117, 0.000970, 0.001099, 0.000860, 0.001109, 0.001006, 0.001220, 0.001087, 0.001205, 0.001096, 0.001273, 0.001083, 0.001323, 0.001309, 0.001360, 0.001117, 0.001641, 0.000217, 0.001646, 0.001715, 0.001783, 0.001709, 0.001770, 0.001748, 0.002041, 0.001817, 0.001969, 0.001758, 0.001809, 0.002019, 0.001965, 0.002020, 0.001862, 0.002114, 0.001975, 0.002054, 0.001945, 0.002033, 0.002266, 0.002020, 0.002103, 0.001867, 0.000285, 0.001550, 0.001514, 0.001427, 0.001297, 0.001392, 0.001268, 0.001264, 0.001415, 0.001449, 0.001237, 0.001174, 0.001296, 0.001327, 0.001388, 0.001267, 0.001240, 0.001271, 0.001330, 0.001238
7 , 1, 1, 1, 1, 1, 1, 1
7 , 0.024142, 0.027736, 0.030753, 0.031243, 0.034012, 0.030785, 0.029646
8 , 0.001783, 0.001709, 0.001770, 0.001748, 0.002041, 0.001817, 0.001969, 0.001758, 0.001809, 0.002019, 0.001965, 0.002020, 0.001862, 0.002114, 0.001975, 0.002054, 0.001945, 0.002033, 0.002266, 0.002020, 0.002103, 0.001867, 0.000285, 0.001550, 0.001514, 0.001427, 0.001297, 0.001392, 0.001268, 0.001264, 0.001415, 0.001449, 0.001237, 0.001174, 0.001296, 0.001327, 0.001388, 0.001267, 0.001240, 0.001271, 0.001330, 0.001238, 0.001415, 0.001269, 0.001435, 0.000542, 0.001638, 0.001920, 0.001893, 0.001880, 0.002227, 0.002120, 0.002123, 0.002147, 0.002154, 0.002356, 0.002107, 0.002268, 0.002144, 0.002278, 0.002144, 0.002103, 0.002140, 0.002046, 0.002241, 0.002086, 0.002235, 0.002120, 0.002151, 0.002422, 0.000559, 0.001527, 0.001438, 0.001399, 0.001305, 0.001397, 0.001234, 0.001411, 0.001219, 0.001463, 0.001186, 0.001491, 0.001330, 0.001394, 0.001179, 0.001453, 0.001389, 0.001454, 0.001236, 0.001542, 0.001326, 0.001512
8 , 1, 1, 1, 1, 1, 1, 1
8 , 0.024644, 0.028357, 0.033350, 0.031700, 0.028370, 0.027393, 0.026564
9 , 0.001893, 0.001880, 0.002227, 0.002120, 0.002123, 0.002147, 0.002154, 0.002356, 0.002107, 0.002268, 0.002144, 0.002278, 0.002144, 0.002103, 0.002140, 0.002046, 0.002241, 0.002086, 0.002235, 0.002120, 0.002151, 0.002422, 0.000559, 0.001527, 0.001438, 0.001399, 0.001305, 0.001397, 0.001234, 0.001411, 0.001219, 0.001463, 0.001186, 0.001491, 0.001330, 0.001394, 0.001179, 0.001453, 0.001389, 0.001454, 0.001236, 0.001542, 0.001326, 0.001512, 0.001330, 0.001457, 0.001123, 0.001351, 0.000904, 0.001737, 0.001972, 0.002144, 0.001829, 0.001953, 0.001777, 0.002157, 0.002107, 0.002181, 0.002083, 0.002135, 0.002280, 0.002146, 0.002264, 0.002062, 0.002125, 0.002079, 0.002159, 0.002165, 0.001965, 0.002187, 0.002060, 0.002203, 0.001284, 0.001013, 0.001503, 0.001522, 0.001465, 0.001376, 0.001438, 0.001402, 0.001404, 0.001284, 0.001374, 0.001345, 0.001346, 0.001342, 0.001344, 0.001317, 0.001349, 0.001380, 0.001415, 0.001261
9 , 1, 1, 1, 1, 1, 1, 1
9 , 0.022654, 0.026241, 0.028950, 0.032487, 0.032120, 0.032614, 0.030517
10 , 0.002144, 0.001829, 0.001953, 0.001777, 0.002157, 0.002107, 0.002181, 0.002083, 0.002135, 0.002280, 0.002146, 0.002264, 0.002062, 0.002125, 0.002079, 0.002159, 0.002165, 0.001965, 0.002187, 0.002060, 0.002203, 0.001284, 0.001013, 0.001503, 0.001522, 0.001465, 0.001376, 0.001438, 0.001402, 0.001404, 0.001284, 0.001374, 0.001345, 0.001346, 0.001342, 0.001344, 0.001317, 0.001349, 0.001380, 0.001415, 0.001261, 0.001294, 0.001440, 0.001296, 0.001552, 0.000166, 0.001857, 0.001878, 0.001850, 0.001671, 0.002059, 0.002108, 0.002142, 0.002078, 0.002005, 0.002297, 0.002011, 0.002118, 0.002078, 0.002184, 0.002191, 0.001963, 0.002069, 0.001914, 0.002060, 0.002042, 0.002075, 0.002051, 0.002041, 0.002266, 0.001919, 0.002046, 0.000527, 0.001475, 0.001564, 0.001415, 0.001564, 0.001373, 0.001585, 0.001274, 0.001398, 0.001336, 0.001552, 0.001273, 0.001394, 0.001298, 0.001483, 0.001359, 0.001548, 0.001455, 0.001517, 0.001394
10 , 1, 1, 1, 1, 1, 1, 1
10 , 0.023682, 0.026421, 0.031772, 0.031098, 0.029798, 0.026969, 0.026055
11 , 0.001850, 0.001671, 0.002059, 0.002108, 0.002142, 0.002078, 0.002005, 0.002297, 0.002011, 0.002118, 0.002078, 0.002184, 0.002191, 0.001963, 0.002069, 0.001914, 0.002060, 0.002042, 0.002075, 0.002051, 0.002041, 0.002266, 0.001919, 0.002046, 0.000527, 0.001475, 0.001564, 0.001415, 0.001564, 0.001373, 0.001585, 0.001274, 0.001398, 0.001336, 0.001552, 0.001273, 0.001394, 0.001298, 0.001483, 0.001359, 0.001548, 0.001455, 0.001517, 0.001394, 0.001516, 0.001362, 0.001612, 0.001333, 0.001401, 0.001315, 0.001530, 0.001223, 0.001472, 0.001167, 0.001413, 0.001318, 0.001501, 0.001373, 0.001437, 0.001279, 0.001495, 0.001307, 0.001464, 0.001214, 0.001433, 0.001280, 0.001467, 0.001166, 0.001351, 0.001140, 0.001322, 0.001285, 0.001346, 0.001096, 0.001373, 0.001274, 0.001459, 0.001275, 0.001406, 0.001282, 0.001346, 0.001221, 0.001406, 0.001251, 0.001499, 0.001254, 0.001346, 0.001342, 0.001405, 0.001313, 0.001415, 0.001167
11 , 1, 1, 1, 1, 2, 1, 2
11 , 0.010108, 0.012399, 0.012766, 0.013674, 0.014316, 0.015299, 0.013464
12 , 0.001223, 0.001472, 0.001167, 0.001413, 0.001318, 0.001501, 0.001373, 0.001437, 0.001279, 0.001495, 0.001307, 0.001464, 0.001214, 0.001433, 0.001280, 0.001467, 0.001166, 0.001351, 0.001140, 0.001322, 0.001285, 0.001346, 0.001096, 0.001373, 0.001274, 0.001459, 0.001275, 0.001406, 0.001282, 0.001346, 0.001221, 0.001406, 0.001251, 0.001499, 0.001254, 0.001346, 0.001342, 0.001405, 0.001313, 0.001415, 0.001167, 0.001350, 0.001226, 0.001391, 0.001176, 0.001301, 0.001173, 0.001271, 0.001147, 0.001354, 0.001260, 0.001294, 0.001294, 0.001329, 0.001176, 0.001237, 0.001178, 0.001305, 0.001273, 0.001238, 0.001267, 0.001270, 0.001296, 0.001290, 0.001352, 0.001272, 0.001216, 0.001156, 0.001211, 0.001241, 0.001152, 0.001157, 0.001155, 0.001213, 0.001303, 0.001243, 0.001273, 0.001241, 0.001207, 0.001297, 0.001382, 0.001325, 0.001446, 0.001352, 0.001561, 0.001373, 0.001311, 0.001399, 0.001425, 0.001361, 0.001544, 0.001360
12 , 2, 2, 2, 2, 2, 2, 2
12 , 0.001732, 0.001915, 0.002232, 0.002450, 0.002710, 0.003091, 0.003527
13 , 0.001294, 0.001329, 0.001176, 0.001237, 0.001178, 0.001305, 0.001273, 0.001238, 0.001267, 0.001270, 0.001296, 0.001290, 0.001352, 0.001272, 0.001216, 0.001156, 0.001211, 0.001241, 0.001152, 0.001157, 0.001155, 0.001213, 0.001303, 0.001243, 0.001273, 0.001241, 0.001207, 0.001297, 0.001382, 0.001325, 0.001446, 0.001352, 0.001561, 0.001373, 0.001311, 0.001399, 0.001425, 0.001361, 0.001544, 0.001360, 0.001603, 0.001417, 0.001480, 0.001448, 0.001600, 0.001412, 0.001506, 0.001443, 0.001476, 0.001416, 0.001388, 0.001299, 0.001426, 0.001335, 0.001374, 0.001401, 0.001557, 0.001368, 0.001520, 0.001334, 0.001460, 0.001364, 0.001394, 0.001419, 0.001509, 0.001317, 0.001625, 0.001439, 0.001618, 0.001432, 0.001679, 0.001552, 0.001735, 0.001518, 0.001703, 0.001578, 0.001822, 0.001574, 0.001910, 0.001757, 0.001816, 0.001846, 0.001786, 0.001602, 0.001877, 0.001601, 0.001852, 0.001612, 0.001500, 0.001413, 0.001489, 0.001346
13 , 0, 0, 0, 0, 0, 0, 0
13 , 0.007204, 0.007620, 0.008020, 0.007889, 0.007750, 0.007318, 0.007155
14 , 0.001476, 0.001416, 0.001388, 0.001299, 0.001426, 0.001335, 0.001374, 0.001401, 0.001557, 0.001368, 0.001520, 0.001334, 0.001460, 0.001364, 0.001394, 0.001419, 0.001509, 0.001317, 0.001625, 0.001439, 0.001618, 0.001432, 0.001679, 0.001552, 0.001735, 0.001518, 0.001703, 0.001578, 0.001822, 0.001574, 0.001910, 0.001757, 0.001816, 0.001846, 0.001786, 0.001602, 0.001877, 0.001601, 0.001852, 0.001612, 0.001500, 0.001413, 0.001489, 0.001346, 0.001392, 0.001244, 0.001411, 0.001111, 0.001210, 0.001113, 0.001332, 0.001178, 0.001210, 0.001123, 0.001186, 0.001182, 0.001249, 0.001149, 0.001144, 0.001232, 0.001414, 0.001163, 0.001227, 0.001164, 0.001225, 0.001194, 0.001249, 0.001359, 0.001356, 0.001260, 0.001320, 0.001228, 0.001288, 0.001407, 0.001315, 0.001340, 0.001341, 0.001316, 0.001346, 0.001403, 0.001463, 0.001430, 0.001370, 0.001371, 0.001434, 0.001495, 0.001430, 0.001493, 0.001399, 0.001431, 0.001312, 0.001371
14 , 0, 0, 0, 0, 0, 0, 0
14 , 0.009055, 0.009090, 0.008639, 0.008771, 0.008029, 0.007719, 0.006312
15 , 0.001111, 0.001210, 0.001113, 0.001332, 0.001178, 0.001210, 0.001123, 0.001186, 0.001182, 0.001249, 0.001149, 0.001144, 0.001232, 0.001414, 0.001163, 0.001227, 0.001164, 0.001225, 0.001194, 0.001249, 0.001359, 0.001356, 0.001260, 0.001320, 0.001228, 0.001288, 0.001407, 0.001315, 0.001340, 0.001341, 0.001316, 0.001346, 0.001403, 0.001463, 0.001430, 0.001370, 0.001371, 0.001434, 0.001495, 0.001430, 0.001493, 0.001399, 0.001431, 0.001312, 0.001371, 0.001373, 0.001534, 0.001262, 0.001415, 0.001172, 0.001328, 0.001264, 0.001454, 0.001358, 0.001387, 0.001293, 0.001356, 0.001322, 0.001446, 0.001319, 0.001415, 0.001263, 0.001539, 0.001296, 0.001489, 0.001215, 0.001403, 0.001217, 0.001252, 0.000980, 0.001285, 0.001187, 0.001347, 0.001167, 0.001322, 0.001103, 0.001263, 0.001077, 0.001232, 0.001165, 0.001291, 0.001131, 0.001403, 0.001273, 0.001422, 0.001264, 0.001384, 0.001285, 0.001525, 0.001368, 0.001461, 0.001365
15 , 3, 3, 3, 3, 3, 3, 0
15 , 0.005566, 0.005596, 0.004621, 0.004524, 0.004061, 0.003899, 0.003550
16 , 0.001262, 0.001415, 0.001172, 0.001328, 0.001264, 0.001454, 0.001358, 0.001387, 0.001293, 0.001356, 0.001322, 0.001446, 0.001319, 0.001415, 0.001263, 0.001539, 0.001296, 0.001489, 0.001215, 0.001403, 0.001217, 0.001252, 0.000980, 0.001285, 0.001187, 0.001347, 0.001167, 0.001322, 0.001103, 0.001263, 0.001077, 0.001232, 0.001165, 0.001291, 0.001131, 0.001403, 0.001273, 0.001422, 0.001264, 0.001384, 0.001285, 0.001525, 0.001368, 0.001461, 0.001365, 0.001428, 0.001426, 0.001580, 0.001426, 0.001609, 0.001513, 0.001639, 0.001511, 0.001605, 0.001511, 0.001633, 0.001510, 0.001632, 0.001569, 0.001602, 0.001478, 0.001571, 0.001454, 0.001490, 0.001522, 0.001524, 0.001317, 0.001382, 0.001292, 0.001388, 0.001299, 0.001364, 0.001336, 0.001305, 0.001308, 0.001399, 0.001430, 0.001305, 0.001458, 0.001396, 0.001456, 0.001394, 0.001328, 0.001354, 0.001322, 0.001290, 0.001529, 0.001369, 0.001496, 0.001402, 0.001520, 0.001452
16 , 1, 1, 1, 1, 1, 1, 3
16 , 0.005547, 0.005431, 0.004891, 0.004157, 0.002970, 0.002435, 0.001710
