0 , 0.001835, 0.001817, 0.001917, 0.001969, 0.001951, 0.001859, 0.001829, 0.002021, 0.001971, 0.002007, 0.001941, 0.002089, 0.002184, 0.002103, 0.002204, 0.002167, 0.002160, 0.002403, 0.000610, 0.001576, 0.001403, 0.001368, 0.001276, 0.001309, 0.001151, 0.001208, 0.001113, 0.001419, 0.001250, 0.001404, 0.001331, 0.001383, 0.001345, 0.001494, 0.001334, 0.001425, 0.001269, 0.001512, 0.001416, 0.001658, 0.001379, 0.001570, 0.000770, 0.001668, 0.001796, 0.001740, 0.001561, 0.001701, 0.001786, 0.002014, 0.001877, 0.001963, 0.001851, 0.002039, 0.002009, 0.001939, 0.001948, 0.001954, 0.002033, 0.001966, 0.001994, 0.001969, 0.002024, 0.002252, 0.002112, 0.002245, 0.001424, 0.000856, 0.001479, 0.001403, 0.001438, 0.001463, 0.001437, 0.001223, 0.001404, 0.001248, 0.001247, 0.001243, 0.001463, 0.001335, 0.001396, 0.001363, 0.001335, 0.001300, 0.001361, 0.001333, 0.001399, 0.001339, 0.001337, 0.001363, 0.001257, 0.001484
0 , 1, 1, 1, 1, 1, 1, 1
0 , 0.024861, 0.024343, 0.023347, 0.022548, 0.022743, 0.021021, 0.017913
1 , 0.001561, 0.001701, 0.001786, 0.002014, 0.001877, 0.001963, 0.001851, 0.002039, 0.002009, 0.001939, 0.001948, 0.001954, 0.002033, 0.001966, 0.001994, 0.001969, 0.002024, 0.002252, 0.002112, 0.002245, 0.001424, 0.000856, 0.001479, 0.001403, 0.001438, 0.001463, 0.001437, 0.001223, 0.001404, 0.001248, 0.001247, 0.001243, 0.001463, 0.001335, 0.001396, 0.001363, 0.001335, 0.001300, 0.001361, 0.001333, 0.001399, 0.001339, 0.001337, 0.001363, 0.001257, 0.001484, 0.000045, 0.001823, 0.001911, 0.001973, 0.001834, 0.002026, 0.002020, 0.002144, 0.002042, 0.001999, 0.002172, 0.002069, 0.002248, 0.001949, 0.002171, 0.002198, 0.002122, 0.002219, 0.001964, 0.002243, 0.002159, 0.002160, 0.002226, 0.002140, 0.002329, 0.000042, 0.001544, 0.001470, 0.001509, 0.001315, 0.001559, 0.001219, 0.001431, 0.001302, 0.001394, 0.001270, 0.001392, 0.001204, 0.001482, 0.001234, 0.001355, 0.001320, 0.001624, 0.001346, 0.001443, 0.001406
1 , 1, 1, 1, 1, 1, 1, 1
1 , 0.023631, 0.027043, 0.027964, 0.031098, 0.027520, 0.026582, 0.025710
2 , 0.001973, 0.001834, 0.002026, 0.002020, 0.002144, 0.002042, 0.001999, 0.002172, 0.002069, 0.002248, 0.001949, 0.002171, 0.002198, 0.002122, 0.002219, 0.001964, 0.002243, 0.002159, 0.002160, 0.002226, 0.002140, 0.002329, 0.000042, 0.001544, 0.001470, 0.001509, 0.001315, 0.001559, 0.001219, 0.001431, 0.001302, 0.001394, 0.001270, 0.001392, 0.001204, 0.001482, 0.001234, 0.001355, 0.001320, 0.001624, 0.001346, 0.001443, 0.001406, 0.001412, 0.001310, 0.000953, 0.001279, 0.001799, 0.001838, 0.001938, 0.001760, 0.001963, 0.001881, 0.002145, 0.002126, 0.002135, 0.002186, 0.002139, 0.002358, 0.002129, 0.002227, 0.002234, 0.002298, 0.002423, 0.002316, 0.002389, 0.002130, 0.002268, 0.002163, 0.002274, 0.002149, 0.002172, 0.001150, 0.001214, 0.001472, 0.001429, 0.001453, 0.001416, 0.001411, 0.001376, 0.001492, 0.001427, 0.001521, 0.001337, 0.001520, 0.001309, 0.001461, 0.001309, 0.001560, 0.001344, 0.001474, 0.001359
2 , 1, 1, 1, 1, 1, 1, 1
2 , 0.023133, 0.027902, 0.031526, 0.034656, 0.032149, 0.030748, 0.028986
3 , 0.001938, 0.001760, 0.001963, 0.001881, 0.002145, 0.002126, 0.002135, 0.002186, 0.002139, 0.002358, 0.002129, 0.002227, 0.002234, 0.002298, 0.002423, 0.002316, 0.002389, 0.002130, 0.002268, 0.002163, 0.002274, 0.002149, 0.002172, 0.001150, 0.001214, 0.001472, 0.001429, 0.001453, 0.001416, 0.001411, 0.001376, 0.001492, 0.001427, 0.001521, 0.001337, 0.001520, 0.001309, 0.001461, 0.001309, 0.001560, 0.001344, 0.001474, 0.001359, 0.001364, 0.001277, 0.001228, 0.001168, 0.001124, 0.001069, 0.000758, 0.002261, 0.002093, 0.002323, 0.002449, 0.002175, 0.002387, 0.002236, 0.002469, 0.002412, 0.002462, 0.002526, 0.002439, 0.002531, 0.002305, 0.002521, 0.002301, 0.002251, 0.002447, 0.002258, 0.002498, 0.002187, 0.002400, 0.002460, 0.001856, 0.000922, 0.001335, 0.001373, 0.001096, 0.001303, 0.001148, 0.001265, 0.001078, 0.001323, 0.001165, 0.001263, 0.001101, 0.001312, 0.001272, 0.001392, 0.001173, 0.001413, 0.001289
3 , 1, 1, 1, 1, 1, 1, 1
3 , 0.025014, 0.028851, 0.032725, 0.035934, 0.039419, 0.041482, 0.042677
4 , 0.002323, 0.002449, 0.002175, 0.002387, 0.002236, 0.002469, 0.002412, 0.002462, 0.002526, 0.002439, 0.002531, 0.002305, 0.002521, 0.002301, 0.002251, 0.002447, 0.002258, 0.002498, 0.002187, 0.002400, 0.002460, 0.001856, 0.000922, 0.001335, 0.001373, 0.001096, 0.001303, 0.001148, 0.001265, 0.001078, 0.001323, 0.001165, 0.001263, 0.001101, 0.001312, 0.001272, 0.001392, 0.001173, 0.001413, 0.001289, 0.001473, 0.001259, 0.001468, 0.001138, 0.001554, 0.000009, 0.001607, 0.001662, 0.001826, 0.001866, 0.001987, 0.001820, 0.002163, 0.002023, 0.002242, 0.001952, 0.002198, 0.002210, 0.002085, 0.002179, 0.002082, 0.002422, 0.002288, 0.002264, 0.002203, 0.002149, 0.002419, 0.002366, 0.002271, 0.002158, 0.000151, 0.001430, 0.001579, 0.001427, 0.001329, 0.001172, 0.001231, 0.001409, 0.001439, 0.001434, 0.001431, 0.001308, 0.001462, 0.001398, 0.001527, 0.001282, 0.001348, 0.001261, 0.001324, 0.001265, 0.001390, 0.001307
4 , 1, 1, 1, 1, 1, 1, 1
4 , 0.034215, 0.038427, 0.043995, 0.041394, 0.039140, 0.037786, 0.036159
5 , 0.001826, 0.001866, 0.001987, 0.001820, 0.002163, 0.002023, 0.002242, 0.001952, 0.002198, 0.002210, 0.002085, 0.002179, 0.002082, 0.002422, 0.002288, 0.002264, 0.002203, 0.002149, 0.002419, 0.002366, 0.002271, 0.002158, 0.000151, 0.001430, 0.001579, 0.001427, 0.001329, 0.001172, 0.001231, 0.001409, 0.001439, 0.001434, 0.001431, 0.001308, 0.001462, 0.001398, 0.001527, 0.001282, 0.001348, 0.001261, 0.001324, 0.001265, 0.001390, 0.001307, 0.001312, 0.001080, 0.001320, 0.000580, 0.001452, 0.002164, 0.002170, 0.001971, 0.002204, 0.002167, 0.002326, 0.002281, 0.002281, 0.002444, 0.002248, 0.002403, 0.002204, 0.002308, 0.002325, 0.002192, 0.002275, 0.002090, 0.002270, 0.002133, 0.002109, 0.002006, 0.001890, 0.002352, 0.000827, 0.001531, 0.001393, 0.001571, 0.001175, 0.001330, 0.001208, 0.001392, 0.001205, 0.001398, 0.001151, 0.001306, 0.001121, 0.001283, 0.001161, 0.001285, 0.001164, 0.001319, 0.001160, 0.001257
5 , 1, 1, 1, 1, 1, 1, 1
5 , 0.026298, 0.031295, 0.034922, 0.037459, 0.038321, 0.036753, 0.035586
6 , 0.002170, 0.001971, 0.002204, 0.002167, 0.002326, 0.002281, 0.002281, 0.002444, 0.002248, 0.002403, 0.002204, 0.002308, 0.002325, 0.002192, 0.002275, 0.002090, 0.002270, 0.002133, 0.002109, 0.002006, 0.001890, 0.002352, 0.000827, 0.001531, 0.001393, 0.001571, 0.001175, 0.001330, 0.001208, 0.001392, 0.001205, 0.001398, 0.001151, 0.001306, 0.001121, 0.001283, 0.001161, 0.001285, 0.001164, 0.001319, 0.001160, 0.001257, 0.001158, 0.001313, 0.001074, 0.001320, 0.000896, 0.002079, 0.001965, 0.002192, 0.001871, 0.002217, 0.001938, 0.002212, 0.002091, 0.002100, 0.002103, 0.002030, 0.002343, 0.002097, 0.002191, 0.002057, 0.002194, 0.002349, 0.002218, 0.002376, 0.002076, 0.002321, 0.002200, 0.002318, 0.001716, 0.000755, 0.001402, 0.001426, 0.001339, 0.001309, 0.001191, 0.001219, 0.001276, 0.001216, 0.001217, 0.001308, 0.001188, 0.001306, 0.001209, 0.001177, 0.001269, 0.001327, 0.001261, 0.001289, 0.001288, 0.001318
6 , 1, 1, 1, 1, 1, 1, 1
6 , 0.032322, 0.036715, 0.039750, 0.042613, 0.038255, 0.036907, 0.034819
7 , 0.002192, 0.001871, 0.002217, 0.001938, 0.002212, 0.002091, 0.002100, 0.002103, 0.002030, 0.002343, 0.002097, 0.002191, 0.002057, 0.002194, 0.002349, 0.002218, 0.002376, 0.002076, 0.002321, 0.002200, 0.002318, 0.001716, 0.000755, 0.001402, 0.001426, 0.001339, 0.001309, 0.001191, 0.001219, 0.001276, 0.001216, 0.001217, 0.001308, 0.001188, 0.001306, 0.001209, 0.001177, 0.001269, 0.001327, 0.001261, 0.001289, 0.001288, 0.001318, 0.001194, 0.001312, 0.001137, 0.001582, 0.000127, 0.001480, 0.001685, 0.001880, 0.001880, 0.002075, 0.002175, 0.002136, 0.002221, 0.001990, 0.002267, 0.002124, 0.002288, 0.002160, 0.002191, 0.002318, 0.002191, 0.002349, 0.002094, 0.002252, 0.002258, 0.002227, 0.002249, 0.002004, 0.002442, 0.000121, 0.001498, 0.001402, 0.001344, 0.001214, 0.001307, 0.001180, 0.001280, 0.001000, 0.001338, 0.001091, 0.001308, 0.001123, 0.001218, 0.001218, 0.001282, 0.001009, 0.001194, 0.001037, 0.001253
7 , 1, 1, 1, 1, 1, 1, 1
7 , 0.029519, 0.033657, 0.037399, 0.038456, 0.041306, 0.038354, 0.037491
8 , 0.001880, 0.001880, 0.002075, 0.002175, 0.002136, 0.002221, 0.001990, 0.002267, 0.002124, 0.002288, 0.002160, 0.002191, 0.002318, 0.002191, 0.002349, 0.002094, 0.002252, 0.002258, 0.002227, 0.002249, 0.002004, 0.002442, 0.000121, 0.001498, 0.001402, 0.001344, 0.001214, 0.001307, 0.001180, 0.001280, 0.001000, 0.001338, 0.001091, 0.001308, 0.001123, 0.001218, 0.001218, 0.001282, 0.001009, 0.001194, 0.001037, 0.001253, 0.001099, 0.001166, 0.001123, 0.000790, 0.001450, 0.002023, 0.001926, 0.002179, 0.002063, 0.002264, 0.002060, 0.002082, 0.002173, 0.002076, 0.002151, 0.002072, 0.002346, 0.002188, 0.002236, 0.002276, 0.002121, 0.002343, 0.002136, 0.002187, 0.002150, 0.002342, 0.002217, 0.002412, 0.000918, 0.001181, 0.001409, 0.001369, 0.001246, 0.001241, 0.001179, 0.001179, 0.001178, 0.001118, 0.001059, 0.001178, 0.001117, 0.001273, 0.001273, 0.001117, 0.001149, 0.001272, 0.001208, 0.001239, 0.001119, 0.001147
8 , 1, 1, 1, 1, 1, 1, 1
8 , 0.033455, 0.038776, 0.043429, 0.044417, 0.039981, 0.038758, 0.036742
9 , 0.002179, 0.002063, 0.002264, 0.002060, 0.002082, 0.002173, 0.002076, 0.002151, 0.002072, 0.002346, 0.002188, 0.002236, 0.002276, 0.002121, 0.002343, 0.002136, 0.002187, 0.002150, 0.002342, 0.002217, 0.002412, 0.000918, 0.001181, 0.001409, 0.001369, 0.001246, 0.001241, 0.001179, 0.001179, 0.001178, 0.001118, 0.001059, 0.001178, 0.001117, 0.001273, 0.001273, 0.001117, 0.001149, 0.001272, 0.001208, 0.001239, 0.001119, 0.001147, 0.001115, 0.001302, 0.001125, 0.001245, 0.000847, 0.001951, 0.002099, 0.002104, 0.002174, 0.002018, 0.002381, 0.002243, 0.002371, 0.002277, 0.002456, 0.002388, 0.002281, 0.002385, 0.002207, 0.002355, 0.002321, 0.002284, 0.002257, 0.002308, 0.002449, 0.002255, 0.002344, 0.002339, 0.002100, 0.000264, 0.001397, 0.001136, 0.001204, 0.000916, 0.001072, 0.000876, 0.001095, 0.000958, 0.001171, 0.001009, 0.001222, 0.001127, 0.001280, 0.001069, 0.001136, 0.001040, 0.001170, 0.000897, 0.001150
9 , 1, 1, 1, 1, 1, 1, 1
9 , 0.037749, 0.041470, 0.045812, 0.046761, 0.048368, 0.044648, 0.042675
10 , 0.002104, 0.002174, 0.002018, 0.002381, 0.002243, 0.002371, 0.002277, 0.002456, 0.002388, 0.002281, 0.002385, 0.002207, 0.002355, 0.002321, 0.002284, 0.002257, 0.002308, 0.002449, 0.002255, 0.002344, 0.002339, 0.002100, 0.000264, 0.001397, 0.001136, 0.001204, 0.000916, 0.001072, 0.000876, 0.001095, 0.000958, 0.001171, 0.001009, 0.001222, 0.001127, 0.001280, 0.001069, 0.001136, 0.001040, 0.001170, 0.000897, 0.001150, 0.001082, 0.001100, 0.001043, 0.000078, 0.001991, 0.002140, 0.002043, 0.002228, 0.002194, 0.002271, 0.002312, 0.002139, 0.002459, 0.002267, 0.002355, 0.002179, 0.002174, 0.002278, 0.002281, 0.002363, 0.002189, 0.002339, 0.002379, 0.002318, 0.002300, 0.002066, 0.002273, 0.002255, 0.002259, 0.002289, 0.000298, 0.001312, 0.001436, 0.001376, 0.001254, 0.001072, 0.001256, 0.001132, 0.001197, 0.001047, 0.001020, 0.001011, 0.001233, 0.001047, 0.001113, 0.000961, 0.001144, 0.000901, 0.001028, 0.000966
10 , 1, 1, 1, 1, 1, 1, 1
10 , 0.040662, 0.046061, 0.052114, 0.053784, 0.051417, 0.047610, 0.045028
11 , 0.002228, 0.002194, 0.002271, 0.002312, 0.002139, 0.002459, 0.002267, 0.002355, 0.002179, 0.002174, 0.002278, 0.002281, 0.002363, 0.002189, 0.002339, 0.002379, 0.002318, 0.002300, 0.002066, 0.002273, 0.002255, 0.002259, 0.002289, 0.000298, 0.001312, 0.001436, 0.001376, 0.001254, 0.001072, 0.001256, 0.001132, 0.001197, 0.001047, 0.001020, 0.001011, 0.001233, 0.001047, 0.001113, 0.000961, 0.001144, 0.000901, 0.001028, 0.000966, 0.001089, 0.000937, 0.001005, 0.000940, 0.000941, 0.000973, 0.001131, 0.001066, 0.001128, 0.000976, 0.001190, 0.001007, 0.001039, 0.000889, 0.001044, 0.000890, 0.000951, 0.001009, 0.001073, 0.000925, 0.001014, 0.000977, 0.001039, 0.000944, 0.001064, 0.001242, 0.001117, 0.001115, 0.001143, 0.000956, 0.001020, 0.001112, 0.001048, 0.001138, 0.001074, 0.001014, 0.001110, 0.000985, 0.001081, 0.001079, 0.001047, 0.001013, 0.001070, 0.001107, 0.001053, 0.001051, 0.001083, 0.001023, 0.001030
11 , 2, 2, 2, 2, 2, 2, 2
11 , 0.023947, 0.025100, 0.026259, 0.027536, 0.028728, 0.026313, 0.025756
12 , 0.001066, 0.001128, 0.000976, 0.001190, 0.001007, 0.001039, 0.000889, 0.001044, 0.000890, 0.000951, 0.001009, 0.001073, 0.000925, 0.001014, 0.000977, 0.001039, 0.000944, 0.001064, 0.001242, 0.001117, 0.001115, 0.001143, 0.000956, 0.001020, 0.001112, 0.001048, 0.001138, 0.001074, 0.001014, 0.001110, 0.000985, 0.001081, 0.001079, 0.001047, 0.001013, 0.001070, 0.001107, 0.001053, 0.001051, 0.001083, 0.001023, 0.001030, 0.001127, 0.001096, 0.001131, 0.000982, 0.000953, 0.000977, 0.000975, 0.001007, 0.001007, 0.000906, 0.001063, 0.001000, 0.001035, 0.000880, 0.000909, 0.000906, 0.001061, 0.000931, 0.001084, 0.001020, 0.001089, 0.001022, 0.000955, 0.000984, 0.001164, 0.001066, 0.001189, 0.001062, 0.001154, 0.001147, 0.001359, 0.001172, 0.001356, 0.001173, 0.001269, 0.001111, 0.001208, 0.000994, 0.001208, 0.001058, 0.001183, 0.000936, 0.001151, 0.000996, 0.001153, 0.000971, 0.001067, 0.000915, 0.001136, 0.000895
12 , 0, 0, 0, 0, 0, 0, 0
12 , 0.003987, 0.003494, 0.003212, 0.002550, 0.002422, 0.001737, 0.001313
13 , 0.000953, 0.000977, 0.000975, 0.001007, 0.001007, 0.000906, 0.001063, 0.001000, 0.001035, 0.000880, 0.000909, 0.000906, 0.001061, 0.000931, 0.001084, 0.001020, 0.001089, 0.001022, 0.000955, 0.000984, 0.001164, 0.001066, 0.001189, 0.001062, 0.001154, 0.001147, 0.001359, 0.001172, 0.001356, 0.001173, 0.001269, 0.001111, 0.001208, 0.000994, 0.001208, 0.001058, 0.001183, 0.000936, 0.001151, 0.000996, 0.001153, 0.000971, 0.001067, 0.000915, 0.001136, 0.000895, 0.001059, 0.000995, 0.001151, 0.000932, 0.001058, 0.000874, 0.001150, 0.001049, 0.001172, 0.000950, 0.001229, 0.001128, 0.001314, 0.001095, 0.001128, 0.001001, 0.001155, 0.001031, 0.001216, 0.001061, 0.001247, 0.001062, 0.001251, 0.001068, 0.001194, 0.000950, 0.001231, 0.001046, 0.001113, 0.000838, 0.001089, 0.001026, 0.001063, 0.000967, 0.000974, 0.000908, 0.001027, 0.000874, 0.001177, 0.001048, 0.001144, 0.001013, 0.001132, 0.001097, 0.001248, 0.001213
13 , 3, 3, 3, 3, 3, 3, 3
13 , 0.003566, 0.004099, 0.003789, 0.003814, 0.003134, 0.003390, 0.002907
14 , 0.000995, 0.001151, 0.000932, 0.001058, 0.000874, 0.001150, 0.001049, 0.001172, 0.000950, 0.001229, 0.001128, 0.001314, 0.001095, 0.001128, 0.001001, 0.001155, 0.001031, 0.001216, 0.001061, 0.001247, 0.001062, 0.001251, 0.001068, 0.001194, 0.000950, 0.001231, 0.001046, 0.001113, 0.000838, 0.001089, 0.001026, 0.001063, 0.000967, 0.000974, 0.000908, 0.001027, 0.000874, 0.001177, 0.001048, 0.001144, 0.001013, 0.001132, 0.001097, 0.001248, 0.001213, 0.001156, 0.001057, 0.001241, 0.001205, 0.001203, 0.001323, 0.001383, 0.001256, 0.001315, 0.001284, 0.001256, 0.001159, 0.001252, 0.001223, 0.001223, 0.001190, 0.001222, 0.001221, 0.001314, 0.001225, 0.001135, 0.001137, 0.001200, 0.001173, 0.001174, 0.001214, 0.001002, 0.001222, 0.001162, 0.001103, 0.000985, 0.001079, 0.000957, 0.001024, 0.001058, 0.001002, 0.001030, 0.001043, 0.000918, 0.001017, 0.000922, 0.001039, 0.000915, 0.001046, 0.000831, 0.001135, 0.000978
14 , 1, 1, 1, 1, 1, 1, 1
14 , 0.004298, 0.004744, 0.004874, 0.005652, 0.005248, 0.005516, 0.005188
15 , 0.001203, 0.001323, 0.001383, 0.001256, 0.001315, 0.001284, 0.001256, 0.001159, 0.001252, 0.001223, 0.001223, 0.001190, 0.001222, 0.001221, 0.001314, 0.001225, 0.001135, 0.001137, 0.001200, 0.001173, 0.001174, 0.001214, 0.001002, 0.001222, 0.001162, 0.001103, 0.000985, 0.001079, 0.000957, 0.001024, 0.001058, 0.001002, 0.001030, 0.001043, 0.000918, 0.001017, 0.000922, 0.001039, 0.000915, 0.001046, 0.000831, 0.001135, 0.000978, 0.001066, 0.001004, 0.001216, 0.000999, 0.001155, 0.001144, 0.001239, 0.001049, 0.001261, 0.001100, 0.001285, 0.001131, 0.001160, 0.001093, 0.001184, 0.001002, 0.001310, 0.001032, 0.001338, 0.001176, 0.001304, 0.001149, 0.001396, 0.001085, 0.001118, 0.001116, 0.001301, 0.001055, 0.001218, 0.001069, 0.001196, 0.001041, 0.001230, 0.000985, 0.001085, 0.000990, 0.001086, 0.001022, 0.001094, 0.000969, 0.001063, 0.000970, 0.001186, 0.000997, 0.001213, 0.000998, 0.001149, 0.001083, 0.001145
15 , 1, 1, 1, 1, 1, 1, 1
15 , 0.005973, 0.006336, 0.006530, 0.006720, 0.006417, 0.006096, 0.005848
16 , 0.001239, 0.001049, 0.001261, 0.001100, 0.001285, 0.001131, 0.001160, 0.001093, 0.001184, 0.001002, 0.001310, 0.001032, 0.001338, 0.001176, 0.001304, 0.001149, 0.001396, 0.001085, 0.001118, 0.001116, 0.001301, 0.001055, 0.001218, 0.001069, 0.001196, 0.001041, 0.001230, 0.000985, 0.001085, 0.000990, 0.001086, 0.001022, 0.001094, 0.000969, 0.001063, 0.000970, 0.001186, 0.000997, 0.001213, 0.000998, 0.001149, 0.001083, 0.001145, 0.001232, 0.001292, 0.001104, 0.001256, 0.001255, 0.001197, 0.001251, 0.001250, 0.001157, 0.001280, 0.001127, 0.001190, 0.001193, 0.001195, 0.001197, 0.001141, 0.001205, 0.001208, 0.000996, 0.000994, 0.001183, 0.001060, 0.001064, 0.001036, 0.001126, 0.001091, 0.001066, 0.001010, 0.001100, 0.001003, 0.001188, 0.000976, 0.001071, 0.001157, 0.001160, 0.000966, 0.001122, 0.001026, 0.001242, 0.001142, 0.001233, 0.001077, 0.001229, 0.001136, 0.001288, 0.001130, 0.001318, 0.001039, 0.001195
16 , 1, 1, 1, 1, 1, 2, 2
16 , 0.002761, 0.002275, 0.002608, 0.001885, 0.001704, 0.001737, 0.001590
