0 , 0.001660, 0.001766, 0.001800, 0.001948, 0.001987, 0.001933, 0.002000, 0.001827, 0.002094, 0.001943, 0.001924, 0.001745, 0.001924, 0.001948, 0.001860, 0.001973, 0.001824, 0.002090, 0.001847, 0.001733, 0.001828, 0.001936, 0.001783, 0.000945, 0.001830, 0.001721, 0.001632, 0.001598, 0.001630, 0.001534, 0.001746, 0.001529, 0.001654, 0.001499, 0.001686, 0.001502, 0.001692, 0.001452, 0.001607, 0.001420, 0.001612, 0.001337, 0.001466, 0.001401, 0.001383, 0.001451, 0.000597, 0.001529, 0.001598, 0.001651, 0.001866, 0.001738, 0.001778, 0.001724, 0.002018, 0.002021, 0.001873, 0.001866, 0.001686, 0.001896, 0.001790, 0.001932, 0.001796, 0.001808, 0.001971, 0.001887, 0.001981, 0.001697, 0.002109, 0.001891, 0.002185, 0.000265, 0.001651, 0.001715, 0.001561, 0.001560, 0.001527, 0.001616, 0.001489, 0.001676, 0.001614, 0.001614, 0.001520, 0.001613, 0.001463, 0.001524, 0.001580, 0.001554, 0.001490, 0.001616, 0.001522, 0.001650
0 , 1, 1, 1, 1, 1, 1, 1
0 , 0.008114, 0.009766, 0.012586, 0.016357, 0.014324, 0.013137, 0.013792
1 , 0.001651, 0.001866, 0.001738, 0.001778, 0.001724, 0.002018, 0.002021, 0.001873, 0.001866, 0.001686, 0.001896, 0.001790, 0.001932, 0.001796, 0.001808, 0.001971, 0.001887, 0.001981, 0.001697, 0.002109, 0.001891, 0.002185, 0.000265, 0.001651, 0.001715, 0.001561, 0.001560, 0.001527, 0.001616, 0.001489, 0.001676, 0.001614, 0.001614, 0.001520, 0.001613, 0.001463, 0.001524, 0.001580, 0.001554, 0.001490, 0.001616, 0.001522, 0.001650, 0.001410, 0.001417, 0.001331, 0.001574, 0.001184, 0.000973, 0.001697, 0.001802, 0.001813, 0.001797, 0.001801, 0.002138, 0.001963, 0.002054, 0.001980, 0.001994, 0.002058, 0.001939, 0.002043, 0.001912, 0.002138, 0.002120, 0.002087, 0.001801, 0.001976, 0.002192, 0.002021, 0.002101, 0.002101, 0.001169, 0.001238, 0.001731, 0.001501, 0.001437, 0.001372, 0.001492, 0.001397, 0.001549, 0.001330, 0.001482, 0.001260, 0.001535, 0.001437, 0.001650, 0.001373, 0.001585, 0.001463, 0.001647, 0.001370
1 , 1, 1, 1, 1, 1, 1, 1
1 , 0.009932, 0.013639, 0.015623, 0.018079, 0.017175, 0.017456, 0.016666
2 , 0.001697, 0.001802, 0.001813, 0.001797, 0.001801, 0.002138, 0.001963, 0.002054, 0.001980, 0.001994, 0.002058, 0.001939, 0.002043, 0.001912, 0.002138, 0.002120, 0.002087, 0.001801, 0.001976, 0.002192, 0.002021, 0.002101, 0.002101, 0.001169, 0.001238, 0.001731, 0.001501, 0.001437, 0.001372, 0.001492, 0.001397, 0.001549, 0.001330, 0.001482, 0.001260, 0.001535, 0.001437, 0.001650, 0.001373, 0.001585, 0.001463, 0.001647, 0.001370, 0.001616, 0.001547, 0.001563, 0.001482, 0.000244, 0.001617, 0.001681, 0.001502, 0.001611, 0.001772, 0.001833, 0.001879, 0.001687, 0.001921, 0.001806, 0.002018, 0.001790, 0.001881, 0.001976, 0.001896, 0.001933, 0.001923, 0.002115, 0.001917, 0.001875, 0.001947, 0.001869, 0.002127, 0.001842, 0.001986, 0.001651, 0.000717, 0.001643, 0.001719, 0.001695, 0.001539, 0.001423, 0.001395, 0.001515, 0.001391, 0.001393, 0.001571, 0.001509, 0.001572, 0.001482, 0.001477, 0.001415, 0.001475, 0.001442
2 , 1, 1, 1, 1, 1, 1, 1
2 , 0.009803, 0.011999, 0.013993, 0.017070, 0.021331, 0.021044, 0.020177
3 , 0.001502, 0.001611, 0.001772, 0.001833, 0.001879, 0.001687, 0.001921, 0.001806, 0.002018, 0.001790, 0.001881, 0.001976, 0.001896, 0.001933, 0.001923, 0.002115, 0.001917, 0.001875, 0.001947, 0.001869, 0.002127, 0.001842, 0.001986, 0.001651, 0.000717, 0.001643, 0.001719, 0.001695, 0.001539, 0.001423, 0.001395, 0.001515, 0.001391, 0.001393, 0.001571, 0.001509, 0.001572, 0.001482, 0.001477, 0.001415, 0.001475, 0.001442, 0.001442, 0.001561, 0.001470, 0.001440, 0.001528, 0.001473, 0.001790, 0.000511, 0.001423, 0.001760, 0.001632, 0.001566, 0.001860, 0.001644, 0.001778, 0.001793, 0.001672, 0.001951, 0.001870, 0.001955, 0.001718, 0.001939, 0.002031, 0.001851, 0.001936, 0.001839, 0.002030, 0.001985, 0.001945, 0.002028, 0.001947, 0.002267, 0.000280, 0.001723, 0.001573, 0.001539, 0.001410, 0.001503, 0.001377, 0.001559, 0.001217, 0.001556, 0.001427, 0.001582, 0.001395, 0.001702, 0.001487, 0.001521, 0.001456, 0.001704
3 , 1, 1, 1, 1, 1, 1, 1
3 , 0.006871, 0.009965, 0.012237, 0.013370, 0.015401, 0.015672, 0.017394
4 , 0.001632, 0.001566, 0.001860, 0.001644, 0.001778, 0.001793, 0.001672, 0.001951, 0.001870, 0.001955, 0.001718, 0.001939, 0.002031, 0.001851, 0.001936, 0.001839, 0.002030, 0.001985, 0.001945, 0.002028, 0.001947, 0.002267, 0.000280, 0.001723, 0.001573, 0.001539, 0.001410, 0.001503, 0.001377, 0.001559, 0.001217, 0.001556, 0.001427, 0.001582, 0.001395, 0.001702, 0.001487, 0.001521, 0.001456, 0.001704, 0.001548, 0.001734, 0.001453, 0.001666, 0.001539, 0.001472, 0.000934, 0.001592, 0.001326, 0.001588, 0.001549, 0.001643, 0.001559, 0.001795, 0.001850, 0.001929, 0.001921, 0.001690, 0.002021, 0.001973, 0.002030, 0.001845, 0.001857, 0.002039, 0.001899, 0.001896, 0.001724, 0.001997, 0.001860, 0.002075, 0.000839, 0.001387, 0.001689, 0.001655, 0.001442, 0.001500, 0.001570, 0.001475, 0.001596, 0.001564, 0.001442, 0.001318, 0.001441, 0.001504, 0.001442, 0.001446, 0.001417, 0.001450, 0.001362, 0.001396, 0.001460, 0.001432
4 , 1, 1, 1, 1, 1, 1, 1
4 , 0.010226, 0.013017, 0.015236, 0.016387, 0.013624, 0.014828, 0.014866
5 , 0.001588, 0.001549, 0.001643, 0.001559, 0.001795, 0.001850, 0.001929, 0.001921, 0.001690, 0.002021, 0.001973, 0.002030, 0.001845, 0.001857, 0.002039, 0.001899, 0.001896, 0.001724, 0.001997, 0.001860, 0.002075, 0.000839, 0.001387, 0.001689, 0.001655, 0.001442, 0.001500, 0.001570, 0.001475, 0.001596, 0.001564, 0.001442, 0.001318, 0.001441, 0.001504, 0.001442, 0.001446, 0.001417, 0.001450, 0.001362, 0.001396, 0.001460, 0.001432, 0.001281, 0.001403, 0.001383, 0.001547, 0.000281, 0.001691, 0.001777, 0.001842, 0.001861, 0.001733, 0.002053, 0.001992, 0.002090, 0.001831, 0.002026, 0.002071, 0.002090, 0.001890, 0.001853, 0.001973, 0.001842, 0.001906, 0.001769, 0.001979, 0.001994, 0.001947, 0.002119, 0.001869, 0.001919, 0.000559, 0.001756, 0.001592, 0.001663, 0.001448, 0.001606, 0.001476, 0.001635, 0.001508, 0.001571, 0.001297, 0.001453, 0.001331, 0.001549, 0.001332, 0.001517, 0.001268, 0.001522, 0.001300, 0.001397
5 , 1, 1, 1, 1, 1, 1, 1
5 , 0.012075, 0.014429, 0.017158, 0.016756, 0.019952, 0.018055, 0.018391
6 , 0.001842, 0.001861, 0.001733, 0.002053, 0.001992, 0.002090, 0.001831, 0.002026, 0.002071, 0.002090, 0.001890, 0.001853, 0.001973, 0.001842, 0.001906, 0.001769, 0.001979, 0.001994, 0.001947, 0.002119, 0.001869, 0.001919, 0.000559, 0.001756, 0.001592, 0.001663, 0.001448, 0.001606, 0.001476, 0.001635, 0.001508, 0.001571, 0.001297, 0.001453, 0.001331, 0.001549, 0.001332, 0.001517, 0.001268, 0.001522, 0.001300, 0.001397, 0.001268, 0.001462, 0.001291, 0.000586, 0.001533, 0.001859, 0.001593, 0.001879, 0.001872, 0.001938, 0.001962, 0.001802, 0.001900, 0.001736, 0.001887, 0.001675, 0.001840, 0.001790, 0.001787, 0.001774, 0.001569, 0.001901, 0.001693, 0.001626, 0.001479, 0.001634, 0.001608, 0.001677, 0.000293, 0.002033, 0.001941, 0.002124, 0.001910, 0.001971, 0.001971, 0.001912, 0.001761, 0.001733, 0.001738, 0.001713, 0.001596, 0.001602, 0.001394, 0.001494, 0.001383, 0.001336, 0.001216, 0.001195, 0.001174, 0.001308
6 , 1, 1, 1, 1, 1, 1, 1
6 , 0.009277, 0.012673, 0.015727, 0.014002, 0.012525, 0.013670, 0.014414
7 , 0.001593, 0.001879, 0.001872, 0.001938, 0.001962, 0.001802, 0.001900, 0.001736, 0.001887, 0.001675, 0.001840, 0.001790, 0.001787, 0.001774, 0.001569, 0.001901, 0.001693, 0.001626, 0.001479, 0.001634, 0.001608, 0.001677, 0.000293, 0.002033, 0.001941, 0.002124, 0.001910, 0.001971, 0.001971, 0.001912, 0.001761, 0.001733, 0.001738, 0.001713, 0.001596, 0.001602, 0.001394, 0.001494, 0.001383, 0.001336, 0.001216, 0.001195, 0.001174, 0.001308, 0.001100, 0.001203, 0.001196, 0.001199, 0.001307, 0.001982, 0.002057, 0.001986, 0.002065, 0.001937, 0.002173, 0.002085, 0.002048, 0.002040, 0.001874, 0.002206, 0.001921, 0.001985, 0.001860, 0.001918, 0.001974, 0.001801, 0.001749, 0.001660, 0.001895, 0.001854, 0.001785, 0.001868, 0.001006, 0.001189, 0.001885, 0.001663, 0.001702, 0.001575, 0.001701, 0.001486, 0.001612, 0.001248, 0.001622, 0.001381, 0.001476, 0.001385, 0.001449, 0.001206, 0.001485, 0.001331, 0.001457, 0.001391
7 , 1, 1, 1, 1, 1, 1, 1
7 , 0.008818, 0.011759, 0.013289, 0.014569, 0.013324, 0.013556, 0.012526
8 , 0.001982, 0.002057, 0.001986, 0.002065, 0.001937, 0.002173, 0.002085, 0.002048, 0.002040, 0.001874, 0.002206, 0.001921, 0.001985, 0.001860, 0.001918, 0.001974, 0.001801, 0.001749, 0.001660, 0.001895, 0.001854, 0.001785, 0.001868, 0.001006, 0.001189, 0.001885, 0.001663, 0.001702, 0.001575, 0.001701, 0.001486, 0.001612, 0.001248, 0.001622, 0.001381, 0.001476, 0.001385, 0.001449, 0.001206, 0.001485, 0.001331, 0.001457, 0.001391, 0.001576, 0.001354, 0.001453, 0.001614, 0.000117, 0.001601, 0.001681, 0.001703, 0.001699, 0.001802, 0.001704, 0.001840, 0.001597, 0.001843, 0.001724, 0.001719, 0.001622, 0.001580, 0.001931, 0.001655, 0.001655, 0.001705, 0.001840, 0.001658, 0.001603, 0.001793, 0.001575, 0.001827, 0.001685, 0.000918, 0.001930, 0.001670, 0.001768, 0.001585, 0.001589, 0.001498, 0.001593, 0.001476, 0.001361, 0.001332, 0.001432, 0.001341, 0.001344, 0.001344, 0.001436, 0.001377, 0.001349, 0.001412, 0.001442
8 , 1, 1, 1, 1, 1, 1, 1
8 , 0.009619, 0.011744, 0.013084, 0.014331, 0.017849, 0.015004, 0.014467
9 , 0.001703, 0.001699, 0.001802, 0.001704, 0.001840, 0.001597, 0.001843, 0.001724, 0.001719, 0.001622, 0.001580, 0.001931, 0.001655, 0.001655, 0.001705, 0.001840, 0.001658, 0.001603, 0.001793, 0.001575, 0.001827, 0.001685, 0.000918, 0.001930, 0.001670, 0.001768, 0.001585, 0.001589, 0.001498, 0.001593, 0.001476, 0.001361, 0.001332, 0.001432, 0.001341, 0.001344, 0.001344, 0.001436, 0.001377, 0.001349, 0.001412, 0.001442, 0.001371, 0.001434, 0.001426, 0.001403, 0.001654, 0.000945, 0.001435, 0.001599, 0.001860, 0.001694, 0.001772, 0.001687, 0.001730, 0.001902, 0.001672, 0.001969, 0.001728, 0.001859, 0.001869, 0.001796, 0.001978, 0.001784, 0.001970, 0.001790, 0.001848, 0.001727, 0.001727, 0.001990, 0.001739, 0.001920, 0.000065, 0.001516, 0.001836, 0.001747, 0.001719, 0.001503, 0.001596, 0.001442, 0.001629, 0.001501, 0.001662, 0.001630, 0.001634, 0.001447, 0.001601, 0.001411, 0.001624, 0.001465, 0.001614, 0.001488
9 , 1, 1, 1, 1, 1, 1, 1
9 , 0.007141, 0.009310, 0.010923, 0.011295, 0.011617, 0.009372, 0.008955
10 , 0.001860, 0.001694, 0.001772, 0.001687, 0.001730, 0.001902, 0.001672, 0.001969, 0.001728, 0.001859, 0.001869, 0.001796, 0.001978, 0.001784, 0.001970, 0.001790, 0.001848, 0.001727, 0.001727, 0.001990, 0.001739, 0.001920, 0.000065, 0.001516, 0.001836, 0.001747, 0.001719, 0.001503, 0.001596, 0.001442, 0.001629, 0.001501, 0.001662, 0.001630, 0.001634, 0.001447, 0.001601, 0.001411, 0.001624, 0.001465, 0.001614, 0.001488, 0.001762, 0.001667, 0.001790, 0.001492, 0.000529, 0.001375, 0.001381, 0.001662, 0.001497, 0.001657, 0.001652, 0.001825, 0.001571, 0.001601, 0.001786, 0.001681, 0.001869, 0.001665, 0.001867, 0.001770, 0.001798, 0.001759, 0.001638, 0.001912, 0.001785, 0.001863, 0.001699, 0.001701, 0.001984, 0.002132, 0.001265, 0.001180, 0.001471, 0.001533, 0.001332, 0.001304, 0.001334, 0.001302, 0.001228, 0.001321, 0.001228, 0.001379, 0.001343, 0.001372, 0.001276, 0.001428, 0.001330, 0.001476, 0.001313, 0.001611
10 , 1, 1, 1, 1, 1, 1, 1
10 , 0.008412, 0.009790, 0.010940, 0.014480, 0.012760, 0.012217, 0.011511
11 , 0.001662, 0.001497, 0.001657, 0.001652, 0.001825, 0.001571, 0.001601, 0.001786, 0.001681, 0.001869, 0.001665, 0.001867, 0.001770, 0.001798, 0.001759, 0.001638, 0.001912, 0.001785, 0.001863, 0.001699, 0.001701, 0.001984, 0.002132, 0.001265, 0.001180, 0.001471, 0.001533, 0.001332, 0.001304, 0.001334, 0.001302, 0.001228, 0.001321, 0.001228, 0.001379, 0.001343, 0.001372, 0.001276, 0.001428, 0.001330, 0.001476, 0.001313, 0.001611, 0.001505, 0.001650, 0.001642, 0.001703, 0.001635, 0.001816, 0.001630, 0.001786, 0.001724, 0.001787, 0.001570, 0.001661, 0.001630, 0.001782, 0.001600, 0.001666, 0.001697, 0.001641, 0.001644, 0.001712, 0.001621, 0.001622, 0.001439, 0.001507, 0.001418, 0.001481, 0.001541, 0.001510, 0.001482, 0.001483, 0.001422, 0.001390, 0.001359, 0.001423, 0.001423, 0.001392, 0.001390, 0.001607, 0.001510, 0.001510, 0.001572, 0.001479, 0.001541, 0.001567, 0.001537, 0.001570, 0.001503, 0.001537, 0.001596
11 , 1, 1, 1, 1, 1, 1, 1
11 , 0.008488, 0.009515, 0.009804, 0.010410, 0.011174, 0.010041, 0.008767
12 , 0.001786, 0.001724, 0.001787, 0.001570, 0.001661, 0.001630, 0.001782, 0.001600, 0.001666, 0.001697, 0.001641, 0.001644, 0.001712, 0.001621, 0.001622, 0.001439, 0.001507, 0.001418, 0.001481, 0.001541, 0.001510, 0.001482, 0.001483, 0.001422, 0.001390, 0.001359, 0.001423, 0.001423, 0.001392, 0.001390, 0.001607, 0.001510, 0.001510, 0.001572, 0.001479, 0.001541, 0.001567, 0.001537, 0.001570, 0.001503, 0.001537, 0.001596, 0.001532, 0.001500, 0.001560, 0.001553, 0.001584, 0.001680, 0.001553, 0.001585, 0.001554, 0.001470, 0.001653, 0.001537, 0.001449, 0.001601, 0.001665, 0.001728, 0.001392, 0.001433, 0.001313, 0.001497, 0.001531, 0.001541, 0.001475, 0.001538, 0.001328, 0.001393, 0.001239, 0.001423, 0.001418, 0.001451, 0.001423, 0.001548, 0.001241, 0.001461, 0.001245, 0.001424, 0.001380, 0.001443, 0.001346, 0.001533, 0.001254, 0.001557, 0.001488, 0.001610, 0.001568, 0.001688, 0.001593, 0.001745, 0.001649, 0.001707
12 , 1, 1, 1, 1, 2, 2, 2
12 , 0.004971, 0.004031, 0.003327, 0.002622, 0.002447, 0.002517, 0.001962
13 , 0.001584, 0.001680, 0.001553, 0.001585, 0.001554, 0.001470, 0.001653, 0.001537, 0.001449, 0.001601, 0.001665, 0.001728, 0.001392, 0.001433, 0.001313, 0.001497, 0.001531, 0.001541, 0.001475, 0.001538, 0.001328, 0.001393, 0.001239, 0.001423, 0.001418, 0.001451, 0.001423, 0.001548, 0.001241, 0.001461, 0.001245, 0.001424, 0.001380, 0.001443, 0.001346, 0.001533, 0.001254, 0.001557, 0.001488, 0.001610, 0.001568, 0.001688, 0.001593, 0.001745, 0.001649, 0.001707, 0.001615, 0.001797, 0.001548, 0.001763, 0.001517, 0.001613, 0.001369, 0.001642, 0.001518, 0.001734, 0.001517, 0.001855, 0.001670, 0.001639, 0.001607, 0.001731, 0.001512, 0.001669, 0.001484, 0.001795, 0.001607, 0.001671, 0.001400, 0.001711, 0.001645, 0.001710, 0.001434, 0.001591, 0.001499, 0.001747, 0.001505, 0.001570, 0.001388, 0.001579, 0.001519, 0.001557, 0.001372, 0.001595, 0.001325, 0.001447, 0.001418, 0.001519, 0.001310, 0.001345, 0.001249, 0.001348
13 , 1, 1, 1, 1, 1, 3, 3
13 , 0.004906, 0.004639, 0.004493, 0.004439, 0.003814, 0.003868, 0.004390
14 , 0.001615, 0.001797, 0.001548, 0.001763, 0.001517, 0.001613, 0.001369, 0.001642, 0.001518, 0.001734, 0.001517, 0.001855, 0.001670, 0.001639, 0.001607, 0.001731, 0.001512, 0.001669, 0.001484, 0.001795, 0.001607, 0.001671, 0.001400, 0.001711, 0.001645, 0.001710, 0.001434, 0.001591, 0.001499, 0.001747, 0.001505, 0.001570, 0.001388, 0.001579, 0.001519, 0.001557, 0.001372, 0.001595, 0.001325, 0.001447, 0.001418, 0.001519, 0.001310, 0.001345, 0.001249, 0.001348, 0.001344, 0.001414, 0.001376, 0.001378, 0.001310, 0.001461, 0.001393, 0.001514, 0.001449, 0.001540, 0.001472, 0.001593, 0.001520, 0.001700, 0.001572, 0.001568, 0.001654, 0.001678, 0.001550, 0.001701, 0.001696, 0.001757, 0.001670, 0.001728, 0.001758, 0.001728, 0.001761, 0.001731, 0.001672, 0.001701, 0.001736, 0.001587, 0.001619, 0.001623, 0.001508, 0.001454, 0.001647, 0.001434, 0.001470, 0.001382, 0.001546, 0.001362, 0.001487, 0.001399, 0.001521, 0.001337
14 , 2, 2, 2, 1, 1, 1, 1
14 , 0.004350, 0.004254, 0.003884, 0.003497, 0.003761, 0.004851, 0.005897
15 , 0.001393, 0.001514, 0.001449, 0.001540, 0.001472, 0.001593, 0.001520, 0.001700, 0.001572, 0.001568, 0.001654, 0.001678, 0.001550, 0.001701, 0.001696, 0.001757, 0.001670, 0.001728, 0.001758, 0.001728, 0.001761, 0.001731, 0.001672, 0.001701, 0.001736, 0.001587, 0.001619, 0.001623, 0.001508, 0.001454, 0.001647, 0.001434, 0.001470, 0.001382, 0.001546, 0.001362, 0.001487, 0.001399, 0.001521, 0.001337, 0.001549, 0.001305, 0.001403, 0.001340, 0.001436, 0.001226, 0.001447, 0.001381, 0.001387, 0.001194, 0.001288, 0.001221, 0.001465, 0.001369, 0.001428, 0.001270, 0.001539, 0.001352, 0.001623, 0.001340, 0.001433, 0.001365, 0.001576, 0.001445, 0.001654, 0.001585, 0.001673, 0.001577, 0.001698, 0.001628, 0.001748, 0.001592, 0.001866, 0.001652, 0.001775, 0.001711, 0.001835, 0.001741, 0.001837, 0.001562, 0.001870, 0.001656, 0.001779, 0.001752, 0.001787, 0.001604, 0.001704, 0.001553, 0.001651, 0.001566, 0.001784, 0.001575
15 , 2, 2, 2, 2, 2, 2, 2
15 , 0.007419, 0.007668, 0.008408, 0.008488, 0.008629, 0.008162, 0.008388
16 , 0.001288, 0.001221, 0.001465, 0.001369, 0.001428, 0.001270, 0.001539, 0.001352, 0.001623, 0.001340, 0.001433, 0.001365, 0.001576, 0.001445, 0.001654, 0.001585, 0.001673, 0.001577, 0.001698, 0.001628, 0.001748, 0.001592, 0.001866, 0.001652, 0.001775, 0.001711, 0.001835, 0.001741, 0.001837, 0.001562, 0.001870, 0.001656, 0.001779, 0.001752, 0.001787, 0.001604, 0.001704, 0.001553, 0.001651, 0.001566, 0.001784, 0.001575, 0.001375, 0.001377, 0.001507, 0.001326, 0.001517, 0.001424, 0.001421, 0.001388, 0.001482, 0.001415, 0.001471, 0.001374, 0.001408, 0.001525, 0.001550, 0.001457, 0.001455, 0.001513, 0.001599, 0.001504, 0.001469, 0.001589, 0.001586, 0.001460, 0.001584, 0.001585, 0.001551, 0.001798, 0.001641, 0.001492, 0.001527, 0.001618, 0.001468, 0.001535, 0.001472, 0.001476, 0.001479, 0.001608, 0.001458, 0.001523, 0.001403, 0.001498, 0.001345, 0.001402, 0.001430, 0.001588, 0.001401, 0.001552, 0.001395, 0.001609
16 , 0, 0, 3, 3, 3, 3, 3
16 , 0.006222, 0.005808, 0.004589, 0.004273, 0.003389, 0.002846, 0.002581
