0 , 0.001642, 0.001842, 0.002038, 0.001964, 0.002180, 0.002202, 0.002302, 0.002338, 0.002256, 0.002513, 0.002407, 0.002516, 0.002247, 0.002400, 0.002384, 0.002266, 0.002314, 0.002210, 0.002334, 0.002105, 0.002162, 0.001932, 0.002171, 0.000605, 0.001628, 0.001722, 0.001778, 0.001564, 0.001562, 0.001499, 0.001465, 0.001497, 0.001557, 0.001530, 0.001526, 0.001622, 0.001530, 0.001530, 0.001532, 0.001450, 0.001390, 0.001573, 0.001455, 0.001512, 0.001509, 0.001387, 0.001325, 0.001505, 0.001306, 0.000672, 0.001780, 0.001519, 0.001592, 0.001838, 0.001813, 0.001889, 0.001713, 0.002056, 0.001989, 0.001950, 0.001931, 0.001999, 0.002158, 0.002050, 0.002236, 0.002041, 0.002068, 0.002148, 0.002078, 0.002196, 0.002051, 0.002124, 0.002119, 0.001293, 0.001352, 0.001326, 0.001405, 0.001200, 0.001350, 0.001162, 0.001317, 0.001213, 0.001428, 0.001209, 0.001295, 0.001223, 0.001493, 0.001150, 0.001541, 0.001410, 0.001472, 0.001225
0 , 1, 1, 1, 1, 1, 1, 1
0 , 0.017181, 0.019262, 0.023126, 0.025911, 0.028351, 0.027971, 0.028873
1 , 0.001592, 0.001838, 0.001813, 0.001889, 0.001713, 0.002056, 0.001989, 0.001950, 0.001931, 0.001999, 0.002158, 0.002050, 0.002236, 0.002041, 0.002068, 0.002148, 0.002078, 0.002196, 0.002051, 0.002124, 0.002119, 0.001293, 0.001352, 0.001326, 0.001405, 0.001200, 0.001350, 0.001162, 0.001317, 0.001213, 0.001428, 0.001209, 0.001295, 0.001223, 0.001493, 0.001150, 0.001541, 0.001410, 0.001472, 0.001225, 0.001499, 0.001374, 0.001556, 0.001348, 0.001704, 0.000226, 0.001619, 0.001725, 0.001859, 0.001734, 0.001823, 0.001716, 0.001956, 0.001689, 0.001902, 0.001874, 0.002008, 0.002129, 0.002087, 0.002141, 0.001991, 0.002213, 0.002204, 0.002124, 0.002135, 0.002122, 0.002270, 0.002115, 0.002261, 0.002142, 0.002172, 0.002186, 0.000389, 0.001660, 0.001547, 0.001515, 0.001289, 0.001440, 0.001212, 0.001512, 0.001384, 0.001625, 0.001346, 0.001622, 0.001496, 0.001587, 0.001433, 0.001589, 0.001379, 0.001569, 0.001382, 0.001512
1 , 1, 1, 1, 1, 1, 1, 1
1 , 0.019265, 0.022385, 0.027293, 0.027954, 0.028631, 0.025020, 0.024536
2 , 0.001823, 0.001716, 0.001956, 0.001689, 0.001902, 0.001874, 0.002008, 0.002129, 0.002087, 0.002141, 0.001991, 0.002213, 0.002204, 0.002124, 0.002135, 0.002122, 0.002270, 0.002115, 0.002261, 0.002142, 0.002172, 0.002186, 0.000389, 0.001660, 0.001547, 0.001515, 0.001289, 0.001440, 0.001212, 0.001512, 0.001384, 0.001625, 0.001346, 0.001622, 0.001496, 0.001587, 0.001433, 0.001589, 0.001379, 0.001569, 0.001382, 0.001512, 0.001356, 0.001485, 0.001333, 0.001466, 0.001448, 0.000863, 0.001530, 0.001797, 0.001912, 0.002012, 0.002027, 0.002127, 0.001798, 0.002090, 0.001969, 0.002033, 0.001932, 0.001848, 0.002094, 0.002050, 0.002233, 0.002065, 0.002207, 0.002274, 0.002257, 0.002260, 0.002175, 0.002406, 0.002202, 0.002424, 0.000506, 0.001315, 0.001360, 0.001380, 0.001372, 0.001218, 0.001342, 0.001245, 0.001301, 0.001231, 0.001409, 0.001398, 0.001550, 0.001395, 0.001520, 0.001453, 0.001517, 0.001419, 0.001449, 0.001382
2 , 1, 1, 1, 1, 1, 1, 1
2 , 0.020155, 0.022981, 0.025896, 0.028661, 0.029266, 0.027413, 0.026024
3 , 0.001912, 0.002012, 0.002027, 0.002127, 0.001798, 0.002090, 0.001969, 0.002033, 0.001932, 0.001848, 0.002094, 0.002050, 0.002233, 0.002065, 0.002207, 0.002274, 0.002257, 0.002260, 0.002175, 0.002406, 0.002202, 0.002424, 0.000506, 0.001315, 0.001360, 0.001380, 0.001372, 0.001218, 0.001342, 0.001245, 0.001301, 0.001231, 0.001409, 0.001398, 0.001550, 0.001395, 0.001520, 0.001453, 0.001517, 0.001419, 0.001449, 0.001382, 0.001472, 0.001410, 0.001562, 0.001380, 0.000611, 0.001600, 0.001478, 0.001632, 0.001519, 0.001647, 0.001926, 0.001781, 0.001917, 0.001778, 0.002044, 0.001868, 0.001909, 0.001778, 0.001788, 0.002001, 0.001920, 0.001968, 0.001914, 0.001962, 0.002020, 0.002046, 0.002058, 0.002122, 0.001806, 0.000911, 0.001420, 0.001347, 0.001453, 0.001264, 0.001333, 0.001118, 0.001219, 0.001097, 0.001289, 0.001157, 0.001307, 0.001112, 0.001363, 0.001262, 0.001354, 0.001195, 0.001439, 0.001214, 0.001525, 0.001241
3 , 1, 1, 1, 1, 1, 1, 1
3 , 0.020302, 0.024029, 0.026863, 0.031064, 0.027419, 0.026565, 0.025345
4 , 0.001632, 0.001519, 0.001647, 0.001926, 0.001781, 0.001917, 0.001778, 0.002044, 0.001868, 0.001909, 0.001778, 0.001788, 0.002001, 0.001920, 0.001968, 0.001914, 0.001962, 0.002020, 0.002046, 0.002058, 0.002122, 0.001806, 0.000911, 0.001420, 0.001347, 0.001453, 0.001264, 0.001333, 0.001118, 0.001219, 0.001097, 0.001289, 0.001157, 0.001307, 0.001112, 0.001363, 0.001262, 0.001354, 0.001195, 0.001439, 0.001214, 0.001525, 0.001241, 0.001366, 0.001354, 0.001344, 0.001401, 0.000166, 0.001738, 0.001655, 0.001645, 0.001877, 0.001722, 0.001965, 0.001899, 0.001868, 0.001911, 0.001871, 0.001877, 0.001752, 0.001800, 0.001728, 0.001929, 0.001834, 0.001953, 0.002126, 0.001804, 0.001950, 0.001759, 0.001968, 0.002015, 0.001950, 0.000763, 0.001660, 0.001619, 0.001472, 0.001409, 0.001377, 0.001318, 0.001341, 0.001558, 0.001431, 0.001459, 0.001369, 0.001489, 0.001303, 0.001454, 0.001539, 0.001480, 0.001205, 0.001445, 0.001386
4 , 1, 1, 1, 1, 1, 1, 1
4 , 0.014574, 0.017685, 0.020130, 0.022106, 0.024421, 0.022434, 0.021901
5 , 0.001645, 0.001877, 0.001722, 0.001965, 0.001899, 0.001868, 0.001911, 0.001871, 0.001877, 0.001752, 0.001800, 0.001728, 0.001929, 0.001834, 0.001953, 0.002126, 0.001804, 0.001950, 0.001759, 0.001968, 0.002015, 0.001950, 0.000763, 0.001660, 0.001619, 0.001472, 0.001409, 0.001377, 0.001318, 0.001341, 0.001558, 0.001431, 0.001459, 0.001369, 0.001489, 0.001303, 0.001454, 0.001539, 0.001480, 0.001205, 0.001445, 0.001386, 0.001442, 0.001358, 0.001591, 0.000788, 0.001279, 0.001637, 0.001901, 0.001792, 0.001946, 0.001642, 0.002191, 0.002108, 0.002078, 0.001943, 0.002051, 0.002371, 0.002007, 0.002041, 0.001970, 0.002142, 0.002128, 0.002152, 0.002152, 0.002068, 0.002264, 0.002220, 0.002257, 0.002166, 0.000555, 0.001287, 0.001606, 0.001567, 0.001450, 0.001230, 0.001324, 0.001203, 0.001506, 0.001352, 0.001350, 0.001375, 0.001467, 0.001313, 0.001467, 0.001342, 0.001416, 0.001232, 0.001454, 0.001176, 0.001363, 0.001262
5 , 1, 1, 1, 1, 1, 1, 1
5 , 0.018563, 0.022488, 0.026173, 0.025707, 0.023557, 0.023294, 0.022993
6 , 0.001901, 0.001792, 0.001946, 0.001642, 0.002191, 0.002108, 0.002078, 0.001943, 0.002051, 0.002371, 0.002007, 0.002041, 0.001970, 0.002142, 0.002128, 0.002152, 0.002152, 0.002068, 0.002264, 0.002220, 0.002257, 0.002166, 0.000555, 0.001287, 0.001606, 0.001567, 0.001450, 0.001230, 0.001324, 0.001203, 0.001506, 0.001352, 0.001350, 0.001375, 0.001467, 0.001313, 0.001467, 0.001342, 0.001416, 0.001232, 0.001454, 0.001176, 0.001363, 0.001262, 0.001330, 0.001114, 0.001367, 0.001126, 0.000887, 0.001997, 0.002075, 0.001947, 0.001934, 0.002186, 0.002099, 0.002122, 0.002004, 0.002243, 0.002068, 0.002191, 0.001961, 0.001916, 0.001983, 0.001859, 0.002150, 0.001844, 0.001996, 0.001941, 0.001816, 0.001764, 0.001693, 0.002013, 0.001352, 0.001356, 0.001716, 0.001672, 0.001672, 0.001640, 0.001424, 0.001575, 0.001484, 0.001544, 0.001575, 0.001641, 0.001428, 0.001554, 0.001526, 0.001440, 0.001384, 0.001446, 0.001478, 0.001604
6 , 1, 1, 1, 1, 1, 1, 1
6 , 0.017784, 0.020960, 0.024017, 0.025759, 0.025317, 0.025578, 0.024277
7 , 0.001997, 0.002075, 0.001947, 0.001934, 0.002186, 0.002099, 0.002122, 0.002004, 0.002243, 0.002068, 0.002191, 0.001961, 0.001916, 0.001983, 0.001859, 0.002150, 0.001844, 0.001996, 0.001941, 0.001816, 0.001764, 0.001693, 0.002013, 0.001352, 0.001356, 0.001716, 0.001672, 0.001672, 0.001640, 0.001424, 0.001575, 0.001484, 0.001544, 0.001575, 0.001641, 0.001428, 0.001554, 0.001526, 0.001440, 0.001384, 0.001446, 0.001478, 0.001604, 0.001423, 0.001452, 0.001283, 0.001572, 0.000052, 0.002011, 0.001715, 0.001952, 0.001928, 0.002030, 0.001882, 0.002068, 0.002108, 0.002007, 0.002095, 0.002055, 0.002307, 0.002274, 0.002189, 0.002085, 0.002068, 0.002148, 0.002220, 0.002196, 0.002057, 0.002210, 0.002265, 0.002085, 0.002107, 0.000228, 0.001331, 0.001511, 0.001421, 0.001335, 0.001248, 0.001194, 0.001039, 0.001381, 0.001106, 0.001230, 0.001159, 0.001259, 0.001160, 0.001311, 0.001159, 0.001428, 0.001206, 0.001422, 0.001173
7 , 1, 1, 1, 1, 1, 1, 1
7 , 0.019261, 0.021835, 0.024779, 0.027132, 0.031846, 0.027653, 0.026244
8 , 0.001952, 0.001928, 0.002030, 0.001882, 0.002068, 0.002108, 0.002007, 0.002095, 0.002055, 0.002307, 0.002274, 0.002189, 0.002085, 0.002068, 0.002148, 0.002220, 0.002196, 0.002057, 0.002210, 0.002265, 0.002085, 0.002107, 0.000228, 0.001331, 0.001511, 0.001421, 0.001335, 0.001248, 0.001194, 0.001039, 0.001381, 0.001106, 0.001230, 0.001159, 0.001259, 0.001160, 0.001311, 0.001159, 0.001428, 0.001206, 0.001422, 0.001173, 0.001423, 0.001257, 0.001405, 0.001228, 0.001523, 0.000735, 0.001285, 0.001898, 0.001971, 0.001889, 0.001771, 0.001965, 0.001850, 0.002047, 0.001789, 0.001901, 0.002014, 0.002053, 0.001990, 0.001865, 0.002148, 0.001974, 0.002017, 0.001867, 0.001921, 0.002097, 0.002101, 0.002226, 0.001933, 0.002333, 0.000912, 0.001425, 0.001420, 0.001407, 0.001218, 0.001403, 0.001220, 0.001308, 0.001214, 0.001337, 0.001363, 0.001331, 0.001360, 0.001452, 0.001265, 0.001416, 0.001322, 0.001354, 0.001265, 0.001296
8 , 1, 1, 1, 1, 1, 1, 1
8 , 0.022456, 0.026971, 0.029863, 0.031886, 0.032286, 0.030976, 0.029835
9 , 0.001971, 0.001889, 0.001771, 0.001965, 0.001850, 0.002047, 0.001789, 0.001901, 0.002014, 0.002053, 0.001990, 0.001865, 0.002148, 0.001974, 0.002017, 0.001867, 0.001921, 0.002097, 0.002101, 0.002226, 0.001933, 0.002333, 0.000912, 0.001425, 0.001420, 0.001407, 0.001218, 0.001403, 0.001220, 0.001308, 0.001214, 0.001337, 0.001363, 0.001331, 0.001360, 0.001452, 0.001265, 0.001416, 0.001322, 0.001354, 0.001265, 0.001296, 0.001300, 0.001297, 0.001186, 0.001271, 0.000672, 0.002042, 0.001666, 0.002054, 0.001894, 0.001937, 0.001988, 0.001932, 0.002229, 0.001931, 0.002143, 0.001945, 0.002043, 0.002191, 0.002083, 0.002113, 0.001908, 0.002258, 0.002207, 0.002241, 0.001995, 0.001904, 0.002068, 0.001959, 0.002156, 0.002105, 0.001722, 0.000800, 0.001610, 0.001470, 0.001537, 0.001285, 0.001471, 0.001405, 0.001530, 0.001225, 0.001379, 0.001161, 0.001472, 0.001314, 0.001439, 0.001370, 0.001497, 0.001185, 0.001401, 0.001243
9 , 1, 1, 1, 1, 1, 1, 1
9 , 0.019630, 0.023925, 0.026482, 0.030975, 0.029555, 0.029357, 0.026403
10 , 0.002054, 0.001894, 0.001937, 0.001988, 0.001932, 0.002229, 0.001931, 0.002143, 0.001945, 0.002043, 0.002191, 0.002083, 0.002113, 0.001908, 0.002258, 0.002207, 0.002241, 0.001995, 0.001904, 0.002068, 0.001959, 0.002156, 0.002105, 0.001722, 0.000800, 0.001610, 0.001470, 0.001537, 0.001285, 0.001471, 0.001405, 0.001530, 0.001225, 0.001379, 0.001161, 0.001472, 0.001314, 0.001439, 0.001370, 0.001497, 0.001185, 0.001401, 0.001243, 0.001400, 0.001272, 0.001516, 0.001333, 0.001634, 0.001354, 0.001538, 0.001445, 0.001632, 0.001472, 0.001535, 0.001349, 0.001688, 0.001380, 0.001538, 0.001448, 0.001599, 0.001321, 0.001482, 0.001181, 0.001341, 0.001344, 0.001471, 0.001197, 0.001414, 0.001135, 0.001448, 0.001330, 0.001458, 0.001149, 0.001346, 0.001161, 0.001354, 0.001197, 0.001443, 0.001192, 0.001290, 0.001159, 0.001403, 0.001160, 0.001290, 0.001105, 0.001384, 0.001283, 0.001465, 0.001307, 0.001307, 0.001302, 0.001363
10 , 1, 1, 1, 1, 1, 1, 1
10 , 0.013594, 0.015478, 0.015918, 0.017196, 0.017859, 0.017523, 0.015452
11 , 0.001445, 0.001632, 0.001472, 0.001535, 0.001349, 0.001688, 0.001380, 0.001538, 0.001448, 0.001599, 0.001321, 0.001482, 0.001181, 0.001341, 0.001344, 0.001471, 0.001197, 0.001414, 0.001135, 0.001448, 0.001330, 0.001458, 0.001149, 0.001346, 0.001161, 0.001354, 0.001197, 0.001443, 0.001192, 0.001290, 0.001159, 0.001403, 0.001160, 0.001290, 0.001105, 0.001384, 0.001283, 0.001465, 0.001307, 0.001307, 0.001302, 0.001363, 0.001144, 0.001477, 0.001350, 0.001473, 0.001284, 0.001502, 0.001253, 0.001385, 0.001291, 0.001507, 0.001349, 0.001323, 0.001225, 0.001439, 0.001315, 0.001347, 0.001347, 0.001502, 0.001224, 0.001259, 0.001287, 0.001418, 0.001239, 0.001394, 0.001332, 0.001366, 0.001247, 0.001402, 0.001275, 0.001340, 0.001306, 0.001274, 0.001235, 0.001355, 0.001378, 0.001440, 0.001283, 0.001279, 0.001458, 0.001516, 0.001390, 0.001517, 0.001484, 0.001512, 0.001451, 0.001420, 0.001272, 0.001360, 0.001387, 0.001391
11 , 2, 2, 2, 2, 2, 2, 2
11 , 0.003572, 0.003700, 0.003590, 0.003809, 0.003255, 0.003068, 0.002734
12 , 0.001385, 0.001291, 0.001507, 0.001349, 0.001323, 0.001225, 0.001439, 0.001315, 0.001347, 0.001347, 0.001502, 0.001224, 0.001259, 0.001287, 0.001418, 0.001239, 0.001394, 0.001332, 0.001366, 0.001247, 0.001402, 0.001275, 0.001340, 0.001306, 0.001274, 0.001235, 0.001355, 0.001378, 0.001440, 0.001283, 0.001279, 0.001458, 0.001516, 0.001390, 0.001517, 0.001484, 0.001512, 0.001451, 0.001420, 0.001272, 0.001360, 0.001387, 0.001391, 0.001272, 0.001364, 0.001365, 0.001453, 0.001331, 0.001304, 0.001426, 0.001429, 0.001369, 0.001189, 0.001252, 0.001349, 0.001473, 0.001408, 0.001378, 0.001352, 0.001416, 0.001329, 0.001366, 0.001210, 0.001245, 0.001160, 0.001197, 0.001231, 0.001292, 0.001170, 0.001388, 0.001290, 0.001230, 0.001143, 0.001360, 0.001266, 0.001261, 0.001071, 0.001345, 0.001214, 0.001244, 0.001232, 0.001321, 0.001253, 0.001433, 0.001282, 0.001401, 0.001337, 0.001459, 0.001361, 0.001428, 0.001304, 0.001550
12 , 3, 3, 3, 3, 0, 0, 0
12 , 0.001441, 0.001143, 0.001315, 0.001047, 0.001244, 0.001821, 0.002234
13 , 0.001189, 0.001252, 0.001349, 0.001473, 0.001408, 0.001378, 0.001352, 0.001416, 0.001329, 0.001366, 0.001210, 0.001245, 0.001160, 0.001197, 0.001231, 0.001292, 0.001170, 0.001388, 0.001290, 0.001230, 0.001143, 0.001360, 0.001266, 0.001261, 0.001071, 0.001345, 0.001214, 0.001244, 0.001232, 0.001321, 0.001253, 0.001433, 0.001282, 0.001401, 0.001337, 0.001459, 0.001361, 0.001428, 0.001304, 0.001550, 0.001364, 0.001575, 0.001324, 0.001477, 0.001348, 0.001592, 0.001404, 0.001619, 0.001463, 0.001769, 0.001489, 0.001731, 0.001546, 0.001761, 0.001545, 0.001668, 0.001576, 0.001732, 0.001364, 0.001703, 0.001460, 0.001682, 0.001499, 0.001654, 0.001379, 0.001504, 0.001478, 0.001512, 0.001358, 0.001511, 0.001417, 0.001483, 0.001448, 0.001599, 0.001292, 0.001541, 0.001415, 0.001479, 0.001387, 0.001481, 0.001390, 0.001545, 0.001449, 0.001428, 0.001430, 0.001401, 0.001338, 0.001341, 0.001285, 0.001474, 0.001289, 0.001318
13 , 3, 3, 3, 3, 3, 3, 3
13 , 0.003367, 0.003575, 0.004451, 0.004615, 0.005014, 0.005382, 0.006595
14 , 0.001546, 0.001761, 0.001545, 0.001668, 0.001576, 0.001732, 0.001364, 0.001703, 0.001460, 0.001682, 0.001499, 0.001654, 0.001379, 0.001504, 0.001478, 0.001512, 0.001358, 0.001511, 0.001417, 0.001483, 0.001448, 0.001599, 0.001292, 0.001541, 0.001415, 0.001479, 0.001387, 0.001481, 0.001390, 0.001545, 0.001449, 0.001428, 0.001430, 0.001401, 0.001338, 0.001341, 0.001285, 0.001474, 0.001289, 0.001318, 0.001223, 0.001258, 0.001193, 0.001438, 0.001409, 0.001378, 0.001436, 0.001375, 0.001410, 0.001472, 0.001403, 0.001405, 0.001404, 0.001436, 0.001525, 0.001520, 0.001460, 0.001367, 0.001489, 0.001457, 0.001399, 0.001304, 0.001330, 0.001334, 0.001429, 0.001305, 0.001427, 0.001364, 0.001577, 0.001334, 0.001487, 0.001394, 0.001459, 0.001306, 0.001488, 0.001334, 0.001458, 0.001362, 0.001522, 0.001428, 0.001555, 0.001368, 0.001494, 0.001371, 0.001406, 0.001248, 0.001370, 0.001279, 0.001436, 0.001278, 0.001497, 0.001311
14 , 2, 1, 1, 1, 1, 1, 1
14 , 0.003895, 0.003833, 0.003654, 0.003912, 0.003492, 0.003516, 0.002981
15 , 0.001472, 0.001403, 0.001405, 0.001404, 0.001436, 0.001525, 0.001520, 0.001460, 0.001367, 0.001489, 0.001457, 0.001399, 0.001304, 0.001330, 0.001334, 0.001429, 0.001305, 0.001427, 0.001364, 0.001577, 0.001334, 0.001487, 0.001394, 0.001459, 0.001306, 0.001488, 0.001334, 0.001458, 0.001362, 0.001522, 0.001428, 0.001555, 0.001368, 0.001494, 0.001371, 0.001406, 0.001248, 0.001370, 0.001279, 0.001436, 0.001278, 0.001497, 0.001311, 0.001495, 0.001397, 0.001487, 0.001359, 0.001454, 0.001268, 0.001576, 0.001361, 0.001483, 0.001359, 0.001487, 0.001304, 0.001492, 0.001310, 0.001469, 0.001283, 0.001438, 0.001224, 0.001375, 0.001248, 0.001405, 0.001373, 0.001408, 0.001281, 0.001379, 0.001347, 0.001472, 0.001314, 0.001379, 0.001405, 0.001532, 0.001407, 0.001531, 0.001410, 0.001410, 0.001196, 0.001406, 0.001313, 0.001344, 0.001342, 0.001433, 0.001399, 0.001427, 0.001390, 0.001362, 0.001360, 0.001487, 0.001400, 0.001401
15 , 0, 2, 2, 2, 2, 2, 2
15 , 0.000162, 0.000669, 0.000419, 0.000754, 0.000773, 0.000817, 0.000394
16 , 0.001483, 0.001359, 0.001487, 0.001304, 0.001492, 0.001310, 0.001469, 0.001283, 0.001438, 0.001224, 0.001375, 0.001248, 0.001405, 0.001373, 0.001408, 0.001281, 0.001379, 0.001347, 0.001472, 0.001314, 0.001379, 0.001405, 0.001532, 0.001407, 0.001531, 0.001410, 0.001410, 0.001196, 0.001406, 0.001313, 0.001344, 0.001342, 0.001433, 0.001399, 0.001427, 0.001390, 0.001362, 0.001360, 0.001487, 0.001400, 0.001401, 0.001462, 0.001339, 0.001435, 0.001372, 0.001376, 0.001347, 0.001287, 0.001318, 0.001377, 0.001349, 0.001383, 0.001230, 0.001381, 0.001377, 0.001289, 0.001257, 0.001253, 0.001308, 0.001523, 0.001400, 0.001466, 0.001252, 0.001407, 0.001346, 0.001226, 0.001167, 0.001351, 0.001315, 0.001379, 0.001286, 0.001440, 0.001252, 0.001409, 0.001161, 0.001373, 0.001211, 0.001458, 0.001270, 0.001480, 0.001355, 0.001503, 0.001344, 0.001618, 0.001460, 0.001674, 0.001610, 0.001822, 0.001485, 0.001792, 0.001607, 0.001700
16 , 0, 0, 0, 0, 0, 0, 2
16 , 0.002406, 0.002950, 0.003369, 0.003741, 0.003401, 0.003750, 0.004022
