0 , 0.001926, 0.001784, 0.001973, 0.001926, 0.002073, 0.001824, 0.002009, 0.001992, 0.002032, 0.002008, 0.002004, 0.002093, 0.001960, 0.002002, 0.001832, 0.001974, 0.001991, 0.001837, 0.001862, 0.001799, 0.001863, 0.001741, 0.001983, 0.000458, 0.001509, 0.001582, 0.001792, 0.001673, 0.001520, 0.001521, 0.001582, 0.001614, 0.001431, 0.001557, 0.001561, 0.001505, 0.001266, 0.001360, 0.001361, 0.001393, 0.001394, 0.001365, 0.001304, 0.001490, 0.001455, 0.001339, 0.001429, 0.000614, 0.001771, 0.001735, 0.001977, 0.001881, 0.001889, 0.002187, 0.002063, 0.002026, 0.001878, 0.002050, 0.001956, 0.001978, 0.001841, 0.001783, 0.001989, 0.001745, 0.002000, 0.001809, 0.001881, 0.001959, 0.001724, 0.001868, 0.001576, 0.001618, 0.000924, 0.001774, 0.001730, 0.001706, 0.001459, 0.001645, 0.001459, 0.001642, 0.001427, 0.001611, 0.001610, 0.001672, 0.001427, 0.001766, 0.001612, 0.001645, 0.001430, 0.001587, 0.001398, 0.001584
0 , 1, 1, 1, 1, 1, 1, 1
0 , 0.012918, 0.014308, 0.016703, 0.017512, 0.020159, 0.016039, 0.015579
1 , 0.001977, 0.001881, 0.001889, 0.002187, 0.002063, 0.002026, 0.001878, 0.002050, 0.001956, 0.001978, 0.001841, 0.001783, 0.001989, 0.001745, 0.002000, 0.001809, 0.001881, 0.001959, 0.001724, 0.001868, 0.001576, 0.001618, 0.000924, 0.001774, 0.001730, 0.001706, 0.001459, 0.001645, 0.001459, 0.001642, 0.001427, 0.001611, 0.001610, 0.001672, 0.001427, 0.001766, 0.001612, 0.001645, 0.001430, 0.001587, 0.001398, 0.001584, 0.001400, 0.001558, 0.001583, 0.001594, 0.001609, 0.000405, 0.001589, 0.001651, 0.001568, 0.001844, 0.001896, 0.001871, 0.001959, 0.001947, 0.002093, 0.001926, 0.002016, 0.001858, 0.001903, 0.001987, 0.001874, 0.001915, 0.001581, 0.001920, 0.001876, 0.001793, 0.001810, 0.001833, 0.001818, 0.001749, 0.000525, 0.001913, 0.001695, 0.001637, 0.001455, 0.001518, 0.001520, 0.001431, 0.001344, 0.001500, 0.001415, 0.001421, 0.001426, 0.001367, 0.001283, 0.001193, 0.001318, 0.001289, 0.001200, 0.001261
1 , 1, 1, 1, 1, 1, 1, 1
1 , 0.012692, 0.014979, 0.015638, 0.016297, 0.017632, 0.015999, 0.016838
2 , 0.001568, 0.001844, 0.001896, 0.001871, 0.001959, 0.001947, 0.002093, 0.001926, 0.002016, 0.001858, 0.001903, 0.001987, 0.001874, 0.001915, 0.001581, 0.001920, 0.001876, 0.001793, 0.001810, 0.001833, 0.001818, 0.001749, 0.000525, 0.001913, 0.001695, 0.001637, 0.001455, 0.001518, 0.001520, 0.001431, 0.001344, 0.001500, 0.001415, 0.001421, 0.001426, 0.001367, 0.001283, 0.001193, 0.001318, 0.001289, 0.001200, 0.001261, 0.001226, 0.001173, 0.001253, 0.001006, 0.001462, 0.001802, 0.002032, 0.001770, 0.002004, 0.001931, 0.002105, 0.002020, 0.001983, 0.002102, 0.001893, 0.002239, 0.002111, 0.002072, 0.001993, 0.002026, 0.002209, 0.002045, 0.002154, 0.001969, 0.002051, 0.002005, 0.001950, 0.002056, 0.001847, 0.002153, 0.000834, 0.001489, 0.001627, 0.001566, 0.001412, 0.001381, 0.001380, 0.001469, 0.001283, 0.001432, 0.001458, 0.001548, 0.001422, 0.001635, 0.001454, 0.001609, 0.001392, 0.001519, 0.001519, 0.001522
2 , 1, 1, 1, 1, 1, 1, 1
2 , 0.017613, 0.020750, 0.023379, 0.024474, 0.023289, 0.021386, 0.020950
3 , 0.001770, 0.002004, 0.001931, 0.002105, 0.002020, 0.001983, 0.002102, 0.001893, 0.002239, 0.002111, 0.002072, 0.001993, 0.002026, 0.002209, 0.002045, 0.002154, 0.001969, 0.002051, 0.002005, 0.001950, 0.002056, 0.001847, 0.002153, 0.000834, 0.001489, 0.001627, 0.001566, 0.001412, 0.001381, 0.001380, 0.001469, 0.001283, 0.001432, 0.001458, 0.001548, 0.001422, 0.001635, 0.001454, 0.001609, 0.001392, 0.001519, 0.001519, 0.001522, 0.001368, 0.001489, 0.001369, 0.001490, 0.001315, 0.001493, 0.000269, 0.001768, 0.001613, 0.001987, 0.001929, 0.001829, 0.001820, 0.001972, 0.002218, 0.001996, 0.001941, 0.001865, 0.002120, 0.001996, 0.001987, 0.002057, 0.002014, 0.002257, 0.002123, 0.002317, 0.002069, 0.002111, 0.002202, 0.002032, 0.001683, 0.000887, 0.001356, 0.001558, 0.001347, 0.001292, 0.001167, 0.001321, 0.001226, 0.001288, 0.001133, 0.001381, 0.001257, 0.001265, 0.001173, 0.001359, 0.001140, 0.001259, 0.001166
3 , 1, 1, 1, 1, 1, 1, 1
3 , 0.017146, 0.020101, 0.022552, 0.024289, 0.027285, 0.026833, 0.029279
4 , 0.001987, 0.001929, 0.001829, 0.001820, 0.001972, 0.002218, 0.001996, 0.001941, 0.001865, 0.002120, 0.001996, 0.001987, 0.002057, 0.002014, 0.002257, 0.002123, 0.002317, 0.002069, 0.002111, 0.002202, 0.002032, 0.001683, 0.000887, 0.001356, 0.001558, 0.001347, 0.001292, 0.001167, 0.001321, 0.001226, 0.001288, 0.001133, 0.001381, 0.001257, 0.001265, 0.001173, 0.001359, 0.001140, 0.001259, 0.001166, 0.001315, 0.001191, 0.001431, 0.001247, 0.001595, 0.000193, 0.001410, 0.001859, 0.001811, 0.001893, 0.001786, 0.002099, 0.001987, 0.001966, 0.001878, 0.002093, 0.002218, 0.001929, 0.002063, 0.001923, 0.002054, 0.002102, 0.002050, 0.002057, 0.001974, 0.002205, 0.002065, 0.002212, 0.001992, 0.002191, 0.000187, 0.001608, 0.001514, 0.001546, 0.001266, 0.001571, 0.001379, 0.001378, 0.001404, 0.001433, 0.001460, 0.001519, 0.001364, 0.001579, 0.001457, 0.001642, 0.001519, 0.001519, 0.001308, 0.001463, 0.001492, 0.001435
4 , 1, 1, 1, 1, 1, 1, 1
4 , 0.023168, 0.026634, 0.031434, 0.029306, 0.027245, 0.025904, 0.025002
5 , 0.001811, 0.001893, 0.001786, 0.002099, 0.001987, 0.001966, 0.001878, 0.002093, 0.002218, 0.001929, 0.002063, 0.001923, 0.002054, 0.002102, 0.002050, 0.002057, 0.001974, 0.002205, 0.002065, 0.002212, 0.001992, 0.002191, 0.000187, 0.001608, 0.001514, 0.001546, 0.001266, 0.001571, 0.001379, 0.001378, 0.001404, 0.001433, 0.001460, 0.001519, 0.001364, 0.001579, 0.001457, 0.001642, 0.001519, 0.001519, 0.001308, 0.001463, 0.001492, 0.001435, 0.001345, 0.001530, 0.001496, 0.001106, 0.000965, 0.001923, 0.001613, 0.001765, 0.001893, 0.001999, 0.002117, 0.001974, 0.002199, 0.001974, 0.002035, 0.002062, 0.002101, 0.002259, 0.002137, 0.002183, 0.001992, 0.002065, 0.002056, 0.002244, 0.002159, 0.002053, 0.002169, 0.002300, 0.000915, 0.001657, 0.001427, 0.001569, 0.001418, 0.001441, 0.001313, 0.001374, 0.001251, 0.001527, 0.001401, 0.001587, 0.001311, 0.001434, 0.001313, 0.001379, 0.001316, 0.001471, 0.001473, 0.001568
5 , 1, 1, 1, 1, 1, 1, 1
5 , 0.016895, 0.021283, 0.023430, 0.025729, 0.025601, 0.025405, 0.024876
6 , 0.001923, 0.001613, 0.001765, 0.001893, 0.001999, 0.002117, 0.001974, 0.002199, 0.001974, 0.002035, 0.002062, 0.002101, 0.002259, 0.002137, 0.002183, 0.001992, 0.002065, 0.002056, 0.002244, 0.002159, 0.002053, 0.002169, 0.002300, 0.000915, 0.001657, 0.001427, 0.001569, 0.001418, 0.001441, 0.001313, 0.001374, 0.001251, 0.001527, 0.001401, 0.001587, 0.001311, 0.001434, 0.001313, 0.001379, 0.001316, 0.001471, 0.001473, 0.001568, 0.001080, 0.001418, 0.001238, 0.001574, 0.000763, 0.001897, 0.001966, 0.001936, 0.002054, 0.002052, 0.002035, 0.002254, 0.002126, 0.002214, 0.001968, 0.002349, 0.002258, 0.002170, 0.002210, 0.002105, 0.002115, 0.002030, 0.002192, 0.002128, 0.002135, 0.002254, 0.002051, 0.002104, 0.001675, 0.000571, 0.001614, 0.001629, 0.001637, 0.001384, 0.001416, 0.001565, 0.001561, 0.001498, 0.001469, 0.001503, 0.001415, 0.001411, 0.001416, 0.001359, 0.001421, 0.001329, 0.001332, 0.001331, 0.001393
6 , 1, 1, 1, 1, 1, 1, 1
6 , 0.019159, 0.022320, 0.025613, 0.028652, 0.031786, 0.027943, 0.027484
7 , 0.001936, 0.002054, 0.002052, 0.002035, 0.002254, 0.002126, 0.002214, 0.001968, 0.002349, 0.002258, 0.002170, 0.002210, 0.002105, 0.002115, 0.002030, 0.002192, 0.002128, 0.002135, 0.002254, 0.002051, 0.002104, 0.001675, 0.000571, 0.001614, 0.001629, 0.001637, 0.001384, 0.001416, 0.001565, 0.001561, 0.001498, 0.001469, 0.001503, 0.001415, 0.001411, 0.001416, 0.001359, 0.001421, 0.001329, 0.001332, 0.001331, 0.001393, 0.001365, 0.001406, 0.001304, 0.001315, 0.001446, 0.000228, 0.001578, 0.001844, 0.001862, 0.001713, 0.001987, 0.001944, 0.002081, 0.001801, 0.002017, 0.002169, 0.001954, 0.002005, 0.001887, 0.002172, 0.002020, 0.002084, 0.001984, 0.001978, 0.002078, 0.001820, 0.002014, 0.002005, 0.002016, 0.002160, 0.000007, 0.001802, 0.001614, 0.001673, 0.001457, 0.001460, 0.001336, 0.001459, 0.001301, 0.001520, 0.001273, 0.001546, 0.001390, 0.001540, 0.001415, 0.001534, 0.001469, 0.001626, 0.001437, 0.001593
7 , 1, 1, 1, 1, 1, 1, 1
7 , 0.019635, 0.022767, 0.025021, 0.025951, 0.027487, 0.023831, 0.023669
8 , 0.001862, 0.001713, 0.001987, 0.001944, 0.002081, 0.001801, 0.002017, 0.002169, 0.001954, 0.002005, 0.001887, 0.002172, 0.002020, 0.002084, 0.001984, 0.001978, 0.002078, 0.001820, 0.002014, 0.002005, 0.002016, 0.002160, 0.000007, 0.001802, 0.001614, 0.001673, 0.001457, 0.001460, 0.001336, 0.001459, 0.001301, 0.001520, 0.001273, 0.001546, 0.001390, 0.001540, 0.001415, 0.001534, 0.001469, 0.001626, 0.001437, 0.001593, 0.001532, 0.001686, 0.001284, 0.001320, 0.000945, 0.001616, 0.001627, 0.001852, 0.001718, 0.001724, 0.001688, 0.002025, 0.001761, 0.001858, 0.001774, 0.001841, 0.002017, 0.001941, 0.002090, 0.001917, 0.002078, 0.002032, 0.002102, 0.001998, 0.001843, 0.002129, 0.001894, 0.002384, 0.001010, 0.001086, 0.001479, 0.001495, 0.001374, 0.001371, 0.001373, 0.001280, 0.001463, 0.001278, 0.001400, 0.001309, 0.001304, 0.001238, 0.001453, 0.001387, 0.001361, 0.001330, 0.001511, 0.001268, 0.001363, 0.001298
8 , 1, 1, 1, 1, 1, 1, 1
8 , 0.016765, 0.020500, 0.023720, 0.025028, 0.020728, 0.020906, 0.020186
9 , 0.001852, 0.001718, 0.001724, 0.001688, 0.002025, 0.001761, 0.001858, 0.001774, 0.001841, 0.002017, 0.001941, 0.002090, 0.001917, 0.002078, 0.002032, 0.002102, 0.001998, 0.001843, 0.002129, 0.001894, 0.002384, 0.001010, 0.001086, 0.001479, 0.001495, 0.001374, 0.001371, 0.001373, 0.001280, 0.001463, 0.001278, 0.001400, 0.001309, 0.001304, 0.001238, 0.001453, 0.001387, 0.001361, 0.001330, 0.001511, 0.001268, 0.001363, 0.001298, 0.001391, 0.001418, 0.001246, 0.001355, 0.000373, 0.001805, 0.001893, 0.001953, 0.001701, 0.001887, 0.001917, 0.002035, 0.002020, 0.001990, 0.002163, 0.002078, 0.002172, 0.002049, 0.002140, 0.002204, 0.002033, 0.002192, 0.001963, 0.002088, 0.002203, 0.002268, 0.002091, 0.002082, 0.002203, 0.000445, 0.001688, 0.001454, 0.001399, 0.001237, 0.001362, 0.001140, 0.001261, 0.001375, 0.001433, 0.001185, 0.001399, 0.001243, 0.001488, 0.001304, 0.001400, 0.001279, 0.001552, 0.001330, 0.001454
9 , 1, 1, 1, 1, 1, 1, 1
9 , 0.019616, 0.022609, 0.026121, 0.026515, 0.029174, 0.026271, 0.025575
10 , 0.001953, 0.001701, 0.001887, 0.001917, 0.002035, 0.002020, 0.001990, 0.002163, 0.002078, 0.002172, 0.002049, 0.002140, 0.002204, 0.002033, 0.002192, 0.001963, 0.002088, 0.002203, 0.002268, 0.002091, 0.002082, 0.002203, 0.000445, 0.001688, 0.001454, 0.001399, 0.001237, 0.001362, 0.001140, 0.001261, 0.001375, 0.001433, 0.001185, 0.001399, 0.001243, 0.001488, 0.001304, 0.001400, 0.001279, 0.001552, 0.001330, 0.001454, 0.001320, 0.001423, 0.001553, 0.000760, 0.001558, 0.001596, 0.001573, 0.001857, 0.001732, 0.001951, 0.001649, 0.001837, 0.001915, 0.001757, 0.001881, 0.001780, 0.001990, 0.001818, 0.001865, 0.001731, 0.001777, 0.001904, 0.001546, 0.001545, 0.001489, 0.001540, 0.001624, 0.001530, 0.001478, 0.001493, 0.000038, 0.002079, 0.002231, 0.002232, 0.001987, 0.001895, 0.001894, 0.001802, 0.001802, 0.001742, 0.001715, 0.001567, 0.001544, 0.001458, 0.001466, 0.001383, 0.001334, 0.001249, 0.001261, 0.001180
10 , 1, 1, 1, 1, 1, 1, 1
10 , 0.013889, 0.016590, 0.019230, 0.020402, 0.017973, 0.015352, 0.015645
11 , 0.001857, 0.001732, 0.001951, 0.001649, 0.001837, 0.001915, 0.001757, 0.001881, 0.001780, 0.001990, 0.001818, 0.001865, 0.001731, 0.001777, 0.001904, 0.001546, 0.001545, 0.001489, 0.001540, 0.001624, 0.001530, 0.001478, 0.001493, 0.000038, 0.002079, 0.002231, 0.002232, 0.001987, 0.001895, 0.001894, 0.001802, 0.001802, 0.001742, 0.001715, 0.001567, 0.001544, 0.001458, 0.001466, 0.001383, 0.001334, 0.001249, 0.001261, 0.001180, 0.001159, 0.001224, 0.001172, 0.001058, 0.001098, 0.000922, 0.000993, 0.001023, 0.001033, 0.001036, 0.001069, 0.001155, 0.001124, 0.001030, 0.001036, 0.001032, 0.001123, 0.000914, 0.001022, 0.001058, 0.001022, 0.001043, 0.001033, 0.001173, 0.001349, 0.001189, 0.001277, 0.001272, 0.001201, 0.001316, 0.001376, 0.001398, 0.001420, 0.001536, 0.001496, 0.001640, 0.001698, 0.001670, 0.001638, 0.001635, 0.001605, 0.001634, 0.001604, 0.001665, 0.001514, 0.001667, 0.001512, 0.001605, 0.001603
11 , 2, 2, 2, 2, 2, 2, 2
11 , 0.013689, 0.014512, 0.015027, 0.015470, 0.015921, 0.013235, 0.014298
12 , 0.001023, 0.001033, 0.001036, 0.001069, 0.001155, 0.001124, 0.001030, 0.001036, 0.001032, 0.001123, 0.000914, 0.001022, 0.001058, 0.001022, 0.001043, 0.001033, 0.001173, 0.001349, 0.001189, 0.001277, 0.001272, 0.001201, 0.001316, 0.001376, 0.001398, 0.001420, 0.001536, 0.001496, 0.001640, 0.001698, 0.001670, 0.001638, 0.001635, 0.001605, 0.001634, 0.001604, 0.001665, 0.001514, 0.001667, 0.001512, 0.001605, 0.001603, 0.001725, 0.001603, 0.001607, 0.001577, 0.001547, 0.001670, 0.001555, 0.001435, 0.001622, 0.001384, 0.001419, 0.001365, 0.001437, 0.001259, 0.001358, 0.001211, 0.001251, 0.001131, 0.001325, 0.001092, 0.001072, 0.001099, 0.001227, 0.001042, 0.001162, 0.001092, 0.001158, 0.001064, 0.001156, 0.001114, 0.001175, 0.001023, 0.001293, 0.001190, 0.001379, 0.001252, 0.001340, 0.001155, 0.001306, 0.001179, 0.001304, 0.001145, 0.001390, 0.001112, 0.001420, 0.001349, 0.001354, 0.001190, 0.001405, 0.001245
12 , 3, 3, 3, 3, 0, 0, 0
12 , 0.013104, 0.012774, 0.011878, 0.011534, 0.011801, 0.012056, 0.012519
13 , 0.001547, 0.001670, 0.001555, 0.001435, 0.001622, 0.001384, 0.001419, 0.001365, 0.001437, 0.001259, 0.001358, 0.001211, 0.001251, 0.001131, 0.001325, 0.001092, 0.001072, 0.001099, 0.001227, 0.001042, 0.001162, 0.001092, 0.001158, 0.001064, 0.001156, 0.001114, 0.001175, 0.001023, 0.001293, 0.001190, 0.001379, 0.001252, 0.001340, 0.001155, 0.001306, 0.001179, 0.001304, 0.001145, 0.001390, 0.001112, 0.001420, 0.001349, 0.001354, 0.001190, 0.001405, 0.001245, 0.001488, 0.001215, 0.001398, 0.001180, 0.001427, 0.001272, 0.001400, 0.001305, 0.001429, 0.001273, 0.001460, 0.001276, 0.001404, 0.001309, 0.001403, 0.001283, 0.001376, 0.001165, 0.001382, 0.001106, 0.001412, 0.001284, 0.001291, 0.001165, 0.001383, 0.001291, 0.001383, 0.001290, 0.001322, 0.001168, 0.001476, 0.001229, 0.001293, 0.001286, 0.001403, 0.001372, 0.001552, 0.001243, 0.001370, 0.001371, 0.001560, 0.001346, 0.001467, 0.001464, 0.001459, 0.001453
13 , 2, 2, 2, 2, 2, 2, 0
13 , 0.004205, 0.003567, 0.003414, 0.002710, 0.002440, 0.001579, 0.001889
14 , 0.001488, 0.001215, 0.001398, 0.001180, 0.001427, 0.001272, 0.001400, 0.001305, 0.001429, 0.001273, 0.001460, 0.001276, 0.001404, 0.001309, 0.001403, 0.001283, 0.001376, 0.001165, 0.001382, 0.001106, 0.001412, 0.001284, 0.001291, 0.001165, 0.001383, 0.001291, 0.001383, 0.001290, 0.001322, 0.001168, 0.001476, 0.001229, 0.001293, 0.001286, 0.001403, 0.001372, 0.001552, 0.001243, 0.001370, 0.001371, 0.001560, 0.001346, 0.001467, 0.001464, 0.001459, 0.001453, 0.001543, 0.001447, 0.001595, 0.001500, 0.001713, 0.001560, 0.001559, 0.001528, 0.001528, 0.001561, 0.001561, 0.001532, 0.001383, 0.001415, 0.001443, 0.001438, 0.001505, 0.001383, 0.001437, 0.001614, 0.001521, 0.001553, 0.001518, 0.001578, 0.001610, 0.001581, 0.001554, 0.001647, 0.001554, 0.001713, 0.001408, 0.001500, 0.001563, 0.001664, 0.001363, 0.001520, 0.001340, 0.001378, 0.001200, 0.001359, 0.001178, 0.001277, 0.001128, 0.001228, 0.001134, 0.001418
14 , 3, 3, 3, 3, 3, 3, 3
14 , 0.001464, 0.002249, 0.002850, 0.003329, 0.004256, 0.005015, 0.005924
15 , 0.001559, 0.001528, 0.001528, 0.001561, 0.001561, 0.001532, 0.001383, 0.001415, 0.001443, 0.001438, 0.001505, 0.001383, 0.001437, 0.001614, 0.001521, 0.001553, 0.001518, 0.001578, 0.001610, 0.001581, 0.001554, 0.001647, 0.001554, 0.001713, 0.001408, 0.001500, 0.001563, 0.001664, 0.001363, 0.001520, 0.001340, 0.001378, 0.001200, 0.001359, 0.001178, 0.001277, 0.001128, 0.001228, 0.001134, 0.001418, 0.001140, 0.001234, 0.001017, 0.001110, 0.001041, 0.001383, 0.001186, 0.001306, 0.001184, 0.001366, 0.001179, 0.001368, 0.001211, 0.001362, 0.001292, 0.001537, 0.001318, 0.001560, 0.001310, 0.001524, 0.001428, 0.001589, 0.001398, 0.001489, 0.001333, 0.001548, 0.001393, 0.001551, 0.001334, 0.001611, 0.001334, 0.001431, 0.001430, 0.001554, 0.001373, 0.001562, 0.001317, 0.001473, 0.001321, 0.001413, 0.001283, 0.001320, 0.001227, 0.001414, 0.001168, 0.001477, 0.001448, 0.001389, 0.001324, 0.001390, 0.001231, 0.001300
15 , 2, 2, 1, 1, 1, 1, 1
15 , 0.003994, 0.004378, 0.004363, 0.005092, 0.005622, 0.006708, 0.007101
16 , 0.001211, 0.001362, 0.001292, 0.001537, 0.001318, 0.001560, 0.001310, 0.001524, 0.001428, 0.001589, 0.001398, 0.001489, 0.001333, 0.001548, 0.001393, 0.001551, 0.001334, 0.001611, 0.001334, 0.001431, 0.001430, 0.001554, 0.001373, 0.001562, 0.001317, 0.001473, 0.001321, 0.001413, 0.001283, 0.001320, 0.001227, 0.001414, 0.001168, 0.001477, 0.001448, 0.001389, 0.001324, 0.001390, 0.001231, 0.001300, 0.001268, 0.001302, 0.001272, 0.001214, 0.001183, 0.001182, 0.001239, 0.001297, 0.001321, 0.001250, 0.001337, 0.001363, 0.001387, 0.001530, 0.001585, 0.001641, 0.001637, 0.001544, 0.001602, 0.001573, 0.001785, 0.001695, 0.001634, 0.001633, 0.001633, 0.001726, 0.001758, 0.001634, 0.001729, 0.001518, 0.001731, 0.001641, 0.001615, 0.001494, 0.001650, 0.001562, 0.001659, 0.001542, 0.001517, 0.001432, 0.001467, 0.001375, 0.001535, 0.001265, 0.001424, 0.001302, 0.001491, 0.001333, 0.001516, 0.001327, 0.001515, 0.001202
16 , 1, 1, 1, 1, 1, 1, 1
16 , 0.001504, 0.002764, 0.003600, 0.005121, 0.006019, 0.007142, 0.007497
