0 , 0.001580, 0.001245, 0.001168, 0.001027, 0.001221, 0.001100, 0.001268, 0.001035, 0.001329, 0.001056, 0.001268, 0.001026, 0.001315, 0.001095, 0.001436, 0.001143, 0.001401, 0.001195, 0.001544, 0.001173, 0.001354, 0.001151, 0.001311, 0.001134, 0.000777, 0.000824, 0.001261, 0.001078, 0.001216, 0.001231, 0.001131, 0.001289, 0.001163, 0.001418, 0.001239, 0.001146, 0.001034, 0.001065, 0.001192, 0.001066, 0.001174, 0.001000, 0.000921, 0.001021, 0.000847, 0.000763, 0.000804, 0.000740, 0.001137, 0.000246, 0.002159, 0.001891, 0.001861, 0.001544, 0.001603, 0.001324, 0.001437, 0.001177, 0.001294, 0.001083, 0.001116, 0.000932, 0.001160, 0.000824, 0.001083, 0.000896, 0.000810, 0.000664, 0.000760, 0.000830, 0.000971, 0.000895, 0.000715, 0.000774, 0.001834, 0.001614, 0.001734, 0.001880, 0.001734, 0.001812, 0.001597, 0.001884, 0.001860, 0.001727, 0.001686, 0.001634, 0.001993, 0.001662, 0.001604, 0.001582, 0.001459, 0.001592
0 , 2, 2, 2, 2, 2, 2, 2
0 , 0.010040, 0.010821, 0.011372, 0.013273, 0.013920, 0.014955, 0.015174
1 , 0.001861, 0.001544, 0.001603, 0.001324, 0.001437, 0.001177, 0.001294, 0.001083, 0.001116, 0.000932, 0.001160, 0.000824, 0.001083, 0.000896, 0.000810, 0.000664, 0.000760, 0.000830, 0.000971, 0.000895, 0.000715, 0.000774, 0.001834, 0.001614, 0.001734, 0.001880, 0.001734, 0.001812, 0.001597, 0.001884, 0.001860, 0.001727, 0.001686, 0.001634, 0.001993, 0.001662, 0.001604, 0.001582, 0.001459, 0.001592, 0.001396, 0.001440, 0.001381, 0.001154, 0.001396, 0.001381, 0.001251, 0.001801, 0.001625, 0.001516, 0.001511, 0.001575, 0.001518, 0.001409, 0.001385, 0.001458, 0.001323, 0.001343, 0.001170, 0.001399, 0.001364, 0.001488, 0.001264, 0.001398, 0.001199, 0.001458, 0.001250, 0.001398, 0.001246, 0.001302, 0.001143, 0.000346, 0.001250, 0.001643, 0.001307, 0.001607, 0.001474, 0.001534, 0.001641, 0.001576, 0.001901, 0.001601, 0.001741, 0.001683, 0.001683, 0.002050, 0.001748, 0.001709, 0.001634, 0.001630, 0.001783, 0.001694
1 , 0, 0, 0, 0, 0, 0, 0
1 , 0.010914, 0.011297, 0.013968, 0.016222, 0.018952, 0.019461, 0.018818
2 , 0.001575, 0.001518, 0.001409, 0.001385, 0.001458, 0.001323, 0.001343, 0.001170, 0.001399, 0.001364, 0.001488, 0.001264, 0.001398, 0.001199, 0.001458, 0.001250, 0.001398, 0.001246, 0.001302, 0.001143, 0.000346, 0.001250, 0.001643, 0.001307, 0.001607, 0.001474, 0.001534, 0.001641, 0.001576, 0.001901, 0.001601, 0.001741, 0.001683, 0.001683, 0.002050, 0.001748, 0.001709, 0.001634, 0.001630, 0.001783, 0.001694, 0.001627, 0.001442, 0.001476, 0.001932, 0.000117, 0.001739, 0.001457, 0.001557, 0.001276, 0.001380, 0.001259, 0.001384, 0.001060, 0.001263, 0.001186, 0.001427, 0.001160, 0.001268, 0.001108, 0.001390, 0.001200, 0.001273, 0.001127, 0.001335, 0.001136, 0.001104, 0.001196, 0.000603, 0.000964, 0.001488, 0.001243, 0.001406, 0.001735, 0.001572, 0.001620, 0.001339, 0.001601, 0.001667, 0.001535, 0.001598, 0.001349, 0.001585, 0.001660, 0.001697, 0.001571, 0.001412, 0.001667, 0.001475, 0.001651, 0.001617, 0.001341
2 , 0, 0, 0, 0, 0, 0, 0
2 , 0.008772, 0.012420, 0.013168, 0.014022, 0.014702, 0.014858, 0.013349
3 , 0.001259, 0.001384, 0.001060, 0.001263, 0.001186, 0.001427, 0.001160, 0.001268, 0.001108, 0.001390, 0.001200, 0.001273, 0.001127, 0.001335, 0.001136, 0.001104, 0.001196, 0.000603, 0.000964, 0.001488, 0.001243, 0.001406, 0.001735, 0.001572, 0.001620, 0.001339, 0.001601, 0.001667, 0.001535, 0.001598, 0.001349, 0.001585, 0.001660, 0.001697, 0.001571, 0.001412, 0.001667, 0.001475, 0.001651, 0.001617, 0.001341, 0.001962, 0.000949, 0.001213, 0.001248, 0.001216, 0.001242, 0.001254, 0.001021, 0.001116, 0.001038, 0.001077, 0.001106, 0.001054, 0.001162, 0.001106, 0.001228, 0.001070, 0.001053, 0.001000, 0.001168, 0.000977, 0.001288, 0.001235, 0.001341, 0.001051, 0.001153, 0.000982, 0.000254, 0.001355, 0.001435, 0.001310, 0.001570, 0.001520, 0.001510, 0.001537, 0.001309, 0.001681, 0.001601, 0.001541, 0.001416, 0.001356, 0.001657, 0.001601, 0.001521, 0.001451, 0.001544, 0.001725, 0.001483, 0.001627, 0.001600, 0.001646
3 , 0, 0, 0, 0, 0, 0, 0
3 , 0.014483, 0.016680, 0.016792, 0.016621, 0.016009, 0.013784, 0.012294
4 , 0.001021, 0.001116, 0.001038, 0.001077, 0.001106, 0.001054, 0.001162, 0.001106, 0.001228, 0.001070, 0.001053, 0.001000, 0.001168, 0.000977, 0.001288, 0.001235, 0.001341, 0.001051, 0.001153, 0.000982, 0.000254, 0.001355, 0.001435, 0.001310, 0.001570, 0.001520, 0.001510, 0.001537, 0.001309, 0.001681, 0.001601, 0.001541, 0.001416, 0.001356, 0.001657, 0.001601, 0.001521, 0.001451, 0.001544, 0.001725, 0.001483, 0.001627, 0.001600, 0.001646, 0.001710, 0.000633, 0.001496, 0.001297, 0.001272, 0.001124, 0.001311, 0.001091, 0.001390, 0.001193, 0.001272, 0.001005, 0.001248, 0.000996, 0.001299, 0.000974, 0.001114, 0.000905, 0.001297, 0.001101, 0.001205, 0.001139, 0.001261, 0.001298, 0.000239, 0.001039, 0.001221, 0.001188, 0.001091, 0.001286, 0.001190, 0.001339, 0.001283, 0.001343, 0.001508, 0.001323, 0.001505, 0.001353, 0.001542, 0.001522, 0.001545, 0.001724, 0.001399, 0.001594, 0.001628, 0.001606, 0.001661, 0.001380
4 , 0, 0, 0, 0, 0, 0, 0
4 , 0.010506, 0.014308, 0.015891, 0.016367, 0.016724, 0.015838, 0.014867
5 , 0.001311, 0.001091, 0.001390, 0.001193, 0.001272, 0.001005, 0.001248, 0.000996, 0.001299, 0.000974, 0.001114, 0.000905, 0.001297, 0.001101, 0.001205, 0.001139, 0.001261, 0.001298, 0.000239, 0.001039, 0.001221, 0.001188, 0.001091, 0.001286, 0.001190, 0.001339, 0.001283, 0.001343, 0.001508, 0.001323, 0.001505, 0.001353, 0.001542, 0.001522, 0.001545, 0.001724, 0.001399, 0.001594, 0.001628, 0.001606, 0.001661, 0.001380, 0.001987, 0.000256, 0.001456, 0.001390, 0.001412, 0.001139, 0.001399, 0.001299, 0.001338, 0.001286, 0.001278, 0.001170, 0.001256, 0.001273, 0.001173, 0.001199, 0.001321, 0.001238, 0.001143, 0.001238, 0.001229, 0.001298, 0.001212, 0.001251, 0.001187, 0.001393, 0.000771, 0.000714, 0.001345, 0.001389, 0.001355, 0.001451, 0.001421, 0.001414, 0.001570, 0.001291, 0.001623, 0.001625, 0.001666, 0.001659, 0.001440, 0.001803, 0.001699, 0.001707, 0.001713, 0.001639, 0.001926, 0.001757, 0.001791, 0.001631
5 , 0, 0, 0, 0, 0, 0, 0
5 , 0.010127, 0.012472, 0.014445, 0.014957, 0.015496, 0.015334, 0.015216
6 , 0.001338, 0.001286, 0.001278, 0.001170, 0.001256, 0.001273, 0.001173, 0.001199, 0.001321, 0.001238, 0.001143, 0.001238, 0.001229, 0.001298, 0.001212, 0.001251, 0.001187, 0.001393, 0.000771, 0.000714, 0.001345, 0.001389, 0.001355, 0.001451, 0.001421, 0.001414, 0.001570, 0.001291, 0.001623, 0.001625, 0.001666, 0.001659, 0.001440, 0.001803, 0.001699, 0.001707, 0.001713, 0.001639, 0.001926, 0.001757, 0.001791, 0.001631, 0.001909, 0.001232, 0.001175, 0.001436, 0.001430, 0.001412, 0.001307, 0.001307, 0.001272, 0.001462, 0.001173, 0.001307, 0.001211, 0.001419, 0.001255, 0.001501, 0.001242, 0.001406, 0.001134, 0.001479, 0.001363, 0.001427, 0.001281, 0.001312, 0.001122, 0.000209, 0.001227, 0.001330, 0.001316, 0.001267, 0.001395, 0.001455, 0.001508, 0.001421, 0.001437, 0.001647, 0.001501, 0.001531, 0.001510, 0.001490, 0.001650, 0.001579, 0.001728, 0.001618, 0.001664, 0.001794, 0.001694, 0.001760, 0.001499, 0.001725
6 , 0, 0, 0, 0, 0, 0, 0
6 , 0.012799, 0.014166, 0.014586, 0.015062, 0.015735, 0.015517, 0.014560
7 , 0.001272, 0.001462, 0.001173, 0.001307, 0.001211, 0.001419, 0.001255, 0.001501, 0.001242, 0.001406, 0.001134, 0.001479, 0.001363, 0.001427, 0.001281, 0.001312, 0.001122, 0.000209, 0.001227, 0.001330, 0.001316, 0.001267, 0.001395, 0.001455, 0.001508, 0.001421, 0.001437, 0.001647, 0.001501, 0.001531, 0.001510, 0.001490, 0.001650, 0.001579, 0.001728, 0.001618, 0.001664, 0.001794, 0.001694, 0.001760, 0.001499, 0.001725, 0.001753, 0.001574, 0.000902, 0.001302, 0.001292, 0.001125, 0.001197, 0.001055, 0.001067, 0.001088, 0.001153, 0.001000, 0.001165, 0.001012, 0.001056, 0.001082, 0.001116, 0.001181, 0.001021, 0.001008, 0.001038, 0.001142, 0.001207, 0.001186, 0.001145, 0.001279, 0.000964, 0.001175, 0.001023, 0.001230, 0.001096, 0.001295, 0.001130, 0.001354, 0.001138, 0.001298, 0.001147, 0.001397, 0.001082, 0.001285, 0.001155, 0.001402, 0.001259, 0.001389, 0.001000, 0.001307, 0.001083, 0.001221, 0.001153, 0.001386
7 , 0, 0, 0, 0, 0, 0, 0
7 , 0.009411, 0.009261, 0.009343, 0.010041, 0.009565, 0.009784, 0.008612
8 , 0.001055, 0.001067, 0.001088, 0.001153, 0.001000, 0.001165, 0.001012, 0.001056, 0.001082, 0.001116, 0.001181, 0.001021, 0.001008, 0.001038, 0.001142, 0.001207, 0.001186, 0.001145, 0.001279, 0.000964, 0.001175, 0.001023, 0.001230, 0.001096, 0.001295, 0.001130, 0.001354, 0.001138, 0.001298, 0.001147, 0.001397, 0.001082, 0.001285, 0.001155, 0.001402, 0.001259, 0.001389, 0.001000, 0.001307, 0.001083, 0.001221, 0.001153, 0.001386, 0.001252, 0.001465, 0.001149, 0.001198, 0.001020, 0.001297, 0.001051, 0.001220, 0.001160, 0.001248, 0.001028, 0.001067, 0.000956, 0.001120, 0.000995, 0.000937, 0.001016, 0.001116, 0.000965, 0.001010, 0.001121, 0.000965, 0.001158, 0.001014, 0.001130, 0.001127, 0.001225, 0.001116, 0.001344, 0.001278, 0.001252, 0.001127, 0.001256, 0.001242, 0.001320, 0.001289, 0.001436, 0.001311, 0.001527, 0.001212, 0.001397, 0.001221, 0.001441, 0.001290, 0.001483, 0.001281, 0.001505, 0.001294, 0.001389
8 , 0, 0, 0, 0, 0, 0, 0
8 , 0.006375, 0.007920, 0.007837, 0.008539, 0.007525, 0.007769, 0.007048
9 , 0.001051, 0.001220, 0.001160, 0.001248, 0.001028, 0.001067, 0.000956, 0.001120, 0.000995, 0.000937, 0.001016, 0.001116, 0.000965, 0.001010, 0.001121, 0.000965, 0.001158, 0.001014, 0.001130, 0.001127, 0.001225, 0.001116, 0.001344, 0.001278, 0.001252, 0.001127, 0.001256, 0.001242, 0.001320, 0.001289, 0.001436, 0.001311, 0.001527, 0.001212, 0.001397, 0.001221, 0.001441, 0.001290, 0.001483, 0.001281, 0.001505, 0.001294, 0.001389, 0.001039, 0.001329, 0.001183, 0.001326, 0.000964, 0.001251, 0.001035, 0.001250, 0.000969, 0.001213, 0.000958, 0.001146, 0.000869, 0.000983, 0.000878, 0.001058, 0.000796, 0.000937, 0.000778, 0.000967, 0.000872, 0.001024, 0.001015, 0.001046, 0.000888, 0.001109, 0.001011, 0.001118, 0.001305, 0.001420, 0.001251, 0.001298, 0.001306, 0.001401, 0.001445, 0.001484, 0.001412, 0.001521, 0.001557, 0.001768, 0.001631, 0.001542, 0.001611, 0.001663, 0.001736, 0.001577, 0.001661, 0.001601, 0.001793
9 , 0, 0, 0, 0, 0, 0, 0
9 , 0.014037, 0.015082, 0.015596, 0.016870, 0.016084, 0.016020, 0.015725
10 , 0.001035, 0.001250, 0.000969, 0.001213, 0.000958, 0.001146, 0.000869, 0.000983, 0.000878, 0.001058, 0.000796, 0.000937, 0.000778, 0.000967, 0.000872, 0.001024, 0.001015, 0.001046, 0.000888, 0.001109, 0.001011, 0.001118, 0.001305, 0.001420, 0.001251, 0.001298, 0.001306, 0.001401, 0.001445, 0.001484, 0.001412, 0.001521, 0.001557, 0.001768, 0.001631, 0.001542, 0.001611, 0.001663, 0.001736, 0.001577, 0.001661, 0.001601, 0.001793, 0.001533, 0.001610, 0.001481, 0.001627, 0.001475, 0.001475, 0.001432, 0.001583, 0.001406, 0.001514, 0.001294, 0.001436, 0.001389, 0.001437, 0.001307, 0.001515, 0.001295, 0.001411, 0.001096, 0.001403, 0.001187, 0.001451, 0.001225, 0.001498, 0.001230, 0.001377, 0.001213, 0.001521, 0.001275, 0.001466, 0.001181, 0.001406, 0.001190, 0.001222, 0.001144, 0.001266, 0.000976, 0.001297, 0.001072, 0.001241, 0.001067, 0.001227, 0.001074, 0.001420, 0.001165, 0.001293, 0.001198, 0.001379, 0.001106
10 , 3, 3, 3, 3, 3, 3, 3
10 , 0.014462, 0.015127, 0.015116, 0.016066, 0.015654, 0.015767, 0.015161
11 , 0.001432, 0.001583, 0.001406, 0.001514, 0.001294, 0.001436, 0.001389, 0.001437, 0.001307, 0.001515, 0.001295, 0.001411, 0.001096, 0.001403, 0.001187, 0.001451, 0.001225, 0.001498, 0.001230, 0.001377, 0.001213, 0.001521, 0.001275, 0.001466, 0.001181, 0.001406, 0.001190, 0.001222, 0.001144, 0.001266, 0.000976, 0.001297, 0.001072, 0.001241, 0.001067, 0.001227, 0.001074, 0.001420, 0.001165, 0.001293, 0.001198, 0.001379, 0.001106, 0.001386, 0.001230, 0.001437, 0.001225, 0.001411, 0.001333, 0.001541, 0.001376, 0.001269, 0.001343, 0.001464, 0.001248, 0.001386, 0.001313, 0.001317, 0.001273, 0.001450, 0.001321, 0.001459, 0.001282, 0.001379, 0.001216, 0.001281, 0.001230, 0.001255, 0.001290, 0.001218, 0.001322, 0.001311, 0.001234, 0.001204, 0.001123, 0.001116, 0.001161, 0.001072, 0.001248, 0.001137, 0.001348, 0.001264, 0.001350, 0.001257, 0.001438, 0.001316, 0.001469, 0.001252, 0.001312, 0.001354, 0.001397, 0.001393
11 , 1, 1, 1, 1, 1, 1, 2
11 , 0.005119, 0.005013, 0.004129, 0.004497, 0.003814, 0.003538, 0.002484
12 , 0.001225, 0.001411, 0.001333, 0.001541, 0.001376, 0.001269, 0.001343, 0.001464, 0.001248, 0.001386, 0.001313, 0.001317, 0.001273, 0.001450, 0.001321, 0.001459, 0.001282, 0.001379, 0.001216, 0.001281, 0.001230, 0.001255, 0.001290, 0.001218, 0.001322, 0.001311, 0.001234, 0.001204, 0.001123, 0.001116, 0.001161, 0.001072, 0.001248, 0.001137, 0.001348, 0.001264, 0.001350, 0.001257, 0.001438, 0.001316, 0.001469, 0.001252, 0.001312, 0.001354, 0.001397, 0.001393, 0.001600, 0.001428, 0.001570, 0.001363, 0.001467, 0.001480, 0.001588, 0.001441, 0.001605, 0.001398, 0.001665, 0.001406, 0.001578, 0.001358, 0.001609, 0.001320, 0.001527, 0.001295, 0.001468, 0.001218, 0.001509, 0.001216, 0.001352, 0.001146, 0.001396, 0.001162, 0.001355, 0.001009, 0.001227, 0.001158, 0.001343, 0.001002, 0.001200, 0.001080, 0.001143, 0.000929, 0.001082, 0.000972, 0.001198, 0.000886, 0.001081, 0.000956, 0.001066, 0.000956, 0.001001, 0.000790
12 , 1, 1, 1, 1, 1, 1, 1
12 , 0.009252, 0.009382, 0.009117, 0.008993, 0.008756, 0.008399, 0.007940
13 , 0.001428, 0.001570, 0.001363, 0.001467, 0.001480, 0.001588, 0.001441, 0.001605, 0.001398, 0.001665, 0.001406, 0.001578, 0.001358, 0.001609, 0.001320, 0.001527, 0.001295, 0.001468, 0.001218, 0.001509, 0.001216, 0.001352, 0.001146, 0.001396, 0.001162, 0.001355, 0.001009, 0.001227, 0.001158, 0.001343, 0.001002, 0.001200, 0.001080, 0.001143, 0.000929, 0.001082, 0.000972, 0.001198, 0.000886, 0.001081, 0.000956, 0.001066, 0.000956, 0.001001, 0.000790, 0.001061, 0.000951, 0.001062, 0.001006, 0.001056, 0.001012, 0.001172, 0.000993, 0.001143, 0.001084, 0.001145, 0.001061, 0.001102, 0.001104, 0.001174, 0.001190, 0.001292, 0.001148, 0.001362, 0.001284, 0.001373, 0.001316, 0.001402, 0.001445, 0.001389, 0.001371, 0.001484, 0.001419, 0.001398, 0.001376, 0.001295, 0.001329, 0.001299, 0.001424, 0.001343, 0.001293, 0.001232, 0.001211, 0.001123, 0.001202, 0.001160, 0.001218, 0.001074, 0.001264, 0.001044, 0.001183, 0.001223
13 , 2, 2, 2, 2, 2, 2, 1
13 , 0.011307, 0.011081, 0.010525, 0.010109, 0.009270, 0.008827, 0.008553
14 , 0.000951, 0.001062, 0.001006, 0.001056, 0.001012, 0.001172, 0.000993, 0.001143, 0.001084, 0.001145, 0.001061, 0.001102, 0.001104, 0.001174, 0.001190, 0.001292, 0.001148, 0.001362, 0.001284, 0.001373, 0.001316, 0.001402, 0.001445, 0.001389, 0.001371, 0.001484, 0.001419, 0.001398, 0.001376, 0.001295, 0.001329, 0.001299, 0.001424, 0.001343, 0.001293, 0.001232, 0.001211, 0.001123, 0.001202, 0.001160, 0.001218, 0.001074, 0.001264, 0.001044, 0.001183, 0.001223, 0.001265, 0.001172, 0.001216, 0.001056, 0.001256, 0.001172, 0.001246, 0.000991, 0.001186, 0.001091, 0.001280, 0.001130, 0.001180, 0.001075, 0.001215, 0.001031, 0.001261, 0.001093, 0.001308, 0.001139, 0.001264, 0.001171, 0.001269, 0.001030, 0.001262, 0.001058, 0.001274, 0.001082, 0.001346, 0.001193, 0.001430, 0.001201, 0.001347, 0.001234, 0.001373, 0.001139, 0.001449, 0.001276, 0.001462, 0.001268, 0.001540, 0.001268, 0.001449, 0.001345, 0.001587, 0.001462
14 , 0, 0, 0, 0, 0, 0, 0
14 , 0.007039, 0.006467, 0.006598, 0.006323, 0.006229, 0.005739, 0.005568
15 , 0.001265, 0.001172, 0.001216, 0.001056, 0.001256, 0.001172, 0.001246, 0.000991, 0.001186, 0.001091, 0.001280, 0.001130, 0.001180, 0.001075, 0.001215, 0.001031, 0.001261, 0.001093, 0.001308, 0.001139, 0.001264, 0.001171, 0.001269, 0.001030, 0.001262, 0.001058, 0.001274, 0.001082, 0.001346, 0.001193, 0.001430, 0.001201, 0.001347, 0.001234, 0.001373, 0.001139, 0.001449, 0.001276, 0.001462, 0.001268, 0.001540, 0.001268, 0.001449, 0.001345, 0.001587, 0.001462, 0.001617, 0.001341, 0.001617, 0.001423, 0.001518, 0.001276, 0.001514, 0.001367, 0.001363, 0.001239, 0.001473, 0.001322, 0.001531, 0.001264, 0.001292, 0.001192, 0.001345, 0.001028, 0.001186, 0.001181, 0.001261, 0.000980, 0.001194, 0.000929, 0.001029, 0.001040, 0.001180, 0.000915, 0.001075, 0.001156, 0.001213, 0.001229, 0.001276, 0.001209, 0.001258, 0.001231, 0.001447, 0.001355, 0.001376, 0.001458, 0.001376, 0.001307, 0.001298, 0.001376, 0.001303, 0.001402
15 , 3, 3, 3, 3, 0, 0, 0
15 , 0.005447, 0.005225, 0.004435, 0.003971, 0.003480, 0.004848, 0.006007
16 , 0.001514, 0.001367, 0.001363, 0.001239, 0.001473, 0.001322, 0.001531, 0.001264, 0.001292, 0.001192, 0.001345, 0.001028, 0.001186, 0.001181, 0.001261, 0.000980, 0.001194, 0.000929, 0.001029, 0.001040, 0.001180, 0.000915, 0.001075, 0.001156, 0.001213, 0.001229, 0.001276, 0.001209, 0.001258, 0.001231, 0.001447, 0.001355, 0.001376, 0.001458, 0.001376, 0.001307, 0.001298, 0.001376, 0.001303, 0.001402, 0.001372, 0.001381, 0.001450, 0.001377, 0.001317, 0.001352, 0.001273, 0.001421, 0.001252, 0.001352, 0.001222, 0.001291, 0.001222, 0.001420, 0.001268, 0.001359, 0.001156, 0.001376, 0.001367, 0.001557, 0.001307, 0.001393, 0.001230, 0.001382, 0.001278, 0.001388, 0.001242, 0.001455, 0.001213, 0.001271, 0.001304, 0.001292, 0.001070, 0.001329, 0.001130, 0.001350, 0.001095, 0.001380, 0.001228, 0.001395, 0.001136, 0.001335, 0.001317, 0.001442, 0.001251, 0.001450, 0.001333, 0.001454, 0.001242, 0.001583, 0.001294, 0.001536
16 , 3, 3, 3, 3, 3, 0, 0
16 , 0.001208, 0.001395, 0.001802, 0.002321, 0.002983, 0.003858, 0.004220
