0 , 0.001813, 0.001958, 0.001843, 0.002130, 0.002211, 0.002237, 0.002280, 0.002068, 0.002321, 0.002262, 0.002307, 0.002209, 0.002321, 0.002459, 0.002197, 0.002295, 0.002008, 0.002264, 0.002200, 0.001954, 0.001926, 0.001954, 0.001956, 0.000702, 0.001694, 0.001581, 0.001591, 0.001402, 0.001499, 0.001403, 0.001526, 0.001277, 0.001441, 0.001255, 0.001351, 0.001226, 0.001413, 0.001286, 0.001504, 0.001282, 0.001501, 0.001221, 0.001468, 0.001278, 0.001324, 0.001486, 0.000702, 0.001456, 0.001714, 0.001712, 0.001930, 0.001883, 0.001963, 0.001815, 0.001962, 0.002072, 0.001990, 0.001844, 0.001665, 0.002018, 0.001905, 0.002069, 0.001862, 0.001829, 0.002063, 0.001960, 0.001884, 0.001890, 0.002084, 0.001908, 0.002120, 0.000117, 0.001635, 0.001457, 0.001524, 0.001404, 0.001348, 0.001226, 0.001139, 0.001298, 0.001268, 0.001333, 0.001236, 0.001327, 0.001303, 0.001425, 0.001301, 0.001450, 0.001451, 0.001393, 0.001349, 0.001532
0 , 1, 1, 1, 1, 1, 1, 1
0 , 0.021898, 0.024225, 0.027326, 0.030928, 0.028915, 0.026772, 0.026347
1 , 0.001712, 0.001930, 0.001883, 0.001963, 0.001815, 0.001962, 0.002072, 0.001990, 0.001844, 0.001665, 0.002018, 0.001905, 0.002069, 0.001862, 0.001829, 0.002063, 0.001960, 0.001884, 0.001890, 0.002084, 0.001908, 0.002120, 0.000117, 0.001635, 0.001457, 0.001524, 0.001404, 0.001348, 0.001226, 0.001139, 0.001298, 0.001268, 0.001333, 0.001236, 0.001327, 0.001303, 0.001425, 0.001301, 0.001450, 0.001451, 0.001393, 0.001349, 0.001532, 0.001435, 0.001430, 0.001461, 0.001455, 0.001418, 0.001018, 0.001676, 0.001702, 0.001741, 0.001753, 0.001798, 0.002045, 0.001735, 0.001930, 0.001805, 0.001805, 0.001972, 0.001796, 0.001933, 0.001744, 0.001939, 0.001835, 0.001820, 0.001793, 0.001768, 0.002066, 0.001990, 0.002002, 0.001850, 0.001252, 0.001234, 0.001699, 0.001502, 0.001606, 0.001360, 0.001454, 0.001388, 0.001371, 0.001187, 0.001436, 0.001161, 0.001413, 0.001264, 0.001390, 0.001230, 0.001391, 0.001201, 0.001326, 0.001198
1 , 1, 1, 1, 1, 1, 1, 1
1 , 0.015252, 0.018789, 0.020881, 0.023304, 0.021365, 0.021952, 0.020714
2 , 0.001676, 0.001702, 0.001741, 0.001753, 0.001798, 0.002045, 0.001735, 0.001930, 0.001805, 0.001805, 0.001972, 0.001796, 0.001933, 0.001744, 0.001939, 0.001835, 0.001820, 0.001793, 0.001768, 0.002066, 0.001990, 0.002002, 0.001850, 0.001252, 0.001234, 0.001699, 0.001502, 0.001606, 0.001360, 0.001454, 0.001388, 0.001371, 0.001187, 0.001436, 0.001161, 0.001413, 0.001264, 0.001390, 0.001230, 0.001391, 0.001201, 0.001326, 0.001198, 0.001326, 0.001221, 0.001386, 0.001293, 0.000347, 0.001809, 0.001661, 0.001778, 0.001868, 0.001854, 0.001781, 0.001732, 0.001750, 0.002090, 0.001963, 0.001974, 0.001783, 0.001880, 0.001977, 0.001890, 0.001981, 0.001750, 0.001945, 0.001945, 0.001929, 0.001950, 0.001826, 0.002120, 0.001981, 0.001990, 0.001700, 0.000667, 0.001683, 0.001647, 0.001684, 0.001586, 0.001463, 0.001458, 0.001486, 0.001452, 0.001386, 0.001415, 0.001410, 0.001561, 0.001500, 0.001563, 0.001534, 0.001539, 0.001570
2 , 1, 1, 1, 1, 1, 1, 1
2 , 0.010246, 0.012848, 0.014751, 0.017822, 0.021603, 0.021380, 0.020675
3 , 0.001778, 0.001868, 0.001854, 0.001781, 0.001732, 0.001750, 0.002090, 0.001963, 0.001974, 0.001783, 0.001880, 0.001977, 0.001890, 0.001981, 0.001750, 0.001945, 0.001945, 0.001929, 0.001950, 0.001826, 0.002120, 0.001981, 0.001990, 0.001700, 0.000667, 0.001683, 0.001647, 0.001684, 0.001586, 0.001463, 0.001458, 0.001486, 0.001452, 0.001386, 0.001415, 0.001410, 0.001561, 0.001500, 0.001563, 0.001534, 0.001539, 0.001570, 0.001511, 0.001386, 0.001510, 0.001449, 0.001538, 0.001363, 0.001653, 0.000696, 0.001300, 0.001840, 0.001791, 0.001703, 0.002074, 0.001952, 0.001989, 0.001852, 0.001976, 0.002259, 0.002064, 0.002091, 0.002001, 0.002136, 0.002142, 0.002027, 0.002149, 0.001802, 0.002134, 0.002037, 0.001946, 0.001959, 0.001856, 0.002194, 0.000316, 0.001772, 0.001559, 0.001646, 0.001398, 0.001424, 0.001452, 0.001669, 0.001420, 0.001549, 0.001301, 0.001515, 0.001483, 0.001549, 0.001423, 0.001579, 0.001450, 0.001516
3 , 1, 1, 1, 1, 1, 1, 1
3 , 0.010277, 0.013251, 0.015407, 0.017007, 0.018886, 0.019274, 0.020418
4 , 0.001791, 0.001703, 0.002074, 0.001952, 0.001989, 0.001852, 0.001976, 0.002259, 0.002064, 0.002091, 0.002001, 0.002136, 0.002142, 0.002027, 0.002149, 0.001802, 0.002134, 0.002037, 0.001946, 0.001959, 0.001856, 0.002194, 0.000316, 0.001772, 0.001559, 0.001646, 0.001398, 0.001424, 0.001452, 0.001669, 0.001420, 0.001549, 0.001301, 0.001515, 0.001483, 0.001549, 0.001423, 0.001579, 0.001450, 0.001516, 0.001515, 0.001550, 0.001333, 0.001552, 0.001306, 0.001356, 0.000694, 0.001620, 0.001689, 0.001979, 0.001788, 0.001943, 0.001748, 0.001997, 0.001926, 0.002061, 0.002139, 0.002001, 0.002240, 0.001981, 0.002149, 0.001926, 0.001930, 0.002155, 0.001979, 0.002005, 0.001840, 0.002163, 0.001896, 0.002139, 0.001036, 0.001253, 0.001708, 0.001639, 0.001487, 0.001514, 0.001521, 0.001430, 0.001404, 0.001491, 0.001402, 0.001489, 0.001426, 0.001492, 0.001429, 0.001370, 0.001249, 0.001468, 0.001345, 0.001376, 0.001443, 0.001354
4 , 1, 1, 1, 1, 1, 1, 1
4 , 0.017406, 0.020431, 0.022965, 0.024843, 0.021653, 0.022146, 0.021231
5 , 0.001979, 0.001788, 0.001943, 0.001748, 0.001997, 0.001926, 0.002061, 0.002139, 0.002001, 0.002240, 0.001981, 0.002149, 0.001926, 0.001930, 0.002155, 0.001979, 0.002005, 0.001840, 0.002163, 0.001896, 0.002139, 0.001036, 0.001253, 0.001708, 0.001639, 0.001487, 0.001514, 0.001521, 0.001430, 0.001404, 0.001491, 0.001402, 0.001489, 0.001426, 0.001492, 0.001429, 0.001370, 0.001249, 0.001468, 0.001345, 0.001376, 0.001443, 0.001354, 0.001299, 0.001387, 0.001278, 0.001502, 0.000326, 0.001725, 0.001725, 0.001861, 0.001722, 0.001781, 0.001969, 0.001711, 0.001956, 0.001566, 0.001799, 0.001827, 0.001824, 0.001830, 0.001683, 0.001904, 0.001672, 0.001885, 0.001721, 0.001791, 0.001788, 0.001780, 0.001827, 0.001710, 0.001903, 0.000510, 0.001746, 0.001526, 0.001600, 0.001329, 0.001433, 0.001343, 0.001384, 0.001109, 0.001298, 0.001209, 0.001272, 0.001175, 0.001482, 0.001256, 0.001350, 0.001249, 0.001462, 0.001334, 0.001490
5 , 1, 1, 1, 1, 1, 1, 1
5 , 0.016032, 0.018454, 0.020874, 0.020186, 0.022479, 0.020190, 0.020047
6 , 0.001861, 0.001722, 0.001781, 0.001969, 0.001711, 0.001956, 0.001566, 0.001799, 0.001827, 0.001824, 0.001830, 0.001683, 0.001904, 0.001672, 0.001885, 0.001721, 0.001791, 0.001788, 0.001780, 0.001827, 0.001710, 0.001903, 0.000510, 0.001746, 0.001526, 0.001600, 0.001329, 0.001433, 0.001343, 0.001384, 0.001109, 0.001298, 0.001209, 0.001272, 0.001175, 0.001482, 0.001256, 0.001350, 0.001249, 0.001462, 0.001334, 0.001490, 0.001388, 0.001487, 0.001518, 0.000753, 0.001412, 0.001647, 0.001635, 0.001862, 0.001659, 0.001689, 0.001720, 0.001665, 0.001922, 0.001728, 0.001898, 0.001704, 0.001870, 0.001964, 0.001770, 0.001765, 0.001680, 0.001905, 0.001808, 0.001874, 0.001851, 0.001917, 0.001875, 0.002117, 0.000193, 0.001586, 0.001408, 0.001592, 0.001348, 0.001322, 0.001265, 0.001365, 0.001338, 0.001318, 0.001223, 0.001320, 0.001255, 0.001378, 0.001224, 0.001283, 0.001282, 0.001374, 0.001250, 0.001251, 0.001246, 0.001430
6 , 1, 1, 1, 1, 1, 1, 1
6 , 0.015877, 0.018666, 0.021843, 0.020054, 0.017876, 0.017880, 0.017298
7 , 0.001635, 0.001862, 0.001659, 0.001689, 0.001720, 0.001665, 0.001922, 0.001728, 0.001898, 0.001704, 0.001870, 0.001964, 0.001770, 0.001765, 0.001680, 0.001905, 0.001808, 0.001874, 0.001851, 0.001917, 0.001875, 0.002117, 0.000193, 0.001586, 0.001408, 0.001592, 0.001348, 0.001322, 0.001265, 0.001365, 0.001338, 0.001318, 0.001223, 0.001320, 0.001255, 0.001378, 0.001224, 0.001283, 0.001282, 0.001374, 0.001250, 0.001251, 0.001246, 0.001430, 0.001215, 0.001311, 0.001314, 0.001297, 0.001179, 0.001769, 0.001997, 0.001819, 0.001812, 0.001812, 0.002056, 0.001998, 0.001928, 0.002089, 0.001776, 0.002023, 0.001905, 0.002063, 0.001887, 0.001820, 0.002036, 0.001844, 0.002024, 0.001933, 0.001899, 0.002039, 0.001914, 0.001975, 0.001107, 0.001091, 0.001617, 0.001480, 0.001544, 0.001443, 0.001570, 0.001415, 0.001663, 0.001505, 0.001634, 0.001359, 0.001425, 0.001398, 0.001523, 0.001403, 0.001438, 0.001343, 0.001589, 0.001374
7 , 1, 1, 1, 1, 1, 1, 1
7 , 0.014090, 0.017197, 0.019400, 0.021810, 0.020441, 0.020171, 0.018522
8 , 0.001769, 0.001997, 0.001819, 0.001812, 0.001812, 0.002056, 0.001998, 0.001928, 0.002089, 0.001776, 0.002023, 0.001905, 0.002063, 0.001887, 0.001820, 0.002036, 0.001844, 0.002024, 0.001933, 0.001899, 0.002039, 0.001914, 0.001975, 0.001107, 0.001091, 0.001617, 0.001480, 0.001544, 0.001443, 0.001570, 0.001415, 0.001663, 0.001505, 0.001634, 0.001359, 0.001425, 0.001398, 0.001523, 0.001403, 0.001438, 0.001343, 0.001589, 0.001374, 0.001476, 0.001436, 0.001451, 0.001458, 0.000203, 0.001692, 0.001731, 0.001802, 0.001706, 0.001983, 0.001773, 0.001883, 0.001843, 0.001953, 0.001880, 0.001856, 0.002075, 0.001944, 0.002157, 0.002026, 0.002075, 0.001766, 0.001954, 0.002042, 0.001923, 0.001987, 0.001785, 0.001835, 0.001918, 0.000719, 0.002067, 0.001714, 0.001688, 0.001621, 0.001589, 0.001498, 0.001590, 0.001501, 0.001595, 0.001471, 0.001567, 0.001446, 0.001482, 0.001452, 0.001517, 0.001429, 0.001433, 0.001254, 0.001442
8 , 1, 1, 1, 1, 1, 1, 1
8 , 0.011300, 0.013453, 0.015648, 0.017609, 0.021929, 0.018935, 0.018705
9 , 0.001802, 0.001706, 0.001983, 0.001773, 0.001883, 0.001843, 0.001953, 0.001880, 0.001856, 0.002075, 0.001944, 0.002157, 0.002026, 0.002075, 0.001766, 0.001954, 0.002042, 0.001923, 0.001987, 0.001785, 0.001835, 0.001918, 0.000719, 0.002067, 0.001714, 0.001688, 0.001621, 0.001589, 0.001498, 0.001590, 0.001501, 0.001595, 0.001471, 0.001567, 0.001446, 0.001482, 0.001452, 0.001517, 0.001429, 0.001433, 0.001254, 0.001442, 0.001292, 0.001267, 0.001263, 0.001403, 0.001442, 0.000779, 0.001655, 0.001847, 0.002106, 0.002066, 0.002069, 0.002056, 0.001921, 0.002190, 0.002035, 0.002092, 0.002018, 0.002156, 0.002163, 0.002179, 0.002147, 0.001904, 0.002139, 0.001951, 0.001869, 0.001860, 0.001814, 0.002099, 0.001741, 0.002049, 0.000147, 0.001466, 0.001659, 0.001685, 0.001686, 0.001621, 0.001713, 0.001467, 0.001622, 0.001498, 0.001563, 0.001409, 0.001502, 0.001411, 0.001717, 0.001346, 0.001530, 0.001437, 0.001591, 0.001560
9 , 1, 1, 1, 1, 1, 1, 1
9 , 0.014647, 0.017680, 0.019460, 0.020604, 0.021033, 0.018976, 0.018063
10 , 0.002106, 0.002066, 0.002069, 0.002056, 0.001921, 0.002190, 0.002035, 0.002092, 0.002018, 0.002156, 0.002163, 0.002179, 0.002147, 0.001904, 0.002139, 0.001951, 0.001869, 0.001860, 0.001814, 0.002099, 0.001741, 0.002049, 0.000147, 0.001466, 0.001659, 0.001685, 0.001686, 0.001621, 0.001713, 0.001467, 0.001622, 0.001498, 0.001563, 0.001409, 0.001502, 0.001411, 0.001717, 0.001346, 0.001530, 0.001437, 0.001591, 0.001560, 0.001748, 0.001468, 0.001596, 0.001335, 0.000649, 0.001621, 0.001684, 0.001844, 0.001705, 0.001978, 0.001805, 0.001817, 0.001774, 0.001823, 0.002102, 0.001837, 0.001989, 0.001855, 0.001874, 0.001889, 0.001840, 0.002050, 0.001919, 0.002259, 0.002070, 0.002098, 0.002016, 0.001966, 0.001944, 0.002054, 0.001425, 0.001359, 0.001544, 0.001562, 0.001320, 0.001500, 0.001343, 0.001527, 0.001254, 0.001350, 0.001250, 0.001499, 0.001399, 0.001495, 0.001280, 0.001406, 0.001225, 0.001318, 0.001316, 0.001411
10 , 1, 1, 1, 1, 1, 1, 1
10 , 0.015976, 0.018917, 0.020691, 0.024121, 0.021949, 0.020917, 0.019908
11 , 0.001844, 0.001705, 0.001978, 0.001805, 0.001817, 0.001774, 0.001823, 0.002102, 0.001837, 0.001989, 0.001855, 0.001874, 0.001889, 0.001840, 0.002050, 0.001919, 0.002259, 0.002070, 0.002098, 0.002016, 0.001966, 0.001944, 0.002054, 0.001425, 0.001359, 0.001544, 0.001562, 0.001320, 0.001500, 0.001343, 0.001527, 0.001254, 0.001350, 0.001250, 0.001499, 0.001399, 0.001495, 0.001280, 0.001406, 0.001225, 0.001318, 0.001316, 0.001411, 0.001224, 0.001380, 0.001289, 0.001294, 0.001196, 0.001349, 0.001283, 0.001408, 0.001245, 0.001454, 0.001415, 0.001539, 0.001386, 0.001572, 0.001598, 0.001720, 0.001474, 0.001566, 0.001438, 0.001651, 0.001498, 0.001588, 0.001555, 0.001644, 0.001492, 0.001673, 0.001548, 0.001612, 0.001641, 0.001644, 0.001426, 0.001644, 0.001581, 0.001641, 0.001639, 0.001672, 0.001489, 0.001554, 0.001491, 0.001644, 0.001551, 0.001582, 0.001423, 0.001572, 0.001630, 0.001660, 0.001660, 0.001722, 0.001752
11 , 2, 2, 2, 2, 2, 2, 2
11 , 0.011322, 0.013018, 0.013955, 0.014688, 0.015368, 0.014862, 0.014331
12 , 0.001408, 0.001245, 0.001454, 0.001415, 0.001539, 0.001386, 0.001572, 0.001598, 0.001720, 0.001474, 0.001566, 0.001438, 0.001651, 0.001498, 0.001588, 0.001555, 0.001644, 0.001492, 0.001673, 0.001548, 0.001612, 0.001641, 0.001644, 0.001426, 0.001644, 0.001581, 0.001641, 0.001639, 0.001672, 0.001489, 0.001554, 0.001491, 0.001644, 0.001551, 0.001582, 0.001423, 0.001572, 0.001630, 0.001660, 0.001660, 0.001722, 0.001752, 0.001698, 0.001636, 0.001582, 0.001588, 0.001622, 0.001416, 0.001424, 0.001431, 0.001440, 0.001385, 0.001303, 0.001310, 0.001373, 0.001285, 0.001317, 0.001407, 0.001378, 0.001469, 0.001342, 0.001377, 0.001407, 0.001348, 0.001256, 0.001308, 0.001303, 0.001421, 0.001329, 0.001448, 0.001541, 0.001658, 0.001532, 0.001352, 0.001439, 0.001650, 0.001527, 0.001527, 0.001459, 0.001517, 0.001485, 0.001549, 0.001635, 0.001478, 0.001444, 0.001599, 0.001441, 0.001688, 0.001506, 0.001534, 0.001476, 0.001537
12 , 0, 0, 0, 0, 0, 0, 0
12 , 0.005684, 0.005824, 0.005705, 0.005404, 0.004514, 0.004294, 0.004102
13 , 0.001416, 0.001424, 0.001431, 0.001440, 0.001385, 0.001303, 0.001310, 0.001373, 0.001285, 0.001317, 0.001407, 0.001378, 0.001469, 0.001342, 0.001377, 0.001407, 0.001348, 0.001256, 0.001308, 0.001303, 0.001421, 0.001329, 0.001448, 0.001541, 0.001658, 0.001532, 0.001352, 0.001439, 0.001650, 0.001527, 0.001527, 0.001459, 0.001517, 0.001485, 0.001549, 0.001635, 0.001478, 0.001444, 0.001599, 0.001441, 0.001688, 0.001506, 0.001534, 0.001476, 0.001537, 0.001473, 0.001604, 0.001483, 0.001511, 0.001476, 0.001544, 0.001545, 0.001671, 0.001517, 0.001582, 0.001370, 0.001553, 0.001431, 0.001496, 0.001371, 0.001527, 0.001371, 0.001681, 0.001345, 0.001495, 0.001429, 0.001493, 0.001426, 0.001493, 0.001368, 0.001587, 0.001405, 0.001499, 0.001287, 0.001534, 0.001256, 0.001502, 0.001308, 0.001553, 0.001547, 0.001547, 0.001454, 0.001729, 0.001481, 0.001572, 0.001322, 0.001658, 0.001529, 0.001773, 0.001677, 0.001710, 0.001557
13 , 3, 0, 0, 0, 0, 0, 0
13 , 0.002383, 0.002986, 0.003652, 0.004208, 0.004654, 0.004605, 0.004807
14 , 0.001671, 0.001517, 0.001582, 0.001370, 0.001553, 0.001431, 0.001496, 0.001371, 0.001527, 0.001371, 0.001681, 0.001345, 0.001495, 0.001429, 0.001493, 0.001426, 0.001493, 0.001368, 0.001587, 0.001405, 0.001499, 0.001287, 0.001534, 0.001256, 0.001502, 0.001308, 0.001553, 0.001547, 0.001547, 0.001454, 0.001729, 0.001481, 0.001572, 0.001322, 0.001658, 0.001529, 0.001773, 0.001677, 0.001710, 0.001557, 0.001771, 0.001584, 0.001708, 0.001644, 0.001679, 0.001434, 0.001681, 0.001499, 0.001626, 0.001446, 0.001666, 0.001390, 0.001485, 0.001484, 0.001579, 0.001483, 0.001513, 0.001365, 0.001524, 0.001311, 0.001504, 0.001352, 0.001333, 0.001308, 0.001404, 0.001251, 0.001345, 0.001407, 0.001317, 0.001258, 0.001260, 0.001194, 0.001323, 0.001260, 0.001203, 0.001225, 0.001283, 0.001187, 0.001245, 0.001301, 0.001324, 0.001352, 0.001382, 0.001412, 0.001469, 0.001466, 0.001464, 0.001494, 0.001491, 0.001490, 0.001427, 0.001397
14 , 3, 3, 3, 3, 3, 3, 0
14 , 0.004224, 0.004033, 0.003669, 0.003762, 0.003172, 0.003236, 0.003472
15 , 0.001681, 0.001499, 0.001626, 0.001446, 0.001666, 0.001390, 0.001485, 0.001484, 0.001579, 0.001483, 0.001513, 0.001365, 0.001524, 0.001311, 0.001504, 0.001352, 0.001333, 0.001308, 0.001404, 0.001251, 0.001345, 0.001407, 0.001317, 0.001258, 0.001260, 0.001194, 0.001323, 0.001260, 0.001203, 0.001225, 0.001283, 0.001187, 0.001245, 0.001301, 0.001324, 0.001352, 0.001382, 0.001412, 0.001469, 0.001466, 0.001464, 0.001494, 0.001491, 0.001490, 0.001427, 0.001397, 0.001580, 0.001587, 0.001438, 0.001350, 0.001382, 0.001413, 0.001295, 0.001418, 0.001379, 0.001587, 0.001341, 0.001465, 0.001434, 0.001529, 0.001468, 0.001440, 0.001375, 0.001529, 0.001435, 0.001530, 0.001316, 0.001531, 0.001405, 0.001650, 0.001464, 0.001524, 0.001517, 0.001641, 0.001481, 0.001659, 0.001658, 0.001779, 0.001504, 0.001688, 0.001621, 0.001776, 0.001651, 0.001747, 0.001624, 0.001655, 0.001442, 0.001633, 0.001446, 0.001513, 0.001420, 0.001637
15 , 2, 2, 2, 2, 2, 2, 2
15 , 0.006994, 0.006554, 0.005684, 0.005774, 0.005037, 0.004571, 0.003586
16 , 0.001580, 0.001587, 0.001438, 0.001350, 0.001382, 0.001413, 0.001295, 0.001418, 0.001379, 0.001587, 0.001341, 0.001465, 0.001434, 0.001529, 0.001468, 0.001440, 0.001375, 0.001529, 0.001435, 0.001530, 0.001316, 0.001531, 0.001405, 0.001650, 0.001464, 0.001524, 0.001517, 0.001641, 0.001481, 0.001659, 0.001658, 0.001779, 0.001504, 0.001688, 0.001621, 0.001776, 0.001651, 0.001747, 0.001624, 0.001655, 0.001442, 0.001633, 0.001446, 0.001513, 0.001420, 0.001637, 0.001358, 0.001551, 0.001403, 0.001414, 0.001293, 0.001479, 0.001295, 0.001423, 0.001179, 0.001435, 0.001282, 0.001416, 0.001258, 0.001443, 0.001345, 0.001379, 0.001275, 0.001392, 0.001412, 0.001538, 0.001500, 0.001526, 0.001457, 0.001547, 0.001480, 0.001509, 0.001473, 0.001624, 0.001529, 0.001561, 0.001436, 0.001529, 0.001560, 0.001623, 0.001656, 0.001598, 0.001514, 0.001516, 0.001552, 0.001498, 0.001411, 0.001386, 0.001390, 0.001421, 0.001391, 0.001398
16 , 0, 0, 0, 0, 0, 0, 0
16 , 0.005893, 0.005669, 0.006034, 0.005523, 0.005893, 0.005457, 0.004998
