0 , 0.001471, 0.001553, 0.001488, 0.001671, 0.001453, 0.001698, 0.001389, 0.001547, 0.001546, 0.001615, 0.001400, 0.001555, 0.001248, 0.001528, 0.001400, 0.001617, 0.001374, 0.001560, 0.001406, 0.001625, 0.001387, 0.001512, 0.000881, 0.001762, 0.001823, 0.001936, 0.001862, 0.001984, 0.001782, 0.002227, 0.001934, 0.002082, 0.001948, 0.002180, 0.002217, 0.002076, 0.002200, 0.002059, 0.002177, 0.001995, 0.002103, 0.002059, 0.001961, 0.002180, 0.001907, 0.002200, 0.001511, 0.000716, 0.001502, 0.001393, 0.001337, 0.001329, 0.001390, 0.001334, 0.001363, 0.001238, 0.001329, 0.001296, 0.001324, 0.001352, 0.001376, 0.001404, 0.001371, 0.001426, 0.001487, 0.001598, 0.001474, 0.001591, 0.001538, 0.001764, 0.000193, 0.001528, 0.001627, 0.001808, 0.001608, 0.001827, 0.001888, 0.001800, 0.001797, 0.001773, 0.002061, 0.001867, 0.001897, 0.001842, 0.002076, 0.001942, 0.001812, 0.002048, 0.001735, 0.001857, 0.001857, 0.001981
0 , 0, 0, 0, 0, 0, 0, 0
0 , 0.016549, 0.017703, 0.019294, 0.022510, 0.022516, 0.022172, 0.021312
1 , 0.001337, 0.001329, 0.001390, 0.001334, 0.001363, 0.001238, 0.001329, 0.001296, 0.001324, 0.001352, 0.001376, 0.001404, 0.001371, 0.001426, 0.001487, 0.001598, 0.001474, 0.001591, 0.001538, 0.001764, 0.000193, 0.001528, 0.001627, 0.001808, 0.001608, 0.001827, 0.001888, 0.001800, 0.001797, 0.001773, 0.002061, 0.001867, 0.001897, 0.001842, 0.002076, 0.001942, 0.001812, 0.002048, 0.001735, 0.001857, 0.001857, 0.001981, 0.001918, 0.001877, 0.002129, 0.000178, 0.001623, 0.001520, 0.001586, 0.001399, 0.001497, 0.001189, 0.001404, 0.001342, 0.001529, 0.001222, 0.001438, 0.001220, 0.001496, 0.001277, 0.001494, 0.001398, 0.001582, 0.001332, 0.001486, 0.001451, 0.001424, 0.001267, 0.001551, 0.001532, 0.001088, 0.001135, 0.001702, 0.001532, 0.001848, 0.001657, 0.001872, 0.001772, 0.001812, 0.001851, 0.001836, 0.001906, 0.001945, 0.002024, 0.001924, 0.001954, 0.001869, 0.001942, 0.002119, 0.001845, 0.002003, 0.001803
1 , 0, 0, 0, 0, 0, 0, 0
1 , 0.017598, 0.017790, 0.018201, 0.019412, 0.020301, 0.019704, 0.019770
2 , 0.001497, 0.001189, 0.001404, 0.001342, 0.001529, 0.001222, 0.001438, 0.001220, 0.001496, 0.001277, 0.001494, 0.001398, 0.001582, 0.001332, 0.001486, 0.001451, 0.001424, 0.001267, 0.001551, 0.001532, 0.001088, 0.001135, 0.001702, 0.001532, 0.001848, 0.001657, 0.001872, 0.001772, 0.001812, 0.001851, 0.001836, 0.001906, 0.001945, 0.002024, 0.001924, 0.001954, 0.001869, 0.001942, 0.002119, 0.001845, 0.002003, 0.001803, 0.002037, 0.001921, 0.002160, 0.000554, 0.001440, 0.001395, 0.001542, 0.001544, 0.001363, 0.001302, 0.001363, 0.001397, 0.001369, 0.001427, 0.001370, 0.001309, 0.001371, 0.001340, 0.001366, 0.001274, 0.001304, 0.001333, 0.001510, 0.001510, 0.001512, 0.001365, 0.001399, 0.000609, 0.001725, 0.001783, 0.001767, 0.001893, 0.001762, 0.002073, 0.001909, 0.002003, 0.001848, 0.002037, 0.001994, 0.001997, 0.002006, 0.001851, 0.002119, 0.002000, 0.001797, 0.001763, 0.001909, 0.002079, 0.001912, 0.001927
2 , 0, 0, 0, 0, 0, 0, 0
2 , 0.018646, 0.020706, 0.021918, 0.022403, 0.021590, 0.021321, 0.020434
3 , 0.001544, 0.001363, 0.001302, 0.001363, 0.001397, 0.001369, 0.001427, 0.001370, 0.001309, 0.001371, 0.001340, 0.001366, 0.001274, 0.001304, 0.001333, 0.001510, 0.001510, 0.001512, 0.001365, 0.001399, 0.000609, 0.001725, 0.001783, 0.001767, 0.001893, 0.001762, 0.002073, 0.001909, 0.002003, 0.001848, 0.002037, 0.001994, 0.001997, 0.002006, 0.001851, 0.002119, 0.002000, 0.001797, 0.001763, 0.001909, 0.002079, 0.001912, 0.001927, 0.001870, 0.002058, 0.002103, 0.001449, 0.001330, 0.001758, 0.001656, 0.001447, 0.001351, 0.001288, 0.001505, 0.001322, 0.001483, 0.001363, 0.001404, 0.001309, 0.001463, 0.001220, 0.001346, 0.001221, 0.001406, 0.001313, 0.001402, 0.001300, 0.001543, 0.001392, 0.001542, 0.001240, 0.001618, 0.000125, 0.001625, 0.001584, 0.001788, 0.001693, 0.001738, 0.001672, 0.001875, 0.001828, 0.001867, 0.001792, 0.001779, 0.001851, 0.001801, 0.001925, 0.001838, 0.001866, 0.001887, 0.001903, 0.001885
3 , 0, 0, 0, 0, 0, 0, 0
3 , 0.014725, 0.016587, 0.019788, 0.020181, 0.019286, 0.022460, 0.022014
4 , 0.001351, 0.001288, 0.001505, 0.001322, 0.001483, 0.001363, 0.001404, 0.001309, 0.001463, 0.001220, 0.001346, 0.001221, 0.001406, 0.001313, 0.001402, 0.001300, 0.001543, 0.001392, 0.001542, 0.001240, 0.001618, 0.000125, 0.001625, 0.001584, 0.001788, 0.001693, 0.001738, 0.001672, 0.001875, 0.001828, 0.001867, 0.001792, 0.001779, 0.001851, 0.001801, 0.001925, 0.001838, 0.001866, 0.001887, 0.001903, 0.001885, 0.001703, 0.002079, 0.001976, 0.001929, 0.001825, 0.000181, 0.001377, 0.001560, 0.001534, 0.001379, 0.001316, 0.001350, 0.001164, 0.001442, 0.001169, 0.001325, 0.001262, 0.001359, 0.001140, 0.001418, 0.001225, 0.001349, 0.001338, 0.001364, 0.001268, 0.001472, 0.001352, 0.001586, 0.000869, 0.001035, 0.001660, 0.001692, 0.001488, 0.001763, 0.001779, 0.001613, 0.001771, 0.001641, 0.001898, 0.001851, 0.001774, 0.001583, 0.001602, 0.001951, 0.001801, 0.001879, 0.001792, 0.001977, 0.001954, 0.001864, 0.001973
4 , 0, 0, 0, 0, 0, 0, 0
4 , 0.014812, 0.016728, 0.018924, 0.020384, 0.019650, 0.019819, 0.018758
5 , 0.001534, 0.001379, 0.001316, 0.001350, 0.001164, 0.001442, 0.001169, 0.001325, 0.001262, 0.001359, 0.001140, 0.001418, 0.001225, 0.001349, 0.001338, 0.001364, 0.001268, 0.001472, 0.001352, 0.001586, 0.000869, 0.001035, 0.001660, 0.001692, 0.001488, 0.001763, 0.001779, 0.001613, 0.001771, 0.001641, 0.001898, 0.001851, 0.001774, 0.001583, 0.001602, 0.001951, 0.001801, 0.001879, 0.001792, 0.001977, 0.001954, 0.001864, 0.001973, 0.001732, 0.002313, 0.000919, 0.001498, 0.001564, 0.001411, 0.001111, 0.001144, 0.001032, 0.001222, 0.001067, 0.001153, 0.001089, 0.001216, 0.001185, 0.001275, 0.001083, 0.001239, 0.001014, 0.001134, 0.001098, 0.001249, 0.001211, 0.001300, 0.001237, 0.001384, 0.001229, 0.001491, 0.000455, 0.001937, 0.001708, 0.001905, 0.001885, 0.002006, 0.001806, 0.002003, 0.002043, 0.001900, 0.002037, 0.001754, 0.002027, 0.001900, 0.001858, 0.001921, 0.001852, 0.002012, 0.002028, 0.002079, 0.001870
5 , 0, 0, 0, 0, 0, 0, 0
5 , 0.021535, 0.022429, 0.023528, 0.024900, 0.027411, 0.026331, 0.025462
6 , 0.001144, 0.001032, 0.001222, 0.001067, 0.001153, 0.001089, 0.001216, 0.001185, 0.001275, 0.001083, 0.001239, 0.001014, 0.001134, 0.001098, 0.001249, 0.001211, 0.001300, 0.001237, 0.001384, 0.001229, 0.001491, 0.000455, 0.001937, 0.001708, 0.001905, 0.001885, 0.002006, 0.001806, 0.002003, 0.002043, 0.001900, 0.002037, 0.001754, 0.002027, 0.001900, 0.001858, 0.001921, 0.001852, 0.002012, 0.002028, 0.002079, 0.001870, 0.002079, 0.001979, 0.001986, 0.001688, 0.001035, 0.001562, 0.001583, 0.001410, 0.001373, 0.001312, 0.001495, 0.001250, 0.001342, 0.001244, 0.001371, 0.001280, 0.001406, 0.001279, 0.001376, 0.001281, 0.001407, 0.001192, 0.001402, 0.001216, 0.001307, 0.001190, 0.001627, 0.000229, 0.001445, 0.001772, 0.001906, 0.001996, 0.001687, 0.002077, 0.002040, 0.002088, 0.001971, 0.002217, 0.002308, 0.002079, 0.002146, 0.002005, 0.002204, 0.002123, 0.002200, 0.002055, 0.001907, 0.002187, 0.002042, 0.002256
6 , 0, 0, 0, 0, 0, 0, 0
6 , 0.026440, 0.028452, 0.031840, 0.033476, 0.032385, 0.031527, 0.027947
7 , 0.001410, 0.001373, 0.001312, 0.001495, 0.001250, 0.001342, 0.001244, 0.001371, 0.001280, 0.001406, 0.001279, 0.001376, 0.001281, 0.001407, 0.001192, 0.001402, 0.001216, 0.001307, 0.001190, 0.001627, 0.000229, 0.001445, 0.001772, 0.001906, 0.001996, 0.001687, 0.002077, 0.002040, 0.002088, 0.001971, 0.002217, 0.002308, 0.002079, 0.002146, 0.002005, 0.002204, 0.002123, 0.002200, 0.002055, 0.001907, 0.002187, 0.002042, 0.002256, 0.002059, 0.002173, 0.000180, 0.001563, 0.001492, 0.001684, 0.001430, 0.001313, 0.001216, 0.001457, 0.001330, 0.001481, 0.001237, 0.001487, 0.001483, 0.001486, 0.001366, 0.001400, 0.001341, 0.001462, 0.001371, 0.001375, 0.001337, 0.001489, 0.001450, 0.001457, 0.001504, 0.001002, 0.001080, 0.001850, 0.001635, 0.001705, 0.001954, 0.001898, 0.001778, 0.001748, 0.002037, 0.001882, 0.002085, 0.001809, 0.001757, 0.001970, 0.001827, 0.001912, 0.001776, 0.001897, 0.001888, 0.001957, 0.002082
7 , 0, 0, 0, 0, 0, 0, 0
7 , 0.022270, 0.023371, 0.023784, 0.025679, 0.026310, 0.025520, 0.024583
8 , 0.001313, 0.001216, 0.001457, 0.001330, 0.001481, 0.001237, 0.001487, 0.001483, 0.001486, 0.001366, 0.001400, 0.001341, 0.001462, 0.001371, 0.001375, 0.001337, 0.001489, 0.001450, 0.001457, 0.001504, 0.001002, 0.001080, 0.001850, 0.001635, 0.001705, 0.001954, 0.001898, 0.001778, 0.001748, 0.002037, 0.001882, 0.002085, 0.001809, 0.001757, 0.001970, 0.001827, 0.001912, 0.001776, 0.001897, 0.001888, 0.001957, 0.002082, 0.001941, 0.001981, 0.002152, 0.000826, 0.001668, 0.001419, 0.001503, 0.001417, 0.001533, 0.001380, 0.001411, 0.001255, 0.001359, 0.001202, 0.001386, 0.001314, 0.001438, 0.001158, 0.001471, 0.001157, 0.001434, 0.001313, 0.001379, 0.001192, 0.001466, 0.001168, 0.001439, 0.000610, 0.001745, 0.001964, 0.001843, 0.001887, 0.002002, 0.002018, 0.002150, 0.002022, 0.002291, 0.001998, 0.002312, 0.002194, 0.002153, 0.002130, 0.001958, 0.002244, 0.002049, 0.002180, 0.002119, 0.002173, 0.002169, 0.001969
8 , 0, 0, 0, 0, 0, 0, 0
8 , 0.022114, 0.024197, 0.026478, 0.027564, 0.026267, 0.025013, 0.022785
9 , 0.001417, 0.001533, 0.001380, 0.001411, 0.001255, 0.001359, 0.001202, 0.001386, 0.001314, 0.001438, 0.001158, 0.001471, 0.001157, 0.001434, 0.001313, 0.001379, 0.001192, 0.001466, 0.001168, 0.001439, 0.000610, 0.001745, 0.001964, 0.001843, 0.001887, 0.002002, 0.002018, 0.002150, 0.002022, 0.002291, 0.001998, 0.002312, 0.002194, 0.002153, 0.002130, 0.001958, 0.002244, 0.002049, 0.002180, 0.002119, 0.002173, 0.002169, 0.001969, 0.002180, 0.001479, 0.000665, 0.001656, 0.001610, 0.001620, 0.001548, 0.001547, 0.001394, 0.001483, 0.001390, 0.001510, 0.001571, 0.001417, 0.001354, 0.001507, 0.001446, 0.001478, 0.001478, 0.001389, 0.001450, 0.001458, 0.001305, 0.001318, 0.001379, 0.001245, 0.001344, 0.000060, 0.001687, 0.001897, 0.001944, 0.001803, 0.002049, 0.002012, 0.002123, 0.002076, 0.002066, 0.002204, 0.002018, 0.002156, 0.001819, 0.002051, 0.001984, 0.002099, 0.002217, 0.001921, 0.002301, 0.002169, 0.002210
9 , 0, 0, 0, 0, 0, 0, 0
9 , 0.024095, 0.025654, 0.026664, 0.030080, 0.029514, 0.028774, 0.027863
10 , 0.001548, 0.001547, 0.001394, 0.001483, 0.001390, 0.001510, 0.001571, 0.001417, 0.001354, 0.001507, 0.001446, 0.001478, 0.001478, 0.001389, 0.001450, 0.001458, 0.001305, 0.001318, 0.001379, 0.001245, 0.001344, 0.000060, 0.001687, 0.001897, 0.001944, 0.001803, 0.002049, 0.002012, 0.002123, 0.002076, 0.002066, 0.002204, 0.002018, 0.002156, 0.001819, 0.002051, 0.001984, 0.002099, 0.002217, 0.001921, 0.002301, 0.002169, 0.002210, 0.002098, 0.001968, 0.002275, 0.000051, 0.001686, 0.001522, 0.001584, 0.001370, 0.001467, 0.001316, 0.001379, 0.001256, 0.001412, 0.001195, 0.001477, 0.001259, 0.001323, 0.001288, 0.001480, 0.001212, 0.001276, 0.001122, 0.001400, 0.001088, 0.001311, 0.001237, 0.001090, 0.001346, 0.001950, 0.001934, 0.001874, 0.001975, 0.002136, 0.001894, 0.002136, 0.001968, 0.002032, 0.001894, 0.001934, 0.002244, 0.002059, 0.002132, 0.002042, 0.002160, 0.002227, 0.002230, 0.002041, 0.001826, 0.002165
10 , 0, 0, 0, 0, 0, 0, 0
10 , 0.023019, 0.025687, 0.028802, 0.029880, 0.029664, 0.028647, 0.027404
11 , 0.001584, 0.001370, 0.001467, 0.001316, 0.001379, 0.001256, 0.001412, 0.001195, 0.001477, 0.001259, 0.001323, 0.001288, 0.001480, 0.001212, 0.001276, 0.001122, 0.001400, 0.001088, 0.001311, 0.001237, 0.001090, 0.001346, 0.001950, 0.001934, 0.001874, 0.001975, 0.002136, 0.001894, 0.002136, 0.001968, 0.002032, 0.001894, 0.001934, 0.002244, 0.002059, 0.002132, 0.002042, 0.002160, 0.002227, 0.002230, 0.002041, 0.001826, 0.002165, 0.002138, 0.002053, 0.001829, 0.002034, 0.001085, 0.001491, 0.001754, 0.001687, 0.001598, 0.001472, 0.001355, 0.001417, 0.001390, 0.001295, 0.001514, 0.001396, 0.001429, 0.001337, 0.001456, 0.001460, 0.001495, 0.001312, 0.001438, 0.001341, 0.001432, 0.001344, 0.001415, 0.001411, 0.001442, 0.001319, 0.001327, 0.001291, 0.001475, 0.001410, 0.001436, 0.001433, 0.001403, 0.001277, 0.001400, 0.001311, 0.001222, 0.001191, 0.001228, 0.001224, 0.001255, 0.001289, 0.001357, 0.001206, 0.001206
11 , 3, 3, 3, 3, 3, 3, 3
11 , 0.019056, 0.017965, 0.019095, 0.019541, 0.019020, 0.017946, 0.017104
12 , 0.001754, 0.001687, 0.001598, 0.001472, 0.001355, 0.001417, 0.001390, 0.001295, 0.001514, 0.001396, 0.001429, 0.001337, 0.001456, 0.001460, 0.001495, 0.001312, 0.001438, 0.001341, 0.001432, 0.001344, 0.001415, 0.001411, 0.001442, 0.001319, 0.001327, 0.001291, 0.001475, 0.001410, 0.001436, 0.001433, 0.001403, 0.001277, 0.001400, 0.001311, 0.001222, 0.001191, 0.001228, 0.001224, 0.001255, 0.001289, 0.001357, 0.001206, 0.001206, 0.001089, 0.001213, 0.001216, 0.001251, 0.001188, 0.001246, 0.001246, 0.001251, 0.001281, 0.001351, 0.001262, 0.001236, 0.001234, 0.001239, 0.001120, 0.001181, 0.001059, 0.001116, 0.001149, 0.001268, 0.001319, 0.001165, 0.001225, 0.001249, 0.001278, 0.001337, 0.001339, 0.001238, 0.001294, 0.001289, 0.001408, 0.001342, 0.001312, 0.001337, 0.001426, 0.001396, 0.001428, 0.001452, 0.001424, 0.001338, 0.001431, 0.001397, 0.001431, 0.001433, 0.001465, 0.001406, 0.001406, 0.001286, 0.001349
12 , 2, 2, 2, 2, 2, 2, 2
12 , 0.006862, 0.006250, 0.006603, 0.006805, 0.006633, 0.006448, 0.006069
13 , 0.001251, 0.001188, 0.001246, 0.001246, 0.001251, 0.001281, 0.001351, 0.001262, 0.001236, 0.001234, 0.001239, 0.001120, 0.001181, 0.001059, 0.001116, 0.001149, 0.001268, 0.001319, 0.001165, 0.001225, 0.001249, 0.001278, 0.001337, 0.001339, 0.001238, 0.001294, 0.001289, 0.001408, 0.001342, 0.001312, 0.001337, 0.001426, 0.001396, 0.001428, 0.001452, 0.001424, 0.001338, 0.001431, 0.001397, 0.001431, 0.001433, 0.001465, 0.001406, 0.001406, 0.001286, 0.001349, 0.001285, 0.001441, 0.001382, 0.001363, 0.001178, 0.001306, 0.001155, 0.001344, 0.001249, 0.001339, 0.001247, 0.001312, 0.001279, 0.001339, 0.001276, 0.001468, 0.001191, 0.001346, 0.001222, 0.001314, 0.001250, 0.001375, 0.001274, 0.001433, 0.001279, 0.001466, 0.001251, 0.001290, 0.001191, 0.001467, 0.001249, 0.001402, 0.001245, 0.001525, 0.001274, 0.001459, 0.001335, 0.001516, 0.001298, 0.001392, 0.001328, 0.001455, 0.001297, 0.001383, 0.001285, 0.001498
13 , 0, 0, 0, 0, 0, 0, 0
13 , 0.004531, 0.004577, 0.004411, 0.004581, 0.004452, 0.004723, 0.005041
14 , 0.001155, 0.001344, 0.001249, 0.001339, 0.001247, 0.001312, 0.001279, 0.001339, 0.001276, 0.001468, 0.001191, 0.001346, 0.001222, 0.001314, 0.001250, 0.001375, 0.001274, 0.001433, 0.001279, 0.001466, 0.001251, 0.001290, 0.001191, 0.001467, 0.001249, 0.001402, 0.001245, 0.001525, 0.001274, 0.001459, 0.001335, 0.001516, 0.001298, 0.001392, 0.001328, 0.001455, 0.001297, 0.001383, 0.001285, 0.001498, 0.001342, 0.001499, 0.001402, 0.001496, 0.001345, 0.001503, 0.001321, 0.001449, 0.001327, 0.001485, 0.001332, 0.001375, 0.001157, 0.001395, 0.001266, 0.001421, 0.001207, 0.001453, 0.001417, 0.001447, 0.001259, 0.001564, 0.001376, 0.001622, 0.001460, 0.001487, 0.001387, 0.001567, 0.001532, 0.001562, 0.001526, 0.001651, 0.001558, 0.001650, 0.001374, 0.001587, 0.001497, 0.001527, 0.001488, 0.001580, 0.001519, 0.001612, 0.001488, 0.001641, 0.001641, 0.001525, 0.001558, 0.001626, 0.001475, 0.001566, 0.001505, 0.001510
14 , 0, 0, 0, 0, 0, 0, 0
14 , 0.004803, 0.004429, 0.004492, 0.004319, 0.004198, 0.003597, 0.003501
15 , 0.001321, 0.001449, 0.001327, 0.001485, 0.001332, 0.001375, 0.001157, 0.001395, 0.001266, 0.001421, 0.001207, 0.001453, 0.001417, 0.001447, 0.001259, 0.001564, 0.001376, 0.001622, 0.001460, 0.001487, 0.001387, 0.001567, 0.001532, 0.001562, 0.001526, 0.001651, 0.001558, 0.001650, 0.001374, 0.001587, 0.001497, 0.001527, 0.001488, 0.001580, 0.001519, 0.001612, 0.001488, 0.001641, 0.001641, 0.001525, 0.001558, 0.001626, 0.001475, 0.001566, 0.001505, 0.001510, 0.001512, 0.001452, 0.001484, 0.001454, 0.001395, 0.001399, 0.001338, 0.001461, 0.001433, 0.001374, 0.001432, 0.001311, 0.001374, 0.001292, 0.001446, 0.001316, 0.001471, 0.001313, 0.001374, 0.001401, 0.001493, 0.001272, 0.001453, 0.001479, 0.001504, 0.001558, 0.001587, 0.001528, 0.001650, 0.001557, 0.001494, 0.001495, 0.001589, 0.001557, 0.001622, 0.001378, 0.001598, 0.001443, 0.001564, 0.001440, 0.001566, 0.001439, 0.001594, 0.001292, 0.001476, 0.001444
15 , 0, 0, 0, 0, 0, 0, 0
15 , 0.006234, 0.006151, 0.006260, 0.006089, 0.005641, 0.005083, 0.004722
16 , 0.001484, 0.001454, 0.001395, 0.001399, 0.001338, 0.001461, 0.001433, 0.001374, 0.001432, 0.001311, 0.001374, 0.001292, 0.001446, 0.001316, 0.001471, 0.001313, 0.001374, 0.001401, 0.001493, 0.001272, 0.001453, 0.001479, 0.001504, 0.001558, 0.001587, 0.001528, 0.001650, 0.001557, 0.001494, 0.001495, 0.001589, 0.001557, 0.001622, 0.001378, 0.001598, 0.001443, 0.001564, 0.001440, 0.001566, 0.001439, 0.001594, 0.001292, 0.001476, 0.001444, 0.001506, 0.001323, 0.001514, 0.001358, 0.001575, 0.001241, 0.001435, 0.001399, 0.001374, 0.001252, 0.001350, 0.001127, 0.001436, 0.001339, 0.001400, 0.001393, 0.001515, 0.001418, 0.001600, 0.001384, 0.001507, 0.001381, 0.001537, 0.001320, 0.001595, 0.001382, 0.001538, 0.001415, 0.001479, 0.001328, 0.001511, 0.001329, 0.001452, 0.001328, 0.001485, 0.001424, 0.001487, 0.001364, 0.001426, 0.001455, 0.001459, 0.001336, 0.001517, 0.001423, 0.001487, 0.001394, 0.001458, 0.001519
16 , 0, 0, 0, 0, 0, 0, 0
16 , 0.003084, 0.003267, 0.003212, 0.003176, 0.002999, 0.002957, 0.002556
