0 , 0.001520, 0.001512, 0.001468, 0.001692, 0.001717, 0.001692, 0.001623, 0.001598, 0.001798, 0.001795, 0.001904, 0.001643, 0.001752, 0.001821, 0.001799, 0.001728, 0.001568, 0.001827, 0.001711, 0.001722, 0.001568, 0.001473, 0.001713, 0.001552, 0.001681, 0.001005, 0.001345, 0.002006, 0.001997, 0.001969, 0.001814, 0.001936, 0.001664, 0.001760, 0.001698, 0.001792, 0.001731, 0.001705, 0.001708, 0.001743, 0.001593, 0.001599, 0.001536, 0.001571, 0.001363, 0.001584, 0.001526, 0.001533, 0.001621, 0.001394, 0.001556, 0.000086, 0.001627, 0.001752, 0.001820, 0.001645, 0.001934, 0.001847, 0.001864, 0.001891, 0.002049, 0.002090, 0.002083, 0.002110, 0.001935, 0.002134, 0.002086, 0.002103, 0.002039, 0.001945, 0.002086, 0.002015, 0.002079, 0.001914, 0.002019, 0.002133, 0.000343, 0.001842, 0.001650, 0.001710, 0.001524, 0.001680, 0.001463, 0.001653, 0.001404, 0.001559, 0.001467, 0.001531, 0.001253, 0.001559, 0.001435, 0.001529
0 , 3, 3, 3, 1, 1, 1, 1
0 , 0.002281, 0.003166, 0.004045, 0.004811, 0.006248, 0.007230, 0.008739
1 , 0.001627, 0.001752, 0.001820, 0.001645, 0.001934, 0.001847, 0.001864, 0.001891, 0.002049, 0.002090, 0.002083, 0.002110, 0.001935, 0.002134, 0.002086, 0.002103, 0.002039, 0.001945, 0.002086, 0.002015, 0.002079, 0.001914, 0.002019, 0.002133, 0.000343, 0.001842, 0.001650, 0.001710, 0.001524, 0.001680, 0.001463, 0.001653, 0.001404, 0.001559, 0.001467, 0.001531, 0.001253, 0.001559, 0.001435, 0.001529, 0.001433, 0.001526, 0.001425, 0.001526, 0.001455, 0.001677, 0.001481, 0.001213, 0.001292, 0.001580, 0.001626, 0.001729, 0.001787, 0.001753, 0.001541, 0.001813, 0.001633, 0.001703, 0.001669, 0.001656, 0.001929, 0.001791, 0.001873, 0.001555, 0.001674, 0.001917, 0.001738, 0.001775, 0.001684, 0.001957, 0.001887, 0.002139, 0.000444, 0.001429, 0.001566, 0.001621, 0.001626, 0.001473, 0.001530, 0.001493, 0.001617, 0.001492, 0.001614, 0.001581, 0.001614, 0.001579, 0.001643, 0.001491, 0.001554, 0.001403, 0.001526, 0.001370
1 , 1, 1, 1, 1, 1, 1, 1
1 , 0.007230, 0.008921, 0.010555, 0.013740, 0.016568, 0.015958, 0.012907
2 , 0.001626, 0.001729, 0.001787, 0.001753, 0.001541, 0.001813, 0.001633, 0.001703, 0.001669, 0.001656, 0.001929, 0.001791, 0.001873, 0.001555, 0.001674, 0.001917, 0.001738, 0.001775, 0.001684, 0.001957, 0.001887, 0.002139, 0.000444, 0.001429, 0.001566, 0.001621, 0.001626, 0.001473, 0.001530, 0.001493, 0.001617, 0.001492, 0.001614, 0.001581, 0.001614, 0.001579, 0.001643, 0.001491, 0.001554, 0.001403, 0.001526, 0.001370, 0.001434, 0.001428, 0.001614, 0.001576, 0.001548, 0.001570, 0.000403, 0.001582, 0.001632, 0.001596, 0.001565, 0.001717, 0.001939, 0.001714, 0.001786, 0.001731, 0.002018, 0.001920, 0.001905, 0.001839, 0.001860, 0.002149, 0.001978, 0.002082, 0.001829, 0.001973, 0.001962, 0.001842, 0.001930, 0.001812, 0.001643, 0.001067, 0.001866, 0.001727, 0.001760, 0.001568, 0.001782, 0.001528, 0.001742, 0.001675, 0.001710, 0.001645, 0.001799, 0.001615, 0.001651, 0.001462, 0.001741, 0.001553, 0.001710, 0.001461
2 , 1, 1, 1, 1, 1, 1, 1
2 , 0.004421, 0.006263, 0.007568, 0.009569, 0.007456, 0.009425, 0.008093
3 , 0.001582, 0.001632, 0.001596, 0.001565, 0.001717, 0.001939, 0.001714, 0.001786, 0.001731, 0.002018, 0.001920, 0.001905, 0.001839, 0.001860, 0.002149, 0.001978, 0.002082, 0.001829, 0.001973, 0.001962, 0.001842, 0.001930, 0.001812, 0.001643, 0.001067, 0.001866, 0.001727, 0.001760, 0.001568, 0.001782, 0.001528, 0.001742, 0.001675, 0.001710, 0.001645, 0.001799, 0.001615, 0.001651, 0.001462, 0.001741, 0.001553, 0.001710, 0.001461, 0.001858, 0.001639, 0.001648, 0.001848, 0.000627, 0.001255, 0.001413, 0.001431, 0.001672, 0.001662, 0.001805, 0.001632, 0.001811, 0.001960, 0.001817, 0.001942, 0.001589, 0.001808, 0.001863, 0.001947, 0.001874, 0.001865, 0.001944, 0.001844, 0.001933, 0.001753, 0.001903, 0.001834, 0.001841, 0.000551, 0.001704, 0.001638, 0.001669, 0.001756, 0.001511, 0.001480, 0.001450, 0.001450, 0.001449, 0.001604, 0.001575, 0.001634, 0.001452, 0.001635, 0.001536, 0.001568, 0.001597, 0.001718, 0.001561
3 , 1, 1, 1, 1, 1, 1, 1
3 , 0.004066, 0.005073, 0.005979, 0.007847, 0.010631, 0.009283, 0.008725
4 , 0.001431, 0.001672, 0.001662, 0.001805, 0.001632, 0.001811, 0.001960, 0.001817, 0.001942, 0.001589, 0.001808, 0.001863, 0.001947, 0.001874, 0.001865, 0.001944, 0.001844, 0.001933, 0.001753, 0.001903, 0.001834, 0.001841, 0.000551, 0.001704, 0.001638, 0.001669, 0.001756, 0.001511, 0.001480, 0.001450, 0.001450, 0.001449, 0.001604, 0.001575, 0.001634, 0.001452, 0.001635, 0.001536, 0.001568, 0.001597, 0.001718, 0.001561, 0.001685, 0.001592, 0.001679, 0.001560, 0.001585, 0.001231, 0.001045, 0.001552, 0.001606, 0.001545, 0.001515, 0.001413, 0.001775, 0.001601, 0.001523, 0.001548, 0.001553, 0.001645, 0.001653, 0.001758, 0.001523, 0.001833, 0.001893, 0.001799, 0.001785, 0.001658, 0.001873, 0.001737, 0.001759, 0.001932, 0.000785, 0.001411, 0.001713, 0.001519, 0.001559, 0.001464, 0.001621, 0.001406, 0.001469, 0.001404, 0.001500, 0.001285, 0.001473, 0.001376, 0.001563, 0.001402, 0.001616, 0.001369, 0.001581, 0.001362
4 , 1, 1, 1, 1, 1, 1, 1
4 , 0.004468, 0.006665, 0.007852, 0.009107, 0.008598, 0.008424, 0.008207
5 , 0.001552, 0.001606, 0.001545, 0.001515, 0.001413, 0.001775, 0.001601, 0.001523, 0.001548, 0.001553, 0.001645, 0.001653, 0.001758, 0.001523, 0.001833, 0.001893, 0.001799, 0.001785, 0.001658, 0.001873, 0.001737, 0.001759, 0.001932, 0.000785, 0.001411, 0.001713, 0.001519, 0.001559, 0.001464, 0.001621, 0.001406, 0.001469, 0.001404, 0.001500, 0.001285, 0.001473, 0.001376, 0.001563, 0.001402, 0.001616, 0.001369, 0.001581, 0.001362, 0.001582, 0.001390, 0.001549, 0.001597, 0.000284, 0.001516, 0.001543, 0.001444, 0.001644, 0.001778, 0.001705, 0.001742, 0.001575, 0.001883, 0.001753, 0.001771, 0.001574, 0.001732, 0.001840, 0.001710, 0.001873, 0.001798, 0.001895, 0.001844, 0.001826, 0.001802, 0.001756, 0.002048, 0.001515, 0.001253, 0.001934, 0.001706, 0.001562, 0.001533, 0.001294, 0.001327, 0.001356, 0.001357, 0.001262, 0.001477, 0.001442, 0.001419, 0.001325, 0.001300, 0.001362, 0.001481, 0.001448, 0.001444, 0.001381
5 , 1, 1, 1, 1, 1, 1, 1
5 , 0.005033, 0.006571, 0.007784, 0.009778, 0.013019, 0.011077, 0.011645
6 , 0.001444, 0.001644, 0.001778, 0.001705, 0.001742, 0.001575, 0.001883, 0.001753, 0.001771, 0.001574, 0.001732, 0.001840, 0.001710, 0.001873, 0.001798, 0.001895, 0.001844, 0.001826, 0.001802, 0.001756, 0.002048, 0.001515, 0.001253, 0.001934, 0.001706, 0.001562, 0.001533, 0.001294, 0.001327, 0.001356, 0.001357, 0.001262, 0.001477, 0.001442, 0.001419, 0.001325, 0.001300, 0.001362, 0.001481, 0.001448, 0.001444, 0.001381, 0.001532, 0.001380, 0.001491, 0.001341, 0.001682, 0.000502, 0.001529, 0.001416, 0.001665, 0.001491, 0.001746, 0.001567, 0.001708, 0.001741, 0.001681, 0.001747, 0.001496, 0.001728, 0.001620, 0.001623, 0.001655, 0.001734, 0.001862, 0.001766, 0.001872, 0.001775, 0.001754, 0.001903, 0.001780, 0.001847, 0.000313, 0.001464, 0.001745, 0.001651, 0.001558, 0.001440, 0.001592, 0.001404, 0.001649, 0.001431, 0.001554, 0.001429, 0.001615, 0.001462, 0.001618, 0.001431, 0.001623, 0.001406, 0.001535, 0.001381
6 , 1, 1, 1, 1, 1, 1, 1
6 , 0.005812, 0.008158, 0.010327, 0.010629, 0.012725, 0.011111, 0.011197
7 , 0.001665, 0.001491, 0.001746, 0.001567, 0.001708, 0.001741, 0.001681, 0.001747, 0.001496, 0.001728, 0.001620, 0.001623, 0.001655, 0.001734, 0.001862, 0.001766, 0.001872, 0.001775, 0.001754, 0.001903, 0.001780, 0.001847, 0.000313, 0.001464, 0.001745, 0.001651, 0.001558, 0.001440, 0.001592, 0.001404, 0.001649, 0.001431, 0.001554, 0.001429, 0.001615, 0.001462, 0.001618, 0.001431, 0.001623, 0.001406, 0.001535, 0.001381, 0.001657, 0.001407, 0.001642, 0.000961, 0.001089, 0.001603, 0.001804, 0.001721, 0.001667, 0.002044, 0.001801, 0.001877, 0.001777, 0.001960, 0.001805, 0.001835, 0.001942, 0.001736, 0.001787, 0.001754, 0.001945, 0.001708, 0.001802, 0.001954, 0.001717, 0.001930, 0.001757, 0.001991, 0.001751, 0.002011, 0.000767, 0.001414, 0.001715, 0.001710, 0.001558, 0.001524, 0.001501, 0.001469, 0.001564, 0.001563, 0.001502, 0.001442, 0.001531, 0.001503, 0.001469, 0.001471, 0.001444, 0.001383, 0.001324, 0.001325
7 , 1, 1, 1, 1, 1, 1, 1
7 , 0.006988, 0.009137, 0.011903, 0.014181, 0.012534, 0.010529, 0.010296
8 , 0.001721, 0.001667, 0.002044, 0.001801, 0.001877, 0.001777, 0.001960, 0.001805, 0.001835, 0.001942, 0.001736, 0.001787, 0.001754, 0.001945, 0.001708, 0.001802, 0.001954, 0.001717, 0.001930, 0.001757, 0.001991, 0.001751, 0.002011, 0.000767, 0.001414, 0.001715, 0.001710, 0.001558, 0.001524, 0.001501, 0.001469, 0.001564, 0.001563, 0.001502, 0.001442, 0.001531, 0.001503, 0.001469, 0.001471, 0.001444, 0.001383, 0.001324, 0.001325, 0.001424, 0.001365, 0.001363, 0.001328, 0.001414, 0.001440, 0.001495, 0.001547, 0.001659, 0.001527, 0.001616, 0.001645, 0.001729, 0.001575, 0.001666, 0.001668, 0.001733, 0.001702, 0.001771, 0.001528, 0.001595, 0.001600, 0.001607, 0.001517, 0.001429, 0.001364, 0.001519, 0.001575, 0.001543, 0.001538, 0.001504, 0.001500, 0.001684, 0.001619, 0.001738, 0.001674, 0.001792, 0.001606, 0.001635, 0.001694, 0.001723, 0.001573, 0.001757, 0.001668, 0.001733, 0.001525, 0.001594, 0.001535, 0.001608
8 , 2, 2, 2, 2, 2, 2, 2
8 , 0.007250, 0.008540, 0.009416, 0.009573, 0.010191, 0.008428, 0.007514
9 , 0.001547, 0.001659, 0.001527, 0.001616, 0.001645, 0.001729, 0.001575, 0.001666, 0.001668, 0.001733, 0.001702, 0.001771, 0.001528, 0.001595, 0.001600, 0.001607, 0.001517, 0.001429, 0.001364, 0.001519, 0.001575, 0.001543, 0.001538, 0.001504, 0.001500, 0.001684, 0.001619, 0.001738, 0.001674, 0.001792, 0.001606, 0.001635, 0.001694, 0.001723, 0.001573, 0.001757, 0.001668, 0.001733, 0.001525, 0.001594, 0.001535, 0.001608, 0.001404, 0.001446, 0.001309, 0.001443, 0.001273, 0.001409, 0.001263, 0.001254, 0.000990, 0.001116, 0.000979, 0.001125, 0.000892, 0.001121, 0.000856, 0.000908, 0.000839, 0.000884, 0.000726, 0.000860, 0.000665, 0.000849, 0.000696, 0.001052, 0.000932, 0.001156, 0.001097, 0.001377, 0.001187, 0.001435, 0.001285, 0.001600, 0.001644, 0.001881, 0.001659, 0.001991, 0.002017, 0.002168, 0.001923, 0.002136, 0.001954, 0.002076, 0.001832, 0.002107, 0.002016, 0.002198, 0.001953, 0.002014, 0.001923, 0.001985
9 , 0, 0, 0, 2, 2, 2, 2
9 , 0.018300, 0.019115, 0.019460, 0.020182, 0.020523, 0.021201, 0.021132
10 , 0.001116, 0.000979, 0.001125, 0.000892, 0.001121, 0.000856, 0.000908, 0.000839, 0.000884, 0.000726, 0.000860, 0.000665, 0.000849, 0.000696, 0.001052, 0.000932, 0.001156, 0.001097, 0.001377, 0.001187, 0.001435, 0.001285, 0.001600, 0.001644, 0.001881, 0.001659, 0.001991, 0.002017, 0.002168, 0.001923, 0.002136, 0.001954, 0.002076, 0.001832, 0.002107, 0.002016, 0.002198, 0.001953, 0.002014, 0.001923, 0.001985, 0.001683, 0.001901, 0.001658, 0.001726, 0.001610, 0.001682, 0.001537, 0.001669, 0.001464, 0.001505, 0.001417, 0.001490, 0.001282, 0.001443, 0.001206, 0.001431, 0.001246, 0.001379, 0.001225, 0.001283, 0.001252, 0.001315, 0.001310, 0.001371, 0.001333, 0.001451, 0.001293, 0.001411, 0.001409, 0.001553, 0.001449, 0.001445, 0.001501, 0.001528, 0.001552, 0.001583, 0.001700, 0.001579, 0.001515, 0.001697, 0.001455, 0.001544, 0.001661, 0.001660, 0.001627, 0.001594, 0.001746, 0.001655, 0.001627, 0.001625, 0.001652
10 , 0, 0, 0, 0, 0, 0, 0
10 , 0.023532, 0.024678, 0.025090, 0.025420, 0.024978, 0.024553, 0.023375
11 , 0.001464, 0.001505, 0.001417, 0.001490, 0.001282, 0.001443, 0.001206, 0.001431, 0.001246, 0.001379, 0.001225, 0.001283, 0.001252, 0.001315, 0.001310, 0.001371, 0.001333, 0.001451, 0.001293, 0.001411, 0.001409, 0.001553, 0.001449, 0.001445, 0.001501, 0.001528, 0.001552, 0.001583, 0.001700, 0.001579, 0.001515, 0.001697, 0.001455, 0.001544, 0.001661, 0.001660, 0.001627, 0.001594, 0.001746, 0.001655, 0.001627, 0.001625, 0.001652, 0.001468, 0.001438, 0.001532, 0.001535, 0.001531, 0.001746, 0.001562, 0.001595, 0.001566, 0.001687, 0.001445, 0.001510, 0.001541, 0.001727, 0.001515, 0.001551, 0.001522, 0.001527, 0.001462, 0.001553, 0.001430, 0.001616, 0.001369, 0.001616, 0.001460, 0.001587, 0.001498, 0.001562, 0.001376, 0.001590, 0.001370, 0.001553, 0.001424, 0.001520, 0.001488, 0.001582, 0.001369, 0.001523, 0.001428, 0.001643, 0.001490, 0.001702, 0.001485, 0.001521, 0.001545, 0.001697, 0.001572, 0.001730, 0.001482
11 , 3, 3, 3, 3, 3, 0, 0
11 , 0.004643, 0.005105, 0.005089, 0.005294, 0.004909, 0.005229, 0.005695
12 , 0.001687, 0.001445, 0.001510, 0.001541, 0.001727, 0.001515, 0.001551, 0.001522, 0.001527, 0.001462, 0.001553, 0.001430, 0.001616, 0.001369, 0.001616, 0.001460, 0.001587, 0.001498, 0.001562, 0.001376, 0.001590, 0.001370, 0.001553, 0.001424, 0.001520, 0.001488, 0.001582, 0.001369, 0.001523, 0.001428, 0.001643, 0.001490, 0.001702, 0.001485, 0.001521, 0.001545, 0.001697, 0.001572, 0.001730, 0.001482, 0.001701, 0.001514, 0.001668, 0.001575, 0.001668, 0.001637, 0.001792, 0.001496, 0.001711, 0.001558, 0.001594, 0.001503, 0.001598, 0.001442, 0.001451, 0.001325, 0.001511, 0.001358, 0.001514, 0.001477, 0.001598, 0.001442, 0.001566, 0.001476, 0.001472, 0.001433, 0.001618, 0.001525, 0.001526, 0.001460, 0.001583, 0.001522, 0.001580, 0.001369, 0.001494, 0.001464, 0.001535, 0.001533, 0.001476, 0.001445, 0.001386, 0.001421, 0.001483, 0.001392, 0.001520, 0.001427, 0.001459, 0.001587, 0.001377, 0.001404, 0.001464, 0.001503
12 , 3, 3, 3, 3, 3, 3, 3
12 , 0.001274, 0.001733, 0.001603, 0.002092, 0.002370, 0.002810, 0.002672
13 , 0.001503, 0.001598, 0.001442, 0.001451, 0.001325, 0.001511, 0.001358, 0.001514, 0.001477, 0.001598, 0.001442, 0.001566, 0.001476, 0.001472, 0.001433, 0.001618, 0.001525, 0.001526, 0.001460, 0.001583, 0.001522, 0.001580, 0.001369, 0.001494, 0.001464, 0.001535, 0.001533, 0.001476, 0.001445, 0.001386, 0.001421, 0.001483, 0.001392, 0.001520, 0.001427, 0.001459, 0.001587, 0.001377, 0.001404, 0.001464, 0.001503, 0.001347, 0.001317, 0.001345, 0.001339, 0.001337, 0.001397, 0.001328, 0.001540, 0.001503, 0.001562, 0.001374, 0.001583, 0.001488, 0.001645, 0.001544, 0.001639, 0.001514, 0.001604, 0.001356, 0.001632, 0.001536, 0.001661, 0.001536, 0.001595, 0.001532, 0.001748, 0.001506, 0.001691, 0.001599, 0.001636, 0.001601, 0.001665, 0.001449, 0.001639, 0.001455, 0.001646, 0.001431, 0.001528, 0.001404, 0.001565, 0.001502, 0.001601, 0.001447, 0.001509, 0.001357, 0.001515, 0.001388, 0.001457, 0.001364, 0.001422, 0.001360
13 , 2, 1, 1, 1, 1, 1, 1
13 , 0.001292, 0.001932, 0.002520, 0.003205, 0.003495, 0.003771, 0.003691
14 , 0.001374, 0.001583, 0.001488, 0.001645, 0.001544, 0.001639, 0.001514, 0.001604, 0.001356, 0.001632, 0.001536, 0.001661, 0.001536, 0.001595, 0.001532, 0.001748, 0.001506, 0.001691, 0.001599, 0.001636, 0.001601, 0.001665, 0.001449, 0.001639, 0.001455, 0.001646, 0.001431, 0.001528, 0.001404, 0.001565, 0.001502, 0.001601, 0.001447, 0.001509, 0.001357, 0.001515, 0.001388, 0.001457, 0.001364, 0.001422, 0.001360, 0.001489, 0.001365, 0.001457, 0.001274, 0.001523, 0.001303, 0.001428, 0.001396, 0.001429, 0.001275, 0.001339, 0.001249, 0.001351, 0.001381, 0.001330, 0.001268, 0.001334, 0.001302, 0.001420, 0.001356, 0.001421, 0.001296, 0.001409, 0.001319, 0.001316, 0.001345, 0.001320, 0.001376, 0.001374, 0.001373, 0.001401, 0.001459, 0.001427, 0.001395, 0.001392, 0.001364, 0.001335, 0.001395, 0.001395, 0.001482, 0.001384, 0.001506, 0.001321, 0.001504, 0.001468, 0.001501, 0.001442, 0.001625, 0.001379, 0.001410, 0.001409
14 , 2, 2, 2, 2, 2, 2, 2
14 , 0.003388, 0.003745, 0.004107, 0.004539, 0.004708, 0.004867, 0.004911
15 , 0.001249, 0.001351, 0.001381, 0.001330, 0.001268, 0.001334, 0.001302, 0.001420, 0.001356, 0.001421, 0.001296, 0.001409, 0.001319, 0.001316, 0.001345, 0.001320, 0.001376, 0.001374, 0.001373, 0.001401, 0.001459, 0.001427, 0.001395, 0.001392, 0.001364, 0.001335, 0.001395, 0.001395, 0.001482, 0.001384, 0.001506, 0.001321, 0.001504, 0.001468, 0.001501, 0.001442, 0.001625, 0.001379, 0.001410, 0.001409, 0.001447, 0.001382, 0.001476, 0.001447, 0.001509, 0.001408, 0.001561, 0.001408, 0.001594, 0.001338, 0.001612, 0.001544, 0.001725, 0.001624, 0.001804, 0.001644, 0.001795, 0.001638, 0.001819, 0.001633, 0.001788, 0.001788, 0.001940, 0.001755, 0.001880, 0.001667, 0.001916, 0.001614, 0.001741, 0.001590, 0.001687, 0.001539, 0.001570, 0.001480, 0.001611, 0.001489, 0.001707, 0.001526, 0.001568, 0.001388, 0.001518, 0.001334, 0.001432, 0.001371, 0.001404, 0.001253, 0.001383, 0.001259, 0.001412, 0.001410, 0.001382, 0.001343
15 , 3, 3, 3, 3, 3, 3, 3
15 , 0.006020, 0.006719, 0.006873, 0.007389, 0.007431, 0.007739, 0.007827
16 , 0.001725, 0.001624, 0.001804, 0.001644, 0.001795, 0.001638, 0.001819, 0.001633, 0.001788, 0.001788, 0.001940, 0.001755, 0.001880, 0.001667, 0.001916, 0.001614, 0.001741, 0.001590, 0.001687, 0.001539, 0.001570, 0.001480, 0.001611, 0.001489, 0.001707, 0.001526, 0.001568, 0.001388, 0.001518, 0.001334, 0.001432, 0.001371, 0.001404, 0.001253, 0.001383, 0.001259, 0.001412, 0.001410, 0.001382, 0.001343, 0.001494, 0.001400, 0.001524, 0.001422, 0.001393, 0.001453, 0.001582, 0.001340, 0.001489, 0.001603, 0.001421, 0.001479, 0.001503, 0.001412, 0.001541, 0.001598, 0.001628, 0.001630, 0.001507, 0.001392, 0.001360, 0.001509, 0.001453, 0.001454, 0.001485, 0.001424, 0.001422, 0.001516, 0.001396, 0.001517, 0.001449, 0.001583, 0.001455, 0.001608, 0.001508, 0.001506, 0.001537, 0.001533, 0.001560, 0.001650, 0.001524, 0.001702, 0.001634, 0.001639, 0.001424, 0.001614, 0.001372, 0.001560, 0.001404, 0.001625, 0.001497, 0.001686
16 , 2, 2, 2, 2, 2, 2, 2
16 , 0.007134, 0.007706, 0.007698, 0.007900, 0.007758, 0.007708, 0.007482
