0 , 0.000962, 0.001070, 0.002144, 0.001937, 0.002103, 0.002039, 0.002190, 0.002126, 0.002089, 0.002379, 0.002221, 0.002292, 0.002107, 0.002219, 0.002350, 0.002148, 0.002182, 0.002084, 0.002243, 0.002216, 0.002193, 0.002034, 0.002028, 0.002061, 0.002209, 0.001121, 0.001271, 0.001359, 0.001497, 0.001346, 0.001406, 0.001221, 0.001433, 0.001494, 0.001407, 0.001163, 0.001286, 0.001100, 0.001352, 0.001288, 0.001388, 0.001230, 0.001323, 0.001231, 0.001413, 0.001225, 0.001293, 0.001107, 0.001406, 0.001198, 0.001550, 0.000412, 0.001782, 0.001808, 0.001827, 0.001932, 0.001728, 0.001883, 0.001913, 0.001913, 0.001968, 0.001891, 0.002134, 0.001950, 0.002152, 0.002034, 0.002108, 0.002294, 0.002168, 0.002320, 0.002205, 0.002286, 0.002288, 0.002293, 0.002232, 0.001973, 0.000257, 0.001526, 0.001260, 0.001300, 0.001048, 0.001060, 0.000900, 0.001181, 0.001084, 0.001086, 0.001054, 0.001144, 0.000984, 0.001076, 0.001038, 0.001125
0 , 1, 1, 1, 1, 1, 1, 1
0 , 0.014018, 0.017701, 0.021979, 0.025674, 0.030065, 0.033728, 0.037105
1 , 0.001782, 0.001808, 0.001827, 0.001932, 0.001728, 0.001883, 0.001913, 0.001913, 0.001968, 0.001891, 0.002134, 0.001950, 0.002152, 0.002034, 0.002108, 0.002294, 0.002168, 0.002320, 0.002205, 0.002286, 0.002288, 0.002293, 0.002232, 0.001973, 0.000257, 0.001526, 0.001260, 0.001300, 0.001048, 0.001060, 0.000900, 0.001181, 0.001084, 0.001086, 0.001054, 0.001144, 0.000984, 0.001076, 0.001038, 0.001125, 0.001059, 0.001155, 0.001088, 0.001125, 0.001210, 0.001135, 0.001222, 0.000231, 0.001661, 0.001960, 0.001953, 0.001957, 0.001997, 0.001808, 0.002125, 0.001913, 0.002000, 0.002134, 0.002107, 0.002076, 0.001972, 0.002265, 0.002084, 0.002283, 0.002155, 0.002165, 0.002341, 0.002159, 0.002274, 0.002199, 0.002195, 0.002434, 0.000369, 0.001576, 0.001302, 0.001213, 0.001148, 0.001177, 0.001029, 0.001131, 0.000973, 0.001041, 0.000976, 0.001222, 0.001086, 0.001269, 0.001074, 0.001103, 0.001033, 0.001122, 0.001145, 0.001299
1 , 1, 1, 1, 1, 1, 1, 1
1 , 0.025639, 0.030019, 0.034028, 0.038851, 0.044771, 0.043097, 0.039851
2 , 0.001953, 0.001957, 0.001997, 0.001808, 0.002125, 0.001913, 0.002000, 0.002134, 0.002107, 0.002076, 0.001972, 0.002265, 0.002084, 0.002283, 0.002155, 0.002165, 0.002341, 0.002159, 0.002274, 0.002199, 0.002195, 0.002434, 0.000369, 0.001576, 0.001302, 0.001213, 0.001148, 0.001177, 0.001029, 0.001131, 0.000973, 0.001041, 0.000976, 0.001222, 0.001086, 0.001269, 0.001074, 0.001103, 0.001033, 0.001122, 0.001145, 0.001299, 0.001167, 0.001227, 0.001165, 0.001354, 0.001161, 0.001245, 0.001222, 0.001889, 0.002012, 0.002000, 0.001928, 0.001942, 0.001932, 0.002100, 0.002036, 0.002188, 0.001892, 0.002178, 0.002175, 0.001993, 0.002151, 0.001959, 0.002235, 0.002150, 0.002048, 0.001944, 0.001993, 0.002242, 0.002002, 0.002154, 0.001045, 0.001059, 0.001523, 0.001451, 0.001514, 0.001412, 0.001501, 0.001405, 0.001464, 0.001428, 0.001520, 0.001486, 0.001484, 0.001329, 0.001517, 0.001424, 0.001545, 0.001363, 0.001461, 0.001488
2 , 1, 1, 1, 1, 1, 1, 1
2 , 0.024511, 0.028971, 0.032015, 0.035119, 0.034169, 0.033551, 0.031150
3 , 0.001889, 0.002012, 0.002000, 0.001928, 0.001942, 0.001932, 0.002100, 0.002036, 0.002188, 0.001892, 0.002178, 0.002175, 0.001993, 0.002151, 0.001959, 0.002235, 0.002150, 0.002048, 0.001944, 0.001993, 0.002242, 0.002002, 0.002154, 0.001045, 0.001059, 0.001523, 0.001451, 0.001514, 0.001412, 0.001501, 0.001405, 0.001464, 0.001428, 0.001520, 0.001486, 0.001484, 0.001329, 0.001517, 0.001424, 0.001545, 0.001363, 0.001461, 0.001488, 0.001553, 0.001460, 0.001348, 0.001576, 0.000065, 0.001642, 0.001730, 0.001753, 0.001581, 0.001951, 0.001857, 0.001908, 0.001935, 0.001929, 0.002106, 0.001848, 0.002027, 0.001913, 0.002072, 0.002096, 0.002083, 0.002187, 0.001937, 0.002140, 0.002140, 0.002054, 0.002102, 0.001990, 0.002025, 0.000404, 0.001588, 0.001454, 0.001399, 0.001174, 0.001270, 0.001198, 0.001297, 0.001174, 0.001388, 0.001168, 0.001357, 0.001287, 0.001348, 0.001281, 0.001431, 0.001156, 0.001466, 0.001365, 0.001466
3 , 1, 1, 1, 1, 1, 1, 1
3 , 0.017758, 0.020305, 0.023687, 0.025834, 0.030952, 0.027111, 0.025634
4 , 0.001753, 0.001581, 0.001951, 0.001857, 0.001908, 0.001935, 0.001929, 0.002106, 0.001848, 0.002027, 0.001913, 0.002072, 0.002096, 0.002083, 0.002187, 0.001937, 0.002140, 0.002140, 0.002054, 0.002102, 0.001990, 0.002025, 0.000404, 0.001588, 0.001454, 0.001399, 0.001174, 0.001270, 0.001198, 0.001297, 0.001174, 0.001388, 0.001168, 0.001357, 0.001287, 0.001348, 0.001281, 0.001431, 0.001156, 0.001466, 0.001365, 0.001466, 0.001221, 0.001442, 0.001312, 0.001387, 0.001180, 0.000679, 0.001582, 0.001885, 0.001726, 0.001910, 0.001816, 0.002038, 0.001810, 0.002048, 0.001872, 0.002023, 0.001902, 0.001814, 0.002085, 0.001903, 0.001976, 0.001772, 0.001793, 0.001965, 0.001829, 0.001868, 0.001651, 0.001851, 0.001796, 0.002021, 0.000182, 0.001526, 0.001685, 0.001562, 0.001444, 0.001288, 0.001411, 0.001324, 0.001387, 0.001321, 0.001421, 0.001273, 0.001240, 0.001240, 0.001299, 0.001237, 0.001213, 0.001335, 0.001485, 0.001360
4 , 1, 1, 1, 1, 1, 1, 1
4 , 0.019309, 0.022789, 0.024570, 0.026762, 0.027046, 0.024510, 0.023301
5 , 0.001726, 0.001910, 0.001816, 0.002038, 0.001810, 0.002048, 0.001872, 0.002023, 0.001902, 0.001814, 0.002085, 0.001903, 0.001976, 0.001772, 0.001793, 0.001965, 0.001829, 0.001868, 0.001651, 0.001851, 0.001796, 0.002021, 0.000182, 0.001526, 0.001685, 0.001562, 0.001444, 0.001288, 0.001411, 0.001324, 0.001387, 0.001321, 0.001421, 0.001273, 0.001240, 0.001240, 0.001299, 0.001237, 0.001213, 0.001335, 0.001485, 0.001360, 0.001455, 0.001330, 0.001448, 0.001367, 0.000873, 0.001733, 0.001756, 0.001829, 0.001814, 0.001771, 0.002018, 0.001790, 0.001921, 0.001772, 0.001963, 0.002003, 0.001981, 0.002018, 0.001845, 0.001957, 0.001918, 0.001972, 0.001766, 0.001887, 0.002009, 0.001972, 0.001881, 0.001863, 0.001988, 0.002057, 0.001201, 0.001518, 0.001606, 0.001592, 0.001356, 0.001446, 0.001295, 0.001421, 0.001292, 0.001542, 0.001291, 0.001386, 0.001168, 0.001382, 0.001227, 0.001445, 0.001232, 0.001421, 0.001231, 0.001569
5 , 1, 1, 1, 1, 1, 1, 1
5 , 0.017454, 0.019922, 0.021693, 0.024510, 0.022564, 0.021205, 0.020905
6 , 0.001829, 0.001814, 0.001771, 0.002018, 0.001790, 0.001921, 0.001772, 0.001963, 0.002003, 0.001981, 0.002018, 0.001845, 0.001957, 0.001918, 0.001972, 0.001766, 0.001887, 0.002009, 0.001972, 0.001881, 0.001863, 0.001988, 0.002057, 0.001201, 0.001518, 0.001606, 0.001592, 0.001356, 0.001446, 0.001295, 0.001421, 0.001292, 0.001542, 0.001291, 0.001386, 0.001168, 0.001382, 0.001227, 0.001445, 0.001232, 0.001421, 0.001231, 0.001569, 0.001232, 0.001390, 0.001234, 0.001513, 0.001264, 0.001480, 0.001288, 0.001446, 0.001351, 0.001651, 0.001314, 0.001437, 0.001343, 0.001413, 0.001199, 0.001473, 0.001286, 0.001537, 0.001290, 0.001448, 0.001262, 0.001412, 0.001290, 0.001478, 0.001380, 0.001451, 0.001357, 0.001449, 0.001295, 0.001543, 0.001328, 0.001509, 0.001443, 0.001506, 0.001167, 0.001508, 0.001292, 0.001420, 0.001179, 0.001368, 0.001218, 0.001316, 0.001165, 0.001358, 0.001200, 0.001352, 0.001228, 0.001321, 0.001193
6 , 1, 1, 1, 1, 1, 1, 1
6 , 0.008680, 0.010464, 0.011382, 0.012280, 0.013307, 0.012884, 0.012879
7 , 0.001446, 0.001351, 0.001651, 0.001314, 0.001437, 0.001343, 0.001413, 0.001199, 0.001473, 0.001286, 0.001537, 0.001290, 0.001448, 0.001262, 0.001412, 0.001290, 0.001478, 0.001380, 0.001451, 0.001357, 0.001449, 0.001295, 0.001543, 0.001328, 0.001509, 0.001443, 0.001506, 0.001167, 0.001508, 0.001292, 0.001420, 0.001179, 0.001368, 0.001218, 0.001316, 0.001165, 0.001358, 0.001200, 0.001352, 0.001228, 0.001321, 0.001193, 0.001321, 0.001137, 0.001351, 0.001220, 0.001340, 0.001303, 0.001543, 0.001322, 0.001567, 0.001354, 0.001363, 0.001390, 0.001484, 0.001271, 0.001363, 0.001331, 0.001452, 0.001326, 0.001511, 0.001383, 0.001570, 0.001385, 0.001480, 0.001328, 0.001392, 0.001330, 0.001392, 0.001240, 0.001368, 0.001329, 0.001389, 0.001298, 0.001393, 0.001330, 0.001395, 0.001181, 0.001465, 0.001434, 0.001439, 0.001201, 0.001322, 0.001204, 0.001327, 0.001204, 0.001242, 0.001238, 0.001358, 0.001234, 0.001209, 0.001266
7 , 1, 1, 1, 1, 1, 1, 1
7 , 0.002930, 0.003227, 0.003478, 0.003571, 0.003932, 0.003631, 0.003740
8 , 0.001567, 0.001354, 0.001363, 0.001390, 0.001484, 0.001271, 0.001363, 0.001331, 0.001452, 0.001326, 0.001511, 0.001383, 0.001570, 0.001385, 0.001480, 0.001328, 0.001392, 0.001330, 0.001392, 0.001240, 0.001368, 0.001329, 0.001389, 0.001298, 0.001393, 0.001330, 0.001395, 0.001181, 0.001465, 0.001434, 0.001439, 0.001201, 0.001322, 0.001204, 0.001327, 0.001204, 0.001242, 0.001238, 0.001358, 0.001234, 0.001209, 0.001266, 0.001330, 0.001299, 0.001210, 0.001177, 0.001296, 0.001231, 0.001203, 0.001263, 0.001298, 0.001357, 0.001295, 0.001322, 0.001260, 0.001381, 0.001386, 0.001266, 0.001290, 0.001231, 0.001173, 0.001182, 0.001184, 0.001277, 0.001311, 0.001307, 0.001332, 0.001300, 0.001270, 0.001334, 0.001239, 0.001266, 0.001167, 0.001437, 0.001280, 0.001248, 0.001307, 0.001491, 0.001207, 0.001364, 0.001243, 0.001363, 0.001388, 0.001387, 0.001265, 0.001454, 0.001302, 0.001367, 0.001274, 0.001522, 0.001337, 0.001398
8 , 2, 2, 2, 2, 2, 2, 2
8 , 0.003220, 0.003380, 0.003242, 0.003498, 0.003390, 0.003665, 0.003493
9 , 0.001357, 0.001295, 0.001322, 0.001260, 0.001381, 0.001386, 0.001266, 0.001290, 0.001231, 0.001173, 0.001182, 0.001184, 0.001277, 0.001311, 0.001307, 0.001332, 0.001300, 0.001270, 0.001334, 0.001239, 0.001266, 0.001167, 0.001437, 0.001280, 0.001248, 0.001307, 0.001491, 0.001207, 0.001364, 0.001243, 0.001363, 0.001388, 0.001387, 0.001265, 0.001454, 0.001302, 0.001367, 0.001274, 0.001522, 0.001337, 0.001398, 0.001214, 0.001368, 0.001280, 0.001290, 0.001258, 0.001412, 0.001169, 0.001391, 0.001262, 0.001392, 0.001304, 0.001338, 0.001089, 0.001278, 0.001212, 0.001335, 0.001114, 0.001476, 0.001253, 0.001353, 0.001169, 0.001378, 0.001314, 0.001503, 0.001315, 0.001443, 0.001192, 0.001375, 0.001217, 0.001309, 0.001240, 0.001452, 0.001385, 0.001598, 0.001411, 0.001563, 0.001378, 0.001471, 0.001346, 0.001418, 0.001263, 0.001515, 0.001278, 0.001378, 0.001240, 0.001261, 0.001111, 0.001242, 0.001038, 0.001173, 0.001023
9 , 0, 0, 0, 0, 0, 3, 3
9 , 0.002160, 0.001753, 0.001737, 0.001930, 0.001404, 0.001466, 0.002010
10 , 0.001412, 0.001169, 0.001391, 0.001262, 0.001392, 0.001304, 0.001338, 0.001089, 0.001278, 0.001212, 0.001335, 0.001114, 0.001476, 0.001253, 0.001353, 0.001169, 0.001378, 0.001314, 0.001503, 0.001315, 0.001443, 0.001192, 0.001375, 0.001217, 0.001309, 0.001240, 0.001452, 0.001385, 0.001598, 0.001411, 0.001563, 0.001378, 0.001471, 0.001346, 0.001418, 0.001263, 0.001515, 0.001278, 0.001378, 0.001240, 0.001261, 0.001111, 0.001242, 0.001038, 0.001173, 0.001023, 0.001134, 0.000927, 0.001052, 0.000869, 0.001114, 0.000922, 0.001070, 0.001081, 0.001195, 0.001232, 0.001216, 0.001231, 0.001489, 0.001418, 0.001437, 0.001455, 0.001545, 0.001509, 0.001539, 0.001386, 0.001509, 0.001569, 0.001570, 0.001570, 0.001538, 0.001597, 0.001596, 0.001567, 0.001506, 0.001506, 0.001474, 0.001565, 0.001507, 0.001567, 0.001536, 0.001720, 0.001630, 0.001571, 0.001543, 0.001513, 0.001391, 0.001515, 0.001448, 0.001484, 0.001305, 0.001460
10 , 0, 0, 0, 0, 2, 2, 2
10 , 0.007202, 0.006540, 0.005155, 0.004680, 0.004088, 0.003594, 0.003118
11 , 0.001134, 0.000927, 0.001052, 0.000869, 0.001114, 0.000922, 0.001070, 0.001081, 0.001195, 0.001232, 0.001216, 0.001231, 0.001489, 0.001418, 0.001437, 0.001455, 0.001545, 0.001509, 0.001539, 0.001386, 0.001509, 0.001569, 0.001570, 0.001570, 0.001538, 0.001597, 0.001596, 0.001567, 0.001506, 0.001506, 0.001474, 0.001565, 0.001507, 0.001567, 0.001536, 0.001720, 0.001630, 0.001571, 0.001543, 0.001513, 0.001391, 0.001515, 0.001448, 0.001484, 0.001305, 0.001460, 0.001371, 0.001434, 0.001430, 0.001342, 0.001341, 0.001494, 0.001126, 0.001373, 0.001341, 0.001559, 0.001313, 0.001531, 0.001374, 0.001377, 0.001351, 0.001450, 0.001382, 0.001570, 0.001295, 0.001477, 0.001293, 0.001446, 0.001443, 0.001571, 0.001324, 0.001574, 0.001384, 0.001628, 0.001410, 0.001533, 0.001435, 0.001560, 0.001370, 0.001523, 0.001489, 0.001611, 0.001367, 0.001521, 0.001456, 0.001550, 0.001428, 0.001429, 0.001396, 0.001553, 0.001487, 0.001609
11 , 0, 0, 0, 0, 0, 0, 0
11 , 0.009274, 0.008817, 0.008236, 0.007824, 0.007049, 0.006624, 0.005482
12 , 0.001371, 0.001434, 0.001430, 0.001342, 0.001341, 0.001494, 0.001126, 0.001373, 0.001341, 0.001559, 0.001313, 0.001531, 0.001374, 0.001377, 0.001351, 0.001450, 0.001382, 0.001570, 0.001295, 0.001477, 0.001293, 0.001446, 0.001443, 0.001571, 0.001324, 0.001574, 0.001384, 0.001628, 0.001410, 0.001533, 0.001435, 0.001560, 0.001370, 0.001523, 0.001489, 0.001611, 0.001367, 0.001521, 0.001456, 0.001550, 0.001428, 0.001429, 0.001396, 0.001553, 0.001487, 0.001609, 0.001513, 0.001696, 0.001453, 0.001581, 0.001454, 0.001428, 0.001306, 0.001585, 0.001400, 0.001496, 0.001528, 0.001529, 0.001375, 0.001592, 0.001529, 0.001594, 0.001473, 0.001445, 0.001475, 0.001478, 0.001358, 0.001423, 0.001450, 0.001481, 0.001357, 0.001420, 0.001353, 0.001386, 0.001326, 0.001389, 0.001386, 0.001416, 0.001414, 0.001505, 0.001411, 0.001317, 0.001378, 0.001529, 0.001558, 0.001405, 0.001436, 0.001403, 0.001435, 0.001401, 0.001403, 0.001347
12 , 3, 3, 3, 3, 3, 3, 3
12 , 0.003470, 0.003499, 0.003776, 0.003712, 0.003593, 0.003302, 0.003531
13 , 0.001453, 0.001581, 0.001454, 0.001428, 0.001306, 0.001585, 0.001400, 0.001496, 0.001528, 0.001529, 0.001375, 0.001592, 0.001529, 0.001594, 0.001473, 0.001445, 0.001475, 0.001478, 0.001358, 0.001423, 0.001450, 0.001481, 0.001357, 0.001420, 0.001353, 0.001386, 0.001326, 0.001389, 0.001386, 0.001416, 0.001414, 0.001505, 0.001411, 0.001317, 0.001378, 0.001529, 0.001558, 0.001405, 0.001436, 0.001403, 0.001435, 0.001401, 0.001403, 0.001347, 0.001443, 0.001289, 0.001325, 0.001230, 0.001388, 0.001418, 0.001422, 0.001415, 0.001537, 0.001324, 0.001474, 0.001227, 0.001501, 0.001399, 0.001580, 0.001515, 0.001604, 0.001513, 0.001699, 0.001544, 0.001636, 0.001452, 0.001545, 0.001482, 0.001576, 0.001363, 0.001490, 0.001370, 0.001498, 0.001342, 0.001467, 0.001316, 0.001446, 0.001350, 0.001443, 0.001379, 0.001566, 0.001319, 0.001447, 0.001298, 0.001545, 0.001182, 0.001398, 0.001304, 0.001459, 0.001329, 0.001359, 0.001229
13 , 1, 1, 1, 1, 1, 1, 1
13 , 0.002971, 0.003145, 0.003323, 0.003689, 0.003718, 0.003839, 0.003406
14 , 0.001415, 0.001537, 0.001324, 0.001474, 0.001227, 0.001501, 0.001399, 0.001580, 0.001515, 0.001604, 0.001513, 0.001699, 0.001544, 0.001636, 0.001452, 0.001545, 0.001482, 0.001576, 0.001363, 0.001490, 0.001370, 0.001498, 0.001342, 0.001467, 0.001316, 0.001446, 0.001350, 0.001443, 0.001379, 0.001566, 0.001319, 0.001447, 0.001298, 0.001545, 0.001182, 0.001398, 0.001304, 0.001459, 0.001329, 0.001359, 0.001229, 0.001511, 0.001357, 0.001534, 0.001438, 0.001478, 0.001353, 0.001473, 0.001351, 0.001535, 0.001408, 0.001532, 0.001345, 0.001562, 0.001468, 0.001381, 0.001411, 0.001440, 0.001378, 0.001501, 0.001379, 0.001507, 0.001357, 0.001362, 0.001395, 0.001401, 0.001342, 0.001499, 0.001433, 0.001461, 0.001429, 0.001371, 0.001398, 0.001398, 0.001521, 0.001339, 0.001310, 0.001403, 0.001283, 0.001311, 0.001526, 0.001464, 0.001372, 0.001428, 0.001365, 0.001307, 0.001544, 0.001452, 0.001511, 0.001384, 0.001446, 0.001352
14 , 1, 1, 1, 1, 1, 1, 1
14 , 0.002350, 0.002549, 0.002391, 0.002764, 0.002264, 0.002314, 0.001815
15 , 0.001535, 0.001408, 0.001532, 0.001345, 0.001562, 0.001468, 0.001381, 0.001411, 0.001440, 0.001378, 0.001501, 0.001379, 0.001507, 0.001357, 0.001362, 0.001395, 0.001401, 0.001342, 0.001499, 0.001433, 0.001461, 0.001429, 0.001371, 0.001398, 0.001398, 0.001521, 0.001339, 0.001310, 0.001403, 0.001283, 0.001311, 0.001526, 0.001464, 0.001372, 0.001428, 0.001365, 0.001307, 0.001544, 0.001452, 0.001511, 0.001384, 0.001446, 0.001352, 0.001565, 0.001439, 0.001531, 0.001526, 0.001557, 0.001522, 0.001672, 0.001548, 0.001643, 0.001547, 0.001637, 0.001482, 0.001667, 0.001423, 0.001577, 0.001448, 0.001602, 0.001481, 0.001728, 0.001544, 0.001669, 0.001428, 0.001529, 0.001348, 0.001598, 0.001360, 0.001525, 0.001307, 0.001374, 0.001256, 0.001384, 0.001352, 0.001482, 0.001174, 0.001393, 0.001147, 0.001371, 0.001210, 0.001306, 0.001272, 0.001429, 0.001272, 0.001366, 0.001205, 0.001266, 0.001168, 0.001449, 0.001230, 0.001354
15 , 1, 1, 1, 1, 3, 3, 3
15 , 0.005535, 0.005439, 0.005644, 0.005359, 0.005146, 0.004868, 0.005129
16 , 0.001522, 0.001672, 0.001548, 0.001643, 0.001547, 0.001637, 0.001482, 0.001667, 0.001423, 0.001577, 0.001448, 0.001602, 0.001481, 0.001728, 0.001544, 0.001669, 0.001428, 0.001529, 0.001348, 0.001598, 0.001360, 0.001525, 0.001307, 0.001374, 0.001256, 0.001384, 0.001352, 0.001482, 0.001174, 0.001393, 0.001147, 0.001371, 0.001210, 0.001306, 0.001272, 0.001429, 0.001272, 0.001366, 0.001205, 0.001266, 0.001168, 0.001449, 0.001230, 0.001354, 0.001253, 0.001404, 0.001243, 0.001366, 0.001450, 0.001537, 0.001440, 0.001495, 0.001489, 0.001548, 0.001545, 0.001576, 0.001511, 0.001663, 0.001480, 0.001664, 0.001480, 0.001574, 0.001541, 0.001540, 0.001602, 0.001723, 0.001573, 0.001516, 0.001550, 0.001557, 0.001469, 0.001413, 0.001508, 0.001476, 0.001451, 0.001416, 0.001420, 0.001392, 0.001455, 0.001270, 0.001337, 0.001305, 0.001336, 0.001395, 0.001491, 0.001217, 0.001368, 0.001398, 0.001370, 0.001277, 0.001488, 0.001274
16 , 1, 1, 1, 1, 1, 1, 1
16 , 0.007476, 0.008459, 0.008469, 0.009140, 0.008871, 0.008736, 0.008186
