0 , 0.001338, 0.001282, 0.001218, 0.001366, 0.001451, 0.001254, 0.001382, 0.000311, 0.001588, 0.001792, 0.001993, 0.001873, 0.001954, 0.001977, 0.001959, 0.002169, 0.001916, 0.002170, 0.002001, 0.001961, 0.001897, 0.001880, 0.002062, 0.001900, 0.001879, 0.001735, 0.001890, 0.002062, 0.001978, 0.001929, 0.001782, 0.001987, 0.000577, 0.001733, 0.001475, 0.001484, 0.001349, 0.001629, 0.001292, 0.001480, 0.001323, 0.001540, 0.001353, 0.001601, 0.001321, 0.001506, 0.001264, 0.001455, 0.001387, 0.001543, 0.001173, 0.001461, 0.001454, 0.001562, 0.001529, 0.000662, 0.001353, 0.001806, 0.001670, 0.001883, 0.001839, 0.001917, 0.001917, 0.001823, 0.002059, 0.001961, 0.001971, 0.001830, 0.001988, 0.001927, 0.001860, 0.001941, 0.001840, 0.002120, 0.001856, 0.001944, 0.001829, 0.001934, 0.002082, 0.002190, 0.000213, 0.001584, 0.001489, 0.001462, 0.001216, 0.001332, 0.001393, 0.001324, 0.001350, 0.001321, 0.001377, 0.001403
0 , 0, 0, 1, 1, 1, 1, 1
0 , 0.003006, 0.000465, 0.001310, 0.003431, 0.005793, 0.007790, 0.010093
1 , 0.001454, 0.001562, 0.001529, 0.000662, 0.001353, 0.001806, 0.001670, 0.001883, 0.001839, 0.001917, 0.001917, 0.001823, 0.002059, 0.001961, 0.001971, 0.001830, 0.001988, 0.001927, 0.001860, 0.001941, 0.001840, 0.002120, 0.001856, 0.001944, 0.001829, 0.001934, 0.002082, 0.002190, 0.000213, 0.001584, 0.001489, 0.001462, 0.001216, 0.001332, 0.001393, 0.001324, 0.001350, 0.001321, 0.001377, 0.001403, 0.001397, 0.001428, 0.001393, 0.001513, 0.001414, 0.001379, 0.001348, 0.001558, 0.001488, 0.001513, 0.001452, 0.001508, 0.001529, 0.001458, 0.000897, 0.001487, 0.001552, 0.001579, 0.001707, 0.001491, 0.001558, 0.001703, 0.001773, 0.001730, 0.001646, 0.001960, 0.001819, 0.002007, 0.001806, 0.001860, 0.002122, 0.001897, 0.002112, 0.001874, 0.001957, 0.001927, 0.001938, 0.002072, 0.001052, 0.001122, 0.001606, 0.001500, 0.001606, 0.001206, 0.001361, 0.001271, 0.001366, 0.001185, 0.001406, 0.001186, 0.001316, 0.001092
1 , 2, 2, 1, 1, 1, 1, 1
1 , 0.004458, 0.004372, 0.005660, 0.008894, 0.010482, 0.012958, 0.014428
2 , 0.001529, 0.001458, 0.000897, 0.001487, 0.001552, 0.001579, 0.001707, 0.001491, 0.001558, 0.001703, 0.001773, 0.001730, 0.001646, 0.001960, 0.001819, 0.002007, 0.001806, 0.001860, 0.002122, 0.001897, 0.002112, 0.001874, 0.001957, 0.001927, 0.001938, 0.002072, 0.001052, 0.001122, 0.001606, 0.001500, 0.001606, 0.001206, 0.001361, 0.001271, 0.001366, 0.001185, 0.001406, 0.001186, 0.001316, 0.001092, 0.001348, 0.001099, 0.001379, 0.001215, 0.001419, 0.001378, 0.001381, 0.001302, 0.001432, 0.001485, 0.000099, 0.001641, 0.001597, 0.001450, 0.001591, 0.001722, 0.001552, 0.001698, 0.001443, 0.001731, 0.001746, 0.001755, 0.001661, 0.001682, 0.001901, 0.001755, 0.001840, 0.001633, 0.001843, 0.001964, 0.001779, 0.001903, 0.001667, 0.001961, 0.001798, 0.001765, 0.001703, 0.000712, 0.001701, 0.001721, 0.001730, 0.001638, 0.001491, 0.001619, 0.001375, 0.001386, 0.001375, 0.001531, 0.001286, 0.001439, 0.001433, 0.001494
2 , 2, 2, 1, 1, 1, 1, 1
2 , 0.005474, 0.005507, 0.006209, 0.007751, 0.009883, 0.011169, 0.013828
3 , 0.001597, 0.001450, 0.001591, 0.001722, 0.001552, 0.001698, 0.001443, 0.001731, 0.001746, 0.001755, 0.001661, 0.001682, 0.001901, 0.001755, 0.001840, 0.001633, 0.001843, 0.001964, 0.001779, 0.001903, 0.001667, 0.001961, 0.001798, 0.001765, 0.001703, 0.000712, 0.001701, 0.001721, 0.001730, 0.001638, 0.001491, 0.001619, 0.001375, 0.001386, 0.001375, 0.001531, 0.001286, 0.001439, 0.001433, 0.001494, 0.001456, 0.001582, 0.001271, 0.001548, 0.001486, 0.001553, 0.001344, 0.001525, 0.001327, 0.001555, 0.000592, 0.001273, 0.001714, 0.001852, 0.001879, 0.001858, 0.002027, 0.001911, 0.002106, 0.001940, 0.002150, 0.002072, 0.002114, 0.002072, 0.001986, 0.002273, 0.002107, 0.002323, 0.002110, 0.002103, 0.002216, 0.002053, 0.002070, 0.002005, 0.002341, 0.000620, 0.001585, 0.001593, 0.001649, 0.001360, 0.001449, 0.001319, 0.001497, 0.001429, 0.001465, 0.001365, 0.001462, 0.001367, 0.001551, 0.001519, 0.001577, 0.001451
3 , 1, 1, 1, 1, 1, 1, 1
3 , 0.005409, 0.007460, 0.010218, 0.012792, 0.014395, 0.016537, 0.017702
4 , 0.001714, 0.001852, 0.001879, 0.001858, 0.002027, 0.001911, 0.002106, 0.001940, 0.002150, 0.002072, 0.002114, 0.002072, 0.001986, 0.002273, 0.002107, 0.002323, 0.002110, 0.002103, 0.002216, 0.002053, 0.002070, 0.002005, 0.002341, 0.000620, 0.001585, 0.001593, 0.001649, 0.001360, 0.001449, 0.001319, 0.001497, 0.001429, 0.001465, 0.001365, 0.001462, 0.001367, 0.001551, 0.001519, 0.001577, 0.001451, 0.001453, 0.001424, 0.001549, 0.001338, 0.001405, 0.001429, 0.001297, 0.000813, 0.001833, 0.001515, 0.001779, 0.001761, 0.001775, 0.001847, 0.001978, 0.002281, 0.002005, 0.002153, 0.001890, 0.002056, 0.002002, 0.001954, 0.002015, 0.001880, 0.002120, 0.002001, 0.002149, 0.001943, 0.002109, 0.002261, 0.002274, 0.001472, 0.001080, 0.001117, 0.001233, 0.001070, 0.001199, 0.000900, 0.000995, 0.000952, 0.001168, 0.000978, 0.001047, 0.001027, 0.001142, 0.001008, 0.001099, 0.001025, 0.001211, 0.001051, 0.001199, 0.001241
4 , 1, 1, 1, 1, 1, 1, 1
4 , 0.021255, 0.024165, 0.028178, 0.031628, 0.034618, 0.031279, 0.030355
5 , 0.001779, 0.001761, 0.001775, 0.001847, 0.001978, 0.002281, 0.002005, 0.002153, 0.001890, 0.002056, 0.002002, 0.001954, 0.002015, 0.001880, 0.002120, 0.002001, 0.002149, 0.001943, 0.002109, 0.002261, 0.002274, 0.001472, 0.001080, 0.001117, 0.001233, 0.001070, 0.001199, 0.000900, 0.000995, 0.000952, 0.001168, 0.000978, 0.001047, 0.001027, 0.001142, 0.001008, 0.001099, 0.001025, 0.001211, 0.001051, 0.001199, 0.001241, 0.001295, 0.001221, 0.001418, 0.001176, 0.001665, 0.000185, 0.001530, 0.001738, 0.001668, 0.001707, 0.001651, 0.001859, 0.001787, 0.001781, 0.001811, 0.001777, 0.001988, 0.001885, 0.001958, 0.001800, 0.001809, 0.001861, 0.001744, 0.001841, 0.001701, 0.001912, 0.001883, 0.001993, 0.001931, 0.001744, 0.000244, 0.001644, 0.001538, 0.001578, 0.001574, 0.001518, 0.001334, 0.001490, 0.001396, 0.001521, 0.001362, 0.001367, 0.001364, 0.001523, 0.001368, 0.001429, 0.001360, 0.001483, 0.001299, 0.001575
5 , 1, 1, 1, 1, 1, 1, 1
5 , 0.020686, 0.023843, 0.026894, 0.027278, 0.029299, 0.025832, 0.024775
6 , 0.001668, 0.001707, 0.001651, 0.001859, 0.001787, 0.001781, 0.001811, 0.001777, 0.001988, 0.001885, 0.001958, 0.001800, 0.001809, 0.001861, 0.001744, 0.001841, 0.001701, 0.001912, 0.001883, 0.001993, 0.001931, 0.001744, 0.000244, 0.001644, 0.001538, 0.001578, 0.001574, 0.001518, 0.001334, 0.001490, 0.001396, 0.001521, 0.001362, 0.001367, 0.001364, 0.001523, 0.001368, 0.001429, 0.001360, 0.001483, 0.001299, 0.001575, 0.001478, 0.001368, 0.001558, 0.000592, 0.001270, 0.001759, 0.001681, 0.001643, 0.001980, 0.001795, 0.002045, 0.001835, 0.001973, 0.001963, 0.001966, 0.001926, 0.001801, 0.002031, 0.001973, 0.001991, 0.001889, 0.001987, 0.002096, 0.001876, 0.001914, 0.001772, 0.001802, 0.002238, 0.000292, 0.001907, 0.001667, 0.001657, 0.001403, 0.001463, 0.001483, 0.001611, 0.001455, 0.001608, 0.001448, 0.001598, 0.001321, 0.001544, 0.001387, 0.001608, 0.001417, 0.001549, 0.001448, 0.001662, 0.001479, 0.001661
6 , 1, 1, 1, 1, 1, 1, 1
6 , 0.012806, 0.015432, 0.019578, 0.017710, 0.015444, 0.015331, 0.015421
7 , 0.001681, 0.001643, 0.001980, 0.001795, 0.002045, 0.001835, 0.001973, 0.001963, 0.001966, 0.001926, 0.001801, 0.002031, 0.001973, 0.001991, 0.001889, 0.001987, 0.002096, 0.001876, 0.001914, 0.001772, 0.001802, 0.002238, 0.000292, 0.001907, 0.001667, 0.001657, 0.001403, 0.001463, 0.001483, 0.001611, 0.001455, 0.001608, 0.001448, 0.001598, 0.001321, 0.001544, 0.001387, 0.001608, 0.001417, 0.001549, 0.001448, 0.001662, 0.001479, 0.001661, 0.001385, 0.001666, 0.001361, 0.001497, 0.000900, 0.001604, 0.001549, 0.001621, 0.001609, 0.001670, 0.001658, 0.001774, 0.001692, 0.001825, 0.001594, 0.001810, 0.001901, 0.001752, 0.001921, 0.001821, 0.002028, 0.001841, 0.001766, 0.001723, 0.001832, 0.002011, 0.001832, 0.002143, 0.001137, 0.001109, 0.001522, 0.001577, 0.001584, 0.001457, 0.001551, 0.001360, 0.001477, 0.001356, 0.001413, 0.001509, 0.001451, 0.001296, 0.001541, 0.001353, 0.001448, 0.001471, 0.001414, 0.001408
7 , 1, 1, 1, 1, 1, 1, 1
7 , 0.009518, 0.011894, 0.013503, 0.015755, 0.014540, 0.015658, 0.014571
8 , 0.001604, 0.001549, 0.001621, 0.001609, 0.001670, 0.001658, 0.001774, 0.001692, 0.001825, 0.001594, 0.001810, 0.001901, 0.001752, 0.001921, 0.001821, 0.002028, 0.001841, 0.001766, 0.001723, 0.001832, 0.002011, 0.001832, 0.002143, 0.001137, 0.001109, 0.001522, 0.001577, 0.001584, 0.001457, 0.001551, 0.001360, 0.001477, 0.001356, 0.001413, 0.001509, 0.001451, 0.001296, 0.001541, 0.001353, 0.001448, 0.001471, 0.001414, 0.001408, 0.001408, 0.001527, 0.001451, 0.001573, 0.000036, 0.001538, 0.001668, 0.001783, 0.001594, 0.001941, 0.001874, 0.001991, 0.002049, 0.001998, 0.002035, 0.001966, 0.002155, 0.002024, 0.002148, 0.002125, 0.002131, 0.002109, 0.001920, 0.002241, 0.002177, 0.002050, 0.002131, 0.002017, 0.002105, 0.000273, 0.001623, 0.001509, 0.001662, 0.001339, 0.001494, 0.001394, 0.001606, 0.001381, 0.001531, 0.001408, 0.001592, 0.001493, 0.001674, 0.001454, 0.001605, 0.001416, 0.001724, 0.001505, 0.001688
8 , 1, 1, 1, 1, 1, 1, 1
8 , 0.010557, 0.012181, 0.014559, 0.016522, 0.021789, 0.018365, 0.017324
9 , 0.001783, 0.001594, 0.001941, 0.001874, 0.001991, 0.002049, 0.001998, 0.002035, 0.001966, 0.002155, 0.002024, 0.002148, 0.002125, 0.002131, 0.002109, 0.001920, 0.002241, 0.002177, 0.002050, 0.002131, 0.002017, 0.002105, 0.000273, 0.001623, 0.001509, 0.001662, 0.001339, 0.001494, 0.001394, 0.001606, 0.001381, 0.001531, 0.001408, 0.001592, 0.001493, 0.001674, 0.001454, 0.001605, 0.001416, 0.001724, 0.001505, 0.001688, 0.001554, 0.001618, 0.001548, 0.001742, 0.001630, 0.001235, 0.001036, 0.001449, 0.001342, 0.001646, 0.001509, 0.001631, 0.001549, 0.001683, 0.001622, 0.001670, 0.001762, 0.001579, 0.001831, 0.001765, 0.001868, 0.001628, 0.001631, 0.001825, 0.001540, 0.001722, 0.001494, 0.001764, 0.001737, 0.001916, 0.000126, 0.001760, 0.001685, 0.001746, 0.001631, 0.001509, 0.001520, 0.001466, 0.001561, 0.001468, 0.001414, 0.001538, 0.001425, 0.001399, 0.001488, 0.001460, 0.001429, 0.001369, 0.001377, 0.001377
9 , 1, 1, 1, 1, 1, 1, 1
9 , 0.009662, 0.012410, 0.013575, 0.014954, 0.013646, 0.012082, 0.012256
10 , 0.001449, 0.001342, 0.001646, 0.001509, 0.001631, 0.001549, 0.001683, 0.001622, 0.001670, 0.001762, 0.001579, 0.001831, 0.001765, 0.001868, 0.001628, 0.001631, 0.001825, 0.001540, 0.001722, 0.001494, 0.001764, 0.001737, 0.001916, 0.000126, 0.001760, 0.001685, 0.001746, 0.001631, 0.001509, 0.001520, 0.001466, 0.001561, 0.001468, 0.001414, 0.001538, 0.001425, 0.001399, 0.001488, 0.001460, 0.001429, 0.001369, 0.001377, 0.001377, 0.001435, 0.001396, 0.001525, 0.001415, 0.000738, 0.001556, 0.001725, 0.001850, 0.001809, 0.001634, 0.001947, 0.001765, 0.001852, 0.001704, 0.001841, 0.001836, 0.001779, 0.001803, 0.001603, 0.001777, 0.001625, 0.001728, 0.001485, 0.001506, 0.001615, 0.001646, 0.001718, 0.001509, 0.001603, 0.001804, 0.001056, 0.001866, 0.001900, 0.001858, 0.001680, 0.001804, 0.001590, 0.001779, 0.001658, 0.001719, 0.001564, 0.001874, 0.001600, 0.001814, 0.001504, 0.001662, 0.001425, 0.001586, 0.001493
10 , 2, 1, 1, 1, 1, 1, 1
10 , 0.003299, 0.002800, 0.003894, 0.005028, 0.007483, 0.005442, 0.004554
11 , 0.001850, 0.001809, 0.001634, 0.001947, 0.001765, 0.001852, 0.001704, 0.001841, 0.001836, 0.001779, 0.001803, 0.001603, 0.001777, 0.001625, 0.001728, 0.001485, 0.001506, 0.001615, 0.001646, 0.001718, 0.001509, 0.001603, 0.001804, 0.001056, 0.001866, 0.001900, 0.001858, 0.001680, 0.001804, 0.001590, 0.001779, 0.001658, 0.001719, 0.001564, 0.001874, 0.001600, 0.001814, 0.001504, 0.001662, 0.001425, 0.001586, 0.001493, 0.001658, 0.001447, 0.001423, 0.001299, 0.001584, 0.001308, 0.001440, 0.001161, 0.001351, 0.001200, 0.001326, 0.001229, 0.001355, 0.001376, 0.001409, 0.001257, 0.001516, 0.001143, 0.001458, 0.001355, 0.001443, 0.001279, 0.001428, 0.001293, 0.001655, 0.001464, 0.001551, 0.001451, 0.001631, 0.001535, 0.001813, 0.001532, 0.001777, 0.001675, 0.001733, 0.001544, 0.001785, 0.001598, 0.001783, 0.001658, 0.001811, 0.001506, 0.001727, 0.001578, 0.001706, 0.001586, 0.001779, 0.001515, 0.001649, 0.001444
11 , 2, 2, 2, 2, 2, 2, 2
11 , 0.007118, 0.008230, 0.008439, 0.008100, 0.008344, 0.006339, 0.006801
12 , 0.001440, 0.001161, 0.001351, 0.001200, 0.001326, 0.001229, 0.001355, 0.001376, 0.001409, 0.001257, 0.001516, 0.001143, 0.001458, 0.001355, 0.001443, 0.001279, 0.001428, 0.001293, 0.001655, 0.001464, 0.001551, 0.001451, 0.001631, 0.001535, 0.001813, 0.001532, 0.001777, 0.001675, 0.001733, 0.001544, 0.001785, 0.001598, 0.001783, 0.001658, 0.001811, 0.001506, 0.001727, 0.001578, 0.001706, 0.001586, 0.001779, 0.001515, 0.001649, 0.001444, 0.001556, 0.001318, 0.001430, 0.001228, 0.001335, 0.001139, 0.001313, 0.001059, 0.001164, 0.000983, 0.001165, 0.001098, 0.001338, 0.001194, 0.001279, 0.001160, 0.001508, 0.001427, 0.001632, 0.001455, 0.001841, 0.001614, 0.001760, 0.001598, 0.001990, 0.001741, 0.001893, 0.001738, 0.001798, 0.001825, 0.001858, 0.001762, 0.001854, 0.001821, 0.001916, 0.001734, 0.001889, 0.001737, 0.001771, 0.001653, 0.001716, 0.001745, 0.001781, 0.001602, 0.001760, 0.001551, 0.001803, 0.001655
12 , 0, 0, 0, 0, 0, 0, 0
12 , 0.015958, 0.015011, 0.014451, 0.013584, 0.012410, 0.011070, 0.008893
13 , 0.001430, 0.001228, 0.001335, 0.001139, 0.001313, 0.001059, 0.001164, 0.000983, 0.001165, 0.001098, 0.001338, 0.001194, 0.001279, 0.001160, 0.001508, 0.001427, 0.001632, 0.001455, 0.001841, 0.001614, 0.001760, 0.001598, 0.001990, 0.001741, 0.001893, 0.001738, 0.001798, 0.001825, 0.001858, 0.001762, 0.001854, 0.001821, 0.001916, 0.001734, 0.001889, 0.001737, 0.001771, 0.001653, 0.001716, 0.001745, 0.001781, 0.001602, 0.001760, 0.001551, 0.001803, 0.001655, 0.001670, 0.001494, 0.001469, 0.001471, 0.001509, 0.001450, 0.001455, 0.001421, 0.001427, 0.001394, 0.001517, 0.001423, 0.001577, 0.001479, 0.001540, 0.001505, 0.001506, 0.001475, 0.001472, 0.001623, 0.001528, 0.001436, 0.001497, 0.001588, 0.001403, 0.001585, 0.001547, 0.001603, 0.001506, 0.001690, 0.001595, 0.001746, 0.001626, 0.001628, 0.001501, 0.001676, 0.001614, 0.001682, 0.001621, 0.001651, 0.001620, 0.001677, 0.001525, 0.001797, 0.001699, 0.001790
13 , 0, 0, 0, 0, 0, 0, 0
13 , 0.012323, 0.012949, 0.012817, 0.013265, 0.012227, 0.011634, 0.010641
14 , 0.001471, 0.001509, 0.001450, 0.001455, 0.001421, 0.001427, 0.001394, 0.001517, 0.001423, 0.001577, 0.001479, 0.001540, 0.001505, 0.001506, 0.001475, 0.001472, 0.001623, 0.001528, 0.001436, 0.001497, 0.001588, 0.001403, 0.001585, 0.001547, 0.001603, 0.001506, 0.001690, 0.001595, 0.001746, 0.001626, 0.001628, 0.001501, 0.001676, 0.001614, 0.001682, 0.001621, 0.001651, 0.001620, 0.001677, 0.001525, 0.001797, 0.001699, 0.001790, 0.001694, 0.001817, 0.001721, 0.001813, 0.001600, 0.001813, 0.001630, 0.001757, 0.001573, 0.001764, 0.001640, 0.001737, 0.001621, 0.001567, 0.001415, 0.001608, 0.001400, 0.001564, 0.001371, 0.001588, 0.001374, 0.001471, 0.001347, 0.001468, 0.001317, 0.001476, 0.001377, 0.001530, 0.001336, 0.001583, 0.001422, 0.001579, 0.001514, 0.001639, 0.001447, 0.001660, 0.001598, 0.001728, 0.001419, 0.001603, 0.001538, 0.001698, 0.001542, 0.001608, 0.001572, 0.001696, 0.001420, 0.001540, 0.001506
14 , 3, 3, 0, 0, 0, 0, 0
14 , 0.003726, 0.003933, 0.003634, 0.004370, 0.004981, 0.005516, 0.005928
15 , 0.001764, 0.001640, 0.001737, 0.001621, 0.001567, 0.001415, 0.001608, 0.001400, 0.001564, 0.001371, 0.001588, 0.001374, 0.001471, 0.001347, 0.001468, 0.001317, 0.001476, 0.001377, 0.001530, 0.001336, 0.001583, 0.001422, 0.001579, 0.001514, 0.001639, 0.001447, 0.001660, 0.001598, 0.001728, 0.001419, 0.001603, 0.001538, 0.001698, 0.001542, 0.001608, 0.001572, 0.001696, 0.001420, 0.001540, 0.001506, 0.001781, 0.001658, 0.001752, 0.001504, 0.001754, 0.001536, 0.001571, 0.001447, 0.001661, 0.001474, 0.001603, 0.001478, 0.001748, 0.001531, 0.001748, 0.001620, 0.001683, 0.001498, 0.001594, 0.001622, 0.001594, 0.001566, 0.001655, 0.001623, 0.001746, 0.001681, 0.001774, 0.001684, 0.001625, 0.001597, 0.001600, 0.001662, 0.001664, 0.001785, 0.001691, 0.001603, 0.001601, 0.001634, 0.001694, 0.001693, 0.001631, 0.001723, 0.001631, 0.001661, 0.001572, 0.001634, 0.001661, 0.001691, 0.001506, 0.001659, 0.001628, 0.001815
15 , 0, 0, 0, 0, 0, 0, 0
15 , 0.001420, 0.002293, 0.002391, 0.002878, 0.002777, 0.003054, 0.002472
16 , 0.001478, 0.001748, 0.001531, 0.001748, 0.001620, 0.001683, 0.001498, 0.001594, 0.001622, 0.001594, 0.001566, 0.001655, 0.001623, 0.001746, 0.001681, 0.001774, 0.001684, 0.001625, 0.001597, 0.001600, 0.001662, 0.001664, 0.001785, 0.001691, 0.001603, 0.001601, 0.001634, 0.001694, 0.001693, 0.001631, 0.001723, 0.001631, 0.001661, 0.001572, 0.001634, 0.001661, 0.001691, 0.001506, 0.001659, 0.001628, 0.001815, 0.001725, 0.001672, 0.001580, 0.001766, 0.001522, 0.001588, 0.001522, 0.001677, 0.001464, 0.001714, 0.001587, 0.001684, 0.001529, 0.001594, 0.001345, 0.001625, 0.001379, 0.001627, 0.001532, 0.001689, 0.001528, 0.001619, 0.001370, 0.001583, 0.001454, 0.001639, 0.001480, 0.001723, 0.001506, 0.001690, 0.001560, 0.001685, 0.001528, 0.001769, 0.001523, 0.001647, 0.001611, 0.001735, 0.001580, 0.001739, 0.001644, 0.001799, 0.001554, 0.001740, 0.001678, 0.001775, 0.001593, 0.001811, 0.001570, 0.001791, 0.001604
16 , 0, 0, 0, 0, 2, 2, 2
16 , 0.002985, 0.003102, 0.003075, 0.002750, 0.002304, 0.002171, 0.002365
