0 , 0.001472, 0.001639, 0.001511, 0.001654, 0.001553, 0.001563, 0.001788, 0.001599, 0.001672, 0.001593, 0.001767, 0.001791, 0.001676, 0.001587, 0.001663, 0.001925, 0.001636, 0.001660, 0.001621, 0.001648, 0.001773, 0.001533, 0.001803, 0.000947, 0.001218, 0.001774, 0.001735, 0.001749, 0.001502, 0.001682, 0.001463, 0.001565, 0.001501, 0.001628, 0.001446, 0.001576, 0.001518, 0.001492, 0.001435, 0.001538, 0.001384, 0.001422, 0.001511, 0.001545, 0.001570, 0.001464, 0.001523, 0.000035, 0.001521, 0.001777, 0.001776, 0.001605, 0.001827, 0.001740, 0.001793, 0.001614, 0.001627, 0.001795, 0.001714, 0.001851, 0.001626, 0.001908, 0.001887, 0.001648, 0.001678, 0.001656, 0.001793, 0.001760, 0.001765, 0.001748, 0.001854, 0.001813, 0.000768, 0.001886, 0.001599, 0.001632, 0.001624, 0.001724, 0.001439, 0.001656, 0.001445, 0.001657, 0.001409, 0.001653, 0.001374, 0.001591, 0.001525, 0.001592, 0.001525, 0.001769, 0.001550, 0.001674
0 , 1, 1, 1, 1, 1, 1, 1
0 , 0.002800, 0.003154, 0.004227, 0.005426, 0.009601, 0.006643, 0.006214
1 , 0.001776, 0.001605, 0.001827, 0.001740, 0.001793, 0.001614, 0.001627, 0.001795, 0.001714, 0.001851, 0.001626, 0.001908, 0.001887, 0.001648, 0.001678, 0.001656, 0.001793, 0.001760, 0.001765, 0.001748, 0.001854, 0.001813, 0.000768, 0.001886, 0.001599, 0.001632, 0.001624, 0.001724, 0.001439, 0.001656, 0.001445, 0.001657, 0.001409, 0.001653, 0.001374, 0.001591, 0.001525, 0.001592, 0.001525, 0.001769, 0.001550, 0.001674, 0.001516, 0.001706, 0.001575, 0.001527, 0.001601, 0.001147, 0.001260, 0.001483, 0.001534, 0.001702, 0.001644, 0.001792, 0.001729, 0.001904, 0.001776, 0.001881, 0.001965, 0.001834, 0.002009, 0.001904, 0.001968, 0.001837, 0.001914, 0.002029, 0.001931, 0.001830, 0.001598, 0.002062, 0.001891, 0.002123, 0.000232, 0.001591, 0.001542, 0.001664, 0.001633, 0.001475, 0.001592, 0.001400, 0.001642, 0.001640, 0.001731, 0.001574, 0.001727, 0.001725, 0.001791, 0.001697, 0.001666, 0.001603, 0.001631, 0.001662
1 , 1, 1, 1, 1, 1, 1, 1
1 , 0.004442, 0.006348, 0.007974, 0.008743, 0.008730, 0.007118, 0.007099
2 , 0.001483, 0.001534, 0.001702, 0.001644, 0.001792, 0.001729, 0.001904, 0.001776, 0.001881, 0.001965, 0.001834, 0.002009, 0.001904, 0.001968, 0.001837, 0.001914, 0.002029, 0.001931, 0.001830, 0.001598, 0.002062, 0.001891, 0.002123, 0.000232, 0.001591, 0.001542, 0.001664, 0.001633, 0.001475, 0.001592, 0.001400, 0.001642, 0.001640, 0.001731, 0.001574, 0.001727, 0.001725, 0.001791, 0.001697, 0.001666, 0.001603, 0.001631, 0.001662, 0.001724, 0.001725, 0.001607, 0.001403, 0.000450, 0.001395, 0.001444, 0.001570, 0.001606, 0.001634, 0.001880, 0.001651, 0.001761, 0.001581, 0.001846, 0.001908, 0.001925, 0.001871, 0.001794, 0.002090, 0.001817, 0.001976, 0.001780, 0.001912, 0.002103, 0.001810, 0.001897, 0.001749, 0.001809, 0.002046, 0.001303, 0.001497, 0.001686, 0.001669, 0.001517, 0.001516, 0.001420, 0.001603, 0.001450, 0.001637, 0.001533, 0.001626, 0.001526, 0.001708, 0.001515, 0.001795, 0.001425, 0.001638, 0.001575
2 , 1, 1, 1, 1, 1, 1, 1
2 , 0.004470, 0.004811, 0.006730, 0.008370, 0.012065, 0.010666, 0.010140
3 , 0.001570, 0.001606, 0.001634, 0.001880, 0.001651, 0.001761, 0.001581, 0.001846, 0.001908, 0.001925, 0.001871, 0.001794, 0.002090, 0.001817, 0.001976, 0.001780, 0.001912, 0.002103, 0.001810, 0.001897, 0.001749, 0.001809, 0.002046, 0.001303, 0.001497, 0.001686, 0.001669, 0.001517, 0.001516, 0.001420, 0.001603, 0.001450, 0.001637, 0.001533, 0.001626, 0.001526, 0.001708, 0.001515, 0.001795, 0.001425, 0.001638, 0.001575, 0.001788, 0.001631, 0.001725, 0.001518, 0.001821, 0.001433, 0.001936, 0.000200, 0.001372, 0.001450, 0.001648, 0.001600, 0.001604, 0.001534, 0.001773, 0.001628, 0.001945, 0.001766, 0.001857, 0.001971, 0.001938, 0.001897, 0.001809, 0.001985, 0.001871, 0.001905, 0.001773, 0.001820, 0.002036, 0.001749, 0.001814, 0.001683, 0.000405, 0.001726, 0.001835, 0.001745, 0.001701, 0.001665, 0.001722, 0.001717, 0.001749, 0.001597, 0.001689, 0.001664, 0.001728, 0.001635, 0.001667, 0.001520, 0.001731, 0.001643
3 , 1, 1, 1, 1, 1, 1, 1
3 , 0.002307, 0.004229, 0.005206, 0.006169, 0.007616, 0.006753, 0.009280
4 , 0.001648, 0.001600, 0.001604, 0.001534, 0.001773, 0.001628, 0.001945, 0.001766, 0.001857, 0.001971, 0.001938, 0.001897, 0.001809, 0.001985, 0.001871, 0.001905, 0.001773, 0.001820, 0.002036, 0.001749, 0.001814, 0.001683, 0.000405, 0.001726, 0.001835, 0.001745, 0.001701, 0.001665, 0.001722, 0.001717, 0.001749, 0.001597, 0.001689, 0.001664, 0.001728, 0.001635, 0.001667, 0.001520, 0.001731, 0.001643, 0.001708, 0.001618, 0.001800, 0.001593, 0.001706, 0.000734, 0.001111, 0.001563, 0.001506, 0.001499, 0.001683, 0.001665, 0.001665, 0.001729, 0.001763, 0.001887, 0.001747, 0.001835, 0.001707, 0.001729, 0.001891, 0.001648, 0.001712, 0.001574, 0.001742, 0.001838, 0.001774, 0.001977, 0.001814, 0.002158, 0.000509, 0.001567, 0.001586, 0.001503, 0.001318, 0.001442, 0.001256, 0.001410, 0.001342, 0.001462, 0.001268, 0.001511, 0.001378, 0.001652, 0.001461, 0.001731, 0.001475, 0.001593, 0.001456, 0.001697, 0.001596, 0.001801
4 , 1, 1, 1, 1, 1, 1, 1
4 , 0.005076, 0.006892, 0.010400, 0.009311, 0.006687, 0.006880, 0.007285
5 , 0.001506, 0.001499, 0.001683, 0.001665, 0.001665, 0.001729, 0.001763, 0.001887, 0.001747, 0.001835, 0.001707, 0.001729, 0.001891, 0.001648, 0.001712, 0.001574, 0.001742, 0.001838, 0.001774, 0.001977, 0.001814, 0.002158, 0.000509, 0.001567, 0.001586, 0.001503, 0.001318, 0.001442, 0.001256, 0.001410, 0.001342, 0.001462, 0.001268, 0.001511, 0.001378, 0.001652, 0.001461, 0.001731, 0.001475, 0.001593, 0.001456, 0.001697, 0.001596, 0.001801, 0.001793, 0.001821, 0.001668, 0.001856, 0.000274, 0.001429, 0.001325, 0.001550, 0.001435, 0.001709, 0.001526, 0.001817, 0.001865, 0.001835, 0.001857, 0.001719, 0.002039, 0.001851, 0.001888, 0.001989, 0.001952, 0.001989, 0.001898, 0.002089, 0.001881, 0.001958, 0.002103, 0.002045, 0.001526, 0.000942, 0.001390, 0.001586, 0.001438, 0.001456, 0.001478, 0.001559, 0.001458, 0.001637, 0.001477, 0.001509, 0.001476, 0.001507, 0.001472, 0.001560, 0.001555, 0.001712, 0.001554, 0.001581
5 , 1, 1, 1, 1, 1, 1, 1
5 , 0.006204, 0.007887, 0.009122, 0.011166, 0.009534, 0.011941, 0.010926
6 , 0.001550, 0.001435, 0.001709, 0.001526, 0.001817, 0.001865, 0.001835, 0.001857, 0.001719, 0.002039, 0.001851, 0.001888, 0.001989, 0.001952, 0.001989, 0.001898, 0.002089, 0.001881, 0.001958, 0.002103, 0.002045, 0.001526, 0.000942, 0.001390, 0.001586, 0.001438, 0.001456, 0.001478, 0.001559, 0.001458, 0.001637, 0.001477, 0.001509, 0.001476, 0.001507, 0.001472, 0.001560, 0.001555, 0.001712, 0.001554, 0.001581, 0.001522, 0.001731, 0.001529, 0.001818, 0.000177, 0.001348, 0.001573, 0.001740, 0.001648, 0.001665, 0.001948, 0.001732, 0.001897, 0.001780, 0.001847, 0.002063, 0.001821, 0.001972, 0.001831, 0.002090, 0.002050, 0.001938, 0.001958, 0.001870, 0.002151, 0.002013, 0.002062, 0.001868, 0.002187, 0.000070, 0.001663, 0.001312, 0.001475, 0.001283, 0.001436, 0.001333, 0.001463, 0.001338, 0.001373, 0.001279, 0.001434, 0.001243, 0.001369, 0.001246, 0.001458, 0.001323, 0.001421, 0.001326, 0.001566, 0.001282, 0.001495
6 , 1, 1, 1, 1, 1, 1, 1
6 , 0.013167, 0.015633, 0.021030, 0.018705, 0.017737, 0.016704, 0.016164
7 , 0.001740, 0.001648, 0.001665, 0.001948, 0.001732, 0.001897, 0.001780, 0.001847, 0.002063, 0.001821, 0.001972, 0.001831, 0.002090, 0.002050, 0.001938, 0.001958, 0.001870, 0.002151, 0.002013, 0.002062, 0.001868, 0.002187, 0.000070, 0.001663, 0.001312, 0.001475, 0.001283, 0.001436, 0.001333, 0.001463, 0.001338, 0.001373, 0.001279, 0.001434, 0.001243, 0.001369, 0.001246, 0.001458, 0.001323, 0.001421, 0.001326, 0.001566, 0.001282, 0.001495, 0.001483, 0.001523, 0.001657, 0.000947, 0.001138, 0.001722, 0.001473, 0.001685, 0.001810, 0.001601, 0.001685, 0.001598, 0.002043, 0.001878, 0.001888, 0.001878, 0.001810, 0.001999, 0.001736, 0.001854, 0.001780, 0.001877, 0.001849, 0.001789, 0.001822, 0.001721, 0.001795, 0.002023, 0.000323, 0.001918, 0.001765, 0.001786, 0.001753, 0.001869, 0.001681, 0.001802, 0.001738, 0.001800, 0.001675, 0.001950, 0.001612, 0.001765, 0.001672, 0.001887, 0.001637, 0.001701, 0.001759, 0.001886
7 , 2, 1, 1, 1, 1, 2, 1
7 , 0.008988, 0.011443, 0.012469, 0.013659, 0.012626, 0.011596, 0.010535
8 , 0.001722, 0.001473, 0.001685, 0.001810, 0.001601, 0.001685, 0.001598, 0.002043, 0.001878, 0.001888, 0.001878, 0.001810, 0.001999, 0.001736, 0.001854, 0.001780, 0.001877, 0.001849, 0.001789, 0.001822, 0.001721, 0.001795, 0.002023, 0.000323, 0.001918, 0.001765, 0.001786, 0.001753, 0.001869, 0.001681, 0.001802, 0.001738, 0.001800, 0.001675, 0.001950, 0.001612, 0.001765, 0.001672, 0.001887, 0.001637, 0.001701, 0.001759, 0.001886, 0.001586, 0.001833, 0.001657, 0.001724, 0.000553, 0.001391, 0.001578, 0.001701, 0.001691, 0.001736, 0.001723, 0.002077, 0.001804, 0.001908, 0.001915, 0.002120, 0.002016, 0.001962, 0.001969, 0.001881, 0.002144, 0.002039, 0.002127, 0.002100, 0.001915, 0.002218, 0.001895, 0.002080, 0.001266, 0.001051, 0.001674, 0.001654, 0.001744, 0.001670, 0.001723, 0.001657, 0.001717, 0.001711, 0.001739, 0.001618, 0.001707, 0.001734, 0.001702, 0.001701, 0.001638, 0.001608, 0.001701, 0.001701, 0.001673
8 , 3, 1, 1, 1, 1, 1, 1
8 , 0.002879, 0.003885, 0.005155, 0.006646, 0.008694, 0.005456, 0.006065
9 , 0.001701, 0.001691, 0.001736, 0.001723, 0.002077, 0.001804, 0.001908, 0.001915, 0.002120, 0.002016, 0.001962, 0.001969, 0.001881, 0.002144, 0.002039, 0.002127, 0.002100, 0.001915, 0.002218, 0.001895, 0.002080, 0.001266, 0.001051, 0.001674, 0.001654, 0.001744, 0.001670, 0.001723, 0.001657, 0.001717, 0.001711, 0.001739, 0.001618, 0.001707, 0.001734, 0.001702, 0.001701, 0.001638, 0.001608, 0.001701, 0.001701, 0.001673, 0.001703, 0.001732, 0.001734, 0.001653, 0.001915, 0.000374, 0.001285, 0.001496, 0.001560, 0.001375, 0.001645, 0.001709, 0.001727, 0.001718, 0.001639, 0.001891, 0.001648, 0.001775, 0.001662, 0.001757, 0.001753, 0.001774, 0.001872, 0.001643, 0.001916, 0.001832, 0.001769, 0.001865, 0.001861, 0.002085, 0.000407, 0.001877, 0.001712, 0.001777, 0.001589, 0.001776, 0.001621, 0.001655, 0.001498, 0.001680, 0.001406, 0.001656, 0.001316, 0.001535, 0.001473, 0.001630, 0.001468, 0.001654, 0.001591, 0.001660
9 , 1, 1, 1, 1, 1, 1, 1
9 , 0.004468, 0.006121, 0.007722, 0.006908, 0.009292, 0.007682, 0.008489
10 , 0.001560, 0.001375, 0.001645, 0.001709, 0.001727, 0.001718, 0.001639, 0.001891, 0.001648, 0.001775, 0.001662, 0.001757, 0.001753, 0.001774, 0.001872, 0.001643, 0.001916, 0.001832, 0.001769, 0.001865, 0.001861, 0.002085, 0.000407, 0.001877, 0.001712, 0.001777, 0.001589, 0.001776, 0.001621, 0.001655, 0.001498, 0.001680, 0.001406, 0.001656, 0.001316, 0.001535, 0.001473, 0.001630, 0.001468, 0.001654, 0.001591, 0.001660, 0.001440, 0.001511, 0.001526, 0.001246, 0.001151, 0.001551, 0.001487, 0.001810, 0.001814, 0.001932, 0.001679, 0.001868, 0.001939, 0.001834, 0.001986, 0.001770, 0.001874, 0.001783, 0.001912, 0.001776, 0.001898, 0.002039, 0.001800, 0.001965, 0.001898, 0.001827, 0.001758, 0.001704, 0.001694, 0.001764, 0.000776, 0.001519, 0.001722, 0.001683, 0.001622, 0.001524, 0.001648, 0.001588, 0.001598, 0.001441, 0.001605, 0.001396, 0.001462, 0.001375, 0.001445, 0.001284, 0.001380, 0.001288, 0.001528, 0.001290
10 , 1, 1, 1, 1, 1, 1, 1
10 , 0.006456, 0.008989, 0.010812, 0.013282, 0.011510, 0.011116, 0.010803
11 , 0.001810, 0.001814, 0.001932, 0.001679, 0.001868, 0.001939, 0.001834, 0.001986, 0.001770, 0.001874, 0.001783, 0.001912, 0.001776, 0.001898, 0.002039, 0.001800, 0.001965, 0.001898, 0.001827, 0.001758, 0.001704, 0.001694, 0.001764, 0.000776, 0.001519, 0.001722, 0.001683, 0.001622, 0.001524, 0.001648, 0.001588, 0.001598, 0.001441, 0.001605, 0.001396, 0.001462, 0.001375, 0.001445, 0.001284, 0.001380, 0.001288, 0.001528, 0.001290, 0.001451, 0.001350, 0.001510, 0.001384, 0.001475, 0.001315, 0.001411, 0.001409, 0.001442, 0.001287, 0.001524, 0.001456, 0.001583, 0.001426, 0.001517, 0.001449, 0.001664, 0.001450, 0.001512, 0.001453, 0.001540, 0.001477, 0.001571, 0.001534, 0.001489, 0.001463, 0.001530, 0.001342, 0.001559, 0.001375, 0.001406, 0.001402, 0.001526, 0.001371, 0.001431, 0.001455, 0.001580, 0.001437, 0.001557, 0.001493, 0.001430, 0.001367, 0.001465, 0.001465, 0.001525, 0.001457, 0.001546, 0.001487, 0.001636
11 , 2, 2, 1, 2, 2, 2, 2
11 , 0.006772, 0.007757, 0.008090, 0.008895, 0.009036, 0.007514, 0.007238
12 , 0.001409, 0.001442, 0.001287, 0.001524, 0.001456, 0.001583, 0.001426, 0.001517, 0.001449, 0.001664, 0.001450, 0.001512, 0.001453, 0.001540, 0.001477, 0.001571, 0.001534, 0.001489, 0.001463, 0.001530, 0.001342, 0.001559, 0.001375, 0.001406, 0.001402, 0.001526, 0.001371, 0.001431, 0.001455, 0.001580, 0.001437, 0.001557, 0.001493, 0.001430, 0.001367, 0.001465, 0.001465, 0.001525, 0.001457, 0.001546, 0.001487, 0.001636, 0.001542, 0.001490, 0.001431, 0.001550, 0.001420, 0.001512, 0.001540, 0.001448, 0.001505, 0.001535, 0.001661, 0.001659, 0.001508, 0.001477, 0.001537, 0.001538, 0.001542, 0.001480, 0.001450, 0.001514, 0.001547, 0.001577, 0.001576, 0.001479, 0.001444, 0.001563, 0.001621, 0.001559, 0.001671, 0.001637, 0.001697, 0.001631, 0.001749, 0.001591, 0.001620, 0.001715, 0.001717, 0.001531, 0.001718, 0.001570, 0.001727, 0.001609, 0.001611, 0.001370, 0.001586, 0.001527, 0.001620, 0.001620, 0.001595, 0.001378
12 , 2, 2, 2, 2, 2, 2, 2
12 , 0.002285, 0.002248, 0.002095, 0.001837, 0.001468, 0.000889, 0.000771
13 , 0.001420, 0.001512, 0.001540, 0.001448, 0.001505, 0.001535, 0.001661, 0.001659, 0.001508, 0.001477, 0.001537, 0.001538, 0.001542, 0.001480, 0.001450, 0.001514, 0.001547, 0.001577, 0.001576, 0.001479, 0.001444, 0.001563, 0.001621, 0.001559, 0.001671, 0.001637, 0.001697, 0.001631, 0.001749, 0.001591, 0.001620, 0.001715, 0.001717, 0.001531, 0.001718, 0.001570, 0.001727, 0.001609, 0.001611, 0.001370, 0.001586, 0.001527, 0.001620, 0.001620, 0.001595, 0.001378, 0.001565, 0.001445, 0.001628, 0.001505, 0.001534, 0.001447, 0.001539, 0.001410, 0.001534, 0.001557, 0.001653, 0.001402, 0.001673, 0.001545, 0.001698, 0.001416, 0.001781, 0.001477, 0.001602, 0.001503, 0.001807, 0.001772, 0.001777, 0.001620, 0.001744, 0.001650, 0.001803, 0.001620, 0.001836, 0.001620, 0.001807, 0.001717, 0.001839, 0.001774, 0.001928, 0.001622, 0.001807, 0.001740, 0.001865, 0.001648, 0.001836, 0.001532, 0.001751, 0.001659, 0.001727, 0.001484
13 , 0, 0, 0, 0, 0, 0, 0
13 , 0.005756, 0.005583, 0.005369, 0.004919, 0.004421, 0.004018, 0.003636
14 , 0.001565, 0.001445, 0.001628, 0.001505, 0.001534, 0.001447, 0.001539, 0.001410, 0.001534, 0.001557, 0.001653, 0.001402, 0.001673, 0.001545, 0.001698, 0.001416, 0.001781, 0.001477, 0.001602, 0.001503, 0.001807, 0.001772, 0.001777, 0.001620, 0.001744, 0.001650, 0.001803, 0.001620, 0.001836, 0.001620, 0.001807, 0.001717, 0.001839, 0.001774, 0.001928, 0.001622, 0.001807, 0.001740, 0.001865, 0.001648, 0.001836, 0.001532, 0.001751, 0.001659, 0.001727, 0.001484, 0.001733, 0.001552, 0.001651, 0.001379, 0.001628, 0.001476, 0.001614, 0.001492, 0.001560, 0.001319, 0.001534, 0.001412, 0.001447, 0.001405, 0.001525, 0.001371, 0.001557, 0.001399, 0.001673, 0.001456, 0.001582, 0.001397, 0.001548, 0.001388, 0.001542, 0.001570, 0.001571, 0.001567, 0.001623, 0.001618, 0.001676, 0.001522, 0.001731, 0.001724, 0.001808, 0.001709, 0.001711, 0.001766, 0.001765, 0.001827, 0.001765, 0.001796, 0.001768, 0.001798, 0.001708, 0.001708
14 , 0, 0, 0, 0, 0, 0, 0
14 , 0.007892, 0.008662, 0.008545, 0.008468, 0.008216, 0.008359, 0.007720
15 , 0.001552, 0.001651, 0.001379, 0.001628, 0.001476, 0.001614, 0.001492, 0.001560, 0.001319, 0.001534, 0.001412, 0.001447, 0.001405, 0.001525, 0.001371, 0.001557, 0.001399, 0.001673, 0.001456, 0.001582, 0.001397, 0.001548, 0.001388, 0.001542, 0.001570, 0.001571, 0.001567, 0.001623, 0.001618, 0.001676, 0.001522, 0.001731, 0.001724, 0.001808, 0.001709, 0.001711, 0.001766, 0.001765, 0.001827, 0.001765, 0.001796, 0.001768, 0.001798, 0.001708, 0.001708, 0.001772, 0.001778, 0.001598, 0.001659, 0.001720, 0.001661, 0.001546, 0.001670, 0.001672, 0.001618, 0.001522, 0.001645, 0.001553, 0.001588, 0.001466, 0.001593, 0.001630, 0.001634, 0.001454, 0.001543, 0.001449, 0.001480, 0.001508, 0.001663, 0.001441, 0.001571, 0.001535, 0.001599, 0.001566, 0.001690, 0.001505, 0.001688, 0.001496, 0.001743, 0.001678, 0.001708, 0.001461, 0.001615, 0.001492, 0.001651, 0.001470, 0.001628, 0.001506, 0.001539, 0.001409, 0.001630, 0.001416
15 , 3, 3, 3, 3, 0, 3, 0
15 , 0.003778, 0.004260, 0.004200, 0.004564, 0.004854, 0.005175, 0.005124
16 , 0.001546, 0.001670, 0.001672, 0.001618, 0.001522, 0.001645, 0.001553, 0.001588, 0.001466, 0.001593, 0.001630, 0.001634, 0.001454, 0.001543, 0.001449, 0.001480, 0.001508, 0.001663, 0.001441, 0.001571, 0.001535, 0.001599, 0.001566, 0.001690, 0.001505, 0.001688, 0.001496, 0.001743, 0.001678, 0.001708, 0.001461, 0.001615, 0.001492, 0.001651, 0.001470, 0.001628, 0.001506, 0.001539, 0.001409, 0.001630, 0.001416, 0.001580, 0.001419, 0.001617, 0.001368, 0.001618, 0.001400, 0.001584, 0.001518, 0.001579, 0.001455, 0.001638, 0.001419, 0.001551, 0.001482, 0.001609, 0.001483, 0.001514, 0.001448, 0.001633, 0.001568, 0.001691, 0.001383, 0.001654, 0.001590, 0.001679, 0.001581, 0.001702, 0.001603, 0.001724, 0.001718, 0.001651, 0.001675, 0.001795, 0.001732, 0.001882, 0.001726, 0.001881, 0.001820, 0.001853, 0.001789, 0.001854, 0.001886, 0.001887, 0.001708, 0.001770, 0.001655, 0.001754, 0.001758, 0.001610, 0.001647, 0.001649
16 , 2, 2, 2, 2, 2, 2, 2
16 , 0.005152, 0.005038, 0.004588, 0.004339, 0.004245, 0.004227, 0.003595
