0 , 0.001647, 0.001863, 0.001813, 0.001904, 0.001897, 0.001850, 0.001930, 0.001856, 0.001951, 0.001772, 0.001971, 0.001877, 0.001823, 0.001866, 0.001597, 0.001927, 0.001920, 0.001961, 0.001910, 0.001843, 0.001992, 0.001796, 0.001858, 0.000175, 0.001472, 0.001655, 0.001561, 0.001714, 0.001522, 0.001615, 0.001459, 0.001704, 0.001576, 0.001825, 0.001543, 0.001759, 0.001512, 0.001602, 0.001540, 0.001637, 0.001571, 0.001878, 0.001603, 0.001755, 0.001602, 0.001687, 0.001235, 0.000608, 0.001306, 0.001337, 0.001431, 0.001334, 0.001571, 0.001443, 0.001562, 0.001595, 0.001603, 0.001789, 0.001693, 0.001747, 0.001731, 0.001785, 0.001880, 0.001809, 0.001785, 0.001563, 0.001880, 0.001765, 0.001670, 0.001626, 0.001776, 0.000952, 0.001403, 0.001803, 0.001794, 0.001618, 0.001581, 0.001551, 0.001334, 0.001581, 0.001576, 0.001611, 0.001552, 0.001550, 0.001435, 0.001499, 0.001310, 0.001406, 0.001342, 0.001501, 0.001400, 0.001459
0 , 1, 1, 1, 1, 1, 1, 1
0 , 0.004366, 0.005367, 0.007363, 0.008937, 0.010302, 0.007345, 0.007906
1 , 0.001431, 0.001334, 0.001571, 0.001443, 0.001562, 0.001595, 0.001603, 0.001789, 0.001693, 0.001747, 0.001731, 0.001785, 0.001880, 0.001809, 0.001785, 0.001563, 0.001880, 0.001765, 0.001670, 0.001626, 0.001776, 0.000952, 0.001403, 0.001803, 0.001794, 0.001618, 0.001581, 0.001551, 0.001334, 0.001581, 0.001576, 0.001611, 0.001552, 0.001550, 0.001435, 0.001499, 0.001310, 0.001406, 0.001342, 0.001501, 0.001400, 0.001459, 0.001393, 0.001636, 0.001502, 0.001602, 0.001578, 0.000009, 0.001523, 0.001474, 0.001497, 0.001771, 0.001449, 0.001540, 0.001495, 0.001555, 0.001701, 0.001789, 0.001822, 0.001567, 0.001837, 0.001682, 0.001800, 0.001719, 0.001725, 0.001849, 0.001698, 0.001801, 0.001723, 0.001825, 0.001782, 0.001628, 0.001111, 0.001796, 0.001570, 0.001481, 0.001537, 0.001385, 0.001575, 0.001511, 0.001640, 0.001244, 0.001585, 0.001278, 0.001403, 0.001308, 0.001470, 0.001372, 0.001519, 0.001299, 0.001540, 0.001539
1 , 1, 1, 1, 1, 1, 1, 1
1 , 0.003434, 0.005222, 0.006376, 0.005813, 0.008744, 0.008712, 0.009609
2 , 0.001449, 0.001540, 0.001495, 0.001555, 0.001701, 0.001789, 0.001822, 0.001567, 0.001837, 0.001682, 0.001800, 0.001719, 0.001725, 0.001849, 0.001698, 0.001801, 0.001723, 0.001825, 0.001782, 0.001628, 0.001111, 0.001796, 0.001570, 0.001481, 0.001537, 0.001385, 0.001575, 0.001511, 0.001640, 0.001244, 0.001585, 0.001278, 0.001403, 0.001308, 0.001470, 0.001372, 0.001519, 0.001299, 0.001540, 0.001539, 0.001682, 0.001482, 0.001766, 0.000672, 0.001337, 0.001527, 0.001715, 0.001536, 0.001683, 0.001504, 0.001723, 0.001616, 0.001626, 0.001677, 0.001562, 0.001774, 0.001650, 0.001725, 0.001515, 0.001643, 0.001627, 0.001566, 0.001718, 0.001424, 0.001624, 0.001624, 0.001570, 0.001654, 0.001364, 0.001830, 0.000058, 0.001799, 0.001804, 0.001867, 0.001503, 0.001627, 0.001438, 0.001597, 0.001322, 0.001480, 0.001238, 0.001548, 0.001365, 0.001491, 0.001427, 0.001523, 0.001454, 0.001524, 0.001399, 0.001607, 0.001388, 0.001606
2 , 1, 1, 1, 1, 1, 1, 1
2 , 0.008667, 0.008899, 0.008844, 0.005744, 0.006489, 0.006495, 0.007300
3 , 0.001536, 0.001683, 0.001504, 0.001723, 0.001616, 0.001626, 0.001677, 0.001562, 0.001774, 0.001650, 0.001725, 0.001515, 0.001643, 0.001627, 0.001566, 0.001718, 0.001424, 0.001624, 0.001624, 0.001570, 0.001654, 0.001364, 0.001830, 0.000058, 0.001799, 0.001804, 0.001867, 0.001503, 0.001627, 0.001438, 0.001597, 0.001322, 0.001480, 0.001238, 0.001548, 0.001365, 0.001491, 0.001427, 0.001523, 0.001454, 0.001524, 0.001399, 0.001607, 0.001388, 0.001606, 0.001472, 0.001658, 0.001500, 0.001444, 0.000729, 0.001556, 0.001259, 0.001487, 0.001463, 0.001560, 0.001567, 0.001554, 0.001743, 0.001584, 0.001699, 0.001501, 0.001734, 0.001843, 0.001782, 0.001779, 0.001708, 0.001988, 0.001893, 0.001947, 0.001715, 0.001853, 0.001856, 0.002008, 0.000968, 0.001355, 0.001508, 0.001705, 0.001555, 0.001458, 0.001399, 0.001519, 0.001427, 0.001609, 0.001481, 0.001514, 0.001387, 0.001601, 0.001567, 0.001590, 0.001496, 0.001529, 0.001439
3 , 1, 1, 1, 1, 1, 1, 1
3 , 0.003606, 0.004597, 0.005336, 0.005301, 0.006515, 0.004634, 0.005606
4 , 0.001556, 0.001259, 0.001487, 0.001463, 0.001560, 0.001567, 0.001554, 0.001743, 0.001584, 0.001699, 0.001501, 0.001734, 0.001843, 0.001782, 0.001779, 0.001708, 0.001988, 0.001893, 0.001947, 0.001715, 0.001853, 0.001856, 0.002008, 0.000968, 0.001355, 0.001508, 0.001705, 0.001555, 0.001458, 0.001399, 0.001519, 0.001427, 0.001609, 0.001481, 0.001514, 0.001387, 0.001601, 0.001567, 0.001590, 0.001496, 0.001529, 0.001439, 0.001623, 0.001441, 0.001598, 0.001391, 0.001683, 0.000228, 0.001432, 0.001538, 0.001519, 0.001761, 0.001479, 0.001745, 0.001852, 0.001720, 0.001723, 0.001744, 0.001814, 0.001693, 0.001870, 0.001636, 0.001754, 0.001942, 0.001814, 0.001966, 0.001755, 0.001933, 0.001930, 0.001808, 0.001892, 0.001809, 0.000423, 0.001708, 0.001624, 0.001628, 0.001464, 0.001558, 0.001371, 0.001496, 0.001454, 0.001512, 0.001479, 0.001611, 0.001486, 0.001641, 0.001429, 0.001436, 0.001403, 0.001469, 0.001468, 0.001536
4 , 1, 1, 1, 1, 1, 1, 1
4 , 0.004148, 0.005274, 0.006902, 0.008768, 0.012986, 0.010147, 0.010247
5 , 0.001519, 0.001761, 0.001479, 0.001745, 0.001852, 0.001720, 0.001723, 0.001744, 0.001814, 0.001693, 0.001870, 0.001636, 0.001754, 0.001942, 0.001814, 0.001966, 0.001755, 0.001933, 0.001930, 0.001808, 0.001892, 0.001809, 0.000423, 0.001708, 0.001624, 0.001628, 0.001464, 0.001558, 0.001371, 0.001496, 0.001454, 0.001512, 0.001479, 0.001611, 0.001486, 0.001641, 0.001429, 0.001436, 0.001403, 0.001469, 0.001468, 0.001536, 0.001406, 0.001498, 0.001462, 0.001448, 0.001631, 0.000562, 0.001280, 0.001735, 0.001658, 0.001651, 0.001910, 0.001816, 0.001896, 0.001586, 0.001779, 0.001664, 0.001712, 0.001827, 0.001730, 0.001944, 0.001834, 0.001880, 0.001628, 0.001801, 0.001795, 0.001731, 0.001898, 0.001743, 0.001843, 0.002001, 0.000059, 0.001877, 0.001541, 0.001632, 0.001566, 0.001593, 0.001441, 0.001415, 0.001353, 0.001606, 0.001417, 0.001574, 0.001294, 0.001451, 0.001447, 0.001445, 0.001472, 0.001599, 0.001381, 0.001445
5 , 1, 1, 1, 1, 1, 1, 1
5 , 0.007533, 0.010194, 0.011756, 0.012814, 0.013636, 0.011217, 0.011854
6 , 0.001658, 0.001651, 0.001910, 0.001816, 0.001896, 0.001586, 0.001779, 0.001664, 0.001712, 0.001827, 0.001730, 0.001944, 0.001834, 0.001880, 0.001628, 0.001801, 0.001795, 0.001731, 0.001898, 0.001743, 0.001843, 0.002001, 0.000059, 0.001877, 0.001541, 0.001632, 0.001566, 0.001593, 0.001441, 0.001415, 0.001353, 0.001606, 0.001417, 0.001574, 0.001294, 0.001451, 0.001447, 0.001445, 0.001472, 0.001599, 0.001381, 0.001445, 0.001382, 0.001631, 0.001416, 0.001359, 0.001030, 0.001624, 0.001732, 0.001772, 0.001701, 0.001880, 0.001786, 0.002007, 0.001688, 0.001913, 0.001785, 0.001916, 0.001997, 0.001838, 0.001872, 0.001667, 0.001995, 0.001853, 0.001870, 0.001762, 0.001622, 0.001796, 0.001534, 0.001869, 0.000803, 0.001220, 0.001830, 0.001703, 0.001557, 0.001678, 0.001560, 0.001473, 0.001477, 0.001476, 0.001574, 0.001487, 0.001557, 0.001459, 0.001465, 0.001373, 0.001436, 0.001374, 0.001468, 0.001471, 0.001376, 0.001432
6 , 1, 1, 1, 1, 1, 1, 1
6 , 0.010619, 0.012309, 0.014357, 0.014737, 0.010840, 0.011686, 0.011280
7 , 0.001772, 0.001701, 0.001880, 0.001786, 0.002007, 0.001688, 0.001913, 0.001785, 0.001916, 0.001997, 0.001838, 0.001872, 0.001667, 0.001995, 0.001853, 0.001870, 0.001762, 0.001622, 0.001796, 0.001534, 0.001869, 0.000803, 0.001220, 0.001830, 0.001703, 0.001557, 0.001678, 0.001560, 0.001473, 0.001477, 0.001476, 0.001574, 0.001487, 0.001557, 0.001459, 0.001465, 0.001373, 0.001436, 0.001374, 0.001468, 0.001471, 0.001376, 0.001432, 0.001549, 0.001454, 0.001438, 0.001561, 0.000083, 0.001387, 0.001647, 0.001829, 0.001468, 0.001676, 0.001648, 0.001672, 0.001746, 0.001527, 0.001870, 0.001757, 0.001739, 0.001648, 0.001754, 0.001842, 0.001852, 0.001929, 0.001661, 0.001866, 0.001836, 0.001910, 0.001971, 0.001921, 0.002039, 0.000557, 0.001810, 0.001549, 0.001626, 0.001332, 0.001517, 0.001453, 0.001487, 0.001356, 0.001506, 0.001319, 0.001501, 0.001312, 0.001528, 0.001313, 0.001532, 0.001400, 0.001438, 0.001374, 0.001503
7 , 1, 1, 1, 1, 1, 1, 1
7 , 0.008861, 0.010373, 0.012178, 0.011269, 0.014629, 0.013419, 0.013759
8 , 0.001829, 0.001468, 0.001676, 0.001648, 0.001672, 0.001746, 0.001527, 0.001870, 0.001757, 0.001739, 0.001648, 0.001754, 0.001842, 0.001852, 0.001929, 0.001661, 0.001866, 0.001836, 0.001910, 0.001971, 0.001921, 0.002039, 0.000557, 0.001810, 0.001549, 0.001626, 0.001332, 0.001517, 0.001453, 0.001487, 0.001356, 0.001506, 0.001319, 0.001501, 0.001312, 0.001528, 0.001313, 0.001532, 0.001400, 0.001438, 0.001374, 0.001503, 0.001219, 0.001508, 0.001512, 0.000731, 0.001421, 0.001715, 0.001650, 0.001718, 0.001860, 0.001907, 0.001799, 0.001829, 0.001974, 0.001733, 0.001801, 0.001555, 0.001741, 0.001635, 0.001701, 0.001610, 0.001580, 0.001917, 0.001741, 0.001832, 0.001709, 0.001939, 0.001884, 0.001955, 0.000090, 0.001633, 0.001453, 0.001451, 0.001419, 0.001447, 0.001381, 0.001463, 0.001485, 0.001477, 0.001532, 0.001589, 0.001549, 0.001583, 0.001645, 0.001521, 0.001615, 0.001621, 0.001594, 0.001532, 0.001530, 0.001505
8 , 1, 1, 1, 1, 1, 1, 1
8 , 0.008503, 0.011573, 0.014948, 0.013211, 0.010886, 0.011074, 0.010519
9 , 0.001650, 0.001718, 0.001860, 0.001907, 0.001799, 0.001829, 0.001974, 0.001733, 0.001801, 0.001555, 0.001741, 0.001635, 0.001701, 0.001610, 0.001580, 0.001917, 0.001741, 0.001832, 0.001709, 0.001939, 0.001884, 0.001955, 0.000090, 0.001633, 0.001453, 0.001451, 0.001419, 0.001447, 0.001381, 0.001463, 0.001485, 0.001477, 0.001532, 0.001589, 0.001549, 0.001583, 0.001645, 0.001521, 0.001615, 0.001621, 0.001594, 0.001532, 0.001530, 0.001505, 0.001446, 0.001570, 0.001444, 0.001348, 0.000811, 0.001493, 0.001693, 0.001640, 0.001805, 0.001664, 0.001859, 0.001808, 0.001899, 0.001822, 0.001785, 0.001943, 0.001863, 0.002045, 0.001884, 0.002052, 0.001961, 0.002005, 0.002072, 0.001793, 0.002055, 0.002001, 0.001947, 0.002052, 0.001279, 0.000954, 0.001552, 0.001530, 0.001504, 0.001402, 0.001494, 0.001278, 0.001497, 0.001243, 0.001555, 0.001427, 0.001615, 0.001423, 0.001573, 0.001442, 0.001536, 0.001441, 0.001628, 0.001561
9 , 1, 1, 1, 1, 1, 1, 1
9 , 0.008613, 0.011538, 0.013118, 0.014759, 0.013074, 0.014037, 0.012436
10 , 0.001493, 0.001693, 0.001640, 0.001805, 0.001664, 0.001859, 0.001808, 0.001899, 0.001822, 0.001785, 0.001943, 0.001863, 0.002045, 0.001884, 0.002052, 0.001961, 0.002005, 0.002072, 0.001793, 0.002055, 0.002001, 0.001947, 0.002052, 0.001279, 0.000954, 0.001552, 0.001530, 0.001504, 0.001402, 0.001494, 0.001278, 0.001497, 0.001243, 0.001555, 0.001427, 0.001615, 0.001423, 0.001573, 0.001442, 0.001536, 0.001441, 0.001628, 0.001561, 0.001623, 0.001522, 0.001569, 0.001519, 0.000078, 0.001486, 0.001586, 0.001485, 0.001599, 0.001832, 0.001738, 0.001856, 0.001799, 0.001998, 0.001941, 0.001944, 0.001846, 0.001833, 0.002076, 0.001941, 0.001968, 0.001779, 0.001900, 0.002096, 0.001907, 0.001917, 0.001857, 0.002039, 0.001943, 0.001951, 0.001800, 0.000595, 0.001521, 0.001662, 0.001630, 0.001655, 0.001495, 0.001612, 0.001548, 0.001603, 0.001479, 0.001694, 0.001478, 0.001692, 0.001567, 0.001629, 0.001506, 0.001603, 0.001454
10 , 1, 1, 1, 1, 1, 1, 1
10 , 0.007006, 0.008956, 0.010583, 0.013252, 0.017955, 0.018267, 0.017354
11 , 0.001599, 0.001832, 0.001738, 0.001856, 0.001799, 0.001998, 0.001941, 0.001944, 0.001846, 0.001833, 0.002076, 0.001941, 0.001968, 0.001779, 0.001900, 0.002096, 0.001907, 0.001917, 0.001857, 0.002039, 0.001943, 0.001951, 0.001800, 0.000595, 0.001521, 0.001662, 0.001630, 0.001655, 0.001495, 0.001612, 0.001548, 0.001603, 0.001479, 0.001694, 0.001478, 0.001692, 0.001567, 0.001629, 0.001506, 0.001603, 0.001454, 0.001640, 0.001483, 0.001610, 0.001642, 0.001653, 0.001472, 0.001509, 0.001357, 0.001451, 0.001300, 0.001453, 0.001389, 0.001398, 0.001390, 0.001547, 0.001428, 0.001646, 0.001434, 0.001562, 0.001407, 0.001411, 0.001369, 0.001518, 0.001390, 0.001603, 0.001481, 0.001576, 0.001418, 0.001541, 0.001390, 0.001633, 0.001510, 0.001544, 0.001385, 0.001418, 0.001481, 0.001484, 0.001389, 0.001634, 0.001540, 0.001546, 0.001361, 0.001452, 0.001544, 0.001542, 0.001539, 0.001631, 0.001598, 0.001564, 0.001531, 0.001529
11 , 2, 2, 2, 2, 2, 2, 2
11 , 0.006266, 0.007587, 0.008337, 0.009501, 0.009672, 0.007568, 0.007402
12 , 0.001300, 0.001453, 0.001389, 0.001398, 0.001390, 0.001547, 0.001428, 0.001646, 0.001434, 0.001562, 0.001407, 0.001411, 0.001369, 0.001518, 0.001390, 0.001603, 0.001481, 0.001576, 0.001418, 0.001541, 0.001390, 0.001633, 0.001510, 0.001544, 0.001385, 0.001418, 0.001481, 0.001484, 0.001389, 0.001634, 0.001540, 0.001546, 0.001361, 0.001452, 0.001544, 0.001542, 0.001539, 0.001631, 0.001598, 0.001564, 0.001531, 0.001529, 0.001435, 0.001558, 0.001618, 0.001650, 0.001590, 0.001652, 0.001564, 0.001567, 0.001565, 0.001562, 0.001443, 0.001483, 0.001396, 0.001493, 0.001319, 0.001414, 0.001442, 0.001416, 0.001442, 0.001501, 0.001408, 0.001493, 0.001366, 0.001397, 0.001488, 0.001483, 0.001566, 0.001536, 0.001504, 0.001466, 0.001616, 0.001552, 0.001582, 0.001521, 0.001614, 0.001705, 0.001612, 0.001519, 0.001555, 0.001495, 0.001439, 0.001563, 0.001654, 0.001445, 0.001574, 0.001428, 0.001432, 0.001374, 0.001409, 0.001287
12 , 0, 0, 0, 0, 0, 0, 0
12 , 0.002369, 0.002276, 0.002489, 0.002132, 0.002158, 0.001764, 0.001821
13 , 0.001564, 0.001567, 0.001565, 0.001562, 0.001443, 0.001483, 0.001396, 0.001493, 0.001319, 0.001414, 0.001442, 0.001416, 0.001442, 0.001501, 0.001408, 0.001493, 0.001366, 0.001397, 0.001488, 0.001483, 0.001566, 0.001536, 0.001504, 0.001466, 0.001616, 0.001552, 0.001582, 0.001521, 0.001614, 0.001705, 0.001612, 0.001519, 0.001555, 0.001495, 0.001439, 0.001563, 0.001654, 0.001445, 0.001574, 0.001428, 0.001432, 0.001374, 0.001409, 0.001287, 0.001374, 0.001343, 0.001408, 0.001321, 0.001355, 0.001139, 0.001358, 0.001355, 0.001477, 0.001438, 0.001469, 0.001279, 0.001454, 0.001419, 0.001511, 0.001410, 0.001587, 0.001521, 0.001670, 0.001547, 0.001607, 0.001605, 0.001760, 0.001577, 0.001614, 0.001465, 0.001628, 0.001411, 0.001598, 0.001509, 0.001515, 0.001397, 0.001586, 0.001221, 0.001475, 0.001260, 0.001451, 0.001233, 0.001455, 0.001321, 0.001443, 0.001380, 0.001565, 0.001315, 0.001594, 0.001369, 0.001490, 0.001425
13 , 3, 3, 3, 3, 3, 3, 3
13 , 0.000975, 0.001517, 0.001415, 0.001826, 0.001718, 0.002215, 0.002043
14 , 0.001355, 0.001477, 0.001438, 0.001469, 0.001279, 0.001454, 0.001419, 0.001511, 0.001410, 0.001587, 0.001521, 0.001670, 0.001547, 0.001607, 0.001605, 0.001760, 0.001577, 0.001614, 0.001465, 0.001628, 0.001411, 0.001598, 0.001509, 0.001515, 0.001397, 0.001586, 0.001221, 0.001475, 0.001260, 0.001451, 0.001233, 0.001455, 0.001321, 0.001443, 0.001380, 0.001565, 0.001315, 0.001594, 0.001369, 0.001490, 0.001425, 0.001486, 0.001334, 0.001524, 0.001367, 0.001444, 0.001289, 0.001449, 0.001236, 0.001426, 0.001333, 0.001371, 0.001187, 0.001403, 0.001277, 0.001410, 0.001190, 0.001462, 0.001337, 0.001487, 0.001325, 0.001390, 0.001289, 0.001506, 0.001262, 0.001354, 0.001384, 0.001453, 0.001390, 0.001516, 0.001300, 0.001364, 0.001299, 0.001484, 0.001388, 0.001389, 0.001325, 0.001478, 0.001531, 0.001474, 0.001346, 0.001556, 0.001495, 0.001554, 0.001522, 0.001524, 0.001458, 0.001644, 0.001493, 0.001495, 0.001406, 0.001462
14 , 2, 2, 2, 2, 2, 2, 2
14 , 0.003137, 0.003752, 0.003808, 0.004507, 0.004904, 0.005448, 0.005295
15 , 0.001371, 0.001187, 0.001403, 0.001277, 0.001410, 0.001190, 0.001462, 0.001337, 0.001487, 0.001325, 0.001390, 0.001289, 0.001506, 0.001262, 0.001354, 0.001384, 0.001453, 0.001390, 0.001516, 0.001300, 0.001364, 0.001299, 0.001484, 0.001388, 0.001389, 0.001325, 0.001478, 0.001531, 0.001474, 0.001346, 0.001556, 0.001495, 0.001554, 0.001522, 0.001524, 0.001458, 0.001644, 0.001493, 0.001495, 0.001406, 0.001462, 0.001461, 0.001589, 0.001461, 0.001465, 0.001525, 0.001490, 0.001515, 0.001512, 0.001421, 0.001514, 0.001543, 0.001484, 0.001485, 0.001634, 0.001571, 0.001413, 0.001511, 0.001512, 0.001545, 0.001603, 0.001545, 0.001459, 0.001584, 0.001496, 0.001594, 0.001480, 0.001454, 0.001275, 0.001465, 0.001285, 0.001383, 0.001229, 0.001419, 0.001261, 0.001389, 0.001290, 0.001412, 0.001345, 0.001468, 0.001336, 0.001519, 0.001328, 0.001506, 0.001558, 0.001586, 0.001452, 0.001695, 0.001500, 0.001653, 0.001402, 0.001554
15 , 3, 3, 3, 3, 3, 3, 3
15 , 0.004472, 0.004004, 0.004231, 0.003983, 0.003546, 0.002776, 0.002753
16 , 0.001490, 0.001515, 0.001512, 0.001421, 0.001514, 0.001543, 0.001484, 0.001485, 0.001634, 0.001571, 0.001413, 0.001511, 0.001512, 0.001545, 0.001603, 0.001545, 0.001459, 0.001584, 0.001496, 0.001594, 0.001480, 0.001454, 0.001275, 0.001465, 0.001285, 0.001383, 0.001229, 0.001419, 0.001261, 0.001389, 0.001290, 0.001412, 0.001345, 0.001468, 0.001336, 0.001519, 0.001328, 0.001506, 0.001558, 0.001586, 0.001452, 0.001695, 0.001500, 0.001653, 0.001402, 0.001554, 0.001605, 0.001640, 0.001486, 0.001642, 0.001666, 0.001759, 0.001543, 0.001671, 0.001550, 0.001676, 0.001464, 0.001564, 0.001443, 0.001721, 0.001380, 0.001630, 0.001570, 0.001668, 0.001517, 0.001644, 0.001365, 0.001554, 0.001399, 0.001529, 0.001436, 0.001598, 0.001383, 0.001449, 0.001272, 0.001486, 0.001388, 0.001484, 0.001334, 0.001526, 0.001438, 0.001412, 0.001288, 0.001412, 0.001257, 0.001378, 0.001374, 0.001340, 0.001448, 0.001480, 0.001413, 0.001469
16 , 1, 1, 1, 1, 1, 1, 1
16 , 0.005488, 0.005730, 0.005761, 0.005336, 0.004854, 0.004546, 0.003706
