0 , 0.002113, 0.000871, 0.000984, 0.001528, 0.001427, 0.001432, 0.001269, 0.001425, 0.001233, 0.001513, 0.001235, 0.001453, 0.001203, 0.001329, 0.001143, 0.001451, 0.001199, 0.001416, 0.001260, 0.001446, 0.001341, 0.001587, 0.001366, 0.001554, 0.001391, 0.000514, 0.001679, 0.001675, 0.001674, 0.001683, 0.001926, 0.001792, 0.001971, 0.001749, 0.001869, 0.001814, 0.001835, 0.001869, 0.001768, 0.002021, 0.001835, 0.002054, 0.001835, 0.001799, 0.002011, 0.001966, 0.002021, 0.001833, 0.002167, 0.001693, 0.000981, 0.001739, 0.001508, 0.001447, 0.001379, 0.001472, 0.001468, 0.001381, 0.001380, 0.001443, 0.001294, 0.001420, 0.001390, 0.001394, 0.001250, 0.001222, 0.001188, 0.001284, 0.001254, 0.001323, 0.001109, 0.001268, 0.001283, 0.001236, 0.001385, 0.000420, 0.001766, 0.001723, 0.001966, 0.001909, 0.001872, 0.001909, 0.001868, 0.002242, 0.001980, 0.002165, 0.001983, 0.002104, 0.002195, 0.002077, 0.002158, 0.001986
0 , 0, 0, 0, 0, 0, 0, 0
0 , 0.009109, 0.011962, 0.014725, 0.017291, 0.019997, 0.021637, 0.022878
1 , 0.001508, 0.001447, 0.001379, 0.001472, 0.001468, 0.001381, 0.001380, 0.001443, 0.001294, 0.001420, 0.001390, 0.001394, 0.001250, 0.001222, 0.001188, 0.001284, 0.001254, 0.001323, 0.001109, 0.001268, 0.001283, 0.001236, 0.001385, 0.000420, 0.001766, 0.001723, 0.001966, 0.001909, 0.001872, 0.001909, 0.001868, 0.002242, 0.001980, 0.002165, 0.001983, 0.002104, 0.002195, 0.002077, 0.002158, 0.001986, 0.002195, 0.002108, 0.002124, 0.002067, 0.001922, 0.002201, 0.001969, 0.002043, 0.000262, 0.001443, 0.001563, 0.001482, 0.001330, 0.001262, 0.001356, 0.001259, 0.001506, 0.001169, 0.001353, 0.001129, 0.001317, 0.001222, 0.001346, 0.001138, 0.001294, 0.001259, 0.001355, 0.001199, 0.001321, 0.001169, 0.001465, 0.000860, 0.001158, 0.001696, 0.001777, 0.001962, 0.001834, 0.001966, 0.002026, 0.002161, 0.002097, 0.001935, 0.002242, 0.002195, 0.002296, 0.002057, 0.001854, 0.002022, 0.001971, 0.002112, 0.001893, 0.002084
1 , 0, 0, 0, 0, 0, 0, 0
1 , 0.020658, 0.023131, 0.025503, 0.027862, 0.031020, 0.031786, 0.031043
2 , 0.001482, 0.001330, 0.001262, 0.001356, 0.001259, 0.001506, 0.001169, 0.001353, 0.001129, 0.001317, 0.001222, 0.001346, 0.001138, 0.001294, 0.001259, 0.001355, 0.001199, 0.001321, 0.001169, 0.001465, 0.000860, 0.001158, 0.001696, 0.001777, 0.001962, 0.001834, 0.001966, 0.002026, 0.002161, 0.002097, 0.001935, 0.002242, 0.002195, 0.002296, 0.002057, 0.001854, 0.002022, 0.001971, 0.002112, 0.001893, 0.002084, 0.002054, 0.001952, 0.001918, 0.002003, 0.001092, 0.001291, 0.001619, 0.001522, 0.001471, 0.001373, 0.001528, 0.001406, 0.001351, 0.001233, 0.001392, 0.001179, 0.001340, 0.001315, 0.001352, 0.001229, 0.001240, 0.001058, 0.001188, 0.001029, 0.001284, 0.001034, 0.001188, 0.001149, 0.001074, 0.001063, 0.000666, 0.002052, 0.001989, 0.001902, 0.002157, 0.001975, 0.002120, 0.002100, 0.002000, 0.001976, 0.001976, 0.001993, 0.001888, 0.002171, 0.002050, 0.001898, 0.001962, 0.001905, 0.002161, 0.001919, 0.002057
2 , 0, 0, 0, 0, 0, 0, 0
2 , 0.026204, 0.027403, 0.029080, 0.030840, 0.032843, 0.031603, 0.030035
3 , 0.001373, 0.001528, 0.001406, 0.001351, 0.001233, 0.001392, 0.001179, 0.001340, 0.001315, 0.001352, 0.001229, 0.001240, 0.001058, 0.001188, 0.001029, 0.001284, 0.001034, 0.001188, 0.001149, 0.001074, 0.001063, 0.000666, 0.002052, 0.001989, 0.001902, 0.002157, 0.001975, 0.002120, 0.002100, 0.002000, 0.001976, 0.001976, 0.001993, 0.001888, 0.002171, 0.002050, 0.001898, 0.001962, 0.001905, 0.002161, 0.001919, 0.002057, 0.002010, 0.002043, 0.002130, 0.001718, 0.001144, 0.001567, 0.001443, 0.001360, 0.001359, 0.001143, 0.001395, 0.001116, 0.001241, 0.001180, 0.001308, 0.001209, 0.001301, 0.001174, 0.001414, 0.001253, 0.001462, 0.001244, 0.001485, 0.001423, 0.001593, 0.001240, 0.001614, 0.000348, 0.001639, 0.001707, 0.001819, 0.001650, 0.001765, 0.001644, 0.001917, 0.001910, 0.001843, 0.001843, 0.001763, 0.002029, 0.001854, 0.001931, 0.001840, 0.001783, 0.001838, 0.001799, 0.001896, 0.001717, 0.001859, 0.001888
3 , 0, 0, 0, 0, 0, 0, 0
3 , 0.022155, 0.024375, 0.028370, 0.029406, 0.028239, 0.027053, 0.024185
4 , 0.001360, 0.001359, 0.001143, 0.001395, 0.001116, 0.001241, 0.001180, 0.001308, 0.001209, 0.001301, 0.001174, 0.001414, 0.001253, 0.001462, 0.001244, 0.001485, 0.001423, 0.001593, 0.001240, 0.001614, 0.000348, 0.001639, 0.001707, 0.001819, 0.001650, 0.001765, 0.001644, 0.001917, 0.001910, 0.001843, 0.001843, 0.001763, 0.002029, 0.001854, 0.001931, 0.001840, 0.001783, 0.001838, 0.001799, 0.001896, 0.001717, 0.001859, 0.001888, 0.001844, 0.002015, 0.000108, 0.001446, 0.001576, 0.001394, 0.001482, 0.001446, 0.001454, 0.001300, 0.001396, 0.001303, 0.001486, 0.001240, 0.001396, 0.001207, 0.001484, 0.001326, 0.001451, 0.001288, 0.001480, 0.001228, 0.001502, 0.001196, 0.001471, 0.001267, 0.001445, 0.000954, 0.001080, 0.001868, 0.001821, 0.001686, 0.001690, 0.001973, 0.002003, 0.002070, 0.001953, 0.002111, 0.002108, 0.002057, 0.001993, 0.001848, 0.002171, 0.002148, 0.002026, 0.001925, 0.001865, 0.002103, 0.001901
4 , 0, 0, 0, 0, 0, 0, 0
4 , 0.020210, 0.021486, 0.021786, 0.022835, 0.023806, 0.022252, 0.021533
5 , 0.001446, 0.001454, 0.001300, 0.001396, 0.001303, 0.001486, 0.001240, 0.001396, 0.001207, 0.001484, 0.001326, 0.001451, 0.001288, 0.001480, 0.001228, 0.001502, 0.001196, 0.001471, 0.001267, 0.001445, 0.000954, 0.001080, 0.001868, 0.001821, 0.001686, 0.001690, 0.001973, 0.002003, 0.002070, 0.001953, 0.002111, 0.002108, 0.002057, 0.001993, 0.001848, 0.002171, 0.002148, 0.002026, 0.001925, 0.001865, 0.002103, 0.001901, 0.002032, 0.001674, 0.002116, 0.001074, 0.001415, 0.001618, 0.001667, 0.001518, 0.001509, 0.001479, 0.001449, 0.001516, 0.001485, 0.001454, 0.001366, 0.001399, 0.001371, 0.001439, 0.001411, 0.001446, 0.001448, 0.001333, 0.001427, 0.001398, 0.001389, 0.001309, 0.001328, 0.000322, 0.001911, 0.001717, 0.001898, 0.001980, 0.001794, 0.001882, 0.001888, 0.002188, 0.002090, 0.002117, 0.002106, 0.002076, 0.002090, 0.001962, 0.002205, 0.002020, 0.002141, 0.002098, 0.001872, 0.002030, 0.001942, 0.002074
5 , 0, 0, 0, 0, 0, 0, 0
5 , 0.020783, 0.023076, 0.026007, 0.026413, 0.026009, 0.025448, 0.024539
6 , 0.001518, 0.001509, 0.001479, 0.001449, 0.001516, 0.001485, 0.001454, 0.001366, 0.001399, 0.001371, 0.001439, 0.001411, 0.001446, 0.001448, 0.001333, 0.001427, 0.001398, 0.001389, 0.001309, 0.001328, 0.000322, 0.001911, 0.001717, 0.001898, 0.001980, 0.001794, 0.001882, 0.001888, 0.002188, 0.002090, 0.002117, 0.002106, 0.002076, 0.002090, 0.001962, 0.002205, 0.002020, 0.002141, 0.002098, 0.001872, 0.002030, 0.001942, 0.002074, 0.002084, 0.002090, 0.002087, 0.001742, 0.000634, 0.001581, 0.001497, 0.001500, 0.001304, 0.001419, 0.001294, 0.001444, 0.001317, 0.001531, 0.001224, 0.001406, 0.001312, 0.001471, 0.001497, 0.001470, 0.001314, 0.001440, 0.001375, 0.001443, 0.001383, 0.001445, 0.001324, 0.001361, 0.001179, 0.001335, 0.001217, 0.001430, 0.001306, 0.001461, 0.001242, 0.001399, 0.001305, 0.001486, 0.001300, 0.001329, 0.001232, 0.001385, 0.001377, 0.001645, 0.001302, 0.001453, 0.001478, 0.001598, 0.001442
6 , 3, 3, 0, 0, 0, 0, 0
6 , 0.012932, 0.013103, 0.015331, 0.015382, 0.013941, 0.013526, 0.013139
7 , 0.001497, 0.001500, 0.001304, 0.001419, 0.001294, 0.001444, 0.001317, 0.001531, 0.001224, 0.001406, 0.001312, 0.001471, 0.001497, 0.001470, 0.001314, 0.001440, 0.001375, 0.001443, 0.001383, 0.001445, 0.001324, 0.001361, 0.001179, 0.001335, 0.001217, 0.001430, 0.001306, 0.001461, 0.001242, 0.001399, 0.001305, 0.001486, 0.001300, 0.001329, 0.001232, 0.001385, 0.001377, 0.001645, 0.001302, 0.001453, 0.001478, 0.001598, 0.001442, 0.001563, 0.001379, 0.001533, 0.001348, 0.001503, 0.001379, 0.001442, 0.001319, 0.001475, 0.001327, 0.001541, 0.001358, 0.001366, 0.001304, 0.001459, 0.001216, 0.001410, 0.001195, 0.001416, 0.001266, 0.001386, 0.001174, 0.001448, 0.001380, 0.001375, 0.001196, 0.001379, 0.001256, 0.001383, 0.001231, 0.001355, 0.001350, 0.001537, 0.001299, 0.001463, 0.001312, 0.001385, 0.001054, 0.001283, 0.001131, 0.001265, 0.001115, 0.001154, 0.001086, 0.001299, 0.000989, 0.001208, 0.001079, 0.001261
7 , 1, 3, 1, 1, 3, 3, 3
7 , 0.002481, 0.002446, 0.002680, 0.002374, 0.003082, 0.003142, 0.003627
8 , 0.001327, 0.001541, 0.001358, 0.001366, 0.001304, 0.001459, 0.001216, 0.001410, 0.001195, 0.001416, 0.001266, 0.001386, 0.001174, 0.001448, 0.001380, 0.001375, 0.001196, 0.001379, 0.001256, 0.001383, 0.001231, 0.001355, 0.001350, 0.001537, 0.001299, 0.001463, 0.001312, 0.001385, 0.001054, 0.001283, 0.001131, 0.001265, 0.001115, 0.001154, 0.001086, 0.001299, 0.000989, 0.001208, 0.001079, 0.001261, 0.001046, 0.001233, 0.001096, 0.001258, 0.001096, 0.001249, 0.001062, 0.001301, 0.001165, 0.001381, 0.001189, 0.001371, 0.001305, 0.001512, 0.001325, 0.001540, 0.001253, 0.001469, 0.001254, 0.001525, 0.001307, 0.001521, 0.001362, 0.001518, 0.001387, 0.001664, 0.001389, 0.001577, 0.001330, 0.001487, 0.001361, 0.001643, 0.001369, 0.001528, 0.001344, 0.001529, 0.001315, 0.001474, 0.001355, 0.001485, 0.001302, 0.001514, 0.001417, 0.001488, 0.001179, 0.001491, 0.001309, 0.001436, 0.001157, 0.001318, 0.001257, 0.001320
8 , 2, 2, 2, 1, 1, 1, 1
8 , 0.003594, 0.003576, 0.003003, 0.003372, 0.004258, 0.004871, 0.005119
9 , 0.001305, 0.001512, 0.001325, 0.001540, 0.001253, 0.001469, 0.001254, 0.001525, 0.001307, 0.001521, 0.001362, 0.001518, 0.001387, 0.001664, 0.001389, 0.001577, 0.001330, 0.001487, 0.001361, 0.001643, 0.001369, 0.001528, 0.001344, 0.001529, 0.001315, 0.001474, 0.001355, 0.001485, 0.001302, 0.001514, 0.001417, 0.001488, 0.001179, 0.001491, 0.001309, 0.001436, 0.001157, 0.001318, 0.001257, 0.001320, 0.001171, 0.001329, 0.001286, 0.001197, 0.001128, 0.001376, 0.001223, 0.001323, 0.001192, 0.001345, 0.001223, 0.001344, 0.001374, 0.001428, 0.001449, 0.001451, 0.001325, 0.001388, 0.001321, 0.001442, 0.001289, 0.001566, 0.001500, 0.001409, 0.001254, 0.001377, 0.001310, 0.001490, 0.001398, 0.001404, 0.001430, 0.001516, 0.001425, 0.001516, 0.001424, 0.001515, 0.001455, 0.001339, 0.001464, 0.001375, 0.001377, 0.001414, 0.001362, 0.001427, 0.001302, 0.001246, 0.001340, 0.001313, 0.001376, 0.001317, 0.001352, 0.001230
9 , 2, 2, 2, 2, 1, 1, 1
9 , 0.001965, 0.002391, 0.002483, 0.002539, 0.002676, 0.003417, 0.003791
10 , 0.001374, 0.001428, 0.001449, 0.001451, 0.001325, 0.001388, 0.001321, 0.001442, 0.001289, 0.001566, 0.001500, 0.001409, 0.001254, 0.001377, 0.001310, 0.001490, 0.001398, 0.001404, 0.001430, 0.001516, 0.001425, 0.001516, 0.001424, 0.001515, 0.001455, 0.001339, 0.001464, 0.001375, 0.001377, 0.001414, 0.001362, 0.001427, 0.001302, 0.001246, 0.001340, 0.001313, 0.001376, 0.001317, 0.001352, 0.001230, 0.001268, 0.001270, 0.001274, 0.001273, 0.001268, 0.001176, 0.001212, 0.001297, 0.001263, 0.001199, 0.001324, 0.001256, 0.001318, 0.001315, 0.001344, 0.001126, 0.001311, 0.001337, 0.001307, 0.001274, 0.001365, 0.001359, 0.001572, 0.001357, 0.001539, 0.001355, 0.001450, 0.001357, 0.001419, 0.001324, 0.001482, 0.001386, 0.001387, 0.001325, 0.001605, 0.001264, 0.001455, 0.001331, 0.001393, 0.001237, 0.001452, 0.001359, 0.001511, 0.001356, 0.001451, 0.001291, 0.001421, 0.001329, 0.001364, 0.001294, 0.001482, 0.001354
10 , 2, 2, 2, 2, 2, 2, 2
10 , 0.001992, 0.002137, 0.002598, 0.002678, 0.002807, 0.002813, 0.003043
11 , 0.001318, 0.001315, 0.001344, 0.001126, 0.001311, 0.001337, 0.001307, 0.001274, 0.001365, 0.001359, 0.001572, 0.001357, 0.001539, 0.001355, 0.001450, 0.001357, 0.001419, 0.001324, 0.001482, 0.001386, 0.001387, 0.001325, 0.001605, 0.001264, 0.001455, 0.001331, 0.001393, 0.001237, 0.001452, 0.001359, 0.001511, 0.001356, 0.001451, 0.001291, 0.001421, 0.001329, 0.001364, 0.001294, 0.001482, 0.001354, 0.001427, 0.001178, 0.001419, 0.001323, 0.001542, 0.001202, 0.001507, 0.001353, 0.001422, 0.001389, 0.001459, 0.001339, 0.001378, 0.001285, 0.001360, 0.001231, 0.001265, 0.001233, 0.001334, 0.001235, 0.001397, 0.001176, 0.001247, 0.001030, 0.001273, 0.001179, 0.001335, 0.001240, 0.001270, 0.001179, 0.001426, 0.001257, 0.001318, 0.001305, 0.001454, 0.001360, 0.001451, 0.001389, 0.001478, 0.001387, 0.001537, 0.001352, 0.001331, 0.001329, 0.001386, 0.001233, 0.001304, 0.001302, 0.001364, 0.001306, 0.001459, 0.001332
11 , 0, 0, 0, 0, 2, 0, 2
11 , 0.001709, 0.001985, 0.002040, 0.002139, 0.001901, 0.002167, 0.002249
12 , 0.001378, 0.001285, 0.001360, 0.001231, 0.001265, 0.001233, 0.001334, 0.001235, 0.001397, 0.001176, 0.001247, 0.001030, 0.001273, 0.001179, 0.001335, 0.001240, 0.001270, 0.001179, 0.001426, 0.001257, 0.001318, 0.001305, 0.001454, 0.001360, 0.001451, 0.001389, 0.001478, 0.001387, 0.001537, 0.001352, 0.001331, 0.001329, 0.001386, 0.001233, 0.001304, 0.001302, 0.001364, 0.001306, 0.001459, 0.001332, 0.001367, 0.001363, 0.001451, 0.001392, 0.001480, 0.001469, 0.001438, 0.001465, 0.001377, 0.001463, 0.001404, 0.001404, 0.001404, 0.001316, 0.001410, 0.001469, 0.001374, 0.001558, 0.001344, 0.001527, 0.001464, 0.001466, 0.001525, 0.001434, 0.001434, 0.001429, 0.001556, 0.001614, 0.001518, 0.001642, 0.001487, 0.001577, 0.001488, 0.001524, 0.001368, 0.001468, 0.001468, 0.001471, 0.001318, 0.001438, 0.001318, 0.001510, 0.001352, 0.001480, 0.001350, 0.001538, 0.001419, 0.001513, 0.001420, 0.001399, 0.001331, 0.001483
12 , 0, 3, 3, 3, 3, 3, 3
12 , 0.001790, 0.002298, 0.003073, 0.003293, 0.003734, 0.003906, 0.004172
13 , 0.001404, 0.001316, 0.001410, 0.001469, 0.001374, 0.001558, 0.001344, 0.001527, 0.001464, 0.001466, 0.001525, 0.001434, 0.001434, 0.001429, 0.001556, 0.001614, 0.001518, 0.001642, 0.001487, 0.001577, 0.001488, 0.001524, 0.001368, 0.001468, 0.001468, 0.001471, 0.001318, 0.001438, 0.001318, 0.001510, 0.001352, 0.001480, 0.001350, 0.001538, 0.001419, 0.001513, 0.001420, 0.001399, 0.001331, 0.001483, 0.001182, 0.001371, 0.001240, 0.001338, 0.001390, 0.001489, 0.001276, 0.001497, 0.001246, 0.001585, 0.001243, 0.001495, 0.001305, 0.001493, 0.001337, 0.001581, 0.001296, 0.001572, 0.001325, 0.001477, 0.001376, 0.001501, 0.001375, 0.001500, 0.001306, 0.001549, 0.001454, 0.001546, 0.001448, 0.001538, 0.001413, 0.001659, 0.001566, 0.001631, 0.001472, 0.001566, 0.001358, 0.001516, 0.001512, 0.001516, 0.001337, 0.001585, 0.001308, 0.001440, 0.001385, 0.001388, 0.001294, 0.001398, 0.001275, 0.001490, 0.001427, 0.001460
13 , 2, 2, 2, 2, 1, 1, 1
13 , 0.001894, 0.002182, 0.002105, 0.002381, 0.001827, 0.002657, 0.003003
14 , 0.001305, 0.001493, 0.001337, 0.001581, 0.001296, 0.001572, 0.001325, 0.001477, 0.001376, 0.001501, 0.001375, 0.001500, 0.001306, 0.001549, 0.001454, 0.001546, 0.001448, 0.001538, 0.001413, 0.001659, 0.001566, 0.001631, 0.001472, 0.001566, 0.001358, 0.001516, 0.001512, 0.001516, 0.001337, 0.001585, 0.001308, 0.001440, 0.001385, 0.001388, 0.001294, 0.001398, 0.001275, 0.001490, 0.001427, 0.001460, 0.001337, 0.001430, 0.001272, 0.001360, 0.001301, 0.001388, 0.001502, 0.001467, 0.001463, 0.001559, 0.001400, 0.001520, 0.001486, 0.001454, 0.001540, 0.001538, 0.001564, 0.001628, 0.001565, 0.001594, 0.001659, 0.001484, 0.001484, 0.001488, 0.001519, 0.001435, 0.001468, 0.001402, 0.001437, 0.001414, 0.001357, 0.001357, 0.001454, 0.001362, 0.001366, 0.001312, 0.001433, 0.001243, 0.001340, 0.001312, 0.001522, 0.001398, 0.001372, 0.001333, 0.001484, 0.001329, 0.001421, 0.001292, 0.001472, 0.001442, 0.001441, 0.001375
14 , 1, 1, 1, 1, 1, 1, 1
14 , 0.002629, 0.003191, 0.003693, 0.003797, 0.003690, 0.003980, 0.003322
15 , 0.001520, 0.001486, 0.001454, 0.001540, 0.001538, 0.001564, 0.001628, 0.001565, 0.001594, 0.001659, 0.001484, 0.001484, 0.001488, 0.001519, 0.001435, 0.001468, 0.001402, 0.001437, 0.001414, 0.001357, 0.001357, 0.001454, 0.001362, 0.001366, 0.001312, 0.001433, 0.001243, 0.001340, 0.001312, 0.001522, 0.001398, 0.001372, 0.001333, 0.001484, 0.001329, 0.001421, 0.001292, 0.001472, 0.001442, 0.001441, 0.001375, 0.001525, 0.001334, 0.001642, 0.001458, 0.001552, 0.001396, 0.001613, 0.001432, 0.001526, 0.001401, 0.001527, 0.001345, 0.001532, 0.001257, 0.001476, 0.001347, 0.001506, 0.001380, 0.001570, 0.001295, 0.001394, 0.001207, 0.001427, 0.001328, 0.001423, 0.001387, 0.001566, 0.001351, 0.001604, 0.001411, 0.001513, 0.001359, 0.001544, 0.001482, 0.001483, 0.001389, 0.001543, 0.001295, 0.001420, 0.001329, 0.001607, 0.001325, 0.001603, 0.001416, 0.001512, 0.001293, 0.001511, 0.001296, 0.001485, 0.001393, 0.001398
15 , 2, 2, 2, 2, 1, 1, 1
15 , 0.002734, 0.002769, 0.002111, 0.002195, 0.001594, 0.001416, 0.001344
16 , 0.001613, 0.001432, 0.001526, 0.001401, 0.001527, 0.001345, 0.001532, 0.001257, 0.001476, 0.001347, 0.001506, 0.001380, 0.001570, 0.001295, 0.001394, 0.001207, 0.001427, 0.001328, 0.001423, 0.001387, 0.001566, 0.001351, 0.001604, 0.001411, 0.001513, 0.001359, 0.001544, 0.001482, 0.001483, 0.001389, 0.001543, 0.001295, 0.001420, 0.001329, 0.001607, 0.001325, 0.001603, 0.001416, 0.001512, 0.001293, 0.001511, 0.001296, 0.001485, 0.001393, 0.001398, 0.001215, 0.001278, 0.001276, 0.001459, 0.001427, 0.001460, 0.001331, 0.001519, 0.001363, 0.001401, 0.001309, 0.001439, 0.001352, 0.001357, 0.001238, 0.001365, 0.001393, 0.001337, 0.001271, 0.001335, 0.001219, 0.001343, 0.001162, 0.001339, 0.001396, 0.001283, 0.001161, 0.001287, 0.001320, 0.001355, 0.001205, 0.001290, 0.001137, 0.001190, 0.001243, 0.001418, 0.001409, 0.001371, 0.001579, 0.001481, 0.001505, 0.001376, 0.001495, 0.001428, 0.001579, 0.001448, 0.001631
16 , 0, 0, 0, 0, 2, 2, 2
16 , 0.000742, 0.001123, 0.000630, 0.000945, 0.001345, 0.001782, 0.002231
