0 , 0.001700, 0.001565, 0.001615, 0.001868, 0.001770, 0.001793, 0.001660, 0.001791, 0.001679, 0.001813, 0.001595, 0.001701, 0.001856, 0.001698, 0.001798, 0.001546, 0.001659, 0.001671, 0.001677, 0.001692, 0.001388, 0.001710, 0.001369, 0.001290, 0.001849, 0.001680, 0.001655, 0.001774, 0.001656, 0.001658, 0.001626, 0.001717, 0.001720, 0.001477, 0.001510, 0.001480, 0.001633, 0.001575, 0.001665, 0.001545, 0.001480, 0.001487, 0.001582, 0.001485, 0.001478, 0.001640, 0.000608, 0.001510, 0.001491, 0.001841, 0.001686, 0.001794, 0.001878, 0.001897, 0.002009, 0.001783, 0.002037, 0.001676, 0.001956, 0.001943, 0.001818, 0.001879, 0.001781, 0.002000, 0.001939, 0.001939, 0.001892, 0.001714, 0.001891, 0.001750, 0.002054, 0.000296, 0.001483, 0.001578, 0.001547, 0.001645, 0.001489, 0.001522, 0.001396, 0.001611, 0.001481, 0.001425, 0.001359, 0.001639, 0.001514, 0.001578, 0.001388, 0.001609, 0.001303, 0.001548, 0.001353, 0.001624
0 , 1, 1, 1, 1, 1, 1, 1
0 , 0.006511, 0.007820, 0.009234, 0.012383, 0.009499, 0.008918, 0.009024
1 , 0.001841, 0.001686, 0.001794, 0.001878, 0.001897, 0.002009, 0.001783, 0.002037, 0.001676, 0.001956, 0.001943, 0.001818, 0.001879, 0.001781, 0.002000, 0.001939, 0.001939, 0.001892, 0.001714, 0.001891, 0.001750, 0.002054, 0.000296, 0.001483, 0.001578, 0.001547, 0.001645, 0.001489, 0.001522, 0.001396, 0.001611, 0.001481, 0.001425, 0.001359, 0.001639, 0.001514, 0.001578, 0.001388, 0.001609, 0.001303, 0.001548, 0.001353, 0.001624, 0.001494, 0.001578, 0.001449, 0.001716, 0.001148, 0.000714, 0.001395, 0.001475, 0.001665, 0.001622, 0.001808, 0.001855, 0.001815, 0.001767, 0.001763, 0.002043, 0.001887, 0.002008, 0.002040, 0.002072, 0.002239, 0.002096, 0.002248, 0.002103, 0.002266, 0.002280, 0.002242, 0.002254, 0.002297, 0.001490, 0.000954, 0.001301, 0.001360, 0.001433, 0.001228, 0.001251, 0.001107, 0.001464, 0.001449, 0.001499, 0.001369, 0.001577, 0.001510, 0.001667, 0.001414, 0.001549, 0.001454, 0.001584, 0.001369
1 , 1, 1, 1, 1, 1, 1, 1
1 , 0.011575, 0.014699, 0.016691, 0.019015, 0.018533, 0.019959, 0.018918
2 , 0.001665, 0.001622, 0.001808, 0.001855, 0.001815, 0.001767, 0.001763, 0.002043, 0.001887, 0.002008, 0.002040, 0.002072, 0.002239, 0.002096, 0.002248, 0.002103, 0.002266, 0.002280, 0.002242, 0.002254, 0.002297, 0.001490, 0.000954, 0.001301, 0.001360, 0.001433, 0.001228, 0.001251, 0.001107, 0.001464, 0.001449, 0.001499, 0.001369, 0.001577, 0.001510, 0.001667, 0.001414, 0.001549, 0.001454, 0.001584, 0.001369, 0.001530, 0.001405, 0.001522, 0.001354, 0.000286, 0.001653, 0.001761, 0.001664, 0.001908, 0.001928, 0.001985, 0.001953, 0.002037, 0.002146, 0.002055, 0.002051, 0.001878, 0.001914, 0.001928, 0.002022, 0.001872, 0.001696, 0.002037, 0.001909, 0.001986, 0.001787, 0.001750, 0.001857, 0.001682, 0.001811, 0.001419, 0.000749, 0.001807, 0.001732, 0.001643, 0.001577, 0.001524, 0.001430, 0.001521, 0.001397, 0.001493, 0.001588, 0.001621, 0.001562, 0.001566, 0.001476, 0.001416, 0.001513, 0.001491, 0.001369, 0.001406
2 , 1, 1, 1, 1, 1, 1, 1
2 , 0.015542, 0.018851, 0.023473, 0.023888, 0.022013, 0.019748, 0.019054
3 , 0.001908, 0.001928, 0.001985, 0.001953, 0.002037, 0.002146, 0.002055, 0.002051, 0.001878, 0.001914, 0.001928, 0.002022, 0.001872, 0.001696, 0.002037, 0.001909, 0.001986, 0.001787, 0.001750, 0.001857, 0.001682, 0.001811, 0.001419, 0.000749, 0.001807, 0.001732, 0.001643, 0.001577, 0.001524, 0.001430, 0.001521, 0.001397, 0.001493, 0.001588, 0.001621, 0.001562, 0.001566, 0.001476, 0.001416, 0.001513, 0.001491, 0.001369, 0.001406, 0.001436, 0.001415, 0.001405, 0.001201, 0.001598, 0.000517, 0.001279, 0.001686, 0.001699, 0.001508, 0.001841, 0.001824, 0.001740, 0.001841, 0.001824, 0.002084, 0.001865, 0.002003, 0.001851, 0.001983, 0.001993, 0.001854, 0.002006, 0.001817, 0.002040, 0.002047, 0.001888, 0.002067, 0.001892, 0.002180, 0.000173, 0.001631, 0.001388, 0.001449, 0.001290, 0.001257, 0.001065, 0.001436, 0.001215, 0.001395, 0.001268, 0.001452, 0.001349, 0.001473, 0.001442, 0.001530, 0.001406, 0.001564, 0.001347
3 , 1, 1, 1, 1, 1, 1, 1
3 , 0.013815, 0.015733, 0.016741, 0.019083, 0.019068, 0.020653, 0.018571
4 , 0.001699, 0.001508, 0.001841, 0.001824, 0.001740, 0.001841, 0.001824, 0.002084, 0.001865, 0.002003, 0.001851, 0.001983, 0.001993, 0.001854, 0.002006, 0.001817, 0.002040, 0.002047, 0.001888, 0.002067, 0.001892, 0.002180, 0.000173, 0.001631, 0.001388, 0.001449, 0.001290, 0.001257, 0.001065, 0.001436, 0.001215, 0.001395, 0.001268, 0.001452, 0.001349, 0.001473, 0.001442, 0.001530, 0.001406, 0.001564, 0.001347, 0.001536, 0.001312, 0.001498, 0.001364, 0.001316, 0.000775, 0.001585, 0.001417, 0.001703, 0.001588, 0.001695, 0.001719, 0.001837, 0.001938, 0.001743, 0.001925, 0.001700, 0.001898, 0.001764, 0.001814, 0.002054, 0.001764, 0.001993, 0.001892, 0.001919, 0.001761, 0.001939, 0.001892, 0.002087, 0.001022, 0.001438, 0.001464, 0.001579, 0.001462, 0.001489, 0.001452, 0.001542, 0.001446, 0.001506, 0.001435, 0.001593, 0.001374, 0.001556, 0.001519, 0.001671, 0.001516, 0.001581, 0.001481, 0.001602, 0.001480, 0.001672
4 , 1, 1, 1, 1, 1, 1, 1
4 , 0.012567, 0.015640, 0.018210, 0.019706, 0.016633, 0.016909, 0.016141
5 , 0.001703, 0.001588, 0.001695, 0.001719, 0.001837, 0.001938, 0.001743, 0.001925, 0.001700, 0.001898, 0.001764, 0.001814, 0.002054, 0.001764, 0.001993, 0.001892, 0.001919, 0.001761, 0.001939, 0.001892, 0.002087, 0.001022, 0.001438, 0.001464, 0.001579, 0.001462, 0.001489, 0.001452, 0.001542, 0.001446, 0.001506, 0.001435, 0.001593, 0.001374, 0.001556, 0.001519, 0.001671, 0.001516, 0.001581, 0.001481, 0.001602, 0.001480, 0.001672, 0.001427, 0.001574, 0.001455, 0.001776, 0.000231, 0.001393, 0.001596, 0.001683, 0.001706, 0.001484, 0.001800, 0.001915, 0.001902, 0.001858, 0.001612, 0.001959, 0.001858, 0.001922, 0.001754, 0.001845, 0.002000, 0.001909, 0.001912, 0.001818, 0.002017, 0.001986, 0.001926, 0.002094, 0.001664, 0.000432, 0.001599, 0.001460, 0.001355, 0.001262, 0.001384, 0.001222, 0.001316, 0.001193, 0.001315, 0.001097, 0.001250, 0.001183, 0.001220, 0.001341, 0.001309, 0.001305, 0.001361, 0.001350, 0.001286
5 , 1, 1, 1, 1, 1, 1, 1
5 , 0.012203, 0.014675, 0.016856, 0.016833, 0.019532, 0.017506, 0.017385
6 , 0.001683, 0.001706, 0.001484, 0.001800, 0.001915, 0.001902, 0.001858, 0.001612, 0.001959, 0.001858, 0.001922, 0.001754, 0.001845, 0.002000, 0.001909, 0.001912, 0.001818, 0.002017, 0.001986, 0.001926, 0.002094, 0.001664, 0.000432, 0.001599, 0.001460, 0.001355, 0.001262, 0.001384, 0.001222, 0.001316, 0.001193, 0.001315, 0.001097, 0.001250, 0.001183, 0.001220, 0.001341, 0.001309, 0.001305, 0.001361, 0.001350, 0.001286, 0.001340, 0.001444, 0.001589, 0.000536, 0.001269, 0.001696, 0.001784, 0.001537, 0.001719, 0.001699, 0.001830, 0.001702, 0.001769, 0.001766, 0.001894, 0.001978, 0.001703, 0.001938, 0.001938, 0.001830, 0.001769, 0.001665, 0.001863, 0.001740, 0.001902, 0.001777, 0.001851, 0.002192, 0.000114, 0.001687, 0.001445, 0.001569, 0.001374, 0.001444, 0.001321, 0.001505, 0.001346, 0.001497, 0.001307, 0.001516, 0.001293, 0.001481, 0.001301, 0.001518, 0.001327, 0.001423, 0.001269, 0.001435, 0.001213, 0.001468
6 , 1, 1, 1, 1, 1, 1, 1
6 , 0.015566, 0.018275, 0.023169, 0.021122, 0.019003, 0.018502, 0.018791
7 , 0.001784, 0.001537, 0.001719, 0.001699, 0.001830, 0.001702, 0.001769, 0.001766, 0.001894, 0.001978, 0.001703, 0.001938, 0.001938, 0.001830, 0.001769, 0.001665, 0.001863, 0.001740, 0.001902, 0.001777, 0.001851, 0.002192, 0.000114, 0.001687, 0.001445, 0.001569, 0.001374, 0.001444, 0.001321, 0.001505, 0.001346, 0.001497, 0.001307, 0.001516, 0.001293, 0.001481, 0.001301, 0.001518, 0.001327, 0.001423, 0.001269, 0.001435, 0.001213, 0.001468, 0.001280, 0.001316, 0.001211, 0.001310, 0.001051, 0.001837, 0.001646, 0.001703, 0.001629, 0.001855, 0.001528, 0.001804, 0.001777, 0.001780, 0.001773, 0.001753, 0.002028, 0.001758, 0.001959, 0.001679, 0.001749, 0.001880, 0.001673, 0.001886, 0.001681, 0.001940, 0.001822, 0.001953, 0.000955, 0.001151, 0.001704, 0.001788, 0.001579, 0.001607, 0.001519, 0.001551, 0.001456, 0.001457, 0.001519, 0.001459, 0.001490, 0.001493, 0.001372, 0.001372, 0.001434, 0.001584, 0.001350, 0.001480
7 , 1, 1, 1, 1, 1, 1, 1
7 , 0.009416, 0.011653, 0.013985, 0.016414, 0.014720, 0.014822, 0.013310
8 , 0.001837, 0.001646, 0.001703, 0.001629, 0.001855, 0.001528, 0.001804, 0.001777, 0.001780, 0.001773, 0.001753, 0.002028, 0.001758, 0.001959, 0.001679, 0.001749, 0.001880, 0.001673, 0.001886, 0.001681, 0.001940, 0.001822, 0.001953, 0.000955, 0.001151, 0.001704, 0.001788, 0.001579, 0.001607, 0.001519, 0.001551, 0.001456, 0.001457, 0.001519, 0.001459, 0.001490, 0.001493, 0.001372, 0.001372, 0.001434, 0.001584, 0.001350, 0.001480, 0.001420, 0.001542, 0.001313, 0.001572, 0.000325, 0.001632, 0.001788, 0.001821, 0.001623, 0.001693, 0.002000, 0.001811, 0.001969, 0.001781, 0.001895, 0.001965, 0.001706, 0.001949, 0.001808, 0.001986, 0.001938, 0.001908, 0.001780, 0.001693, 0.002134, 0.001899, 0.001969, 0.001890, 0.001869, 0.000440, 0.001635, 0.001398, 0.001656, 0.001341, 0.001438, 0.001280, 0.001406, 0.001405, 0.001445, 0.001290, 0.001441, 0.001355, 0.001325, 0.001258, 0.001383, 0.001378, 0.001529, 0.001400, 0.001428
8 , 1, 1, 1, 1, 1, 1, 1
8 , 0.010261, 0.011596, 0.014078, 0.015880, 0.019734, 0.016239, 0.015106
9 , 0.001821, 0.001623, 0.001693, 0.002000, 0.001811, 0.001969, 0.001781, 0.001895, 0.001965, 0.001706, 0.001949, 0.001808, 0.001986, 0.001938, 0.001908, 0.001780, 0.001693, 0.002134, 0.001899, 0.001969, 0.001890, 0.001869, 0.000440, 0.001635, 0.001398, 0.001656, 0.001341, 0.001438, 0.001280, 0.001406, 0.001405, 0.001445, 0.001290, 0.001441, 0.001355, 0.001325, 0.001258, 0.001383, 0.001378, 0.001529, 0.001400, 0.001428, 0.001302, 0.001375, 0.001426, 0.001443, 0.001507, 0.000604, 0.001332, 0.001842, 0.001555, 0.001585, 0.001811, 0.001595, 0.001684, 0.001544, 0.001831, 0.001679, 0.001722, 0.001746, 0.001743, 0.001944, 0.001698, 0.001801, 0.001558, 0.001807, 0.001792, 0.001637, 0.001804, 0.001692, 0.001745, 0.001897, 0.000098, 0.001826, 0.001584, 0.001649, 0.001499, 0.001532, 0.001377, 0.001541, 0.001330, 0.001431, 0.001337, 0.001467, 0.001434, 0.001530, 0.001251, 0.001383, 0.001289, 0.001359, 0.001353, 0.001353
9 , 1, 1, 1, 1, 1, 1, 1
9 , 0.011655, 0.014664, 0.015959, 0.017033, 0.017475, 0.015172, 0.015017
10 , 0.001555, 0.001585, 0.001811, 0.001595, 0.001684, 0.001544, 0.001831, 0.001679, 0.001722, 0.001746, 0.001743, 0.001944, 0.001698, 0.001801, 0.001558, 0.001807, 0.001792, 0.001637, 0.001804, 0.001692, 0.001745, 0.001897, 0.000098, 0.001826, 0.001584, 0.001649, 0.001499, 0.001532, 0.001377, 0.001541, 0.001330, 0.001431, 0.001337, 0.001467, 0.001434, 0.001530, 0.001251, 0.001383, 0.001289, 0.001359, 0.001353, 0.001353, 0.001203, 0.001482, 0.001228, 0.001203, 0.001005, 0.001673, 0.001734, 0.001784, 0.001801, 0.001896, 0.001764, 0.001970, 0.001683, 0.001848, 0.001740, 0.001892, 0.001936, 0.001774, 0.001942, 0.001750, 0.001972, 0.001850, 0.001753, 0.001793, 0.001668, 0.002061, 0.001758, 0.001788, 0.001758, 0.001994, 0.001430, 0.001309, 0.001717, 0.001676, 0.001534, 0.001437, 0.001623, 0.001501, 0.001475, 0.001532, 0.001590, 0.001341, 0.001467, 0.001375, 0.001496, 0.001398, 0.001429, 0.001426, 0.001607, 0.001537
10 , 1, 1, 1, 1, 1, 1, 1
10 , 0.009764, 0.012178, 0.013900, 0.015820, 0.013473, 0.013461, 0.012243
11 , 0.001784, 0.001801, 0.001896, 0.001764, 0.001970, 0.001683, 0.001848, 0.001740, 0.001892, 0.001936, 0.001774, 0.001942, 0.001750, 0.001972, 0.001850, 0.001753, 0.001793, 0.001668, 0.002061, 0.001758, 0.001788, 0.001758, 0.001994, 0.001430, 0.001309, 0.001717, 0.001676, 0.001534, 0.001437, 0.001623, 0.001501, 0.001475, 0.001532, 0.001590, 0.001341, 0.001467, 0.001375, 0.001496, 0.001398, 0.001429, 0.001426, 0.001607, 0.001537, 0.001631, 0.001473, 0.001626, 0.001469, 0.001684, 0.001529, 0.001654, 0.001557, 0.001443, 0.001442, 0.001600, 0.001451, 0.001578, 0.001370, 0.001648, 0.001553, 0.001587, 0.001440, 0.001628, 0.001447, 0.001601, 0.001477, 0.001545, 0.001388, 0.001477, 0.001412, 0.001477, 0.001351, 0.001503, 0.001410, 0.001505, 0.001435, 0.001534, 0.001471, 0.001566, 0.001416, 0.001628, 0.001384, 0.001511, 0.001468, 0.001620, 0.001398, 0.001520, 0.001485, 0.001543, 0.001386, 0.001665, 0.001597, 0.001601
11 , 1, 1, 1, 2, 2, 2, 2
11 , 0.006104, 0.006828, 0.006837, 0.006912, 0.007656, 0.007566, 0.006823
12 , 0.001557, 0.001443, 0.001442, 0.001600, 0.001451, 0.001578, 0.001370, 0.001648, 0.001553, 0.001587, 0.001440, 0.001628, 0.001447, 0.001601, 0.001477, 0.001545, 0.001388, 0.001477, 0.001412, 0.001477, 0.001351, 0.001503, 0.001410, 0.001505, 0.001435, 0.001534, 0.001471, 0.001566, 0.001416, 0.001628, 0.001384, 0.001511, 0.001468, 0.001620, 0.001398, 0.001520, 0.001485, 0.001543, 0.001386, 0.001665, 0.001597, 0.001601, 0.001546, 0.001671, 0.001545, 0.001666, 0.001484, 0.001483, 0.001477, 0.001511, 0.001452, 0.001603, 0.001481, 0.001632, 0.001625, 0.001559, 0.001588, 0.001677, 0.001675, 0.001767, 0.001645, 0.001674, 0.001579, 0.001767, 0.001611, 0.001585, 0.001585, 0.001710, 0.001559, 0.001562, 0.001624, 0.001637, 0.001520, 0.001551, 0.001521, 0.001528, 0.001415, 0.001420, 0.001416, 0.001517, 0.001456, 0.001458, 0.001471, 0.001504, 0.001344, 0.001449, 0.001417, 0.001384, 0.001354, 0.001265, 0.001383, 0.001379
12 , 1, 1, 3, 3, 3, 3, 3
12 , 0.003092, 0.003126, 0.003486, 0.004003, 0.004698, 0.004795, 0.005002
13 , 0.001481, 0.001632, 0.001625, 0.001559, 0.001588, 0.001677, 0.001675, 0.001767, 0.001645, 0.001674, 0.001579, 0.001767, 0.001611, 0.001585, 0.001585, 0.001710, 0.001559, 0.001562, 0.001624, 0.001637, 0.001520, 0.001551, 0.001521, 0.001528, 0.001415, 0.001420, 0.001416, 0.001517, 0.001456, 0.001458, 0.001471, 0.001504, 0.001344, 0.001449, 0.001417, 0.001384, 0.001354, 0.001265, 0.001383, 0.001379, 0.001317, 0.001377, 0.001467, 0.001431, 0.001426, 0.001485, 0.001603, 0.001473, 0.001405, 0.001411, 0.001503, 0.001470, 0.001558, 0.001497, 0.001559, 0.001642, 0.001642, 0.001526, 0.001529, 0.001494, 0.001555, 0.001553, 0.001486, 0.001453, 0.001641, 0.001574, 0.001484, 0.001422, 0.001605, 0.001600, 0.001662, 0.001631, 0.001636, 0.001421, 0.001569, 0.001479, 0.001727, 0.001601, 0.001753, 0.001542, 0.001639, 0.001576, 0.001727, 0.001540, 0.001667, 0.001568, 0.001632, 0.001389, 0.001689, 0.001471, 0.001658, 0.001533
13 , 2, 2, 2, 2, 2, 2, 2
13 , 0.005996, 0.006021, 0.006067, 0.005776, 0.005705, 0.005363, 0.005486
14 , 0.001405, 0.001411, 0.001503, 0.001470, 0.001558, 0.001497, 0.001559, 0.001642, 0.001642, 0.001526, 0.001529, 0.001494, 0.001555, 0.001553, 0.001486, 0.001453, 0.001641, 0.001574, 0.001484, 0.001422, 0.001605, 0.001600, 0.001662, 0.001631, 0.001636, 0.001421, 0.001569, 0.001479, 0.001727, 0.001601, 0.001753, 0.001542, 0.001639, 0.001576, 0.001727, 0.001540, 0.001667, 0.001568, 0.001632, 0.001389, 0.001689, 0.001471, 0.001658, 0.001533, 0.001629, 0.001507, 0.001759, 0.001546, 0.001581, 0.001462, 0.001653, 0.001616, 0.001560, 0.001372, 0.001679, 0.001524, 0.001562, 0.001408, 0.001623, 0.001345, 0.001504, 0.001409, 0.001681, 0.001461, 0.001592, 0.001406, 0.001530, 0.001398, 0.001550, 0.001427, 0.001578, 0.001388, 0.001542, 0.001448, 0.001577, 0.001509, 0.001602, 0.001505, 0.001722, 0.001504, 0.001749, 0.001383, 0.001635, 0.001510, 0.001700, 0.001519, 0.001558, 0.001400, 0.001589, 0.001374, 0.001538, 0.001292
14 , 0, 0, 0, 0, 0, 0, 0
14 , 0.001780, 0.001955, 0.002048, 0.001975, 0.001973, 0.001626, 0.001439
15 , 0.001581, 0.001462, 0.001653, 0.001616, 0.001560, 0.001372, 0.001679, 0.001524, 0.001562, 0.001408, 0.001623, 0.001345, 0.001504, 0.001409, 0.001681, 0.001461, 0.001592, 0.001406, 0.001530, 0.001398, 0.001550, 0.001427, 0.001578, 0.001388, 0.001542, 0.001448, 0.001577, 0.001509, 0.001602, 0.001505, 0.001722, 0.001504, 0.001749, 0.001383, 0.001635, 0.001510, 0.001700, 0.001519, 0.001558, 0.001400, 0.001589, 0.001374, 0.001538, 0.001292, 0.001601, 0.001425, 0.001555, 0.001333, 0.001548, 0.001514, 0.001609, 0.001424, 0.001459, 0.001365, 0.001490, 0.001337, 0.001341, 0.001400, 0.001527, 0.001367, 0.001486, 0.001331, 0.001429, 0.001362, 0.001668, 0.001541, 0.001577, 0.001512, 0.001540, 0.001349, 0.001377, 0.001404, 0.001432, 0.001396, 0.001455, 0.001418, 0.001623, 0.001524, 0.001617, 0.001612, 0.001643, 0.001673, 0.001706, 0.001554, 0.001649, 0.001649, 0.001534, 0.001486, 0.001553, 0.001580, 0.001495, 0.001438
15 , 2, 2, 0, 0, 0, 0, 0
15 , 0.001838, 0.001628, 0.001930, 0.002415, 0.002143, 0.002515, 0.002774
16 , 0.001459, 0.001365, 0.001490, 0.001337, 0.001341, 0.001400, 0.001527, 0.001367, 0.001486, 0.001331, 0.001429, 0.001362, 0.001668, 0.001541, 0.001577, 0.001512, 0.001540, 0.001349, 0.001377, 0.001404, 0.001432, 0.001396, 0.001455, 0.001418, 0.001623, 0.001524, 0.001617, 0.001612, 0.001643, 0.001673, 0.001706, 0.001554, 0.001649, 0.001649, 0.001534, 0.001486, 0.001553, 0.001580, 0.001495, 0.001438, 0.001445, 0.001452, 0.001453, 0.001422, 0.001405, 0.001403, 0.001518, 0.001519, 0.001458, 0.001517, 0.001514, 0.001518, 0.001483, 0.001486, 0.001459, 0.001425, 0.001422, 0.001518, 0.001510, 0.001546, 0.001485, 0.001487, 0.001455, 0.001507, 0.001472, 0.001560, 0.001494, 0.001675, 0.001488, 0.001674, 0.001550, 0.001703, 0.001513, 0.001667, 0.001482, 0.001611, 0.001422, 0.001672, 0.001612, 0.001679, 0.001466, 0.001656, 0.001377, 0.001506, 0.001479, 0.001581, 0.001339, 0.001533, 0.001318, 0.001508, 0.001264, 0.001420
16 , 0, 0, 0, 0, 3, 3, 3
16 , 0.002697, 0.002746, 0.002214, 0.002202, 0.002709, 0.002759, 0.002957
