0 , 0.001948, 0.001789, 0.001901, 0.001919, 0.001930, 0.001984, 0.001906, 0.002042, 0.001920, 0.002122, 0.001912, 0.002049, 0.002076, 0.002081, 0.002237, 0.002094, 0.002371, 0.002204, 0.002336, 0.002345, 0.002204, 0.002458, 0.002605, 0.000709, 0.001332, 0.000915, 0.001059, 0.000856, 0.001055, 0.001031, 0.001162, 0.001054, 0.001336, 0.001288, 0.001553, 0.001263, 0.001385, 0.001409, 0.001500, 0.001221, 0.001436, 0.001310, 0.001493, 0.001397, 0.001515, 0.001447, 0.001642, 0.000789, 0.001567, 0.001523, 0.001694, 0.001704, 0.001657, 0.001732, 0.002136, 0.001904, 0.001958, 0.001736, 0.001958, 0.002089, 0.001978, 0.002056, 0.001884, 0.002120, 0.002035, 0.002056, 0.001940, 0.002035, 0.002267, 0.001903, 0.002181, 0.001191, 0.000901, 0.001423, 0.001404, 0.001325, 0.001105, 0.001260, 0.001227, 0.001259, 0.001196, 0.001321, 0.001317, 0.001308, 0.001370, 0.001256, 0.001289, 0.001344, 0.001286, 0.001368, 0.001338, 0.001368
0 , 1, 1, 1, 1, 1, 1, 1
0 , 0.020656, 0.024215, 0.027716, 0.030909, 0.033674, 0.030605, 0.029774
1 , 0.001694, 0.001704, 0.001657, 0.001732, 0.002136, 0.001904, 0.001958, 0.001736, 0.001958, 0.002089, 0.001978, 0.002056, 0.001884, 0.002120, 0.002035, 0.002056, 0.001940, 0.002035, 0.002267, 0.001903, 0.002181, 0.001191, 0.000901, 0.001423, 0.001404, 0.001325, 0.001105, 0.001260, 0.001227, 0.001259, 0.001196, 0.001321, 0.001317, 0.001308, 0.001370, 0.001256, 0.001289, 0.001344, 0.001286, 0.001368, 0.001338, 0.001368, 0.001301, 0.001368, 0.001391, 0.001222, 0.001371, 0.000158, 0.001552, 0.001631, 0.001808, 0.001631, 0.001780, 0.001914, 0.001793, 0.001887, 0.001665, 0.001901, 0.001796, 0.001891, 0.001877, 0.001810, 0.002029, 0.001793, 0.001837, 0.001759, 0.001894, 0.001951, 0.001742, 0.001880, 0.001703, 0.002026, 0.000289, 0.001664, 0.001433, 0.001626, 0.001432, 0.001409, 0.001280, 0.001470, 0.001285, 0.001484, 0.001176, 0.001399, 0.001277, 0.001404, 0.001151, 0.001366, 0.001275, 0.001222, 0.001224, 0.001446
1 , 1, 1, 1, 1, 1, 1, 1
1 , 0.017783, 0.020280, 0.023169, 0.023245, 0.025868, 0.023206, 0.023203
2 , 0.001808, 0.001631, 0.001780, 0.001914, 0.001793, 0.001887, 0.001665, 0.001901, 0.001796, 0.001891, 0.001877, 0.001810, 0.002029, 0.001793, 0.001837, 0.001759, 0.001894, 0.001951, 0.001742, 0.001880, 0.001703, 0.002026, 0.000289, 0.001664, 0.001433, 0.001626, 0.001432, 0.001409, 0.001280, 0.001470, 0.001285, 0.001484, 0.001176, 0.001399, 0.001277, 0.001404, 0.001151, 0.001366, 0.001275, 0.001222, 0.001224, 0.001446, 0.001222, 0.001275, 0.001219, 0.000656, 0.001339, 0.001835, 0.001707, 0.001884, 0.002031, 0.002028, 0.001967, 0.001907, 0.002196, 0.001967, 0.002029, 0.001823, 0.001938, 0.001887, 0.001803, 0.001964, 0.001670, 0.001840, 0.001700, 0.001713, 0.001713, 0.001606, 0.001852, 0.001748, 0.001747, 0.001839, 0.000524, 0.001419, 0.001695, 0.001593, 0.001564, 0.001378, 0.001412, 0.001326, 0.001481, 0.001230, 0.001420, 0.001297, 0.001515, 0.001332, 0.001554, 0.001276, 0.001500, 0.001192, 0.001415, 0.001227
2 , 1, 1, 1, 1, 1, 1, 1
2 , 0.015400, 0.019077, 0.021701, 0.023710, 0.021096, 0.019129, 0.017918
3 , 0.001884, 0.002031, 0.002028, 0.001967, 0.001907, 0.002196, 0.001967, 0.002029, 0.001823, 0.001938, 0.001887, 0.001803, 0.001964, 0.001670, 0.001840, 0.001700, 0.001713, 0.001713, 0.001606, 0.001852, 0.001748, 0.001747, 0.001839, 0.000524, 0.001419, 0.001695, 0.001593, 0.001564, 0.001378, 0.001412, 0.001326, 0.001481, 0.001230, 0.001420, 0.001297, 0.001515, 0.001332, 0.001554, 0.001276, 0.001500, 0.001192, 0.001415, 0.001227, 0.001391, 0.001300, 0.001370, 0.001207, 0.001248, 0.001154, 0.000716, 0.001769, 0.001928, 0.001851, 0.001910, 0.002069, 0.002016, 0.002103, 0.001949, 0.002228, 0.002069, 0.002144, 0.002003, 0.001889, 0.002092, 0.001971, 0.002126, 0.001968, 0.001924, 0.001985, 0.001918, 0.002086, 0.001716, 0.002129, 0.001581, 0.001097, 0.001678, 0.001530, 0.001383, 0.001436, 0.001372, 0.001339, 0.001365, 0.001398, 0.001397, 0.001336, 0.001308, 0.001369, 0.001339, 0.001277, 0.001252, 0.001191, 0.001322
3 , 1, 1, 1, 1, 1, 1, 1
3 , 0.015584, 0.018068, 0.019633, 0.021857, 0.023205, 0.022966, 0.024333
4 , 0.001851, 0.001910, 0.002069, 0.002016, 0.002103, 0.001949, 0.002228, 0.002069, 0.002144, 0.002003, 0.001889, 0.002092, 0.001971, 0.002126, 0.001968, 0.001924, 0.001985, 0.001918, 0.002086, 0.001716, 0.002129, 0.001581, 0.001097, 0.001678, 0.001530, 0.001383, 0.001436, 0.001372, 0.001339, 0.001365, 0.001398, 0.001397, 0.001336, 0.001308, 0.001369, 0.001339, 0.001277, 0.001252, 0.001191, 0.001322, 0.001382, 0.001207, 0.001172, 0.001315, 0.001343, 0.000075, 0.001882, 0.001665, 0.001870, 0.001881, 0.002094, 0.002071, 0.001931, 0.002248, 0.002101, 0.002108, 0.002074, 0.002122, 0.002117, 0.001999, 0.002155, 0.001925, 0.002087, 0.002163, 0.002106, 0.002137, 0.001983, 0.002203, 0.002151, 0.002190, 0.000481, 0.001333, 0.001389, 0.001269, 0.001447, 0.001235, 0.001208, 0.001169, 0.001325, 0.001195, 0.001288, 0.001248, 0.001428, 0.001185, 0.001338, 0.001243, 0.001404, 0.001106, 0.001270, 0.001054, 0.001178, 0.000999
4 , 1, 1, 1, 1, 1, 1, 1
4 , 0.026262, 0.029539, 0.035080, 0.032511, 0.031029, 0.030462, 0.028952
5 , 0.001870, 0.001881, 0.002094, 0.002071, 0.001931, 0.002248, 0.002101, 0.002108, 0.002074, 0.002122, 0.002117, 0.001999, 0.002155, 0.001925, 0.002087, 0.002163, 0.002106, 0.002137, 0.001983, 0.002203, 0.002151, 0.002190, 0.000481, 0.001333, 0.001389, 0.001269, 0.001447, 0.001235, 0.001208, 0.001169, 0.001325, 0.001195, 0.001288, 0.001248, 0.001428, 0.001185, 0.001338, 0.001243, 0.001404, 0.001106, 0.001270, 0.001054, 0.001178, 0.000999, 0.001161, 0.001052, 0.001277, 0.000447, 0.001557, 0.001947, 0.002045, 0.002026, 0.001958, 0.001920, 0.002162, 0.002007, 0.002231, 0.002170, 0.002310, 0.002144, 0.002178, 0.002212, 0.002045, 0.002313, 0.002056, 0.002191, 0.001979, 0.002122, 0.002262, 0.002094, 0.002133, 0.002099, 0.000742, 0.001371, 0.001424, 0.001529, 0.001526, 0.001397, 0.001427, 0.001355, 0.001509, 0.001257, 0.001501, 0.001346, 0.001590, 0.001406, 0.001503, 0.001290, 0.001507, 0.001382, 0.001481, 0.001259
5 , 1, 1, 1, 1, 1, 1, 1
5 , 0.022703, 0.027852, 0.030876, 0.034044, 0.035021, 0.032917, 0.031087
6 , 0.002045, 0.002026, 0.001958, 0.001920, 0.002162, 0.002007, 0.002231, 0.002170, 0.002310, 0.002144, 0.002178, 0.002212, 0.002045, 0.002313, 0.002056, 0.002191, 0.001979, 0.002122, 0.002262, 0.002094, 0.002133, 0.002099, 0.000742, 0.001371, 0.001424, 0.001529, 0.001526, 0.001397, 0.001427, 0.001355, 0.001509, 0.001257, 0.001501, 0.001346, 0.001590, 0.001406, 0.001503, 0.001290, 0.001507, 0.001382, 0.001481, 0.001259, 0.001419, 0.001259, 0.001364, 0.001077, 0.000692, 0.001648, 0.001648, 0.001567, 0.001705, 0.001823, 0.001779, 0.001840, 0.001776, 0.001961, 0.001870, 0.001981, 0.001729, 0.001769, 0.001880, 0.001789, 0.001985, 0.001671, 0.001880, 0.002049, 0.002022, 0.001951, 0.001769, 0.002156, 0.001630, 0.001059, 0.001577, 0.001374, 0.001270, 0.001268, 0.001239, 0.001232, 0.001140, 0.001275, 0.001251, 0.001192, 0.001205, 0.001301, 0.001182, 0.001216, 0.001248, 0.001042, 0.001138, 0.001129, 0.001130, 0.001191
6 , 1, 1, 1, 1, 1, 1, 1
6 , 0.021170, 0.024593, 0.028330, 0.031268, 0.028396, 0.027878, 0.027296
7 , 0.001567, 0.001705, 0.001823, 0.001779, 0.001840, 0.001776, 0.001961, 0.001870, 0.001981, 0.001729, 0.001769, 0.001880, 0.001789, 0.001985, 0.001671, 0.001880, 0.002049, 0.002022, 0.001951, 0.001769, 0.002156, 0.001630, 0.001059, 0.001577, 0.001374, 0.001270, 0.001268, 0.001239, 0.001232, 0.001140, 0.001275, 0.001251, 0.001192, 0.001205, 0.001301, 0.001182, 0.001216, 0.001248, 0.001042, 0.001138, 0.001129, 0.001130, 0.001191, 0.001134, 0.001092, 0.001086, 0.001203, 0.000045, 0.002028, 0.001833, 0.002185, 0.002159, 0.002230, 0.002113, 0.002072, 0.002386, 0.002140, 0.002272, 0.002056, 0.002241, 0.002169, 0.002139, 0.002162, 0.002041, 0.002238, 0.002204, 0.002087, 0.002151, 0.001973, 0.002270, 0.002144, 0.002056, 0.000213, 0.001260, 0.001494, 0.001372, 0.001459, 0.001146, 0.001333, 0.001244, 0.001430, 0.001323, 0.001417, 0.001199, 0.001413, 0.001156, 0.001428, 0.001276, 0.001432, 0.001239, 0.001400, 0.001160
7 , 1, 1, 1, 1, 1, 1, 1
7 , 0.022960, 0.026330, 0.029963, 0.032296, 0.035430, 0.032071, 0.030438
8 , 0.002185, 0.002159, 0.002230, 0.002113, 0.002072, 0.002386, 0.002140, 0.002272, 0.002056, 0.002241, 0.002169, 0.002139, 0.002162, 0.002041, 0.002238, 0.002204, 0.002087, 0.002151, 0.001973, 0.002270, 0.002144, 0.002056, 0.000213, 0.001260, 0.001494, 0.001372, 0.001459, 0.001146, 0.001333, 0.001244, 0.001430, 0.001323, 0.001417, 0.001199, 0.001413, 0.001156, 0.001428, 0.001276, 0.001432, 0.001239, 0.001400, 0.001160, 0.001441, 0.001176, 0.001411, 0.000722, 0.001283, 0.001949, 0.001990, 0.002047, 0.002033, 0.002124, 0.002149, 0.002078, 0.002202, 0.002113, 0.002301, 0.002055, 0.002093, 0.002081, 0.001990, 0.002322, 0.002119, 0.002130, 0.001983, 0.002088, 0.002149, 0.002010, 0.001968, 0.002106, 0.000939, 0.001314, 0.001474, 0.001513, 0.001484, 0.001263, 0.001415, 0.001312, 0.001397, 0.001197, 0.001473, 0.001223, 0.001413, 0.001199, 0.001355, 0.001229, 0.001474, 0.001235, 0.001336, 0.001211, 0.001289, 0.001132
8 , 1, 1, 1, 1, 1, 1, 1
8 , 0.028542, 0.032942, 0.036680, 0.037140, 0.032690, 0.030872, 0.029310
9 , 0.002047, 0.002033, 0.002124, 0.002149, 0.002078, 0.002202, 0.002113, 0.002301, 0.002055, 0.002093, 0.002081, 0.001990, 0.002322, 0.002119, 0.002130, 0.001983, 0.002088, 0.002149, 0.002010, 0.001968, 0.002106, 0.000939, 0.001314, 0.001474, 0.001513, 0.001484, 0.001263, 0.001415, 0.001312, 0.001397, 0.001197, 0.001473, 0.001223, 0.001413, 0.001199, 0.001355, 0.001229, 0.001474, 0.001235, 0.001336, 0.001211, 0.001289, 0.001132, 0.001420, 0.001146, 0.001251, 0.001173, 0.000574, 0.001818, 0.001941, 0.001841, 0.001870, 0.001893, 0.001957, 0.001935, 0.001765, 0.002097, 0.001987, 0.002012, 0.001937, 0.002130, 0.002210, 0.002044, 0.002124, 0.001973, 0.002094, 0.002102, 0.002170, 0.002082, 0.002090, 0.002410, 0.001911, 0.000944, 0.001414, 0.001177, 0.001000, 0.001107, 0.000975, 0.001147, 0.001155, 0.001206, 0.001041, 0.001186, 0.001113, 0.001351, 0.001223, 0.001398, 0.001272, 0.001423, 0.001417, 0.001416, 0.001417
9 , 1, 1, 1, 1, 1, 1, 1
9 , 0.026332, 0.029442, 0.031967, 0.032910, 0.034664, 0.032591, 0.030916
10 , 0.001841, 0.001870, 0.001893, 0.001957, 0.001935, 0.001765, 0.002097, 0.001987, 0.002012, 0.001937, 0.002130, 0.002210, 0.002044, 0.002124, 0.001973, 0.002094, 0.002102, 0.002170, 0.002082, 0.002090, 0.002410, 0.001911, 0.000944, 0.001414, 0.001177, 0.001000, 0.001107, 0.000975, 0.001147, 0.001155, 0.001206, 0.001041, 0.001186, 0.001113, 0.001351, 0.001223, 0.001398, 0.001272, 0.001423, 0.001417, 0.001416, 0.001417, 0.001502, 0.001240, 0.001523, 0.000377, 0.001624, 0.001446, 0.001786, 0.001705, 0.001813, 0.001732, 0.001847, 0.001941, 0.001867, 0.001945, 0.001789, 0.002116, 0.001880, 0.001853, 0.001984, 0.001880, 0.002049, 0.001953, 0.002044, 0.002103, 0.002099, 0.002165, 0.002078, 0.002151, 0.001913, 0.002276, 0.000188, 0.001339, 0.001334, 0.001406, 0.001217, 0.001257, 0.001132, 0.001260, 0.001108, 0.001264, 0.001113, 0.001148, 0.001058, 0.001118, 0.001035, 0.001189, 0.001185, 0.001187, 0.001101, 0.001194
10 , 1, 1, 1, 1, 1, 1, 1
10 , 0.024768, 0.028297, 0.033746, 0.035011, 0.035695, 0.032310, 0.030961
11 , 0.001813, 0.001732, 0.001847, 0.001941, 0.001867, 0.001945, 0.001789, 0.002116, 0.001880, 0.001853, 0.001984, 0.001880, 0.002049, 0.001953, 0.002044, 0.002103, 0.002099, 0.002165, 0.002078, 0.002151, 0.001913, 0.002276, 0.000188, 0.001339, 0.001334, 0.001406, 0.001217, 0.001257, 0.001132, 0.001260, 0.001108, 0.001264, 0.001113, 0.001148, 0.001058, 0.001118, 0.001035, 0.001189, 0.001185, 0.001187, 0.001101, 0.001194, 0.001026, 0.001145, 0.001077, 0.001222, 0.001270, 0.001232, 0.001282, 0.001358, 0.001315, 0.001433, 0.001334, 0.001423, 0.001385, 0.001558, 0.001494, 0.001618, 0.001547, 0.001634, 0.001593, 0.001623, 0.001614, 0.001616, 0.001556, 0.001649, 0.001559, 0.001534, 0.001409, 0.001596, 0.001509, 0.001571, 0.001483, 0.001555, 0.001439, 0.001474, 0.001200, 0.001456, 0.001276, 0.001318, 0.001322, 0.001305, 0.001224, 0.001411, 0.001286, 0.001347, 0.001341, 0.001408, 0.001341, 0.001399, 0.001237, 0.001397
11 , 1, 1, 1, 1, 1, 1, 1
11 , 0.016388, 0.018508, 0.020058, 0.021986, 0.019984, 0.019975, 0.020013
12 , 0.001358, 0.001315, 0.001433, 0.001334, 0.001423, 0.001385, 0.001558, 0.001494, 0.001618, 0.001547, 0.001634, 0.001593, 0.001623, 0.001614, 0.001616, 0.001556, 0.001649, 0.001559, 0.001534, 0.001409, 0.001596, 0.001509, 0.001571, 0.001483, 0.001555, 0.001439, 0.001474, 0.001200, 0.001456, 0.001276, 0.001318, 0.001322, 0.001305, 0.001224, 0.001411, 0.001286, 0.001347, 0.001341, 0.001408, 0.001341, 0.001399, 0.001237, 0.001397, 0.001240, 0.001358, 0.001179, 0.001391, 0.001354, 0.001436, 0.001369, 0.001554, 0.001391, 0.001386, 0.001322, 0.001422, 0.001385, 0.001507, 0.001381, 0.001597, 0.001469, 0.001591, 0.001434, 0.001530, 0.001433, 0.001526, 0.001470, 0.001529, 0.001310, 0.001526, 0.001368, 0.001552, 0.001436, 0.001594, 0.001534, 0.001631, 0.001449, 0.001575, 0.001358, 0.001484, 0.001393, 0.001524, 0.001378, 0.001566, 0.001347, 0.001483, 0.001327, 0.001423, 0.001358, 0.001430, 0.001185, 0.001311, 0.001338
12 , 2, 2, 1, 1, 1, 1, 1
12 , 0.003079, 0.002761, 0.003398, 0.004116, 0.004684, 0.005402, 0.005910
13 , 0.001386, 0.001322, 0.001422, 0.001385, 0.001507, 0.001381, 0.001597, 0.001469, 0.001591, 0.001434, 0.001530, 0.001433, 0.001526, 0.001470, 0.001529, 0.001310, 0.001526, 0.001368, 0.001552, 0.001436, 0.001594, 0.001534, 0.001631, 0.001449, 0.001575, 0.001358, 0.001484, 0.001393, 0.001524, 0.001378, 0.001566, 0.001347, 0.001483, 0.001327, 0.001423, 0.001358, 0.001430, 0.001185, 0.001311, 0.001338, 0.001380, 0.001250, 0.001498, 0.001285, 0.001389, 0.001285, 0.001378, 0.001251, 0.001369, 0.001322, 0.001469, 0.001402, 0.001489, 0.001292, 0.001597, 0.001410, 0.001622, 0.001376, 0.001569, 0.001389, 0.001463, 0.001347, 0.001485, 0.001333, 0.001475, 0.001185, 0.001355, 0.001150, 0.001175, 0.001037, 0.001160, 0.000900, 0.001121, 0.000882, 0.001051, 0.000897, 0.000962, 0.000858, 0.000975, 0.000871, 0.001076, 0.001012, 0.001288, 0.001209, 0.001399, 0.001384, 0.001633, 0.001519, 0.001719, 0.001581, 0.001821, 0.001484
13 , 1, 1, 1, 1, 1, 1, 2
13 , 0.005785, 0.005280, 0.004599, 0.004357, 0.003803, 0.003309, 0.002867
14 , 0.001378, 0.001251, 0.001369, 0.001322, 0.001469, 0.001402, 0.001489, 0.001292, 0.001597, 0.001410, 0.001622, 0.001376, 0.001569, 0.001389, 0.001463, 0.001347, 0.001485, 0.001333, 0.001475, 0.001185, 0.001355, 0.001150, 0.001175, 0.001037, 0.001160, 0.000900, 0.001121, 0.000882, 0.001051, 0.000897, 0.000962, 0.000858, 0.000975, 0.000871, 0.001076, 0.001012, 0.001288, 0.001209, 0.001399, 0.001384, 0.001633, 0.001519, 0.001719, 0.001581, 0.001821, 0.001484, 0.001728, 0.001574, 0.001728, 0.001690, 0.001907, 0.001627, 0.001718, 0.001599, 0.001854, 0.001671, 0.001863, 0.001626, 0.001640, 0.001430, 0.001660, 0.001481, 0.001521, 0.001439, 0.001416, 0.001235, 0.001433, 0.001195, 0.001470, 0.001312, 0.001436, 0.001369, 0.001505, 0.001369, 0.001527, 0.001394, 0.001453, 0.001322, 0.001538, 0.001470, 0.001480, 0.001420, 0.001307, 0.001269, 0.001419, 0.001323, 0.001419, 0.001174, 0.001443, 0.001288, 0.001473, 0.001469
14 , 1, 1, 1, 1, 1, 1, 1
14 , 0.010513, 0.009610, 0.009114, 0.008076, 0.007323, 0.006359, 0.005211
15 , 0.001728, 0.001574, 0.001728, 0.001690, 0.001907, 0.001627, 0.001718, 0.001599, 0.001854, 0.001671, 0.001863, 0.001626, 0.001640, 0.001430, 0.001660, 0.001481, 0.001521, 0.001439, 0.001416, 0.001235, 0.001433, 0.001195, 0.001470, 0.001312, 0.001436, 0.001369, 0.001505, 0.001369, 0.001527, 0.001394, 0.001453, 0.001322, 0.001538, 0.001470, 0.001480, 0.001420, 0.001307, 0.001269, 0.001419, 0.001323, 0.001419, 0.001174, 0.001443, 0.001288, 0.001473, 0.001469, 0.001317, 0.001342, 0.001458, 0.001454, 0.001571, 0.001508, 0.001449, 0.001349, 0.001530, 0.001502, 0.001564, 0.001564, 0.001536, 0.001478, 0.001483, 0.001453, 0.001510, 0.001511, 0.001542, 0.001571, 0.001543, 0.001634, 0.001488, 0.001370, 0.001372, 0.001443, 0.001346, 0.001498, 0.001492, 0.001493, 0.001461, 0.001553, 0.001491, 0.001517, 0.001450, 0.001510, 0.001503, 0.001681, 0.001554, 0.001711, 0.001522, 0.001616, 0.001612, 0.001730, 0.001572, 0.001751
15 , 2, 2, 2, 2, 2, 2, 2
15 , 0.006401, 0.006043, 0.005919, 0.005830, 0.005631, 0.005534, 0.005163
16 , 0.001317, 0.001342, 0.001458, 0.001454, 0.001571, 0.001508, 0.001449, 0.001349, 0.001530, 0.001502, 0.001564, 0.001564, 0.001536, 0.001478, 0.001483, 0.001453, 0.001510, 0.001511, 0.001542, 0.001571, 0.001543, 0.001634, 0.001488, 0.001370, 0.001372, 0.001443, 0.001346, 0.001498, 0.001492, 0.001493, 0.001461, 0.001553, 0.001491, 0.001517, 0.001450, 0.001510, 0.001503, 0.001681, 0.001554, 0.001711, 0.001522, 0.001616, 0.001612, 0.001730, 0.001572, 0.001751, 0.001473, 0.001543, 0.001483, 0.001520, 0.001553, 0.001617, 0.001311, 0.001592, 0.001410, 0.001507, 0.001330, 0.001517, 0.001361, 0.001609, 0.001394, 0.001501, 0.001380, 0.001419, 0.001359, 0.001529, 0.001261, 0.001388, 0.001209, 0.001366, 0.001357, 0.001412, 0.001279, 0.001458, 0.001319, 0.001501, 0.001407, 0.001554, 0.001304, 0.001615, 0.001427, 0.001519, 0.001360, 0.001395, 0.001381, 0.001654, 0.001526, 0.001680, 0.001488, 0.001638, 0.001510, 0.001819
16 , 3, 0, 0, 0, 0, 0, 0
16 , 0.002052, 0.001153, 0.001818, 0.002069, 0.002185, 0.002899, 0.003254
