0 , 0.001436, 0.001597, 0.001739, 0.001651, 0.001745, 0.001546, 0.001836, 0.001643, 0.001756, 0.001608, 0.001544, 0.001636, 0.001530, 0.001849, 0.001512, 0.001554, 0.001724, 0.001633, 0.001730, 0.001464, 0.001778, 0.001847, 0.001910, 0.000676, 0.001608, 0.001665, 0.001618, 0.001555, 0.001381, 0.001486, 0.001273, 0.001287, 0.001132, 0.001296, 0.001075, 0.001322, 0.001252, 0.001345, 0.001254, 0.001377, 0.001249, 0.001280, 0.001162, 0.001410, 0.001201, 0.001480, 0.000622, 0.001226, 0.001638, 0.001622, 0.001598, 0.001935, 0.001714, 0.001944, 0.001715, 0.001965, 0.001752, 0.001712, 0.001927, 0.001779, 0.001863, 0.001741, 0.001940, 0.001840, 0.001850, 0.001911, 0.001688, 0.001988, 0.001870, 0.001785, 0.001967, 0.000402, 0.001341, 0.001602, 0.001472, 0.001537, 0.001352, 0.001416, 0.001258, 0.001440, 0.001287, 0.001476, 0.001289, 0.001472, 0.001337, 0.001486, 0.001351, 0.001687, 0.001529, 0.001624, 0.001432, 0.001620
0 , 1, 1, 1, 1, 1, 1, 1
0 , 0.009966, 0.011222, 0.013837, 0.016997, 0.016190, 0.013712, 0.013664
1 , 0.001622, 0.001598, 0.001935, 0.001714, 0.001944, 0.001715, 0.001965, 0.001752, 0.001712, 0.001927, 0.001779, 0.001863, 0.001741, 0.001940, 0.001840, 0.001850, 0.001911, 0.001688, 0.001988, 0.001870, 0.001785, 0.001967, 0.000402, 0.001341, 0.001602, 0.001472, 0.001537, 0.001352, 0.001416, 0.001258, 0.001440, 0.001287, 0.001476, 0.001289, 0.001472, 0.001337, 0.001486, 0.001351, 0.001687, 0.001529, 0.001624, 0.001432, 0.001620, 0.001545, 0.001639, 0.001485, 0.001464, 0.001224, 0.000509, 0.001489, 0.001619, 0.001573, 0.001698, 0.001833, 0.001634, 0.001830, 0.001722, 0.001927, 0.001860, 0.001762, 0.001799, 0.001681, 0.002005, 0.001829, 0.001995, 0.001751, 0.001808, 0.001960, 0.001860, 0.002001, 0.001856, 0.002094, 0.001449, 0.001134, 0.001736, 0.001653, 0.001531, 0.001435, 0.001470, 0.001502, 0.001437, 0.001380, 0.001378, 0.001372, 0.001435, 0.001336, 0.001456, 0.001459, 0.001522, 0.001454, 0.001541, 0.001471
1 , 1, 1, 1, 1, 1, 1, 1
1 , 0.008995, 0.011100, 0.012936, 0.014546, 0.014021, 0.015480, 0.014642
2 , 0.001573, 0.001698, 0.001833, 0.001634, 0.001830, 0.001722, 0.001927, 0.001860, 0.001762, 0.001799, 0.001681, 0.002005, 0.001829, 0.001995, 0.001751, 0.001808, 0.001960, 0.001860, 0.002001, 0.001856, 0.002094, 0.001449, 0.001134, 0.001736, 0.001653, 0.001531, 0.001435, 0.001470, 0.001502, 0.001437, 0.001380, 0.001378, 0.001372, 0.001435, 0.001336, 0.001456, 0.001459, 0.001522, 0.001454, 0.001541, 0.001471, 0.001447, 0.001506, 0.001396, 0.001546, 0.000397, 0.001502, 0.001189, 0.001577, 0.001718, 0.001516, 0.001634, 0.001570, 0.001923, 0.001631, 0.001688, 0.001631, 0.001732, 0.001893, 0.001829, 0.001829, 0.001584, 0.001880, 0.001890, 0.001749, 0.001843, 0.001725, 0.001968, 0.001892, 0.001873, 0.001810, 0.002019, 0.000067, 0.001546, 0.001437, 0.001413, 0.001309, 0.001430, 0.001335, 0.001363, 0.001293, 0.001444, 0.001431, 0.001529, 0.001277, 0.001489, 0.001333, 0.001483, 0.001323, 0.001479, 0.001419, 0.001450
2 , 1, 1, 1, 1, 1, 1, 1
2 , 0.010047, 0.012465, 0.016697, 0.017142, 0.018078, 0.015412, 0.015031
3 , 0.001516, 0.001634, 0.001570, 0.001923, 0.001631, 0.001688, 0.001631, 0.001732, 0.001893, 0.001829, 0.001829, 0.001584, 0.001880, 0.001890, 0.001749, 0.001843, 0.001725, 0.001968, 0.001892, 0.001873, 0.001810, 0.002019, 0.000067, 0.001546, 0.001437, 0.001413, 0.001309, 0.001430, 0.001335, 0.001363, 0.001293, 0.001444, 0.001431, 0.001529, 0.001277, 0.001489, 0.001333, 0.001483, 0.001323, 0.001479, 0.001419, 0.001450, 0.001418, 0.001419, 0.001509, 0.001427, 0.001471, 0.000851, 0.001183, 0.001742, 0.001633, 0.001721, 0.001779, 0.001721, 0.001826, 0.001633, 0.001815, 0.001856, 0.001951, 0.001933, 0.001862, 0.002031, 0.001953, 0.002044, 0.001862, 0.001835, 0.002011, 0.001963, 0.001846, 0.001876, 0.001864, 0.002068, 0.000492, 0.001783, 0.001575, 0.001537, 0.001375, 0.001460, 0.001366, 0.001426, 0.001229, 0.001499, 0.001372, 0.001586, 0.001364, 0.001550, 0.001575, 0.001672, 0.001482, 0.001631, 0.001387, 0.001667
3 , 1, 1, 1, 1, 1, 1, 1
3 , 0.012122, 0.013721, 0.015274, 0.016713, 0.016196, 0.014602, 0.014618
4 , 0.001742, 0.001633, 0.001721, 0.001779, 0.001721, 0.001826, 0.001633, 0.001815, 0.001856, 0.001951, 0.001933, 0.001862, 0.002031, 0.001953, 0.002044, 0.001862, 0.001835, 0.002011, 0.001963, 0.001846, 0.001876, 0.001864, 0.002068, 0.000492, 0.001783, 0.001575, 0.001537, 0.001375, 0.001460, 0.001366, 0.001426, 0.001229, 0.001499, 0.001372, 0.001586, 0.001364, 0.001550, 0.001575, 0.001672, 0.001482, 0.001631, 0.001387, 0.001667, 0.001568, 0.001671, 0.001369, 0.001556, 0.000600, 0.001429, 0.001566, 0.001641, 0.001623, 0.001772, 0.001567, 0.001681, 0.001651, 0.001830, 0.001611, 0.001644, 0.001843, 0.001678, 0.001873, 0.001749, 0.001829, 0.001829, 0.001735, 0.001907, 0.001718, 0.001961, 0.001738, 0.001985, 0.001321, 0.000928, 0.001433, 0.001568, 0.001610, 0.001629, 0.001413, 0.001476, 0.001442, 0.001533, 0.001467, 0.001644, 0.001578, 0.001574, 0.001512, 0.001566, 0.001622, 0.001595, 0.001527, 0.001588, 0.001559
4 , 1, 1, 1, 1, 1, 1, 1
4 , 0.007203, 0.008478, 0.010529, 0.012373, 0.014589, 0.011378, 0.011309
5 , 0.001641, 0.001623, 0.001772, 0.001567, 0.001681, 0.001651, 0.001830, 0.001611, 0.001644, 0.001843, 0.001678, 0.001873, 0.001749, 0.001829, 0.001829, 0.001735, 0.001907, 0.001718, 0.001961, 0.001738, 0.001985, 0.001321, 0.000928, 0.001433, 0.001568, 0.001610, 0.001629, 0.001413, 0.001476, 0.001442, 0.001533, 0.001467, 0.001644, 0.001578, 0.001574, 0.001512, 0.001566, 0.001622, 0.001595, 0.001527, 0.001588, 0.001559, 0.001619, 0.001561, 0.001649, 0.001510, 0.001857, 0.000413, 0.001270, 0.001411, 0.001495, 0.001566, 0.001536, 0.001668, 0.001621, 0.001860, 0.001628, 0.001759, 0.001837, 0.001756, 0.001776, 0.001778, 0.001903, 0.001916, 0.001973, 0.001891, 0.001941, 0.002099, 0.001931, 0.002024, 0.001807, 0.002160, 0.000076, 0.001557, 0.001423, 0.001441, 0.001239, 0.001362, 0.001149, 0.001208, 0.001110, 0.001202, 0.001043, 0.001259, 0.001192, 0.001375, 0.001271, 0.001418, 0.001344, 0.001496, 0.001301, 0.001425
5 , 1, 1, 1, 1, 1, 1, 1
5 , 0.009769, 0.011713, 0.013981, 0.013531, 0.015878, 0.013278, 0.013471
6 , 0.001495, 0.001566, 0.001536, 0.001668, 0.001621, 0.001860, 0.001628, 0.001759, 0.001837, 0.001756, 0.001776, 0.001778, 0.001903, 0.001916, 0.001973, 0.001891, 0.001941, 0.002099, 0.001931, 0.002024, 0.001807, 0.002160, 0.000076, 0.001557, 0.001423, 0.001441, 0.001239, 0.001362, 0.001149, 0.001208, 0.001110, 0.001202, 0.001043, 0.001259, 0.001192, 0.001375, 0.001271, 0.001418, 0.001344, 0.001496, 0.001301, 0.001425, 0.001362, 0.001456, 0.001463, 0.000979, 0.000984, 0.001563, 0.001489, 0.001597, 0.001651, 0.001627, 0.001661, 0.001550, 0.001876, 0.001681, 0.001758, 0.001684, 0.001708, 0.001845, 0.001627, 0.001846, 0.001648, 0.001830, 0.001887, 0.001864, 0.001796, 0.001772, 0.001947, 0.002132, 0.000427, 0.001753, 0.001460, 0.001550, 0.001284, 0.001466, 0.001277, 0.001381, 0.001197, 0.001322, 0.001194, 0.001416, 0.001233, 0.001357, 0.001171, 0.001412, 0.001286, 0.001413, 0.001254, 0.001464, 0.001419, 0.001511
6 , 1, 1, 1, 1, 1, 1, 1
6 , 0.013779, 0.016919, 0.020149, 0.020433, 0.018090, 0.017999, 0.017819
7 , 0.001597, 0.001651, 0.001627, 0.001661, 0.001550, 0.001876, 0.001681, 0.001758, 0.001684, 0.001708, 0.001845, 0.001627, 0.001846, 0.001648, 0.001830, 0.001887, 0.001864, 0.001796, 0.001772, 0.001947, 0.002132, 0.000427, 0.001753, 0.001460, 0.001550, 0.001284, 0.001466, 0.001277, 0.001381, 0.001197, 0.001322, 0.001194, 0.001416, 0.001233, 0.001357, 0.001171, 0.001412, 0.001286, 0.001413, 0.001254, 0.001464, 0.001419, 0.001511, 0.001378, 0.001581, 0.001396, 0.001572, 0.000611, 0.001513, 0.001470, 0.001548, 0.001468, 0.001514, 0.001353, 0.001688, 0.001584, 0.001606, 0.001521, 0.001478, 0.001663, 0.001560, 0.001648, 0.001438, 0.001769, 0.001759, 0.001632, 0.001798, 0.001785, 0.001991, 0.001809, 0.001998, 0.001320, 0.000896, 0.001683, 0.001639, 0.001588, 0.001557, 0.001440, 0.001469, 0.001315, 0.001342, 0.001433, 0.001376, 0.001366, 0.001458, 0.001335, 0.001366, 0.001425, 0.001432, 0.001311, 0.001493, 0.001407
7 , 1, 1, 1, 1, 1, 1, 1
7 , 0.007956, 0.010374, 0.012407, 0.011217, 0.013024, 0.011802, 0.012111
8 , 0.001548, 0.001468, 0.001514, 0.001353, 0.001688, 0.001584, 0.001606, 0.001521, 0.001478, 0.001663, 0.001560, 0.001648, 0.001438, 0.001769, 0.001759, 0.001632, 0.001798, 0.001785, 0.001991, 0.001809, 0.001998, 0.001320, 0.000896, 0.001683, 0.001639, 0.001588, 0.001557, 0.001440, 0.001469, 0.001315, 0.001342, 0.001433, 0.001376, 0.001366, 0.001458, 0.001335, 0.001366, 0.001425, 0.001432, 0.001311, 0.001493, 0.001407, 0.001520, 0.001258, 0.001588, 0.000201, 0.001436, 0.001729, 0.001823, 0.001597, 0.001715, 0.002069, 0.001752, 0.001739, 0.001685, 0.001985, 0.001860, 0.001803, 0.001870, 0.001745, 0.001947, 0.001809, 0.001793, 0.001668, 0.001897, 0.001853, 0.001782, 0.001964, 0.001806, 0.002144, 0.000078, 0.001642, 0.001427, 0.001468, 0.001341, 0.001235, 0.001056, 0.001276, 0.001091, 0.001245, 0.001107, 0.001319, 0.001186, 0.001253, 0.001052, 0.001366, 0.001264, 0.001441, 0.001223, 0.001409, 0.001310, 0.001377
8 , 1, 1, 1, 1, 1, 1, 1
8 , 0.012450, 0.014483, 0.019544, 0.016621, 0.015413, 0.015110, 0.015233
9 , 0.001823, 0.001597, 0.001715, 0.002069, 0.001752, 0.001739, 0.001685, 0.001985, 0.001860, 0.001803, 0.001870, 0.001745, 0.001947, 0.001809, 0.001793, 0.001668, 0.001897, 0.001853, 0.001782, 0.001964, 0.001806, 0.002144, 0.000078, 0.001642, 0.001427, 0.001468, 0.001341, 0.001235, 0.001056, 0.001276, 0.001091, 0.001245, 0.001107, 0.001319, 0.001186, 0.001253, 0.001052, 0.001366, 0.001264, 0.001441, 0.001223, 0.001409, 0.001310, 0.001377, 0.001277, 0.001408, 0.001383, 0.000893, 0.001108, 0.001794, 0.001602, 0.001728, 0.001756, 0.001789, 0.001786, 0.001570, 0.001782, 0.001685, 0.001873, 0.001715, 0.001809, 0.001840, 0.001816, 0.001863, 0.001631, 0.001890, 0.001857, 0.001900, 0.001860, 0.001842, 0.001949, 0.002106, 0.000657, 0.001627, 0.001313, 0.001463, 0.001229, 0.001357, 0.001177, 0.001337, 0.001273, 0.001341, 0.001183, 0.001300, 0.001257, 0.001441, 0.001333, 0.001488, 0.001240, 0.001370, 0.001209, 0.001360
9 , 1, 1, 1, 1, 1, 1, 1
9 , 0.014663, 0.018186, 0.020022, 0.022356, 0.021882, 0.021153, 0.020875
10 , 0.001794, 0.001602, 0.001728, 0.001756, 0.001789, 0.001786, 0.001570, 0.001782, 0.001685, 0.001873, 0.001715, 0.001809, 0.001840, 0.001816, 0.001863, 0.001631, 0.001890, 0.001857, 0.001900, 0.001860, 0.001842, 0.001949, 0.002106, 0.000657, 0.001627, 0.001313, 0.001463, 0.001229, 0.001357, 0.001177, 0.001337, 0.001273, 0.001341, 0.001183, 0.001300, 0.001257, 0.001441, 0.001333, 0.001488, 0.001240, 0.001370, 0.001209, 0.001360, 0.001233, 0.001511, 0.001081, 0.001380, 0.000701, 0.001691, 0.001860, 0.001772, 0.001739, 0.001648, 0.001712, 0.001968, 0.001766, 0.001924, 0.001661, 0.001836, 0.001860, 0.001729, 0.001874, 0.001756, 0.001965, 0.001917, 0.001941, 0.001911, 0.001840, 0.002048, 0.001899, 0.002044, 0.001759, 0.001917, 0.001735, 0.000824, 0.001563, 0.001391, 0.001467, 0.001302, 0.001316, 0.001248, 0.001248, 0.001155, 0.001289, 0.001232, 0.001303, 0.001238, 0.001399, 0.001061, 0.001247, 0.001181, 0.001248
10 , 1, 1, 1, 1, 1, 1, 1
10 , 0.012731, 0.014894, 0.018142, 0.021011, 0.024363, 0.023254, 0.023412
11 , 0.001772, 0.001739, 0.001648, 0.001712, 0.001968, 0.001766, 0.001924, 0.001661, 0.001836, 0.001860, 0.001729, 0.001874, 0.001756, 0.001965, 0.001917, 0.001941, 0.001911, 0.001840, 0.002048, 0.001899, 0.002044, 0.001759, 0.001917, 0.001735, 0.000824, 0.001563, 0.001391, 0.001467, 0.001302, 0.001316, 0.001248, 0.001248, 0.001155, 0.001289, 0.001232, 0.001303, 0.001238, 0.001399, 0.001061, 0.001247, 0.001181, 0.001248, 0.001181, 0.001273, 0.001119, 0.001421, 0.001235, 0.001387, 0.001345, 0.001410, 0.001272, 0.001444, 0.001197, 0.001535, 0.001345, 0.001437, 0.001310, 0.001345, 0.001246, 0.001550, 0.001360, 0.001422, 0.001324, 0.001477, 0.001381, 0.001620, 0.001395, 0.001577, 0.001477, 0.001544, 0.001444, 0.001665, 0.001507, 0.001631, 0.001450, 0.001582, 0.001488, 0.001574, 0.001385, 0.001575, 0.001479, 0.001600, 0.001414, 0.001568, 0.001510, 0.001695, 0.001540, 0.001578, 0.001485, 0.001551, 0.001308, 0.001567
11 , 2, 2, 2, 2, 2, 2, 2
11 , 0.012679, 0.014374, 0.014991, 0.015327, 0.015413, 0.015702, 0.013858
12 , 0.001444, 0.001197, 0.001535, 0.001345, 0.001437, 0.001310, 0.001345, 0.001246, 0.001550, 0.001360, 0.001422, 0.001324, 0.001477, 0.001381, 0.001620, 0.001395, 0.001577, 0.001477, 0.001544, 0.001444, 0.001665, 0.001507, 0.001631, 0.001450, 0.001582, 0.001488, 0.001574, 0.001385, 0.001575, 0.001479, 0.001600, 0.001414, 0.001568, 0.001510, 0.001695, 0.001540, 0.001578, 0.001485, 0.001551, 0.001308, 0.001567, 0.001353, 0.001571, 0.001418, 0.001428, 0.001404, 0.001404, 0.001435, 0.001542, 0.001293, 0.001513, 0.001387, 0.001484, 0.001416, 0.001539, 0.001445, 0.001469, 0.001432, 0.001522, 0.001363, 0.001522, 0.001402, 0.001500, 0.001343, 0.001436, 0.001281, 0.001494, 0.001357, 0.001510, 0.001326, 0.001452, 0.001381, 0.001624, 0.001467, 0.001535, 0.001561, 0.001503, 0.001447, 0.001448, 0.001416, 0.001388, 0.001448, 0.001549, 0.001370, 0.001463, 0.001398, 0.001436, 0.001370, 0.001525, 0.001433, 0.001558, 0.001500
12 , 0, 0, 0, 0, 0, 0, 0
12 , 0.003133, 0.002859, 0.002654, 0.002316, 0.002043, 0.001638, 0.001161
13 , 0.001404, 0.001435, 0.001542, 0.001293, 0.001513, 0.001387, 0.001484, 0.001416, 0.001539, 0.001445, 0.001469, 0.001432, 0.001522, 0.001363, 0.001522, 0.001402, 0.001500, 0.001343, 0.001436, 0.001281, 0.001494, 0.001357, 0.001510, 0.001326, 0.001452, 0.001381, 0.001624, 0.001467, 0.001535, 0.001561, 0.001503, 0.001447, 0.001448, 0.001416, 0.001388, 0.001448, 0.001549, 0.001370, 0.001463, 0.001398, 0.001436, 0.001370, 0.001525, 0.001433, 0.001558, 0.001500, 0.001439, 0.001463, 0.001501, 0.001371, 0.001488, 0.001510, 0.001598, 0.001507, 0.001660, 0.001588, 0.001526, 0.001560, 0.001680, 0.001582, 0.001674, 0.001641, 0.001578, 0.001579, 0.001637, 0.001635, 0.001609, 0.001614, 0.001593, 0.001535, 0.001605, 0.001548, 0.001553, 0.001627, 0.001567, 0.001518, 0.001362, 0.001432, 0.001354, 0.001412, 0.001384, 0.001386, 0.001322, 0.001235, 0.001175, 0.001386, 0.001296, 0.001299, 0.001257, 0.001493, 0.001310, 0.001409
13 , 3, 3, 3, 3, 3, 3, 3
13 , 0.003342, 0.003890, 0.004089, 0.004582, 0.004601, 0.005027, 0.005557
14 , 0.001598, 0.001507, 0.001660, 0.001588, 0.001526, 0.001560, 0.001680, 0.001582, 0.001674, 0.001641, 0.001578, 0.001579, 0.001637, 0.001635, 0.001609, 0.001614, 0.001593, 0.001535, 0.001605, 0.001548, 0.001553, 0.001627, 0.001567, 0.001518, 0.001362, 0.001432, 0.001354, 0.001412, 0.001384, 0.001386, 0.001322, 0.001235, 0.001175, 0.001386, 0.001296, 0.001299, 0.001257, 0.001493, 0.001310, 0.001409, 0.001460, 0.001463, 0.001362, 0.001486, 0.001331, 0.001327, 0.001326, 0.001359, 0.001358, 0.001474, 0.001407, 0.001444, 0.001230, 0.001420, 0.001358, 0.001448, 0.001352, 0.001389, 0.001356, 0.001514, 0.001358, 0.001476, 0.001378, 0.001566, 0.001287, 0.001444, 0.001290, 0.001534, 0.001342, 0.001529, 0.001464, 0.001529, 0.001394, 0.001518, 0.001455, 0.001639, 0.001352, 0.001509, 0.001447, 0.001632, 0.001445, 0.001603, 0.001382, 0.001633, 0.001419, 0.001452, 0.001300, 0.001577, 0.001360, 0.001618, 0.001468, 0.001567
14 , 2, 2, 2, 2, 2, 2, 2
14 , 0.006001, 0.006659, 0.006687, 0.007070, 0.006927, 0.007149, 0.006591
15 , 0.001444, 0.001230, 0.001420, 0.001358, 0.001448, 0.001352, 0.001389, 0.001356, 0.001514, 0.001358, 0.001476, 0.001378, 0.001566, 0.001287, 0.001444, 0.001290, 0.001534, 0.001342, 0.001529, 0.001464, 0.001529, 0.001394, 0.001518, 0.001455, 0.001639, 0.001352, 0.001509, 0.001447, 0.001632, 0.001445, 0.001603, 0.001382, 0.001633, 0.001419, 0.001452, 0.001300, 0.001577, 0.001360, 0.001618, 0.001468, 0.001567, 0.001379, 0.001481, 0.001415, 0.001539, 0.001322, 0.001538, 0.001346, 0.001497, 0.001359, 0.001547, 0.001366, 0.001554, 0.001306, 0.001465, 0.001313, 0.001472, 0.001320, 0.001542, 0.001444, 0.001491, 0.001424, 0.001495, 0.001172, 0.001459, 0.001305, 0.001410, 0.001195, 0.001354, 0.001259, 0.001330, 0.001170, 0.001320, 0.001165, 0.001413, 0.001300, 0.001334, 0.001268, 0.001379, 0.001303, 0.001579, 0.001421, 0.001482, 0.001290, 0.001437, 0.001465, 0.001491, 0.001361, 0.001518, 0.001577, 0.001552, 0.001487
15 , 3, 3, 3, 0, 0, 0, 0
15 , 0.002775, 0.002335, 0.001719, 0.001837, 0.002169, 0.002353, 0.002334
16 , 0.001538, 0.001346, 0.001497, 0.001359, 0.001547, 0.001366, 0.001554, 0.001306, 0.001465, 0.001313, 0.001472, 0.001320, 0.001542, 0.001444, 0.001491, 0.001424, 0.001495, 0.001172, 0.001459, 0.001305, 0.001410, 0.001195, 0.001354, 0.001259, 0.001330, 0.001170, 0.001320, 0.001165, 0.001413, 0.001300, 0.001334, 0.001268, 0.001379, 0.001303, 0.001579, 0.001421, 0.001482, 0.001290, 0.001437, 0.001465, 0.001491, 0.001361, 0.001518, 0.001577, 0.001552, 0.001487, 0.001571, 0.001510, 0.001452, 0.001475, 0.001567, 0.001475, 0.001685, 0.001525, 0.001526, 0.001591, 0.001528, 0.001502, 0.001659, 0.001449, 0.001515, 0.001427, 0.001404, 0.001343, 0.001404, 0.001409, 0.001314, 0.001372, 0.001469, 0.001388, 0.001363, 0.001424, 0.001337, 0.001399, 0.001333, 0.001384, 0.001284, 0.001347, 0.001493, 0.001552, 0.001454, 0.001515, 0.001574, 0.001546, 0.001452, 0.001544, 0.001422, 0.001548, 0.001393, 0.001431, 0.001363, 0.001570
16 , 1, 1, 1, 1, 1, 3, 3
16 , 0.002782, 0.002380, 0.002101, 0.001184, 0.000704, 0.000307, 0.000527
