0 , 0.002192, 0.002175, 0.001950, 0.002288, 0.002284, 0.002247, 0.002390, 0.002114, 0.002300, 0.002130, 0.002395, 0.002202, 0.002217, 0.002286, 0.002123, 0.002278, 0.002096, 0.002267, 0.002244, 0.002115, 0.002176, 0.002055, 0.002433, 0.001627, 0.000844, 0.001359, 0.001322, 0.001083, 0.001144, 0.001024, 0.001226, 0.001075, 0.001053, 0.000979, 0.001193, 0.001159, 0.001069, 0.001094, 0.001143, 0.001152, 0.001172, 0.001261, 0.001287, 0.001160, 0.001157, 0.001251, 0.001230, 0.001156, 0.001342, 0.000045, 0.001754, 0.001616, 0.001952, 0.001876, 0.001852, 0.001879, 0.001815, 0.002025, 0.001960, 0.002031, 0.001960, 0.002021, 0.002183, 0.002135, 0.002108, 0.001993, 0.002229, 0.001946, 0.002101, 0.002163, 0.001980, 0.002106, 0.001941, 0.001994, 0.000517, 0.001262, 0.001491, 0.001319, 0.001351, 0.001137, 0.001332, 0.001063, 0.001264, 0.001062, 0.001228, 0.000889, 0.001112, 0.000956, 0.001141, 0.000947, 0.001142, 0.000966
0 , 1, 1, 1, 1, 1, 1, 1
0 , 0.024222, 0.028188, 0.032390, 0.035926, 0.039409, 0.040716, 0.043251
1 , 0.001952, 0.001876, 0.001852, 0.001879, 0.001815, 0.002025, 0.001960, 0.002031, 0.001960, 0.002021, 0.002183, 0.002135, 0.002108, 0.001993, 0.002229, 0.001946, 0.002101, 0.002163, 0.001980, 0.002106, 0.001941, 0.001994, 0.000517, 0.001262, 0.001491, 0.001319, 0.001351, 0.001137, 0.001332, 0.001063, 0.001264, 0.001062, 0.001228, 0.000889, 0.001112, 0.000956, 0.001141, 0.000947, 0.001142, 0.000966, 0.001091, 0.000971, 0.001099, 0.000687, 0.001056, 0.000292, 0.001672, 0.002100, 0.002123, 0.002176, 0.002093, 0.002145, 0.002213, 0.002055, 0.002186, 0.001970, 0.002276, 0.002230, 0.002076, 0.002050, 0.002032, 0.002239, 0.001986, 0.002228, 0.002119, 0.002253, 0.002269, 0.001974, 0.002209, 0.002258, 0.002225, 0.002375, 0.000726, 0.001293, 0.001129, 0.001125, 0.000972, 0.001027, 0.000841, 0.001025, 0.000894, 0.000956, 0.000830, 0.001054, 0.000918, 0.001167, 0.000892, 0.001022, 0.000921, 0.001110, 0.000953, 0.001207
1 , 1, 1, 1, 1, 1, 1, 1
1 , 0.033504, 0.038866, 0.043974, 0.046245, 0.044920, 0.041652, 0.040175
2 , 0.002176, 0.002093, 0.002145, 0.002213, 0.002055, 0.002186, 0.001970, 0.002276, 0.002230, 0.002076, 0.002050, 0.002032, 0.002239, 0.001986, 0.002228, 0.002119, 0.002253, 0.002269, 0.001974, 0.002209, 0.002258, 0.002225, 0.002375, 0.000726, 0.001293, 0.001129, 0.001125, 0.000972, 0.001027, 0.000841, 0.001025, 0.000894, 0.000956, 0.000830, 0.001054, 0.000918, 0.001167, 0.000892, 0.001022, 0.000921, 0.001110, 0.000953, 0.001207, 0.000958, 0.001123, 0.000842, 0.001089, 0.000963, 0.001133, 0.001107, 0.001835, 0.001781, 0.002092, 0.001891, 0.002050, 0.001990, 0.002273, 0.002175, 0.002190, 0.002020, 0.002111, 0.002357, 0.002130, 0.002232, 0.002100, 0.002262, 0.002250, 0.002190, 0.002137, 0.002030, 0.002246, 0.001945, 0.002174, 0.001451, 0.000886, 0.001315, 0.001268, 0.001248, 0.001158, 0.001130, 0.001217, 0.001196, 0.001080, 0.000963, 0.001062, 0.001064, 0.001067, 0.000882, 0.000862, 0.000953, 0.000902, 0.000879
2 , 1, 1, 1, 1, 1, 1, 1
2 , 0.032185, 0.036005, 0.039893, 0.043654, 0.047312, 0.047960, 0.048120
3 , 0.002092, 0.001891, 0.002050, 0.001990, 0.002273, 0.002175, 0.002190, 0.002020, 0.002111, 0.002357, 0.002130, 0.002232, 0.002100, 0.002262, 0.002250, 0.002190, 0.002137, 0.002030, 0.002246, 0.001945, 0.002174, 0.001451, 0.000886, 0.001315, 0.001268, 0.001248, 0.001158, 0.001130, 0.001217, 0.001196, 0.001080, 0.000963, 0.001062, 0.001064, 0.001067, 0.000882, 0.000862, 0.000953, 0.000902, 0.000879, 0.000880, 0.000794, 0.000968, 0.000751, 0.001139, 0.000480, 0.001947, 0.002054, 0.002290, 0.002156, 0.002175, 0.002296, 0.002302, 0.002356, 0.002181, 0.002379, 0.002405, 0.002462, 0.002417, 0.002337, 0.002410, 0.002266, 0.002403, 0.002210, 0.002092, 0.002429, 0.002354, 0.002266, 0.002092, 0.002405, 0.000138, 0.001368, 0.001141, 0.001264, 0.001147, 0.001237, 0.001143, 0.001172, 0.001106, 0.001190, 0.001032, 0.001154, 0.001052, 0.001209, 0.000998, 0.001146, 0.001112, 0.001242, 0.001089, 0.001242, 0.001087, 0.001157
3 , 1, 1, 1, 1, 1, 1, 1
3 , 0.043721, 0.047166, 0.052444, 0.048790, 0.045883, 0.043122, 0.040645
4 , 0.002290, 0.002156, 0.002175, 0.002296, 0.002302, 0.002356, 0.002181, 0.002379, 0.002405, 0.002462, 0.002417, 0.002337, 0.002410, 0.002266, 0.002403, 0.002210, 0.002092, 0.002429, 0.002354, 0.002266, 0.002092, 0.002405, 0.000138, 0.001368, 0.001141, 0.001264, 0.001147, 0.001237, 0.001143, 0.001172, 0.001106, 0.001190, 0.001032, 0.001154, 0.001052, 0.001209, 0.000998, 0.001146, 0.001112, 0.001242, 0.001089, 0.001242, 0.001087, 0.001157, 0.001217, 0.001200, 0.001178, 0.000649, 0.001424, 0.002082, 0.001852, 0.001907, 0.001966, 0.001918, 0.001996, 0.001948, 0.002196, 0.002158, 0.002340, 0.002117, 0.001955, 0.002219, 0.002141, 0.002208, 0.001945, 0.002121, 0.002174, 0.002016, 0.002087, 0.002087, 0.002153, 0.002415, 0.000824, 0.001445, 0.001249, 0.001115, 0.000933, 0.001226, 0.000945, 0.001075, 0.000950, 0.001133, 0.000884, 0.001257, 0.000945, 0.001191, 0.000973, 0.001126, 0.001026, 0.001154, 0.000990, 0.001274
4 , 1, 1, 1, 1, 1, 1, 1
4 , 0.035095, 0.039734, 0.042755, 0.046189, 0.046748, 0.044827, 0.042687
5 , 0.001852, 0.001907, 0.001966, 0.001918, 0.001996, 0.001948, 0.002196, 0.002158, 0.002340, 0.002117, 0.001955, 0.002219, 0.002141, 0.002208, 0.001945, 0.002121, 0.002174, 0.002016, 0.002087, 0.002087, 0.002153, 0.002415, 0.000824, 0.001445, 0.001249, 0.001115, 0.000933, 0.001226, 0.000945, 0.001075, 0.000950, 0.001133, 0.000884, 0.001257, 0.000945, 0.001191, 0.000973, 0.001126, 0.001026, 0.001154, 0.000990, 0.001274, 0.000958, 0.001303, 0.000973, 0.001107, 0.000969, 0.001857, 0.001921, 0.002082, 0.001868, 0.002081, 0.001728, 0.001974, 0.001920, 0.002025, 0.001964, 0.002014, 0.002178, 0.001914, 0.002098, 0.001824, 0.002044, 0.002004, 0.001925, 0.001934, 0.001669, 0.001811, 0.001641, 0.001836, 0.001286, 0.000888, 0.001414, 0.001596, 0.001493, 0.001437, 0.001328, 0.001190, 0.001112, 0.001153, 0.000956, 0.001068, 0.001112, 0.000995, 0.000911, 0.000990, 0.000872, 0.000952, 0.000957, 0.000839, 0.000869, 0.000871
5 , 1, 1, 1, 1, 1, 1, 1
5 , 0.031481, 0.035503, 0.038974, 0.041486, 0.038608, 0.037643, 0.036580
6 , 0.002082, 0.001868, 0.002081, 0.001728, 0.001974, 0.001920, 0.002025, 0.001964, 0.002014, 0.002178, 0.001914, 0.002098, 0.001824, 0.002044, 0.002004, 0.001925, 0.001934, 0.001669, 0.001811, 0.001641, 0.001836, 0.001286, 0.000888, 0.001414, 0.001596, 0.001493, 0.001437, 0.001328, 0.001190, 0.001112, 0.001153, 0.000956, 0.001068, 0.001112, 0.000995, 0.000911, 0.000990, 0.000872, 0.000952, 0.000957, 0.000839, 0.000869, 0.000871, 0.000735, 0.000934, 0.000625, 0.000938, 0.000466, 0.002030, 0.002265, 0.002256, 0.002201, 0.002182, 0.002323, 0.002206, 0.002365, 0.002096, 0.002270, 0.002296, 0.002213, 0.002186, 0.002160, 0.002230, 0.002198, 0.002249, 0.002017, 0.001977, 0.002193, 0.002001, 0.002261, 0.001975, 0.002220, 0.000177, 0.001505, 0.001369, 0.001284, 0.001097, 0.001293, 0.000979, 0.001158, 0.001072, 0.001107, 0.001014, 0.001143, 0.000957, 0.001008, 0.000982, 0.001046, 0.001016, 0.001110, 0.000924, 0.000992
6 , 1, 1, 1, 1, 1, 1, 1
6 , 0.033512, 0.036848, 0.041008, 0.042742, 0.044956, 0.041061, 0.039639
7 , 0.002256, 0.002201, 0.002182, 0.002323, 0.002206, 0.002365, 0.002096, 0.002270, 0.002296, 0.002213, 0.002186, 0.002160, 0.002230, 0.002198, 0.002249, 0.002017, 0.001977, 0.002193, 0.002001, 0.002261, 0.001975, 0.002220, 0.000177, 0.001505, 0.001369, 0.001284, 0.001097, 0.001293, 0.000979, 0.001158, 0.001072, 0.001107, 0.001014, 0.001143, 0.000957, 0.001008, 0.000982, 0.001046, 0.001016, 0.001110, 0.000924, 0.000992, 0.000987, 0.001150, 0.001013, 0.000509, 0.001463, 0.002092, 0.001941, 0.002028, 0.002118, 0.002103, 0.002238, 0.002035, 0.002344, 0.002151, 0.002219, 0.002246, 0.002306, 0.002342, 0.002158, 0.002253, 0.002052, 0.002306, 0.002317, 0.002158, 0.002196, 0.002151, 0.002174, 0.002362, 0.000985, 0.001362, 0.001200, 0.001283, 0.000938, 0.001094, 0.000937, 0.001059, 0.000963, 0.001082, 0.000860, 0.001172, 0.001075, 0.001142, 0.001039, 0.001047, 0.000862, 0.001149, 0.000833, 0.001120, 0.000885, 0.001048
7 , 1, 1, 1, 1, 1, 1, 1
7 , 0.040675, 0.045933, 0.050674, 0.050843, 0.046645, 0.044828, 0.043102
8 , 0.002028, 0.002118, 0.002103, 0.002238, 0.002035, 0.002344, 0.002151, 0.002219, 0.002246, 0.002306, 0.002342, 0.002158, 0.002253, 0.002052, 0.002306, 0.002317, 0.002158, 0.002196, 0.002151, 0.002174, 0.002362, 0.000985, 0.001362, 0.001200, 0.001283, 0.000938, 0.001094, 0.000937, 0.001059, 0.000963, 0.001082, 0.000860, 0.001172, 0.001075, 0.001142, 0.001039, 0.001047, 0.000862, 0.001149, 0.000833, 0.001120, 0.000885, 0.001048, 0.000836, 0.001144, 0.000791, 0.001099, 0.001149, 0.002143, 0.002176, 0.002255, 0.002123, 0.002266, 0.002206, 0.002475, 0.002244, 0.002229, 0.002126, 0.002270, 0.002327, 0.002221, 0.002395, 0.002149, 0.002239, 0.002216, 0.002145, 0.002322, 0.002083, 0.002219, 0.002110, 0.002205, 0.001796, 0.000641, 0.001200, 0.001278, 0.001196, 0.001194, 0.001104, 0.001106, 0.000862, 0.001109, 0.001013, 0.001112, 0.000874, 0.001097, 0.001009, 0.001046, 0.000901, 0.000929, 0.000863, 0.001021, 0.000896
8 , 1, 1, 1, 1, 1, 1, 1
8 , 0.041503, 0.045675, 0.049924, 0.051270, 0.052161, 0.048602, 0.045975
9 , 0.002255, 0.002123, 0.002266, 0.002206, 0.002475, 0.002244, 0.002229, 0.002126, 0.002270, 0.002327, 0.002221, 0.002395, 0.002149, 0.002239, 0.002216, 0.002145, 0.002322, 0.002083, 0.002219, 0.002110, 0.002205, 0.001796, 0.000641, 0.001200, 0.001278, 0.001196, 0.001194, 0.001104, 0.001106, 0.000862, 0.001109, 0.001013, 0.001112, 0.000874, 0.001097, 0.001009, 0.001046, 0.000901, 0.000929, 0.000863, 0.001021, 0.000896, 0.001099, 0.000836, 0.001139, 0.000238, 0.001845, 0.002016, 0.002121, 0.002224, 0.002050, 0.002440, 0.002197, 0.002372, 0.002293, 0.002289, 0.002407, 0.002267, 0.002365, 0.002187, 0.002301, 0.002273, 0.002224, 0.002148, 0.002098, 0.002331, 0.002030, 0.002312, 0.002192, 0.002114, 0.002289, 0.002272, 0.000054, 0.001371, 0.001235, 0.001153, 0.001088, 0.000991, 0.000899, 0.000995, 0.000994, 0.001023, 0.000841, 0.000909, 0.000943, 0.000882, 0.000943, 0.000915, 0.000886, 0.000889, 0.000923, 0.000985
9 , 1, 1, 1, 1, 1, 1, 1
9 , 0.044657, 0.048945, 0.054041, 0.055360, 0.053847, 0.048875, 0.046502
10 , 0.002224, 0.002050, 0.002440, 0.002197, 0.002372, 0.002293, 0.002289, 0.002407, 0.002267, 0.002365, 0.002187, 0.002301, 0.002273, 0.002224, 0.002148, 0.002098, 0.002331, 0.002030, 0.002312, 0.002192, 0.002114, 0.002289, 0.002272, 0.000054, 0.001371, 0.001235, 0.001153, 0.001088, 0.000991, 0.000899, 0.000995, 0.000994, 0.001023, 0.000841, 0.000909, 0.000943, 0.000882, 0.000943, 0.000915, 0.000886, 0.000889, 0.000923, 0.000985, 0.001053, 0.001117, 0.000956, 0.001022, 0.001062, 0.000982, 0.000826, 0.000836, 0.000813, 0.000782, 0.000875, 0.000914, 0.000784, 0.000848, 0.000782, 0.000936, 0.000867, 0.000868, 0.000868, 0.000987, 0.000915, 0.000948, 0.001038, 0.001001, 0.000945, 0.000884, 0.000931, 0.000902, 0.000902, 0.000972, 0.000972, 0.001067, 0.000969, 0.000886, 0.000868, 0.000867, 0.000923, 0.000870, 0.000750, 0.000843, 0.000840, 0.000992, 0.000962, 0.001083, 0.000984, 0.000887, 0.000937, 0.000932, 0.000889
10 , 2, 2, 2, 2, 2, 2, 2
10 , 0.024966, 0.026674, 0.027957, 0.029499, 0.031020, 0.028167, 0.027523
11 , 0.000836, 0.000813, 0.000782, 0.000875, 0.000914, 0.000784, 0.000848, 0.000782, 0.000936, 0.000867, 0.000868, 0.000868, 0.000987, 0.000915, 0.000948, 0.001038, 0.001001, 0.000945, 0.000884, 0.000931, 0.000902, 0.000902, 0.000972, 0.000972, 0.001067, 0.000969, 0.000886, 0.000868, 0.000867, 0.000923, 0.000870, 0.000750, 0.000843, 0.000840, 0.000992, 0.000962, 0.001083, 0.000984, 0.000887, 0.000937, 0.000932, 0.000889, 0.001004, 0.001033, 0.000998, 0.000988, 0.001136, 0.001162, 0.001221, 0.001187, 0.001190, 0.001067, 0.001104, 0.001071, 0.001196, 0.001135, 0.001106, 0.001142, 0.000934, 0.001034, 0.001042, 0.001016, 0.000956, 0.000992, 0.001027, 0.001025, 0.001086, 0.001019, 0.000932, 0.000998, 0.000937, 0.000966, 0.000937, 0.000935, 0.001053, 0.001170, 0.000988, 0.001057, 0.001056, 0.000998, 0.000899, 0.001048, 0.000979, 0.000979, 0.001065, 0.001063, 0.001031, 0.001118, 0.001030, 0.001123, 0.001094, 0.000999
11 , 3, 3, 3, 3, 3, 3, 3
11 , 0.002189, 0.002132, 0.002212, 0.002110, 0.001872, 0.001544, 0.001066
12 , 0.001221, 0.001187, 0.001190, 0.001067, 0.001104, 0.001071, 0.001196, 0.001135, 0.001106, 0.001142, 0.000934, 0.001034, 0.001042, 0.001016, 0.000956, 0.000992, 0.001027, 0.001025, 0.001086, 0.001019, 0.000932, 0.000998, 0.000937, 0.000966, 0.000937, 0.000935, 0.001053, 0.001170, 0.000988, 0.001057, 0.001056, 0.000998, 0.000899, 0.001048, 0.000979, 0.000979, 0.001065, 0.001063, 0.001031, 0.001118, 0.001030, 0.001123, 0.001094, 0.000999, 0.001062, 0.001069, 0.000998, 0.001027, 0.001049, 0.001174, 0.001014, 0.001140, 0.001223, 0.001246, 0.001061, 0.001150, 0.001113, 0.001176, 0.001141, 0.001257, 0.001163, 0.001197, 0.001102, 0.001172, 0.001143, 0.001116, 0.000993, 0.001183, 0.001063, 0.001197, 0.000986, 0.001140, 0.000967, 0.001060, 0.000975, 0.001051, 0.000966, 0.001033, 0.000878, 0.000923, 0.000753, 0.000852, 0.000732, 0.000868, 0.000753, 0.000850, 0.000698, 0.000829, 0.000728, 0.000945, 0.000789, 0.000854
12 , 1, 1, 1, 1, 1, 1, 3
12 , 0.006010, 0.006117, 0.006312, 0.006269, 0.006392, 0.006061, 0.006175
13 , 0.001014, 0.001140, 0.001223, 0.001246, 0.001061, 0.001150, 0.001113, 0.001176, 0.001141, 0.001257, 0.001163, 0.001197, 0.001102, 0.001172, 0.001143, 0.001116, 0.000993, 0.001183, 0.001063, 0.001197, 0.000986, 0.001140, 0.000967, 0.001060, 0.000975, 0.001051, 0.000966, 0.001033, 0.000878, 0.000923, 0.000753, 0.000852, 0.000732, 0.000868, 0.000753, 0.000850, 0.000698, 0.000829, 0.000728, 0.000945, 0.000789, 0.000854, 0.000757, 0.000913, 0.000866, 0.000979, 0.000728, 0.000940, 0.000899, 0.001109, 0.000828, 0.001024, 0.000825, 0.001008, 0.000846, 0.001064, 0.000844, 0.001146, 0.000892, 0.001106, 0.000998, 0.001094, 0.000959, 0.001172, 0.001013, 0.001162, 0.001034, 0.001183, 0.000961, 0.001233, 0.001097, 0.001219, 0.001028, 0.001210, 0.001144, 0.001269, 0.001088, 0.001213, 0.001213, 0.001406, 0.001129, 0.001327, 0.001079, 0.001185, 0.000978, 0.001172, 0.001039, 0.001207, 0.000967, 0.001126, 0.000947, 0.001019
13 , 2, 2, 2, 2, 2, 2, 2
13 , 0.009045, 0.009616, 0.009022, 0.008954, 0.008389, 0.008312, 0.007396
14 , 0.000940, 0.000899, 0.001109, 0.000828, 0.001024, 0.000825, 0.001008, 0.000846, 0.001064, 0.000844, 0.001146, 0.000892, 0.001106, 0.000998, 0.001094, 0.000959, 0.001172, 0.001013, 0.001162, 0.001034, 0.001183, 0.000961, 0.001233, 0.001097, 0.001219, 0.001028, 0.001210, 0.001144, 0.001269, 0.001088, 0.001213, 0.001213, 0.001406, 0.001129, 0.001327, 0.001079, 0.001185, 0.000978, 0.001172, 0.001039, 0.001207, 0.000967, 0.001126, 0.000947, 0.001019, 0.000953, 0.000998, 0.000778, 0.001008, 0.000884, 0.000955, 0.000818, 0.000948, 0.000672, 0.000892, 0.000786, 0.001000, 0.000836, 0.001080, 0.000921, 0.001077, 0.000984, 0.000987, 0.000918, 0.001104, 0.000917, 0.000949, 0.000978, 0.001048, 0.000952, 0.001046, 0.000920, 0.001008, 0.000973, 0.001091, 0.001078, 0.001103, 0.000953, 0.001043, 0.001007, 0.001036, 0.001070, 0.001047, 0.000955, 0.001047, 0.000948, 0.001099, 0.000952, 0.000982, 0.001017, 0.001054, 0.000989
14 , 0, 0, 0, 0, 0, 0, 0
14 , 0.005850, 0.005607, 0.005277, 0.004975, 0.004247, 0.004088, 0.003717
15 , 0.000998, 0.000778, 0.001008, 0.000884, 0.000955, 0.000818, 0.000948, 0.000672, 0.000892, 0.000786, 0.001000, 0.000836, 0.001080, 0.000921, 0.001077, 0.000984, 0.000987, 0.000918, 0.001104, 0.000917, 0.000949, 0.000978, 0.001048, 0.000952, 0.001046, 0.000920, 0.001008, 0.000973, 0.001091, 0.001078, 0.001103, 0.000953, 0.001043, 0.001007, 0.001036, 0.001070, 0.001047, 0.000955, 0.001047, 0.000948, 0.001099, 0.000952, 0.000982, 0.001017, 0.001054, 0.000989, 0.001081, 0.001137, 0.001137, 0.001131, 0.001137, 0.001137, 0.001164, 0.001104, 0.001104, 0.001110, 0.001025, 0.000966, 0.001025, 0.001024, 0.001034, 0.000969, 0.001062, 0.001152, 0.001174, 0.001135, 0.001070, 0.001096, 0.001039, 0.001196, 0.000982, 0.001072, 0.001076, 0.001020, 0.000991, 0.001088, 0.000989, 0.001139, 0.000989, 0.001178, 0.001115, 0.001095, 0.001101, 0.001135, 0.001014, 0.001109, 0.000982, 0.001083, 0.000874, 0.001036, 0.000910, 0.000977
15 , 3, 3, 3, 3, 3, 3, 3
15 , 0.002289, 0.002445, 0.003048, 0.003033, 0.003167, 0.003180, 0.003242
16 , 0.001164, 0.001104, 0.001104, 0.001110, 0.001025, 0.000966, 0.001025, 0.001024, 0.001034, 0.000969, 0.001062, 0.001152, 0.001174, 0.001135, 0.001070, 0.001096, 0.001039, 0.001196, 0.000982, 0.001072, 0.001076, 0.001020, 0.000991, 0.001088, 0.000989, 0.001139, 0.000989, 0.001178, 0.001115, 0.001095, 0.001101, 0.001135, 0.001014, 0.001109, 0.000982, 0.001083, 0.000874, 0.001036, 0.000910, 0.000977, 0.000913, 0.001014, 0.000892, 0.001040, 0.000878, 0.001128, 0.000932, 0.001089, 0.000867, 0.001074, 0.000909, 0.001025, 0.000918, 0.001251, 0.001002, 0.001186, 0.000970, 0.001122, 0.000993, 0.001246, 0.000937, 0.001096, 0.000938, 0.001126, 0.000974, 0.001132, 0.000918, 0.001142, 0.000937, 0.001046, 0.000896, 0.001001, 0.000884, 0.001050, 0.000957, 0.000940, 0.000780, 0.001089, 0.000764, 0.000979, 0.000852, 0.000939, 0.000836, 0.001083, 0.000900, 0.000924, 0.000970, 0.001095, 0.000927, 0.001133, 0.001009, 0.001255
16 , 1, 1, 1, 1, 1, 1, 1
16 , 0.003007, 0.003007, 0.002851, 0.002424, 0.001972, 0.001982, 0.001694
