0 , 0.001575, 0.001412, 0.001633, 0.001502, 0.001509, 0.001468, 0.001522, 0.001664, 0.001644, 0.001633, 0.001552, 0.001750, 0.001800, 0.001699, 0.001818, 0.001694, 0.001913, 0.001837, 0.001846, 0.001809, 0.001728, 0.001911, 0.001948, 0.000582, 0.001755, 0.001392, 0.001311, 0.001173, 0.001262, 0.001289, 0.001346, 0.001321, 0.001321, 0.001366, 0.001390, 0.001390, 0.001295, 0.001327, 0.001387, 0.001347, 0.001353, 0.001379, 0.001442, 0.001376, 0.001335, 0.001337, 0.000993, 0.001316, 0.001559, 0.001782, 0.001790, 0.001922, 0.001793, 0.001926, 0.002059, 0.001884, 0.002032, 0.001929, 0.002039, 0.002062, 0.002084, 0.001922, 0.001862, 0.001994, 0.001813, 0.001975, 0.001756, 0.001642, 0.001917, 0.001699, 0.001977, 0.000318, 0.001348, 0.001599, 0.001555, 0.001532, 0.001431, 0.001581, 0.001366, 0.001524, 0.001309, 0.001523, 0.001334, 0.001454, 0.001357, 0.001521, 0.001328, 0.001447, 0.001410, 0.001500, 0.001436, 0.001529
0 , 1, 1, 1, 1, 1, 1, 1
0 , 0.011693, 0.013539, 0.016032, 0.018836, 0.017754, 0.015456, 0.015524
1 , 0.001782, 0.001790, 0.001922, 0.001793, 0.001926, 0.002059, 0.001884, 0.002032, 0.001929, 0.002039, 0.002062, 0.002084, 0.001922, 0.001862, 0.001994, 0.001813, 0.001975, 0.001756, 0.001642, 0.001917, 0.001699, 0.001977, 0.000318, 0.001348, 0.001599, 0.001555, 0.001532, 0.001431, 0.001581, 0.001366, 0.001524, 0.001309, 0.001523, 0.001334, 0.001454, 0.001357, 0.001521, 0.001328, 0.001447, 0.001410, 0.001500, 0.001436, 0.001529, 0.001407, 0.001627, 0.001440, 0.001544, 0.001475, 0.000422, 0.001521, 0.001584, 0.001629, 0.001383, 0.001641, 0.001805, 0.001866, 0.001907, 0.001820, 0.002066, 0.001831, 0.002005, 0.001891, 0.001929, 0.001997, 0.001910, 0.002163, 0.002035, 0.002115, 0.001979, 0.001937, 0.001949, 0.001816, 0.001622, 0.000882, 0.001658, 0.001481, 0.001520, 0.001405, 0.001526, 0.001414, 0.001525, 0.001457, 0.001554, 0.001452, 0.001700, 0.001507, 0.001780, 0.001432, 0.001646, 0.001548, 0.001700, 0.001473
1 , 1, 1, 1, 1, 1, 1, 1
1 , 0.012097, 0.014093, 0.015468, 0.017200, 0.014892, 0.016374, 0.014559
2 , 0.001521, 0.001584, 0.001629, 0.001383, 0.001641, 0.001805, 0.001866, 0.001907, 0.001820, 0.002066, 0.001831, 0.002005, 0.001891, 0.001929, 0.001997, 0.001910, 0.002163, 0.002035, 0.002115, 0.001979, 0.001937, 0.001949, 0.001816, 0.001622, 0.000882, 0.001658, 0.001481, 0.001520, 0.001405, 0.001526, 0.001414, 0.001525, 0.001457, 0.001554, 0.001452, 0.001700, 0.001507, 0.001780, 0.001432, 0.001646, 0.001548, 0.001700, 0.001473, 0.001844, 0.001825, 0.001813, 0.001754, 0.000662, 0.001256, 0.001331, 0.001246, 0.001487, 0.001458, 0.001509, 0.001522, 0.001543, 0.001681, 0.001589, 0.001757, 0.001608, 0.001907, 0.001928, 0.001865, 0.001941, 0.001797, 0.002001, 0.001942, 0.002062, 0.002043, 0.002077, 0.002246, 0.002188, 0.002214, 0.002072, 0.000089, 0.001404, 0.001487, 0.001424, 0.001402, 0.001326, 0.001318, 0.001417, 0.001407, 0.001366, 0.001451, 0.001475, 0.001559, 0.001430, 0.001422, 0.001476, 0.001594, 0.001557
2 , 1, 1, 1, 1, 1, 1, 1
2 , 0.005399, 0.006772, 0.008104, 0.011009, 0.014529, 0.016627, 0.016767
3 , 0.001458, 0.001509, 0.001522, 0.001543, 0.001681, 0.001589, 0.001757, 0.001608, 0.001907, 0.001928, 0.001865, 0.001941, 0.001797, 0.002001, 0.001942, 0.002062, 0.002043, 0.002077, 0.002246, 0.002188, 0.002214, 0.002072, 0.000089, 0.001404, 0.001487, 0.001424, 0.001402, 0.001326, 0.001318, 0.001417, 0.001407, 0.001366, 0.001451, 0.001475, 0.001559, 0.001430, 0.001422, 0.001476, 0.001594, 0.001557, 0.001643, 0.001478, 0.001477, 0.001501, 0.001744, 0.001506, 0.001700, 0.001076, 0.000794, 0.001515, 0.001543, 0.001317, 0.001543, 0.001603, 0.001529, 0.001576, 0.001479, 0.001765, 0.001667, 0.001661, 0.001512, 0.001660, 0.001802, 0.001647, 0.001708, 0.001582, 0.001788, 0.001677, 0.001792, 0.001735, 0.001535, 0.001925, 0.000655, 0.001774, 0.001743, 0.001672, 0.001647, 0.001561, 0.001430, 0.001470, 0.001398, 0.001552, 0.001516, 0.001605, 0.001417, 0.001562, 0.001551, 0.001616, 0.001543, 0.001755, 0.001660, 0.001778
3 , 2, 1, 1, 2, 1, 2, 1
3 , 0.006215, 0.007447, 0.009427, 0.010167, 0.008866, 0.008351, 0.008444
4 , 0.001515, 0.001543, 0.001317, 0.001543, 0.001603, 0.001529, 0.001576, 0.001479, 0.001765, 0.001667, 0.001661, 0.001512, 0.001660, 0.001802, 0.001647, 0.001708, 0.001582, 0.001788, 0.001677, 0.001792, 0.001735, 0.001535, 0.001925, 0.000655, 0.001774, 0.001743, 0.001672, 0.001647, 0.001561, 0.001430, 0.001470, 0.001398, 0.001552, 0.001516, 0.001605, 0.001417, 0.001562, 0.001551, 0.001616, 0.001543, 0.001755, 0.001660, 0.001778, 0.001528, 0.001796, 0.001616, 0.001824, 0.000034, 0.001235, 0.000992, 0.001364, 0.001277, 0.001411, 0.001325, 0.001480, 0.001593, 0.001446, 0.001507, 0.001225, 0.001575, 0.001592, 0.001610, 0.001633, 0.001401, 0.001647, 0.001610, 0.001657, 0.001693, 0.001786, 0.001741, 0.001751, 0.001444, 0.001004, 0.001407, 0.001631, 0.001526, 0.001553, 0.001430, 0.001497, 0.001457, 0.001486, 0.001318, 0.001590, 0.001363, 0.001447, 0.001409, 0.001772, 0.001568, 0.001627, 0.001586, 0.001772, 0.001556
4 , 0, 0, 2, 2, 2, 2, 2
4 , 0.002539, 0.002262, 0.001756, 0.002086, 0.003367, 0.002717, 0.003871
5 , 0.001411, 0.001325, 0.001480, 0.001593, 0.001446, 0.001507, 0.001225, 0.001575, 0.001592, 0.001610, 0.001633, 0.001401, 0.001647, 0.001610, 0.001657, 0.001693, 0.001786, 0.001741, 0.001751, 0.001444, 0.001004, 0.001407, 0.001631, 0.001526, 0.001553, 0.001430, 0.001497, 0.001457, 0.001486, 0.001318, 0.001590, 0.001363, 0.001447, 0.001409, 0.001772, 0.001568, 0.001627, 0.001586, 0.001772, 0.001556, 0.001835, 0.001591, 0.001737, 0.001562, 0.001855, 0.000486, 0.001092, 0.001504, 0.001424, 0.001651, 0.001534, 0.001659, 0.001761, 0.001720, 0.001807, 0.001558, 0.001887, 0.001835, 0.001846, 0.001850, 0.001770, 0.001932, 0.001773, 0.001807, 0.001660, 0.001768, 0.001889, 0.001831, 0.001801, 0.001736, 0.000024, 0.001638, 0.001570, 0.001634, 0.001448, 0.001510, 0.001564, 0.001503, 0.001407, 0.001462, 0.001489, 0.001453, 0.001486, 0.001422, 0.001565, 0.001461, 0.001553, 0.001515, 0.001694, 0.001511, 0.001445, 0.001423
5 , 3, 3, 3, 1, 1, 1, 1
5 , 0.004633, 0.004827, 0.006211, 0.004068, 0.004770, 0.005673, 0.006472
6 , 0.001761, 0.001720, 0.001807, 0.001558, 0.001887, 0.001835, 0.001846, 0.001850, 0.001770, 0.001932, 0.001773, 0.001807, 0.001660, 0.001768, 0.001889, 0.001831, 0.001801, 0.001736, 0.000024, 0.001638, 0.001570, 0.001634, 0.001448, 0.001510, 0.001564, 0.001503, 0.001407, 0.001462, 0.001489, 0.001453, 0.001486, 0.001422, 0.001565, 0.001461, 0.001553, 0.001515, 0.001694, 0.001511, 0.001445, 0.001423, 0.001418, 0.001116, 0.000794, 0.001547, 0.001534, 0.001442, 0.001652, 0.001663, 0.001750, 0.001568, 0.001651, 0.001914, 0.001782, 0.001756, 0.001586, 0.001752, 0.001620, 0.001697, 0.001747, 0.001687, 0.002005, 0.001854, 0.001861, 0.001850, 0.001809, 0.002132, 0.000928, 0.001634, 0.001495, 0.001549, 0.001370, 0.001490, 0.001239, 0.001366, 0.001118, 0.001278, 0.001148, 0.001388, 0.001225, 0.001323, 0.001348, 0.001412, 0.001281, 0.001500, 0.001216, 0.001460, 0.001393, 0.001562, 0.001457, 0.001632, 0.001456, 0.001650
6 , 1, 1, 1, 1, 1, 1, 1
6 , 0.012728, 0.012644, 0.013007, 0.012401, 0.013086, 0.012020, 0.011599
7 , 0.001651, 0.001914, 0.001782, 0.001756, 0.001586, 0.001752, 0.001620, 0.001697, 0.001747, 0.001687, 0.002005, 0.001854, 0.001861, 0.001850, 0.001809, 0.002132, 0.000928, 0.001634, 0.001495, 0.001549, 0.001370, 0.001490, 0.001239, 0.001366, 0.001118, 0.001278, 0.001148, 0.001388, 0.001225, 0.001323, 0.001348, 0.001412, 0.001281, 0.001500, 0.001216, 0.001460, 0.001393, 0.001562, 0.001457, 0.001632, 0.001456, 0.001650, 0.000104, 0.001345, 0.001337, 0.001509, 0.001404, 0.001519, 0.001357, 0.001566, 0.001725, 0.001600, 0.001374, 0.001182, 0.001677, 0.001576, 0.001620, 0.001583, 0.001630, 0.001704, 0.001539, 0.001694, 0.001539, 0.001780, 0.001751, 0.001857, 0.001527, 0.000919, 0.001545, 0.001682, 0.001544, 0.001520, 0.001372, 0.001446, 0.001295, 0.001393, 0.001236, 0.001480, 0.001319, 0.001480, 0.001309, 0.001552, 0.001393, 0.001640, 0.001445, 0.001657, 0.001315, 0.001549, 0.001253, 0.001701, 0.000525, 0.001122
7 , 1, 1, 1, 1, 1, 1, 1
7 , 0.010973, 0.011124, 0.011936, 0.012504, 0.011937, 0.011216, 0.009830
8 , 0.001566, 0.001725, 0.001600, 0.001374, 0.001182, 0.001677, 0.001576, 0.001620, 0.001583, 0.001630, 0.001704, 0.001539, 0.001694, 0.001539, 0.001780, 0.001751, 0.001857, 0.001527, 0.000919, 0.001545, 0.001682, 0.001544, 0.001520, 0.001372, 0.001446, 0.001295, 0.001393, 0.001236, 0.001480, 0.001319, 0.001480, 0.001309, 0.001552, 0.001393, 0.001640, 0.001445, 0.001657, 0.001315, 0.001549, 0.001253, 0.001701, 0.000525, 0.001122, 0.001397, 0.001570, 0.001599, 0.001429, 0.001729, 0.001775, 0.001708, 0.001596, 0.001752, 0.001900, 0.001881, 0.001975, 0.001755, 0.002012, 0.002121, 0.002019, 0.002000, 0.001791, 0.002017, 0.001918, 0.001926, 0.001880, 0.001970, 0.000162, 0.001703, 0.001636, 0.001877, 0.001688, 0.001621, 0.001554, 0.001465, 0.001586, 0.001434, 0.001439, 0.001464, 0.001587, 0.001499, 0.001508, 0.001421, 0.001430, 0.001407, 0.001330, 0.001279, 0.001374, 0.001289, 0.001331, 0.001246, 0.001422, 0.000992
8 , 1, 1, 1, 1, 1, 1, 1
8 , 0.009921, 0.010492, 0.011473, 0.012730, 0.013060, 0.011915, 0.010999
9 , 0.001596, 0.001752, 0.001900, 0.001881, 0.001975, 0.001755, 0.002012, 0.002121, 0.002019, 0.002000, 0.001791, 0.002017, 0.001918, 0.001926, 0.001880, 0.001970, 0.000162, 0.001703, 0.001636, 0.001877, 0.001688, 0.001621, 0.001554, 0.001465, 0.001586, 0.001434, 0.001439, 0.001464, 0.001587, 0.001499, 0.001508, 0.001421, 0.001430, 0.001407, 0.001330, 0.001279, 0.001374, 0.001289, 0.001331, 0.001246, 0.001422, 0.000992, 0.000926, 0.001723, 0.001724, 0.001692, 0.001906, 0.001819, 0.001834, 0.001906, 0.001962, 0.002008, 0.001933, 0.002035, 0.001869, 0.002043, 0.002081, 0.001900, 0.002036, 0.001775, 0.001998, 0.001923, 0.001873, 0.001945, 0.001843, 0.002145, 0.001031, 0.001457, 0.001602, 0.001590, 0.001382, 0.001473, 0.001350, 0.001414, 0.001321, 0.001502, 0.001276, 0.001399, 0.001270, 0.001509, 0.001434, 0.001532, 0.001413, 0.001477, 0.001443, 0.001449, 0.001334, 0.001547, 0.001253, 0.001561, 0.000248, 0.001744
9 , 1, 1, 1, 1, 1, 1, 1
9 , 0.018105, 0.018325, 0.019475, 0.018217, 0.017601, 0.015964, 0.014619
10 , 0.001834, 0.001906, 0.001962, 0.002008, 0.001933, 0.002035, 0.001869, 0.002043, 0.002081, 0.001900, 0.002036, 0.001775, 0.001998, 0.001923, 0.001873, 0.001945, 0.001843, 0.002145, 0.001031, 0.001457, 0.001602, 0.001590, 0.001382, 0.001473, 0.001350, 0.001414, 0.001321, 0.001502, 0.001276, 0.001399, 0.001270, 0.001509, 0.001434, 0.001532, 0.001413, 0.001477, 0.001443, 0.001449, 0.001334, 0.001547, 0.001253, 0.001561, 0.000248, 0.001744, 0.001437, 0.001847, 0.001635, 0.001744, 0.001695, 0.001873, 0.001851, 0.001714, 0.001975, 0.001680, 0.001926, 0.001964, 0.001862, 0.001824, 0.001680, 0.001979, 0.001945, 0.001934, 0.001941, 0.001968, 0.002013, 0.001801, 0.001915, 0.001716, 0.001928, 0.000483, 0.001763, 0.001427, 0.001590, 0.001364, 0.001439, 0.001323, 0.001355, 0.001167, 0.001360, 0.001113, 0.001390, 0.001290, 0.001356, 0.001194, 0.001387, 0.001289, 0.001228, 0.001345, 0.001443, 0.001221, 0.001497, 0.001427
10 , 1, 1, 1, 1, 1, 1, 1
10 , 0.022269, 0.023251, 0.020325, 0.020516, 0.019256, 0.018728, 0.016942
11 , 0.001744, 0.001695, 0.001873, 0.001851, 0.001714, 0.001975, 0.001680, 0.001926, 0.001964, 0.001862, 0.001824, 0.001680, 0.001979, 0.001945, 0.001934, 0.001941, 0.001968, 0.002013, 0.001801, 0.001915, 0.001716, 0.001928, 0.000483, 0.001763, 0.001427, 0.001590, 0.001364, 0.001439, 0.001323, 0.001355, 0.001167, 0.001360, 0.001113, 0.001390, 0.001290, 0.001356, 0.001194, 0.001387, 0.001289, 0.001228, 0.001345, 0.001443, 0.001221, 0.001497, 0.001427, 0.001553, 0.001358, 0.001506, 0.001404, 0.001495, 0.001398, 0.001544, 0.001393, 0.001462, 0.001335, 0.001491, 0.001340, 0.001497, 0.001324, 0.001507, 0.001318, 0.001475, 0.001283, 0.001510, 0.001411, 0.001577, 0.001390, 0.001516, 0.001334, 0.001582, 0.001330, 0.001398, 0.001364, 0.001433, 0.001252, 0.001356, 0.001289, 0.001387, 0.001385, 0.001483, 0.001334, 0.001495, 0.001280, 0.001404, 0.001312, 0.001412, 0.001272, 0.001402, 0.001334, 0.001305, 0.001297, 0.001549
11 , 1, 1, 1, 1, 1, 1, 1
11 , 0.011385, 0.012286, 0.012632, 0.013249, 0.010992, 0.011330, 0.010842
12 , 0.001495, 0.001398, 0.001544, 0.001393, 0.001462, 0.001335, 0.001491, 0.001340, 0.001497, 0.001324, 0.001507, 0.001318, 0.001475, 0.001283, 0.001510, 0.001411, 0.001577, 0.001390, 0.001516, 0.001334, 0.001582, 0.001330, 0.001398, 0.001364, 0.001433, 0.001252, 0.001356, 0.001289, 0.001387, 0.001385, 0.001483, 0.001334, 0.001495, 0.001280, 0.001404, 0.001312, 0.001412, 0.001272, 0.001402, 0.001334, 0.001305, 0.001297, 0.001549, 0.001263, 0.001412, 0.001343, 0.001529, 0.001361, 0.001602, 0.001439, 0.001619, 0.001459, 0.001613, 0.001427, 0.001621, 0.001334, 0.001643, 0.001399, 0.001523, 0.001485, 0.001608, 0.001488, 0.001491, 0.001369, 0.001556, 0.001343, 0.001417, 0.001411, 0.001507, 0.001233, 0.001579, 0.001367, 0.001496, 0.001279, 0.001497, 0.001308, 0.001528, 0.001242, 0.001369, 0.001274, 0.001489, 0.001329, 0.001518, 0.001382, 0.001660, 0.001407, 0.001628, 0.001465, 0.001431, 0.001491, 0.001700, 0.001440
12 , 1, 1, 1, 1, 1, 1, 1
12 , 0.002785, 0.002794, 0.002532, 0.002449, 0.002009, 0.001714, 0.001122
13 , 0.001361, 0.001602, 0.001439, 0.001619, 0.001459, 0.001613, 0.001427, 0.001621, 0.001334, 0.001643, 0.001399, 0.001523, 0.001485, 0.001608, 0.001488, 0.001491, 0.001369, 0.001556, 0.001343, 0.001417, 0.001411, 0.001507, 0.001233, 0.001579, 0.001367, 0.001496, 0.001279, 0.001497, 0.001308, 0.001528, 0.001242, 0.001369, 0.001274, 0.001489, 0.001329, 0.001518, 0.001382, 0.001660, 0.001407, 0.001628, 0.001465, 0.001431, 0.001491, 0.001700, 0.001440, 0.001752, 0.001414, 0.001594, 0.001375, 0.001630, 0.001503, 0.001690, 0.001603, 0.001642, 0.001485, 0.001518, 0.001488, 0.001587, 0.001407, 0.001512, 0.001270, 0.001401, 0.001338, 0.001514, 0.001233, 0.001456, 0.001236, 0.001461, 0.001368, 0.001468, 0.001250, 0.001380, 0.001309, 0.001407, 0.001189, 0.001443, 0.001216, 0.001343, 0.001248, 0.001499, 0.001187, 0.001366, 0.001323, 0.001451, 0.001327, 0.001414, 0.001375, 0.001449, 0.001321, 0.001507, 0.001380, 0.001382
13 , 1, 1, 1, 1, 1, 1, 1
13 , 0.003871, 0.003642, 0.003173, 0.002948, 0.002377, 0.002191, 0.001685
14 , 0.001414, 0.001594, 0.001375, 0.001630, 0.001503, 0.001690, 0.001603, 0.001642, 0.001485, 0.001518, 0.001488, 0.001587, 0.001407, 0.001512, 0.001270, 0.001401, 0.001338, 0.001514, 0.001233, 0.001456, 0.001236, 0.001461, 0.001368, 0.001468, 0.001250, 0.001380, 0.001309, 0.001407, 0.001189, 0.001443, 0.001216, 0.001343, 0.001248, 0.001499, 0.001187, 0.001366, 0.001323, 0.001451, 0.001327, 0.001414, 0.001375, 0.001449, 0.001321, 0.001507, 0.001380, 0.001382, 0.001247, 0.001609, 0.001356, 0.001573, 0.001385, 0.001535, 0.001466, 0.001501, 0.001241, 0.001518, 0.001452, 0.001486, 0.001425, 0.001520, 0.001415, 0.001598, 0.001566, 0.001633, 0.001479, 0.001515, 0.001354, 0.001597, 0.001529, 0.001528, 0.001428, 0.001504, 0.001445, 0.001632, 0.001503, 0.001543, 0.001540, 0.001730, 0.001547, 0.001617, 0.001488, 0.001587, 0.001588, 0.001565, 0.001387, 0.001448, 0.001536, 0.001431, 0.001345, 0.001433, 0.001380, 0.001422
14 , 2, 2, 2, 2, 2, 2, 1
14 , 0.004518, 0.004105, 0.003462, 0.003198, 0.002904, 0.002774, 0.002251
15 , 0.001247, 0.001609, 0.001356, 0.001573, 0.001385, 0.001535, 0.001466, 0.001501, 0.001241, 0.001518, 0.001452, 0.001486, 0.001425, 0.001520, 0.001415, 0.001598, 0.001566, 0.001633, 0.001479, 0.001515, 0.001354, 0.001597, 0.001529, 0.001528, 0.001428, 0.001504, 0.001445, 0.001632, 0.001503, 0.001543, 0.001540, 0.001730, 0.001547, 0.001617, 0.001488, 0.001587, 0.001588, 0.001565, 0.001387, 0.001448, 0.001536, 0.001431, 0.001345, 0.001433, 0.001380, 0.001422, 0.001392, 0.001417, 0.001360, 0.001429, 0.001338, 0.001345, 0.001399, 0.001456, 0.001372, 0.001520, 0.001514, 0.001421, 0.001483, 0.001395, 0.001387, 0.001531, 0.001496, 0.001403, 0.001518, 0.001599, 0.001568, 0.001503, 0.001564, 0.001556, 0.001648, 0.001639, 0.001636, 0.001481, 0.001571, 0.001542, 0.001575, 0.001542, 0.001634, 0.001576, 0.001619, 0.001503, 0.001568, 0.001448, 0.001430, 0.001523, 0.001516, 0.001396, 0.001553, 0.001369, 0.001619, 0.001399
15 , 0, 0, 0, 0, 0, 0, 0
15 , 0.003416, 0.002895, 0.002917, 0.001993, 0.001207, 0.000509, 0.000327
16 , 0.001392, 0.001417, 0.001360, 0.001429, 0.001338, 0.001345, 0.001399, 0.001456, 0.001372, 0.001520, 0.001514, 0.001421, 0.001483, 0.001395, 0.001387, 0.001531, 0.001496, 0.001403, 0.001518, 0.001599, 0.001568, 0.001503, 0.001564, 0.001556, 0.001648, 0.001639, 0.001636, 0.001481, 0.001571, 0.001542, 0.001575, 0.001542, 0.001634, 0.001576, 0.001619, 0.001503, 0.001568, 0.001448, 0.001430, 0.001523, 0.001516, 0.001396, 0.001553, 0.001369, 0.001619, 0.001399, 0.001468, 0.001300, 0.001422, 0.001416, 0.001539, 0.001416, 0.001591, 0.001399, 0.001462, 0.001517, 0.001642, 0.001447, 0.001610, 0.001515, 0.001613, 0.001575, 0.001725, 0.001386, 0.001665, 0.001414, 0.001575, 0.001537, 0.001597, 0.001407, 0.001564, 0.001447, 0.001639, 0.001424, 0.001608, 0.001395, 0.001463, 0.001317, 0.001571, 0.001387, 0.001608, 0.001388, 0.001492, 0.001213, 0.001552, 0.001268, 0.001420, 0.001209, 0.001425, 0.001390, 0.001550, 0.001420
16 , 3, 3, 3, 3, 3, 3, 3
16 , 0.004111, 0.004151, 0.003659, 0.003783, 0.003449, 0.003730, 0.003152
