0 , 0.001613, 0.001673, 0.001525, 0.001721, 0.001854, 0.001747, 0.001789, 0.001755, 0.001880, 0.001830, 0.001800, 0.001735, 0.001733, 0.001993, 0.001777, 0.001866, 0.001733, 0.001790, 0.002003, 0.001826, 0.001862, 0.001713, 0.002013, 0.000479, 0.001725, 0.001767, 0.001843, 0.001649, 0.001712, 0.001587, 0.001641, 0.001544, 0.001643, 0.001663, 0.001605, 0.001413, 0.001626, 0.001591, 0.001747, 0.001649, 0.001649, 0.001584, 0.001738, 0.001642, 0.001735, 0.001642, 0.001615, 0.000117, 0.001450, 0.001056, 0.001379, 0.001359, 0.001359, 0.001460, 0.001372, 0.001651, 0.001445, 0.001555, 0.001419, 0.001545, 0.001761, 0.001515, 0.001746, 0.001572, 0.001855, 0.001912, 0.001821, 0.001775, 0.001757, 0.002002, 0.001862, 0.001346, 0.001292, 0.001548, 0.001569, 0.001501, 0.001581, 0.001476, 0.001754, 0.001378, 0.001529, 0.001431, 0.001561, 0.001498, 0.001685, 0.001489, 0.001678, 0.001545, 0.001739, 0.001524, 0.001734, 0.001571
0 , 2, 2, 2, 2, 1, 1, 1
0 , 0.003093, 0.003126, 0.003750, 0.004023, 0.006271, 0.003756, 0.004963
1 , 0.001379, 0.001359, 0.001359, 0.001460, 0.001372, 0.001651, 0.001445, 0.001555, 0.001419, 0.001545, 0.001761, 0.001515, 0.001746, 0.001572, 0.001855, 0.001912, 0.001821, 0.001775, 0.001757, 0.002002, 0.001862, 0.001346, 0.001292, 0.001548, 0.001569, 0.001501, 0.001581, 0.001476, 0.001754, 0.001378, 0.001529, 0.001431, 0.001561, 0.001498, 0.001685, 0.001489, 0.001678, 0.001545, 0.001739, 0.001524, 0.001734, 0.001571, 0.001629, 0.001484, 0.001702, 0.001327, 0.001725, 0.000062, 0.001505, 0.001583, 0.001625, 0.001549, 0.001602, 0.001564, 0.001715, 0.001693, 0.001753, 0.001523, 0.001719, 0.001738, 0.001758, 0.001894, 0.001655, 0.001832, 0.001886, 0.001949, 0.001865, 0.001854, 0.002226, 0.002075, 0.002055, 0.002043, 0.000016, 0.001193, 0.001287, 0.001223, 0.001259, 0.001255, 0.001376, 0.001289, 0.001358, 0.001390, 0.001474, 0.001396, 0.001483, 0.001434, 0.001556, 0.001542, 0.001635, 0.001571, 0.001715, 0.001475
1 , 3, 1, 1, 1, 1, 1, 1
1 , 0.005762, 0.005349, 0.007405, 0.008226, 0.011674, 0.008947, 0.008265
2 , 0.001625, 0.001549, 0.001602, 0.001564, 0.001715, 0.001693, 0.001753, 0.001523, 0.001719, 0.001738, 0.001758, 0.001894, 0.001655, 0.001832, 0.001886, 0.001949, 0.001865, 0.001854, 0.002226, 0.002075, 0.002055, 0.002043, 0.000016, 0.001193, 0.001287, 0.001223, 0.001259, 0.001255, 0.001376, 0.001289, 0.001358, 0.001390, 0.001474, 0.001396, 0.001483, 0.001434, 0.001556, 0.001542, 0.001635, 0.001571, 0.001715, 0.001475, 0.001719, 0.001486, 0.001680, 0.000948, 0.000877, 0.001416, 0.001484, 0.001375, 0.001416, 0.001617, 0.001489, 0.001542, 0.001598, 0.001848, 0.001768, 0.001829, 0.001748, 0.001725, 0.001952, 0.001800, 0.001848, 0.001685, 0.001880, 0.001897, 0.001794, 0.001915, 0.001739, 0.002076, 0.001827, 0.002090, 0.000749, 0.001329, 0.001522, 0.001480, 0.001506, 0.001371, 0.001346, 0.001312, 0.001337, 0.001289, 0.001440, 0.001370, 0.001449, 0.001322, 0.001386, 0.001398, 0.001430, 0.001428, 0.001503, 0.001451
2 , 1, 1, 1, 1, 1, 1, 1
2 , 0.008609, 0.011386, 0.014743, 0.017695, 0.015912, 0.013775, 0.013202
3 , 0.001375, 0.001416, 0.001617, 0.001489, 0.001542, 0.001598, 0.001848, 0.001768, 0.001829, 0.001748, 0.001725, 0.001952, 0.001800, 0.001848, 0.001685, 0.001880, 0.001897, 0.001794, 0.001915, 0.001739, 0.002076, 0.001827, 0.002090, 0.000749, 0.001329, 0.001522, 0.001480, 0.001506, 0.001371, 0.001346, 0.001312, 0.001337, 0.001289, 0.001440, 0.001370, 0.001449, 0.001322, 0.001386, 0.001398, 0.001430, 0.001428, 0.001503, 0.001451, 0.001537, 0.001505, 0.001452, 0.001476, 0.001417, 0.001506, 0.000508, 0.001531, 0.001586, 0.001630, 0.001623, 0.001654, 0.001798, 0.001666, 0.001784, 0.001564, 0.001716, 0.001769, 0.001788, 0.001814, 0.001511, 0.001727, 0.001708, 0.001788, 0.001666, 0.001624, 0.001807, 0.001635, 0.001754, 0.001614, 0.001494, 0.000922, 0.001721, 0.001574, 0.001587, 0.001352, 0.001635, 0.001322, 0.001485, 0.001334, 0.001524, 0.001325, 0.001505, 0.001205, 0.001492, 0.001261, 0.001569, 0.001438, 0.001586
3 , 1, 1, 1, 1, 1, 1, 1
3 , 0.006833, 0.008105, 0.010110, 0.011012, 0.013042, 0.011740, 0.013298
4 , 0.001630, 0.001623, 0.001654, 0.001798, 0.001666, 0.001784, 0.001564, 0.001716, 0.001769, 0.001788, 0.001814, 0.001511, 0.001727, 0.001708, 0.001788, 0.001666, 0.001624, 0.001807, 0.001635, 0.001754, 0.001614, 0.001494, 0.000922, 0.001721, 0.001574, 0.001587, 0.001352, 0.001635, 0.001322, 0.001485, 0.001334, 0.001524, 0.001325, 0.001505, 0.001205, 0.001492, 0.001261, 0.001569, 0.001438, 0.001586, 0.001450, 0.001600, 0.001454, 0.001567, 0.001606, 0.000374, 0.001205, 0.001363, 0.001225, 0.001268, 0.001384, 0.001390, 0.001404, 0.001340, 0.001577, 0.001368, 0.001509, 0.001492, 0.001432, 0.001502, 0.001539, 0.001559, 0.001363, 0.001635, 0.001580, 0.001521, 0.001545, 0.001560, 0.001704, 0.001851, 0.000520, 0.002043, 0.001632, 0.001497, 0.001436, 0.001340, 0.001291, 0.001301, 0.001299, 0.001388, 0.001281, 0.001434, 0.001324, 0.001445, 0.001370, 0.001424, 0.001390, 0.001515, 0.001437, 0.001508, 0.001452, 0.001490
4 , 2, 2, 1, 2, 1, 1, 1
4 , 0.004196, 0.005296, 0.007834, 0.006594, 0.006534, 0.007652, 0.008147
5 , 0.001404, 0.001340, 0.001577, 0.001368, 0.001509, 0.001492, 0.001432, 0.001502, 0.001539, 0.001559, 0.001363, 0.001635, 0.001580, 0.001521, 0.001545, 0.001560, 0.001704, 0.001851, 0.000520, 0.002043, 0.001632, 0.001497, 0.001436, 0.001340, 0.001291, 0.001301, 0.001299, 0.001388, 0.001281, 0.001434, 0.001324, 0.001445, 0.001370, 0.001424, 0.001390, 0.001515, 0.001437, 0.001508, 0.001452, 0.001490, 0.001417, 0.001515, 0.001457, 0.001254, 0.001094, 0.001413, 0.001599, 0.001644, 0.001587, 0.001500, 0.001527, 0.001742, 0.001447, 0.001606, 0.001454, 0.001703, 0.001596, 0.001546, 0.001580, 0.001405, 0.001606, 0.001390, 0.001411, 0.001300, 0.001199, 0.001542, 0.001148, 0.001632, 0.000186, 0.001745, 0.002046, 0.002010, 0.001959, 0.001832, 0.001933, 0.001698, 0.001745, 0.001534, 0.001763, 0.001588, 0.001667, 0.001526, 0.001669, 0.001521, 0.001596, 0.001332, 0.001438, 0.001415, 0.001398, 0.001306, 0.001476, 0.001348
5 , 2, 2, 2, 2, 2, 2, 1
5 , 0.002929, 0.006681, 0.006547, 0.005406, 0.003397, 0.002520, 0.002121
6 , 0.001644, 0.001587, 0.001500, 0.001527, 0.001742, 0.001447, 0.001606, 0.001454, 0.001703, 0.001596, 0.001546, 0.001580, 0.001405, 0.001606, 0.001390, 0.001411, 0.001300, 0.001199, 0.001542, 0.001148, 0.001632, 0.000186, 0.001745, 0.002046, 0.002010, 0.001959, 0.001832, 0.001933, 0.001698, 0.001745, 0.001534, 0.001763, 0.001588, 0.001667, 0.001526, 0.001669, 0.001521, 0.001596, 0.001332, 0.001438, 0.001415, 0.001398, 0.001306, 0.001476, 0.001348, 0.000544, 0.001699, 0.001678, 0.001848, 0.001737, 0.001836, 0.001864, 0.001660, 0.001821, 0.001677, 0.001894, 0.001852, 0.001886, 0.001727, 0.001682, 0.001871, 0.001682, 0.001758, 0.001640, 0.001560, 0.001586, 0.001530, 0.001540, 0.001508, 0.001512, 0.000909, 0.001782, 0.001658, 0.001731, 0.001571, 0.001736, 0.001449, 0.001722, 0.001536, 0.001695, 0.001600, 0.001788, 0.001591, 0.001747, 0.001613, 0.001710, 0.001609, 0.001712, 0.001498, 0.001721, 0.001590, 0.001838
6 , 3, 3, 3, 3, 3, 3, 3
6 , 0.002972, 0.003065, 0.002648, 0.003854, 0.003929, 0.003102, 0.002301
7 , 0.001836, 0.001864, 0.001660, 0.001821, 0.001677, 0.001894, 0.001852, 0.001886, 0.001727, 0.001682, 0.001871, 0.001682, 0.001758, 0.001640, 0.001560, 0.001586, 0.001530, 0.001540, 0.001508, 0.001512, 0.000909, 0.001782, 0.001658, 0.001731, 0.001571, 0.001736, 0.001449, 0.001722, 0.001536, 0.001695, 0.001600, 0.001788, 0.001591, 0.001747, 0.001613, 0.001710, 0.001609, 0.001712, 0.001498, 0.001721, 0.001590, 0.001838, 0.001644, 0.001638, 0.001745, 0.000800, 0.001148, 0.001286, 0.001174, 0.001389, 0.001487, 0.001578, 0.001423, 0.001362, 0.001582, 0.001503, 0.001585, 0.001355, 0.001526, 0.001704, 0.001621, 0.001682, 0.001470, 0.001708, 0.001777, 0.001659, 0.001644, 0.001625, 0.001628, 0.001859, 0.000410, 0.002056, 0.001614, 0.001731, 0.001638, 0.001704, 0.001462, 0.001486, 0.001526, 0.001598, 0.001518, 0.001608, 0.001569, 0.001664, 0.001584, 0.001614, 0.001396, 0.001520, 0.001518, 0.001642, 0.001511, 0.001554
7 , 2, 2, 2, 2, 2, 2, 1
7 , 0.003636, 0.003368, 0.001130, 0.003691, 0.002621, 0.002288, 0.002942
8 , 0.001389, 0.001487, 0.001578, 0.001423, 0.001362, 0.001582, 0.001503, 0.001585, 0.001355, 0.001526, 0.001704, 0.001621, 0.001682, 0.001470, 0.001708, 0.001777, 0.001659, 0.001644, 0.001625, 0.001628, 0.001859, 0.000410, 0.002056, 0.001614, 0.001731, 0.001638, 0.001704, 0.001462, 0.001486, 0.001526, 0.001598, 0.001518, 0.001608, 0.001569, 0.001664, 0.001584, 0.001614, 0.001396, 0.001520, 0.001518, 0.001642, 0.001511, 0.001554, 0.001563, 0.001297, 0.001075, 0.001484, 0.001731, 0.001655, 0.001606, 0.001481, 0.001628, 0.001832, 0.001631, 0.001768, 0.001601, 0.001836, 0.001742, 0.001590, 0.001836, 0.001696, 0.001840, 0.001697, 0.001708, 0.001670, 0.001617, 0.001886, 0.001508, 0.001920, 0.000658, 0.001270, 0.001687, 0.001691, 0.001674, 0.001470, 0.001649, 0.001552, 0.001616, 0.001427, 0.001667, 0.001631, 0.001698, 0.001599, 0.001708, 0.001486, 0.001760, 0.001659, 0.001779, 0.001623, 0.001750, 0.001688, 0.001635
8 , 3, 3, 1, 3, 1, 1, 1
8 , 0.002387, 0.002368, 0.002022, 0.000821, 0.000523, 0.000592, 0.000966
9 , 0.001484, 0.001731, 0.001655, 0.001606, 0.001481, 0.001628, 0.001832, 0.001631, 0.001768, 0.001601, 0.001836, 0.001742, 0.001590, 0.001836, 0.001696, 0.001840, 0.001697, 0.001708, 0.001670, 0.001617, 0.001886, 0.001508, 0.001920, 0.000658, 0.001270, 0.001687, 0.001691, 0.001674, 0.001470, 0.001649, 0.001552, 0.001616, 0.001427, 0.001667, 0.001631, 0.001698, 0.001599, 0.001708, 0.001486, 0.001760, 0.001659, 0.001779, 0.001623, 0.001750, 0.001688, 0.001635, 0.001719, 0.001745, 0.001647, 0.000093, 0.001341, 0.001321, 0.001466, 0.001364, 0.001663, 0.001689, 0.001583, 0.001663, 0.001572, 0.001830, 0.001708, 0.001807, 0.001617, 0.001708, 0.001765, 0.001621, 0.001822, 0.001591, 0.001742, 0.001708, 0.001633, 0.001616, 0.001572, 0.001775, 0.000828, 0.001858, 0.001681, 0.001672, 0.001441, 0.001600, 0.001381, 0.001506, 0.001439, 0.001600, 0.001434, 0.001620, 0.001372, 0.001675, 0.001425, 0.001552, 0.001423, 0.001582
9 , 1, 1, 1, 1, 1, 1, 1
9 , 0.001065, 0.001294, 0.002492, 0.002679, 0.003362, 0.001165, 0.003924
10 , 0.001466, 0.001364, 0.001663, 0.001689, 0.001583, 0.001663, 0.001572, 0.001830, 0.001708, 0.001807, 0.001617, 0.001708, 0.001765, 0.001621, 0.001822, 0.001591, 0.001742, 0.001708, 0.001633, 0.001616, 0.001572, 0.001775, 0.000828, 0.001858, 0.001681, 0.001672, 0.001441, 0.001600, 0.001381, 0.001506, 0.001439, 0.001600, 0.001434, 0.001620, 0.001372, 0.001675, 0.001425, 0.001552, 0.001423, 0.001582, 0.001413, 0.001632, 0.001490, 0.001538, 0.001616, 0.000798, 0.001246, 0.001487, 0.001222, 0.001496, 0.001407, 0.001502, 0.001468, 0.001448, 0.001671, 0.001512, 0.001644, 0.001418, 0.001520, 0.001614, 0.001546, 0.001527, 0.001471, 0.001691, 0.001540, 0.001740, 0.001651, 0.001659, 0.001875, 0.001597, 0.001633, 0.001701, 0.000035, 0.001725, 0.001735, 0.001714, 0.001565, 0.001444, 0.001454, 0.001352, 0.001511, 0.001386, 0.001479, 0.001342, 0.001467, 0.001398, 0.001545, 0.001438, 0.001704, 0.001498, 0.001669, 0.001735
10 , 1, 1, 1, 1, 1, 2, 2
10 , 0.000977, 0.003133, 0.004865, 0.006133, 0.004869, 0.005051, 0.005139
11 , 0.001496, 0.001407, 0.001502, 0.001468, 0.001448, 0.001671, 0.001512, 0.001644, 0.001418, 0.001520, 0.001614, 0.001546, 0.001527, 0.001471, 0.001691, 0.001540, 0.001740, 0.001651, 0.001659, 0.001875, 0.001597, 0.001633, 0.001701, 0.000035, 0.001725, 0.001735, 0.001714, 0.001565, 0.001444, 0.001454, 0.001352, 0.001511, 0.001386, 0.001479, 0.001342, 0.001467, 0.001398, 0.001545, 0.001438, 0.001704, 0.001498, 0.001669, 0.001735, 0.001881, 0.001683, 0.001837, 0.001638, 0.001797, 0.001829, 0.001951, 0.001829, 0.001985, 0.001682, 0.001721, 0.001571, 0.001709, 0.001563, 0.001696, 0.001599, 0.001705, 0.001503, 0.001520, 0.001338, 0.001627, 0.001457, 0.001442, 0.001354, 0.001488, 0.001364, 0.001409, 0.001347, 0.001522, 0.001390, 0.001549, 0.001508, 0.001533, 0.001339, 0.001518, 0.001383, 0.001611, 0.001541, 0.001751, 0.001597, 0.001690, 0.001591, 0.001654, 0.001623, 0.001721, 0.001657, 0.001666, 0.001669, 0.001580
11 , 1, 1, 1, 1, 1, 0, 0
11 , 0.002824, 0.003023, 0.002207, 0.002086, 0.001923, 0.001855, 0.002098
12 , 0.001797, 0.001829, 0.001951, 0.001829, 0.001985, 0.001682, 0.001721, 0.001571, 0.001709, 0.001563, 0.001696, 0.001599, 0.001705, 0.001503, 0.001520, 0.001338, 0.001627, 0.001457, 0.001442, 0.001354, 0.001488, 0.001364, 0.001409, 0.001347, 0.001522, 0.001390, 0.001549, 0.001508, 0.001533, 0.001339, 0.001518, 0.001383, 0.001611, 0.001541, 0.001751, 0.001597, 0.001690, 0.001591, 0.001654, 0.001623, 0.001721, 0.001657, 0.001666, 0.001669, 0.001580, 0.001520, 0.001563, 0.001386, 0.001598, 0.001535, 0.001606, 0.001488, 0.001559, 0.001523, 0.001582, 0.001393, 0.001582, 0.001460, 0.001591, 0.001498, 0.001540, 0.001420, 0.001522, 0.001467, 0.001394, 0.001320, 0.001419, 0.001242, 0.001386, 0.001374, 0.001337, 0.001423, 0.001413, 0.001281, 0.001403, 0.001337, 0.001419, 0.001390, 0.001523, 0.001436, 0.001474, 0.001405, 0.001478, 0.001398, 0.001406, 0.001327, 0.001364, 0.001348, 0.001387, 0.001272, 0.001181, 0.001253
12 , 1, 1, 1, 1, 1, 1, 3
12 , 0.004684, 0.004048, 0.003715, 0.003103, 0.002910, 0.002084, 0.001762
13 , 0.001563, 0.001386, 0.001598, 0.001535, 0.001606, 0.001488, 0.001559, 0.001523, 0.001582, 0.001393, 0.001582, 0.001460, 0.001591, 0.001498, 0.001540, 0.001420, 0.001522, 0.001467, 0.001394, 0.001320, 0.001419, 0.001242, 0.001386, 0.001374, 0.001337, 0.001423, 0.001413, 0.001281, 0.001403, 0.001337, 0.001419, 0.001390, 0.001523, 0.001436, 0.001474, 0.001405, 0.001478, 0.001398, 0.001406, 0.001327, 0.001364, 0.001348, 0.001387, 0.001272, 0.001181, 0.001253, 0.001288, 0.001320, 0.001334, 0.001319, 0.001421, 0.001411, 0.001539, 0.001520, 0.001520, 0.001503, 0.001491, 0.001606, 0.001600, 0.001595, 0.001613, 0.001724, 0.001690, 0.001680, 0.001705, 0.001673, 0.001615, 0.001670, 0.001695, 0.001764, 0.001667, 0.001705, 0.001642, 0.001700, 0.001610, 0.001680, 0.001655, 0.001687, 0.001562, 0.001690, 0.001606, 0.001641, 0.001524, 0.001598, 0.001603, 0.001614, 0.001464, 0.001562, 0.001449, 0.001642, 0.001492, 0.001564
13 , 2, 2, 2, 2, 1, 1, 1
13 , 0.005800, 0.005023, 0.004244, 0.003438, 0.002866, 0.003249, 0.003706
14 , 0.001288, 0.001320, 0.001334, 0.001319, 0.001421, 0.001411, 0.001539, 0.001520, 0.001520, 0.001503, 0.001491, 0.001606, 0.001600, 0.001595, 0.001613, 0.001724, 0.001690, 0.001680, 0.001705, 0.001673, 0.001615, 0.001670, 0.001695, 0.001764, 0.001667, 0.001705, 0.001642, 0.001700, 0.001610, 0.001680, 0.001655, 0.001687, 0.001562, 0.001690, 0.001606, 0.001641, 0.001524, 0.001598, 0.001603, 0.001614, 0.001464, 0.001562, 0.001449, 0.001642, 0.001492, 0.001564, 0.001476, 0.001596, 0.001383, 0.001451, 0.001402, 0.001440, 0.001373, 0.001562, 0.001289, 0.001444, 0.001334, 0.001508, 0.001559, 0.001706, 0.001447, 0.001755, 0.001625, 0.001803, 0.001667, 0.001696, 0.001626, 0.001870, 0.001703, 0.001771, 0.001648, 0.001782, 0.001590, 0.001750, 0.001629, 0.001777, 0.001488, 0.001864, 0.001549, 0.001723, 0.001689, 0.001721, 0.001618, 0.001806, 0.001675, 0.001857, 0.001751, 0.001845, 0.001773, 0.002012, 0.001769, 0.001950
14 , 0, 0, 0, 0, 0, 0, 2
14 , 0.007080, 0.006596, 0.005901, 0.005420, 0.004653, 0.003829, 0.003511
15 , 0.001476, 0.001596, 0.001383, 0.001451, 0.001402, 0.001440, 0.001373, 0.001562, 0.001289, 0.001444, 0.001334, 0.001508, 0.001559, 0.001706, 0.001447, 0.001755, 0.001625, 0.001803, 0.001667, 0.001696, 0.001626, 0.001870, 0.001703, 0.001771, 0.001648, 0.001782, 0.001590, 0.001750, 0.001629, 0.001777, 0.001488, 0.001864, 0.001549, 0.001723, 0.001689, 0.001721, 0.001618, 0.001806, 0.001675, 0.001857, 0.001751, 0.001845, 0.001773, 0.002012, 0.001769, 0.001950, 0.001707, 0.001799, 0.001800, 0.001904, 0.001722, 0.001949, 0.001742, 0.001759, 0.001494, 0.001759, 0.001558, 0.001635, 0.001455, 0.001562, 0.001405, 0.001386, 0.001397, 0.001596, 0.001411, 0.001444, 0.001291, 0.001485, 0.001360, 0.001462, 0.001242, 0.001472, 0.001306, 0.001335, 0.001245, 0.001464, 0.001399, 0.001489, 0.001272, 0.001369, 0.001426, 0.001533, 0.001363, 0.001572, 0.001479, 0.001537, 0.001435, 0.001586, 0.001478, 0.001633, 0.001454, 0.001513
15 , 3, 3, 3, 3, 3, 3, 3
15 , 0.009380, 0.008716, 0.008426, 0.007219, 0.006750, 0.005845, 0.005093
16 , 0.001707, 0.001799, 0.001800, 0.001904, 0.001722, 0.001949, 0.001742, 0.001759, 0.001494, 0.001759, 0.001558, 0.001635, 0.001455, 0.001562, 0.001405, 0.001386, 0.001397, 0.001596, 0.001411, 0.001444, 0.001291, 0.001485, 0.001360, 0.001462, 0.001242, 0.001472, 0.001306, 0.001335, 0.001245, 0.001464, 0.001399, 0.001489, 0.001272, 0.001369, 0.001426, 0.001533, 0.001363, 0.001572, 0.001479, 0.001537, 0.001435, 0.001586, 0.001478, 0.001633, 0.001454, 0.001513, 0.001483, 0.001571, 0.001508, 0.001478, 0.001439, 0.001620, 0.001556, 0.001673, 0.001637, 0.001760, 0.001606, 0.001734, 0.001518, 0.001584, 0.001669, 0.001707, 0.001579, 0.001702, 0.001638, 0.001692, 0.001689, 0.001533, 0.001690, 0.001626, 0.001722, 0.001629, 0.001564, 0.001683, 0.001594, 0.001651, 0.001705, 0.001645, 0.001615, 0.001530, 0.001628, 0.001542, 0.001669, 0.001555, 0.001617, 0.001521, 0.001652, 0.001556, 0.001648, 0.001616, 0.001677, 0.001701
16 , 2, 2, 2, 1, 1, 1, 1
16 , 0.006273, 0.005383, 0.004620, 0.004288, 0.003746, 0.003279, 0.002730
