0 , 0.001646, 0.001726, 0.001555, 0.001774, 0.001818, 0.001751, 0.001743, 0.001629, 0.002022, 0.001913, 0.001935, 0.001712, 0.001844, 0.002018, 0.001842, 0.001924, 0.001732, 0.002051, 0.001979, 0.001946, 0.001995, 0.001816, 0.002405, 0.000251, 0.001570, 0.001444, 0.001425, 0.001256, 0.001373, 0.001094, 0.001267, 0.001162, 0.001433, 0.001209, 0.001515, 0.001263, 0.001473, 0.001356, 0.001483, 0.001350, 0.001444, 0.001324, 0.001476, 0.001254, 0.001473, 0.001453, 0.001153, 0.000879, 0.001696, 0.001396, 0.001706, 0.001660, 0.001589, 0.001583, 0.001627, 0.001826, 0.001702, 0.001729, 0.001513, 0.001793, 0.001847, 0.001809, 0.001772, 0.001641, 0.001894, 0.001739, 0.001796, 0.001664, 0.001654, 0.001731, 0.001958, 0.000838, 0.001593, 0.001476, 0.001497, 0.001320, 0.001413, 0.001263, 0.001267, 0.001299, 0.001546, 0.001296, 0.001518, 0.001247, 0.001434, 0.001302, 0.001457, 0.001328, 0.001452, 0.001295, 0.001428, 0.001333
0 , 1, 1, 1, 1, 1, 1, 1
0 , 0.011172, 0.012730, 0.015561, 0.018063, 0.019654, 0.016898, 0.017220
1 , 0.001706, 0.001660, 0.001589, 0.001583, 0.001627, 0.001826, 0.001702, 0.001729, 0.001513, 0.001793, 0.001847, 0.001809, 0.001772, 0.001641, 0.001894, 0.001739, 0.001796, 0.001664, 0.001654, 0.001731, 0.001958, 0.000838, 0.001593, 0.001476, 0.001497, 0.001320, 0.001413, 0.001263, 0.001267, 0.001299, 0.001546, 0.001296, 0.001518, 0.001247, 0.001434, 0.001302, 0.001457, 0.001328, 0.001452, 0.001295, 0.001428, 0.001333, 0.001489, 0.001327, 0.001424, 0.001197, 0.001485, 0.000576, 0.001457, 0.001686, 0.001760, 0.001717, 0.001663, 0.001735, 0.001861, 0.001694, 0.001748, 0.001600, 0.001816, 0.001658, 0.001732, 0.001712, 0.001506, 0.001718, 0.001563, 0.001634, 0.001644, 0.001590, 0.001651, 0.001544, 0.001681, 0.001490, 0.000795, 0.001795, 0.001782, 0.001698, 0.001547, 0.001522, 0.001490, 0.001498, 0.001676, 0.001501, 0.001478, 0.001510, 0.001424, 0.001386, 0.001538, 0.001570, 0.001506, 0.001493, 0.001494, 0.001411
1 , 1, 1, 1, 1, 1, 1, 1
1 , 0.007499, 0.009042, 0.010463, 0.009724, 0.011539, 0.010220, 0.010185
2 , 0.001760, 0.001717, 0.001663, 0.001735, 0.001861, 0.001694, 0.001748, 0.001600, 0.001816, 0.001658, 0.001732, 0.001712, 0.001506, 0.001718, 0.001563, 0.001634, 0.001644, 0.001590, 0.001651, 0.001544, 0.001681, 0.001490, 0.000795, 0.001795, 0.001782, 0.001698, 0.001547, 0.001522, 0.001490, 0.001498, 0.001676, 0.001501, 0.001478, 0.001510, 0.001424, 0.001386, 0.001538, 0.001570, 0.001506, 0.001493, 0.001494, 0.001411, 0.001493, 0.001288, 0.001659, 0.000526, 0.001180, 0.001422, 0.001583, 0.001526, 0.001646, 0.001804, 0.001726, 0.001829, 0.001642, 0.001906, 0.001891, 0.001937, 0.001847, 0.001881, 0.002120, 0.001957, 0.002112, 0.001946, 0.002025, 0.002176, 0.002021, 0.002063, 0.001677, 0.002001, 0.001813, 0.002068, 0.000035, 0.001465, 0.001431, 0.001555, 0.001460, 0.001303, 0.001488, 0.001180, 0.001366, 0.001302, 0.001337, 0.001212, 0.001298, 0.001205, 0.001391, 0.001322, 0.001301, 0.001206, 0.001363, 0.001240
2 , 1, 1, 1, 1, 1, 1, 1
2 , 0.011324, 0.012666, 0.016160, 0.017479, 0.017324, 0.014851, 0.015407
3 , 0.001526, 0.001646, 0.001804, 0.001726, 0.001829, 0.001642, 0.001906, 0.001891, 0.001937, 0.001847, 0.001881, 0.002120, 0.001957, 0.002112, 0.001946, 0.002025, 0.002176, 0.002021, 0.002063, 0.001677, 0.002001, 0.001813, 0.002068, 0.000035, 0.001465, 0.001431, 0.001555, 0.001460, 0.001303, 0.001488, 0.001180, 0.001366, 0.001302, 0.001337, 0.001212, 0.001298, 0.001205, 0.001391, 0.001322, 0.001301, 0.001206, 0.001363, 0.001240, 0.001279, 0.001251, 0.001222, 0.001113, 0.001329, 0.000991, 0.001214, 0.001744, 0.001839, 0.001837, 0.001933, 0.001782, 0.002089, 0.001980, 0.001942, 0.001878, 0.001843, 0.001942, 0.001817, 0.002029, 0.001908, 0.002047, 0.002024, 0.002005, 0.002054, 0.001785, 0.001926, 0.001760, 0.001795, 0.001856, 0.000868, 0.001265, 0.001803, 0.001697, 0.001639, 0.001445, 0.001600, 0.001384, 0.001627, 0.001532, 0.001545, 0.001421, 0.001590, 0.001286, 0.001626, 0.001350, 0.001433, 0.001244, 0.001459
3 , 1, 1, 1, 1, 1, 1, 1
3 , 0.014954, 0.016761, 0.019504, 0.021383, 0.023593, 0.022382, 0.021458
4 , 0.001744, 0.001839, 0.001837, 0.001933, 0.001782, 0.002089, 0.001980, 0.001942, 0.001878, 0.001843, 0.001942, 0.001817, 0.002029, 0.001908, 0.002047, 0.002024, 0.002005, 0.002054, 0.001785, 0.001926, 0.001760, 0.001795, 0.001856, 0.000868, 0.001265, 0.001803, 0.001697, 0.001639, 0.001445, 0.001600, 0.001384, 0.001627, 0.001532, 0.001545, 0.001421, 0.001590, 0.001286, 0.001626, 0.001350, 0.001433, 0.001244, 0.001459, 0.001331, 0.001367, 0.001357, 0.001469, 0.001281, 0.000248, 0.001624, 0.001781, 0.001650, 0.001646, 0.001816, 0.001691, 0.001812, 0.001748, 0.001955, 0.001842, 0.001829, 0.001813, 0.001644, 0.001865, 0.001774, 0.001829, 0.001708, 0.001734, 0.001829, 0.001667, 0.001892, 0.001681, 0.001875, 0.001784, 0.000728, 0.001683, 0.001537, 0.001459, 0.001385, 0.001418, 0.001288, 0.001411, 0.001382, 0.001435, 0.001330, 0.001456, 0.001238, 0.001486, 0.001383, 0.001630, 0.001470, 0.001504, 0.001381, 0.001506
4 , 1, 1, 1, 1, 1, 1, 1
4 , 0.010823, 0.012910, 0.014481, 0.016540, 0.020111, 0.016586, 0.015491
5 , 0.001650, 0.001646, 0.001816, 0.001691, 0.001812, 0.001748, 0.001955, 0.001842, 0.001829, 0.001813, 0.001644, 0.001865, 0.001774, 0.001829, 0.001708, 0.001734, 0.001829, 0.001667, 0.001892, 0.001681, 0.001875, 0.001784, 0.000728, 0.001683, 0.001537, 0.001459, 0.001385, 0.001418, 0.001288, 0.001411, 0.001382, 0.001435, 0.001330, 0.001456, 0.001238, 0.001486, 0.001383, 0.001630, 0.001470, 0.001504, 0.001381, 0.001506, 0.001471, 0.001631, 0.001592, 0.001607, 0.001455, 0.000875, 0.001337, 0.001457, 0.001567, 0.001703, 0.001717, 0.001829, 0.001596, 0.001927, 0.001758, 0.001925, 0.001691, 0.001581, 0.001941, 0.001858, 0.002017, 0.001870, 0.001904, 0.002002, 0.001923, 0.001942, 0.001802, 0.002139, 0.001804, 0.002183, 0.000134, 0.001322, 0.001420, 0.001509, 0.001293, 0.001161, 0.001498, 0.001374, 0.001393, 0.001261, 0.001386, 0.001410, 0.001404, 0.001159, 0.001291, 0.001259, 0.001378, 0.001430, 0.001282, 0.001136
5 , 1, 1, 1, 1, 1, 1, 1
5 , 0.012340, 0.014444, 0.016353, 0.017703, 0.018903, 0.016890, 0.016528
6 , 0.001567, 0.001703, 0.001717, 0.001829, 0.001596, 0.001927, 0.001758, 0.001925, 0.001691, 0.001581, 0.001941, 0.001858, 0.002017, 0.001870, 0.001904, 0.002002, 0.001923, 0.001942, 0.001802, 0.002139, 0.001804, 0.002183, 0.000134, 0.001322, 0.001420, 0.001509, 0.001293, 0.001161, 0.001498, 0.001374, 0.001393, 0.001261, 0.001386, 0.001410, 0.001404, 0.001159, 0.001291, 0.001259, 0.001378, 0.001430, 0.001282, 0.001136, 0.001222, 0.001325, 0.001350, 0.001000, 0.001071, 0.001593, 0.001612, 0.001639, 0.001714, 0.001521, 0.001888, 0.001698, 0.001903, 0.001737, 0.001786, 0.002005, 0.001930, 0.001834, 0.001729, 0.002066, 0.001854, 0.001804, 0.001842, 0.001698, 0.001955, 0.001820, 0.001842, 0.001993, 0.001131, 0.001037, 0.001655, 0.001450, 0.001437, 0.001280, 0.001411, 0.001173, 0.001242, 0.001173, 0.001364, 0.001140, 0.001401, 0.001093, 0.001245, 0.001059, 0.001310, 0.001086, 0.001218, 0.001061, 0.001346, 0.001100
6 , 1, 1, 1, 1, 1, 1, 1
6 , 0.017358, 0.020682, 0.023594, 0.025524, 0.021885, 0.021709, 0.021166
7 , 0.001639, 0.001714, 0.001521, 0.001888, 0.001698, 0.001903, 0.001737, 0.001786, 0.002005, 0.001930, 0.001834, 0.001729, 0.002066, 0.001854, 0.001804, 0.001842, 0.001698, 0.001955, 0.001820, 0.001842, 0.001993, 0.001131, 0.001037, 0.001655, 0.001450, 0.001437, 0.001280, 0.001411, 0.001173, 0.001242, 0.001173, 0.001364, 0.001140, 0.001401, 0.001093, 0.001245, 0.001059, 0.001310, 0.001086, 0.001218, 0.001061, 0.001346, 0.001100, 0.001226, 0.001203, 0.001288, 0.001276, 0.000261, 0.001515, 0.001631, 0.001828, 0.001756, 0.001828, 0.001778, 0.001929, 0.001706, 0.001799, 0.001790, 0.001781, 0.001754, 0.001701, 0.001853, 0.001762, 0.001776, 0.001630, 0.001661, 0.001944, 0.001752, 0.001942, 0.001744, 0.001771, 0.001909, 0.000622, 0.001655, 0.001421, 0.001474, 0.001259, 0.001262, 0.001203, 0.001152, 0.001183, 0.001252, 0.001181, 0.001242, 0.001083, 0.001352, 0.001179, 0.001308, 0.001124, 0.001243, 0.001293, 0.001390
7 , 1, 1, 1, 1, 1, 1, 1
7 , 0.017110, 0.019957, 0.021968, 0.022217, 0.024752, 0.023348, 0.023578
8 , 0.001828, 0.001756, 0.001828, 0.001778, 0.001929, 0.001706, 0.001799, 0.001790, 0.001781, 0.001754, 0.001701, 0.001853, 0.001762, 0.001776, 0.001630, 0.001661, 0.001944, 0.001752, 0.001942, 0.001744, 0.001771, 0.001909, 0.000622, 0.001655, 0.001421, 0.001474, 0.001259, 0.001262, 0.001203, 0.001152, 0.001183, 0.001252, 0.001181, 0.001242, 0.001083, 0.001352, 0.001179, 0.001308, 0.001124, 0.001243, 0.001293, 0.001390, 0.001195, 0.001214, 0.001196, 0.000728, 0.001415, 0.001482, 0.001640, 0.001770, 0.001669, 0.001676, 0.001548, 0.001836, 0.001711, 0.001721, 0.001681, 0.001678, 0.001894, 0.001641, 0.001692, 0.001476, 0.001597, 0.001809, 0.001654, 0.001725, 0.001509, 0.001867, 0.001631, 0.001974, 0.000122, 0.001356, 0.001521, 0.001469, 0.001422, 0.001212, 0.001220, 0.001163, 0.001332, 0.001154, 0.001202, 0.001136, 0.001233, 0.001138, 0.001200, 0.001165, 0.001245, 0.001232, 0.001488, 0.001237, 0.001293, 0.001227
8 , 1, 1, 1, 1, 1, 1, 1
8 , 0.016666, 0.019525, 0.022751, 0.021125, 0.018953, 0.018969, 0.018087
9 , 0.001640, 0.001770, 0.001669, 0.001676, 0.001548, 0.001836, 0.001711, 0.001721, 0.001681, 0.001678, 0.001894, 0.001641, 0.001692, 0.001476, 0.001597, 0.001809, 0.001654, 0.001725, 0.001509, 0.001867, 0.001631, 0.001974, 0.000122, 0.001356, 0.001521, 0.001469, 0.001422, 0.001212, 0.001220, 0.001163, 0.001332, 0.001154, 0.001202, 0.001136, 0.001233, 0.001138, 0.001200, 0.001165, 0.001245, 0.001232, 0.001488, 0.001237, 0.001293, 0.001227, 0.001336, 0.001300, 0.001294, 0.001142, 0.000778, 0.001609, 0.001675, 0.001611, 0.001621, 0.001565, 0.001803, 0.001621, 0.001833, 0.001608, 0.001811, 0.001788, 0.001717, 0.001804, 0.001616, 0.001934, 0.001801, 0.001881, 0.001855, 0.001798, 0.001991, 0.001896, 0.001760, 0.001946, 0.001390, 0.000938, 0.001589, 0.001537, 0.001547, 0.001317, 0.001298, 0.001108, 0.001267, 0.001178, 0.001310, 0.001152, 0.001244, 0.001206, 0.001367, 0.001227, 0.001383, 0.001158, 0.001557, 0.001305
9 , 1, 1, 1, 1, 1, 1, 1
9 , 0.012463, 0.015621, 0.017104, 0.019197, 0.017967, 0.018893, 0.017640
10 , 0.001609, 0.001675, 0.001611, 0.001621, 0.001565, 0.001803, 0.001621, 0.001833, 0.001608, 0.001811, 0.001788, 0.001717, 0.001804, 0.001616, 0.001934, 0.001801, 0.001881, 0.001855, 0.001798, 0.001991, 0.001896, 0.001760, 0.001946, 0.001390, 0.000938, 0.001589, 0.001537, 0.001547, 0.001317, 0.001298, 0.001108, 0.001267, 0.001178, 0.001310, 0.001152, 0.001244, 0.001206, 0.001367, 0.001227, 0.001383, 0.001158, 0.001557, 0.001305, 0.001440, 0.001240, 0.001285, 0.001308, 0.000107, 0.001627, 0.001764, 0.001590, 0.001726, 0.001843, 0.001684, 0.001786, 0.001597, 0.001930, 0.001759, 0.001937, 0.001896, 0.001858, 0.002157, 0.001915, 0.002017, 0.001946, 0.002002, 0.002040, 0.001843, 0.001987, 0.001923, 0.001999, 0.002036, 0.002061, 0.001901, 0.000389, 0.001407, 0.001447, 0.001367, 0.001459, 0.001240, 0.001301, 0.001213, 0.001333, 0.001174, 0.001245, 0.001090, 0.001279, 0.001179, 0.001393, 0.001179, 0.001393, 0.001212
10 , 1, 1, 1, 1, 1, 1, 1
10 , 0.011482, 0.014486, 0.017021, 0.019932, 0.024792, 0.025646, 0.024862
11 , 0.001726, 0.001843, 0.001684, 0.001786, 0.001597, 0.001930, 0.001759, 0.001937, 0.001896, 0.001858, 0.002157, 0.001915, 0.002017, 0.001946, 0.002002, 0.002040, 0.001843, 0.001987, 0.001923, 0.001999, 0.002036, 0.002061, 0.001901, 0.000389, 0.001407, 0.001447, 0.001367, 0.001459, 0.001240, 0.001301, 0.001213, 0.001333, 0.001174, 0.001245, 0.001090, 0.001279, 0.001179, 0.001393, 0.001179, 0.001393, 0.001212, 0.001281, 0.001120, 0.001322, 0.001172, 0.001209, 0.001165, 0.001351, 0.001168, 0.001231, 0.001113, 0.001362, 0.001261, 0.001174, 0.000948, 0.001312, 0.001159, 0.001231, 0.000993, 0.001186, 0.001116, 0.001269, 0.001053, 0.001166, 0.001206, 0.001418, 0.001347, 0.001402, 0.001235, 0.001426, 0.001207, 0.001369, 0.001122, 0.001286, 0.001225, 0.001266, 0.001049, 0.001393, 0.001192, 0.001231, 0.001043, 0.001288, 0.001158, 0.001220, 0.001178, 0.001378, 0.001273, 0.001495, 0.001407, 0.001553, 0.001656, 0.001617
11 , 2, 2, 2, 2, 2, 2, 2
11 , 0.012788, 0.014241, 0.015355, 0.017090, 0.017850, 0.016173, 0.016285
12 , 0.001113, 0.001362, 0.001261, 0.001174, 0.000948, 0.001312, 0.001159, 0.001231, 0.000993, 0.001186, 0.001116, 0.001269, 0.001053, 0.001166, 0.001206, 0.001418, 0.001347, 0.001402, 0.001235, 0.001426, 0.001207, 0.001369, 0.001122, 0.001286, 0.001225, 0.001266, 0.001049, 0.001393, 0.001192, 0.001231, 0.001043, 0.001288, 0.001158, 0.001220, 0.001178, 0.001378, 0.001273, 0.001495, 0.001407, 0.001553, 0.001656, 0.001617, 0.001424, 0.001633, 0.001554, 0.001584, 0.001549, 0.001726, 0.001662, 0.001693, 0.001596, 0.001760, 0.001668, 0.001706, 0.001501, 0.001637, 0.001505, 0.001557, 0.001298, 0.001422, 0.001261, 0.001401, 0.001136, 0.001272, 0.001118, 0.001192, 0.000984, 0.001061, 0.001030, 0.001200, 0.001070, 0.001166, 0.001103, 0.001194, 0.001121, 0.001268, 0.001133, 0.001140, 0.001131, 0.001138, 0.001137, 0.001255, 0.001247, 0.001385, 0.001218, 0.001330, 0.001293, 0.001328, 0.001374, 0.001422, 0.001259, 0.001413
12 , 3, 3, 3, 3, 3, 3, 3
12 , 0.008123, 0.007261, 0.007155, 0.006375, 0.006284, 0.005843, 0.005614
13 , 0.001549, 0.001726, 0.001662, 0.001693, 0.001596, 0.001760, 0.001668, 0.001706, 0.001501, 0.001637, 0.001505, 0.001557, 0.001298, 0.001422, 0.001261, 0.001401, 0.001136, 0.001272, 0.001118, 0.001192, 0.000984, 0.001061, 0.001030, 0.001200, 0.001070, 0.001166, 0.001103, 0.001194, 0.001121, 0.001268, 0.001133, 0.001140, 0.001131, 0.001138, 0.001137, 0.001255, 0.001247, 0.001385, 0.001218, 0.001330, 0.001293, 0.001328, 0.001374, 0.001422, 0.001259, 0.001413, 0.001290, 0.001436, 0.001428, 0.001608, 0.001449, 0.001449, 0.001418, 0.001446, 0.001407, 0.001528, 0.001457, 0.001486, 0.001488, 0.001583, 0.001528, 0.001467, 0.001436, 0.001415, 0.001299, 0.001277, 0.001337, 0.001248, 0.001162, 0.001256, 0.001361, 0.001276, 0.001315, 0.001229, 0.001322, 0.001208, 0.001252, 0.001163, 0.001165, 0.001136, 0.001227, 0.001109, 0.001261, 0.001227, 0.001254, 0.001186, 0.001197, 0.001195, 0.001170, 0.001197, 0.001199, 0.001220
13 , 1, 1, 1, 1, 1, 1, 1
13 , 0.011798, 0.011157, 0.010058, 0.009519, 0.008409, 0.007556, 0.005982
14 , 0.001290, 0.001436, 0.001428, 0.001608, 0.001449, 0.001449, 0.001418, 0.001446, 0.001407, 0.001528, 0.001457, 0.001486, 0.001488, 0.001583, 0.001528, 0.001467, 0.001436, 0.001415, 0.001299, 0.001277, 0.001337, 0.001248, 0.001162, 0.001256, 0.001361, 0.001276, 0.001315, 0.001229, 0.001322, 0.001208, 0.001252, 0.001163, 0.001165, 0.001136, 0.001227, 0.001109, 0.001261, 0.001227, 0.001254, 0.001186, 0.001197, 0.001195, 0.001170, 0.001197, 0.001199, 0.001220, 0.001301, 0.001301, 0.001293, 0.001259, 0.001420, 0.001328, 0.001413, 0.001339, 0.001366, 0.001280, 0.001378, 0.001368, 0.001373, 0.001285, 0.001425, 0.001296, 0.001330, 0.001115, 0.001273, 0.001120, 0.001376, 0.001218, 0.001283, 0.001124, 0.001346, 0.001212, 0.001328, 0.001166, 0.001317, 0.001251, 0.001350, 0.001126, 0.001483, 0.001233, 0.001459, 0.001243, 0.001304, 0.001235, 0.001415, 0.001282, 0.001495, 0.001327, 0.001507, 0.001378, 0.001593, 0.001496
14 , 2, 2, 2, 2, 2, 2, 2
14 , 0.005160, 0.005104, 0.005865, 0.005753, 0.006017, 0.005841, 0.006279
15 , 0.001413, 0.001339, 0.001366, 0.001280, 0.001378, 0.001368, 0.001373, 0.001285, 0.001425, 0.001296, 0.001330, 0.001115, 0.001273, 0.001120, 0.001376, 0.001218, 0.001283, 0.001124, 0.001346, 0.001212, 0.001328, 0.001166, 0.001317, 0.001251, 0.001350, 0.001126, 0.001483, 0.001233, 0.001459, 0.001243, 0.001304, 0.001235, 0.001415, 0.001282, 0.001495, 0.001327, 0.001507, 0.001378, 0.001593, 0.001496, 0.001654, 0.001404, 0.001476, 0.001395, 0.001532, 0.001323, 0.001440, 0.001230, 0.001454, 0.001249, 0.001381, 0.001114, 0.001253, 0.001127, 0.001260, 0.001226, 0.001346, 0.001217, 0.001201, 0.001124, 0.001278, 0.001125, 0.001258, 0.001160, 0.001291, 0.001138, 0.001298, 0.001197, 0.001258, 0.001124, 0.001283, 0.001109, 0.001380, 0.001159, 0.001378, 0.001239, 0.001444, 0.001305, 0.001451, 0.001442, 0.001477, 0.001318, 0.001529, 0.001375, 0.001492, 0.001372, 0.001501, 0.001317, 0.001434, 0.001277, 0.001494, 0.001305
15 , 0, 0, 0, 0, 0, 0, 0
15 , 0.003578, 0.004238, 0.004894, 0.005509, 0.006025, 0.006294, 0.006624
16 , 0.001253, 0.001127, 0.001260, 0.001226, 0.001346, 0.001217, 0.001201, 0.001124, 0.001278, 0.001125, 0.001258, 0.001160, 0.001291, 0.001138, 0.001298, 0.001197, 0.001258, 0.001124, 0.001283, 0.001109, 0.001380, 0.001159, 0.001378, 0.001239, 0.001444, 0.001305, 0.001451, 0.001442, 0.001477, 0.001318, 0.001529, 0.001375, 0.001492, 0.001372, 0.001501, 0.001317, 0.001434, 0.001277, 0.001494, 0.001305, 0.001494, 0.001283, 0.001485, 0.001424, 0.001471, 0.001256, 0.001388, 0.001349, 0.001421, 0.001266, 0.001333, 0.001125, 0.001220, 0.001195, 0.001417, 0.001231, 0.001351, 0.001199, 0.001317, 0.001276, 0.001346, 0.001256, 0.001238, 0.001294, 0.001295, 0.001260, 0.001292, 0.001197, 0.001285, 0.001312, 0.001401, 0.001273, 0.001393, 0.001298, 0.001389, 0.001476, 0.001347, 0.001459, 0.001426, 0.001426, 0.001485, 0.001365, 0.001361, 0.001429, 0.001453, 0.001480, 0.001308, 0.001405, 0.001280, 0.001173, 0.001313, 0.001265
16 , 0, 0, 0, 0, 0, 0, 0
16 , 0.005633, 0.006208, 0.006032, 0.006065, 0.006023, 0.005909, 0.005339
