0 , 0.001507, 0.001352, 0.001431, 0.001612, 0.001553, 0.001765, 0.001443, 0.001678, 0.001670, 0.001708, 0.001780, 0.001640, 0.001985, 0.001863, 0.001968, 0.001733, 0.001801, 0.002040, 0.001968, 0.001983, 0.001733, 0.001785, 0.002159, 0.000637, 0.001749, 0.001571, 0.001611, 0.001335, 0.001402, 0.001398, 0.001425, 0.001231, 0.001448, 0.001373, 0.001605, 0.001405, 0.001487, 0.001441, 0.001687, 0.001437, 0.001743, 0.001482, 0.001675, 0.001554, 0.001675, 0.001461, 0.001765, 0.000428, 0.001421, 0.001538, 0.001607, 0.001450, 0.001545, 0.001269, 0.001546, 0.001448, 0.001499, 0.001425, 0.001553, 0.001705, 0.001452, 0.001638, 0.001415, 0.001550, 0.001560, 0.001510, 0.001500, 0.001331, 0.001611, 0.001577, 0.001536, 0.001408, 0.001586, 0.001586, 0.001062, 0.001958, 0.001787, 0.001762, 0.001685, 0.001692, 0.001514, 0.001644, 0.001466, 0.001594, 0.001374, 0.001661, 0.001418, 0.001646, 0.001457, 0.001558, 0.001407, 0.001536
0 , 2, 2, 2, 2, 2, 2, 2
0 , 0.004756, 0.005391, 0.005996, 0.007221, 0.008615, 0.007047, 0.007437
1 , 0.001607, 0.001450, 0.001545, 0.001269, 0.001546, 0.001448, 0.001499, 0.001425, 0.001553, 0.001705, 0.001452, 0.001638, 0.001415, 0.001550, 0.001560, 0.001510, 0.001500, 0.001331, 0.001611, 0.001577, 0.001536, 0.001408, 0.001586, 0.001586, 0.001062, 0.001958, 0.001787, 0.001762, 0.001685, 0.001692, 0.001514, 0.001644, 0.001466, 0.001594, 0.001374, 0.001661, 0.001418, 0.001646, 0.001457, 0.001558, 0.001407, 0.001536, 0.001401, 0.001680, 0.001495, 0.001596, 0.001553, 0.001512, 0.001592, 0.000728, 0.001208, 0.001462, 0.001416, 0.001712, 0.001610, 0.001777, 0.001572, 0.001720, 0.001830, 0.001602, 0.001739, 0.001515, 0.001837, 0.001750, 0.001682, 0.001613, 0.001587, 0.001719, 0.001594, 0.001635, 0.001602, 0.001714, 0.001712, 0.001792, 0.000415, 0.001840, 0.001653, 0.001779, 0.001661, 0.001512, 0.001634, 0.001541, 0.001519, 0.001397, 0.001497, 0.001477, 0.001572, 0.001421, 0.001246, 0.001396, 0.001271, 0.001430
1 , 3, 3, 3, 3, 3, 3, 3
1 , 0.003456, 0.002522, 0.002872, 0.003367, 0.003732, 0.004028, 0.005607
2 , 0.001416, 0.001712, 0.001610, 0.001777, 0.001572, 0.001720, 0.001830, 0.001602, 0.001739, 0.001515, 0.001837, 0.001750, 0.001682, 0.001613, 0.001587, 0.001719, 0.001594, 0.001635, 0.001602, 0.001714, 0.001712, 0.001792, 0.000415, 0.001840, 0.001653, 0.001779, 0.001661, 0.001512, 0.001634, 0.001541, 0.001519, 0.001397, 0.001497, 0.001477, 0.001572, 0.001421, 0.001246, 0.001396, 0.001271, 0.001430, 0.001499, 0.001407, 0.001427, 0.001297, 0.001335, 0.001032, 0.001201, 0.001485, 0.001617, 0.001658, 0.001632, 0.001617, 0.001788, 0.001780, 0.001637, 0.001701, 0.001531, 0.001727, 0.001583, 0.001609, 0.001548, 0.001393, 0.001767, 0.001666, 0.001775, 0.001628, 0.001680, 0.001764, 0.001587, 0.001844, 0.000539, 0.001419, 0.001927, 0.001762, 0.001678, 0.001397, 0.001537, 0.001359, 0.001619, 0.001409, 0.001577, 0.001337, 0.001417, 0.001175, 0.001399, 0.001093, 0.001310, 0.001272, 0.001329, 0.001173, 0.001386, 0.001344
2 , 1, 1, 1, 1, 1, 1, 1
2 , 0.005973, 0.008003, 0.010459, 0.009912, 0.007722, 0.008925, 0.009340
3 , 0.001617, 0.001658, 0.001632, 0.001617, 0.001788, 0.001780, 0.001637, 0.001701, 0.001531, 0.001727, 0.001583, 0.001609, 0.001548, 0.001393, 0.001767, 0.001666, 0.001775, 0.001628, 0.001680, 0.001764, 0.001587, 0.001844, 0.000539, 0.001419, 0.001927, 0.001762, 0.001678, 0.001397, 0.001537, 0.001359, 0.001619, 0.001409, 0.001577, 0.001337, 0.001417, 0.001175, 0.001399, 0.001093, 0.001310, 0.001272, 0.001329, 0.001173, 0.001386, 0.001344, 0.001472, 0.001385, 0.001488, 0.001513, 0.000181, 0.001489, 0.001648, 0.001682, 0.001428, 0.001758, 0.001618, 0.001689, 0.001621, 0.001731, 0.001867, 0.001674, 0.001833, 0.001670, 0.001787, 0.001794, 0.001559, 0.001680, 0.001529, 0.001716, 0.001609, 0.001645, 0.001539, 0.001616, 0.001568, 0.001030, 0.001952, 0.001719, 0.001853, 0.001648, 0.001685, 0.001531, 0.001694, 0.001595, 0.001666, 0.001483, 0.001698, 0.001418, 0.001704, 0.001548, 0.001853, 0.001541, 0.001667, 0.001605
3 , 2, 2, 2, 2, 2, 1, 2
3 , 0.004975, 0.005794, 0.006144, 0.006874, 0.004897, 0.006120, 0.006329
4 , 0.001489, 0.001648, 0.001682, 0.001428, 0.001758, 0.001618, 0.001689, 0.001621, 0.001731, 0.001867, 0.001674, 0.001833, 0.001670, 0.001787, 0.001794, 0.001559, 0.001680, 0.001529, 0.001716, 0.001609, 0.001645, 0.001539, 0.001616, 0.001568, 0.001030, 0.001952, 0.001719, 0.001853, 0.001648, 0.001685, 0.001531, 0.001694, 0.001595, 0.001666, 0.001483, 0.001698, 0.001418, 0.001704, 0.001548, 0.001853, 0.001541, 0.001667, 0.001605, 0.001792, 0.001622, 0.001605, 0.001566, 0.000897, 0.001173, 0.001367, 0.001176, 0.001515, 0.001406, 0.001598, 0.001498, 0.001620, 0.001718, 0.001605, 0.001609, 0.001442, 0.001714, 0.001653, 0.001593, 0.001586, 0.001548, 0.001755, 0.001567, 0.001696, 0.001629, 0.001741, 0.001811, 0.001861, 0.000320, 0.001880, 0.001774, 0.001717, 0.001649, 0.001669, 0.001614, 0.001606, 0.001659, 0.001653, 0.001685, 0.001620, 0.001587, 0.001676, 0.001582, 0.001644, 0.001673, 0.001741, 0.001608, 0.001587
4 , 0, 0, 0, 2, 2, 2, 2
4 , 0.003228, 0.003224, 0.002784, 0.002336, 0.002006, 0.004474, 0.002556
5 , 0.001515, 0.001406, 0.001598, 0.001498, 0.001620, 0.001718, 0.001605, 0.001609, 0.001442, 0.001714, 0.001653, 0.001593, 0.001586, 0.001548, 0.001755, 0.001567, 0.001696, 0.001629, 0.001741, 0.001811, 0.001861, 0.000320, 0.001880, 0.001774, 0.001717, 0.001649, 0.001669, 0.001614, 0.001606, 0.001659, 0.001653, 0.001685, 0.001620, 0.001587, 0.001676, 0.001582, 0.001644, 0.001673, 0.001741, 0.001608, 0.001587, 0.001649, 0.001620, 0.001465, 0.001636, 0.001659, 0.001300, 0.000920, 0.001269, 0.001624, 0.001523, 0.001735, 0.001462, 0.001735, 0.001879, 0.001705, 0.001735, 0.001553, 0.001871, 0.001822, 0.001686, 0.001682, 0.001667, 0.001802, 0.001727, 0.001799, 0.001647, 0.001655, 0.001832, 0.001487, 0.001818, 0.000753, 0.001218, 0.001841, 0.001884, 0.001740, 0.001611, 0.001705, 0.001606, 0.001755, 0.001624, 0.001842, 0.001561, 0.001684, 0.001587, 0.001708, 0.001761, 0.001822, 0.001726, 0.001816, 0.001689, 0.001847
5 , 0, 0, 2, 0, 0, 2, 2
5 , 0.001612, 0.000588, 0.000725, 0.001612, 0.001427, 0.002377, 0.002284
6 , 0.001735, 0.001462, 0.001735, 0.001879, 0.001705, 0.001735, 0.001553, 0.001871, 0.001822, 0.001686, 0.001682, 0.001667, 0.001802, 0.001727, 0.001799, 0.001647, 0.001655, 0.001832, 0.001487, 0.001818, 0.000753, 0.001218, 0.001841, 0.001884, 0.001740, 0.001611, 0.001705, 0.001606, 0.001755, 0.001624, 0.001842, 0.001561, 0.001684, 0.001587, 0.001708, 0.001761, 0.001822, 0.001726, 0.001816, 0.001689, 0.001847, 0.001726, 0.001804, 0.001752, 0.000026, 0.001170, 0.001317, 0.001434, 0.001222, 0.001343, 0.001354, 0.001472, 0.001411, 0.001397, 0.001657, 0.001595, 0.001638, 0.001498, 0.001771, 0.001710, 0.001537, 0.001658, 0.001465, 0.001704, 0.001686, 0.001693, 0.001773, 0.001706, 0.001804, 0.000754, 0.001765, 0.001607, 0.001649, 0.001447, 0.001639, 0.001420, 0.001627, 0.001529, 0.001598, 0.001377, 0.001651, 0.001540, 0.001717, 0.001614, 0.001702, 0.001619, 0.001956, 0.001615, 0.001796, 0.001700, 0.001770, 0.001606
6 , 0, 2, 2, 2, 2, 2, 2
6 , 0.003170, 0.003270, 0.003412, 0.002401, 0.002856, 0.003579, 0.003357
7 , 0.001472, 0.001411, 0.001397, 0.001657, 0.001595, 0.001638, 0.001498, 0.001771, 0.001710, 0.001537, 0.001658, 0.001465, 0.001704, 0.001686, 0.001693, 0.001773, 0.001706, 0.001804, 0.000754, 0.001765, 0.001607, 0.001649, 0.001447, 0.001639, 0.001420, 0.001627, 0.001529, 0.001598, 0.001377, 0.001651, 0.001540, 0.001717, 0.001614, 0.001702, 0.001619, 0.001956, 0.001615, 0.001796, 0.001700, 0.001770, 0.001606, 0.001721, 0.001716, 0.000928, 0.001127, 0.001359, 0.001236, 0.001461, 0.001454, 0.001630, 0.001382, 0.001452, 0.001493, 0.001297, 0.001483, 0.001284, 0.001543, 0.001539, 0.001523, 0.001523, 0.001364, 0.001608, 0.001503, 0.001466, 0.001325, 0.001476, 0.001486, 0.001699, 0.000426, 0.002043, 0.001775, 0.001752, 0.001701, 0.001684, 0.001611, 0.001595, 0.001451, 0.001441, 0.001371, 0.001300, 0.001280, 0.001379, 0.001312, 0.001302, 0.001380, 0.001380, 0.001341, 0.001425, 0.001370, 0.001490, 0.001409, 0.001409
7 , 0, 0, 0, 1, 1, 1, 1
7 , 0.002064, 0.002649, 0.000821, 0.000792, 0.001912, 0.002867, 0.002872
8 , 0.001493, 0.001297, 0.001483, 0.001284, 0.001543, 0.001539, 0.001523, 0.001523, 0.001364, 0.001608, 0.001503, 0.001466, 0.001325, 0.001476, 0.001486, 0.001699, 0.000426, 0.002043, 0.001775, 0.001752, 0.001701, 0.001684, 0.001611, 0.001595, 0.001451, 0.001441, 0.001371, 0.001300, 0.001280, 0.001379, 0.001312, 0.001302, 0.001380, 0.001380, 0.001341, 0.001425, 0.001370, 0.001490, 0.001409, 0.001409, 0.000885, 0.001405, 0.001545, 0.001401, 0.001570, 0.001399, 0.001529, 0.001637, 0.001466, 0.001510, 0.001412, 0.001638, 0.001429, 0.001442, 0.001287, 0.001212, 0.001523, 0.001253, 0.001275, 0.001275, 0.001278, 0.001366, 0.001287, 0.001365, 0.001159, 0.001396, 0.000691, 0.001734, 0.002055, 0.001893, 0.001688, 0.001754, 0.001741, 0.001750, 0.001633, 0.001519, 0.001586, 0.001591, 0.001476, 0.001576, 0.001644, 0.001428, 0.001434, 0.001558, 0.001596, 0.001388, 0.001519, 0.001483, 0.001578, 0.001454, 0.001475, 0.001476
8 , 2, 2, 2, 2, 2, 2, 2
8 , 0.006271, 0.005488, 0.005197, 0.005211, 0.004933, 0.004873, 0.004320
9 , 0.001529, 0.001637, 0.001466, 0.001510, 0.001412, 0.001638, 0.001429, 0.001442, 0.001287, 0.001212, 0.001523, 0.001253, 0.001275, 0.001275, 0.001278, 0.001366, 0.001287, 0.001365, 0.001159, 0.001396, 0.000691, 0.001734, 0.002055, 0.001893, 0.001688, 0.001754, 0.001741, 0.001750, 0.001633, 0.001519, 0.001586, 0.001591, 0.001476, 0.001576, 0.001644, 0.001428, 0.001434, 0.001558, 0.001596, 0.001388, 0.001519, 0.001483, 0.001578, 0.001454, 0.001475, 0.001476, 0.001502, 0.001529, 0.001529, 0.001601, 0.001594, 0.001522, 0.001577, 0.001569, 0.001656, 0.001620, 0.001622, 0.001676, 0.001730, 0.001665, 0.001794, 0.001640, 0.001637, 0.001762, 0.001802, 0.001587, 0.001619, 0.001566, 0.001634, 0.001579, 0.001530, 0.001440, 0.001534, 0.001479, 0.001547, 0.001508, 0.001458, 0.001457, 0.001558, 0.001465, 0.001585, 0.001402, 0.001590, 0.001553, 0.001492, 0.001548, 0.001582, 0.001433, 0.001548, 0.001476, 0.001475, 0.001473
9 , 3, 3, 3, 3, 3, 3, 3
9 , 0.006121, 0.006522, 0.008392, 0.007908, 0.006641, 0.006003, 0.005525
10 , 0.001529, 0.001601, 0.001594, 0.001522, 0.001577, 0.001569, 0.001656, 0.001620, 0.001622, 0.001676, 0.001730, 0.001665, 0.001794, 0.001640, 0.001637, 0.001762, 0.001802, 0.001587, 0.001619, 0.001566, 0.001634, 0.001579, 0.001530, 0.001440, 0.001534, 0.001479, 0.001547, 0.001508, 0.001458, 0.001457, 0.001558, 0.001465, 0.001585, 0.001402, 0.001590, 0.001553, 0.001492, 0.001548, 0.001582, 0.001433, 0.001548, 0.001476, 0.001475, 0.001473, 0.001565, 0.001557, 0.001527, 0.001702, 0.001609, 0.001573, 0.001636, 0.001566, 0.001626, 0.001655, 0.001652, 0.001622, 0.001721, 0.001687, 0.001652, 0.001563, 0.001567, 0.001633, 0.001575, 0.001518, 0.001618, 0.001626, 0.001627, 0.001539, 0.001598, 0.001604, 0.001545, 0.001614, 0.001499, 0.001564, 0.001446, 0.001471, 0.001500, 0.001555, 0.001561, 0.001563, 0.001500, 0.001500, 0.001441, 0.001495, 0.001396, 0.001438, 0.001555, 0.001561, 0.001412, 0.001505, 0.001499, 0.001526
10 , 1, 1, 1, 1, 1, 1, 1
10 , 0.004593, 0.004811, 0.005174, 0.005313, 0.005140, 0.004617, 0.004470
11 , 0.001573, 0.001636, 0.001566, 0.001626, 0.001655, 0.001652, 0.001622, 0.001721, 0.001687, 0.001652, 0.001563, 0.001567, 0.001633, 0.001575, 0.001518, 0.001618, 0.001626, 0.001627, 0.001539, 0.001598, 0.001604, 0.001545, 0.001614, 0.001499, 0.001564, 0.001446, 0.001471, 0.001500, 0.001555, 0.001561, 0.001563, 0.001500, 0.001500, 0.001441, 0.001495, 0.001396, 0.001438, 0.001555, 0.001561, 0.001412, 0.001505, 0.001499, 0.001526, 0.001527, 0.001579, 0.001604, 0.001658, 0.001534, 0.001774, 0.001614, 0.001606, 0.001602, 0.001662, 0.001592, 0.001800, 0.001672, 0.001737, 0.001674, 0.001608, 0.001635, 0.001762, 0.001663, 0.001695, 0.001748, 0.001865, 0.001795, 0.001941, 0.001814, 0.001905, 0.001752, 0.001906, 0.001847, 0.001888, 0.001766, 0.001831, 0.001768, 0.001649, 0.001560, 0.001783, 0.001726, 0.001796, 0.001645, 0.001803, 0.001702, 0.001762, 0.001640, 0.001733, 0.001641, 0.001770, 0.001775, 0.001838, 0.001536
11 , 2, 2, 2, 2, 1, 1, 1
11 , 0.003718, 0.003352, 0.003193, 0.002397, 0.002880, 0.002985, 0.003086
12 , 0.001658, 0.001534, 0.001774, 0.001614, 0.001606, 0.001602, 0.001662, 0.001592, 0.001800, 0.001672, 0.001737, 0.001674, 0.001608, 0.001635, 0.001762, 0.001663, 0.001695, 0.001748, 0.001865, 0.001795, 0.001941, 0.001814, 0.001905, 0.001752, 0.001906, 0.001847, 0.001888, 0.001766, 0.001831, 0.001768, 0.001649, 0.001560, 0.001783, 0.001726, 0.001796, 0.001645, 0.001803, 0.001702, 0.001762, 0.001640, 0.001733, 0.001641, 0.001770, 0.001775, 0.001838, 0.001536, 0.001730, 0.001486, 0.001768, 0.001458, 0.001615, 0.001582, 0.001656, 0.001406, 0.001598, 0.001511, 0.001561, 0.001439, 0.001517, 0.001255, 0.001461, 0.001127, 0.001476, 0.001257, 0.001363, 0.001209, 0.001337, 0.001211, 0.001340, 0.001268, 0.001489, 0.001384, 0.001441, 0.001269, 0.001570, 0.001370, 0.001569, 0.001519, 0.001697, 0.001592, 0.001736, 0.001566, 0.001774, 0.001574, 0.001775, 0.001728, 0.001842, 0.001776, 0.001930, 0.001771, 0.001928, 0.001779
12 , 0, 0, 0, 0, 0, 0, 2
12 , 0.005404, 0.006107, 0.006267, 0.006505, 0.006527, 0.006879, 0.007228
13 , 0.001656, 0.001406, 0.001598, 0.001511, 0.001561, 0.001439, 0.001517, 0.001255, 0.001461, 0.001127, 0.001476, 0.001257, 0.001363, 0.001209, 0.001337, 0.001211, 0.001340, 0.001268, 0.001489, 0.001384, 0.001441, 0.001269, 0.001570, 0.001370, 0.001569, 0.001519, 0.001697, 0.001592, 0.001736, 0.001566, 0.001774, 0.001574, 0.001775, 0.001728, 0.001842, 0.001776, 0.001930, 0.001771, 0.001928, 0.001779, 0.001972, 0.001669, 0.001894, 0.001747, 0.001826, 0.001556, 0.001813, 0.001698, 0.001717, 0.001617, 0.001665, 0.001515, 0.001644, 0.001441, 0.001607, 0.001451, 0.001522, 0.001488, 0.001615, 0.001424, 0.001586, 0.001398, 0.001527, 0.001422, 0.001522, 0.001566, 0.001620, 0.001669, 0.001693, 0.001592, 0.001649, 0.001602, 0.001719, 0.001554, 0.001799, 0.001710, 0.001700, 0.001606, 0.001848, 0.001632, 0.001848, 0.001752, 0.001813, 0.001722, 0.001787, 0.001509, 0.001702, 0.001648, 0.001631, 0.001585, 0.001592, 0.001504
13 , 0, 0, 0, 0, 0, 0, 0
13 , 0.008344, 0.008885, 0.009138, 0.010014, 0.010206, 0.010311, 0.010473
14 , 0.001644, 0.001441, 0.001607, 0.001451, 0.001522, 0.001488, 0.001615, 0.001424, 0.001586, 0.001398, 0.001527, 0.001422, 0.001522, 0.001566, 0.001620, 0.001669, 0.001693, 0.001592, 0.001649, 0.001602, 0.001719, 0.001554, 0.001799, 0.001710, 0.001700, 0.001606, 0.001848, 0.001632, 0.001848, 0.001752, 0.001813, 0.001722, 0.001787, 0.001509, 0.001702, 0.001648, 0.001631, 0.001585, 0.001592, 0.001504, 0.001484, 0.001441, 0.001576, 0.001427, 0.001427, 0.001451, 0.001446, 0.001473, 0.001475, 0.001561, 0.001559, 0.001499, 0.001582, 0.001699, 0.001540, 0.001652, 0.001618, 0.001617, 0.001623, 0.001647, 0.001650, 0.001598, 0.001479, 0.001621, 0.001524, 0.001646, 0.001461, 0.001521, 0.001585, 0.001589, 0.001638, 0.001816, 0.001721, 0.001900, 0.001708, 0.001822, 0.001757, 0.001818, 0.001749, 0.001902, 0.001747, 0.001843, 0.001715, 0.001841, 0.001836, 0.001803, 0.001676, 0.001833, 0.001713, 0.001813, 0.001661, 0.001823
14 , 0, 0, 0, 0, 0, 0, 0
14 , 0.006601, 0.006511, 0.006124, 0.005968, 0.005032, 0.004366, 0.003439
15 , 0.001446, 0.001473, 0.001475, 0.001561, 0.001559, 0.001499, 0.001582, 0.001699, 0.001540, 0.001652, 0.001618, 0.001617, 0.001623, 0.001647, 0.001650, 0.001598, 0.001479, 0.001621, 0.001524, 0.001646, 0.001461, 0.001521, 0.001585, 0.001589, 0.001638, 0.001816, 0.001721, 0.001900, 0.001708, 0.001822, 0.001757, 0.001818, 0.001749, 0.001902, 0.001747, 0.001843, 0.001715, 0.001841, 0.001836, 0.001803, 0.001676, 0.001833, 0.001713, 0.001813, 0.001661, 0.001823, 0.001702, 0.001807, 0.001544, 0.001699, 0.001637, 0.001605, 0.001447, 0.001696, 0.001545, 0.001522, 0.001374, 0.001629, 0.001463, 0.001569, 0.001504, 0.001661, 0.001505, 0.001568, 0.001499, 0.001626, 0.001437, 0.001620, 0.001461, 0.001499, 0.001464, 0.001751, 0.001476, 0.001609, 0.001434, 0.001625, 0.001375, 0.001512, 0.001420, 0.001605, 0.001422, 0.001552, 0.001422, 0.001520, 0.001307, 0.001432, 0.001337, 0.001493, 0.001432, 0.001585, 0.001364, 0.001524
15 , 3, 3, 3, 3, 3, 3, 3
15 , 0.006745, 0.006219, 0.006357, 0.006171, 0.006576, 0.006289, 0.006316
16 , 0.001702, 0.001807, 0.001544, 0.001699, 0.001637, 0.001605, 0.001447, 0.001696, 0.001545, 0.001522, 0.001374, 0.001629, 0.001463, 0.001569, 0.001504, 0.001661, 0.001505, 0.001568, 0.001499, 0.001626, 0.001437, 0.001620, 0.001461, 0.001499, 0.001464, 0.001751, 0.001476, 0.001609, 0.001434, 0.001625, 0.001375, 0.001512, 0.001420, 0.001605, 0.001422, 0.001552, 0.001422, 0.001520, 0.001307, 0.001432, 0.001337, 0.001493, 0.001432, 0.001585, 0.001364, 0.001524, 0.001373, 0.001534, 0.001389, 0.001611, 0.001412, 0.001468, 0.001354, 0.001542, 0.001415, 0.001696, 0.001378, 0.001648, 0.001523, 0.001561, 0.001576, 0.001640, 0.001545, 0.001604, 0.001489, 0.001795, 0.001548, 0.001616, 0.001553, 0.001527, 0.001489, 0.001673, 0.001608, 0.001643, 0.001544, 0.001635, 0.001537, 0.001696, 0.001537, 0.001565, 0.001662, 0.001665, 0.001568, 0.001661, 0.001618, 0.001649, 0.001676, 0.001623, 0.001534, 0.001565, 0.001589, 0.001707
16 , 2, 2, 2, 2, 2, 2, 2
16 , 0.004251, 0.004149, 0.003895, 0.004040, 0.003560, 0.003032, 0.002665
