0 , 0.001550, 0.001399, 0.001372, 0.001350, 0.001387, 0.001316, 0.001407, 0.001266, 0.001455, 0.001257, 0.001536, 0.001379, 0.001386, 0.001315, 0.001472, 0.001191, 0.001557, 0.001365, 0.001522, 0.001388, 0.001517, 0.001451, 0.001590, 0.001517, 0.000723, 0.001377, 0.001477, 0.001464, 0.001686, 0.001445, 0.001777, 0.001562, 0.001623, 0.001819, 0.001596, 0.001782, 0.001558, 0.001816, 0.001770, 0.001782, 0.001707, 0.001699, 0.001869, 0.001809, 0.001854, 0.001692, 0.001861, 0.001824, 0.001980, 0.000311, 0.001702, 0.001682, 0.001566, 0.001491, 0.001545, 0.001423, 0.001451, 0.001470, 0.001528, 0.001628, 0.001564, 0.001590, 0.001567, 0.001593, 0.001564, 0.001567, 0.001509, 0.001420, 0.001513, 0.001455, 0.001467, 0.001484, 0.001154, 0.001128, 0.001476, 0.001714, 0.001669, 0.001782, 0.001623, 0.001725, 0.001930, 0.001854, 0.001813, 0.001623, 0.001953, 0.001896, 0.002009, 0.001967, 0.001816, 0.001968, 0.001907, 0.001915
0 , 0, 0, 0, 0, 0, 0, 0
0 , 0.006545, 0.008308, 0.009382, 0.010012, 0.010979, 0.012892, 0.013190
1 , 0.001566, 0.001491, 0.001545, 0.001423, 0.001451, 0.001470, 0.001528, 0.001628, 0.001564, 0.001590, 0.001567, 0.001593, 0.001564, 0.001567, 0.001509, 0.001420, 0.001513, 0.001455, 0.001467, 0.001484, 0.001154, 0.001128, 0.001476, 0.001714, 0.001669, 0.001782, 0.001623, 0.001725, 0.001930, 0.001854, 0.001813, 0.001623, 0.001953, 0.001896, 0.002009, 0.001967, 0.001816, 0.001968, 0.001907, 0.001915, 0.001918, 0.001896, 0.002006, 0.001892, 0.002266, 0.000739, 0.001245, 0.001599, 0.001435, 0.001524, 0.001350, 0.001498, 0.001370, 0.001496, 0.001335, 0.001428, 0.001390, 0.001515, 0.001380, 0.001624, 0.001471, 0.001600, 0.001410, 0.001471, 0.001409, 0.001567, 0.001406, 0.001507, 0.001434, 0.001391, 0.001473, 0.000185, 0.001453, 0.001565, 0.001615, 0.001436, 0.001663, 0.001697, 0.001704, 0.001647, 0.001481, 0.001813, 0.001643, 0.001822, 0.001713, 0.001788, 0.001927, 0.001677, 0.001814, 0.001660, 0.001899, 0.001960
1 , 0, 0, 0, 0, 0, 0, 0
1 , 0.009418, 0.010087, 0.010076, 0.011006, 0.014413, 0.014353, 0.014277
2 , 0.001350, 0.001498, 0.001370, 0.001496, 0.001335, 0.001428, 0.001390, 0.001515, 0.001380, 0.001624, 0.001471, 0.001600, 0.001410, 0.001471, 0.001409, 0.001567, 0.001406, 0.001507, 0.001434, 0.001391, 0.001473, 0.000185, 0.001453, 0.001565, 0.001615, 0.001436, 0.001663, 0.001697, 0.001704, 0.001647, 0.001481, 0.001813, 0.001643, 0.001822, 0.001713, 0.001788, 0.001927, 0.001677, 0.001814, 0.001660, 0.001899, 0.001960, 0.001964, 0.001914, 0.001798, 0.001758, 0.000800, 0.001693, 0.001635, 0.001590, 0.001449, 0.001544, 0.001356, 0.001545, 0.001356, 0.001480, 0.001471, 0.001668, 0.001339, 0.001565, 0.001350, 0.001483, 0.001295, 0.001435, 0.001337, 0.001440, 0.001272, 0.001277, 0.001329, 0.000395, 0.001464, 0.001664, 0.001640, 0.001812, 0.001778, 0.001861, 0.001794, 0.001763, 0.001930, 0.001964, 0.001922, 0.001736, 0.001880, 0.001914, 0.001838, 0.001864, 0.001668, 0.001853, 0.001672, 0.001819, 0.001729, 0.001727
2 , 0, 0, 0, 0, 0, 0, 0
2 , 0.009494, 0.011068, 0.014012, 0.015565, 0.015852, 0.016014, 0.014023
3 , 0.001544, 0.001356, 0.001545, 0.001356, 0.001480, 0.001471, 0.001668, 0.001339, 0.001565, 0.001350, 0.001483, 0.001295, 0.001435, 0.001337, 0.001440, 0.001272, 0.001277, 0.001329, 0.000395, 0.001464, 0.001664, 0.001640, 0.001812, 0.001778, 0.001861, 0.001794, 0.001763, 0.001930, 0.001964, 0.001922, 0.001736, 0.001880, 0.001914, 0.001838, 0.001864, 0.001668, 0.001853, 0.001672, 0.001819, 0.001729, 0.001727, 0.001786, 0.001803, 0.000313, 0.001819, 0.001680, 0.001745, 0.001648, 0.001470, 0.001567, 0.001541, 0.001480, 0.001571, 0.001481, 0.001387, 0.001483, 0.001607, 0.001532, 0.001521, 0.001658, 0.001645, 0.001670, 0.001754, 0.001684, 0.001836, 0.001856, 0.001730, 0.001747, 0.001640, 0.000533, 0.001060, 0.001177, 0.000992, 0.001134, 0.001021, 0.001142, 0.001362, 0.001248, 0.001345, 0.001326, 0.001638, 0.001468, 0.001529, 0.001555, 0.001529, 0.001845, 0.001680, 0.001813, 0.001861, 0.001898, 0.002041, 0.001959
3 , 3, 3, 3, 3, 0, 0, 0
3 , 0.013498, 0.013587, 0.010873, 0.009204, 0.008545, 0.008347, 0.007926
4 , 0.001648, 0.001470, 0.001567, 0.001541, 0.001480, 0.001571, 0.001481, 0.001387, 0.001483, 0.001607, 0.001532, 0.001521, 0.001658, 0.001645, 0.001670, 0.001754, 0.001684, 0.001836, 0.001856, 0.001730, 0.001747, 0.001640, 0.000533, 0.001060, 0.001177, 0.000992, 0.001134, 0.001021, 0.001142, 0.001362, 0.001248, 0.001345, 0.001326, 0.001638, 0.001468, 0.001529, 0.001555, 0.001529, 0.001845, 0.001680, 0.001813, 0.001861, 0.001898, 0.002041, 0.001959, 0.002251, 0.001046, 0.000891, 0.001433, 0.001377, 0.001320, 0.001111, 0.001151, 0.001048, 0.001257, 0.001144, 0.001384, 0.001300, 0.001449, 0.001304, 0.001546, 0.001423, 0.001514, 0.001445, 0.001597, 0.001391, 0.001481, 0.001434, 0.001595, 0.001593, 0.000159, 0.001354, 0.001440, 0.001447, 0.001374, 0.001601, 0.001497, 0.001682, 0.001627, 0.001544, 0.001693, 0.001645, 0.001631, 0.001593, 0.001631, 0.001768, 0.001666, 0.001747, 0.001595, 0.001765, 0.001715, 0.001709
4 , 2, 2, 2, 2, 2, 2, 2
4 , 0.006969, 0.007184, 0.007526, 0.010453, 0.008923, 0.008339, 0.007843
5 , 0.001377, 0.001320, 0.001111, 0.001151, 0.001048, 0.001257, 0.001144, 0.001384, 0.001300, 0.001449, 0.001304, 0.001546, 0.001423, 0.001514, 0.001445, 0.001597, 0.001391, 0.001481, 0.001434, 0.001595, 0.001593, 0.000159, 0.001354, 0.001440, 0.001447, 0.001374, 0.001601, 0.001497, 0.001682, 0.001627, 0.001544, 0.001693, 0.001645, 0.001631, 0.001593, 0.001631, 0.001768, 0.001666, 0.001747, 0.001595, 0.001765, 0.001715, 0.001709, 0.001763, 0.001646, 0.001610, 0.000812, 0.001744, 0.001626, 0.001674, 0.001457, 0.001552, 0.001390, 0.001574, 0.001415, 0.001608, 0.001324, 0.001508, 0.001354, 0.001521, 0.001481, 0.001545, 0.001385, 0.001696, 0.001353, 0.001614, 0.001390, 0.001470, 0.001327, 0.001473, 0.001454, 0.000740, 0.001355, 0.001612, 0.001544, 0.001642, 0.001657, 0.001759, 0.001600, 0.001824, 0.001892, 0.001688, 0.001790, 0.001612, 0.002047, 0.001926, 0.001710, 0.001751, 0.001699, 0.001910, 0.001687, 0.001819
5 , 0, 0, 0, 0, 0, 0, 0
5 , 0.008142, 0.008545, 0.008211, 0.009861, 0.012283, 0.013047, 0.013211
6 , 0.001390, 0.001574, 0.001415, 0.001608, 0.001324, 0.001508, 0.001354, 0.001521, 0.001481, 0.001545, 0.001385, 0.001696, 0.001353, 0.001614, 0.001390, 0.001470, 0.001327, 0.001473, 0.001454, 0.000740, 0.001355, 0.001612, 0.001544, 0.001642, 0.001657, 0.001759, 0.001600, 0.001824, 0.001892, 0.001688, 0.001790, 0.001612, 0.002047, 0.001926, 0.001710, 0.001751, 0.001699, 0.001910, 0.001687, 0.001819, 0.001744, 0.001782, 0.001824, 0.002042, 0.000176, 0.001744, 0.001484, 0.001608, 0.001515, 0.001489, 0.001613, 0.001489, 0.001545, 0.001523, 0.001491, 0.001497, 0.001411, 0.001529, 0.001467, 0.001430, 0.001518, 0.001379, 0.001443, 0.001443, 0.001380, 0.001482, 0.001509, 0.001334, 0.001096, 0.001587, 0.001688, 0.001517, 0.001748, 0.001733, 0.001756, 0.001760, 0.001771, 0.001839, 0.001680, 0.001945, 0.001752, 0.001847, 0.001824, 0.001722, 0.001933, 0.001809, 0.001832, 0.001722, 0.001866, 0.001941, 0.001786, 0.001858
6 , 0, 0, 0, 0, 0, 0, 0
6 , 0.012015, 0.012311, 0.013160, 0.012940, 0.013096, 0.012905, 0.011586
7 , 0.001515, 0.001489, 0.001613, 0.001489, 0.001545, 0.001523, 0.001491, 0.001497, 0.001411, 0.001529, 0.001467, 0.001430, 0.001518, 0.001379, 0.001443, 0.001443, 0.001380, 0.001482, 0.001509, 0.001334, 0.001096, 0.001587, 0.001688, 0.001517, 0.001748, 0.001733, 0.001756, 0.001760, 0.001771, 0.001839, 0.001680, 0.001945, 0.001752, 0.001847, 0.001824, 0.001722, 0.001933, 0.001809, 0.001832, 0.001722, 0.001866, 0.001941, 0.001786, 0.001858, 0.001673, 0.001986, 0.001068, 0.001359, 0.001631, 0.001574, 0.001492, 0.001452, 0.001292, 0.001415, 0.001344, 0.001429, 0.001364, 0.001481, 0.001516, 0.001510, 0.001545, 0.001480, 0.001422, 0.001333, 0.001364, 0.001487, 0.001435, 0.001414, 0.001417, 0.001295, 0.001306, 0.001390, 0.001388, 0.001329, 0.001422, 0.001452, 0.001451, 0.001388, 0.001447, 0.001414, 0.001476, 0.001347, 0.001411, 0.001568, 0.001348, 0.001501, 0.001528, 0.001402, 0.001466, 0.001467, 0.001523, 0.001522
7 , 3, 3, 0, 0, 0, 0, 0
7 , 0.006500, 0.006942, 0.008287, 0.007767, 0.007273, 0.007643, 0.007651
8 , 0.001631, 0.001574, 0.001492, 0.001452, 0.001292, 0.001415, 0.001344, 0.001429, 0.001364, 0.001481, 0.001516, 0.001510, 0.001545, 0.001480, 0.001422, 0.001333, 0.001364, 0.001487, 0.001435, 0.001414, 0.001417, 0.001295, 0.001306, 0.001390, 0.001388, 0.001329, 0.001422, 0.001452, 0.001451, 0.001388, 0.001447, 0.001414, 0.001476, 0.001347, 0.001411, 0.001568, 0.001348, 0.001501, 0.001528, 0.001402, 0.001466, 0.001467, 0.001523, 0.001522, 0.001428, 0.001429, 0.001402, 0.001432, 0.001466, 0.001526, 0.001534, 0.001528, 0.001469, 0.001504, 0.001505, 0.001443, 0.001504, 0.001507, 0.001443, 0.001476, 0.001600, 0.001455, 0.001426, 0.001398, 0.001337, 0.001430, 0.001350, 0.001377, 0.001355, 0.001424, 0.001331, 0.001365, 0.001397, 0.001360, 0.001328, 0.001385, 0.001357, 0.001358, 0.001321, 0.001419, 0.001348, 0.001528, 0.001520, 0.001481, 0.001333, 0.001446, 0.001347, 0.001403, 0.001432, 0.001437, 0.001428, 0.001458
8 , 1, 1, 1, 1, 3, 3, 3
8 , 0.002037, 0.001296, 0.001625, 0.001258, 0.001267, 0.001424, 0.001526
9 , 0.001402, 0.001432, 0.001466, 0.001526, 0.001534, 0.001528, 0.001469, 0.001504, 0.001505, 0.001443, 0.001504, 0.001507, 0.001443, 0.001476, 0.001600, 0.001455, 0.001426, 0.001398, 0.001337, 0.001430, 0.001350, 0.001377, 0.001355, 0.001424, 0.001331, 0.001365, 0.001397, 0.001360, 0.001328, 0.001385, 0.001357, 0.001358, 0.001321, 0.001419, 0.001348, 0.001528, 0.001520, 0.001481, 0.001333, 0.001446, 0.001347, 0.001403, 0.001432, 0.001437, 0.001428, 0.001458, 0.001371, 0.001432, 0.001335, 0.001512, 0.001445, 0.001475, 0.001413, 0.001571, 0.001414, 0.001507, 0.001481, 0.001488, 0.001498, 0.001502, 0.001348, 0.001486, 0.001452, 0.001457, 0.001309, 0.001345, 0.001380, 0.001445, 0.001324, 0.001457, 0.001299, 0.001342, 0.001218, 0.001411, 0.001205, 0.001335, 0.001240, 0.001428, 0.001215, 0.001154, 0.001213, 0.001331, 0.001354, 0.001291, 0.001164, 0.001370, 0.001270, 0.001485, 0.001443, 0.001440, 0.001340, 0.001613
9 , 1, 1, 1, 1, 1, 1, 1
9 , 0.004504, 0.004195, 0.004125, 0.003693, 0.003450, 0.003023, 0.002540
10 , 0.001371, 0.001432, 0.001335, 0.001512, 0.001445, 0.001475, 0.001413, 0.001571, 0.001414, 0.001507, 0.001481, 0.001488, 0.001498, 0.001502, 0.001348, 0.001486, 0.001452, 0.001457, 0.001309, 0.001345, 0.001380, 0.001445, 0.001324, 0.001457, 0.001299, 0.001342, 0.001218, 0.001411, 0.001205, 0.001335, 0.001240, 0.001428, 0.001215, 0.001154, 0.001213, 0.001331, 0.001354, 0.001291, 0.001164, 0.001370, 0.001270, 0.001485, 0.001443, 0.001440, 0.001340, 0.001613, 0.001370, 0.001611, 0.001479, 0.001470, 0.001365, 0.001519, 0.001475, 0.001719, 0.001500, 0.001590, 0.001396, 0.001743, 0.001557, 0.001590, 0.001436, 0.001541, 0.001420, 0.001665, 0.001544, 0.001638, 0.001542, 0.001734, 0.001516, 0.001612, 0.001573, 0.001699, 0.001420, 0.001639, 0.001445, 0.001670, 0.001454, 0.001552, 0.001399, 0.001537, 0.001391, 0.001680, 0.001377, 0.001482, 0.001299, 0.001455, 0.001355, 0.001516, 0.001145, 0.001302, 0.001270, 0.001484
10 , 1, 1, 1, 1, 1, 1, 1
10 , 0.004305, 0.004607, 0.004669, 0.005021, 0.005152, 0.005020, 0.005372
11 , 0.001475, 0.001719, 0.001500, 0.001590, 0.001396, 0.001743, 0.001557, 0.001590, 0.001436, 0.001541, 0.001420, 0.001665, 0.001544, 0.001638, 0.001542, 0.001734, 0.001516, 0.001612, 0.001573, 0.001699, 0.001420, 0.001639, 0.001445, 0.001670, 0.001454, 0.001552, 0.001399, 0.001537, 0.001391, 0.001680, 0.001377, 0.001482, 0.001299, 0.001455, 0.001355, 0.001516, 0.001145, 0.001302, 0.001270, 0.001484, 0.001323, 0.001494, 0.001250, 0.001472, 0.001195, 0.001417, 0.001173, 0.001338, 0.001265, 0.001322, 0.001279, 0.001498, 0.001247, 0.001516, 0.001287, 0.001443, 0.001452, 0.001572, 0.001374, 0.001525, 0.001425, 0.001580, 0.001355, 0.001600, 0.001499, 0.001574, 0.001512, 0.001609, 0.001455, 0.001612, 0.001515, 0.001622, 0.001435, 0.001624, 0.001374, 0.001534, 0.001411, 0.001572, 0.001431, 0.001557, 0.001277, 0.001382, 0.001323, 0.001494, 0.001343, 0.001408, 0.001372, 0.001498, 0.001308, 0.001469, 0.001480, 0.001448
11 , 2, 2, 2, 1, 1, 1, 1
11 , 0.003307, 0.003793, 0.003525, 0.003903, 0.004514, 0.005053, 0.005715
12 , 0.001247, 0.001516, 0.001287, 0.001443, 0.001452, 0.001572, 0.001374, 0.001525, 0.001425, 0.001580, 0.001355, 0.001600, 0.001499, 0.001574, 0.001512, 0.001609, 0.001455, 0.001612, 0.001515, 0.001622, 0.001435, 0.001624, 0.001374, 0.001534, 0.001411, 0.001572, 0.001431, 0.001557, 0.001277, 0.001382, 0.001323, 0.001494, 0.001343, 0.001408, 0.001372, 0.001498, 0.001308, 0.001469, 0.001480, 0.001448, 0.001372, 0.001422, 0.001350, 0.001501, 0.001394, 0.001483, 0.001570, 0.001668, 0.001606, 0.001603, 0.001539, 0.001517, 0.001571, 0.001545, 0.001519, 0.001584, 0.001523, 0.001523, 0.001376, 0.001462, 0.001504, 0.001388, 0.001481, 0.001520, 0.001463, 0.001465, 0.001443, 0.001504, 0.001570, 0.001379, 0.001451, 0.001511, 0.001631, 0.001484, 0.001480, 0.001419, 0.001551, 0.001484, 0.001342, 0.001345, 0.001503, 0.001290, 0.001376, 0.001223, 0.001408, 0.001428, 0.001577, 0.001421, 0.001546, 0.001509, 0.001502, 0.001313
12 , 1, 1, 1, 1, 1, 1, 1
12 , 0.002078, 0.002844, 0.002725, 0.002926, 0.002699, 0.002960, 0.002700
13 , 0.001517, 0.001571, 0.001545, 0.001519, 0.001584, 0.001523, 0.001523, 0.001376, 0.001462, 0.001504, 0.001388, 0.001481, 0.001520, 0.001463, 0.001465, 0.001443, 0.001504, 0.001570, 0.001379, 0.001451, 0.001511, 0.001631, 0.001484, 0.001480, 0.001419, 0.001551, 0.001484, 0.001342, 0.001345, 0.001503, 0.001290, 0.001376, 0.001223, 0.001408, 0.001428, 0.001577, 0.001421, 0.001546, 0.001509, 0.001502, 0.001313, 0.001412, 0.001342, 0.001555, 0.001455, 0.001605, 0.001508, 0.001479, 0.001348, 0.001545, 0.001420, 0.001545, 0.001327, 0.001463, 0.001403, 0.001457, 0.001443, 0.001499, 0.001307, 0.001653, 0.001584, 0.001594, 0.001347, 0.001690, 0.001467, 0.001598, 0.001329, 0.001585, 0.001403, 0.001467, 0.001369, 0.001538, 0.001377, 0.001560, 0.001342, 0.001656, 0.001428, 0.001494, 0.001401, 0.001682, 0.001401, 0.001509, 0.001291, 0.001363, 0.001313, 0.001422, 0.001200, 0.001293, 0.001196, 0.001481, 0.001196, 0.001327
13 , 1, 1, 1, 1, 1, 1, 1
13 , 0.002933, 0.002643, 0.002589, 0.002705, 0.003041, 0.003040, 0.003040
14 , 0.001420, 0.001545, 0.001327, 0.001463, 0.001403, 0.001457, 0.001443, 0.001499, 0.001307, 0.001653, 0.001584, 0.001594, 0.001347, 0.001690, 0.001467, 0.001598, 0.001329, 0.001585, 0.001403, 0.001467, 0.001369, 0.001538, 0.001377, 0.001560, 0.001342, 0.001656, 0.001428, 0.001494, 0.001401, 0.001682, 0.001401, 0.001509, 0.001291, 0.001363, 0.001313, 0.001422, 0.001200, 0.001293, 0.001196, 0.001481, 0.001196, 0.001327, 0.001230, 0.001447, 0.001324, 0.001336, 0.001232, 0.001420, 0.001322, 0.001408, 0.001250, 0.001472, 0.001406, 0.001386, 0.001207, 0.001422, 0.001363, 0.001369, 0.001275, 0.001492, 0.001336, 0.001399, 0.001216, 0.001431, 0.001390, 0.001424, 0.001240, 0.001365, 0.001266, 0.001327, 0.001265, 0.001374, 0.001243, 0.001406, 0.001396, 0.001323, 0.001340, 0.001510, 0.001454, 0.001454, 0.001473, 0.001435, 0.001428, 0.001578, 0.001483, 0.001428, 0.001557, 0.001584, 0.001473, 0.001476, 0.001479, 0.001560
14 , 2, 2, 2, 2, 2, 2, 2
14 , 0.003312, 0.003709, 0.003924, 0.004485, 0.004582, 0.005165, 0.005309
15 , 0.001406, 0.001386, 0.001207, 0.001422, 0.001363, 0.001369, 0.001275, 0.001492, 0.001336, 0.001399, 0.001216, 0.001431, 0.001390, 0.001424, 0.001240, 0.001365, 0.001266, 0.001327, 0.001265, 0.001374, 0.001243, 0.001406, 0.001396, 0.001323, 0.001340, 0.001510, 0.001454, 0.001454, 0.001473, 0.001435, 0.001428, 0.001578, 0.001483, 0.001428, 0.001557, 0.001584, 0.001473, 0.001476, 0.001479, 0.001560, 0.001511, 0.001496, 0.001600, 0.001397, 0.001378, 0.001287, 0.001443, 0.001409, 0.001266, 0.001237, 0.001359, 0.001207, 0.001245, 0.001218, 0.001381, 0.001261, 0.001293, 0.001169, 0.001356, 0.001111, 0.001356, 0.001265, 0.001263, 0.001188, 0.001369, 0.001213, 0.001300, 0.001258, 0.001353, 0.001224, 0.001403, 0.001266, 0.001324, 0.001336, 0.001485, 0.001350, 0.001570, 0.001342, 0.001494, 0.001393, 0.001605, 0.001379, 0.001659, 0.001522, 0.001673, 0.001513, 0.001695, 0.001509, 0.001607, 0.001446, 0.001628, 0.001503
15 , 0, 0, 0, 0, 0, 0, 0
15 , 0.006615, 0.006770, 0.007288, 0.007530, 0.008150, 0.008254, 0.008280
16 , 0.001245, 0.001218, 0.001381, 0.001261, 0.001293, 0.001169, 0.001356, 0.001111, 0.001356, 0.001265, 0.001263, 0.001188, 0.001369, 0.001213, 0.001300, 0.001258, 0.001353, 0.001224, 0.001403, 0.001266, 0.001324, 0.001336, 0.001485, 0.001350, 0.001570, 0.001342, 0.001494, 0.001393, 0.001605, 0.001379, 0.001659, 0.001522, 0.001673, 0.001513, 0.001695, 0.001509, 0.001607, 0.001446, 0.001628, 0.001503, 0.001721, 0.001478, 0.001697, 0.001452, 0.001656, 0.001411, 0.001603, 0.001454, 0.001682, 0.001409, 0.001462, 0.001336, 0.001413, 0.001141, 0.001335, 0.001295, 0.001369, 0.001256, 0.001351, 0.001292, 0.001332, 0.001117, 0.001272, 0.001241, 0.001428, 0.001270, 0.001445, 0.001348, 0.001504, 0.001338, 0.001468, 0.001338, 0.001378, 0.001310, 0.001462, 0.001327, 0.001537, 0.001275, 0.001460, 0.001363, 0.001546, 0.001546, 0.001460, 0.001281, 0.001566, 0.001469, 0.001480, 0.001335, 0.001492, 0.001281, 0.001409, 0.001439
16 , 0, 0, 0, 0, 0, 0, 0
16 , 0.006635, 0.006926, 0.007191, 0.007434, 0.007301, 0.007735, 0.007551
