0 , 0.000394, 0.001433, 0.001463, 0.001393, 0.001547, 0.001540, 0.001611, 0.001473, 0.001500, 0.001691, 0.001623, 0.001676, 0.001385, 0.001643, 0.001604, 0.001613, 0.001598, 0.001349, 0.001709, 0.001552, 0.001624, 0.001443, 0.001534, 0.001671, 0.001711, 0.000729, 0.001806, 0.001556, 0.001492, 0.001356, 0.001433, 0.001283, 0.001211, 0.001199, 0.001033, 0.001054, 0.001056, 0.001050, 0.001037, 0.001120, 0.001145, 0.001068, 0.001175, 0.001278, 0.001183, 0.001398, 0.001270, 0.001356, 0.000888, 0.001467, 0.001679, 0.001764, 0.001653, 0.001682, 0.001422, 0.001545, 0.001664, 0.001585, 0.001731, 0.001479, 0.001686, 0.001649, 0.001643, 0.001622, 0.001385, 0.001771, 0.001583, 0.001701, 0.001591, 0.001435, 0.001828, 0.001625, 0.001910, 0.000246, 0.001538, 0.001801, 0.001674, 0.001739, 0.001645, 0.001742, 0.001491, 0.001618, 0.001461, 0.001595, 0.001510, 0.001579, 0.001429, 0.001644, 0.001458, 0.001580, 0.001418, 0.001631
0 , 2, 1, 1, 1, 1, 1, 1
0 , 0.004959, 0.005434, 0.005738, 0.006492, 0.008258, 0.010557, 0.008484
1 , 0.001764, 0.001653, 0.001682, 0.001422, 0.001545, 0.001664, 0.001585, 0.001731, 0.001479, 0.001686, 0.001649, 0.001643, 0.001622, 0.001385, 0.001771, 0.001583, 0.001701, 0.001591, 0.001435, 0.001828, 0.001625, 0.001910, 0.000246, 0.001538, 0.001801, 0.001674, 0.001739, 0.001645, 0.001742, 0.001491, 0.001618, 0.001461, 0.001595, 0.001510, 0.001579, 0.001429, 0.001644, 0.001458, 0.001580, 0.001418, 0.001631, 0.001445, 0.001654, 0.001589, 0.001742, 0.001616, 0.001528, 0.001467, 0.000424, 0.001532, 0.001508, 0.001589, 0.001575, 0.001663, 0.001686, 0.001645, 0.001817, 0.001521, 0.001813, 0.001716, 0.001800, 0.001874, 0.001601, 0.001873, 0.001830, 0.001739, 0.001560, 0.001574, 0.001786, 0.001703, 0.001799, 0.001704, 0.001474, 0.001009, 0.001807, 0.001635, 0.001707, 0.001416, 0.001607, 0.001449, 0.001635, 0.001416, 0.001696, 0.001387, 0.001485, 0.001424, 0.001522, 0.001487, 0.001584, 0.001395, 0.001526, 0.001368
1 , 1, 1, 1, 1, 3, 1, 1
1 , 0.001732, 0.003192, 0.003624, 0.004940, 0.003501, 0.004804, 0.004233
2 , 0.001532, 0.001508, 0.001589, 0.001575, 0.001663, 0.001686, 0.001645, 0.001817, 0.001521, 0.001813, 0.001716, 0.001800, 0.001874, 0.001601, 0.001873, 0.001830, 0.001739, 0.001560, 0.001574, 0.001786, 0.001703, 0.001799, 0.001704, 0.001474, 0.001009, 0.001807, 0.001635, 0.001707, 0.001416, 0.001607, 0.001449, 0.001635, 0.001416, 0.001696, 0.001387, 0.001485, 0.001424, 0.001522, 0.001487, 0.001584, 0.001395, 0.001526, 0.001368, 0.001558, 0.001302, 0.001446, 0.001597, 0.000183, 0.001543, 0.001727, 0.001542, 0.001665, 0.001884, 0.001786, 0.001978, 0.001709, 0.001892, 0.001801, 0.001895, 0.001801, 0.001801, 0.001963, 0.002003, 0.002003, 0.001757, 0.001842, 0.001946, 0.001886, 0.001784, 0.001673, 0.001891, 0.002049, 0.000467, 0.001979, 0.001713, 0.001622, 0.001520, 0.001521, 0.001455, 0.001580, 0.001508, 0.001723, 0.001476, 0.001544, 0.001571, 0.001699, 0.001486, 0.001554, 0.001435, 0.001565, 0.001437, 0.001555
2 , 1, 1, 1, 1, 1, 1, 1
2 , 0.004455, 0.005900, 0.006855, 0.009063, 0.013299, 0.011032, 0.010450
3 , 0.001542, 0.001665, 0.001884, 0.001786, 0.001978, 0.001709, 0.001892, 0.001801, 0.001895, 0.001801, 0.001801, 0.001963, 0.002003, 0.002003, 0.001757, 0.001842, 0.001946, 0.001886, 0.001784, 0.001673, 0.001891, 0.002049, 0.000467, 0.001979, 0.001713, 0.001622, 0.001520, 0.001521, 0.001455, 0.001580, 0.001508, 0.001723, 0.001476, 0.001544, 0.001571, 0.001699, 0.001486, 0.001554, 0.001435, 0.001565, 0.001437, 0.001555, 0.001371, 0.001555, 0.001517, 0.001717, 0.001603, 0.001273, 0.001106, 0.001474, 0.001640, 0.001741, 0.001498, 0.001694, 0.001629, 0.001889, 0.001764, 0.001730, 0.001751, 0.001680, 0.001879, 0.001764, 0.001852, 0.001716, 0.001878, 0.002032, 0.001795, 0.002048, 0.001850, 0.002152, 0.001930, 0.002232, 0.000724, 0.001363, 0.001398, 0.001535, 0.001530, 0.001373, 0.001490, 0.001358, 0.001417, 0.001388, 0.001474, 0.001558, 0.001524, 0.001429, 0.001550, 0.001485, 0.001540, 0.001531, 0.001559, 0.001531
3 , 1, 1, 1, 1, 1, 1, 1
3 , 0.007814, 0.010111, 0.011661, 0.013153, 0.012882, 0.012920, 0.012646
4 , 0.001474, 0.001640, 0.001741, 0.001498, 0.001694, 0.001629, 0.001889, 0.001764, 0.001730, 0.001751, 0.001680, 0.001879, 0.001764, 0.001852, 0.001716, 0.001878, 0.002032, 0.001795, 0.002048, 0.001850, 0.002152, 0.001930, 0.002232, 0.000724, 0.001363, 0.001398, 0.001535, 0.001530, 0.001373, 0.001490, 0.001358, 0.001417, 0.001388, 0.001474, 0.001558, 0.001524, 0.001429, 0.001550, 0.001485, 0.001540, 0.001531, 0.001559, 0.001531, 0.001584, 0.001493, 0.001593, 0.001592, 0.000529, 0.001424, 0.001707, 0.001693, 0.001798, 0.001639, 0.001865, 0.001710, 0.001886, 0.001572, 0.001750, 0.001767, 0.001768, 0.001865, 0.001660, 0.001822, 0.001828, 0.001798, 0.001767, 0.001770, 0.002074, 0.001959, 0.001882, 0.001753, 0.001541, 0.000911, 0.001969, 0.001900, 0.002023, 0.001793, 0.001847, 0.001741, 0.001859, 0.001729, 0.002034, 0.001787, 0.001940, 0.001820, 0.001856, 0.001712, 0.001846, 0.001612, 0.001692, 0.001430, 0.001513
4 , 2, 2, 2, 2, 1, 2, 1
4 , 0.006031, 0.005902, 0.006598, 0.007359, 0.010538, 0.008013, 0.008026
5 , 0.001693, 0.001798, 0.001639, 0.001865, 0.001710, 0.001886, 0.001572, 0.001750, 0.001767, 0.001768, 0.001865, 0.001660, 0.001822, 0.001828, 0.001798, 0.001767, 0.001770, 0.002074, 0.001959, 0.001882, 0.001753, 0.001541, 0.000911, 0.001969, 0.001900, 0.002023, 0.001793, 0.001847, 0.001741, 0.001859, 0.001729, 0.002034, 0.001787, 0.001940, 0.001820, 0.001856, 0.001712, 0.001846, 0.001612, 0.001692, 0.001430, 0.001513, 0.001339, 0.001420, 0.001385, 0.001356, 0.001449, 0.000098, 0.001839, 0.001961, 0.001944, 0.001944, 0.002144, 0.002027, 0.002183, 0.002015, 0.002350, 0.002183, 0.002148, 0.002221, 0.002229, 0.002362, 0.002109, 0.002052, 0.001912, 0.001938, 0.002104, 0.001880, 0.001864, 0.001902, 0.001849, 0.001952, 0.000270, 0.001873, 0.001695, 0.001664, 0.001563, 0.001680, 0.001552, 0.001642, 0.001517, 0.001704, 0.001485, 0.001580, 0.001608, 0.001678, 0.001528, 0.001808, 0.001559, 0.001629, 0.001501, 0.001606
5 , 3, 1, 1, 1, 1, 1, 1
5 , 0.006784, 0.009129, 0.010801, 0.011369, 0.013761, 0.011219, 0.011765
6 , 0.001944, 0.001944, 0.002144, 0.002027, 0.002183, 0.002015, 0.002350, 0.002183, 0.002148, 0.002221, 0.002229, 0.002362, 0.002109, 0.002052, 0.001912, 0.001938, 0.002104, 0.001880, 0.001864, 0.001902, 0.001849, 0.001952, 0.000270, 0.001873, 0.001695, 0.001664, 0.001563, 0.001680, 0.001552, 0.001642, 0.001517, 0.001704, 0.001485, 0.001580, 0.001608, 0.001678, 0.001528, 0.001808, 0.001559, 0.001629, 0.001501, 0.001606, 0.001446, 0.001545, 0.001439, 0.001173, 0.001167, 0.001558, 0.001639, 0.001632, 0.001602, 0.001848, 0.001665, 0.002053, 0.002002, 0.002007, 0.001959, 0.001925, 0.002134, 0.001914, 0.002096, 0.001986, 0.001970, 0.002027, 0.001932, 0.001890, 0.001718, 0.001926, 0.001845, 0.001774, 0.001707, 0.001992, 0.000902, 0.001525, 0.001677, 0.001723, 0.001662, 0.001530, 0.001564, 0.001475, 0.001597, 0.001590, 0.001677, 0.001546, 0.001639, 0.001537, 0.001718, 0.001588, 0.001744, 0.001586, 0.001835, 0.001743
6 , 1, 1, 1, 1, 1, 1, 1
6 , 0.012925, 0.015857, 0.017082, 0.018361, 0.015993, 0.014767, 0.014058
7 , 0.001632, 0.001602, 0.001848, 0.001665, 0.002053, 0.002002, 0.002007, 0.001959, 0.001925, 0.002134, 0.001914, 0.002096, 0.001986, 0.001970, 0.002027, 0.001932, 0.001890, 0.001718, 0.001926, 0.001845, 0.001774, 0.001707, 0.001992, 0.000902, 0.001525, 0.001677, 0.001723, 0.001662, 0.001530, 0.001564, 0.001475, 0.001597, 0.001590, 0.001677, 0.001546, 0.001639, 0.001537, 0.001718, 0.001588, 0.001744, 0.001586, 0.001835, 0.001743, 0.001833, 0.001556, 0.001740, 0.001713, 0.001784, 0.001628, 0.001664, 0.001658, 0.001695, 0.001577, 0.001666, 0.001576, 0.001676, 0.001615, 0.001683, 0.001618, 0.001630, 0.001457, 0.001559, 0.001438, 0.001542, 0.001422, 0.001395, 0.001344, 0.001347, 0.001157, 0.001320, 0.001347, 0.001474, 0.001225, 0.001358, 0.001320, 0.001440, 0.001279, 0.001466, 0.001302, 0.001574, 0.001380, 0.001476, 0.001352, 0.001473, 0.001462, 0.001494, 0.001366, 0.001632, 0.001384, 0.001479, 0.001379, 0.001684
7 , 1, 1, 1, 1, 1, 1, 1
7 , 0.008339, 0.008587, 0.008358, 0.007718, 0.007804, 0.005643, 0.004830
8 , 0.001784, 0.001628, 0.001664, 0.001658, 0.001695, 0.001577, 0.001666, 0.001576, 0.001676, 0.001615, 0.001683, 0.001618, 0.001630, 0.001457, 0.001559, 0.001438, 0.001542, 0.001422, 0.001395, 0.001344, 0.001347, 0.001157, 0.001320, 0.001347, 0.001474, 0.001225, 0.001358, 0.001320, 0.001440, 0.001279, 0.001466, 0.001302, 0.001574, 0.001380, 0.001476, 0.001352, 0.001473, 0.001462, 0.001494, 0.001366, 0.001632, 0.001384, 0.001479, 0.001379, 0.001684, 0.001645, 0.001561, 0.001402, 0.001742, 0.001527, 0.001707, 0.001551, 0.001584, 0.001616, 0.001646, 0.001582, 0.001585, 0.001489, 0.001679, 0.001555, 0.001706, 0.001458, 0.001646, 0.001497, 0.001686, 0.001562, 0.001540, 0.001416, 0.001543, 0.001480, 0.001604, 0.001570, 0.001542, 0.001419, 0.001480, 0.001388, 0.001519, 0.001461, 0.001559, 0.001463, 0.001563, 0.001502, 0.001512, 0.001387, 0.001456, 0.001432, 0.001436, 0.001347, 0.001388, 0.001393, 0.001334, 0.001366
8 , 1, 1, 1, 1, 1, 1, 1
8 , 0.007472, 0.006932, 0.006222, 0.005546, 0.005335, 0.004696, 0.004275
9 , 0.001561, 0.001402, 0.001742, 0.001527, 0.001707, 0.001551, 0.001584, 0.001616, 0.001646, 0.001582, 0.001585, 0.001489, 0.001679, 0.001555, 0.001706, 0.001458, 0.001646, 0.001497, 0.001686, 0.001562, 0.001540, 0.001416, 0.001543, 0.001480, 0.001604, 0.001570, 0.001542, 0.001419, 0.001480, 0.001388, 0.001519, 0.001461, 0.001559, 0.001463, 0.001563, 0.001502, 0.001512, 0.001387, 0.001456, 0.001432, 0.001436, 0.001347, 0.001388, 0.001393, 0.001334, 0.001366, 0.001402, 0.001306, 0.001489, 0.001486, 0.001507, 0.001434, 0.001524, 0.001485, 0.001577, 0.001484, 0.001417, 0.001467, 0.001616, 0.001583, 0.001677, 0.001437, 0.001502, 0.001502, 0.001470, 0.001562, 0.001623, 0.001473, 0.001452, 0.001573, 0.001483, 0.001398, 0.001433, 0.001376, 0.001507, 0.001414, 0.001451, 0.001446, 0.001434, 0.001368, 0.001434, 0.001436, 0.001440, 0.001472, 0.001408, 0.001317, 0.001344, 0.001437, 0.001379, 0.001402, 0.001340, 0.001368
9 , 1, 1, 1, 1, 1, 1, 1
9 , 0.003681, 0.004260, 0.004730, 0.004710, 0.004992, 0.004949, 0.004894
10 , 0.001507, 0.001434, 0.001524, 0.001485, 0.001577, 0.001484, 0.001417, 0.001467, 0.001616, 0.001583, 0.001677, 0.001437, 0.001502, 0.001502, 0.001470, 0.001562, 0.001623, 0.001473, 0.001452, 0.001573, 0.001483, 0.001398, 0.001433, 0.001376, 0.001507, 0.001414, 0.001451, 0.001446, 0.001434, 0.001368, 0.001434, 0.001436, 0.001440, 0.001472, 0.001408, 0.001317, 0.001344, 0.001437, 0.001379, 0.001402, 0.001340, 0.001368, 0.001429, 0.001488, 0.001302, 0.001397, 0.001266, 0.001388, 0.001417, 0.001563, 0.001437, 0.001564, 0.001413, 0.001512, 0.001356, 0.001539, 0.001441, 0.001420, 0.001294, 0.001539, 0.001392, 0.001385, 0.001513, 0.001427, 0.001362, 0.001545, 0.001327, 0.001453, 0.001362, 0.001461, 0.001395, 0.001520, 0.001371, 0.001492, 0.001362, 0.001401, 0.001397, 0.001602, 0.001448, 0.001598, 0.001438, 0.001555, 0.001515, 0.001691, 0.001654, 0.001660, 0.001471, 0.001631, 0.001441, 0.001658, 0.001502, 0.001656
10 , 2, 2, 2, 2, 2, 2, 2
10 , 0.003495, 0.004268, 0.004325, 0.004500, 0.004191, 0.004267, 0.004303
11 , 0.001563, 0.001437, 0.001564, 0.001413, 0.001512, 0.001356, 0.001539, 0.001441, 0.001420, 0.001294, 0.001539, 0.001392, 0.001385, 0.001513, 0.001427, 0.001362, 0.001545, 0.001327, 0.001453, 0.001362, 0.001461, 0.001395, 0.001520, 0.001371, 0.001492, 0.001362, 0.001401, 0.001397, 0.001602, 0.001448, 0.001598, 0.001438, 0.001555, 0.001515, 0.001691, 0.001654, 0.001660, 0.001471, 0.001631, 0.001441, 0.001658, 0.001502, 0.001656, 0.001372, 0.001500, 0.001530, 0.001602, 0.001364, 0.001526, 0.001515, 0.001580, 0.001366, 0.001467, 0.001403, 0.001556, 0.001494, 0.001559, 0.001348, 0.001537, 0.001404, 0.001623, 0.001373, 0.001644, 0.001514, 0.001579, 0.001420, 0.001545, 0.001414, 0.001601, 0.001321, 0.001573, 0.001454, 0.001491, 0.001342, 0.001470, 0.001377, 0.001598, 0.001415, 0.001548, 0.001455, 0.001587, 0.001429, 0.001529, 0.001282, 0.001477, 0.001291, 0.001484, 0.001306, 0.001553, 0.001402, 0.001417, 0.001226
11 , 3, 3, 3, 3, 3, 3, 3
11 , 0.002582, 0.002923, 0.002616, 0.003162, 0.003145, 0.003625, 0.003587
12 , 0.001366, 0.001467, 0.001403, 0.001556, 0.001494, 0.001559, 0.001348, 0.001537, 0.001404, 0.001623, 0.001373, 0.001644, 0.001514, 0.001579, 0.001420, 0.001545, 0.001414, 0.001601, 0.001321, 0.001573, 0.001454, 0.001491, 0.001342, 0.001470, 0.001377, 0.001598, 0.001415, 0.001548, 0.001455, 0.001587, 0.001429, 0.001529, 0.001282, 0.001477, 0.001291, 0.001484, 0.001306, 0.001553, 0.001402, 0.001417, 0.001226, 0.001449, 0.001199, 0.001300, 0.001205, 0.001359, 0.001322, 0.001442, 0.001402, 0.001428, 0.001291, 0.001417, 0.001408, 0.001491, 0.001480, 0.001628, 0.001501, 0.001497, 0.001550, 0.001879, 0.001630, 0.001629, 0.001656, 0.001599, 0.001531, 0.001807, 0.001616, 0.001767, 0.001581, 0.001638, 0.001666, 0.001697, 0.001577, 0.001765, 0.001642, 0.001651, 0.001507, 0.001573, 0.001543, 0.001524, 0.001470, 0.001417, 0.001487, 0.001617, 0.001442, 0.001391, 0.001366, 0.001398, 0.001463, 0.001468, 0.001348, 0.001287
12 , 2, 1, 1, 1, 1, 1, 1
12 , 0.001930, 0.002159, 0.002762, 0.003564, 0.003981, 0.004492, 0.005117
13 , 0.001408, 0.001491, 0.001480, 0.001628, 0.001501, 0.001497, 0.001550, 0.001879, 0.001630, 0.001629, 0.001656, 0.001599, 0.001531, 0.001807, 0.001616, 0.001767, 0.001581, 0.001638, 0.001666, 0.001697, 0.001577, 0.001765, 0.001642, 0.001651, 0.001507, 0.001573, 0.001543, 0.001524, 0.001470, 0.001417, 0.001487, 0.001617, 0.001442, 0.001391, 0.001366, 0.001398, 0.001463, 0.001468, 0.001348, 0.001287, 0.001410, 0.001311, 0.001401, 0.001327, 0.001411, 0.001500, 0.001619, 0.001581, 0.001581, 0.001419, 0.001506, 0.001534, 0.001526, 0.001524, 0.001555, 0.001368, 0.001522, 0.001573, 0.001512, 0.001540, 0.001663, 0.001474, 0.001685, 0.001527, 0.001658, 0.001540, 0.001486, 0.001487, 0.001652, 0.001466, 0.001682, 0.001410, 0.001542, 0.001381, 0.001545, 0.001331, 0.001459, 0.001373, 0.001416, 0.001175, 0.001393, 0.001239, 0.001454, 0.001239, 0.001465, 0.001280, 0.001491, 0.001324, 0.001358, 0.001233, 0.001446, 0.001376
13 , 1, 1, 1, 1, 1, 1, 1
13 , 0.004717, 0.005931, 0.006281, 0.007144, 0.007236, 0.007690, 0.007598
14 , 0.001534, 0.001526, 0.001524, 0.001555, 0.001368, 0.001522, 0.001573, 0.001512, 0.001540, 0.001663, 0.001474, 0.001685, 0.001527, 0.001658, 0.001540, 0.001486, 0.001487, 0.001652, 0.001466, 0.001682, 0.001410, 0.001542, 0.001381, 0.001545, 0.001331, 0.001459, 0.001373, 0.001416, 0.001175, 0.001393, 0.001239, 0.001454, 0.001239, 0.001465, 0.001280, 0.001491, 0.001324, 0.001358, 0.001233, 0.001446, 0.001376, 0.001442, 0.001279, 0.001551, 0.001383, 0.001543, 0.001440, 0.001657, 0.001432, 0.001584, 0.001513, 0.001665, 0.001534, 0.001751, 0.001624, 0.001774, 0.001547, 0.001767, 0.001520, 0.001706, 0.001587, 0.001680, 0.001463, 0.001681, 0.001644, 0.001715, 0.001552, 0.001737, 0.001603, 0.001886, 0.001667, 0.001823, 0.001576, 0.001699, 0.001633, 0.001823, 0.001582, 0.001770, 0.001625, 0.001603, 0.001543, 0.001705, 0.001346, 0.001480, 0.001278, 0.001506, 0.001347, 0.001510, 0.001353, 0.001541, 0.001480, 0.001480
14 , 1, 1, 1, 1, 1, 1, 1
14 , 0.004050, 0.004733, 0.005340, 0.005892, 0.006128, 0.006530, 0.006540
15 , 0.001534, 0.001751, 0.001624, 0.001774, 0.001547, 0.001767, 0.001520, 0.001706, 0.001587, 0.001680, 0.001463, 0.001681, 0.001644, 0.001715, 0.001552, 0.001737, 0.001603, 0.001886, 0.001667, 0.001823, 0.001576, 0.001699, 0.001633, 0.001823, 0.001582, 0.001770, 0.001625, 0.001603, 0.001543, 0.001705, 0.001346, 0.001480, 0.001278, 0.001506, 0.001347, 0.001510, 0.001353, 0.001541, 0.001480, 0.001480, 0.001326, 0.001451, 0.001359, 0.001547, 0.001238, 0.001452, 0.001440, 0.001469, 0.001553, 0.001668, 0.001448, 0.001632, 0.001535, 0.001448, 0.001441, 0.001595, 0.001530, 0.001438, 0.001433, 0.001527, 0.001467, 0.001564, 0.001526, 0.001585, 0.001582, 0.001611, 0.001551, 0.001643, 0.001641, 0.001555, 0.001466, 0.001532, 0.001505, 0.001471, 0.001417, 0.001384, 0.001422, 0.001422, 0.001388, 0.001358, 0.001368, 0.001407, 0.001530, 0.001437, 0.001404, 0.001400, 0.001433, 0.001492, 0.001485, 0.001455, 0.001606, 0.001384
15 , 1, 1, 1, 1, 1, 1, 1
15 , 0.003672, 0.005087, 0.005326, 0.005727, 0.006144, 0.006502, 0.006148
16 , 0.001632, 0.001535, 0.001448, 0.001441, 0.001595, 0.001530, 0.001438, 0.001433, 0.001527, 0.001467, 0.001564, 0.001526, 0.001585, 0.001582, 0.001611, 0.001551, 0.001643, 0.001641, 0.001555, 0.001466, 0.001532, 0.001505, 0.001471, 0.001417, 0.001384, 0.001422, 0.001422, 0.001388, 0.001358, 0.001368, 0.001407, 0.001530, 0.001437, 0.001404, 0.001400, 0.001433, 0.001492, 0.001485, 0.001455, 0.001606, 0.001384, 0.001441, 0.001441, 0.001501, 0.001437, 0.001562, 0.001460, 0.001532, 0.001373, 0.001471, 0.001404, 0.001556, 0.001585, 0.001617, 0.001486, 0.001582, 0.001428, 0.001552, 0.001521, 0.001494, 0.001314, 0.001478, 0.001387, 0.001514, 0.001397, 0.001461, 0.001339, 0.001474, 0.001346, 0.001535, 0.001407, 0.001416, 0.001318, 0.001443, 0.001398, 0.001491, 0.001271, 0.001578, 0.001363, 0.001452, 0.001408, 0.001451, 0.001410, 0.001568, 0.001258, 0.001592, 0.001340, 0.001527, 0.001367, 0.001615, 0.001513, 0.001542
16 , 1, 1, 1, 1, 1, 2, 2
16 , 0.003308, 0.002890, 0.002721, 0.002634, 0.002202, 0.002093, 0.002183
