0 , 0.001870, 0.001828, 0.002010, 0.001794, 0.001976, 0.001923, 0.002021, 0.001998, 0.001982, 0.002200, 0.002013, 0.002075, 0.001906, 0.002109, 0.002056, 0.002022, 0.002033, 0.001863, 0.002040, 0.001919, 0.001967, 0.001929, 0.001913, 0.002025, 0.002244, 0.000799, 0.001589, 0.001575, 0.001666, 0.001372, 0.001458, 0.001423, 0.001458, 0.001157, 0.001404, 0.001275, 0.001455, 0.001300, 0.001398, 0.001302, 0.001504, 0.001231, 0.001394, 0.001151, 0.001369, 0.001278, 0.001252, 0.001100, 0.001493, 0.001128, 0.001331, 0.000757, 0.001798, 0.001917, 0.001877, 0.001971, 0.001888, 0.001800, 0.002202, 0.002010, 0.002067, 0.001961, 0.002143, 0.002120, 0.002040, 0.002071, 0.001991, 0.002347, 0.002097, 0.002071, 0.002172, 0.002134, 0.002372, 0.002160, 0.002354, 0.001763, 0.000494, 0.001299, 0.001279, 0.001173, 0.001090, 0.001058, 0.001006, 0.001187, 0.001140, 0.001124, 0.001239, 0.001156, 0.001260, 0.001336, 0.001423, 0.001417
0 , 1, 1, 1, 1, 1, 1, 1
0 , 0.013607, 0.016107, 0.019471, 0.022429, 0.025079, 0.027788, 0.030824
1 , 0.001798, 0.001917, 0.001877, 0.001971, 0.001888, 0.001800, 0.002202, 0.002010, 0.002067, 0.001961, 0.002143, 0.002120, 0.002040, 0.002071, 0.001991, 0.002347, 0.002097, 0.002071, 0.002172, 0.002134, 0.002372, 0.002160, 0.002354, 0.001763, 0.000494, 0.001299, 0.001279, 0.001173, 0.001090, 0.001058, 0.001006, 0.001187, 0.001140, 0.001124, 0.001239, 0.001156, 0.001260, 0.001336, 0.001423, 0.001417, 0.001375, 0.001271, 0.001506, 0.001320, 0.001400, 0.001379, 0.001627, 0.000370, 0.001434, 0.001762, 0.001766, 0.001617, 0.001786, 0.001883, 0.001922, 0.001878, 0.001774, 0.002065, 0.001834, 0.002032, 0.002097, 0.001942, 0.002161, 0.002071, 0.002203, 0.002021, 0.002184, 0.002089, 0.002074, 0.002248, 0.002006, 0.002357, 0.000219, 0.001478, 0.001371, 0.001465, 0.001270, 0.001365, 0.001293, 0.001383, 0.001225, 0.001319, 0.001290, 0.001475, 0.001228, 0.001479, 0.001298, 0.001359, 0.001270, 0.001371, 0.001215, 0.001339
1 , 1, 1, 1, 1, 1, 1, 1
1 , 0.019645, 0.022763, 0.026697, 0.029681, 0.035358, 0.033180, 0.030344
2 , 0.001766, 0.001617, 0.001786, 0.001883, 0.001922, 0.001878, 0.001774, 0.002065, 0.001834, 0.002032, 0.002097, 0.001942, 0.002161, 0.002071, 0.002203, 0.002021, 0.002184, 0.002089, 0.002074, 0.002248, 0.002006, 0.002357, 0.000219, 0.001478, 0.001371, 0.001465, 0.001270, 0.001365, 0.001293, 0.001383, 0.001225, 0.001319, 0.001290, 0.001475, 0.001228, 0.001479, 0.001298, 0.001359, 0.001270, 0.001371, 0.001215, 0.001339, 0.001208, 0.001359, 0.001377, 0.001379, 0.001415, 0.001136, 0.000892, 0.001775, 0.001395, 0.001665, 0.001745, 0.001509, 0.001657, 0.001634, 0.001857, 0.001688, 0.001837, 0.001749, 0.001901, 0.001965, 0.001870, 0.002001, 0.001809, 0.001987, 0.001899, 0.001990, 0.001969, 0.001913, 0.002008, 0.002081, 0.000813, 0.001377, 0.001324, 0.001433, 0.001348, 0.001441, 0.001258, 0.001380, 0.001246, 0.001433, 0.001286, 0.001411, 0.001185, 0.001465, 0.001333, 0.001307, 0.001205, 0.001514, 0.001241, 0.001514
2 , 1, 1, 1, 1, 1, 1, 1
2 , 0.015992, 0.019785, 0.022191, 0.024814, 0.024020, 0.023661, 0.022601
3 , 0.001775, 0.001395, 0.001665, 0.001745, 0.001509, 0.001657, 0.001634, 0.001857, 0.001688, 0.001837, 0.001749, 0.001901, 0.001965, 0.001870, 0.002001, 0.001809, 0.001987, 0.001899, 0.001990, 0.001969, 0.001913, 0.002008, 0.002081, 0.000813, 0.001377, 0.001324, 0.001433, 0.001348, 0.001441, 0.001258, 0.001380, 0.001246, 0.001433, 0.001286, 0.001411, 0.001185, 0.001465, 0.001333, 0.001307, 0.001205, 0.001514, 0.001241, 0.001514, 0.001356, 0.001540, 0.001220, 0.001548, 0.000677, 0.001699, 0.001786, 0.001938, 0.001912, 0.001915, 0.001900, 0.002105, 0.001987, 0.002199, 0.001828, 0.001919, 0.001968, 0.002070, 0.002078, 0.001983, 0.002123, 0.001930, 0.002138, 0.002010, 0.002006, 0.002112, 0.001937, 0.002063, 0.001613, 0.000626, 0.001376, 0.001500, 0.001412, 0.001432, 0.001458, 0.001424, 0.001336, 0.001426, 0.001388, 0.001412, 0.001312, 0.001431, 0.001389, 0.001476, 0.001381, 0.001471, 0.001619, 0.001745, 0.001411
3 , 1, 1, 1, 1, 1, 1, 1
3 , 0.015043, 0.017090, 0.019470, 0.022213, 0.025085, 0.021775, 0.020532
4 , 0.001938, 0.001912, 0.001915, 0.001900, 0.002105, 0.001987, 0.002199, 0.001828, 0.001919, 0.001968, 0.002070, 0.002078, 0.001983, 0.002123, 0.001930, 0.002138, 0.002010, 0.002006, 0.002112, 0.001937, 0.002063, 0.001613, 0.000626, 0.001376, 0.001500, 0.001412, 0.001432, 0.001458, 0.001424, 0.001336, 0.001426, 0.001388, 0.001412, 0.001312, 0.001431, 0.001389, 0.001476, 0.001381, 0.001471, 0.001619, 0.001745, 0.001411, 0.001386, 0.001395, 0.001513, 0.001315, 0.001622, 0.000504, 0.001296, 0.001748, 0.001694, 0.001526, 0.001627, 0.001752, 0.001695, 0.001843, 0.001661, 0.001914, 0.001890, 0.001866, 0.001745, 0.001838, 0.002161, 0.001860, 0.001936, 0.001854, 0.001952, 0.002036, 0.001927, 0.002119, 0.001885, 0.002326, 0.000353, 0.001464, 0.001342, 0.001406, 0.001273, 0.001310, 0.001186, 0.001406, 0.001225, 0.001264, 0.001134, 0.001250, 0.001098, 0.001367, 0.001297, 0.001332, 0.001292, 0.001390, 0.001279, 0.001426
4 , 1, 1, 1, 1, 1, 1, 1
4 , 0.017461, 0.020096, 0.022851, 0.023392, 0.024902, 0.022456, 0.021620
5 , 0.001694, 0.001526, 0.001627, 0.001752, 0.001695, 0.001843, 0.001661, 0.001914, 0.001890, 0.001866, 0.001745, 0.001838, 0.002161, 0.001860, 0.001936, 0.001854, 0.001952, 0.002036, 0.001927, 0.002119, 0.001885, 0.002326, 0.000353, 0.001464, 0.001342, 0.001406, 0.001273, 0.001310, 0.001186, 0.001406, 0.001225, 0.001264, 0.001134, 0.001250, 0.001098, 0.001367, 0.001297, 0.001332, 0.001292, 0.001390, 0.001279, 0.001426, 0.001447, 0.001398, 0.001353, 0.001074, 0.000974, 0.001743, 0.001553, 0.001822, 0.001753, 0.001947, 0.001878, 0.001817, 0.002138, 0.001833, 0.001999, 0.001867, 0.001908, 0.002043, 0.001938, 0.002047, 0.001787, 0.002061, 0.001940, 0.001949, 0.001972, 0.002022, 0.002131, 0.002162, 0.000942, 0.001512, 0.001324, 0.001491, 0.001186, 0.001218, 0.001279, 0.001337, 0.001334, 0.001377, 0.001161, 0.001446, 0.001253, 0.001447, 0.001197, 0.001333, 0.001186, 0.001375, 0.001255, 0.001232, 0.001107, 0.001327
5 , 1, 1, 1, 1, 1, 1, 1
5 , 0.018528, 0.022585, 0.026127, 0.027639, 0.025040, 0.024617, 0.023974
6 , 0.001822, 0.001753, 0.001947, 0.001878, 0.001817, 0.002138, 0.001833, 0.001999, 0.001867, 0.001908, 0.002043, 0.001938, 0.002047, 0.001787, 0.002061, 0.001940, 0.001949, 0.001972, 0.002022, 0.002131, 0.002162, 0.000942, 0.001512, 0.001324, 0.001491, 0.001186, 0.001218, 0.001279, 0.001337, 0.001334, 0.001377, 0.001161, 0.001446, 0.001253, 0.001447, 0.001197, 0.001333, 0.001186, 0.001375, 0.001255, 0.001232, 0.001107, 0.001327, 0.001147, 0.001366, 0.001037, 0.001386, 0.000669, 0.001931, 0.002006, 0.001904, 0.001995, 0.002063, 0.001950, 0.002146, 0.001945, 0.002063, 0.001904, 0.002104, 0.002073, 0.001971, 0.002073, 0.001850, 0.002145, 0.001861, 0.002122, 0.002106, 0.001860, 0.002114, 0.001985, 0.002097, 0.001590, 0.000645, 0.001526, 0.001483, 0.001408, 0.001255, 0.001227, 0.001135, 0.001222, 0.001284, 0.001232, 0.001255, 0.001188, 0.001210, 0.001147, 0.001151, 0.001141, 0.001269, 0.001236, 0.001146, 0.001260
6 , 1, 1, 1, 1, 1, 1, 1
6 , 0.023194, 0.026744, 0.030074, 0.030567, 0.032203, 0.029350, 0.028000
7 , 0.001904, 0.001995, 0.002063, 0.001950, 0.002146, 0.001945, 0.002063, 0.001904, 0.002104, 0.002073, 0.001971, 0.002073, 0.001850, 0.002145, 0.001861, 0.002122, 0.002106, 0.001860, 0.002114, 0.001985, 0.002097, 0.001590, 0.000645, 0.001526, 0.001483, 0.001408, 0.001255, 0.001227, 0.001135, 0.001222, 0.001284, 0.001232, 0.001255, 0.001188, 0.001210, 0.001147, 0.001151, 0.001141, 0.001269, 0.001236, 0.001146, 0.001260, 0.001407, 0.001176, 0.001424, 0.000312, 0.001579, 0.001692, 0.001821, 0.001817, 0.001885, 0.001915, 0.001942, 0.002123, 0.001911, 0.002039, 0.001896, 0.002006, 0.001877, 0.001953, 0.002176, 0.002097, 0.002149, 0.001846, 0.002038, 0.002026, 0.001976, 0.001993, 0.001981, 0.002052, 0.001826, 0.002157, 0.000034, 0.001477, 0.001575, 0.001537, 0.001385, 0.001418, 0.001481, 0.001357, 0.001574, 0.001168, 0.001393, 0.001357, 0.001423, 0.001187, 0.001417, 0.001263, 0.001450, 0.001231, 0.001386, 0.001269
7 , 1, 1, 1, 1, 1, 1, 1
7 , 0.024163, 0.027346, 0.031702, 0.032102, 0.031081, 0.027319, 0.026196
8 , 0.001817, 0.001885, 0.001915, 0.001942, 0.002123, 0.001911, 0.002039, 0.001896, 0.002006, 0.001877, 0.001953, 0.002176, 0.002097, 0.002149, 0.001846, 0.002038, 0.002026, 0.001976, 0.001993, 0.001981, 0.002052, 0.001826, 0.002157, 0.000034, 0.001477, 0.001575, 0.001537, 0.001385, 0.001418, 0.001481, 0.001357, 0.001574, 0.001168, 0.001393, 0.001357, 0.001423, 0.001187, 0.001417, 0.001263, 0.001450, 0.001231, 0.001386, 0.001269, 0.001337, 0.001244, 0.001346, 0.001253, 0.001379, 0.001130, 0.001314, 0.001246, 0.001342, 0.001096, 0.001372, 0.001310, 0.001406, 0.001269, 0.001388, 0.001232, 0.001397, 0.001241, 0.001282, 0.001154, 0.001369, 0.001148, 0.001459, 0.001298, 0.001391, 0.001296, 0.001424, 0.001336, 0.001398, 0.001191, 0.001407, 0.001258, 0.001386, 0.001175, 0.001335, 0.001178, 0.001401, 0.001152, 0.001342, 0.001149, 0.001311, 0.001212, 0.001311, 0.001147, 0.001329, 0.001229, 0.001257, 0.001125, 0.001391
8 , 2, 2, 1, 1, 1, 1, 1
8 , 0.011755, 0.012803, 0.013794, 0.014398, 0.015712, 0.012637, 0.012552
9 , 0.001246, 0.001342, 0.001096, 0.001372, 0.001310, 0.001406, 0.001269, 0.001388, 0.001232, 0.001397, 0.001241, 0.001282, 0.001154, 0.001369, 0.001148, 0.001459, 0.001298, 0.001391, 0.001296, 0.001424, 0.001336, 0.001398, 0.001191, 0.001407, 0.001258, 0.001386, 0.001175, 0.001335, 0.001178, 0.001401, 0.001152, 0.001342, 0.001149, 0.001311, 0.001212, 0.001311, 0.001147, 0.001329, 0.001229, 0.001257, 0.001125, 0.001391, 0.001222, 0.001379, 0.001311, 0.001467, 0.001285, 0.001470, 0.001279, 0.001462, 0.001246, 0.001376, 0.001222, 0.001447, 0.001353, 0.001295, 0.001224, 0.001537, 0.001321, 0.001449, 0.001441, 0.001470, 0.001373, 0.001467, 0.001359, 0.001546, 0.001357, 0.001542, 0.001293, 0.001567, 0.001414, 0.001484, 0.001350, 0.001628, 0.001473, 0.001623, 0.001375, 0.001561, 0.001464, 0.001562, 0.001378, 0.001504, 0.001347, 0.001569, 0.001354, 0.001542, 0.001324, 0.001460, 0.001278, 0.001524, 0.001423, 0.001575
9 , 2, 2, 2, 2, 2, 2, 2
9 , 0.001878, 0.002286, 0.002115, 0.002345, 0.001806, 0.002094, 0.001676
10 , 0.001462, 0.001246, 0.001376, 0.001222, 0.001447, 0.001353, 0.001295, 0.001224, 0.001537, 0.001321, 0.001449, 0.001441, 0.001470, 0.001373, 0.001467, 0.001359, 0.001546, 0.001357, 0.001542, 0.001293, 0.001567, 0.001414, 0.001484, 0.001350, 0.001628, 0.001473, 0.001623, 0.001375, 0.001561, 0.001464, 0.001562, 0.001378, 0.001504, 0.001347, 0.001569, 0.001354, 0.001542, 0.001324, 0.001460, 0.001278, 0.001524, 0.001423, 0.001575, 0.001293, 0.001515, 0.001419, 0.001668, 0.001420, 0.001614, 0.001366, 0.001649, 0.001366, 0.001581, 0.001359, 0.001610, 0.001455, 0.001429, 0.001415, 0.001639, 0.001420, 0.001494, 0.001315, 0.001594, 0.001402, 0.001449, 0.001383, 0.001507, 0.001171, 0.001392, 0.001272, 0.001459, 0.001293, 0.001507, 0.001356, 0.001456, 0.001293, 0.001359, 0.001293, 0.001447, 0.001356, 0.001514, 0.001354, 0.001536, 0.001469, 0.001498, 0.001312, 0.001505, 0.001319, 0.001444, 0.001375, 0.001620, 0.001463
10 , 3, 3, 3, 3, 3, 3, 0
10 , 0.003033, 0.003142, 0.002400, 0.002307, 0.001769, 0.001802, 0.001351
11 , 0.001420, 0.001614, 0.001366, 0.001649, 0.001366, 0.001581, 0.001359, 0.001610, 0.001455, 0.001429, 0.001415, 0.001639, 0.001420, 0.001494, 0.001315, 0.001594, 0.001402, 0.001449, 0.001383, 0.001507, 0.001171, 0.001392, 0.001272, 0.001459, 0.001293, 0.001507, 0.001356, 0.001456, 0.001293, 0.001359, 0.001293, 0.001447, 0.001356, 0.001514, 0.001354, 0.001536, 0.001469, 0.001498, 0.001312, 0.001505, 0.001319, 0.001444, 0.001375, 0.001620, 0.001463, 0.001618, 0.001526, 0.001617, 0.001494, 0.001560, 0.001398, 0.001700, 0.001519, 0.001610, 0.001516, 0.001466, 0.001440, 0.001568, 0.001472, 0.001446, 0.001412, 0.001475, 0.001414, 0.001542, 0.001321, 0.001449, 0.001452, 0.001449, 0.001447, 0.001508, 0.001404, 0.001404, 0.001438, 0.001499, 0.001466, 0.001407, 0.001495, 0.001618, 0.001433, 0.001401, 0.001469, 0.001376, 0.001523, 0.001499, 0.001441, 0.001473, 0.001336, 0.001314, 0.001441, 0.001354, 0.001356, 0.001322
11 , 1, 1, 1, 1, 1, 1, 3
11 , 0.002987, 0.003099, 0.002446, 0.001996, 0.001397, 0.001225, 0.001477
12 , 0.001617, 0.001494, 0.001560, 0.001398, 0.001700, 0.001519, 0.001610, 0.001516, 0.001466, 0.001440, 0.001568, 0.001472, 0.001446, 0.001412, 0.001475, 0.001414, 0.001542, 0.001321, 0.001449, 0.001452, 0.001449, 0.001447, 0.001508, 0.001404, 0.001404, 0.001438, 0.001499, 0.001466, 0.001407, 0.001495, 0.001618, 0.001433, 0.001401, 0.001469, 0.001376, 0.001523, 0.001499, 0.001441, 0.001473, 0.001336, 0.001314, 0.001441, 0.001354, 0.001356, 0.001322, 0.001295, 0.001366, 0.001420, 0.001449, 0.001524, 0.001484, 0.001533, 0.001518, 0.001623, 0.001646, 0.001710, 0.001585, 0.001681, 0.001648, 0.001644, 0.001643, 0.001550, 0.001517, 0.001604, 0.001751, 0.001784, 0.001626, 0.001687, 0.001595, 0.001718, 0.001651, 0.001744, 0.001654, 0.001751, 0.001665, 0.001704, 0.001614, 0.001592, 0.001533, 0.001751, 0.001446, 0.001664, 0.001513, 0.001576, 0.001419, 0.001636, 0.001443, 0.001599, 0.001534, 0.001657, 0.001471, 0.001687
12 , 2, 2, 1, 1, 1, 1, 1
12 , 0.002399, 0.002306, 0.001809, 0.002061, 0.002579, 0.002622, 0.002768
13 , 0.001518, 0.001623, 0.001646, 0.001710, 0.001585, 0.001681, 0.001648, 0.001644, 0.001643, 0.001550, 0.001517, 0.001604, 0.001751, 0.001784, 0.001626, 0.001687, 0.001595, 0.001718, 0.001651, 0.001744, 0.001654, 0.001751, 0.001665, 0.001704, 0.001614, 0.001592, 0.001533, 0.001751, 0.001446, 0.001664, 0.001513, 0.001576, 0.001419, 0.001636, 0.001443, 0.001599, 0.001534, 0.001657, 0.001471, 0.001687, 0.001530, 0.001682, 0.001556, 0.001805, 0.001467, 0.001655, 0.001441, 0.001636, 0.001574, 0.001631, 0.001504, 0.001667, 0.001608, 0.001705, 0.001431, 0.001622, 0.001530, 0.001689, 0.001378, 0.001605, 0.001412, 0.001660, 0.001565, 0.001691, 0.001654, 0.001663, 0.001475, 0.001538, 0.001381, 0.001659, 0.001525, 0.001685, 0.001472, 0.001565, 0.001379, 0.001630, 0.001386, 0.001571, 0.001447, 0.001580, 0.001385, 0.001512, 0.001422, 0.001488, 0.001304, 0.001338, 0.001214, 0.001549, 0.001334, 0.001429, 0.001393, 0.001521
13 , 1, 1, 1, 1, 1, 1, 1
13 , 0.002473, 0.002834, 0.003273, 0.003889, 0.004406, 0.004463, 0.004493
14 , 0.001608, 0.001705, 0.001431, 0.001622, 0.001530, 0.001689, 0.001378, 0.001605, 0.001412, 0.001660, 0.001565, 0.001691, 0.001654, 0.001663, 0.001475, 0.001538, 0.001381, 0.001659, 0.001525, 0.001685, 0.001472, 0.001565, 0.001379, 0.001630, 0.001386, 0.001571, 0.001447, 0.001580, 0.001385, 0.001512, 0.001422, 0.001488, 0.001304, 0.001338, 0.001214, 0.001549, 0.001334, 0.001429, 0.001393, 0.001521, 0.001394, 0.001523, 0.001420, 0.001548, 0.001399, 0.001555, 0.001391, 0.001426, 0.001391, 0.001524, 0.001372, 0.001467, 0.001459, 0.001440, 0.001436, 0.001458, 0.001338, 0.001582, 0.001426, 0.001460, 0.001517, 0.001580, 0.001515, 0.001456, 0.001484, 0.001484, 0.001386, 0.001438, 0.001528, 0.001501, 0.001614, 0.001551, 0.001580, 0.001514, 0.001485, 0.001579, 0.001550, 0.001514, 0.001541, 0.001542, 0.001578, 0.001569, 0.001629, 0.001629, 0.001683, 0.001527, 0.001682, 0.001619, 0.001652, 0.001619, 0.001567, 0.001477
14 , 2, 2, 2, 2, 2, 2, 2
14 , 0.005287, 0.005590, 0.005595, 0.005306, 0.005076, 0.004982, 0.004902
15 , 0.001391, 0.001524, 0.001372, 0.001467, 0.001459, 0.001440, 0.001436, 0.001458, 0.001338, 0.001582, 0.001426, 0.001460, 0.001517, 0.001580, 0.001515, 0.001456, 0.001484, 0.001484, 0.001386, 0.001438, 0.001528, 0.001501, 0.001614, 0.001551, 0.001580, 0.001514, 0.001485, 0.001579, 0.001550, 0.001514, 0.001541, 0.001542, 0.001578, 0.001569, 0.001629, 0.001629, 0.001683, 0.001527, 0.001682, 0.001619, 0.001652, 0.001619, 0.001567, 0.001477, 0.001722, 0.001511, 0.001608, 0.001495, 0.001534, 0.001540, 0.001613, 0.001375, 0.001479, 0.001293, 0.001482, 0.001321, 0.001537, 0.001325, 0.001421, 0.001386, 0.001470, 0.001463, 0.001499, 0.001399, 0.001560, 0.001458, 0.001670, 0.001414, 0.001598, 0.001536, 0.001656, 0.001434, 0.001585, 0.001485, 0.001667, 0.001536, 0.001669, 0.001451, 0.001665, 0.001542, 0.001641, 0.001423, 0.001588, 0.001425, 0.001556, 0.001440, 0.001697, 0.001442, 0.001542, 0.001358, 0.001523, 0.001278
15 , 0, 0, 0, 0, 0, 0, 0
15 , 0.004023, 0.004308, 0.004116, 0.003720, 0.003503, 0.003260, 0.003083
16 , 0.001495, 0.001534, 0.001540, 0.001613, 0.001375, 0.001479, 0.001293, 0.001482, 0.001321, 0.001537, 0.001325, 0.001421, 0.001386, 0.001470, 0.001463, 0.001499, 0.001399, 0.001560, 0.001458, 0.001670, 0.001414, 0.001598, 0.001536, 0.001656, 0.001434, 0.001585, 0.001485, 0.001667, 0.001536, 0.001669, 0.001451, 0.001665, 0.001542, 0.001641, 0.001423, 0.001588, 0.001425, 0.001556, 0.001440, 0.001697, 0.001442, 0.001542, 0.001358, 0.001523, 0.001278, 0.001498, 0.001436, 0.001502, 0.001344, 0.001537, 0.001285, 0.001383, 0.001341, 0.001677, 0.001431, 0.001520, 0.001363, 0.001423, 0.001350, 0.001605, 0.001438, 0.001649, 0.001547, 0.001644, 0.001602, 0.001750, 0.001527, 0.001650, 0.001527, 0.001710, 0.001592, 0.001689, 0.001474, 0.001692, 0.001663, 0.001529, 0.001500, 0.001567, 0.001446, 0.001631, 0.001476, 0.001449, 0.001446, 0.001574, 0.001398, 0.001555, 0.001434, 0.001508, 0.001449, 0.001429, 0.001427, 0.001526
16 , 0, 0, 0, 3, 3, 3, 3
16 , 0.002581, 0.001892, 0.001578, 0.001259, 0.001825, 0.001722, 0.002540
