0 , 0.001610, 0.001770, 0.001770, 0.001763, 0.001719, 0.001659, 0.001880, 0.001711, 0.001848, 0.001682, 0.001637, 0.001831, 0.001685, 0.001867, 0.001788, 0.001864, 0.001842, 0.001768, 0.001751, 0.001695, 0.002024, 0.001773, 0.002080, 0.000379, 0.001407, 0.001589, 0.001649, 0.001698, 0.001447, 0.001397, 0.001220, 0.001412, 0.001298, 0.001339, 0.001321, 0.001389, 0.001243, 0.001295, 0.001034, 0.001253, 0.001156, 0.001160, 0.001185, 0.001266, 0.001195, 0.001253, 0.001278, 0.000780, 0.001733, 0.001747, 0.001801, 0.001626, 0.001687, 0.001918, 0.001790, 0.001871, 0.001618, 0.001888, 0.001949, 0.001888, 0.001810, 0.001612, 0.001891, 0.001773, 0.001885, 0.001932, 0.001858, 0.002033, 0.001902, 0.001942, 0.001854, 0.001500, 0.001009, 0.001866, 0.001665, 0.001714, 0.001349, 0.001602, 0.001332, 0.001377, 0.001077, 0.001370, 0.001129, 0.001285, 0.001070, 0.001290, 0.001126, 0.001341, 0.001211, 0.001429, 0.001150, 0.001277
0 , 1, 1, 1, 1, 1, 1, 1
0 , 0.013399, 0.015339, 0.018623, 0.020614, 0.023462, 0.019733, 0.019674
1 , 0.001801, 0.001626, 0.001687, 0.001918, 0.001790, 0.001871, 0.001618, 0.001888, 0.001949, 0.001888, 0.001810, 0.001612, 0.001891, 0.001773, 0.001885, 0.001932, 0.001858, 0.002033, 0.001902, 0.001942, 0.001854, 0.001500, 0.001009, 0.001866, 0.001665, 0.001714, 0.001349, 0.001602, 0.001332, 0.001377, 0.001077, 0.001370, 0.001129, 0.001285, 0.001070, 0.001290, 0.001126, 0.001341, 0.001211, 0.001429, 0.001150, 0.001277, 0.001142, 0.001269, 0.001339, 0.001354, 0.001368, 0.000100, 0.001596, 0.001863, 0.001731, 0.001878, 0.002017, 0.001899, 0.001922, 0.001817, 0.002179, 0.002063, 0.002086, 0.002061, 0.002072, 0.002227, 0.001986, 0.002008, 0.001921, 0.002106, 0.002116, 0.002101, 0.001961, 0.001819, 0.001963, 0.002035, 0.000416, 0.001842, 0.001509, 0.001464, 0.001397, 0.001333, 0.001263, 0.001355, 0.001293, 0.001439, 0.001191, 0.001406, 0.001189, 0.001317, 0.001313, 0.001349, 0.001355, 0.001272, 0.001330, 0.001307
1 , 1, 1, 1, 1, 1, 1, 1
1 , 0.018216, 0.021292, 0.022866, 0.024003, 0.026946, 0.025374, 0.025561
2 , 0.001731, 0.001878, 0.002017, 0.001899, 0.001922, 0.001817, 0.002179, 0.002063, 0.002086, 0.002061, 0.002072, 0.002227, 0.001986, 0.002008, 0.001921, 0.002106, 0.002116, 0.002101, 0.001961, 0.001819, 0.001963, 0.002035, 0.000416, 0.001842, 0.001509, 0.001464, 0.001397, 0.001333, 0.001263, 0.001355, 0.001293, 0.001439, 0.001191, 0.001406, 0.001189, 0.001317, 0.001313, 0.001349, 0.001355, 0.001272, 0.001330, 0.001307, 0.001144, 0.001317, 0.001412, 0.000958, 0.001492, 0.001735, 0.001854, 0.001869, 0.001801, 0.001778, 0.001819, 0.002059, 0.001867, 0.002045, 0.001913, 0.001995, 0.001975, 0.001934, 0.001982, 0.001837, 0.002023, 0.001996, 0.001945, 0.001949, 0.001888, 0.002053, 0.001784, 0.001992, 0.001763, 0.002013, 0.000733, 0.001535, 0.001597, 0.001681, 0.001444, 0.001441, 0.001347, 0.001377, 0.001319, 0.001348, 0.001478, 0.001419, 0.001349, 0.001320, 0.001347, 0.001374, 0.001437, 0.001403, 0.001491, 0.001391
2 , 1, 1, 1, 1, 1, 1, 1
2 , 0.020172, 0.023049, 0.025959, 0.027317, 0.025491, 0.023607, 0.022516
3 , 0.001869, 0.001801, 0.001778, 0.001819, 0.002059, 0.001867, 0.002045, 0.001913, 0.001995, 0.001975, 0.001934, 0.001982, 0.001837, 0.002023, 0.001996, 0.001945, 0.001949, 0.001888, 0.002053, 0.001784, 0.001992, 0.001763, 0.002013, 0.000733, 0.001535, 0.001597, 0.001681, 0.001444, 0.001441, 0.001347, 0.001377, 0.001319, 0.001348, 0.001478, 0.001419, 0.001349, 0.001320, 0.001347, 0.001374, 0.001437, 0.001403, 0.001491, 0.001391, 0.001482, 0.001449, 0.001425, 0.001290, 0.001504, 0.001397, 0.000358, 0.001655, 0.001543, 0.001507, 0.001759, 0.001621, 0.001741, 0.001533, 0.001800, 0.001864, 0.001831, 0.001978, 0.001865, 0.002088, 0.001995, 0.002023, 0.001971, 0.001960, 0.002206, 0.002123, 0.002228, 0.002150, 0.002254, 0.002362, 0.001864, 0.000830, 0.001139, 0.001192, 0.001172, 0.001251, 0.001059, 0.001211, 0.000952, 0.001163, 0.001020, 0.001248, 0.001112, 0.001376, 0.001141, 0.001354, 0.001284, 0.001401, 0.001266
3 , 1, 1, 1, 1, 1, 1, 1
3 , 0.015107, 0.017247, 0.019703, 0.021831, 0.024074, 0.024334, 0.027222
4 , 0.001507, 0.001759, 0.001621, 0.001741, 0.001533, 0.001800, 0.001864, 0.001831, 0.001978, 0.001865, 0.002088, 0.001995, 0.002023, 0.001971, 0.001960, 0.002206, 0.002123, 0.002228, 0.002150, 0.002254, 0.002362, 0.001864, 0.000830, 0.001139, 0.001192, 0.001172, 0.001251, 0.001059, 0.001211, 0.000952, 0.001163, 0.001020, 0.001248, 0.001112, 0.001376, 0.001141, 0.001354, 0.001284, 0.001401, 0.001266, 0.001413, 0.001336, 0.001417, 0.001304, 0.001728, 0.000334, 0.001490, 0.001399, 0.001621, 0.001431, 0.001636, 0.001414, 0.001743, 0.001652, 0.001578, 0.001672, 0.001605, 0.001788, 0.001671, 0.001752, 0.001790, 0.001810, 0.001719, 0.001770, 0.001844, 0.001746, 0.001920, 0.002012, 0.001997, 0.002025, 0.000191, 0.001339, 0.001535, 0.001241, 0.001187, 0.001222, 0.001202, 0.001018, 0.001177, 0.001014, 0.001199, 0.000934, 0.001119, 0.001009, 0.001246, 0.001075, 0.001346, 0.001205, 0.001420, 0.001227, 0.001528, 0.001391
4 , 1, 1, 1, 1, 1, 1, 1
4 , 0.020102, 0.023564, 0.028487, 0.026683, 0.025095, 0.024070, 0.022728
5 , 0.001621, 0.001431, 0.001636, 0.001414, 0.001743, 0.001652, 0.001578, 0.001672, 0.001605, 0.001788, 0.001671, 0.001752, 0.001790, 0.001810, 0.001719, 0.001770, 0.001844, 0.001746, 0.001920, 0.002012, 0.001997, 0.002025, 0.000191, 0.001339, 0.001535, 0.001241, 0.001187, 0.001222, 0.001202, 0.001018, 0.001177, 0.001014, 0.001199, 0.000934, 0.001119, 0.001009, 0.001246, 0.001075, 0.001346, 0.001205, 0.001420, 0.001227, 0.001528, 0.001391, 0.001621, 0.001374, 0.001723, 0.001083, 0.000859, 0.001553, 0.001588, 0.001525, 0.001282, 0.001674, 0.001652, 0.001716, 0.001434, 0.001561, 0.001813, 0.001716, 0.001689, 0.001485, 0.001698, 0.001695, 0.001649, 0.001806, 0.001612, 0.001776, 0.001720, 0.001845, 0.001742, 0.001934, 0.000931, 0.001507, 0.001722, 0.001715, 0.001502, 0.001498, 0.001602, 0.001303, 0.001463, 0.001397, 0.001498, 0.001319, 0.001445, 0.001326, 0.001455, 0.001265, 0.001390, 0.001261, 0.001300, 0.001315
5 , 1, 1, 1, 1, 1, 1, 1
5 , 0.009529, 0.012156, 0.014304, 0.015678, 0.014784, 0.014825, 0.014771
6 , 0.001553, 0.001588, 0.001525, 0.001282, 0.001674, 0.001652, 0.001716, 0.001434, 0.001561, 0.001813, 0.001716, 0.001689, 0.001485, 0.001698, 0.001695, 0.001649, 0.001806, 0.001612, 0.001776, 0.001720, 0.001845, 0.001742, 0.001934, 0.000931, 0.001507, 0.001722, 0.001715, 0.001502, 0.001498, 0.001602, 0.001303, 0.001463, 0.001397, 0.001498, 0.001319, 0.001445, 0.001326, 0.001455, 0.001265, 0.001390, 0.001261, 0.001300, 0.001315, 0.001356, 0.001351, 0.001397, 0.001219, 0.000445, 0.001826, 0.001645, 0.001714, 0.001857, 0.001797, 0.001932, 0.001736, 0.001763, 0.002016, 0.001900, 0.001911, 0.001799, 0.001881, 0.002082, 0.001931, 0.001879, 0.001776, 0.001978, 0.001861, 0.001888, 0.001770, 0.001843, 0.001912, 0.001410, 0.001404, 0.001792, 0.001676, 0.001531, 0.001656, 0.001382, 0.001567, 0.001445, 0.001606, 0.001356, 0.001456, 0.001395, 0.001614, 0.001338, 0.001399, 0.001332, 0.001462, 0.001365, 0.001487, 0.001365
6 , 1, 1, 1, 1, 1, 1, 1
6 , 0.007014, 0.008206, 0.010218, 0.012864, 0.015774, 0.013992, 0.014203
7 , 0.001714, 0.001857, 0.001797, 0.001932, 0.001736, 0.001763, 0.002016, 0.001900, 0.001911, 0.001799, 0.001881, 0.002082, 0.001931, 0.001879, 0.001776, 0.001978, 0.001861, 0.001888, 0.001770, 0.001843, 0.001912, 0.001410, 0.001404, 0.001792, 0.001676, 0.001531, 0.001656, 0.001382, 0.001567, 0.001445, 0.001606, 0.001356, 0.001456, 0.001395, 0.001614, 0.001338, 0.001399, 0.001332, 0.001462, 0.001365, 0.001487, 0.001365, 0.001336, 0.001214, 0.001572, 0.001373, 0.001560, 0.000375, 0.001491, 0.001598, 0.001756, 0.001688, 0.001913, 0.001719, 0.001888, 0.001874, 0.002045, 0.002166, 0.001913, 0.002143, 0.002049, 0.002033, 0.002010, 0.002038, 0.002171, 0.002049, 0.001939, 0.001757, 0.001905, 0.002016, 0.001934, 0.001991, 0.000199, 0.001422, 0.001665, 0.001545, 0.001593, 0.001437, 0.001587, 0.001397, 0.001522, 0.001395, 0.001553, 0.001307, 0.001562, 0.001312, 0.001467, 0.001337, 0.001560, 0.001343, 0.001446, 0.001377
7 , 1, 1, 1, 1, 1, 1, 1
7 , 0.013456, 0.016020, 0.017858, 0.018404, 0.021108, 0.019027, 0.018641
8 , 0.001756, 0.001688, 0.001913, 0.001719, 0.001888, 0.001874, 0.002045, 0.002166, 0.001913, 0.002143, 0.002049, 0.002033, 0.002010, 0.002038, 0.002171, 0.002049, 0.001939, 0.001757, 0.001905, 0.002016, 0.001934, 0.001991, 0.000199, 0.001422, 0.001665, 0.001545, 0.001593, 0.001437, 0.001587, 0.001397, 0.001522, 0.001395, 0.001553, 0.001307, 0.001562, 0.001312, 0.001467, 0.001337, 0.001560, 0.001343, 0.001446, 0.001377, 0.001623, 0.001223, 0.001590, 0.000988, 0.000966, 0.001625, 0.001655, 0.001645, 0.001443, 0.001806, 0.001850, 0.001952, 0.001689, 0.001834, 0.002077, 0.001864, 0.001928, 0.001652, 0.001806, 0.001904, 0.001790, 0.001824, 0.001753, 0.002019, 0.001969, 0.001915, 0.001767, 0.002066, 0.001017, 0.001343, 0.001563, 0.001452, 0.001541, 0.001435, 0.001435, 0.001307, 0.001436, 0.001432, 0.001464, 0.001402, 0.001458, 0.001340, 0.001468, 0.001349, 0.001426, 0.001276, 0.001352, 0.001150, 0.001261, 0.001177
8 , 1, 1, 1, 1, 1, 1, 1
8 , 0.014923, 0.017783, 0.021056, 0.022364, 0.019273, 0.019221, 0.019149
9 , 0.001645, 0.001443, 0.001806, 0.001850, 0.001952, 0.001689, 0.001834, 0.002077, 0.001864, 0.001928, 0.001652, 0.001806, 0.001904, 0.001790, 0.001824, 0.001753, 0.002019, 0.001969, 0.001915, 0.001767, 0.002066, 0.001017, 0.001343, 0.001563, 0.001452, 0.001541, 0.001435, 0.001435, 0.001307, 0.001436, 0.001432, 0.001464, 0.001402, 0.001458, 0.001340, 0.001468, 0.001349, 0.001426, 0.001276, 0.001352, 0.001150, 0.001261, 0.001177, 0.001168, 0.001022, 0.001103, 0.001050, 0.000611, 0.002176, 0.002165, 0.002107, 0.002362, 0.002199, 0.002429, 0.002267, 0.002163, 0.002217, 0.002119, 0.002179, 0.001918, 0.002193, 0.002045, 0.002059, 0.002006, 0.001899, 0.002102, 0.002029, 0.002154, 0.001874, 0.001820, 0.001982, 0.001530, 0.001418, 0.001776, 0.001635, 0.001551, 0.001581, 0.001430, 0.001621, 0.001369, 0.001524, 0.001428, 0.001563, 0.001446, 0.001550, 0.001434, 0.001383, 0.001304, 0.001285, 0.001252, 0.001409, 0.001266
9 , 1, 1, 1, 1, 1, 1, 1
9 , 0.017949, 0.020969, 0.023503, 0.024480, 0.025939, 0.024912, 0.023792
10 , 0.002107, 0.002362, 0.002199, 0.002429, 0.002267, 0.002163, 0.002217, 0.002119, 0.002179, 0.001918, 0.002193, 0.002045, 0.002059, 0.002006, 0.001899, 0.002102, 0.002029, 0.002154, 0.001874, 0.001820, 0.001982, 0.001530, 0.001418, 0.001776, 0.001635, 0.001551, 0.001581, 0.001430, 0.001621, 0.001369, 0.001524, 0.001428, 0.001563, 0.001446, 0.001550, 0.001434, 0.001383, 0.001304, 0.001285, 0.001252, 0.001409, 0.001266, 0.001421, 0.001194, 0.001442, 0.000123, 0.001908, 0.001941, 0.002144, 0.001948, 0.002221, 0.001993, 0.002123, 0.002111, 0.002036, 0.002054, 0.001978, 0.002113, 0.002093, 0.002072, 0.001961, 0.001911, 0.002127, 0.001942, 0.001804, 0.001790, 0.001898, 0.001965, 0.001824, 0.001833, 0.001548, 0.002209, 0.000084, 0.001787, 0.001633, 0.001702, 0.001423, 0.001455, 0.001332, 0.001488, 0.001364, 0.001553, 0.001277, 0.001319, 0.001227, 0.001391, 0.001333, 0.001398, 0.001182, 0.001375, 0.001197, 0.001295
10 , 1, 1, 1, 1, 1, 1, 1
10 , 0.023436, 0.025854, 0.029867, 0.028747, 0.028779, 0.024544, 0.024180
11 , 0.002144, 0.001948, 0.002221, 0.001993, 0.002123, 0.002111, 0.002036, 0.002054, 0.001978, 0.002113, 0.002093, 0.002072, 0.001961, 0.001911, 0.002127, 0.001942, 0.001804, 0.001790, 0.001898, 0.001965, 0.001824, 0.001833, 0.001548, 0.002209, 0.000084, 0.001787, 0.001633, 0.001702, 0.001423, 0.001455, 0.001332, 0.001488, 0.001364, 0.001553, 0.001277, 0.001319, 0.001227, 0.001391, 0.001333, 0.001398, 0.001182, 0.001375, 0.001197, 0.001295, 0.001235, 0.001306, 0.001113, 0.001327, 0.001049, 0.001296, 0.001135, 0.001319, 0.001252, 0.001337, 0.001240, 0.001452, 0.001380, 0.001444, 0.001399, 0.001431, 0.001362, 0.001570, 0.001381, 0.001532, 0.001377, 0.001591, 0.001434, 0.001531, 0.001377, 0.001507, 0.001441, 0.001564, 0.001414, 0.001548, 0.001368, 0.001438, 0.001463, 0.001439, 0.001287, 0.001438, 0.001344, 0.001464, 0.001366, 0.001496, 0.001244, 0.001334, 0.001301, 0.001398, 0.001356, 0.001487, 0.001267, 0.001449
11 , 2, 2, 2, 2, 2, 2, 1
11 , 0.012317, 0.014857, 0.014850, 0.015143, 0.014379, 0.015534, 0.012180
12 , 0.001319, 0.001252, 0.001337, 0.001240, 0.001452, 0.001380, 0.001444, 0.001399, 0.001431, 0.001362, 0.001570, 0.001381, 0.001532, 0.001377, 0.001591, 0.001434, 0.001531, 0.001377, 0.001507, 0.001441, 0.001564, 0.001414, 0.001548, 0.001368, 0.001438, 0.001463, 0.001439, 0.001287, 0.001438, 0.001344, 0.001464, 0.001366, 0.001496, 0.001244, 0.001334, 0.001301, 0.001398, 0.001356, 0.001487, 0.001267, 0.001449, 0.001413, 0.001512, 0.001389, 0.001486, 0.001365, 0.001489, 0.001362, 0.001557, 0.001254, 0.001445, 0.001284, 0.001446, 0.001230, 0.001387, 0.001290, 0.001445, 0.001323, 0.001449, 0.001175, 0.001339, 0.001237, 0.001387, 0.001229, 0.001445, 0.001281, 0.001373, 0.001305, 0.001520, 0.001421, 0.001550, 0.001399, 0.001552, 0.001395, 0.001459, 0.001362, 0.001545, 0.001419, 0.001492, 0.001362, 0.001580, 0.001333, 0.001552, 0.001427, 0.001492, 0.001494, 0.001464, 0.001342, 0.001529, 0.001313, 0.001388, 0.001108
12 , 0, 0, 2, 2, 2, 2, 2
12 , 0.002929, 0.002341, 0.002147, 0.001848, 0.002153, 0.001824, 0.002047
13 , 0.001489, 0.001362, 0.001557, 0.001254, 0.001445, 0.001284, 0.001446, 0.001230, 0.001387, 0.001290, 0.001445, 0.001323, 0.001449, 0.001175, 0.001339, 0.001237, 0.001387, 0.001229, 0.001445, 0.001281, 0.001373, 0.001305, 0.001520, 0.001421, 0.001550, 0.001399, 0.001552, 0.001395, 0.001459, 0.001362, 0.001545, 0.001419, 0.001492, 0.001362, 0.001580, 0.001333, 0.001552, 0.001427, 0.001492, 0.001494, 0.001464, 0.001342, 0.001529, 0.001313, 0.001388, 0.001108, 0.001327, 0.001291, 0.001475, 0.001268, 0.001311, 0.001216, 0.001304, 0.001149, 0.001458, 0.001202, 0.001512, 0.001226, 0.001352, 0.001227, 0.001437, 0.001280, 0.001503, 0.001341, 0.001535, 0.001399, 0.001525, 0.001366, 0.001521, 0.001325, 0.001445, 0.001353, 0.001479, 0.001361, 0.001488, 0.001301, 0.001577, 0.001438, 0.001570, 0.001386, 0.001631, 0.001381, 0.001573, 0.001384, 0.001536, 0.001435, 0.001587, 0.001403, 0.001642, 0.001597, 0.001665, 0.001446
13 , 0, 0, 0, 0, 0, 0, 0
13 , 0.004569, 0.004725, 0.004696, 0.004661, 0.004590, 0.004638, 0.004513
14 , 0.001291, 0.001475, 0.001268, 0.001311, 0.001216, 0.001304, 0.001149, 0.001458, 0.001202, 0.001512, 0.001226, 0.001352, 0.001227, 0.001437, 0.001280, 0.001503, 0.001341, 0.001535, 0.001399, 0.001525, 0.001366, 0.001521, 0.001325, 0.001445, 0.001353, 0.001479, 0.001361, 0.001488, 0.001301, 0.001577, 0.001438, 0.001570, 0.001386, 0.001631, 0.001381, 0.001573, 0.001384, 0.001536, 0.001435, 0.001587, 0.001403, 0.001642, 0.001597, 0.001665, 0.001446, 0.001604, 0.001534, 0.001605, 0.001447, 0.001540, 0.001478, 0.001661, 0.001477, 0.001667, 0.001359, 0.001578, 0.001424, 0.001591, 0.001437, 0.001625, 0.001504, 0.001577, 0.001508, 0.001601, 0.001475, 0.001727, 0.001365, 0.001468, 0.001344, 0.001444, 0.001351, 0.001423, 0.001240, 0.001337, 0.001298, 0.001459, 0.001358, 0.001509, 0.001413, 0.001534, 0.001433, 0.001524, 0.001425, 0.001484, 0.001361, 0.001401, 0.001366, 0.001463, 0.001309, 0.001460, 0.001423, 0.001519
14 , 3, 3, 3, 3, 3, 3, 3
14 , 0.006242, 0.005807, 0.005646, 0.005114, 0.005177, 0.004722, 0.004564
15 , 0.001534, 0.001605, 0.001447, 0.001540, 0.001478, 0.001661, 0.001477, 0.001667, 0.001359, 0.001578, 0.001424, 0.001591, 0.001437, 0.001625, 0.001504, 0.001577, 0.001508, 0.001601, 0.001475, 0.001727, 0.001365, 0.001468, 0.001344, 0.001444, 0.001351, 0.001423, 0.001240, 0.001337, 0.001298, 0.001459, 0.001358, 0.001509, 0.001413, 0.001534, 0.001433, 0.001524, 0.001425, 0.001484, 0.001361, 0.001401, 0.001366, 0.001463, 0.001309, 0.001460, 0.001423, 0.001519, 0.001423, 0.001521, 0.001394, 0.001425, 0.001336, 0.001454, 0.001486, 0.001482, 0.001449, 0.001510, 0.001474, 0.001601, 0.001426, 0.001423, 0.001423, 0.001510, 0.001455, 0.001342, 0.001316, 0.001317, 0.001352, 0.001351, 0.001410, 0.001412, 0.001471, 0.001378, 0.001374, 0.001438, 0.001412, 0.001468, 0.001523, 0.001520, 0.001548, 0.001364, 0.001450, 0.001356, 0.001486, 0.001572, 0.001459, 0.001369, 0.001431, 0.001304, 0.001484, 0.001482, 0.001523, 0.001458
15 , 2, 2, 2, 2, 2, 2, 2
15 , 0.002871, 0.003321, 0.003304, 0.003153, 0.003066, 0.002995, 0.002889
16 , 0.001521, 0.001394, 0.001425, 0.001336, 0.001454, 0.001486, 0.001482, 0.001449, 0.001510, 0.001474, 0.001601, 0.001426, 0.001423, 0.001423, 0.001510, 0.001455, 0.001342, 0.001316, 0.001317, 0.001352, 0.001351, 0.001410, 0.001412, 0.001471, 0.001378, 0.001374, 0.001438, 0.001412, 0.001468, 0.001523, 0.001520, 0.001548, 0.001364, 0.001450, 0.001356, 0.001486, 0.001572, 0.001459, 0.001369, 0.001431, 0.001304, 0.001484, 0.001482, 0.001523, 0.001458, 0.001516, 0.001395, 0.001516, 0.001327, 0.001445, 0.001526, 0.001465, 0.001495, 0.001489, 0.001452, 0.001606, 0.001382, 0.001656, 0.001556, 0.001590, 0.001582, 0.001609, 0.001601, 0.001784, 0.001660, 0.001784, 0.001600, 0.001612, 0.001492, 0.001563, 0.001446, 0.001639, 0.001346, 0.001576, 0.001422, 0.001553, 0.001261, 0.001339, 0.001279, 0.001289, 0.001197, 0.001476, 0.001255, 0.001385, 0.001225, 0.001409, 0.001250, 0.001446, 0.001317, 0.001351, 0.001164, 0.001354
16 , 1, 3, 3, 3, 3, 3, 3
16 , 0.003716, 0.003844, 0.004624, 0.004764, 0.005451, 0.005213, 0.005722
