0 , 0.001363, 0.001611, 0.001415, 0.001513, 0.001479, 0.000149, 0.001515, 0.001631, 0.001590, 0.001550, 0.001854, 0.001786, 0.001884, 0.001645, 0.001894, 0.001840, 0.001786, 0.001759, 0.001682, 0.002056, 0.001766, 0.001901, 0.001817, 0.001827, 0.001887, 0.001635, 0.001864, 0.001644, 0.001816, 0.001694, 0.001019, 0.001967, 0.001695, 0.001734, 0.001758, 0.001633, 0.001661, 0.001633, 0.001471, 0.001627, 0.001588, 0.001683, 0.001587, 0.001709, 0.001673, 0.001857, 0.001523, 0.001742, 0.001559, 0.001696, 0.001571, 0.001501, 0.001634, 0.000985, 0.001400, 0.001586, 0.001634, 0.001766, 0.001661, 0.001764, 0.001692, 0.002051, 0.001999, 0.001980, 0.001889, 0.001967, 0.002023, 0.001827, 0.001982, 0.001782, 0.001956, 0.002081, 0.002052, 0.002056, 0.001898, 0.002120, 0.001992, 0.002210, 0.000209, 0.001332, 0.001552, 0.001459, 0.001467, 0.001450, 0.001599, 0.001462, 0.001572, 0.001493, 0.001737, 0.001693, 0.001654, 0.001559
0 , 3, 3, 3, 3, 3, 3, 1
0 , 0.003657, 0.003352, 0.003129, 0.003302, 0.003396, 0.003756, 0.004460
1 , 0.001634, 0.000985, 0.001400, 0.001586, 0.001634, 0.001766, 0.001661, 0.001764, 0.001692, 0.002051, 0.001999, 0.001980, 0.001889, 0.001967, 0.002023, 0.001827, 0.001982, 0.001782, 0.001956, 0.002081, 0.002052, 0.002056, 0.001898, 0.002120, 0.001992, 0.002210, 0.000209, 0.001332, 0.001552, 0.001459, 0.001467, 0.001450, 0.001599, 0.001462, 0.001572, 0.001493, 0.001737, 0.001693, 0.001654, 0.001559, 0.001798, 0.001701, 0.001761, 0.001633, 0.001782, 0.001659, 0.001782, 0.001690, 0.001719, 0.001657, 0.001751, 0.001658, 0.000502, 0.001305, 0.001403, 0.001436, 0.001549, 0.001506, 0.001694, 0.001656, 0.001680, 0.001640, 0.001738, 0.001839, 0.001715, 0.001729, 0.001716, 0.001978, 0.001836, 0.001883, 0.001913, 0.001852, 0.002124, 0.001918, 0.001966, 0.002049, 0.001268, 0.001112, 0.001685, 0.001539, 0.001557, 0.001392, 0.001485, 0.001327, 0.001513, 0.001321, 0.001481, 0.001292, 0.001507, 0.001282, 0.001493, 0.001336
1 , 2, 1, 1, 1, 1, 1, 1
1 , 0.001916, 0.002855, 0.004343, 0.005880, 0.006810, 0.009449, 0.011030
2 , 0.000502, 0.001305, 0.001403, 0.001436, 0.001549, 0.001506, 0.001694, 0.001656, 0.001680, 0.001640, 0.001738, 0.001839, 0.001715, 0.001729, 0.001716, 0.001978, 0.001836, 0.001883, 0.001913, 0.001852, 0.002124, 0.001918, 0.001966, 0.002049, 0.001268, 0.001112, 0.001685, 0.001539, 0.001557, 0.001392, 0.001485, 0.001327, 0.001513, 0.001321, 0.001481, 0.001292, 0.001507, 0.001282, 0.001493, 0.001336, 0.001555, 0.001427, 0.001523, 0.001358, 0.001548, 0.001416, 0.001521, 0.001516, 0.000031, 0.001637, 0.001640, 0.001368, 0.001541, 0.001608, 0.001648, 0.001633, 0.001606, 0.001865, 0.001570, 0.001686, 0.001704, 0.001728, 0.001849, 0.001712, 0.001811, 0.001668, 0.001833, 0.001978, 0.001958, 0.001989, 0.001912, 0.002083, 0.001916, 0.000721, 0.001683, 0.001409, 0.001393, 0.001327, 0.001297, 0.001260, 0.001286, 0.001281, 0.001401, 0.001327, 0.001371, 0.001450, 0.001537, 0.001430, 0.001636, 0.001532, 0.001498, 0.001498
2 , 1, 1, 1, 1, 1, 1, 1
2 , 0.003870, 0.005201, 0.007347, 0.008809, 0.011661, 0.016585, 0.014276
3 , 0.001368, 0.001541, 0.001608, 0.001648, 0.001633, 0.001606, 0.001865, 0.001570, 0.001686, 0.001704, 0.001728, 0.001849, 0.001712, 0.001811, 0.001668, 0.001833, 0.001978, 0.001958, 0.001989, 0.001912, 0.002083, 0.001916, 0.000721, 0.001683, 0.001409, 0.001393, 0.001327, 0.001297, 0.001260, 0.001286, 0.001281, 0.001401, 0.001327, 0.001371, 0.001450, 0.001537, 0.001430, 0.001636, 0.001532, 0.001498, 0.001498, 0.001712, 0.001641, 0.001610, 0.001663, 0.001670, 0.001740, 0.001143, 0.001175, 0.001278, 0.001534, 0.001449, 0.001564, 0.001531, 0.001464, 0.001816, 0.001645, 0.001872, 0.001627, 0.001803, 0.001951, 0.001749, 0.001864, 0.001655, 0.001914, 0.001941, 0.001847, 0.001945, 0.001742, 0.001962, 0.001753, 0.002044, 0.000160, 0.001436, 0.001664, 0.001571, 0.001548, 0.001333, 0.001525, 0.001366, 0.001539, 0.001352, 0.001475, 0.001249, 0.001465, 0.001277, 0.001494, 0.001306, 0.001467, 0.001248, 0.001489, 0.001359
3 , 1, 1, 1, 1, 1, 1, 1
3 , 0.007958, 0.010662, 0.012286, 0.013147, 0.013584, 0.011979, 0.011831
4 , 0.001534, 0.001449, 0.001564, 0.001531, 0.001464, 0.001816, 0.001645, 0.001872, 0.001627, 0.001803, 0.001951, 0.001749, 0.001864, 0.001655, 0.001914, 0.001941, 0.001847, 0.001945, 0.001742, 0.001962, 0.001753, 0.002044, 0.000160, 0.001436, 0.001664, 0.001571, 0.001548, 0.001333, 0.001525, 0.001366, 0.001539, 0.001352, 0.001475, 0.001249, 0.001465, 0.001277, 0.001494, 0.001306, 0.001467, 0.001248, 0.001489, 0.001359, 0.001440, 0.001401, 0.001673, 0.001327, 0.000671, 0.001527, 0.001511, 0.001632, 0.001460, 0.001663, 0.001857, 0.001639, 0.001750, 0.001643, 0.001865, 0.001734, 0.001876, 0.001748, 0.001735, 0.001913, 0.001765, 0.001806, 0.001789, 0.001837, 0.001853, 0.001881, 0.001857, 0.001887, 0.001389, 0.001185, 0.001612, 0.001620, 0.001600, 0.001378, 0.001472, 0.001338, 0.001580, 0.001477, 0.001729, 0.001354, 0.001571, 0.001321, 0.001539, 0.001317, 0.001502, 0.001412, 0.001547, 0.001450, 0.001644, 0.001338
4 , 1, 1, 1, 1, 1, 1, 1
4 , 0.009053, 0.010752, 0.012560, 0.015468, 0.012099, 0.012438, 0.012746
5 , 0.001632, 0.001460, 0.001663, 0.001857, 0.001639, 0.001750, 0.001643, 0.001865, 0.001734, 0.001876, 0.001748, 0.001735, 0.001913, 0.001765, 0.001806, 0.001789, 0.001837, 0.001853, 0.001881, 0.001857, 0.001887, 0.001389, 0.001185, 0.001612, 0.001620, 0.001600, 0.001378, 0.001472, 0.001338, 0.001580, 0.001477, 0.001729, 0.001354, 0.001571, 0.001321, 0.001539, 0.001317, 0.001502, 0.001412, 0.001547, 0.001450, 0.001644, 0.001338, 0.001472, 0.001287, 0.001432, 0.001388, 0.000192, 0.001864, 0.001744, 0.001634, 0.001758, 0.001805, 0.001856, 0.001820, 0.001729, 0.001837, 0.001702, 0.001864, 0.001763, 0.001840, 0.001844, 0.001780, 0.001739, 0.001584, 0.001951, 0.001812, 0.001747, 0.001715, 0.001754, 0.001894, 0.001646, 0.001103, 0.002000, 0.001612, 0.001798, 0.001759, 0.001669, 0.001792, 0.001633, 0.001608, 0.001673, 0.001614, 0.001649, 0.001563, 0.001600, 0.001580, 0.001556, 0.001592, 0.001511, 0.001494, 0.001439
5 , 1, 1, 1, 1, 1, 1, 1
5 , 0.004726, 0.007114, 0.008511, 0.009352, 0.011508, 0.010305, 0.010950
6 , 0.001634, 0.001758, 0.001805, 0.001856, 0.001820, 0.001729, 0.001837, 0.001702, 0.001864, 0.001763, 0.001840, 0.001844, 0.001780, 0.001739, 0.001584, 0.001951, 0.001812, 0.001747, 0.001715, 0.001754, 0.001894, 0.001646, 0.001103, 0.002000, 0.001612, 0.001798, 0.001759, 0.001669, 0.001792, 0.001633, 0.001608, 0.001673, 0.001614, 0.001649, 0.001563, 0.001600, 0.001580, 0.001556, 0.001592, 0.001511, 0.001494, 0.001439, 0.001490, 0.001445, 0.001445, 0.000773, 0.001506, 0.001571, 0.001766, 0.001579, 0.001548, 0.001379, 0.001601, 0.001637, 0.001448, 0.001496, 0.001289, 0.001533, 0.001409, 0.001445, 0.001508, 0.001419, 0.001588, 0.001549, 0.001598, 0.001481, 0.001478, 0.001630, 0.001561, 0.001649, 0.001436, 0.001834, 0.000261, 0.001820, 0.001893, 0.001893, 0.001614, 0.001740, 0.001619, 0.001711, 0.001673, 0.001680, 0.001650, 0.001746, 0.001595, 0.001660, 0.001452, 0.001518, 0.001611, 0.001552, 0.001463, 0.001478
6 , 2, 2, 2, 2, 2, 2, 2
6 , 0.004612, 0.006357, 0.006446, 0.006601, 0.004920, 0.008114, 0.007397
7 , 0.001379, 0.001601, 0.001637, 0.001448, 0.001496, 0.001289, 0.001533, 0.001409, 0.001445, 0.001508, 0.001419, 0.001588, 0.001549, 0.001598, 0.001481, 0.001478, 0.001630, 0.001561, 0.001649, 0.001436, 0.001834, 0.000261, 0.001820, 0.001893, 0.001893, 0.001614, 0.001740, 0.001619, 0.001711, 0.001673, 0.001680, 0.001650, 0.001746, 0.001595, 0.001660, 0.001452, 0.001518, 0.001611, 0.001552, 0.001463, 0.001478, 0.001416, 0.001474, 0.001505, 0.001623, 0.001646, 0.001583, 0.001767, 0.001642, 0.001583, 0.001606, 0.001578, 0.001580, 0.001612, 0.001607, 0.001451, 0.001512, 0.001481, 0.001422, 0.001573, 0.001538, 0.001542, 0.001625, 0.001565, 0.001626, 0.001532, 0.001656, 0.001628, 0.001537, 0.001598, 0.001628, 0.001627, 0.001532, 0.001591, 0.001505, 0.001593, 0.001620, 0.001562, 0.001532, 0.001476, 0.001506, 0.001564, 0.001566, 0.001658, 0.001598, 0.001510, 0.001605, 0.001420, 0.001496, 0.001441, 0.001476, 0.001507
7 , 3, 3, 3, 3, 3, 3, 3
7 , 0.001618, 0.002145, 0.001776, 0.004551, 0.003994, 0.003387, 0.002929
8 , 0.001583, 0.001606, 0.001578, 0.001580, 0.001612, 0.001607, 0.001451, 0.001512, 0.001481, 0.001422, 0.001573, 0.001538, 0.001542, 0.001625, 0.001565, 0.001626, 0.001532, 0.001656, 0.001628, 0.001537, 0.001598, 0.001628, 0.001627, 0.001532, 0.001591, 0.001505, 0.001593, 0.001620, 0.001562, 0.001532, 0.001476, 0.001506, 0.001564, 0.001566, 0.001658, 0.001598, 0.001510, 0.001605, 0.001420, 0.001496, 0.001441, 0.001476, 0.001507, 0.001550, 0.001486, 0.001492, 0.001499, 0.001523, 0.001530, 0.001406, 0.001375, 0.001496, 0.001496, 0.001379, 0.001408, 0.001528, 0.001468, 0.001562, 0.001436, 0.001464, 0.001482, 0.001514, 0.001424, 0.001477, 0.001412, 0.001539, 0.001502, 0.001567, 0.001474, 0.001478, 0.001476, 0.001601, 0.001476, 0.001540, 0.001498, 0.001614, 0.001487, 0.001513, 0.001544, 0.001575, 0.001475, 0.001711, 0.001563, 0.001689, 0.001625, 0.001684, 0.001597, 0.001635, 0.001544, 0.001745, 0.001537, 0.001605
8 , 2, 2, 2, 2, 2, 2, 2
8 , 0.002578, 0.002866, 0.002875, 0.003143, 0.003093, 0.003024, 0.002910
9 , 0.001406, 0.001375, 0.001496, 0.001496, 0.001379, 0.001408, 0.001528, 0.001468, 0.001562, 0.001436, 0.001464, 0.001482, 0.001514, 0.001424, 0.001477, 0.001412, 0.001539, 0.001502, 0.001567, 0.001474, 0.001478, 0.001476, 0.001601, 0.001476, 0.001540, 0.001498, 0.001614, 0.001487, 0.001513, 0.001544, 0.001575, 0.001475, 0.001711, 0.001563, 0.001689, 0.001625, 0.001684, 0.001597, 0.001635, 0.001544, 0.001745, 0.001537, 0.001605, 0.001481, 0.001424, 0.001363, 0.001526, 0.001489, 0.001462, 0.001401, 0.001554, 0.001494, 0.001559, 0.001408, 0.001481, 0.001356, 0.001600, 0.001529, 0.001604, 0.001500, 0.001501, 0.001408, 0.001625, 0.001411, 0.001565, 0.001435, 0.001467, 0.001281, 0.001411, 0.001375, 0.001590, 0.001488, 0.001676, 0.001550, 0.001467, 0.001429, 0.001547, 0.001476, 0.001692, 0.001477, 0.001747, 0.001529, 0.001592, 0.001403, 0.001592, 0.001495, 0.001653, 0.001500, 0.001539, 0.001380, 0.001627, 0.001375
9 , 0, 0, 0, 0, 0, 0, 0
9 , 0.003462, 0.003417, 0.003586, 0.003413, 0.003213, 0.002586, 0.002268
10 , 0.001462, 0.001401, 0.001554, 0.001494, 0.001559, 0.001408, 0.001481, 0.001356, 0.001600, 0.001529, 0.001604, 0.001500, 0.001501, 0.001408, 0.001625, 0.001411, 0.001565, 0.001435, 0.001467, 0.001281, 0.001411, 0.001375, 0.001590, 0.001488, 0.001676, 0.001550, 0.001467, 0.001429, 0.001547, 0.001476, 0.001692, 0.001477, 0.001747, 0.001529, 0.001592, 0.001403, 0.001592, 0.001495, 0.001653, 0.001500, 0.001539, 0.001380, 0.001627, 0.001375, 0.001595, 0.001375, 0.001564, 0.001440, 0.001662, 0.001450, 0.001612, 0.001427, 0.001561, 0.001349, 0.001545, 0.001359, 0.001513, 0.001326, 0.001632, 0.001317, 0.001526, 0.001309, 0.001501, 0.001462, 0.001655, 0.001436, 0.001603, 0.001440, 0.001647, 0.001515, 0.001607, 0.001559, 0.001680, 0.001465, 0.001713, 0.001486, 0.001795, 0.001605, 0.001667, 0.001529, 0.001773, 0.001525, 0.001773, 0.001702, 0.001764, 0.001634, 0.001704, 0.001615, 0.001772, 0.001566, 0.001659, 0.001478
10 , 0, 0, 0, 0, 0, 0, 0
10 , 0.004022, 0.004285, 0.004367, 0.004499, 0.004182, 0.004087, 0.003810
11 , 0.001450, 0.001612, 0.001427, 0.001561, 0.001349, 0.001545, 0.001359, 0.001513, 0.001326, 0.001632, 0.001317, 0.001526, 0.001309, 0.001501, 0.001462, 0.001655, 0.001436, 0.001603, 0.001440, 0.001647, 0.001515, 0.001607, 0.001559, 0.001680, 0.001465, 0.001713, 0.001486, 0.001795, 0.001605, 0.001667, 0.001529, 0.001773, 0.001525, 0.001773, 0.001702, 0.001764, 0.001634, 0.001704, 0.001615, 0.001772, 0.001566, 0.001659, 0.001478, 0.001639, 0.001514, 0.001551, 0.001514, 0.001670, 0.001517, 0.001586, 0.001406, 0.001564, 0.001402, 0.001764, 0.001550, 0.001642, 0.001551, 0.001713, 0.001441, 0.001596, 0.001623, 0.001571, 0.001542, 0.001612, 0.001580, 0.001589, 0.001528, 0.001519, 0.001493, 0.001401, 0.001399, 0.001519, 0.001294, 0.001507, 0.001538, 0.001571, 0.001572, 0.001513, 0.001439, 0.001502, 0.001505, 0.001501, 0.001589, 0.001501, 0.001564, 0.001592, 0.001589, 0.001498, 0.001440, 0.001445, 0.001562, 0.001501
11 , 3, 3, 3, 3, 3, 3, 3
11 , 0.004913, 0.004725, 0.004376, 0.004121, 0.004018, 0.003391, 0.003286
12 , 0.001514, 0.001670, 0.001517, 0.001586, 0.001406, 0.001564, 0.001402, 0.001764, 0.001550, 0.001642, 0.001551, 0.001713, 0.001441, 0.001596, 0.001623, 0.001571, 0.001542, 0.001612, 0.001580, 0.001589, 0.001528, 0.001519, 0.001493, 0.001401, 0.001399, 0.001519, 0.001294, 0.001507, 0.001538, 0.001571, 0.001572, 0.001513, 0.001439, 0.001502, 0.001505, 0.001501, 0.001589, 0.001501, 0.001564, 0.001592, 0.001589, 0.001498, 0.001440, 0.001445, 0.001562, 0.001501, 0.001473, 0.001467, 0.001615, 0.001530, 0.001585, 0.001666, 0.001781, 0.001715, 0.001721, 0.001653, 0.001655, 0.001565, 0.001513, 0.001462, 0.001504, 0.001456, 0.001652, 0.001443, 0.001522, 0.001403, 0.001595, 0.001353, 0.001423, 0.001476, 0.001534, 0.001403, 0.001526, 0.001350, 0.001673, 0.001561, 0.001674, 0.001540, 0.001836, 0.001551, 0.001664, 0.001655, 0.001957, 0.001858, 0.001919, 0.001853, 0.001917, 0.001730, 0.001916, 0.001698, 0.001855, 0.001731
12 , 2, 2, 2, 2, 2, 2, 2
12 , 0.004076, 0.004466, 0.004909, 0.005060, 0.005588, 0.005373, 0.005852
13 , 0.001781, 0.001715, 0.001721, 0.001653, 0.001655, 0.001565, 0.001513, 0.001462, 0.001504, 0.001456, 0.001652, 0.001443, 0.001522, 0.001403, 0.001595, 0.001353, 0.001423, 0.001476, 0.001534, 0.001403, 0.001526, 0.001350, 0.001673, 0.001561, 0.001674, 0.001540, 0.001836, 0.001551, 0.001664, 0.001655, 0.001957, 0.001858, 0.001919, 0.001853, 0.001917, 0.001730, 0.001916, 0.001698, 0.001855, 0.001731, 0.001862, 0.001705, 0.001899, 0.001752, 0.001792, 0.001694, 0.001757, 0.001546, 0.001732, 0.001544, 0.001822, 0.001574, 0.001831, 0.001559, 0.001717, 0.001509, 0.001645, 0.001464, 0.001679, 0.001462, 0.001692, 0.001515, 0.001582, 0.001371, 0.001472, 0.001382, 0.001485, 0.001278, 0.001507, 0.001234, 0.001417, 0.001287, 0.001386, 0.001223, 0.001407, 0.001215, 0.001452, 0.001458, 0.001486, 0.001413, 0.001619, 0.001519, 0.001701, 0.001563, 0.001687, 0.001612, 0.001766, 0.001519, 0.001762, 0.001667, 0.001761, 0.001730
13 , 3, 3, 3, 0, 0, 0, 0
13 , 0.006139, 0.006210, 0.005449, 0.005561, 0.006277, 0.007234, 0.007982
14 , 0.001831, 0.001559, 0.001717, 0.001509, 0.001645, 0.001464, 0.001679, 0.001462, 0.001692, 0.001515, 0.001582, 0.001371, 0.001472, 0.001382, 0.001485, 0.001278, 0.001507, 0.001234, 0.001417, 0.001287, 0.001386, 0.001223, 0.001407, 0.001215, 0.001452, 0.001458, 0.001486, 0.001413, 0.001619, 0.001519, 0.001701, 0.001563, 0.001687, 0.001612, 0.001766, 0.001519, 0.001762, 0.001667, 0.001761, 0.001730, 0.001764, 0.001672, 0.001734, 0.001674, 0.001616, 0.001553, 0.001685, 0.001627, 0.001606, 0.001517, 0.001648, 0.001529, 0.001566, 0.001446, 0.001488, 0.001311, 0.001382, 0.001388, 0.001359, 0.001394, 0.001315, 0.001325, 0.001330, 0.001276, 0.001337, 0.001338, 0.001345, 0.001401, 0.001335, 0.001362, 0.001423, 0.001394, 0.001332, 0.001420, 0.001385, 0.001377, 0.001333, 0.001324, 0.001443, 0.001389, 0.001356, 0.001471, 0.001436, 0.001493, 0.001431, 0.001428, 0.001446, 0.001632, 0.001469, 0.001563, 0.001465, 0.001651
14 , 3, 3, 0, 0, 0, 0, 0
14 , 0.001460, 0.001536, 0.002229, 0.003532, 0.004531, 0.005847, 0.006405
15 , 0.001566, 0.001446, 0.001488, 0.001311, 0.001382, 0.001388, 0.001359, 0.001394, 0.001315, 0.001325, 0.001330, 0.001276, 0.001337, 0.001338, 0.001345, 0.001401, 0.001335, 0.001362, 0.001423, 0.001394, 0.001332, 0.001420, 0.001385, 0.001377, 0.001333, 0.001324, 0.001443, 0.001389, 0.001356, 0.001471, 0.001436, 0.001493, 0.001431, 0.001428, 0.001446, 0.001632, 0.001469, 0.001563, 0.001465, 0.001651, 0.001518, 0.001640, 0.001551, 0.001609, 0.001480, 0.001701, 0.001579, 0.001700, 0.001514, 0.001708, 0.001376, 0.001594, 0.001467, 0.001570, 0.001387, 0.001458, 0.001332, 0.001587, 0.001406, 0.001506, 0.001320, 0.001456, 0.001273, 0.001465, 0.001215, 0.001286, 0.001228, 0.001478, 0.001225, 0.001324, 0.001246, 0.001522, 0.001263, 0.001452, 0.001417, 0.001545, 0.001379, 0.001559, 0.001336, 0.001618, 0.001393, 0.001612, 0.001311, 0.001475, 0.001327, 0.001427, 0.001278, 0.001443, 0.001315, 0.001414, 0.001176, 0.001361
15 , 3, 3, 3, 3, 3, 0, 0
15 , 0.002810, 0.002573, 0.003029, 0.002850, 0.003459, 0.003342, 0.003881
16 , 0.001467, 0.001570, 0.001387, 0.001458, 0.001332, 0.001587, 0.001406, 0.001506, 0.001320, 0.001456, 0.001273, 0.001465, 0.001215, 0.001286, 0.001228, 0.001478, 0.001225, 0.001324, 0.001246, 0.001522, 0.001263, 0.001452, 0.001417, 0.001545, 0.001379, 0.001559, 0.001336, 0.001618, 0.001393, 0.001612, 0.001311, 0.001475, 0.001327, 0.001427, 0.001278, 0.001443, 0.001315, 0.001414, 0.001176, 0.001361, 0.001231, 0.001357, 0.001205, 0.001357, 0.001258, 0.001330, 0.001290, 0.001423, 0.001298, 0.001404, 0.001213, 0.001492, 0.001274, 0.001394, 0.001261, 0.001417, 0.001348, 0.001552, 0.001362, 0.001426, 0.001270, 0.001482, 0.001446, 0.001500, 0.001374, 0.001500, 0.001346, 0.001558, 0.001403, 0.001519, 0.001482, 0.001507, 0.001408, 0.001563, 0.001561, 0.001571, 0.001439, 0.001535, 0.001452, 0.001574, 0.001567, 0.001505, 0.001445, 0.001504, 0.001613, 0.001523, 0.001524, 0.001647, 0.001551, 0.001522, 0.001550, 0.001605
16 , 2, 2, 2, 2, 2, 2, 2
16 , 0.003386, 0.003437, 0.003098, 0.003048, 0.002974, 0.003189, 0.003061
