0 , 0.001506, 0.001747, 0.001716, 0.001905, 0.001750, 0.001927, 0.001920, 0.001877, 0.001749, 0.001776, 0.001972, 0.001692, 0.001905, 0.001857, 0.001760, 0.001878, 0.001780, 0.001924, 0.001769, 0.001908, 0.001831, 0.001725, 0.001760, 0.000274, 0.001497, 0.001711, 0.001500, 0.001622, 0.001527, 0.001617, 0.001525, 0.001561, 0.001344, 0.001527, 0.001335, 0.001585, 0.001387, 0.001600, 0.001475, 0.001573, 0.001359, 0.001549, 0.001307, 0.001610, 0.001373, 0.001571, 0.001112, 0.000851, 0.001511, 0.001595, 0.001477, 0.001426, 0.001674, 0.001583, 0.001662, 0.001401, 0.001664, 0.001822, 0.001667, 0.001695, 0.001527, 0.001891, 0.001790, 0.001806, 0.001682, 0.001672, 0.001891, 0.001726, 0.001937, 0.001638, 0.001973, 0.000814, 0.001773, 0.001739, 0.001788, 0.001610, 0.001666, 0.001665, 0.001635, 0.001576, 0.001572, 0.001636, 0.001611, 0.001733, 0.001602, 0.001664, 0.001546, 0.001580, 0.001514, 0.001632, 0.001446, 0.001664
0 , 2, 2, 1, 1, 1, 1, 1
0 , 0.006148, 0.006046, 0.007717, 0.009671, 0.009950, 0.007672, 0.007754
1 , 0.001477, 0.001426, 0.001674, 0.001583, 0.001662, 0.001401, 0.001664, 0.001822, 0.001667, 0.001695, 0.001527, 0.001891, 0.001790, 0.001806, 0.001682, 0.001672, 0.001891, 0.001726, 0.001937, 0.001638, 0.001973, 0.000814, 0.001773, 0.001739, 0.001788, 0.001610, 0.001666, 0.001665, 0.001635, 0.001576, 0.001572, 0.001636, 0.001611, 0.001733, 0.001602, 0.001664, 0.001546, 0.001580, 0.001514, 0.001632, 0.001446, 0.001664, 0.001660, 0.001603, 0.001483, 0.001620, 0.001605, 0.000037, 0.001531, 0.001395, 0.001491, 0.001719, 0.001595, 0.001636, 0.001585, 0.001878, 0.001730, 0.001781, 0.001700, 0.001545, 0.001820, 0.001696, 0.001827, 0.001702, 0.001705, 0.001789, 0.001685, 0.001728, 0.001591, 0.001768, 0.001841, 0.001451, 0.001447, 0.001922, 0.001908, 0.001707, 0.001695, 0.001505, 0.001722, 0.001561, 0.001628, 0.001626, 0.001683, 0.001492, 0.001680, 0.001523, 0.001829, 0.001610, 0.001645, 0.001586, 0.001771, 0.001591
1 , 2, 2, 2, 2, 1, 1, 1
1 , 0.001905, 0.002734, 0.003404, 0.001345, 0.003138, 0.003652, 0.004900
2 , 0.001595, 0.001636, 0.001585, 0.001878, 0.001730, 0.001781, 0.001700, 0.001545, 0.001820, 0.001696, 0.001827, 0.001702, 0.001705, 0.001789, 0.001685, 0.001728, 0.001591, 0.001768, 0.001841, 0.001451, 0.001447, 0.001922, 0.001908, 0.001707, 0.001695, 0.001505, 0.001722, 0.001561, 0.001628, 0.001626, 0.001683, 0.001492, 0.001680, 0.001523, 0.001829, 0.001610, 0.001645, 0.001586, 0.001771, 0.001591, 0.001746, 0.001368, 0.001708, 0.000530, 0.001466, 0.001632, 0.001780, 0.001619, 0.001811, 0.001733, 0.001922, 0.001791, 0.001828, 0.001848, 0.001743, 0.001973, 0.001743, 0.001808, 0.001754, 0.001885, 0.001922, 0.001841, 0.002000, 0.001774, 0.001902, 0.001845, 0.001824, 0.001814, 0.001607, 0.001967, 0.000147, 0.001859, 0.001829, 0.001740, 0.001488, 0.001704, 0.001451, 0.001584, 0.001427, 0.001623, 0.001430, 0.001708, 0.001402, 0.001618, 0.001487, 0.001590, 0.001456, 0.001603, 0.001532, 0.001683, 0.001647, 0.001681
2 , 1, 1, 1, 1, 1, 1, 1
2 , 0.008277, 0.008382, 0.008808, 0.005984, 0.007105, 0.007094, 0.007164
3 , 0.001811, 0.001733, 0.001922, 0.001791, 0.001828, 0.001848, 0.001743, 0.001973, 0.001743, 0.001808, 0.001754, 0.001885, 0.001922, 0.001841, 0.002000, 0.001774, 0.001902, 0.001845, 0.001824, 0.001814, 0.001607, 0.001967, 0.000147, 0.001859, 0.001829, 0.001740, 0.001488, 0.001704, 0.001451, 0.001584, 0.001427, 0.001623, 0.001430, 0.001708, 0.001402, 0.001618, 0.001487, 0.001590, 0.001456, 0.001603, 0.001532, 0.001683, 0.001647, 0.001681, 0.001579, 0.001826, 0.001748, 0.001464, 0.000704, 0.001441, 0.001213, 0.001621, 0.001451, 0.001460, 0.001505, 0.001480, 0.001672, 0.001667, 0.001830, 0.001669, 0.001919, 0.001939, 0.001804, 0.001942, 0.001702, 0.002083, 0.001982, 0.001931, 0.001736, 0.001736, 0.001945, 0.001942, 0.000758, 0.001521, 0.001461, 0.001662, 0.001480, 0.001539, 0.001501, 0.001617, 0.001576, 0.001576, 0.001505, 0.001714, 0.001489, 0.001672, 0.001541, 0.001722, 0.001625, 0.001804, 0.001641, 0.001760
3 , 1, 1, 1, 1, 1, 1, 1
3 , 0.007211, 0.007715, 0.007328, 0.008278, 0.006114, 0.006386, 0.006762
4 , 0.001441, 0.001213, 0.001621, 0.001451, 0.001460, 0.001505, 0.001480, 0.001672, 0.001667, 0.001830, 0.001669, 0.001919, 0.001939, 0.001804, 0.001942, 0.001702, 0.002083, 0.001982, 0.001931, 0.001736, 0.001736, 0.001945, 0.001942, 0.000758, 0.001521, 0.001461, 0.001662, 0.001480, 0.001539, 0.001501, 0.001617, 0.001576, 0.001576, 0.001505, 0.001714, 0.001489, 0.001672, 0.001541, 0.001722, 0.001625, 0.001804, 0.001641, 0.001760, 0.001603, 0.001821, 0.001522, 0.001914, 0.000220, 0.001288, 0.001480, 0.001578, 0.001627, 0.001514, 0.001578, 0.001742, 0.001564, 0.001696, 0.001554, 0.001882, 0.001757, 0.001777, 0.001767, 0.001800, 0.002013, 0.001854, 0.001922, 0.001689, 0.001831, 0.001976, 0.001683, 0.001910, 0.001545, 0.000746, 0.001818, 0.001647, 0.001602, 0.001435, 0.001496, 0.001439, 0.001472, 0.001431, 0.001430, 0.001584, 0.001462, 0.001488, 0.001606, 0.001572, 0.001539, 0.001450, 0.001622, 0.001529, 0.001647
4 , 1, 1, 1, 1, 1, 1, 1
4 , 0.003158, 0.003568, 0.004367, 0.005900, 0.009383, 0.006934, 0.007310
5 , 0.001578, 0.001627, 0.001514, 0.001578, 0.001742, 0.001564, 0.001696, 0.001554, 0.001882, 0.001757, 0.001777, 0.001767, 0.001800, 0.002013, 0.001854, 0.001922, 0.001689, 0.001831, 0.001976, 0.001683, 0.001910, 0.001545, 0.000746, 0.001818, 0.001647, 0.001602, 0.001435, 0.001496, 0.001439, 0.001472, 0.001431, 0.001430, 0.001584, 0.001462, 0.001488, 0.001606, 0.001572, 0.001539, 0.001450, 0.001622, 0.001529, 0.001647, 0.001611, 0.001667, 0.001722, 0.001552, 0.001741, 0.000550, 0.001318, 0.001600, 0.001622, 0.001521, 0.001773, 0.001780, 0.001847, 0.001622, 0.001622, 0.001922, 0.001690, 0.001936, 0.001737, 0.001784, 0.002023, 0.001855, 0.001875, 0.001736, 0.002026, 0.001966, 0.001851, 0.001774, 0.001573, 0.002052, 0.000001, 0.001843, 0.001602, 0.001648, 0.001424, 0.001463, 0.001270, 0.001485, 0.001292, 0.001472, 0.001430, 0.001593, 0.001375, 0.001589, 0.001486, 0.001547, 0.001387, 0.001420, 0.001479, 0.001539
5 , 1, 1, 1, 1, 1, 1, 1
5 , 0.007339, 0.009322, 0.010819, 0.010553, 0.012006, 0.009759, 0.010474
6 , 0.001622, 0.001521, 0.001773, 0.001780, 0.001847, 0.001622, 0.001622, 0.001922, 0.001690, 0.001936, 0.001737, 0.001784, 0.002023, 0.001855, 0.001875, 0.001736, 0.002026, 0.001966, 0.001851, 0.001774, 0.001573, 0.002052, 0.000001, 0.001843, 0.001602, 0.001648, 0.001424, 0.001463, 0.001270, 0.001485, 0.001292, 0.001472, 0.001430, 0.001593, 0.001375, 0.001589, 0.001486, 0.001547, 0.001387, 0.001420, 0.001479, 0.001539, 0.001468, 0.001622, 0.001552, 0.001515, 0.000828, 0.001683, 0.001480, 0.001830, 0.001614, 0.001722, 0.001718, 0.001658, 0.001862, 0.001671, 0.001768, 0.001549, 0.001881, 0.001687, 0.001723, 0.001865, 0.001634, 0.001856, 0.001749, 0.001843, 0.001718, 0.001731, 0.001750, 0.001872, 0.000742, 0.001724, 0.001748, 0.001770, 0.001650, 0.001531, 0.001444, 0.001563, 0.001527, 0.001597, 0.001476, 0.001599, 0.001468, 0.001598, 0.001350, 0.001540, 0.001537, 0.001722, 0.001476, 0.001505, 0.001407, 0.001626
6 , 1, 1, 1, 1, 1, 1, 1
6 , 0.008275, 0.010164, 0.011299, 0.012007, 0.009036, 0.010095, 0.010090
7 , 0.001830, 0.001614, 0.001722, 0.001718, 0.001658, 0.001862, 0.001671, 0.001768, 0.001549, 0.001881, 0.001687, 0.001723, 0.001865, 0.001634, 0.001856, 0.001749, 0.001843, 0.001718, 0.001731, 0.001750, 0.001872, 0.000742, 0.001724, 0.001748, 0.001770, 0.001650, 0.001531, 0.001444, 0.001563, 0.001527, 0.001597, 0.001476, 0.001599, 0.001468, 0.001598, 0.001350, 0.001540, 0.001537, 0.001722, 0.001476, 0.001505, 0.001407, 0.001626, 0.001435, 0.001643, 0.001316, 0.001730, 0.000343, 0.001481, 0.001666, 0.001466, 0.001544, 0.001447, 0.001563, 0.001773, 0.001709, 0.001733, 0.001439, 0.001739, 0.001667, 0.001639, 0.001624, 0.001666, 0.001635, 0.001562, 0.001695, 0.001562, 0.001695, 0.001696, 0.001604, 0.001639, 0.001318, 0.000818, 0.001968, 0.001802, 0.001814, 0.001634, 0.001614, 0.001430, 0.001622, 0.001563, 0.001604, 0.001421, 0.001543, 0.001483, 0.001482, 0.001451, 0.001598, 0.001505, 0.001592, 0.001469, 0.001499
7 , 2, 1, 1, 1, 1, 1, 1
7 , 0.003172, 0.004330, 0.005498, 0.003823, 0.005869, 0.004987, 0.005663
8 , 0.001466, 0.001544, 0.001447, 0.001563, 0.001773, 0.001709, 0.001733, 0.001439, 0.001739, 0.001667, 0.001639, 0.001624, 0.001666, 0.001635, 0.001562, 0.001695, 0.001562, 0.001695, 0.001696, 0.001604, 0.001639, 0.001318, 0.000818, 0.001968, 0.001802, 0.001814, 0.001634, 0.001614, 0.001430, 0.001622, 0.001563, 0.001604, 0.001421, 0.001543, 0.001483, 0.001482, 0.001451, 0.001598, 0.001505, 0.001592, 0.001469, 0.001499, 0.001521, 0.001438, 0.001747, 0.000598, 0.001204, 0.001480, 0.001540, 0.001425, 0.001693, 0.001637, 0.001718, 0.001702, 0.001618, 0.001938, 0.001898, 0.001905, 0.001599, 0.001888, 0.001845, 0.001750, 0.001915, 0.001781, 0.001973, 0.001824, 0.001882, 0.001750, 0.001777, 0.002075, 0.000136, 0.001817, 0.001633, 0.001692, 0.001622, 0.001679, 0.001610, 0.001675, 0.001483, 0.001820, 0.001541, 0.001700, 0.001448, 0.001547, 0.001479, 0.001722, 0.001511, 0.001672, 0.001575, 0.001702, 0.001477, 0.001696
8 , 1, 1, 1, 1, 1, 1, 1
8 , 0.003008, 0.004229, 0.007504, 0.004643, 0.003916, 0.004797, 0.005950
9 , 0.001540, 0.001425, 0.001693, 0.001637, 0.001718, 0.001702, 0.001618, 0.001938, 0.001898, 0.001905, 0.001599, 0.001888, 0.001845, 0.001750, 0.001915, 0.001781, 0.001973, 0.001824, 0.001882, 0.001750, 0.001777, 0.002075, 0.000136, 0.001817, 0.001633, 0.001692, 0.001622, 0.001679, 0.001610, 0.001675, 0.001483, 0.001820, 0.001541, 0.001700, 0.001448, 0.001547, 0.001479, 0.001722, 0.001511, 0.001672, 0.001575, 0.001702, 0.001477, 0.001696, 0.001571, 0.001699, 0.001537, 0.001599, 0.000659, 0.001418, 0.001402, 0.001602, 0.001504, 0.001768, 0.001594, 0.001819, 0.001779, 0.001746, 0.001742, 0.001746, 0.001935, 0.001750, 0.001919, 0.001797, 0.001901, 0.002188, 0.001969, 0.001962, 0.001827, 0.002073, 0.001992, 0.002211, 0.000971, 0.001290, 0.001516, 0.001629, 0.001489, 0.001511, 0.001560, 0.001495, 0.001431, 0.001459, 0.001425, 0.001548, 0.001571, 0.001600, 0.001498, 0.001558, 0.001526, 0.001586, 0.001611, 0.001612
9 , 1, 1, 1, 1, 1, 1, 1
9 , 0.004398, 0.006225, 0.007711, 0.009679, 0.008146, 0.009311, 0.009258
10 , 0.001418, 0.001402, 0.001602, 0.001504, 0.001768, 0.001594, 0.001819, 0.001779, 0.001746, 0.001742, 0.001746, 0.001935, 0.001750, 0.001919, 0.001797, 0.001901, 0.002188, 0.001969, 0.001962, 0.001827, 0.002073, 0.001992, 0.002211, 0.000971, 0.001290, 0.001516, 0.001629, 0.001489, 0.001511, 0.001560, 0.001495, 0.001431, 0.001459, 0.001425, 0.001548, 0.001571, 0.001600, 0.001498, 0.001558, 0.001526, 0.001586, 0.001611, 0.001612, 0.001491, 0.001669, 0.001371, 0.001685, 0.000026, 0.001423, 0.001478, 0.001426, 0.001578, 0.001433, 0.001666, 0.001445, 0.001605, 0.001521, 0.001496, 0.001815, 0.001509, 0.001642, 0.001606, 0.001703, 0.001603, 0.001591, 0.001685, 0.001596, 0.001852, 0.001894, 0.001806, 0.001613, 0.001688, 0.001959, 0.001654, 0.001056, 0.002050, 0.001814, 0.001613, 0.001640, 0.001546, 0.001724, 0.001537, 0.001661, 0.001566, 0.001622, 0.001622, 0.001745, 0.001680, 0.001676, 0.001646, 0.001679, 0.001646
10 , 2, 2, 2, 2, 2, 2, 2
10 , 0.006308, 0.006283, 0.006896, 0.008641, 0.009974, 0.008295, 0.007758
11 , 0.001426, 0.001578, 0.001433, 0.001666, 0.001445, 0.001605, 0.001521, 0.001496, 0.001815, 0.001509, 0.001642, 0.001606, 0.001703, 0.001603, 0.001591, 0.001685, 0.001596, 0.001852, 0.001894, 0.001806, 0.001613, 0.001688, 0.001959, 0.001654, 0.001056, 0.002050, 0.001814, 0.001613, 0.001640, 0.001546, 0.001724, 0.001537, 0.001661, 0.001566, 0.001622, 0.001622, 0.001745, 0.001680, 0.001676, 0.001646, 0.001679, 0.001646, 0.001703, 0.001698, 0.001791, 0.001699, 0.001639, 0.001609, 0.001615, 0.001586, 0.001682, 0.001621, 0.001627, 0.001599, 0.001565, 0.001660, 0.001682, 0.001583, 0.001671, 0.001633, 0.001751, 0.001662, 0.001661, 0.001781, 0.001692, 0.001636, 0.001763, 0.001647, 0.001621, 0.001600, 0.001675, 0.001590, 0.001544, 0.001520, 0.001501, 0.001360, 0.001312, 0.001357, 0.001275, 0.001165, 0.001268, 0.001128, 0.001224, 0.001238, 0.001202, 0.001226, 0.001283, 0.001211, 0.001300, 0.001262, 0.001350, 0.001287
11 , 3, 3, 3, 3, 3, 3, 3
11 , 0.010031, 0.008426, 0.008473, 0.008640, 0.008072, 0.008102, 0.009053
12 , 0.001639, 0.001609, 0.001615, 0.001586, 0.001682, 0.001621, 0.001627, 0.001599, 0.001565, 0.001660, 0.001682, 0.001583, 0.001671, 0.001633, 0.001751, 0.001662, 0.001661, 0.001781, 0.001692, 0.001636, 0.001763, 0.001647, 0.001621, 0.001600, 0.001675, 0.001590, 0.001544, 0.001520, 0.001501, 0.001360, 0.001312, 0.001357, 0.001275, 0.001165, 0.001268, 0.001128, 0.001224, 0.001238, 0.001202, 0.001226, 0.001283, 0.001211, 0.001300, 0.001262, 0.001350, 0.001287, 0.001255, 0.001329, 0.001409, 0.001313, 0.001365, 0.001448, 0.001499, 0.001337, 0.001491, 0.001482, 0.001545, 0.001508, 0.001594, 0.001554, 0.001737, 0.001579, 0.001634, 0.001719, 0.001745, 0.001585, 0.001763, 0.001695, 0.001780, 0.001746, 0.001894, 0.001736, 0.001855, 0.001850, 0.001971, 0.001879, 0.001942, 0.001883, 0.001947, 0.001859, 0.001865, 0.001693, 0.001820, 0.001702, 0.001836, 0.001712, 0.001721, 0.001611, 0.001686, 0.001445, 0.001463, 0.001297
12 , 2, 2, 2, 2, 2, 2, 2
12 , 0.012802, 0.012262, 0.011967, 0.011073, 0.010693, 0.009851, 0.009453
13 , 0.001255, 0.001329, 0.001409, 0.001313, 0.001365, 0.001448, 0.001499, 0.001337, 0.001491, 0.001482, 0.001545, 0.001508, 0.001594, 0.001554, 0.001737, 0.001579, 0.001634, 0.001719, 0.001745, 0.001585, 0.001763, 0.001695, 0.001780, 0.001746, 0.001894, 0.001736, 0.001855, 0.001850, 0.001971, 0.001879, 0.001942, 0.001883, 0.001947, 0.001859, 0.001865, 0.001693, 0.001820, 0.001702, 0.001836, 0.001712, 0.001721, 0.001611, 0.001686, 0.001445, 0.001463, 0.001297, 0.001487, 0.001277, 0.001566, 0.001392, 0.001499, 0.001313, 0.001377, 0.001244, 0.001401, 0.001281, 0.001376, 0.001215, 0.001307, 0.001354, 0.001442, 0.001294, 0.001444, 0.001341, 0.001373, 0.001297, 0.001389, 0.001344, 0.001500, 0.001427, 0.001545, 0.001294, 0.001626, 0.001471, 0.001598, 0.001553, 0.001648, 0.001461, 0.001615, 0.001490, 0.001702, 0.001603, 0.001726, 0.001533, 0.001841, 0.001619, 0.001713, 0.001557, 0.001746, 0.001593, 0.001867, 0.001688
13 , 0, 0, 0, 0, 0, 0, 0
13 , 0.012530, 0.012140, 0.011571, 0.011040, 0.010427, 0.009802, 0.009114
14 , 0.001487, 0.001277, 0.001566, 0.001392, 0.001499, 0.001313, 0.001377, 0.001244, 0.001401, 0.001281, 0.001376, 0.001215, 0.001307, 0.001354, 0.001442, 0.001294, 0.001444, 0.001341, 0.001373, 0.001297, 0.001389, 0.001344, 0.001500, 0.001427, 0.001545, 0.001294, 0.001626, 0.001471, 0.001598, 0.001553, 0.001648, 0.001461, 0.001615, 0.001490, 0.001702, 0.001603, 0.001726, 0.001533, 0.001841, 0.001619, 0.001713, 0.001557, 0.001746, 0.001593, 0.001867, 0.001688, 0.001726, 0.001657, 0.001848, 0.001606, 0.001700, 0.001669, 0.001702, 0.001577, 0.001699, 0.001577, 0.001715, 0.001404, 0.001624, 0.001438, 0.001686, 0.001593, 0.001720, 0.001442, 0.001719, 0.001560, 0.001599, 0.001476, 0.001664, 0.001445, 0.001601, 0.001447, 0.001695, 0.001416, 0.001517, 0.001356, 0.001573, 0.001453, 0.001585, 0.001371, 0.001474, 0.001350, 0.001453, 0.001363, 0.001399, 0.001407, 0.001354, 0.001256, 0.001448, 0.001328, 0.001640, 0.001368
14 , 3, 3, 3, 3, 3, 3, 3
14 , 0.008342, 0.009192, 0.009127, 0.009573, 0.009643, 0.010176, 0.009956
15 , 0.001669, 0.001702, 0.001577, 0.001699, 0.001577, 0.001715, 0.001404, 0.001624, 0.001438, 0.001686, 0.001593, 0.001720, 0.001442, 0.001719, 0.001560, 0.001599, 0.001476, 0.001664, 0.001445, 0.001601, 0.001447, 0.001695, 0.001416, 0.001517, 0.001356, 0.001573, 0.001453, 0.001585, 0.001371, 0.001474, 0.001350, 0.001453, 0.001363, 0.001399, 0.001407, 0.001354, 0.001256, 0.001448, 0.001328, 0.001640, 0.001368, 0.001310, 0.001281, 0.001526, 0.001334, 0.001376, 0.001273, 0.001419, 0.001380, 0.001439, 0.001457, 0.001515, 0.001329, 0.001448, 0.001504, 0.001601, 0.001411, 0.001497, 0.001554, 0.001467, 0.001561, 0.001587, 0.001491, 0.001551, 0.001458, 0.001548, 0.001572, 0.001606, 0.001572, 0.001542, 0.001631, 0.001619, 0.001585, 0.001590, 0.001622, 0.001682, 0.001709, 0.001705, 0.001558, 0.001622, 0.001654, 0.001622, 0.001658, 0.001537, 0.001656, 0.001599, 0.001626, 0.001565, 0.001648, 0.001583, 0.001587, 0.001491
15 , 2, 2, 2, 2, 2, 2, 2
15 , 0.007316, 0.007109, 0.006899, 0.006819, 0.006394, 0.006140, 0.005714
16 , 0.001273, 0.001419, 0.001380, 0.001439, 0.001457, 0.001515, 0.001329, 0.001448, 0.001504, 0.001601, 0.001411, 0.001497, 0.001554, 0.001467, 0.001561, 0.001587, 0.001491, 0.001551, 0.001458, 0.001548, 0.001572, 0.001606, 0.001572, 0.001542, 0.001631, 0.001619, 0.001585, 0.001590, 0.001622, 0.001682, 0.001709, 0.001705, 0.001558, 0.001622, 0.001654, 0.001622, 0.001658, 0.001537, 0.001656, 0.001599, 0.001626, 0.001565, 0.001648, 0.001583, 0.001587, 0.001491, 0.001648, 0.001584, 0.001618, 0.001491, 0.001554, 0.001550, 0.001588, 0.001525, 0.001619, 0.001462, 0.001524, 0.001500, 0.001577, 0.001429, 0.001524, 0.001375, 0.001511, 0.001327, 0.001547, 0.001389, 0.001486, 0.001363, 0.001458, 0.001365, 0.001558, 0.001368, 0.001614, 0.001399, 0.001604, 0.001444, 0.001597, 0.001463, 0.001490, 0.001481, 0.001727, 0.001473, 0.001719, 0.001583, 0.001732, 0.001723, 0.001869, 0.001592, 0.001839, 0.001715, 0.001783, 0.001656
16 , 0, 0, 0, 0, 0, 0, 0
16 , 0.004961, 0.005364, 0.005588, 0.005586, 0.006015, 0.006014, 0.006195
