0 , 0.001578, 0.001479, 0.001709, 0.001676, 0.001645, 0.001773, 0.001736, 0.001797, 0.001733, 0.001868, 0.001615, 0.001763, 0.001810, 0.001827, 0.001837, 0.001746, 0.001884, 0.001854, 0.001861, 0.001772, 0.001817, 0.001958, 0.001912, 0.000679, 0.001839, 0.001601, 0.001519, 0.001672, 0.001572, 0.001564, 0.001521, 0.001556, 0.001587, 0.001495, 0.001500, 0.001565, 0.001564, 0.001495, 0.001524, 0.001464, 0.001582, 0.001581, 0.001641, 0.001604, 0.001528, 0.001742, 0.001106, 0.001409, 0.001386, 0.001622, 0.001689, 0.001797, 0.001729, 0.001665, 0.001830, 0.001659, 0.001841, 0.001706, 0.001928, 0.001922, 0.001820, 0.001780, 0.001776, 0.001999, 0.001843, 0.001945, 0.001749, 0.001803, 0.002075, 0.001871, 0.002015, 0.000422, 0.001211, 0.001640, 0.001576, 0.001645, 0.001541, 0.001424, 0.001346, 0.001592, 0.001412, 0.001625, 0.001317, 0.001447, 0.001346, 0.001509, 0.001406, 0.001566, 0.001375, 0.001653, 0.001463, 0.001615
0 , 1, 1, 1, 1, 1, 1, 1
0 , 0.006986, 0.008393, 0.010520, 0.013056, 0.011904, 0.009851, 0.010464
1 , 0.001622, 0.001689, 0.001797, 0.001729, 0.001665, 0.001830, 0.001659, 0.001841, 0.001706, 0.001928, 0.001922, 0.001820, 0.001780, 0.001776, 0.001999, 0.001843, 0.001945, 0.001749, 0.001803, 0.002075, 0.001871, 0.002015, 0.000422, 0.001211, 0.001640, 0.001576, 0.001645, 0.001541, 0.001424, 0.001346, 0.001592, 0.001412, 0.001625, 0.001317, 0.001447, 0.001346, 0.001509, 0.001406, 0.001566, 0.001375, 0.001653, 0.001463, 0.001615, 0.001423, 0.001584, 0.001392, 0.001587, 0.001428, 0.000673, 0.001615, 0.001644, 0.001798, 0.001575, 0.001872, 0.001799, 0.001860, 0.001867, 0.001822, 0.001954, 0.001799, 0.001816, 0.001694, 0.001887, 0.001924, 0.001863, 0.002015, 0.001826, 0.001995, 0.001958, 0.001853, 0.001820, 0.001924, 0.001634, 0.001023, 0.001610, 0.001680, 0.001456, 0.001383, 0.001546, 0.001297, 0.001430, 0.001325, 0.001500, 0.001341, 0.001502, 0.001429, 0.001647, 0.001394, 0.001612, 0.001428, 0.001582, 0.001396
1 , 1, 1, 1, 1, 1, 1, 1
1 , 0.009413, 0.011777, 0.013450, 0.015164, 0.013790, 0.015057, 0.013884
2 , 0.001615, 0.001644, 0.001798, 0.001575, 0.001872, 0.001799, 0.001860, 0.001867, 0.001822, 0.001954, 0.001799, 0.001816, 0.001694, 0.001887, 0.001924, 0.001863, 0.002015, 0.001826, 0.001995, 0.001958, 0.001853, 0.001820, 0.001924, 0.001634, 0.001023, 0.001610, 0.001680, 0.001456, 0.001383, 0.001546, 0.001297, 0.001430, 0.001325, 0.001500, 0.001341, 0.001502, 0.001429, 0.001647, 0.001394, 0.001612, 0.001428, 0.001582, 0.001396, 0.001589, 0.001387, 0.001473, 0.001491, 0.000214, 0.001730, 0.001646, 0.001562, 0.001874, 0.001789, 0.001912, 0.001726, 0.001791, 0.001913, 0.001867, 0.001783, 0.001702, 0.001874, 0.001817, 0.001760, 0.001743, 0.001649, 0.001844, 0.001662, 0.001820, 0.001649, 0.001669, 0.001787, 0.001810, 0.001758, 0.001770, 0.000271, 0.001857, 0.001608, 0.001648, 0.001665, 0.001544, 0.001611, 0.001561, 0.001509, 0.001290, 0.001368, 0.001343, 0.001534, 0.001562, 0.001538, 0.001327, 0.001393, 0.001395
2 , 1, 1, 1, 1, 1, 1, 1
2 , 0.007635, 0.009158, 0.010434, 0.012598, 0.016572, 0.016862, 0.015905
3 , 0.001874, 0.001789, 0.001912, 0.001726, 0.001791, 0.001913, 0.001867, 0.001783, 0.001702, 0.001874, 0.001817, 0.001760, 0.001743, 0.001649, 0.001844, 0.001662, 0.001820, 0.001649, 0.001669, 0.001787, 0.001810, 0.001758, 0.001770, 0.000271, 0.001857, 0.001608, 0.001648, 0.001665, 0.001544, 0.001611, 0.001561, 0.001509, 0.001290, 0.001368, 0.001343, 0.001534, 0.001562, 0.001538, 0.001327, 0.001393, 0.001395, 0.001451, 0.001390, 0.001453, 0.001449, 0.001419, 0.001238, 0.001436, 0.000780, 0.001218, 0.001798, 0.001749, 0.001609, 0.001876, 0.001762, 0.001840, 0.001723, 0.001714, 0.001958, 0.001870, 0.001796, 0.001615, 0.001817, 0.001793, 0.001807, 0.001783, 0.001591, 0.001982, 0.001837, 0.001787, 0.001659, 0.001772, 0.002109, 0.000526, 0.001862, 0.001672, 0.001731, 0.001580, 0.001644, 0.001514, 0.001730, 0.001543, 0.001669, 0.001575, 0.001634, 0.001375, 0.001622, 0.001465, 0.001651, 0.001525, 0.001618, 0.001434
3 , 1, 1, 1, 1, 1, 1, 1
3 , 0.007006, 0.008101, 0.009192, 0.010555, 0.011296, 0.011235, 0.010123
4 , 0.001798, 0.001749, 0.001609, 0.001876, 0.001762, 0.001840, 0.001723, 0.001714, 0.001958, 0.001870, 0.001796, 0.001615, 0.001817, 0.001793, 0.001807, 0.001783, 0.001591, 0.001982, 0.001837, 0.001787, 0.001659, 0.001772, 0.002109, 0.000526, 0.001862, 0.001672, 0.001731, 0.001580, 0.001644, 0.001514, 0.001730, 0.001543, 0.001669, 0.001575, 0.001634, 0.001375, 0.001622, 0.001465, 0.001651, 0.001525, 0.001618, 0.001434, 0.001595, 0.001473, 0.001532, 0.001231, 0.001476, 0.000587, 0.001607, 0.001395, 0.001699, 0.001635, 0.001807, 0.001392, 0.001807, 0.001881, 0.001753, 0.001696, 0.001689, 0.001955, 0.001772, 0.001860, 0.001826, 0.001846, 0.001930, 0.001878, 0.001810, 0.001796, 0.002031, 0.001905, 0.001991, 0.001436, 0.001015, 0.001536, 0.001695, 0.001544, 0.001537, 0.001531, 0.001589, 0.001461, 0.001550, 0.001419, 0.001684, 0.001550, 0.001736, 0.001517, 0.001552, 0.001459, 0.001705, 0.001463, 0.001623, 0.001504
4 , 1, 1, 1, 1, 1, 1, 1
4 , 0.004006, 0.005678, 0.007940, 0.009793, 0.012308, 0.008879, 0.009681
5 , 0.001699, 0.001635, 0.001807, 0.001392, 0.001807, 0.001881, 0.001753, 0.001696, 0.001689, 0.001955, 0.001772, 0.001860, 0.001826, 0.001846, 0.001930, 0.001878, 0.001810, 0.001796, 0.002031, 0.001905, 0.001991, 0.001436, 0.001015, 0.001536, 0.001695, 0.001544, 0.001537, 0.001531, 0.001589, 0.001461, 0.001550, 0.001419, 0.001684, 0.001550, 0.001736, 0.001517, 0.001552, 0.001459, 0.001705, 0.001463, 0.001623, 0.001504, 0.001604, 0.001548, 0.001594, 0.001338, 0.001857, 0.000443, 0.001289, 0.001719, 0.001693, 0.001708, 0.001578, 0.001826, 0.001751, 0.001833, 0.001705, 0.001877, 0.001861, 0.001672, 0.001841, 0.001685, 0.001911, 0.001807, 0.001766, 0.001810, 0.001618, 0.001854, 0.001786, 0.001999, 0.001671, 0.001967, 0.000117, 0.001882, 0.001719, 0.001699, 0.001568, 0.001630, 0.001503, 0.001687, 0.001349, 0.001444, 0.001509, 0.001482, 0.001484, 0.001523, 0.001378, 0.001470, 0.001467, 0.001471, 0.001354, 0.001470
5 , 1, 1, 1, 1, 1, 1, 1
5 , 0.006196, 0.008332, 0.010676, 0.010312, 0.012230, 0.009973, 0.010372
6 , 0.001693, 0.001708, 0.001578, 0.001826, 0.001751, 0.001833, 0.001705, 0.001877, 0.001861, 0.001672, 0.001841, 0.001685, 0.001911, 0.001807, 0.001766, 0.001810, 0.001618, 0.001854, 0.001786, 0.001999, 0.001671, 0.001967, 0.000117, 0.001882, 0.001719, 0.001699, 0.001568, 0.001630, 0.001503, 0.001687, 0.001349, 0.001444, 0.001509, 0.001482, 0.001484, 0.001523, 0.001378, 0.001470, 0.001467, 0.001471, 0.001354, 0.001470, 0.001461, 0.001351, 0.001512, 0.001035, 0.001155, 0.001837, 0.001507, 0.001655, 0.001956, 0.001960, 0.001994, 0.001684, 0.001863, 0.001813, 0.001847, 0.001823, 0.001715, 0.001921, 0.001689, 0.001969, 0.001760, 0.001793, 0.001844, 0.001830, 0.001803, 0.001557, 0.001797, 0.001866, 0.000485, 0.001957, 0.001850, 0.001683, 0.001622, 0.001657, 0.001504, 0.001575, 0.001425, 0.001553, 0.001462, 0.001601, 0.001364, 0.001659, 0.001387, 0.001464, 0.001196, 0.001459, 0.001221, 0.001331, 0.001111, 0.001213
6 , 1, 1, 1, 1, 1, 1, 1
6 , 0.009117, 0.011910, 0.014513, 0.014174, 0.011884, 0.013240, 0.014096
7 , 0.001507, 0.001655, 0.001956, 0.001960, 0.001994, 0.001684, 0.001863, 0.001813, 0.001847, 0.001823, 0.001715, 0.001921, 0.001689, 0.001969, 0.001760, 0.001793, 0.001844, 0.001830, 0.001803, 0.001557, 0.001797, 0.001866, 0.000485, 0.001957, 0.001850, 0.001683, 0.001622, 0.001657, 0.001504, 0.001575, 0.001425, 0.001553, 0.001462, 0.001601, 0.001364, 0.001659, 0.001387, 0.001464, 0.001196, 0.001459, 0.001221, 0.001331, 0.001111, 0.001213, 0.001071, 0.001387, 0.001060, 0.001353, 0.000816, 0.001838, 0.001870, 0.002009, 0.001806, 0.001892, 0.001801, 0.002010, 0.001714, 0.001861, 0.001655, 0.001750, 0.001918, 0.001712, 0.001836, 0.001627, 0.001734, 0.001798, 0.001731, 0.001815, 0.001606, 0.001710, 0.001584, 0.001783, 0.001166, 0.001089, 0.001880, 0.001870, 0.001604, 0.001627, 0.001599, 0.001483, 0.001459, 0.001468, 0.001446, 0.001399, 0.001467, 0.001537, 0.001514, 0.001479, 0.001334, 0.001422, 0.001360, 0.001395
7 , 1, 1, 1, 1, 1, 1, 1
7 , 0.009420, 0.011146, 0.012870, 0.014419, 0.013455, 0.014956, 0.013946
8 , 0.002009, 0.001806, 0.001892, 0.001801, 0.002010, 0.001714, 0.001861, 0.001655, 0.001750, 0.001918, 0.001712, 0.001836, 0.001627, 0.001734, 0.001798, 0.001731, 0.001815, 0.001606, 0.001710, 0.001584, 0.001783, 0.001166, 0.001089, 0.001880, 0.001870, 0.001604, 0.001627, 0.001599, 0.001483, 0.001459, 0.001468, 0.001446, 0.001399, 0.001467, 0.001537, 0.001514, 0.001479, 0.001334, 0.001422, 0.001360, 0.001395, 0.001286, 0.001457, 0.001255, 0.001647, 0.000228, 0.001446, 0.001769, 0.001892, 0.001622, 0.001902, 0.002001, 0.001888, 0.001892, 0.001699, 0.002065, 0.001963, 0.001911, 0.001900, 0.001900, 0.002021, 0.001923, 0.002082, 0.001903, 0.002032, 0.002039, 0.002059, 0.002151, 0.001821, 0.002060, 0.000023, 0.001660, 0.001650, 0.001656, 0.001431, 0.001566, 0.001428, 0.001529, 0.001306, 0.001473, 0.001293, 0.001506, 0.001415, 0.001454, 0.001291, 0.001560, 0.001371, 0.001561, 0.001523, 0.001560, 0.001219, 0.001403
8 , 1, 1, 1, 1, 1, 1, 1
8 , 0.014905, 0.016044, 0.020217, 0.016431, 0.014952, 0.014860, 0.015353
9 , 0.001892, 0.001622, 0.001902, 0.002001, 0.001888, 0.001892, 0.001699, 0.002065, 0.001963, 0.001911, 0.001900, 0.001900, 0.002021, 0.001923, 0.002082, 0.001903, 0.002032, 0.002039, 0.002059, 0.002151, 0.001821, 0.002060, 0.000023, 0.001660, 0.001650, 0.001656, 0.001431, 0.001566, 0.001428, 0.001529, 0.001306, 0.001473, 0.001293, 0.001506, 0.001415, 0.001454, 0.001291, 0.001560, 0.001371, 0.001561, 0.001523, 0.001560, 0.001219, 0.001403, 0.001429, 0.001561, 0.001421, 0.001147, 0.000990, 0.001915, 0.001616, 0.001889, 0.001892, 0.001995, 0.001927, 0.001987, 0.002245, 0.002054, 0.002187, 0.001956, 0.002012, 0.002145, 0.002040, 0.002082, 0.001964, 0.002252, 0.002071, 0.002044, 0.002052, 0.001931, 0.001934, 0.002169, 0.000941, 0.001669, 0.001564, 0.001727, 0.001569, 0.001622, 0.001487, 0.001695, 0.001564, 0.001679, 0.001610, 0.001763, 0.001514, 0.001796, 0.001457, 0.001681, 0.001530, 0.001544, 0.001402, 0.001629
9 , 1, 1, 1, 1, 1, 1, 1
9 , 0.013097, 0.016872, 0.018403, 0.020151, 0.018892, 0.018957, 0.018662
10 , 0.001915, 0.001616, 0.001889, 0.001892, 0.001995, 0.001927, 0.001987, 0.002245, 0.002054, 0.002187, 0.001956, 0.002012, 0.002145, 0.002040, 0.002082, 0.001964, 0.002252, 0.002071, 0.002044, 0.002052, 0.001931, 0.001934, 0.002169, 0.000941, 0.001669, 0.001564, 0.001727, 0.001569, 0.001622, 0.001487, 0.001695, 0.001564, 0.001679, 0.001610, 0.001763, 0.001514, 0.001796, 0.001457, 0.001681, 0.001530, 0.001544, 0.001402, 0.001629, 0.001458, 0.001535, 0.001199, 0.001507, 0.000563, 0.001757, 0.002019, 0.002055, 0.002067, 0.002158, 0.002080, 0.002300, 0.002031, 0.002275, 0.002061, 0.002172, 0.002278, 0.002033, 0.002131, 0.002006, 0.002127, 0.001991, 0.002150, 0.002124, 0.002052, 0.002192, 0.002002, 0.002093, 0.001993, 0.001991, 0.001877, 0.000784, 0.001650, 0.001616, 0.001680, 0.001533, 0.001745, 0.001517, 0.001694, 0.001561, 0.001653, 0.001517, 0.001764, 0.001546, 0.001793, 0.001549, 0.001740, 0.001497, 0.001656
10 , 1, 1, 1, 1, 1, 1, 1
10 , 0.011766, 0.014021, 0.016846, 0.019239, 0.022990, 0.022037, 0.021639
11 , 0.002055, 0.002067, 0.002158, 0.002080, 0.002300, 0.002031, 0.002275, 0.002061, 0.002172, 0.002278, 0.002033, 0.002131, 0.002006, 0.002127, 0.001991, 0.002150, 0.002124, 0.002052, 0.002192, 0.002002, 0.002093, 0.001993, 0.001991, 0.001877, 0.000784, 0.001650, 0.001616, 0.001680, 0.001533, 0.001745, 0.001517, 0.001694, 0.001561, 0.001653, 0.001517, 0.001764, 0.001546, 0.001793, 0.001549, 0.001740, 0.001497, 0.001656, 0.001532, 0.001688, 0.001564, 0.001721, 0.001595, 0.001636, 0.001489, 0.001648, 0.001395, 0.001586, 0.001420, 0.001581, 0.001427, 0.001681, 0.001553, 0.001615, 0.001526, 0.001625, 0.001501, 0.001633, 0.001358, 0.001643, 0.001370, 0.001447, 0.001294, 0.001457, 0.001361, 0.001467, 0.001438, 0.001514, 0.001231, 0.001365, 0.001270, 0.001493, 0.001360, 0.001493, 0.001341, 0.001409, 0.001305, 0.001405, 0.001300, 0.001424, 0.001255, 0.001379, 0.001358, 0.001535, 0.001370, 0.001638, 0.001484, 0.001643
11 , 1, 1, 1, 1, 1, 1, 1
11 , 0.010642, 0.012041, 0.012478, 0.012489, 0.012751, 0.012465, 0.009830
12 , 0.001395, 0.001586, 0.001420, 0.001581, 0.001427, 0.001681, 0.001553, 0.001615, 0.001526, 0.001625, 0.001501, 0.001633, 0.001358, 0.001643, 0.001370, 0.001447, 0.001294, 0.001457, 0.001361, 0.001467, 0.001438, 0.001514, 0.001231, 0.001365, 0.001270, 0.001493, 0.001360, 0.001493, 0.001341, 0.001409, 0.001305, 0.001405, 0.001300, 0.001424, 0.001255, 0.001379, 0.001358, 0.001535, 0.001370, 0.001638, 0.001484, 0.001643, 0.001421, 0.001457, 0.001478, 0.001633, 0.001396, 0.001674, 0.001543, 0.001522, 0.001465, 0.001615, 0.001516, 0.001555, 0.001399, 0.001499, 0.001313, 0.001497, 0.001521, 0.001563, 0.001468, 0.001502, 0.001490, 0.001611, 0.001426, 0.001576, 0.001479, 0.001538, 0.001626, 0.001533, 0.001501, 0.001742, 0.001493, 0.001586, 0.001374, 0.001471, 0.001406, 0.001564, 0.001496, 0.001530, 0.001439, 0.001497, 0.001469, 0.001533, 0.001560, 0.001717, 0.001655, 0.001540, 0.001480, 0.001608, 0.001509, 0.001604
12 , 2, 2, 2, 2, 1, 1, 1
12 , 0.002769, 0.002424, 0.002254, 0.002234, 0.001392, 0.001006, 0.000877
13 , 0.001396, 0.001674, 0.001543, 0.001522, 0.001465, 0.001615, 0.001516, 0.001555, 0.001399, 0.001499, 0.001313, 0.001497, 0.001521, 0.001563, 0.001468, 0.001502, 0.001490, 0.001611, 0.001426, 0.001576, 0.001479, 0.001538, 0.001626, 0.001533, 0.001501, 0.001742, 0.001493, 0.001586, 0.001374, 0.001471, 0.001406, 0.001564, 0.001496, 0.001530, 0.001439, 0.001497, 0.001469, 0.001533, 0.001560, 0.001717, 0.001655, 0.001540, 0.001480, 0.001608, 0.001509, 0.001604, 0.001422, 0.001431, 0.001377, 0.001439, 0.001439, 0.001470, 0.001432, 0.001470, 0.001493, 0.001555, 0.001464, 0.001463, 0.001547, 0.001421, 0.001480, 0.001601, 0.001387, 0.001422, 0.001489, 0.001438, 0.001416, 0.001364, 0.001406, 0.001295, 0.001302, 0.001343, 0.001261, 0.001208, 0.001240, 0.001130, 0.001227, 0.001292, 0.001263, 0.001165, 0.001340, 0.001270, 0.001245, 0.001274, 0.001396, 0.001267, 0.001443, 0.001348, 0.001398, 0.001379, 0.001462, 0.001386
13 , 3, 3, 3, 3, 3, 3, 3
13 , 0.004580, 0.004318, 0.003966, 0.003740, 0.003066, 0.002914, 0.002377
14 , 0.001422, 0.001431, 0.001377, 0.001439, 0.001439, 0.001470, 0.001432, 0.001470, 0.001493, 0.001555, 0.001464, 0.001463, 0.001547, 0.001421, 0.001480, 0.001601, 0.001387, 0.001422, 0.001489, 0.001438, 0.001416, 0.001364, 0.001406, 0.001295, 0.001302, 0.001343, 0.001261, 0.001208, 0.001240, 0.001130, 0.001227, 0.001292, 0.001263, 0.001165, 0.001340, 0.001270, 0.001245, 0.001274, 0.001396, 0.001267, 0.001443, 0.001348, 0.001398, 0.001379, 0.001462, 0.001386, 0.001503, 0.001282, 0.001493, 0.001418, 0.001479, 0.001468, 0.001610, 0.001507, 0.001629, 0.001457, 0.001607, 0.001571, 0.001749, 0.001596, 0.001720, 0.001563, 0.001717, 0.001628, 0.001847, 0.001663, 0.001767, 0.001553, 0.001742, 0.001560, 0.001626, 0.001571, 0.001666, 0.001448, 0.001582, 0.001521, 0.001560, 0.001402, 0.001595, 0.001468, 0.001629, 0.001500, 0.001630, 0.001329, 0.001587, 0.001396, 0.001665, 0.001418, 0.001669, 0.001514, 0.001601, 0.001418
14 , 1, 1, 1, 1, 1, 1, 1
14 , 0.004927, 0.005241, 0.005312, 0.005264, 0.005649, 0.005708, 0.005426
15 , 0.001468, 0.001610, 0.001507, 0.001629, 0.001457, 0.001607, 0.001571, 0.001749, 0.001596, 0.001720, 0.001563, 0.001717, 0.001628, 0.001847, 0.001663, 0.001767, 0.001553, 0.001742, 0.001560, 0.001626, 0.001571, 0.001666, 0.001448, 0.001582, 0.001521, 0.001560, 0.001402, 0.001595, 0.001468, 0.001629, 0.001500, 0.001630, 0.001329, 0.001587, 0.001396, 0.001665, 0.001418, 0.001669, 0.001514, 0.001601, 0.001418, 0.001582, 0.001447, 0.001569, 0.001358, 0.001605, 0.001411, 0.001688, 0.001557, 0.001627, 0.001443, 0.001634, 0.001267, 0.001551, 0.001454, 0.001558, 0.001374, 0.001599, 0.001479, 0.001497, 0.001316, 0.001473, 0.001316, 0.001444, 0.001260, 0.001458, 0.001384, 0.001483, 0.001302, 0.001461, 0.001304, 0.001275, 0.001332, 0.001588, 0.001221, 0.001385, 0.001288, 0.001441, 0.001229, 0.001437, 0.001339, 0.001402, 0.001446, 0.001504, 0.001356, 0.001501, 0.001465, 0.001424, 0.001427, 0.001518, 0.001543, 0.001575
15 , 1, 1, 1, 1, 1, 2, 2
15 , 0.003065, 0.003193, 0.003086, 0.003149, 0.002326, 0.002395, 0.002173
16 , 0.001688, 0.001557, 0.001627, 0.001443, 0.001634, 0.001267, 0.001551, 0.001454, 0.001558, 0.001374, 0.001599, 0.001479, 0.001497, 0.001316, 0.001473, 0.001316, 0.001444, 0.001260, 0.001458, 0.001384, 0.001483, 0.001302, 0.001461, 0.001304, 0.001275, 0.001332, 0.001588, 0.001221, 0.001385, 0.001288, 0.001441, 0.001229, 0.001437, 0.001339, 0.001402, 0.001446, 0.001504, 0.001356, 0.001501, 0.001465, 0.001424, 0.001427, 0.001518, 0.001543, 0.001575, 0.001424, 0.001515, 0.001419, 0.001538, 0.001531, 0.001497, 0.001557, 0.001613, 0.001453, 0.001663, 0.001623, 0.001625, 0.001658, 0.001566, 0.001545, 0.001698, 0.001428, 0.001458, 0.001553, 0.001522, 0.001579, 0.001514, 0.001665, 0.001505, 0.001667, 0.001514, 0.001602, 0.001572, 0.001641, 0.001514, 0.001577, 0.001504, 0.001680, 0.001585, 0.001709, 0.001764, 0.001829, 0.001641, 0.001763, 0.001672, 0.001671, 0.001454, 0.001613, 0.001543, 0.001610, 0.001516, 0.001700
16 , 2, 2, 2, 2, 2, 2, 2
16 , 0.003213, 0.003221, 0.002764, 0.002630, 0.002343, 0.002058, 0.001291
