0 , 0.001613, 0.001916, 0.001700, 0.001950, 0.001825, 0.001907, 0.001948, 0.001867, 0.002049, 0.001782, 0.002049, 0.001948, 0.001999, 0.001844, 0.001881, 0.002039, 0.001800, 0.001860, 0.001769, 0.001955, 0.002053, 0.001829, 0.001897, 0.000027, 0.001314, 0.001629, 0.001539, 0.001450, 0.001235, 0.001428, 0.001092, 0.001317, 0.001255, 0.001377, 0.001185, 0.001427, 0.001148, 0.001456, 0.001261, 0.001446, 0.001202, 0.001443, 0.001156, 0.001407, 0.001259, 0.001531, 0.000982, 0.000917, 0.001791, 0.001757, 0.001741, 0.001719, 0.001915, 0.001669, 0.001814, 0.001625, 0.001851, 0.001921, 0.001783, 0.001915, 0.001705, 0.001843, 0.001854, 0.001803, 0.001722, 0.001574, 0.001921, 0.001740, 0.001864, 0.001699, 0.001992, 0.001184, 0.001310, 0.001576, 0.001598, 0.001418, 0.001414, 0.001383, 0.001318, 0.001531, 0.001310, 0.001347, 0.001254, 0.001414, 0.001227, 0.001289, 0.001266, 0.001334, 0.001246, 0.001375, 0.001278, 0.001488
0 , 1, 1, 1, 1, 1, 1, 1
0 , 0.014870, 0.017219, 0.020094, 0.022694, 0.024051, 0.019878, 0.019083
1 , 0.001741, 0.001719, 0.001915, 0.001669, 0.001814, 0.001625, 0.001851, 0.001921, 0.001783, 0.001915, 0.001705, 0.001843, 0.001854, 0.001803, 0.001722, 0.001574, 0.001921, 0.001740, 0.001864, 0.001699, 0.001992, 0.001184, 0.001310, 0.001576, 0.001598, 0.001418, 0.001414, 0.001383, 0.001318, 0.001531, 0.001310, 0.001347, 0.001254, 0.001414, 0.001227, 0.001289, 0.001266, 0.001334, 0.001246, 0.001375, 0.001278, 0.001488, 0.001357, 0.001350, 0.001360, 0.001376, 0.001338, 0.000084, 0.001647, 0.001561, 0.001669, 0.001861, 0.001753, 0.001898, 0.001753, 0.001988, 0.001944, 0.001900, 0.001977, 0.001872, 0.002041, 0.002003, 0.002037, 0.001943, 0.001957, 0.002018, 0.002030, 0.002071, 0.001850, 0.002008, 0.002136, 0.001943, 0.000832, 0.001447, 0.001558, 0.001293, 0.001287, 0.001194, 0.001349, 0.001165, 0.001381, 0.001133, 0.001285, 0.001195, 0.001295, 0.001186, 0.001281, 0.001099, 0.001319, 0.001273, 0.001421, 0.001205
1 , 1, 1, 1, 1, 1, 1, 1
1 , 0.016329, 0.018517, 0.020554, 0.021554, 0.024652, 0.023219, 0.022790
2 , 0.001669, 0.001861, 0.001753, 0.001898, 0.001753, 0.001988, 0.001944, 0.001900, 0.001977, 0.001872, 0.002041, 0.002003, 0.002037, 0.001943, 0.001957, 0.002018, 0.002030, 0.002071, 0.001850, 0.002008, 0.002136, 0.001943, 0.000832, 0.001447, 0.001558, 0.001293, 0.001287, 0.001194, 0.001349, 0.001165, 0.001381, 0.001133, 0.001285, 0.001195, 0.001295, 0.001186, 0.001281, 0.001099, 0.001319, 0.001273, 0.001421, 0.001205, 0.001500, 0.001238, 0.001483, 0.000421, 0.001636, 0.001693, 0.001789, 0.001702, 0.001848, 0.001670, 0.002021, 0.001893, 0.002021, 0.001886, 0.001984, 0.002196, 0.001913, 0.002034, 0.001929, 0.002034, 0.002110, 0.002130, 0.002233, 0.001802, 0.002146, 0.001983, 0.002052, 0.002074, 0.001981, 0.002395, 0.000287, 0.001629, 0.001299, 0.001363, 0.001236, 0.001331, 0.001139, 0.001297, 0.001162, 0.001319, 0.001182, 0.001429, 0.001242, 0.001386, 0.001194, 0.001406, 0.001208, 0.001334, 0.001244, 0.001363
2 , 1, 1, 1, 1, 1, 1, 1
2 , 0.020780, 0.024517, 0.029205, 0.030858, 0.031022, 0.027572, 0.027499
3 , 0.001848, 0.001670, 0.002021, 0.001893, 0.002021, 0.001886, 0.001984, 0.002196, 0.001913, 0.002034, 0.001929, 0.002034, 0.002110, 0.002130, 0.002233, 0.001802, 0.002146, 0.001983, 0.002052, 0.002074, 0.001981, 0.002395, 0.000287, 0.001629, 0.001299, 0.001363, 0.001236, 0.001331, 0.001139, 0.001297, 0.001162, 0.001319, 0.001182, 0.001429, 0.001242, 0.001386, 0.001194, 0.001406, 0.001208, 0.001334, 0.001244, 0.001363, 0.001235, 0.001479, 0.001289, 0.001513, 0.001408, 0.001306, 0.000836, 0.001673, 0.001535, 0.001932, 0.001852, 0.001907, 0.001732, 0.001810, 0.001935, 0.001901, 0.001860, 0.001688, 0.002062, 0.002000, 0.002003, 0.001975, 0.001983, 0.002146, 0.002010, 0.001930, 0.001851, 0.002140, 0.002120, 0.002215, 0.001211, 0.001132, 0.001368, 0.001351, 0.001258, 0.001272, 0.001333, 0.001290, 0.001250, 0.001314, 0.001340, 0.001407, 0.001428, 0.001482, 0.001353, 0.001447, 0.001356, 0.001422, 0.001389, 0.001394
3 , 1, 1, 1, 1, 1, 1, 1
3 , 0.020223, 0.022381, 0.024419, 0.027536, 0.026742, 0.027594, 0.025764
4 , 0.001932, 0.001852, 0.001907, 0.001732, 0.001810, 0.001935, 0.001901, 0.001860, 0.001688, 0.002062, 0.002000, 0.002003, 0.001975, 0.001983, 0.002146, 0.002010, 0.001930, 0.001851, 0.002140, 0.002120, 0.002215, 0.001211, 0.001132, 0.001368, 0.001351, 0.001258, 0.001272, 0.001333, 0.001290, 0.001250, 0.001314, 0.001340, 0.001407, 0.001428, 0.001482, 0.001353, 0.001447, 0.001356, 0.001422, 0.001389, 0.001394, 0.001339, 0.001486, 0.001325, 0.001487, 0.000345, 0.001671, 0.001905, 0.001851, 0.001868, 0.001702, 0.002023, 0.001937, 0.001905, 0.001911, 0.001994, 0.002176, 0.002086, 0.002074, 0.001942, 0.002146, 0.002139, 0.002052, 0.002078, 0.001954, 0.002173, 0.002083, 0.002057, 0.001913, 0.001815, 0.000425, 0.001636, 0.001515, 0.001552, 0.001356, 0.001389, 0.001141, 0.001362, 0.001363, 0.001331, 0.001266, 0.001398, 0.001217, 0.001406, 0.001186, 0.001346, 0.001227, 0.001259, 0.001189, 0.001229, 0.001229, 0.001299
4 , 1, 1, 1, 1, 1, 1, 1
4 , 0.022747, 0.025775, 0.030242, 0.027339, 0.025817, 0.024697, 0.023527
5 , 0.001851, 0.001868, 0.001702, 0.002023, 0.001937, 0.001905, 0.001911, 0.001994, 0.002176, 0.002086, 0.002074, 0.001942, 0.002146, 0.002139, 0.002052, 0.002078, 0.001954, 0.002173, 0.002083, 0.002057, 0.001913, 0.001815, 0.000425, 0.001636, 0.001515, 0.001552, 0.001356, 0.001389, 0.001141, 0.001362, 0.001363, 0.001331, 0.001266, 0.001398, 0.001217, 0.001406, 0.001186, 0.001346, 0.001227, 0.001259, 0.001189, 0.001229, 0.001229, 0.001299, 0.001316, 0.001333, 0.001333, 0.000525, 0.001474, 0.001878, 0.001856, 0.001874, 0.002063, 0.001984, 0.002011, 0.001852, 0.002147, 0.002060, 0.001996, 0.001954, 0.001931, 0.002060, 0.001988, 0.002192, 0.002040, 0.002012, 0.002061, 0.001913, 0.002023, 0.001848, 0.001950, 0.002196, 0.000216, 0.001706, 0.001426, 0.001634, 0.001322, 0.001410, 0.001365, 0.001520, 0.001302, 0.001447, 0.001318, 0.001599, 0.001359, 0.001372, 0.001289, 0.001482, 0.001241, 0.001346, 0.001160, 0.001416
5 , 1, 1, 1, 1, 1, 1, 1
5 , 0.020740, 0.024578, 0.026604, 0.028146, 0.029316, 0.026807, 0.026641
6 , 0.001856, 0.001874, 0.002063, 0.001984, 0.002011, 0.001852, 0.002147, 0.002060, 0.001996, 0.001954, 0.001931, 0.002060, 0.001988, 0.002192, 0.002040, 0.002012, 0.002061, 0.001913, 0.002023, 0.001848, 0.001950, 0.002196, 0.000216, 0.001706, 0.001426, 0.001634, 0.001322, 0.001410, 0.001365, 0.001520, 0.001302, 0.001447, 0.001318, 0.001599, 0.001359, 0.001372, 0.001289, 0.001482, 0.001241, 0.001346, 0.001160, 0.001416, 0.001169, 0.001397, 0.001150, 0.001139, 0.001226, 0.001953, 0.001894, 0.002068, 0.002038, 0.002007, 0.001976, 0.002397, 0.002230, 0.002276, 0.002087, 0.002246, 0.002227, 0.002023, 0.002201, 0.001993, 0.002243, 0.002193, 0.002151, 0.002159, 0.001984, 0.002211, 0.002017, 0.002282, 0.001049, 0.001042, 0.001398, 0.001382, 0.001447, 0.001464, 0.001405, 0.001400, 0.001525, 0.001375, 0.001320, 0.001166, 0.001318, 0.001382, 0.001295, 0.001296, 0.001357, 0.001356, 0.001272, 0.001247, 0.001279, 0.001215
6 , 1, 1, 1, 1, 1, 1, 1
6 , 0.024930, 0.028588, 0.032020, 0.032966, 0.028496, 0.027709, 0.025922
7 , 0.002068, 0.002038, 0.002007, 0.001976, 0.002397, 0.002230, 0.002276, 0.002087, 0.002246, 0.002227, 0.002023, 0.002201, 0.001993, 0.002243, 0.002193, 0.002151, 0.002159, 0.001984, 0.002211, 0.002017, 0.002282, 0.001049, 0.001042, 0.001398, 0.001382, 0.001447, 0.001464, 0.001405, 0.001400, 0.001525, 0.001375, 0.001320, 0.001166, 0.001318, 0.001382, 0.001295, 0.001296, 0.001357, 0.001356, 0.001272, 0.001247, 0.001279, 0.001215, 0.001224, 0.001333, 0.001203, 0.001296, 0.000268, 0.001712, 0.001940, 0.001920, 0.002000, 0.002148, 0.002163, 0.002140, 0.002167, 0.001958, 0.002268, 0.002052, 0.001975, 0.001959, 0.001896, 0.002117, 0.001803, 0.001854, 0.001743, 0.002023, 0.002050, 0.001814, 0.001947, 0.001665, 0.001914, 0.000526, 0.001849, 0.001595, 0.001642, 0.001339, 0.001411, 0.001232, 0.001398, 0.001221, 0.001362, 0.001062, 0.001073, 0.001072, 0.001442, 0.001128, 0.001280, 0.001147, 0.001363, 0.001173, 0.001274
7 , 1, 1, 1, 1, 1, 1, 1
7 , 0.026139, 0.028546, 0.031472, 0.031141, 0.033254, 0.030425, 0.029854
8 , 0.001920, 0.002000, 0.002148, 0.002163, 0.002140, 0.002167, 0.001958, 0.002268, 0.002052, 0.001975, 0.001959, 0.001896, 0.002117, 0.001803, 0.001854, 0.001743, 0.002023, 0.002050, 0.001814, 0.001947, 0.001665, 0.001914, 0.000526, 0.001849, 0.001595, 0.001642, 0.001339, 0.001411, 0.001232, 0.001398, 0.001221, 0.001362, 0.001062, 0.001073, 0.001072, 0.001442, 0.001128, 0.001280, 0.001147, 0.001363, 0.001173, 0.001274, 0.001195, 0.001216, 0.001147, 0.000586, 0.001523, 0.002000, 0.001758, 0.002000, 0.001973, 0.001996, 0.002003, 0.001957, 0.002139, 0.001974, 0.001928, 0.001756, 0.001945, 0.001759, 0.001634, 0.001732, 0.001651, 0.001796, 0.001641, 0.001732, 0.001810, 0.001881, 0.001881, 0.001969, 0.000204, 0.001554, 0.001379, 0.001514, 0.001368, 0.001284, 0.001343, 0.001311, 0.001168, 0.001322, 0.001166, 0.001349, 0.001166, 0.001262, 0.001223, 0.001377, 0.001308, 0.001192, 0.001211, 0.001307, 0.001208, 0.001325
8 , 1, 1, 1, 1, 1, 1, 1
8 , 0.023212, 0.027000, 0.030176, 0.028101, 0.025147, 0.024622, 0.023301
9 , 0.001758, 0.002000, 0.001973, 0.001996, 0.002003, 0.001957, 0.002139, 0.001974, 0.001928, 0.001756, 0.001945, 0.001759, 0.001634, 0.001732, 0.001651, 0.001796, 0.001641, 0.001732, 0.001810, 0.001881, 0.001881, 0.001969, 0.000204, 0.001554, 0.001379, 0.001514, 0.001368, 0.001284, 0.001343, 0.001311, 0.001168, 0.001322, 0.001166, 0.001349, 0.001166, 0.001262, 0.001223, 0.001377, 0.001308, 0.001192, 0.001211, 0.001307, 0.001208, 0.001325, 0.001192, 0.001465, 0.001390, 0.001408, 0.000787, 0.001511, 0.001692, 0.001613, 0.001789, 0.001747, 0.001855, 0.002034, 0.001888, 0.002009, 0.001903, 0.002137, 0.002017, 0.002135, 0.002049, 0.002038, 0.002288, 0.002046, 0.002065, 0.001939, 0.002215, 0.002226, 0.002132, 0.002334, 0.001449, 0.000727, 0.001448, 0.001348, 0.001320, 0.001155, 0.001263, 0.001067, 0.001246, 0.001316, 0.001307, 0.001138, 0.001249, 0.001150, 0.001417, 0.001437, 0.001555, 0.001392, 0.001549, 0.001512
9 , 1, 1, 1, 1, 1, 1, 1
9 , 0.018520, 0.022350, 0.024562, 0.026469, 0.025449, 0.026458, 0.024202
10 , 0.001511, 0.001692, 0.001613, 0.001789, 0.001747, 0.001855, 0.002034, 0.001888, 0.002009, 0.001903, 0.002137, 0.002017, 0.002135, 0.002049, 0.002038, 0.002288, 0.002046, 0.002065, 0.001939, 0.002215, 0.002226, 0.002132, 0.002334, 0.001449, 0.000727, 0.001448, 0.001348, 0.001320, 0.001155, 0.001263, 0.001067, 0.001246, 0.001316, 0.001307, 0.001138, 0.001249, 0.001150, 0.001417, 0.001437, 0.001555, 0.001392, 0.001549, 0.001512, 0.001522, 0.001423, 0.001471, 0.001629, 0.000045, 0.001626, 0.001706, 0.001749, 0.001578, 0.001881, 0.001780, 0.001874, 0.001675, 0.001843, 0.002096, 0.001884, 0.001934, 0.001745, 0.002099, 0.001984, 0.002000, 0.002094, 0.001996, 0.002142, 0.002007, 0.002073, 0.001994, 0.001962, 0.002262, 0.002038, 0.002089, 0.000408, 0.001338, 0.001490, 0.001314, 0.001289, 0.001078, 0.001291, 0.001133, 0.001260, 0.001158, 0.001218, 0.000992, 0.001333, 0.001223, 0.001279, 0.001230, 0.001431, 0.001147
10 , 1, 1, 1, 1, 1, 1, 1
10 , 0.015903, 0.019014, 0.021673, 0.024667, 0.030934, 0.031651, 0.030818
11 , 0.001578, 0.001881, 0.001780, 0.001874, 0.001675, 0.001843, 0.002096, 0.001884, 0.001934, 0.001745, 0.002099, 0.001984, 0.002000, 0.002094, 0.001996, 0.002142, 0.002007, 0.002073, 0.001994, 0.001962, 0.002262, 0.002038, 0.002089, 0.000408, 0.001338, 0.001490, 0.001314, 0.001289, 0.001078, 0.001291, 0.001133, 0.001260, 0.001158, 0.001218, 0.000992, 0.001333, 0.001223, 0.001279, 0.001230, 0.001431, 0.001147, 0.001323, 0.001316, 0.001439, 0.001250, 0.001467, 0.001238, 0.001374, 0.001278, 0.001371, 0.001241, 0.001465, 0.001311, 0.001435, 0.001189, 0.001351, 0.001255, 0.001327, 0.001230, 0.001330, 0.001202, 0.001335, 0.001176, 0.001394, 0.001301, 0.001321, 0.001258, 0.001415, 0.001229, 0.001302, 0.001168, 0.001287, 0.001209, 0.001338, 0.001141, 0.001397, 0.001197, 0.001354, 0.001264, 0.001397, 0.001109, 0.001355, 0.001141, 0.001295, 0.001168, 0.001383, 0.001276, 0.001372, 0.001311, 0.001477, 0.001184, 0.001250
11 , 1, 1, 1, 1, 1, 2, 1
11 , 0.012536, 0.013314, 0.014620, 0.015557, 0.016827, 0.014564, 0.014036
12 , 0.001241, 0.001465, 0.001311, 0.001435, 0.001189, 0.001351, 0.001255, 0.001327, 0.001230, 0.001330, 0.001202, 0.001335, 0.001176, 0.001394, 0.001301, 0.001321, 0.001258, 0.001415, 0.001229, 0.001302, 0.001168, 0.001287, 0.001209, 0.001338, 0.001141, 0.001397, 0.001197, 0.001354, 0.001264, 0.001397, 0.001109, 0.001355, 0.001141, 0.001295, 0.001168, 0.001383, 0.001276, 0.001372, 0.001311, 0.001477, 0.001184, 0.001250, 0.001157, 0.001348, 0.001072, 0.001229, 0.001216, 0.001341, 0.001304, 0.001360, 0.001202, 0.001421, 0.001365, 0.001407, 0.001214, 0.001319, 0.001202, 0.001370, 0.001307, 0.001255, 0.001062, 0.001219, 0.001153, 0.001397, 0.001123, 0.001348, 0.001131, 0.001253, 0.001241, 0.001272, 0.001200, 0.001349, 0.001314, 0.001336, 0.001367, 0.001330, 0.001409, 0.001380, 0.001409, 0.001502, 0.001342, 0.001435, 0.001433, 0.001495, 0.001342, 0.001433, 0.001319, 0.001453, 0.001306, 0.001275, 0.001414, 0.001234
12 , 2, 2, 2, 2, 2, 2, 2
12 , 0.003106, 0.003130, 0.003059, 0.003096, 0.002900, 0.002878, 0.002449
13 , 0.001341, 0.001304, 0.001360, 0.001202, 0.001421, 0.001365, 0.001407, 0.001214, 0.001319, 0.001202, 0.001370, 0.001307, 0.001255, 0.001062, 0.001219, 0.001153, 0.001397, 0.001123, 0.001348, 0.001131, 0.001253, 0.001241, 0.001272, 0.001200, 0.001349, 0.001314, 0.001336, 0.001367, 0.001330, 0.001409, 0.001380, 0.001409, 0.001502, 0.001342, 0.001435, 0.001433, 0.001495, 0.001342, 0.001433, 0.001319, 0.001453, 0.001306, 0.001275, 0.001414, 0.001234, 0.001326, 0.001395, 0.001273, 0.001280, 0.001226, 0.001173, 0.001150, 0.001182, 0.001136, 0.001117, 0.001206, 0.001178, 0.001123, 0.000980, 0.001013, 0.001015, 0.000982, 0.001131, 0.001119, 0.001145, 0.001216, 0.001192, 0.001304, 0.001316, 0.001426, 0.001351, 0.001342, 0.001336, 0.001418, 0.001408, 0.001471, 0.001515, 0.001487, 0.001363, 0.001605, 0.001487, 0.001622, 0.001436, 0.001534, 0.001322, 0.001418, 0.001362, 0.001395, 0.001234, 0.001394, 0.001296, 0.001518
13 , 0, 0, 0, 0, 0, 0, 0
13 , 0.007601, 0.007641, 0.007459, 0.007800, 0.007853, 0.008171, 0.007638
14 , 0.001150, 0.001182, 0.001136, 0.001117, 0.001206, 0.001178, 0.001123, 0.000980, 0.001013, 0.001015, 0.000982, 0.001131, 0.001119, 0.001145, 0.001216, 0.001192, 0.001304, 0.001316, 0.001426, 0.001351, 0.001342, 0.001336, 0.001418, 0.001408, 0.001471, 0.001515, 0.001487, 0.001363, 0.001605, 0.001487, 0.001622, 0.001436, 0.001534, 0.001322, 0.001418, 0.001362, 0.001395, 0.001234, 0.001394, 0.001296, 0.001518, 0.001392, 0.001524, 0.001189, 0.001463, 0.001310, 0.001381, 0.001191, 0.001383, 0.001194, 0.001288, 0.001230, 0.001328, 0.001200, 0.001360, 0.001176, 0.001343, 0.001152, 0.001407, 0.001277, 0.001377, 0.001163, 0.001446, 0.001136, 0.001343, 0.001211, 0.001418, 0.001252, 0.001316, 0.001163, 0.001473, 0.001433, 0.001470, 0.001340, 0.001435, 0.001238, 0.001428, 0.001276, 0.001462, 0.001304, 0.001369, 0.001214, 0.001372, 0.001293, 0.001428, 0.001221, 0.001339, 0.001252, 0.001526, 0.001238, 0.001456, 0.001270
14 , 0, 0, 0, 0, 0, 0, 0
14 , 0.007132, 0.007244, 0.007536, 0.007125, 0.006321, 0.005762, 0.004922
15 , 0.001383, 0.001194, 0.001288, 0.001230, 0.001328, 0.001200, 0.001360, 0.001176, 0.001343, 0.001152, 0.001407, 0.001277, 0.001377, 0.001163, 0.001446, 0.001136, 0.001343, 0.001211, 0.001418, 0.001252, 0.001316, 0.001163, 0.001473, 0.001433, 0.001470, 0.001340, 0.001435, 0.001238, 0.001428, 0.001276, 0.001462, 0.001304, 0.001369, 0.001214, 0.001372, 0.001293, 0.001428, 0.001221, 0.001339, 0.001252, 0.001526, 0.001238, 0.001456, 0.001270, 0.001368, 0.001249, 0.001258, 0.001317, 0.001322, 0.001078, 0.001234, 0.001203, 0.001363, 0.001302, 0.001377, 0.001260, 0.001295, 0.001178, 0.001225, 0.001230, 0.001180, 0.001089, 0.001189, 0.001130, 0.001107, 0.001199, 0.001233, 0.001157, 0.001175, 0.001306, 0.001327, 0.001205, 0.001202, 0.001194, 0.001341, 0.001279, 0.001267, 0.001380, 0.001436, 0.001331, 0.001356, 0.001466, 0.001455, 0.001543, 0.001506, 0.001620, 0.001554, 0.001529, 0.001440, 0.001527, 0.001469, 0.001531
15 , 0, 0, 0, 0, 0, 0, 0
15 , 0.004623, 0.005343, 0.005448, 0.005704, 0.005806, 0.005757, 0.005314
16 , 0.001234, 0.001203, 0.001363, 0.001302, 0.001377, 0.001260, 0.001295, 0.001178, 0.001225, 0.001230, 0.001180, 0.001089, 0.001189, 0.001130, 0.001107, 0.001199, 0.001233, 0.001157, 0.001175, 0.001306, 0.001327, 0.001205, 0.001202, 0.001194, 0.001341, 0.001279, 0.001267, 0.001380, 0.001436, 0.001331, 0.001356, 0.001466, 0.001455, 0.001543, 0.001506, 0.001620, 0.001554, 0.001529, 0.001440, 0.001527, 0.001469, 0.001531, 0.001441, 0.001384, 0.001440, 0.001571, 0.001368, 0.001471, 0.001407, 0.001601, 0.001418, 0.001518, 0.001468, 0.001360, 0.001328, 0.001306, 0.001064, 0.001410, 0.001178, 0.001282, 0.001130, 0.001198, 0.001099, 0.001320, 0.001211, 0.001302, 0.001118, 0.001245, 0.001102, 0.001426, 0.001243, 0.001309, 0.001177, 0.001392, 0.001203, 0.001301, 0.001165, 0.001386, 0.001195, 0.001359, 0.001238, 0.001485, 0.001173, 0.001372, 0.001181, 0.001378, 0.001160, 0.001412, 0.001218, 0.001405, 0.001189, 0.001391
16 , 3, 3, 3, 3, 0, 0, 0
16 , 0.005301, 0.004807, 0.005137, 0.004900, 0.005086, 0.005814, 0.006195
