0 , 0.001228, 0.001331, 0.001177, 0.001267, 0.001225, 0.001291, 0.001267, 0.001296, 0.001268, 0.001324, 0.001340, 0.001367, 0.001329, 0.001380, 0.001273, 0.001516, 0.000856, 0.001414, 0.001640, 0.001803, 0.001625, 0.001785, 0.001627, 0.001709, 0.001789, 0.001810, 0.001838, 0.001710, 0.001879, 0.001730, 0.001905, 0.001850, 0.001832, 0.002040, 0.001901, 0.002015, 0.001759, 0.002009, 0.002115, 0.002069, 0.002229, 0.000480, 0.001162, 0.001408, 0.001340, 0.001375, 0.001236, 0.001389, 0.001389, 0.001460, 0.001209, 0.001370, 0.001148, 0.001357, 0.001204, 0.001340, 0.001148, 0.001368, 0.001233, 0.001392, 0.001194, 0.001436, 0.001316, 0.001478, 0.001186, 0.001465, 0.001148, 0.000710, 0.001581, 0.001694, 0.001653, 0.001713, 0.001850, 0.001952, 0.001960, 0.001653, 0.001899, 0.001910, 0.001990, 0.001899, 0.001789, 0.002062, 0.001869, 0.001979, 0.001861, 0.001895, 0.001928, 0.001826, 0.001959, 0.001701, 0.002096, 0.001489
0 , 0, 0, 0, 0, 0, 0, 0
0 , 0.023324, 0.022276, 0.021779, 0.020221, 0.018793, 0.017542, 0.015797
1 , 0.001236, 0.001389, 0.001389, 0.001460, 0.001209, 0.001370, 0.001148, 0.001357, 0.001204, 0.001340, 0.001148, 0.001368, 0.001233, 0.001392, 0.001194, 0.001436, 0.001316, 0.001478, 0.001186, 0.001465, 0.001148, 0.000710, 0.001581, 0.001694, 0.001653, 0.001713, 0.001850, 0.001952, 0.001960, 0.001653, 0.001899, 0.001910, 0.001990, 0.001899, 0.001789, 0.002062, 0.001869, 0.001979, 0.001861, 0.001895, 0.001928, 0.001826, 0.001959, 0.001701, 0.002096, 0.001489, 0.001247, 0.001757, 0.001640, 0.001463, 0.001516, 0.001513, 0.001447, 0.001447, 0.001482, 0.001453, 0.001425, 0.001457, 0.001431, 0.001402, 0.001400, 0.001352, 0.001388, 0.001237, 0.001306, 0.001382, 0.001431, 0.001277, 0.001387, 0.000137, 0.001847, 0.001691, 0.001853, 0.001698, 0.001785, 0.001827, 0.001767, 0.001998, 0.001884, 0.002081, 0.001959, 0.002085, 0.002016, 0.001891, 0.002009, 0.001869, 0.001993, 0.001902, 0.001940, 0.001860, 0.001792, 0.002008
1 , 0, 0, 0, 0, 0, 0, 0
1 , 0.017549, 0.019304, 0.022841, 0.023607, 0.023767, 0.023239, 0.021472
2 , 0.001516, 0.001513, 0.001447, 0.001447, 0.001482, 0.001453, 0.001425, 0.001457, 0.001431, 0.001402, 0.001400, 0.001352, 0.001388, 0.001237, 0.001306, 0.001382, 0.001431, 0.001277, 0.001387, 0.000137, 0.001847, 0.001691, 0.001853, 0.001698, 0.001785, 0.001827, 0.001767, 0.001998, 0.001884, 0.002081, 0.001959, 0.002085, 0.002016, 0.001891, 0.002009, 0.001869, 0.001993, 0.001902, 0.001940, 0.001860, 0.001792, 0.002008, 0.001952, 0.001899, 0.000622, 0.001499, 0.001670, 0.001585, 0.001660, 0.001531, 0.001663, 0.001438, 0.001591, 0.001369, 0.001494, 0.001368, 0.001563, 0.001411, 0.001411, 0.001357, 0.001431, 0.001300, 0.001522, 0.001255, 0.001510, 0.001266, 0.001478, 0.001274, 0.001559, 0.000745, 0.001161, 0.001744, 0.001793, 0.001801, 0.001755, 0.001952, 0.001967, 0.002043, 0.001827, 0.001922, 0.002013, 0.001918, 0.002008, 0.001774, 0.002005, 0.002050, 0.001943, 0.001852, 0.001799, 0.001910, 0.001653, 0.001878
2 , 0, 0, 0, 0, 0, 0, 0
2 , 0.017512, 0.019030, 0.020139, 0.021117, 0.020175, 0.019966, 0.017804
3 , 0.001531, 0.001663, 0.001438, 0.001591, 0.001369, 0.001494, 0.001368, 0.001563, 0.001411, 0.001411, 0.001357, 0.001431, 0.001300, 0.001522, 0.001255, 0.001510, 0.001266, 0.001478, 0.001274, 0.001559, 0.000745, 0.001161, 0.001744, 0.001793, 0.001801, 0.001755, 0.001952, 0.001967, 0.002043, 0.001827, 0.001922, 0.002013, 0.001918, 0.002008, 0.001774, 0.002005, 0.002050, 0.001943, 0.001852, 0.001799, 0.001910, 0.001653, 0.001878, 0.001566, 0.001941, 0.000500, 0.001661, 0.001650, 0.001702, 0.001627, 0.001677, 0.001646, 0.001612, 0.001575, 0.001574, 0.001597, 0.001595, 0.001600, 0.001571, 0.001571, 0.001575, 0.001519, 0.001517, 0.001705, 0.001585, 0.001563, 0.001562, 0.001665, 0.001467, 0.000491, 0.001697, 0.001536, 0.001625, 0.001794, 0.001776, 0.001746, 0.001679, 0.001924, 0.001883, 0.001970, 0.001815, 0.001822, 0.002003, 0.001751, 0.001921, 0.001880, 0.001879, 0.001845, 0.001906, 0.001925, 0.001733, 0.001925
3 , 0, 0, 0, 0, 0, 0, 0
3 , 0.011112, 0.012536, 0.014382, 0.015572, 0.015880, 0.015487, 0.014457
4 , 0.001677, 0.001646, 0.001612, 0.001575, 0.001574, 0.001597, 0.001595, 0.001600, 0.001571, 0.001571, 0.001575, 0.001519, 0.001517, 0.001705, 0.001585, 0.001563, 0.001562, 0.001665, 0.001467, 0.000491, 0.001697, 0.001536, 0.001625, 0.001794, 0.001776, 0.001746, 0.001679, 0.001924, 0.001883, 0.001970, 0.001815, 0.001822, 0.002003, 0.001751, 0.001921, 0.001880, 0.001879, 0.001845, 0.001906, 0.001925, 0.001733, 0.001925, 0.002035, 0.001375, 0.001469, 0.001592, 0.001566, 0.001417, 0.001533, 0.001406, 0.001480, 0.001255, 0.001565, 0.001384, 0.001571, 0.001355, 0.001513, 0.001385, 0.001401, 0.001334, 0.001489, 0.001302, 0.001401, 0.001268, 0.001547, 0.001350, 0.001634, 0.001390, 0.001816, 0.000090, 0.001322, 0.001552, 0.001545, 0.001451, 0.001454, 0.001528, 0.001803, 0.001514, 0.001548, 0.001498, 0.001717, 0.001700, 0.001717, 0.001667, 0.001569, 0.001936, 0.001746, 0.001830, 0.001791, 0.001848, 0.002061, 0.001871
4 , 0, 0, 0, 0, 0, 0, 0
4 , 0.006967, 0.008789, 0.012160, 0.013076, 0.013162, 0.012968, 0.011211
5 , 0.001480, 0.001255, 0.001565, 0.001384, 0.001571, 0.001355, 0.001513, 0.001385, 0.001401, 0.001334, 0.001489, 0.001302, 0.001401, 0.001268, 0.001547, 0.001350, 0.001634, 0.001390, 0.001816, 0.000090, 0.001322, 0.001552, 0.001545, 0.001451, 0.001454, 0.001528, 0.001803, 0.001514, 0.001548, 0.001498, 0.001717, 0.001700, 0.001717, 0.001667, 0.001569, 0.001936, 0.001746, 0.001830, 0.001791, 0.001848, 0.002061, 0.001871, 0.001929, 0.001772, 0.000273, 0.001570, 0.001448, 0.001524, 0.001394, 0.001336, 0.001304, 0.001272, 0.001182, 0.001281, 0.001159, 0.001218, 0.001179, 0.001233, 0.001347, 0.001367, 0.001422, 0.001417, 0.001379, 0.001225, 0.001512, 0.001368, 0.001494, 0.000752, 0.001011, 0.001622, 0.001548, 0.001433, 0.001623, 0.001552, 0.001677, 0.001569, 0.001592, 0.001763, 0.001621, 0.001682, 0.001661, 0.002042, 0.001864, 0.001735, 0.001837, 0.001612, 0.001842, 0.001762, 0.001785, 0.001691, 0.001760, 0.001926
5 , 0, 0, 0, 0, 0, 0, 0
5 , 0.012842, 0.014293, 0.014838, 0.014867, 0.015158, 0.015054, 0.013662
6 , 0.001304, 0.001272, 0.001182, 0.001281, 0.001159, 0.001218, 0.001179, 0.001233, 0.001347, 0.001367, 0.001422, 0.001417, 0.001379, 0.001225, 0.001512, 0.001368, 0.001494, 0.000752, 0.001011, 0.001622, 0.001548, 0.001433, 0.001623, 0.001552, 0.001677, 0.001569, 0.001592, 0.001763, 0.001621, 0.001682, 0.001661, 0.002042, 0.001864, 0.001735, 0.001837, 0.001612, 0.001842, 0.001762, 0.001785, 0.001691, 0.001760, 0.001926, 0.001720, 0.002000, 0.000383, 0.001354, 0.001568, 0.001653, 0.001594, 0.001432, 0.001522, 0.001422, 0.001516, 0.001416, 0.001567, 0.001470, 0.001667, 0.001416, 0.001602, 0.001358, 0.001615, 0.001365, 0.001495, 0.001405, 0.001538, 0.001388, 0.001582, 0.001366, 0.001499, 0.001343, 0.001477, 0.001265, 0.001462, 0.001353, 0.001448, 0.001281, 0.001427, 0.001384, 0.001446, 0.001342, 0.001554, 0.001304, 0.001611, 0.001363, 0.001585, 0.001466, 0.001472, 0.001287, 0.001515, 0.001457, 0.001529, 0.001342
6 , 3, 3, 3, 3, 3, 3, 3
6 , 0.010504, 0.010324, 0.009780, 0.009861, 0.008915, 0.008600, 0.007633
7 , 0.001568, 0.001653, 0.001594, 0.001432, 0.001522, 0.001422, 0.001516, 0.001416, 0.001567, 0.001470, 0.001667, 0.001416, 0.001602, 0.001358, 0.001615, 0.001365, 0.001495, 0.001405, 0.001538, 0.001388, 0.001582, 0.001366, 0.001499, 0.001343, 0.001477, 0.001265, 0.001462, 0.001353, 0.001448, 0.001281, 0.001427, 0.001384, 0.001446, 0.001342, 0.001554, 0.001304, 0.001611, 0.001363, 0.001585, 0.001466, 0.001472, 0.001287, 0.001515, 0.001457, 0.001529, 0.001342, 0.001534, 0.001406, 0.001502, 0.001423, 0.001587, 0.001303, 0.001494, 0.001332, 0.001608, 0.001448, 0.001571, 0.001408, 0.001530, 0.001303, 0.001451, 0.001408, 0.001584, 0.001451, 0.001522, 0.001388, 0.001699, 0.001379, 0.001567, 0.001604, 0.001543, 0.001511, 0.001613, 0.001516, 0.001612, 0.001487, 0.001619, 0.001376, 0.001565, 0.001351, 0.001602, 0.001328, 0.001458, 0.001431, 0.001477, 0.001414, 0.001362, 0.001308, 0.001372, 0.001343, 0.001496, 0.001303
7 , 2, 2, 1, 1, 1, 1, 1
7 , 0.001330, 0.000315, 0.002090, 0.002182, 0.002426, 0.002409, 0.002494
8 , 0.001494, 0.001332, 0.001608, 0.001448, 0.001571, 0.001408, 0.001530, 0.001303, 0.001451, 0.001408, 0.001584, 0.001451, 0.001522, 0.001388, 0.001699, 0.001379, 0.001567, 0.001604, 0.001543, 0.001511, 0.001613, 0.001516, 0.001612, 0.001487, 0.001619, 0.001376, 0.001565, 0.001351, 0.001602, 0.001328, 0.001458, 0.001431, 0.001477, 0.001414, 0.001362, 0.001308, 0.001372, 0.001343, 0.001496, 0.001303, 0.001396, 0.001273, 0.001460, 0.001366, 0.001492, 0.001428, 0.001398, 0.001449, 0.001563, 0.001470, 0.001477, 0.001446, 0.001539, 0.001321, 0.001393, 0.001370, 0.001401, 0.001253, 0.001375, 0.001382, 0.001299, 0.001329, 0.001279, 0.001313, 0.001254, 0.001286, 0.001250, 0.001257, 0.001311, 0.001365, 0.001272, 0.001357, 0.001348, 0.001433, 0.001422, 0.001534, 0.001342, 0.001489, 0.001477, 0.001477, 0.001384, 0.001440, 0.001466, 0.001501, 0.001405, 0.001498, 0.001377, 0.001544, 0.001312, 0.001472, 0.001356, 0.001401
8 , 2, 2, 2, 2, 2, 2, 2
8 , 0.001857, 0.002306, 0.002571, 0.003158, 0.003587, 0.004050, 0.004090
9 , 0.001539, 0.001321, 0.001393, 0.001370, 0.001401, 0.001253, 0.001375, 0.001382, 0.001299, 0.001329, 0.001279, 0.001313, 0.001254, 0.001286, 0.001250, 0.001257, 0.001311, 0.001365, 0.001272, 0.001357, 0.001348, 0.001433, 0.001422, 0.001534, 0.001342, 0.001489, 0.001477, 0.001477, 0.001384, 0.001440, 0.001466, 0.001501, 0.001405, 0.001498, 0.001377, 0.001544, 0.001312, 0.001472, 0.001356, 0.001401, 0.001412, 0.001517, 0.001277, 0.001408, 0.001221, 0.001447, 0.001198, 0.001476, 0.001409, 0.001375, 0.001301, 0.001456, 0.001294, 0.001568, 0.001337, 0.001549, 0.001345, 0.001438, 0.001450, 0.001594, 0.001512, 0.001703, 0.001547, 0.001782, 0.001494, 0.001711, 0.001578, 0.001732, 0.001667, 0.001670, 0.001482, 0.001856, 0.001674, 0.001772, 0.001528, 0.001725, 0.001549, 0.001682, 0.001470, 0.001518, 0.001392, 0.001574, 0.001429, 0.001509, 0.001353, 0.001454, 0.001332, 0.001494, 0.001273, 0.001459, 0.001225, 0.001360
9 , 0, 0, 3, 3, 3, 3, 3
9 , 0.002894, 0.002218, 0.002000, 0.002185, 0.003324, 0.003502, 0.004422
10 , 0.001294, 0.001568, 0.001337, 0.001549, 0.001345, 0.001438, 0.001450, 0.001594, 0.001512, 0.001703, 0.001547, 0.001782, 0.001494, 0.001711, 0.001578, 0.001732, 0.001667, 0.001670, 0.001482, 0.001856, 0.001674, 0.001772, 0.001528, 0.001725, 0.001549, 0.001682, 0.001470, 0.001518, 0.001392, 0.001574, 0.001429, 0.001509, 0.001353, 0.001454, 0.001332, 0.001494, 0.001273, 0.001459, 0.001225, 0.001360, 0.001268, 0.001423, 0.001331, 0.001374, 0.001333, 0.001397, 0.001216, 0.001496, 0.001309, 0.001399, 0.001252, 0.001354, 0.001198, 0.001228, 0.001338, 0.001335, 0.001302, 0.001390, 0.001384, 0.001419, 0.001403, 0.001496, 0.001379, 0.001428, 0.001391, 0.001422, 0.001321, 0.001371, 0.001336, 0.001335, 0.001382, 0.001472, 0.001443, 0.001469, 0.001467, 0.001472, 0.001497, 0.001375, 0.001445, 0.001352, 0.001477, 0.001328, 0.001484, 0.001474, 0.001640, 0.001463, 0.001493, 0.001467, 0.001470, 0.001443, 0.001488, 0.001416
10 , 2, 2, 2, 2, 2, 2, 2
10 , 0.003029, 0.004135, 0.005001, 0.005740, 0.006016, 0.006227, 0.006396
11 , 0.001198, 0.001228, 0.001338, 0.001335, 0.001302, 0.001390, 0.001384, 0.001419, 0.001403, 0.001496, 0.001379, 0.001428, 0.001391, 0.001422, 0.001321, 0.001371, 0.001336, 0.001335, 0.001382, 0.001472, 0.001443, 0.001469, 0.001467, 0.001472, 0.001497, 0.001375, 0.001445, 0.001352, 0.001477, 0.001328, 0.001484, 0.001474, 0.001640, 0.001463, 0.001493, 0.001467, 0.001470, 0.001443, 0.001488, 0.001416, 0.001457, 0.001215, 0.001345, 0.001340, 0.001509, 0.001263, 0.001372, 0.001160, 0.001318, 0.001148, 0.001187, 0.001223, 0.001267, 0.001081, 0.001214, 0.001178, 0.001301, 0.001220, 0.001456, 0.001198, 0.001322, 0.001101, 0.001296, 0.001017, 0.001270, 0.001144, 0.001222, 0.001071, 0.001218, 0.001252, 0.001349, 0.001132, 0.001368, 0.001113, 0.001244, 0.001094, 0.001256, 0.001037, 0.001222, 0.001092, 0.001153, 0.001039, 0.001270, 0.001194, 0.001367, 0.001262, 0.001411, 0.001369, 0.001542, 0.001307, 0.001544, 0.001531
11 , 0, 0, 0, 0, 0, 0, 0
11 , 0.002574, 0.002919, 0.002853, 0.002846, 0.002756, 0.002330, 0.002374
12 , 0.001160, 0.001318, 0.001148, 0.001187, 0.001223, 0.001267, 0.001081, 0.001214, 0.001178, 0.001301, 0.001220, 0.001456, 0.001198, 0.001322, 0.001101, 0.001296, 0.001017, 0.001270, 0.001144, 0.001222, 0.001071, 0.001218, 0.001252, 0.001349, 0.001132, 0.001368, 0.001113, 0.001244, 0.001094, 0.001256, 0.001037, 0.001222, 0.001092, 0.001153, 0.001039, 0.001270, 0.001194, 0.001367, 0.001262, 0.001411, 0.001369, 0.001542, 0.001307, 0.001544, 0.001531, 0.001591, 0.001389, 0.001629, 0.001538, 0.001478, 0.001570, 0.001660, 0.001478, 0.001566, 0.001499, 0.001561, 0.001496, 0.001627, 0.001420, 0.001606, 0.001548, 0.001433, 0.001528, 0.001438, 0.001415, 0.001513, 0.001460, 0.001374, 0.001559, 0.001408, 0.001388, 0.001366, 0.001343, 0.001258, 0.001302, 0.001296, 0.001355, 0.001268, 0.001395, 0.001209, 0.001275, 0.001309, 0.001404, 0.001245, 0.001367, 0.001262, 0.001480, 0.001291, 0.001445, 0.001318, 0.001511, 0.001302
12 , 1, 3, 3, 3, 3, 3, 3
12 , 0.004240, 0.004844, 0.005270, 0.005680, 0.005645, 0.005700, 0.005752
13 , 0.001478, 0.001566, 0.001499, 0.001561, 0.001496, 0.001627, 0.001420, 0.001606, 0.001548, 0.001433, 0.001528, 0.001438, 0.001415, 0.001513, 0.001460, 0.001374, 0.001559, 0.001408, 0.001388, 0.001366, 0.001343, 0.001258, 0.001302, 0.001296, 0.001355, 0.001268, 0.001395, 0.001209, 0.001275, 0.001309, 0.001404, 0.001245, 0.001367, 0.001262, 0.001480, 0.001291, 0.001445, 0.001318, 0.001511, 0.001302, 0.001423, 0.001252, 0.001348, 0.001313, 0.001436, 0.001359, 0.001488, 0.001241, 0.001359, 0.001259, 0.001512, 0.001417, 0.001459, 0.001355, 0.001518, 0.001234, 0.001483, 0.001269, 0.001516, 0.001340, 0.001526, 0.001361, 0.001483, 0.001470, 0.001595, 0.001464, 0.001649, 0.001403, 0.001614, 0.001421, 0.001633, 0.001441, 0.001443, 0.001404, 0.001533, 0.001527, 0.001681, 0.001527, 0.001531, 0.001412, 0.001482, 0.001486, 0.001525, 0.001460, 0.001467, 0.001348, 0.001559, 0.001370, 0.001486, 0.001463, 0.001460, 0.001484
13 , 2, 2, 2, 2, 2, 2, 2
13 , 0.005469, 0.004957, 0.004693, 0.003769, 0.003538, 0.003258, 0.003183
14 , 0.001488, 0.001241, 0.001359, 0.001259, 0.001512, 0.001417, 0.001459, 0.001355, 0.001518, 0.001234, 0.001483, 0.001269, 0.001516, 0.001340, 0.001526, 0.001361, 0.001483, 0.001470, 0.001595, 0.001464, 0.001649, 0.001403, 0.001614, 0.001421, 0.001633, 0.001441, 0.001443, 0.001404, 0.001533, 0.001527, 0.001681, 0.001527, 0.001531, 0.001412, 0.001482, 0.001486, 0.001525, 0.001460, 0.001467, 0.001348, 0.001559, 0.001370, 0.001486, 0.001463, 0.001460, 0.001484, 0.001524, 0.001580, 0.001521, 0.001513, 0.001604, 0.001545, 0.001550, 0.001530, 0.001502, 0.001533, 0.001356, 0.001377, 0.001409, 0.001443, 0.001527, 0.001472, 0.001441, 0.001530, 0.001355, 0.001451, 0.001391, 0.001486, 0.001399, 0.001406, 0.001404, 0.001534, 0.001403, 0.001472, 0.001138, 0.001387, 0.001353, 0.001507, 0.001199, 0.001409, 0.001431, 0.001488, 0.001326, 0.001539, 0.001417, 0.001630, 0.001469, 0.001624, 0.001281, 0.001470, 0.001470, 0.001443
14 , 3, 3, 3, 3, 3, 3, 3
14 , 0.003387, 0.003100, 0.002580, 0.002498, 0.002512, 0.002122, 0.001836
15 , 0.001524, 0.001580, 0.001521, 0.001513, 0.001604, 0.001545, 0.001550, 0.001530, 0.001502, 0.001533, 0.001356, 0.001377, 0.001409, 0.001443, 0.001527, 0.001472, 0.001441, 0.001530, 0.001355, 0.001451, 0.001391, 0.001486, 0.001399, 0.001406, 0.001404, 0.001534, 0.001403, 0.001472, 0.001138, 0.001387, 0.001353, 0.001507, 0.001199, 0.001409, 0.001431, 0.001488, 0.001326, 0.001539, 0.001417, 0.001630, 0.001469, 0.001624, 0.001281, 0.001470, 0.001470, 0.001443, 0.001315, 0.001594, 0.001324, 0.001491, 0.001337, 0.001502, 0.001282, 0.001473, 0.001282, 0.001390, 0.001394, 0.001519, 0.001335, 0.001465, 0.001306, 0.001445, 0.001293, 0.001415, 0.001175, 0.001252, 0.001189, 0.001345, 0.001212, 0.001284, 0.001168, 0.001353, 0.001252, 0.001284, 0.001218, 0.001465, 0.001236, 0.001338, 0.001171, 0.001381, 0.001374, 0.001243, 0.001177, 0.001328, 0.001262, 0.001299, 0.001319, 0.001501, 0.001370, 0.001340, 0.001302, 0.001395
15 , 1, 1, 1, 1, 1, 2, 2
15 , 0.002905, 0.002488, 0.002192, 0.001991, 0.001309, 0.000968, 0.001145
16 , 0.001315, 0.001594, 0.001324, 0.001491, 0.001337, 0.001502, 0.001282, 0.001473, 0.001282, 0.001390, 0.001394, 0.001519, 0.001335, 0.001465, 0.001306, 0.001445, 0.001293, 0.001415, 0.001175, 0.001252, 0.001189, 0.001345, 0.001212, 0.001284, 0.001168, 0.001353, 0.001252, 0.001284, 0.001218, 0.001465, 0.001236, 0.001338, 0.001171, 0.001381, 0.001374, 0.001243, 0.001177, 0.001328, 0.001262, 0.001299, 0.001319, 0.001501, 0.001370, 0.001340, 0.001302, 0.001395, 0.001475, 0.001544, 0.001459, 0.001465, 0.001404, 0.001303, 0.001427, 0.001422, 0.001369, 0.001401, 0.001573, 0.001452, 0.001391, 0.001382, 0.001441, 0.001416, 0.001570, 0.001549, 0.001489, 0.001305, 0.001367, 0.001334, 0.001435, 0.001372, 0.001377, 0.001496, 0.001443, 0.001258, 0.001514, 0.001313, 0.001401, 0.001313, 0.001441, 0.001318, 0.001570, 0.001324, 0.001509, 0.001282, 0.001445, 0.001314, 0.001318, 0.001257, 0.001477, 0.001286, 0.001379, 0.001303
16 , 1, 1, 1, 1, 1, 1, 1
16 , 0.003415, 0.003430, 0.002914, 0.002663, 0.002186, 0.001834, 0.000948
