0 , 0.001576, 0.001376, 0.001533, 0.001225, 0.001286, 0.001217, 0.001422, 0.001382, 0.001414, 0.001283, 0.001368, 0.001213, 0.001364, 0.001361, 0.001335, 0.001294, 0.001442, 0.001245, 0.001396, 0.001303, 0.001417, 0.001381, 0.001376, 0.001437, 0.001355, 0.000674, 0.001671, 0.001541, 0.001699, 0.001626, 0.001635, 0.001692, 0.001555, 0.001791, 0.001811, 0.001913, 0.001646, 0.001801, 0.001913, 0.001845, 0.001848, 0.001706, 0.001929, 0.001902, 0.001858, 0.001854, 0.001776, 0.001956, 0.001995, 0.001204, 0.001405, 0.001417, 0.001644, 0.001381, 0.001390, 0.001300, 0.001455, 0.001301, 0.001278, 0.001161, 0.001453, 0.001146, 0.001402, 0.001124, 0.001313, 0.001187, 0.001322, 0.001178, 0.001330, 0.001173, 0.001239, 0.000967, 0.001395, 0.000404, 0.001707, 0.001928, 0.001898, 0.001814, 0.001704, 0.001808, 0.001951, 0.001899, 0.001848, 0.001582, 0.001886, 0.001778, 0.001768, 0.001738, 0.001633, 0.001758, 0.001724, 0.001802
0 , 0, 0, 0, 0, 0, 0, 0
0 , 0.009150, 0.011197, 0.013702, 0.014258, 0.016616, 0.018101, 0.020362
1 , 0.001644, 0.001381, 0.001390, 0.001300, 0.001455, 0.001301, 0.001278, 0.001161, 0.001453, 0.001146, 0.001402, 0.001124, 0.001313, 0.001187, 0.001322, 0.001178, 0.001330, 0.001173, 0.001239, 0.000967, 0.001395, 0.000404, 0.001707, 0.001928, 0.001898, 0.001814, 0.001704, 0.001808, 0.001951, 0.001899, 0.001848, 0.001582, 0.001886, 0.001778, 0.001768, 0.001738, 0.001633, 0.001758, 0.001724, 0.001802, 0.001556, 0.001782, 0.001839, 0.001748, 0.001846, 0.001714, 0.000541, 0.001745, 0.001604, 0.001557, 0.001464, 0.001561, 0.001375, 0.001500, 0.001465, 0.001410, 0.001275, 0.001287, 0.001313, 0.001554, 0.001339, 0.001378, 0.001464, 0.001438, 0.001282, 0.001382, 0.001316, 0.001443, 0.001403, 0.001332, 0.001425, 0.000660, 0.001325, 0.001870, 0.001731, 0.001741, 0.001941, 0.001852, 0.001893, 0.001768, 0.002006, 0.001949, 0.001983, 0.001899, 0.001837, 0.001902, 0.001689, 0.001837, 0.001705, 0.001844, 0.001924, 0.001863
1 , 0, 0, 0, 0, 0, 0, 0
1 , 0.014609, 0.016609, 0.017913, 0.018616, 0.020802, 0.020490, 0.019157
2 , 0.001464, 0.001561, 0.001375, 0.001500, 0.001465, 0.001410, 0.001275, 0.001287, 0.001313, 0.001554, 0.001339, 0.001378, 0.001464, 0.001438, 0.001282, 0.001382, 0.001316, 0.001443, 0.001403, 0.001332, 0.001425, 0.000660, 0.001325, 0.001870, 0.001731, 0.001741, 0.001941, 0.001852, 0.001893, 0.001768, 0.002006, 0.001949, 0.001983, 0.001899, 0.001837, 0.001902, 0.001689, 0.001837, 0.001705, 0.001844, 0.001924, 0.001863, 0.001787, 0.001606, 0.001699, 0.001926, 0.000126, 0.001938, 0.001695, 0.001731, 0.001458, 0.001672, 0.001514, 0.001460, 0.001336, 0.001489, 0.001536, 0.001514, 0.001426, 0.001554, 0.001432, 0.001504, 0.001449, 0.001510, 0.001358, 0.001367, 0.001298, 0.001402, 0.001309, 0.001278, 0.001097, 0.001636, 0.001601, 0.001602, 0.001756, 0.001654, 0.001778, 0.001808, 0.001779, 0.001828, 0.001824, 0.001835, 0.001751, 0.001894, 0.001701, 0.001815, 0.002008, 0.001690, 0.001888, 0.001821, 0.001829, 0.001916
2 , 0, 0, 0, 0, 0, 0, 0
2 , 0.011952, 0.013636, 0.015515, 0.015724, 0.016873, 0.016943, 0.016259
3 , 0.001672, 0.001514, 0.001460, 0.001336, 0.001489, 0.001536, 0.001514, 0.001426, 0.001554, 0.001432, 0.001504, 0.001449, 0.001510, 0.001358, 0.001367, 0.001298, 0.001402, 0.001309, 0.001278, 0.001097, 0.001636, 0.001601, 0.001602, 0.001756, 0.001654, 0.001778, 0.001808, 0.001779, 0.001828, 0.001824, 0.001835, 0.001751, 0.001894, 0.001701, 0.001815, 0.002008, 0.001690, 0.001888, 0.001821, 0.001829, 0.001916, 0.001733, 0.002060, 0.001144, 0.001045, 0.001573, 0.001486, 0.001642, 0.001384, 0.001506, 0.001255, 0.001501, 0.001377, 0.001449, 0.001256, 0.001410, 0.001381, 0.001475, 0.001265, 0.001573, 0.001323, 0.001446, 0.001342, 0.001536, 0.001382, 0.001489, 0.001266, 0.001315, 0.001377, 0.000195, 0.001628, 0.001776, 0.001674, 0.001712, 0.001958, 0.001863, 0.001966, 0.001833, 0.002129, 0.001939, 0.002076, 0.002023, 0.001898, 0.002086, 0.001901, 0.002060, 0.001806, 0.002078, 0.002070, 0.001767, 0.001874, 0.001753
3 , 0, 0, 0, 0, 0, 0, 0
3 , 0.015529, 0.016133, 0.019221, 0.018946, 0.019086, 0.018345, 0.016828
4 , 0.001384, 0.001506, 0.001255, 0.001501, 0.001377, 0.001449, 0.001256, 0.001410, 0.001381, 0.001475, 0.001265, 0.001573, 0.001323, 0.001446, 0.001342, 0.001536, 0.001382, 0.001489, 0.001266, 0.001315, 0.001377, 0.000195, 0.001628, 0.001776, 0.001674, 0.001712, 0.001958, 0.001863, 0.001966, 0.001833, 0.002129, 0.001939, 0.002076, 0.002023, 0.001898, 0.002086, 0.001901, 0.002060, 0.001806, 0.002078, 0.002070, 0.001767, 0.001874, 0.001753, 0.001939, 0.001838, 0.000744, 0.001847, 0.001604, 0.001640, 0.001454, 0.001546, 0.001511, 0.001390, 0.001429, 0.001379, 0.001356, 0.001396, 0.001336, 0.001336, 0.001248, 0.001316, 0.001225, 0.001302, 0.001146, 0.001153, 0.001270, 0.001134, 0.001323, 0.000740, 0.001519, 0.001598, 0.001871, 0.001602, 0.001814, 0.001750, 0.001879, 0.001992, 0.001916, 0.001911, 0.001723, 0.001895, 0.001789, 0.001783, 0.001733, 0.001774, 0.001866, 0.001761, 0.001900, 0.001664, 0.001795, 0.001930
4 , 0, 0, 0, 0, 0, 0, 0
4 , 0.016040, 0.017879, 0.020602, 0.022236, 0.022526, 0.021822, 0.019914
5 , 0.001454, 0.001546, 0.001511, 0.001390, 0.001429, 0.001379, 0.001356, 0.001396, 0.001336, 0.001336, 0.001248, 0.001316, 0.001225, 0.001302, 0.001146, 0.001153, 0.001270, 0.001134, 0.001323, 0.000740, 0.001519, 0.001598, 0.001871, 0.001602, 0.001814, 0.001750, 0.001879, 0.001992, 0.001916, 0.001911, 0.001723, 0.001895, 0.001789, 0.001783, 0.001733, 0.001774, 0.001866, 0.001761, 0.001900, 0.001664, 0.001795, 0.001930, 0.001664, 0.001877, 0.000111, 0.001650, 0.001760, 0.001720, 0.001690, 0.001437, 0.001498, 0.001528, 0.001719, 0.001466, 0.001591, 0.001468, 0.001753, 0.001563, 0.001662, 0.001355, 0.001557, 0.001343, 0.001567, 0.001322, 0.001522, 0.001496, 0.001573, 0.001353, 0.001512, 0.001222, 0.000770, 0.001757, 0.001742, 0.001776, 0.001769, 0.001901, 0.001780, 0.001848, 0.001689, 0.001931, 0.001820, 0.001838, 0.001765, 0.001698, 0.001949, 0.001733, 0.001906, 0.001676, 0.001717, 0.001875, 0.001788, 0.001862
5 , 0, 0, 0, 0, 0, 0, 0
5 , 0.013499, 0.012940, 0.014151, 0.016436, 0.015745, 0.015819, 0.014460
6 , 0.001437, 0.001498, 0.001528, 0.001719, 0.001466, 0.001591, 0.001468, 0.001753, 0.001563, 0.001662, 0.001355, 0.001557, 0.001343, 0.001567, 0.001322, 0.001522, 0.001496, 0.001573, 0.001353, 0.001512, 0.001222, 0.000770, 0.001757, 0.001742, 0.001776, 0.001769, 0.001901, 0.001780, 0.001848, 0.001689, 0.001931, 0.001820, 0.001838, 0.001765, 0.001698, 0.001949, 0.001733, 0.001906, 0.001676, 0.001717, 0.001875, 0.001788, 0.001862, 0.001670, 0.001838, 0.001439, 0.001195, 0.001623, 0.001603, 0.001551, 0.001457, 0.001340, 0.001374, 0.001317, 0.001318, 0.001413, 0.001349, 0.001352, 0.001288, 0.001288, 0.001379, 0.001350, 0.001317, 0.001407, 0.001494, 0.001435, 0.001429, 0.001298, 0.001539, 0.000233, 0.001489, 0.001400, 0.001738, 0.001688, 0.001692, 0.001687, 0.001724, 0.001840, 0.001765, 0.001942, 0.001712, 0.001942, 0.002033, 0.001942, 0.001851, 0.001806, 0.002107, 0.001861, 0.001882, 0.001761, 0.001731, 0.001846
6 , 0, 0, 0, 0, 0, 0, 0
6 , 0.011069, 0.012166, 0.015584, 0.016991, 0.017057, 0.016707, 0.016004
7 , 0.001457, 0.001340, 0.001374, 0.001317, 0.001318, 0.001413, 0.001349, 0.001352, 0.001288, 0.001288, 0.001379, 0.001350, 0.001317, 0.001407, 0.001494, 0.001435, 0.001429, 0.001298, 0.001539, 0.000233, 0.001489, 0.001400, 0.001738, 0.001688, 0.001692, 0.001687, 0.001724, 0.001840, 0.001765, 0.001942, 0.001712, 0.001942, 0.002033, 0.001942, 0.001851, 0.001806, 0.002107, 0.001861, 0.001882, 0.001761, 0.001731, 0.001846, 0.001697, 0.001906, 0.001596, 0.001987, 0.000114, 0.001764, 0.001455, 0.001589, 0.001396, 0.001465, 0.001281, 0.001501, 0.001375, 0.001509, 0.001194, 0.001408, 0.001407, 0.001469, 0.001401, 0.001430, 0.001248, 0.001523, 0.001339, 0.001526, 0.001370, 0.001649, 0.001274, 0.001396, 0.001299, 0.001548, 0.001420, 0.001584, 0.001279, 0.001526, 0.001223, 0.001475, 0.001266, 0.001463, 0.001364, 0.001525, 0.001248, 0.001374, 0.001313, 0.001392, 0.001209, 0.001368, 0.001273, 0.001429, 0.001238, 0.001368
7 , 3, 3, 0, 3, 3, 3, 3
7 , 0.008647, 0.010923, 0.011449, 0.011084, 0.010857, 0.010198, 0.010057
8 , 0.001455, 0.001589, 0.001396, 0.001465, 0.001281, 0.001501, 0.001375, 0.001509, 0.001194, 0.001408, 0.001407, 0.001469, 0.001401, 0.001430, 0.001248, 0.001523, 0.001339, 0.001526, 0.001370, 0.001649, 0.001274, 0.001396, 0.001299, 0.001548, 0.001420, 0.001584, 0.001279, 0.001526, 0.001223, 0.001475, 0.001266, 0.001463, 0.001364, 0.001525, 0.001248, 0.001374, 0.001313, 0.001392, 0.001209, 0.001368, 0.001273, 0.001429, 0.001238, 0.001368, 0.001305, 0.001462, 0.001300, 0.001486, 0.001137, 0.001316, 0.001309, 0.001460, 0.001201, 0.001542, 0.001375, 0.001555, 0.001336, 0.001645, 0.001426, 0.001550, 0.001395, 0.001580, 0.001338, 0.001557, 0.001370, 0.001533, 0.001400, 0.001587, 0.001363, 0.001457, 0.001416, 0.001658, 0.001468, 0.001496, 0.001430, 0.001517, 0.001395, 0.001642, 0.001519, 0.001645, 0.001521, 0.001522, 0.001399, 0.001644, 0.001488, 0.001535, 0.001386, 0.001579, 0.001392, 0.001519, 0.001365, 0.001404
8 , 2, 2, 2, 2, 2, 2, 2
8 , 0.002094, 0.002199, 0.003085, 0.002685, 0.001817, 0.001928, 0.001797
9 , 0.001137, 0.001316, 0.001309, 0.001460, 0.001201, 0.001542, 0.001375, 0.001555, 0.001336, 0.001645, 0.001426, 0.001550, 0.001395, 0.001580, 0.001338, 0.001557, 0.001370, 0.001533, 0.001400, 0.001587, 0.001363, 0.001457, 0.001416, 0.001658, 0.001468, 0.001496, 0.001430, 0.001517, 0.001395, 0.001642, 0.001519, 0.001645, 0.001521, 0.001522, 0.001399, 0.001644, 0.001488, 0.001535, 0.001386, 0.001579, 0.001392, 0.001519, 0.001365, 0.001404, 0.001306, 0.001538, 0.001417, 0.001607, 0.001365, 0.001399, 0.001437, 0.001502, 0.001323, 0.001331, 0.001219, 0.001256, 0.001322, 0.001422, 0.001307, 0.001280, 0.001182, 0.001395, 0.001291, 0.001229, 0.001102, 0.001217, 0.001364, 0.001331, 0.001422, 0.001358, 0.001416, 0.001353, 0.001408, 0.001316, 0.001326, 0.001361, 0.001332, 0.001182, 0.001236, 0.001297, 0.001326, 0.001251, 0.001374, 0.001368, 0.001400, 0.001300, 0.001475, 0.001349, 0.001467, 0.001421, 0.001640, 0.001365
9 , 0, 0, 0, 0, 0, 0, 0
9 , 0.002251, 0.001728, 0.002301, 0.002242, 0.002667, 0.002031, 0.002175
10 , 0.001437, 0.001502, 0.001323, 0.001331, 0.001219, 0.001256, 0.001322, 0.001422, 0.001307, 0.001280, 0.001182, 0.001395, 0.001291, 0.001229, 0.001102, 0.001217, 0.001364, 0.001331, 0.001422, 0.001358, 0.001416, 0.001353, 0.001408, 0.001316, 0.001326, 0.001361, 0.001332, 0.001182, 0.001236, 0.001297, 0.001326, 0.001251, 0.001374, 0.001368, 0.001400, 0.001300, 0.001475, 0.001349, 0.001467, 0.001421, 0.001640, 0.001365, 0.001611, 0.001450, 0.001605, 0.001425, 0.001523, 0.001370, 0.001532, 0.001465, 0.001535, 0.001317, 0.001564, 0.001284, 0.001557, 0.001304, 0.001453, 0.001357, 0.001547, 0.001296, 0.001546, 0.001542, 0.001636, 0.001388, 0.001539, 0.001469, 0.001569, 0.001416, 0.001603, 0.001479, 0.001577, 0.001395, 0.001532, 0.001317, 0.001452, 0.001249, 0.001506, 0.001254, 0.001356, 0.001263, 0.001385, 0.001233, 0.001443, 0.001248, 0.001521, 0.001390, 0.001486, 0.001257, 0.001414, 0.001350, 0.001448, 0.001289
10 , 3, 3, 3, 3, 3, 3, 3
10 , 0.002589, 0.003335, 0.003379, 0.003937, 0.003849, 0.004475, 0.004260
11 , 0.001317, 0.001564, 0.001284, 0.001557, 0.001304, 0.001453, 0.001357, 0.001547, 0.001296, 0.001546, 0.001542, 0.001636, 0.001388, 0.001539, 0.001469, 0.001569, 0.001416, 0.001603, 0.001479, 0.001577, 0.001395, 0.001532, 0.001317, 0.001452, 0.001249, 0.001506, 0.001254, 0.001356, 0.001263, 0.001385, 0.001233, 0.001443, 0.001248, 0.001521, 0.001390, 0.001486, 0.001257, 0.001414, 0.001350, 0.001448, 0.001289, 0.001498, 0.001307, 0.001519, 0.001413, 0.001510, 0.001328, 0.001510, 0.001418, 0.001453, 0.001451, 0.001461, 0.001396, 0.001425, 0.001453, 0.001425, 0.001400, 0.001494, 0.001375, 0.001349, 0.001346, 0.001204, 0.001245, 0.001312, 0.001347, 0.001385, 0.001238, 0.001209, 0.001297, 0.001204, 0.001303, 0.001178, 0.001259, 0.001309, 0.001419, 0.001279, 0.001388, 0.001436, 0.001426, 0.001530, 0.001681, 0.001577, 0.001782, 0.001714, 0.001868, 0.001653, 0.001776, 0.001679, 0.001838, 0.001713, 0.001868, 0.001810
11 , 2, 2, 2, 2, 2, 2, 2
11 , 0.004869, 0.005611, 0.006395, 0.007126, 0.007907, 0.008313, 0.008629
12 , 0.001396, 0.001425, 0.001453, 0.001425, 0.001400, 0.001494, 0.001375, 0.001349, 0.001346, 0.001204, 0.001245, 0.001312, 0.001347, 0.001385, 0.001238, 0.001209, 0.001297, 0.001204, 0.001303, 0.001178, 0.001259, 0.001309, 0.001419, 0.001279, 0.001388, 0.001436, 0.001426, 0.001530, 0.001681, 0.001577, 0.001782, 0.001714, 0.001868, 0.001653, 0.001776, 0.001679, 0.001838, 0.001713, 0.001868, 0.001810, 0.001821, 0.001583, 0.001718, 0.001510, 0.001649, 0.001483, 0.001596, 0.001390, 0.001481, 0.001219, 0.001420, 0.001180, 0.001291, 0.001110, 0.001245, 0.001178, 0.001281, 0.001150, 0.001285, 0.001102, 0.001252, 0.001146, 0.001230, 0.001160, 0.001411, 0.001182, 0.001424, 0.001222, 0.001403, 0.001413, 0.001417, 0.001289, 0.001381, 0.001280, 0.001397, 0.001327, 0.001390, 0.001353, 0.001448, 0.001413, 0.001440, 0.001316, 0.001382, 0.001497, 0.001521, 0.001360, 0.001458, 0.001399, 0.001365, 0.001516, 0.001516, 0.001544
12 , 0, 0, 0, 0, 0, 0, 0
12 , 0.008204, 0.009309, 0.009901, 0.010645, 0.010888, 0.011559, 0.011666
13 , 0.001291, 0.001110, 0.001245, 0.001178, 0.001281, 0.001150, 0.001285, 0.001102, 0.001252, 0.001146, 0.001230, 0.001160, 0.001411, 0.001182, 0.001424, 0.001222, 0.001403, 0.001413, 0.001417, 0.001289, 0.001381, 0.001280, 0.001397, 0.001327, 0.001390, 0.001353, 0.001448, 0.001413, 0.001440, 0.001316, 0.001382, 0.001497, 0.001521, 0.001360, 0.001458, 0.001399, 0.001365, 0.001516, 0.001516, 0.001544, 0.001483, 0.001603, 0.001552, 0.001490, 0.001422, 0.001546, 0.001482, 0.001397, 0.001493, 0.001442, 0.001416, 0.001396, 0.001309, 0.001521, 0.001306, 0.001402, 0.001304, 0.001409, 0.001274, 0.001403, 0.001217, 0.001367, 0.001356, 0.001329, 0.001356, 0.001513, 0.001326, 0.001419, 0.001329, 0.001423, 0.001297, 0.001489, 0.001388, 0.001489, 0.001294, 0.001501, 0.001278, 0.001644, 0.001426, 0.001641, 0.001516, 0.001666, 0.001539, 0.001611, 0.001397, 0.001522, 0.001243, 0.001464, 0.001340, 0.001562, 0.001314, 0.001442
13 , 0, 0, 0, 0, 0, 0, 0
13 , 0.005097, 0.005487, 0.005705, 0.006138, 0.005811, 0.005966, 0.005649
14 , 0.001442, 0.001416, 0.001396, 0.001309, 0.001521, 0.001306, 0.001402, 0.001304, 0.001409, 0.001274, 0.001403, 0.001217, 0.001367, 0.001356, 0.001329, 0.001356, 0.001513, 0.001326, 0.001419, 0.001329, 0.001423, 0.001297, 0.001489, 0.001388, 0.001489, 0.001294, 0.001501, 0.001278, 0.001644, 0.001426, 0.001641, 0.001516, 0.001666, 0.001539, 0.001611, 0.001397, 0.001522, 0.001243, 0.001464, 0.001340, 0.001562, 0.001314, 0.001442, 0.001359, 0.001490, 0.001310, 0.001487, 0.001359, 0.001554, 0.001304, 0.001368, 0.001327, 0.001486, 0.001393, 0.001571, 0.001501, 0.001504, 0.001410, 0.001442, 0.001334, 0.001453, 0.001359, 0.001395, 0.001295, 0.001600, 0.001508, 0.001539, 0.001543, 0.001630, 0.001451, 0.001551, 0.001552, 0.001518, 0.001462, 0.001411, 0.001355, 0.001391, 0.001426, 0.001546, 0.001422, 0.001414, 0.001388, 0.001396, 0.001370, 0.001312, 0.001348, 0.001312, 0.001348, 0.001249, 0.001364, 0.001484, 0.001539
14 , 3, 3, 3, 3, 3, 3, 3
14 , 0.001869, 0.002591, 0.002561, 0.003023, 0.003186, 0.003335, 0.003369
15 , 0.001486, 0.001393, 0.001571, 0.001501, 0.001504, 0.001410, 0.001442, 0.001334, 0.001453, 0.001359, 0.001395, 0.001295, 0.001600, 0.001508, 0.001539, 0.001543, 0.001630, 0.001451, 0.001551, 0.001552, 0.001518, 0.001462, 0.001411, 0.001355, 0.001391, 0.001426, 0.001546, 0.001422, 0.001414, 0.001388, 0.001396, 0.001370, 0.001312, 0.001348, 0.001312, 0.001348, 0.001249, 0.001364, 0.001484, 0.001539, 0.001407, 0.001526, 0.001309, 0.001465, 0.001336, 0.001454, 0.001328, 0.001522, 0.001455, 0.001583, 0.001420, 0.001573, 0.001390, 0.001564, 0.001408, 0.001591, 0.001586, 0.001615, 0.001541, 0.001687, 0.001465, 0.001706, 0.001514, 0.001637, 0.001505, 0.001716, 0.001556, 0.001832, 0.001649, 0.001804, 0.001832, 0.001803, 0.001592, 0.001666, 0.001516, 0.001708, 0.001528, 0.001633, 0.001511, 0.001706, 0.001436, 0.001508, 0.001447, 0.001638, 0.001523, 0.001436, 0.001374, 0.001533, 0.001317, 0.001483, 0.001448, 0.001474
15 , 2, 2, 1, 1, 1, 1, 1
15 , 0.001757, 0.001742, 0.002333, 0.003465, 0.003984, 0.004250, 0.004306
16 , 0.001390, 0.001564, 0.001408, 0.001591, 0.001586, 0.001615, 0.001541, 0.001687, 0.001465, 0.001706, 0.001514, 0.001637, 0.001505, 0.001716, 0.001556, 0.001832, 0.001649, 0.001804, 0.001832, 0.001803, 0.001592, 0.001666, 0.001516, 0.001708, 0.001528, 0.001633, 0.001511, 0.001706, 0.001436, 0.001508, 0.001447, 0.001638, 0.001523, 0.001436, 0.001374, 0.001533, 0.001317, 0.001483, 0.001448, 0.001474, 0.001381, 0.001323, 0.001321, 0.001355, 0.001333, 0.001397, 0.001243, 0.001399, 0.001364, 0.001335, 0.001329, 0.001422, 0.001446, 0.001413, 0.001321, 0.001467, 0.001430, 0.001460, 0.001493, 0.001496, 0.001468, 0.001375, 0.001471, 0.001438, 0.001471, 0.001438, 0.001532, 0.001370, 0.001561, 0.001439, 0.001347, 0.001310, 0.001442, 0.001316, 0.001533, 0.001255, 0.001474, 0.001318, 0.001362, 0.001423, 0.001461, 0.001278, 0.001470, 0.001316, 0.001445, 0.001259, 0.001417, 0.001381, 0.001510, 0.001297, 0.001477, 0.001191
16 , 1, 1, 1, 1, 1, 1, 1
16 , 0.002102, 0.003284, 0.003655, 0.004431, 0.004515, 0.005216, 0.005309
