0 , 0.001753, 0.001741, 0.001804, 0.001565, 0.001749, 0.001578, 0.001825, 0.001693, 0.001809, 0.001681, 0.001522, 0.001694, 0.001681, 0.001856, 0.001687, 0.001852, 0.001879, 0.001765, 0.001886, 0.001678, 0.001817, 0.001711, 0.002093, 0.000065, 0.001511, 0.001525, 0.001555, 0.001490, 0.001296, 0.001398, 0.001308, 0.001555, 0.001310, 0.001433, 0.001376, 0.001497, 0.001249, 0.001441, 0.001339, 0.001376, 0.001337, 0.001392, 0.001325, 0.001486, 0.001322, 0.001473, 0.001296, 0.001442, 0.001175, 0.000720, 0.001715, 0.001680, 0.001798, 0.001639, 0.001798, 0.001915, 0.001684, 0.001888, 0.001798, 0.001914, 0.001854, 0.001948, 0.001891, 0.001865, 0.001997, 0.001899, 0.001940, 0.001815, 0.001931, 0.001776, 0.001811, 0.001890, 0.001929, 0.001357, 0.001159, 0.001525, 0.001528, 0.001447, 0.001384, 0.001401, 0.001183, 0.001408, 0.001250, 0.001360, 0.001226, 0.001509, 0.001170, 0.001419, 0.001198, 0.001411, 0.001150, 0.001305
0 , 1, 1, 1, 1, 1, 1, 1
0 , 0.010531, 0.012447, 0.014915, 0.016462, 0.018497, 0.017032, 0.018248
1 , 0.001715, 0.001680, 0.001798, 0.001639, 0.001798, 0.001915, 0.001684, 0.001888, 0.001798, 0.001914, 0.001854, 0.001948, 0.001891, 0.001865, 0.001997, 0.001899, 0.001940, 0.001815, 0.001931, 0.001776, 0.001811, 0.001890, 0.001929, 0.001357, 0.001159, 0.001525, 0.001528, 0.001447, 0.001384, 0.001401, 0.001183, 0.001408, 0.001250, 0.001360, 0.001226, 0.001509, 0.001170, 0.001419, 0.001198, 0.001411, 0.001150, 0.001305, 0.001294, 0.001360, 0.001274, 0.001380, 0.001403, 0.000001, 0.001798, 0.001651, 0.001611, 0.001847, 0.001583, 0.001753, 0.001663, 0.001927, 0.001911, 0.001822, 0.001981, 0.001834, 0.001977, 0.001868, 0.001959, 0.001843, 0.001885, 0.002074, 0.001995, 0.002180, 0.001999, 0.002214, 0.002074, 0.001995, 0.002086, 0.001784, 0.000387, 0.001484, 0.001460, 0.001439, 0.001239, 0.001300, 0.001263, 0.001356, 0.001170, 0.001297, 0.001146, 0.001292, 0.001287, 0.001299, 0.001177, 0.001212, 0.001209, 0.001323
1 , 1, 1, 1, 1, 1, 1, 1
1 , 0.013327, 0.015674, 0.018581, 0.021659, 0.026586, 0.027077, 0.026672
2 , 0.001847, 0.001583, 0.001753, 0.001663, 0.001927, 0.001911, 0.001822, 0.001981, 0.001834, 0.001977, 0.001868, 0.001959, 0.001843, 0.001885, 0.002074, 0.001995, 0.002180, 0.001999, 0.002214, 0.002074, 0.001995, 0.002086, 0.001784, 0.000387, 0.001484, 0.001460, 0.001439, 0.001239, 0.001300, 0.001263, 0.001356, 0.001170, 0.001297, 0.001146, 0.001292, 0.001287, 0.001299, 0.001177, 0.001212, 0.001209, 0.001323, 0.001204, 0.001118, 0.001191, 0.001287, 0.001275, 0.001441, 0.001436, 0.000581, 0.001363, 0.001760, 0.001650, 0.001628, 0.001857, 0.001572, 0.001822, 0.001588, 0.001833, 0.001888, 0.001872, 0.001902, 0.001731, 0.002062, 0.001775, 0.001863, 0.001742, 0.001674, 0.001805, 0.001721, 0.001728, 0.001549, 0.001647, 0.001871, 0.000018, 0.002042, 0.001654, 0.001714, 0.001471, 0.001481, 0.001184, 0.001407, 0.001345, 0.001541, 0.001341, 0.001515, 0.001389, 0.001552, 0.001310, 0.001441, 0.001289, 0.001350, 0.001101
2 , 1, 1, 1, 1, 1, 1, 1
2 , 0.016069, 0.017998, 0.019894, 0.021570, 0.022413, 0.023040, 0.020232
3 , 0.001650, 0.001628, 0.001857, 0.001572, 0.001822, 0.001588, 0.001833, 0.001888, 0.001872, 0.001902, 0.001731, 0.002062, 0.001775, 0.001863, 0.001742, 0.001674, 0.001805, 0.001721, 0.001728, 0.001549, 0.001647, 0.001871, 0.000018, 0.002042, 0.001654, 0.001714, 0.001471, 0.001481, 0.001184, 0.001407, 0.001345, 0.001541, 0.001341, 0.001515, 0.001389, 0.001552, 0.001310, 0.001441, 0.001289, 0.001350, 0.001101, 0.001299, 0.001145, 0.001333, 0.001238, 0.001323, 0.001096, 0.001775, 0.001866, 0.001786, 0.001877, 0.001938, 0.001877, 0.002074, 0.001968, 0.001927, 0.001692, 0.001934, 0.001937, 0.001786, 0.001925, 0.001702, 0.002015, 0.001806, 0.001744, 0.001842, 0.001643, 0.001806, 0.001573, 0.001809, 0.000859, 0.001247, 0.001808, 0.001762, 0.001648, 0.001579, 0.001737, 0.001618, 0.001530, 0.001534, 0.001631, 0.001449, 0.001517, 0.001493, 0.001505, 0.001418, 0.001487, 0.001364, 0.001522, 0.001425, 0.001403, 0.001336
3 , 1, 1, 1, 1, 1, 1, 1
3 , 0.012917, 0.014681, 0.016183, 0.016354, 0.012287, 0.013189, 0.013158
4 , 0.001786, 0.001877, 0.001938, 0.001877, 0.002074, 0.001968, 0.001927, 0.001692, 0.001934, 0.001937, 0.001786, 0.001925, 0.001702, 0.002015, 0.001806, 0.001744, 0.001842, 0.001643, 0.001806, 0.001573, 0.001809, 0.000859, 0.001247, 0.001808, 0.001762, 0.001648, 0.001579, 0.001737, 0.001618, 0.001530, 0.001534, 0.001631, 0.001449, 0.001517, 0.001493, 0.001505, 0.001418, 0.001487, 0.001364, 0.001522, 0.001425, 0.001403, 0.001336, 0.001394, 0.001439, 0.001433, 0.001553, 0.000032, 0.001525, 0.001690, 0.001671, 0.001644, 0.001851, 0.001706, 0.001909, 0.001606, 0.001623, 0.001796, 0.001593, 0.001802, 0.001441, 0.001732, 0.001694, 0.001721, 0.001805, 0.001714, 0.001855, 0.001896, 0.001862, 0.001620, 0.001708, 0.001778, 0.000665, 0.001799, 0.001590, 0.001656, 0.001404, 0.001586, 0.001434, 0.001440, 0.001278, 0.001493, 0.001426, 0.001642, 0.001371, 0.001536, 0.001390, 0.001493, 0.001284, 0.001482, 0.001416, 0.001482
4 , 1, 1, 1, 1, 1, 1, 1
4 , 0.009644, 0.011059, 0.011860, 0.010540, 0.013444, 0.012102, 0.012644
5 , 0.001671, 0.001644, 0.001851, 0.001706, 0.001909, 0.001606, 0.001623, 0.001796, 0.001593, 0.001802, 0.001441, 0.001732, 0.001694, 0.001721, 0.001805, 0.001714, 0.001855, 0.001896, 0.001862, 0.001620, 0.001708, 0.001778, 0.000665, 0.001799, 0.001590, 0.001656, 0.001404, 0.001586, 0.001434, 0.001440, 0.001278, 0.001493, 0.001426, 0.001642, 0.001371, 0.001536, 0.001390, 0.001493, 0.001284, 0.001482, 0.001416, 0.001482, 0.001296, 0.001360, 0.001262, 0.000809, 0.001325, 0.001635, 0.001779, 0.001854, 0.001823, 0.001863, 0.001588, 0.001833, 0.001553, 0.001633, 0.001542, 0.001577, 0.001594, 0.001397, 0.001600, 0.001302, 0.001486, 0.001459, 0.001343, 0.001437, 0.001235, 0.001562, 0.001345, 0.001788, 0.000106, 0.001821, 0.001910, 0.001736, 0.001656, 0.001573, 0.001744, 0.001444, 0.001447, 0.001425, 0.001551, 0.001263, 0.001548, 0.001268, 0.001451, 0.001331, 0.001511, 0.001297, 0.001451, 0.001386, 0.001602, 0.001536
5 , 1, 1, 1, 2, 1, 1, 1
5 , 0.005366, 0.007354, 0.009600, 0.007859, 0.005875, 0.006663, 0.006144
6 , 0.001779, 0.001854, 0.001823, 0.001863, 0.001588, 0.001833, 0.001553, 0.001633, 0.001542, 0.001577, 0.001594, 0.001397, 0.001600, 0.001302, 0.001486, 0.001459, 0.001343, 0.001437, 0.001235, 0.001562, 0.001345, 0.001788, 0.000106, 0.001821, 0.001910, 0.001736, 0.001656, 0.001573, 0.001744, 0.001444, 0.001447, 0.001425, 0.001551, 0.001263, 0.001548, 0.001268, 0.001451, 0.001331, 0.001511, 0.001297, 0.001451, 0.001386, 0.001602, 0.001536, 0.001648, 0.001428, 0.001614, 0.001524, 0.000415, 0.001468, 0.001492, 0.001563, 0.001270, 0.001626, 0.001647, 0.001586, 0.001580, 0.001536, 0.001795, 0.001563, 0.001772, 0.001658, 0.001624, 0.001799, 0.001792, 0.001863, 0.001525, 0.001782, 0.001802, 0.001808, 0.001784, 0.001865, 0.001426, 0.001166, 0.001747, 0.001574, 0.001516, 0.001442, 0.001442, 0.001342, 0.001465, 0.001393, 0.001572, 0.001352, 0.001566, 0.001462, 0.001768, 0.001551, 0.001672, 0.001548, 0.001767, 0.001524
6 , 1, 1, 1, 1, 3, 1, 1
6 , 0.001774, 0.002848, 0.003205, 0.003962, 0.002907, 0.003926, 0.003718
7 , 0.001468, 0.001492, 0.001563, 0.001270, 0.001626, 0.001647, 0.001586, 0.001580, 0.001536, 0.001795, 0.001563, 0.001772, 0.001658, 0.001624, 0.001799, 0.001792, 0.001863, 0.001525, 0.001782, 0.001802, 0.001808, 0.001784, 0.001865, 0.001426, 0.001166, 0.001747, 0.001574, 0.001516, 0.001442, 0.001442, 0.001342, 0.001465, 0.001393, 0.001572, 0.001352, 0.001566, 0.001462, 0.001768, 0.001551, 0.001672, 0.001548, 0.001767, 0.001524, 0.001472, 0.001488, 0.001601, 0.001632, 0.000465, 0.001353, 0.001378, 0.001431, 0.001630, 0.001629, 0.001862, 0.001615, 0.001822, 0.001781, 0.001760, 0.001817, 0.001745, 0.001911, 0.001753, 0.001760, 0.001751, 0.001724, 0.001890, 0.001731, 0.001872, 0.001671, 0.001816, 0.001834, 0.001742, 0.000809, 0.001797, 0.001804, 0.001627, 0.001682, 0.001652, 0.001771, 0.001609, 0.001671, 0.001515, 0.001735, 0.001580, 0.001555, 0.001581, 0.001709, 0.001558, 0.001717, 0.001533, 0.001538, 0.001379
7 , 1, 1, 1, 1, 1, 1, 1
7 , 0.000437, 0.001259, 0.002242, 0.004421, 0.007605, 0.006393, 0.006457
8 , 0.001431, 0.001630, 0.001629, 0.001862, 0.001615, 0.001822, 0.001781, 0.001760, 0.001817, 0.001745, 0.001911, 0.001753, 0.001760, 0.001751, 0.001724, 0.001890, 0.001731, 0.001872, 0.001671, 0.001816, 0.001834, 0.001742, 0.000809, 0.001797, 0.001804, 0.001627, 0.001682, 0.001652, 0.001771, 0.001609, 0.001671, 0.001515, 0.001735, 0.001580, 0.001555, 0.001581, 0.001709, 0.001558, 0.001717, 0.001533, 0.001538, 0.001379, 0.001632, 0.001484, 0.001543, 0.001312, 0.001687, 0.000781, 0.001249, 0.001531, 0.001633, 0.001622, 0.001581, 0.001640, 0.001822, 0.001654, 0.001890, 0.001627, 0.001842, 0.001920, 0.001829, 0.001862, 0.001613, 0.001762, 0.001664, 0.001853, 0.001714, 0.001725, 0.001987, 0.001849, 0.001859, 0.001897, 0.000594, 0.001533, 0.001792, 0.001755, 0.001638, 0.001484, 0.001486, 0.001451, 0.001700, 0.001356, 0.001517, 0.001390, 0.001599, 0.001534, 0.001606, 0.001449, 0.001637, 0.001453, 0.001521, 0.001394
8 , 1, 1, 1, 1, 1, 1, 1
8 , 0.002261, 0.004864, 0.006734, 0.007791, 0.008639, 0.007821, 0.008205
9 , 0.001633, 0.001622, 0.001581, 0.001640, 0.001822, 0.001654, 0.001890, 0.001627, 0.001842, 0.001920, 0.001829, 0.001862, 0.001613, 0.001762, 0.001664, 0.001853, 0.001714, 0.001725, 0.001987, 0.001849, 0.001859, 0.001897, 0.000594, 0.001533, 0.001792, 0.001755, 0.001638, 0.001484, 0.001486, 0.001451, 0.001700, 0.001356, 0.001517, 0.001390, 0.001599, 0.001534, 0.001606, 0.001449, 0.001637, 0.001453, 0.001521, 0.001394, 0.001571, 0.001471, 0.001599, 0.001240, 0.000555, 0.001538, 0.001381, 0.001361, 0.001620, 0.001516, 0.001637, 0.001519, 0.001593, 0.001748, 0.001667, 0.001748, 0.001482, 0.001802, 0.001681, 0.001681, 0.001731, 0.001627, 0.001883, 0.001708, 0.001779, 0.001718, 0.001728, 0.001863, 0.001654, 0.001938, 0.001342, 0.001009, 0.001749, 0.001637, 0.001561, 0.001410, 0.001358, 0.001232, 0.001444, 0.001319, 0.001384, 0.001328, 0.001424, 0.001294, 0.001448, 0.001322, 0.001558, 0.001339, 0.001313, 0.001314
9 , 1, 1, 1, 1, 1, 1, 1
9 , 0.005076, 0.006914, 0.009315, 0.012462, 0.011318, 0.011377, 0.011279
10 , 0.001361, 0.001620, 0.001516, 0.001637, 0.001519, 0.001593, 0.001748, 0.001667, 0.001748, 0.001482, 0.001802, 0.001681, 0.001681, 0.001731, 0.001627, 0.001883, 0.001708, 0.001779, 0.001718, 0.001728, 0.001863, 0.001654, 0.001938, 0.001342, 0.001009, 0.001749, 0.001637, 0.001561, 0.001410, 0.001358, 0.001232, 0.001444, 0.001319, 0.001384, 0.001328, 0.001424, 0.001294, 0.001448, 0.001322, 0.001558, 0.001339, 0.001313, 0.001314, 0.001499, 0.001307, 0.001396, 0.001486, 0.001576, 0.001328, 0.001543, 0.001350, 0.001497, 0.001455, 0.001581, 0.001395, 0.001585, 0.001488, 0.001606, 0.001389, 0.001662, 0.001470, 0.001659, 0.001472, 0.001655, 0.001496, 0.001561, 0.001497, 0.001716, 0.001449, 0.001611, 0.001394, 0.001585, 0.001277, 0.001492, 0.001461, 0.001614, 0.001427, 0.001623, 0.001406, 0.001534, 0.001412, 0.001509, 0.001297, 0.001576, 0.001423, 0.001392, 0.001264, 0.001521, 0.001422, 0.001484, 0.001385, 0.001598
10 , 1, 1, 1, 1, 1, 1, 1
10 , 0.003985, 0.005686, 0.006920, 0.007066, 0.008189, 0.007619, 0.006587
11 , 0.001350, 0.001497, 0.001455, 0.001581, 0.001395, 0.001585, 0.001488, 0.001606, 0.001389, 0.001662, 0.001470, 0.001659, 0.001472, 0.001655, 0.001496, 0.001561, 0.001497, 0.001716, 0.001449, 0.001611, 0.001394, 0.001585, 0.001277, 0.001492, 0.001461, 0.001614, 0.001427, 0.001623, 0.001406, 0.001534, 0.001412, 0.001509, 0.001297, 0.001576, 0.001423, 0.001392, 0.001264, 0.001521, 0.001422, 0.001484, 0.001385, 0.001598, 0.001410, 0.001534, 0.001432, 0.001652, 0.001337, 0.001556, 0.001423, 0.001724, 0.001559, 0.001618, 0.001461, 0.001677, 0.001493, 0.001622, 0.001559, 0.001713, 0.001492, 0.001708, 0.001490, 0.001561, 0.001415, 0.001637, 0.001488, 0.001624, 0.001292, 0.001458, 0.001314, 0.001474, 0.001336, 0.001521, 0.001364, 0.001464, 0.001306, 0.001436, 0.001255, 0.001457, 0.001268, 0.001392, 0.001357, 0.001360, 0.001233, 0.001390, 0.001389, 0.001368, 0.001357, 0.001447, 0.001416, 0.001450, 0.001386, 0.001389
11 , 1, 1, 1, 1, 1, 1, 1
11 , 0.004863, 0.004824, 0.004543, 0.004779, 0.004506, 0.004467, 0.004169
12 , 0.001337, 0.001556, 0.001423, 0.001724, 0.001559, 0.001618, 0.001461, 0.001677, 0.001493, 0.001622, 0.001559, 0.001713, 0.001492, 0.001708, 0.001490, 0.001561, 0.001415, 0.001637, 0.001488, 0.001624, 0.001292, 0.001458, 0.001314, 0.001474, 0.001336, 0.001521, 0.001364, 0.001464, 0.001306, 0.001436, 0.001255, 0.001457, 0.001268, 0.001392, 0.001357, 0.001360, 0.001233, 0.001390, 0.001389, 0.001368, 0.001357, 0.001447, 0.001416, 0.001450, 0.001386, 0.001389, 0.001407, 0.001407, 0.001245, 0.001387, 0.001472, 0.001530, 0.001434, 0.001423, 0.001627, 0.001599, 0.001594, 0.001657, 0.001626, 0.001591, 0.001620, 0.001619, 0.001671, 0.001545, 0.001522, 0.001615, 0.001645, 0.001610, 0.001647, 0.001586, 0.001641, 0.001519, 0.001586, 0.001557, 0.001717, 0.001594, 0.001682, 0.001562, 0.001656, 0.001682, 0.001717, 0.001568, 0.001634, 0.001576, 0.001670, 0.001548, 0.001611, 0.001516, 0.001644, 0.001548, 0.001703, 0.001573
12 , 2, 2, 2, 2, 2, 2, 2
12 , 0.005841, 0.005809, 0.005492, 0.005047, 0.004934, 0.004697, 0.004447
13 , 0.001407, 0.001407, 0.001245, 0.001387, 0.001472, 0.001530, 0.001434, 0.001423, 0.001627, 0.001599, 0.001594, 0.001657, 0.001626, 0.001591, 0.001620, 0.001619, 0.001671, 0.001545, 0.001522, 0.001615, 0.001645, 0.001610, 0.001647, 0.001586, 0.001641, 0.001519, 0.001586, 0.001557, 0.001717, 0.001594, 0.001682, 0.001562, 0.001656, 0.001682, 0.001717, 0.001568, 0.001634, 0.001576, 0.001670, 0.001548, 0.001611, 0.001516, 0.001644, 0.001548, 0.001703, 0.001573, 0.001634, 0.001542, 0.001614, 0.001516, 0.001582, 0.001634, 0.001850, 0.001545, 0.001728, 0.001535, 0.001664, 0.001474, 0.001650, 0.001552, 0.001774, 0.001531, 0.001627, 0.001599, 0.001700, 0.001491, 0.001590, 0.001469, 0.001642, 0.001252, 0.001425, 0.001273, 0.001469, 0.001355, 0.001339, 0.001214, 0.001317, 0.001104, 0.001380, 0.001219, 0.001285, 0.001145, 0.001414, 0.001218, 0.001397, 0.001319, 0.001582, 0.001415, 0.001505, 0.001435, 0.001583, 0.001515
13 , 3, 3, 3, 3, 3, 3, 3
13 , 0.008269, 0.008338, 0.007355, 0.006861, 0.005888, 0.005560, 0.004489
14 , 0.001542, 0.001614, 0.001516, 0.001582, 0.001634, 0.001850, 0.001545, 0.001728, 0.001535, 0.001664, 0.001474, 0.001650, 0.001552, 0.001774, 0.001531, 0.001627, 0.001599, 0.001700, 0.001491, 0.001590, 0.001469, 0.001642, 0.001252, 0.001425, 0.001273, 0.001469, 0.001355, 0.001339, 0.001214, 0.001317, 0.001104, 0.001380, 0.001219, 0.001285, 0.001145, 0.001414, 0.001218, 0.001397, 0.001319, 0.001582, 0.001415, 0.001505, 0.001435, 0.001583, 0.001515, 0.001633, 0.001500, 0.001743, 0.001588, 0.001704, 0.001604, 0.001665, 0.001635, 0.001734, 0.001701, 0.001642, 0.001497, 0.001622, 0.001564, 0.001505, 0.001440, 0.001629, 0.001595, 0.001505, 0.001575, 0.001571, 0.001570, 0.001571, 0.001481, 0.001565, 0.001596, 0.001626, 0.001562, 0.001528, 0.001648, 0.001648, 0.001588, 0.001619, 0.001681, 0.001493, 0.001614, 0.001494, 0.001676, 0.001404, 0.001657, 0.001537, 0.001661, 0.001540, 0.001605, 0.001573, 0.001606, 0.001542
14 , 1, 1, 1, 1, 1, 1, 1
14 , 0.006255, 0.006090, 0.005713, 0.006014, 0.005077, 0.004784, 0.003855
15 , 0.001500, 0.001743, 0.001588, 0.001704, 0.001604, 0.001665, 0.001635, 0.001734, 0.001701, 0.001642, 0.001497, 0.001622, 0.001564, 0.001505, 0.001440, 0.001629, 0.001595, 0.001505, 0.001575, 0.001571, 0.001570, 0.001571, 0.001481, 0.001565, 0.001596, 0.001626, 0.001562, 0.001528, 0.001648, 0.001648, 0.001588, 0.001619, 0.001681, 0.001493, 0.001614, 0.001494, 0.001676, 0.001404, 0.001657, 0.001537, 0.001661, 0.001540, 0.001605, 0.001573, 0.001606, 0.001542, 0.001665, 0.001479, 0.001606, 0.001484, 0.001677, 0.001493, 0.001528, 0.001431, 0.001667, 0.001388, 0.001696, 0.001622, 0.001776, 0.001501, 0.001715, 0.001587, 0.001744, 0.001494, 0.001619, 0.001555, 0.001623, 0.001467, 0.001539, 0.001506, 0.001659, 0.001417, 0.001637, 0.001575, 0.001638, 0.001453, 0.001611, 0.001450, 0.001670, 0.001427, 0.001681, 0.001565, 0.001716, 0.001565, 0.001597, 0.001530, 0.001688, 0.001563, 0.001538, 0.001448, 0.001513, 0.001482
15 , 1, 1, 1, 1, 1, 1, 1
15 , 0.000615, 0.000590, 0.000630, 0.000645, 0.000493, 0.000539, 0.000799
16 , 0.001528, 0.001431, 0.001667, 0.001388, 0.001696, 0.001622, 0.001776, 0.001501, 0.001715, 0.001587, 0.001744, 0.001494, 0.001619, 0.001555, 0.001623, 0.001467, 0.001539, 0.001506, 0.001659, 0.001417, 0.001637, 0.001575, 0.001638, 0.001453, 0.001611, 0.001450, 0.001670, 0.001427, 0.001681, 0.001565, 0.001716, 0.001565, 0.001597, 0.001530, 0.001688, 0.001563, 0.001538, 0.001448, 0.001513, 0.001482, 0.001489, 0.001401, 0.001525, 0.001464, 0.001503, 0.001384, 0.001451, 0.001346, 0.001467, 0.001433, 0.001519, 0.001576, 0.001541, 0.001569, 0.001447, 0.001534, 0.001410, 0.001553, 0.001463, 0.001540, 0.001623, 0.001710, 0.001732, 0.001668, 0.001541, 0.001689, 0.001660, 0.001660, 0.001628, 0.001817, 0.001728, 0.001679, 0.001618, 0.001652, 0.001506, 0.001604, 0.001544, 0.001705, 0.001493, 0.001652, 0.001522, 0.001676, 0.001525, 0.001679, 0.001524, 0.001679, 0.001489, 0.001702, 0.001487, 0.001639, 0.001417, 0.001641
16 , 2, 2, 2, 2, 1, 1, 1
16 , 0.002423, 0.002155, 0.001535, 0.001375, 0.001684, 0.001787, 0.002415
