0 , 0.001215, 0.001199, 0.001354, 0.001410, 0.001274, 0.001559, 0.001377, 0.001470, 0.001248, 0.001381, 0.001374, 0.001275, 0.001434, 0.001096, 0.001315, 0.001487, 0.001318, 0.001414, 0.001123, 0.001453, 0.001288, 0.001584, 0.000674, 0.001405, 0.001457, 0.001457, 0.001370, 0.001275, 0.001168, 0.001284, 0.001262, 0.001387, 0.001275, 0.001409, 0.001405, 0.001457, 0.001206, 0.001379, 0.001198, 0.001413, 0.001124, 0.001478, 0.001245, 0.001439, 0.001150, 0.001495, 0.000068, 0.000947, 0.001023, 0.001156, 0.001082, 0.001347, 0.001225, 0.001343, 0.001353, 0.001277, 0.001360, 0.001159, 0.001317, 0.001211, 0.001320, 0.001277, 0.001228, 0.001548, 0.001336, 0.001417, 0.001344, 0.001351, 0.001440, 0.001433, 0.001524, 0.000893, 0.001401, 0.001513, 0.001289, 0.001462, 0.001384, 0.001398, 0.001129, 0.001384, 0.001172, 0.001444, 0.001262, 0.001444, 0.001318, 0.001478, 0.001353, 0.001474, 0.001305, 0.001491, 0.001383, 0.001491
0 , 0, 0, 2, 2, 2, 2, 2
0 , 0.003997, 0.002960, 0.002933, 0.003432, 0.003137, 0.003325, 0.003168
1 , 0.000068, 0.000947, 0.001023, 0.001156, 0.001082, 0.001347, 0.001225, 0.001343, 0.001353, 0.001277, 0.001360, 0.001159, 0.001317, 0.001211, 0.001320, 0.001277, 0.001228, 0.001548, 0.001336, 0.001417, 0.001344, 0.001351, 0.001440, 0.001433, 0.001524, 0.000893, 0.001401, 0.001513, 0.001289, 0.001462, 0.001384, 0.001398, 0.001129, 0.001384, 0.001172, 0.001444, 0.001262, 0.001444, 0.001318, 0.001478, 0.001353, 0.001474, 0.001305, 0.001491, 0.001383, 0.001491, 0.001357, 0.001379, 0.001310, 0.001440, 0.000552, 0.000963, 0.000974, 0.001325, 0.001156, 0.001225, 0.001205, 0.001222, 0.001470, 0.001341, 0.001447, 0.001248, 0.001424, 0.001579, 0.001367, 0.001427, 0.001192, 0.001463, 0.001420, 0.001396, 0.001638, 0.001319, 0.001606, 0.001356, 0.001804, 0.000007, 0.001408, 0.001351, 0.001360, 0.001307, 0.001208, 0.001195, 0.001152, 0.001117, 0.001173, 0.001311, 0.001263, 0.001155, 0.001301, 0.001409, 0.001448, 0.001305
1 , 3, 3, 3, 3, 3, 3, 3
1 , 0.003756, 0.003794, 0.003601, 0.004365, 0.002679, 0.002532, 0.001776
2 , 0.001440, 0.000552, 0.000963, 0.000974, 0.001325, 0.001156, 0.001225, 0.001205, 0.001222, 0.001470, 0.001341, 0.001447, 0.001248, 0.001424, 0.001579, 0.001367, 0.001427, 0.001192, 0.001463, 0.001420, 0.001396, 0.001638, 0.001319, 0.001606, 0.001356, 0.001804, 0.000007, 0.001408, 0.001351, 0.001360, 0.001307, 0.001208, 0.001195, 0.001152, 0.001117, 0.001173, 0.001311, 0.001263, 0.001155, 0.001301, 0.001409, 0.001448, 0.001305, 0.001513, 0.001439, 0.001444, 0.001311, 0.001556, 0.001403, 0.001349, 0.000569, 0.000900, 0.001024, 0.001190, 0.001107, 0.001196, 0.000925, 0.001341, 0.001220, 0.001294, 0.001287, 0.001165, 0.001500, 0.001295, 0.001447, 0.001341, 0.001511, 0.001534, 0.001615, 0.001715, 0.001607, 0.001740, 0.001833, 0.001776, 0.001680, 0.001843, 0.001400, 0.000852, 0.001232, 0.001187, 0.001001, 0.000983, 0.001193, 0.000915, 0.001050, 0.000911, 0.001133, 0.000931, 0.001168, 0.001010, 0.001272, 0.001082
2 , 0, 0, 3, 1, 3, 1, 1
2 , 0.001873, 0.001048, 0.000803, 0.001115, 0.001815, 0.003637, 0.004896
3 , 0.001024, 0.001190, 0.001107, 0.001196, 0.000925, 0.001341, 0.001220, 0.001294, 0.001287, 0.001165, 0.001500, 0.001295, 0.001447, 0.001341, 0.001511, 0.001534, 0.001615, 0.001715, 0.001607, 0.001740, 0.001833, 0.001776, 0.001680, 0.001843, 0.001400, 0.000852, 0.001232, 0.001187, 0.001001, 0.000983, 0.001193, 0.000915, 0.001050, 0.000911, 0.001133, 0.000931, 0.001168, 0.001010, 0.001272, 0.001082, 0.001436, 0.001129, 0.001345, 0.001241, 0.001401, 0.001349, 0.001461, 0.001327, 0.001362, 0.001379, 0.000043, 0.001012, 0.001222, 0.001370, 0.001347, 0.001344, 0.001542, 0.001436, 0.001568, 0.001269, 0.001573, 0.001626, 0.001610, 0.001756, 0.001445, 0.001740, 0.001651, 0.001575, 0.001542, 0.001426, 0.001530, 0.001453, 0.001573, 0.001426, 0.001697, 0.000493, 0.001853, 0.001449, 0.001569, 0.001333, 0.001506, 0.001352, 0.001459, 0.001437, 0.001411, 0.001345, 0.001440, 0.001336, 0.001154, 0.001323, 0.001194, 0.001211
3 , 2, 1, 1, 1, 1, 1, 1
3 , 0.001129, 0.001506, 0.003564, 0.005144, 0.006525, 0.008161, 0.008751
4 , 0.001222, 0.001370, 0.001347, 0.001344, 0.001542, 0.001436, 0.001568, 0.001269, 0.001573, 0.001626, 0.001610, 0.001756, 0.001445, 0.001740, 0.001651, 0.001575, 0.001542, 0.001426, 0.001530, 0.001453, 0.001573, 0.001426, 0.001697, 0.000493, 0.001853, 0.001449, 0.001569, 0.001333, 0.001506, 0.001352, 0.001459, 0.001437, 0.001411, 0.001345, 0.001440, 0.001336, 0.001154, 0.001323, 0.001194, 0.001211, 0.001208, 0.001283, 0.001197, 0.001343, 0.000936, 0.001177, 0.000298, 0.000978, 0.001441, 0.001336, 0.001359, 0.001242, 0.001592, 0.001585, 0.001745, 0.001534, 0.001681, 0.001806, 0.001660, 0.001754, 0.001674, 0.001715, 0.001727, 0.001681, 0.001713, 0.001454, 0.001529, 0.001624, 0.001681, 0.001548, 0.001803, 0.000395, 0.001397, 0.001440, 0.001496, 0.001263, 0.001116, 0.001284, 0.001267, 0.001297, 0.001150, 0.001311, 0.001099, 0.001367, 0.001086, 0.001393, 0.001207, 0.001367, 0.001107, 0.001303, 0.001116, 0.001311
4 , 1, 1, 1, 1, 1, 1, 1
4 , 0.005133, 0.006846, 0.009575, 0.013116, 0.013044, 0.011362, 0.012820
5 , 0.001336, 0.001359, 0.001242, 0.001592, 0.001585, 0.001745, 0.001534, 0.001681, 0.001806, 0.001660, 0.001754, 0.001674, 0.001715, 0.001727, 0.001681, 0.001713, 0.001454, 0.001529, 0.001624, 0.001681, 0.001548, 0.001803, 0.000395, 0.001397, 0.001440, 0.001496, 0.001263, 0.001116, 0.001284, 0.001267, 0.001297, 0.001150, 0.001311, 0.001099, 0.001367, 0.001086, 0.001393, 0.001207, 0.001367, 0.001107, 0.001303, 0.001116, 0.001311, 0.001078, 0.001208, 0.001109, 0.001272, 0.000869, 0.000523, 0.001223, 0.001218, 0.001379, 0.001454, 0.001454, 0.001548, 0.001484, 0.001697, 0.001494, 0.001722, 0.001640, 0.001706, 0.001670, 0.001530, 0.001641, 0.001555, 0.001612, 0.001495, 0.001479, 0.001629, 0.001490, 0.001496, 0.001606, 0.001087, 0.000969, 0.001603, 0.001367, 0.001457, 0.001263, 0.001380, 0.001116, 0.001379, 0.001237, 0.001381, 0.001152, 0.001251, 0.001049, 0.001213, 0.001014, 0.001299, 0.001179, 0.001204, 0.001067
5 , 1, 1, 1, 1, 1, 1, 1
5 , 0.007793, 0.010520, 0.012196, 0.013742, 0.013566, 0.014911, 0.014920
6 , 0.001454, 0.001454, 0.001548, 0.001484, 0.001697, 0.001494, 0.001722, 0.001640, 0.001706, 0.001670, 0.001530, 0.001641, 0.001555, 0.001612, 0.001495, 0.001479, 0.001629, 0.001490, 0.001496, 0.001606, 0.001087, 0.000969, 0.001603, 0.001367, 0.001457, 0.001263, 0.001380, 0.001116, 0.001379, 0.001237, 0.001381, 0.001152, 0.001251, 0.001049, 0.001213, 0.001014, 0.001299, 0.001179, 0.001204, 0.001067, 0.001103, 0.001218, 0.001120, 0.001200, 0.000260, 0.001170, 0.001429, 0.001430, 0.001461, 0.001358, 0.001667, 0.001468, 0.001529, 0.001390, 0.001549, 0.001659, 0.001466, 0.001715, 0.001526, 0.001635, 0.001698, 0.001635, 0.001564, 0.001567, 0.001808, 0.001844, 0.001806, 0.001991, 0.002037, 0.000107, 0.001055, 0.000878, 0.001079, 0.000798, 0.000914, 0.000931, 0.000948, 0.000992, 0.001259, 0.001320, 0.001150, 0.001314, 0.001392, 0.001549, 0.001422, 0.001485, 0.001437, 0.001674, 0.001591, 0.001769, 0.001602, 0.001829
6 , 1, 1, 1, 1, 1, 1, 1
6 , 0.013996, 0.017771, 0.014998, 0.012980, 0.011988, 0.010692, 0.010333
7 , 0.001430, 0.001461, 0.001358, 0.001667, 0.001468, 0.001529, 0.001390, 0.001549, 0.001659, 0.001466, 0.001715, 0.001526, 0.001635, 0.001698, 0.001635, 0.001564, 0.001567, 0.001808, 0.001844, 0.001806, 0.001991, 0.002037, 0.000107, 0.001055, 0.000878, 0.001079, 0.000798, 0.000914, 0.000931, 0.000948, 0.000992, 0.001259, 0.001320, 0.001150, 0.001314, 0.001392, 0.001549, 0.001422, 0.001485, 0.001437, 0.001674, 0.001591, 0.001769, 0.001602, 0.001829, 0.001640, 0.001810, 0.000604, 0.000452, 0.000938, 0.001115, 0.001261, 0.001231, 0.001511, 0.001571, 0.001607, 0.001654, 0.001553, 0.001916, 0.001710, 0.001826, 0.001700, 0.001625, 0.001731, 0.001555, 0.001663, 0.001395, 0.001560, 0.001587, 0.001521, 0.001514, 0.001839, 0.000506, 0.001382, 0.001434, 0.001402, 0.001384, 0.001349, 0.001513, 0.001180, 0.001345, 0.001068, 0.001344, 0.001167, 0.001521, 0.001232, 0.001418, 0.001280, 0.001418, 0.001314, 0.001508, 0.001275
7 , 1, 1, 1, 1, 1, 1, 1
7 , 0.007382, 0.008937, 0.010002, 0.010780, 0.010624, 0.010244, 0.010190
8 , 0.000938, 0.001115, 0.001261, 0.001231, 0.001511, 0.001571, 0.001607, 0.001654, 0.001553, 0.001916, 0.001710, 0.001826, 0.001700, 0.001625, 0.001731, 0.001555, 0.001663, 0.001395, 0.001560, 0.001587, 0.001521, 0.001514, 0.001839, 0.000506, 0.001382, 0.001434, 0.001402, 0.001384, 0.001349, 0.001513, 0.001180, 0.001345, 0.001068, 0.001344, 0.001167, 0.001521, 0.001232, 0.001418, 0.001280, 0.001418, 0.001314, 0.001508, 0.001275, 0.001409, 0.001137, 0.001340, 0.001032, 0.000499, 0.001168, 0.001265, 0.001466, 0.001400, 0.001495, 0.001671, 0.001553, 0.001658, 0.001607, 0.001950, 0.001847, 0.001701, 0.001822, 0.001579, 0.001838, 0.001914, 0.001900, 0.001901, 0.001723, 0.001944, 0.001961, 0.001976, 0.002146, 0.001610, 0.000398, 0.001025, 0.000934, 0.001085, 0.000733, 0.000933, 0.000849, 0.001056, 0.000977, 0.001139, 0.000966, 0.001075, 0.001061, 0.001129, 0.001157, 0.001381, 0.001164, 0.001220, 0.001233, 0.001215
8 , 1, 1, 1, 1, 1, 1, 1
8 , 0.010736, 0.012529, 0.015006, 0.018593, 0.022284, 0.019320, 0.019012
9 , 0.001466, 0.001400, 0.001495, 0.001671, 0.001553, 0.001658, 0.001607, 0.001950, 0.001847, 0.001701, 0.001822, 0.001579, 0.001838, 0.001914, 0.001900, 0.001901, 0.001723, 0.001944, 0.001961, 0.001976, 0.002146, 0.001610, 0.000398, 0.001025, 0.000934, 0.001085, 0.000733, 0.000933, 0.000849, 0.001056, 0.000977, 0.001139, 0.000966, 0.001075, 0.001061, 0.001129, 0.001157, 0.001381, 0.001164, 0.001220, 0.001233, 0.001215, 0.001271, 0.001323, 0.001331, 0.001085, 0.001484, 0.000013, 0.000980, 0.001128, 0.001056, 0.001447, 0.001196, 0.001437, 0.001417, 0.001364, 0.001411, 0.001298, 0.001536, 0.001466, 0.001655, 0.001463, 0.001433, 0.001569, 0.001476, 0.001586, 0.001472, 0.001515, 0.001777, 0.001599, 0.001748, 0.001599, 0.000236, 0.001429, 0.001492, 0.001359, 0.001345, 0.001331, 0.001340, 0.001284, 0.001435, 0.001314, 0.001530, 0.001206, 0.001345, 0.001177, 0.001367, 0.001026, 0.001269, 0.001114, 0.001292, 0.000983
9 , 2, 1, 1, 1, 1, 1, 1
9 , 0.011278, 0.013650, 0.016509, 0.018009, 0.019195, 0.017390, 0.017003
10 , 0.001056, 0.001447, 0.001196, 0.001437, 0.001417, 0.001364, 0.001411, 0.001298, 0.001536, 0.001466, 0.001655, 0.001463, 0.001433, 0.001569, 0.001476, 0.001586, 0.001472, 0.001515, 0.001777, 0.001599, 0.001748, 0.001599, 0.000236, 0.001429, 0.001492, 0.001359, 0.001345, 0.001331, 0.001340, 0.001284, 0.001435, 0.001314, 0.001530, 0.001206, 0.001345, 0.001177, 0.001367, 0.001026, 0.001269, 0.001114, 0.001292, 0.000983, 0.001314, 0.000968, 0.001361, 0.000405, 0.001018, 0.001404, 0.001455, 0.001423, 0.001407, 0.001352, 0.001511, 0.001459, 0.001708, 0.001548, 0.001612, 0.001632, 0.001572, 0.001576, 0.001347, 0.001530, 0.001573, 0.001579, 0.001503, 0.001434, 0.001632, 0.001503, 0.001500, 0.001497, 0.001287, 0.001956, 0.000585, 0.001582, 0.001474, 0.001387, 0.001267, 0.001353, 0.001298, 0.001505, 0.001332, 0.001480, 0.001411, 0.001355, 0.001294, 0.001546, 0.001455, 0.001403, 0.001344, 0.001422, 0.001509, 0.001426
10 , 1, 1, 1, 1, 1, 1, 1
10 , 0.002827, 0.004867, 0.008057, 0.009238, 0.008350, 0.006584, 0.007187
11 , 0.001423, 0.001407, 0.001352, 0.001511, 0.001459, 0.001708, 0.001548, 0.001612, 0.001632, 0.001572, 0.001576, 0.001347, 0.001530, 0.001573, 0.001579, 0.001503, 0.001434, 0.001632, 0.001503, 0.001500, 0.001497, 0.001287, 0.001956, 0.000585, 0.001582, 0.001474, 0.001387, 0.001267, 0.001353, 0.001298, 0.001505, 0.001332, 0.001480, 0.001411, 0.001355, 0.001294, 0.001546, 0.001455, 0.001403, 0.001344, 0.001422, 0.001509, 0.001426, 0.001408, 0.001439, 0.001503, 0.001429, 0.001592, 0.001360, 0.001502, 0.001342, 0.001432, 0.001319, 0.001466, 0.001211, 0.001357, 0.001211, 0.001500, 0.001314, 0.001353, 0.001228, 0.001276, 0.001116, 0.001324, 0.001117, 0.001432, 0.001242, 0.001437, 0.001105, 0.001329, 0.001066, 0.001209, 0.000984, 0.001234, 0.001097, 0.001257, 0.001044, 0.001183, 0.001066, 0.001360, 0.001260, 0.001334, 0.001221, 0.001248, 0.001067, 0.001145, 0.001231, 0.001275, 0.001099, 0.001266, 0.001265, 0.001256
11 , 1, 1, 1, 1, 1, 1, 1
11 , 0.005390, 0.005437, 0.005415, 0.004551, 0.005092, 0.002879, 0.002889
12 , 0.001592, 0.001360, 0.001502, 0.001342, 0.001432, 0.001319, 0.001466, 0.001211, 0.001357, 0.001211, 0.001500, 0.001314, 0.001353, 0.001228, 0.001276, 0.001116, 0.001324, 0.001117, 0.001432, 0.001242, 0.001437, 0.001105, 0.001329, 0.001066, 0.001209, 0.000984, 0.001234, 0.001097, 0.001257, 0.001044, 0.001183, 0.001066, 0.001360, 0.001260, 0.001334, 0.001221, 0.001248, 0.001067, 0.001145, 0.001231, 0.001275, 0.001099, 0.001266, 0.001265, 0.001256, 0.001182, 0.001224, 0.001267, 0.001319, 0.001224, 0.001207, 0.001219, 0.001314, 0.001413, 0.001323, 0.001387, 0.001301, 0.001517, 0.001306, 0.001435, 0.001384, 0.001556, 0.001310, 0.001414, 0.001349, 0.001538, 0.001284, 0.001379, 0.001267, 0.001413, 0.001202, 0.001435, 0.001245, 0.001418, 0.001293, 0.001655, 0.001314, 0.001487, 0.001249, 0.001401, 0.001038, 0.001379, 0.001134, 0.001337, 0.001138, 0.001307, 0.001125, 0.001337, 0.001173, 0.001242, 0.001160, 0.001316
12 , 1, 1, 1, 1, 1, 1, 1
12 , 0.004561, 0.004387, 0.005061, 0.004480, 0.004794, 0.004200, 0.004423
13 , 0.001319, 0.001224, 0.001207, 0.001219, 0.001314, 0.001413, 0.001323, 0.001387, 0.001301, 0.001517, 0.001306, 0.001435, 0.001384, 0.001556, 0.001310, 0.001414, 0.001349, 0.001538, 0.001284, 0.001379, 0.001267, 0.001413, 0.001202, 0.001435, 0.001245, 0.001418, 0.001293, 0.001655, 0.001314, 0.001487, 0.001249, 0.001401, 0.001038, 0.001379, 0.001134, 0.001337, 0.001138, 0.001307, 0.001125, 0.001337, 0.001173, 0.001242, 0.001160, 0.001316, 0.001088, 0.001218, 0.001079, 0.001283, 0.001088, 0.001227, 0.001161, 0.001269, 0.001192, 0.001313, 0.001011, 0.001197, 0.001179, 0.001170, 0.001096, 0.001191, 0.001208, 0.001168, 0.001216, 0.001207, 0.001255, 0.001224, 0.001259, 0.001333, 0.001255, 0.001073, 0.001164, 0.001255, 0.001242, 0.001177, 0.001312, 0.001026, 0.001200, 0.001186, 0.001290, 0.001191, 0.001248, 0.001014, 0.001269, 0.001130, 0.001308, 0.001138, 0.001371, 0.001250, 0.001435, 0.001215, 0.001414, 0.001194
13 , 2, 2, 2, 2, 2, 2, 2
13 , 0.001523, 0.001804, 0.002381, 0.002807, 0.002835, 0.003185, 0.003454
14 , 0.001192, 0.001313, 0.001011, 0.001197, 0.001179, 0.001170, 0.001096, 0.001191, 0.001208, 0.001168, 0.001216, 0.001207, 0.001255, 0.001224, 0.001259, 0.001333, 0.001255, 0.001073, 0.001164, 0.001255, 0.001242, 0.001177, 0.001312, 0.001026, 0.001200, 0.001186, 0.001290, 0.001191, 0.001248, 0.001014, 0.001269, 0.001130, 0.001308, 0.001138, 0.001371, 0.001250, 0.001435, 0.001215, 0.001414, 0.001194, 0.001453, 0.001189, 0.001341, 0.001133, 0.001388, 0.001176, 0.001396, 0.001155, 0.001414, 0.001297, 0.001349, 0.001150, 0.001435, 0.001202, 0.001370, 0.001167, 0.001405, 0.001236, 0.001413, 0.001336, 0.001530, 0.001293, 0.001452, 0.001293, 0.001483, 0.001215, 0.001452, 0.001370, 0.001396, 0.001267, 0.001439, 0.001357, 0.001478, 0.001180, 0.001305, 0.001271, 0.001219, 0.001232, 0.001323, 0.001275, 0.001276, 0.001233, 0.001440, 0.001314, 0.001319, 0.001254, 0.001345, 0.001323, 0.001436, 0.001388, 0.001302, 0.001392
14 , 3, 3, 3, 3, 3, 3, 3
14 , 0.001263, 0.001385, 0.001293, 0.001694, 0.001632, 0.002636, 0.002310
15 , 0.001150, 0.001435, 0.001202, 0.001370, 0.001167, 0.001405, 0.001236, 0.001413, 0.001336, 0.001530, 0.001293, 0.001452, 0.001293, 0.001483, 0.001215, 0.001452, 0.001370, 0.001396, 0.001267, 0.001439, 0.001357, 0.001478, 0.001180, 0.001305, 0.001271, 0.001219, 0.001232, 0.001323, 0.001275, 0.001276, 0.001233, 0.001440, 0.001314, 0.001319, 0.001254, 0.001345, 0.001323, 0.001436, 0.001388, 0.001302, 0.001392, 0.001345, 0.001212, 0.001298, 0.001295, 0.001262, 0.001233, 0.001196, 0.001226, 0.001138, 0.001145, 0.001101, 0.001229, 0.000988, 0.001012, 0.000998, 0.001112, 0.000928, 0.001037, 0.000979, 0.001139, 0.001076, 0.001164, 0.001052, 0.001263, 0.000971, 0.001256, 0.001187, 0.001263, 0.001222, 0.001399, 0.001190, 0.001311, 0.001289, 0.001479, 0.001323, 0.001577, 0.001353, 0.001508, 0.001340, 0.001538, 0.001254, 0.001569, 0.001435, 0.001634, 0.001306, 0.001582, 0.001454, 0.001509, 0.001341, 0.001474, 0.001340
15 , 2, 2, 2, 2, 2, 2, 2
15 , 0.006919, 0.007199, 0.007646, 0.007795, 0.008087, 0.007960, 0.008231
16 , 0.001229, 0.000988, 0.001012, 0.000998, 0.001112, 0.000928, 0.001037, 0.000979, 0.001139, 0.001076, 0.001164, 0.001052, 0.001263, 0.000971, 0.001256, 0.001187, 0.001263, 0.001222, 0.001399, 0.001190, 0.001311, 0.001289, 0.001479, 0.001323, 0.001577, 0.001353, 0.001508, 0.001340, 0.001538, 0.001254, 0.001569, 0.001435, 0.001634, 0.001306, 0.001582, 0.001454, 0.001509, 0.001341, 0.001474, 0.001340, 0.001461, 0.001318, 0.001509, 0.001194, 0.001398, 0.001265, 0.001326, 0.001176, 0.001319, 0.001059, 0.001284, 0.001176, 0.001319, 0.001117, 0.001347, 0.001250, 0.001314, 0.001257, 0.001227, 0.001023, 0.001286, 0.001225, 0.001390, 0.001316, 0.001385, 0.001251, 0.001265, 0.001216, 0.001363, 0.001191, 0.001292, 0.001219, 0.001091, 0.001084, 0.001124, 0.001078, 0.001025, 0.001050, 0.001134, 0.001174, 0.001234, 0.001083, 0.001009, 0.001188, 0.001082, 0.001041, 0.001112, 0.001061, 0.001052, 0.001037, 0.000988, 0.001034
16 , 3, 3, 3, 3, 3, 3, 3
16 , 0.009771, 0.010218, 0.010136, 0.010209, 0.009840, 0.009211, 0.008159
