0 , 0.002165, 0.000606, 0.001529, 0.001465, 0.001548, 0.001489, 0.001397, 0.001359, 0.001484, 0.001296, 0.001300, 0.001330, 0.001442, 0.001436, 0.001487, 0.001413, 0.001472, 0.001436, 0.001457, 0.001569, 0.001626, 0.001467, 0.001490, 0.001493, 0.001638, 0.000374, 0.001172, 0.001468, 0.001499, 0.001490, 0.001359, 0.001658, 0.001629, 0.001588, 0.001417, 0.001578, 0.001585, 0.001578, 0.001636, 0.001519, 0.001687, 0.001640, 0.001590, 0.001728, 0.001580, 0.001894, 0.001687, 0.001782, 0.001795, 0.001529, 0.000911, 0.001603, 0.001401, 0.001529, 0.001366, 0.001491, 0.001211, 0.001488, 0.001327, 0.001453, 0.001384, 0.001416, 0.001310, 0.001589, 0.001276, 0.001516, 0.001477, 0.001481, 0.001386, 0.001626, 0.001375, 0.001632, 0.001492, 0.001325, 0.001593, 0.000486, 0.001315, 0.001573, 0.001462, 0.001590, 0.001648, 0.001536, 0.001691, 0.001533, 0.001786, 0.001765, 0.001808, 0.001711, 0.001714, 0.001906, 0.001768, 0.001990
0 , 0, 0, 0, 0, 0, 0, 0
0 , 0.001414, 0.002404, 0.003255, 0.004808, 0.006066, 0.006216, 0.006905
1 , 0.001401, 0.001529, 0.001366, 0.001491, 0.001211, 0.001488, 0.001327, 0.001453, 0.001384, 0.001416, 0.001310, 0.001589, 0.001276, 0.001516, 0.001477, 0.001481, 0.001386, 0.001626, 0.001375, 0.001632, 0.001492, 0.001325, 0.001593, 0.000486, 0.001315, 0.001573, 0.001462, 0.001590, 0.001648, 0.001536, 0.001691, 0.001533, 0.001786, 0.001765, 0.001808, 0.001711, 0.001714, 0.001906, 0.001768, 0.001990, 0.001773, 0.001925, 0.002028, 0.001846, 0.001816, 0.001727, 0.001856, 0.001977, 0.000363, 0.001912, 0.001589, 0.001567, 0.001406, 0.001557, 0.001392, 0.001453, 0.001419, 0.001570, 0.001408, 0.001468, 0.001279, 0.001615, 0.001436, 0.001586, 0.001367, 0.001498, 0.001433, 0.001470, 0.001376, 0.001516, 0.001439, 0.001260, 0.001230, 0.001522, 0.001701, 0.001630, 0.001512, 0.001647, 0.001539, 0.001869, 0.001869, 0.001896, 0.001673, 0.001964, 0.001961, 0.001886, 0.001856, 0.001607, 0.001836, 0.001826, 0.001802, 0.001776
1 , 0, 0, 0, 0, 0, 0, 0
1 , 0.008379, 0.009350, 0.009503, 0.011065, 0.012477, 0.013356, 0.014550
2 , 0.001406, 0.001557, 0.001392, 0.001453, 0.001419, 0.001570, 0.001408, 0.001468, 0.001279, 0.001615, 0.001436, 0.001586, 0.001367, 0.001498, 0.001433, 0.001470, 0.001376, 0.001516, 0.001439, 0.001260, 0.001230, 0.001522, 0.001701, 0.001630, 0.001512, 0.001647, 0.001539, 0.001869, 0.001869, 0.001896, 0.001673, 0.001964, 0.001961, 0.001886, 0.001856, 0.001607, 0.001836, 0.001826, 0.001802, 0.001776, 0.001762, 0.002055, 0.001678, 0.002003, 0.000520, 0.001420, 0.001721, 0.001742, 0.001631, 0.001437, 0.001663, 0.001382, 0.001480, 0.001330, 0.001547, 0.001429, 0.001547, 0.001423, 0.001464, 0.001500, 0.001561, 0.001416, 0.001421, 0.001359, 0.001459, 0.001269, 0.001337, 0.001416, 0.001421, 0.001313, 0.000356, 0.001558, 0.001534, 0.001641, 0.001545, 0.001670, 0.001771, 0.001744, 0.001705, 0.001637, 0.001830, 0.001755, 0.001813, 0.001681, 0.001705, 0.001722, 0.001624, 0.001759, 0.001637, 0.001765, 0.001738, 0.001671
2 , 0, 0, 0, 0, 0, 0, 0
2 , 0.009551, 0.008907, 0.009989, 0.012915, 0.013045, 0.013175, 0.012788
3 , 0.001382, 0.001480, 0.001330, 0.001547, 0.001429, 0.001547, 0.001423, 0.001464, 0.001500, 0.001561, 0.001416, 0.001421, 0.001359, 0.001459, 0.001269, 0.001337, 0.001416, 0.001421, 0.001313, 0.000356, 0.001558, 0.001534, 0.001641, 0.001545, 0.001670, 0.001771, 0.001744, 0.001705, 0.001637, 0.001830, 0.001755, 0.001813, 0.001681, 0.001705, 0.001722, 0.001624, 0.001759, 0.001637, 0.001765, 0.001738, 0.001671, 0.001759, 0.001639, 0.001654, 0.000829, 0.001671, 0.001529, 0.001578, 0.001271, 0.001383, 0.001139, 0.001391, 0.001205, 0.001332, 0.001197, 0.001415, 0.001075, 0.001414, 0.001253, 0.001374, 0.001218, 0.001340, 0.001330, 0.001548, 0.001260, 0.001433, 0.001415, 0.000388, 0.001527, 0.001716, 0.001479, 0.001724, 0.001748, 0.001829, 0.001708, 0.001718, 0.001809, 0.001738, 0.001795, 0.001650, 0.001860, 0.001789, 0.001805, 0.001862, 0.001711, 0.001926, 0.001841, 0.001891, 0.001685, 0.002069, 0.002008, 0.002119
3 , 0, 0, 0, 0, 0, 0, 0
3 , 0.014931, 0.016522, 0.016762, 0.017575, 0.015609, 0.014696, 0.013276
4 , 0.001383, 0.001139, 0.001391, 0.001205, 0.001332, 0.001197, 0.001415, 0.001075, 0.001414, 0.001253, 0.001374, 0.001218, 0.001340, 0.001330, 0.001548, 0.001260, 0.001433, 0.001415, 0.000388, 0.001527, 0.001716, 0.001479, 0.001724, 0.001748, 0.001829, 0.001708, 0.001718, 0.001809, 0.001738, 0.001795, 0.001650, 0.001860, 0.001789, 0.001805, 0.001862, 0.001711, 0.001926, 0.001841, 0.001891, 0.001685, 0.002069, 0.002008, 0.002119, 0.000227, 0.001651, 0.001482, 0.001485, 0.001387, 0.001281, 0.001409, 0.001355, 0.001378, 0.001312, 0.001460, 0.001370, 0.001338, 0.001390, 0.001455, 0.001382, 0.001504, 0.001406, 0.001434, 0.001432, 0.001523, 0.001492, 0.001514, 0.001519, 0.001635, 0.001175, 0.001075, 0.001503, 0.001590, 0.001516, 0.001579, 0.001424, 0.001693, 0.001589, 0.001751, 0.001579, 0.001592, 0.001835, 0.001570, 0.001802, 0.001624, 0.001651, 0.001654, 0.001647, 0.001735, 0.001587, 0.001749, 0.001627, 0.001641
4 , 0, 0, 0, 0, 0, 0, 0
4 , 0.013326, 0.014502, 0.015090, 0.015009, 0.014318, 0.012153, 0.010988
5 , 0.001281, 0.001409, 0.001355, 0.001378, 0.001312, 0.001460, 0.001370, 0.001338, 0.001390, 0.001455, 0.001382, 0.001504, 0.001406, 0.001434, 0.001432, 0.001523, 0.001492, 0.001514, 0.001519, 0.001635, 0.001175, 0.001075, 0.001503, 0.001590, 0.001516, 0.001579, 0.001424, 0.001693, 0.001589, 0.001751, 0.001579, 0.001592, 0.001835, 0.001570, 0.001802, 0.001624, 0.001651, 0.001654, 0.001647, 0.001735, 0.001587, 0.001749, 0.001627, 0.001641, 0.001782, 0.000662, 0.001444, 0.001786, 0.001709, 0.001623, 0.001555, 0.001651, 0.001348, 0.001514, 0.001392, 0.001521, 0.001308, 0.001525, 0.001420, 0.001520, 0.001385, 0.001595, 0.001371, 0.001643, 0.001544, 0.001703, 0.001478, 0.001729, 0.001527, 0.000159, 0.001324, 0.001470, 0.001360, 0.001592, 0.001698, 0.001509, 0.001698, 0.001395, 0.001657, 0.001533, 0.001654, 0.001604, 0.001685, 0.001883, 0.001739, 0.001796, 0.001580, 0.001808, 0.001805, 0.001730, 0.001861, 0.001880
5 , 0, 0, 0, 0, 0, 0, 0
5 , 0.004784, 0.005237, 0.007239, 0.008596, 0.009462, 0.010258, 0.010715
6 , 0.001348, 0.001514, 0.001392, 0.001521, 0.001308, 0.001525, 0.001420, 0.001520, 0.001385, 0.001595, 0.001371, 0.001643, 0.001544, 0.001703, 0.001478, 0.001729, 0.001527, 0.000159, 0.001324, 0.001470, 0.001360, 0.001592, 0.001698, 0.001509, 0.001698, 0.001395, 0.001657, 0.001533, 0.001654, 0.001604, 0.001685, 0.001883, 0.001739, 0.001796, 0.001580, 0.001808, 0.001805, 0.001730, 0.001861, 0.001880, 0.001957, 0.001871, 0.002073, 0.001432, 0.000849, 0.001554, 0.001567, 0.001453, 0.001356, 0.001387, 0.001394, 0.001368, 0.001426, 0.001456, 0.001455, 0.001387, 0.001443, 0.001409, 0.001536, 0.001382, 0.001298, 0.001382, 0.001450, 0.001271, 0.001355, 0.001481, 0.001519, 0.001298, 0.001388, 0.001327, 0.001385, 0.001438, 0.001317, 0.001409, 0.001471, 0.001289, 0.001355, 0.001263, 0.001346, 0.001371, 0.001373, 0.001460, 0.001395, 0.001395, 0.001387, 0.001442, 0.001495, 0.001546, 0.001451, 0.001574, 0.001578, 0.001554
6 , 0, 3, 0, 0, 0, 0, 0
6 , 0.006262, 0.005540, 0.006307, 0.006691, 0.006172, 0.006337, 0.005849
7 , 0.001387, 0.001394, 0.001368, 0.001426, 0.001456, 0.001455, 0.001387, 0.001443, 0.001409, 0.001536, 0.001382, 0.001298, 0.001382, 0.001450, 0.001271, 0.001355, 0.001481, 0.001519, 0.001298, 0.001388, 0.001327, 0.001385, 0.001438, 0.001317, 0.001409, 0.001471, 0.001289, 0.001355, 0.001263, 0.001346, 0.001371, 0.001373, 0.001460, 0.001395, 0.001395, 0.001387, 0.001442, 0.001495, 0.001546, 0.001451, 0.001574, 0.001578, 0.001554, 0.001498, 0.001590, 0.001559, 0.001621, 0.001587, 0.001466, 0.001432, 0.001522, 0.001464, 0.001373, 0.001339, 0.001593, 0.001436, 0.001499, 0.001534, 0.001415, 0.001227, 0.001508, 0.001349, 0.001588, 0.001495, 0.001589, 0.001495, 0.001557, 0.001428, 0.001461, 0.001521, 0.001495, 0.001338, 0.001588, 0.001406, 0.001562, 0.001497, 0.001618, 0.001371, 0.001653, 0.001405, 0.001531, 0.001534, 0.001599, 0.001386, 0.001581, 0.001302, 0.001556, 0.001403, 0.001414, 0.001265, 0.001542, 0.001359
7 , 3, 3, 3, 3, 0, 3, 3
7 , 0.000193, 0.000641, 0.000940, 0.001157, 0.001378, 0.001533, 0.001387
8 , 0.001464, 0.001373, 0.001339, 0.001593, 0.001436, 0.001499, 0.001534, 0.001415, 0.001227, 0.001508, 0.001349, 0.001588, 0.001495, 0.001589, 0.001495, 0.001557, 0.001428, 0.001461, 0.001521, 0.001495, 0.001338, 0.001588, 0.001406, 0.001562, 0.001497, 0.001618, 0.001371, 0.001653, 0.001405, 0.001531, 0.001534, 0.001599, 0.001386, 0.001581, 0.001302, 0.001556, 0.001403, 0.001414, 0.001265, 0.001542, 0.001359, 0.001455, 0.001292, 0.001509, 0.001391, 0.001581, 0.001273, 0.001465, 0.001369, 0.001526, 0.001394, 0.001528, 0.001429, 0.001528, 0.001275, 0.001522, 0.001265, 0.001507, 0.001284, 0.001435, 0.001342, 0.001496, 0.001395, 0.001574, 0.001259, 0.001501, 0.001456, 0.001581, 0.001454, 0.001574, 0.001477, 0.001663, 0.001537, 0.001694, 0.001509, 0.001608, 0.001397, 0.001560, 0.001470, 0.001537, 0.001232, 0.001434, 0.001432, 0.001421, 0.001282, 0.001325, 0.001306, 0.001253, 0.001085, 0.001262, 0.001114, 0.001117
8 , 0, 1, 3, 1, 3, 1, 1
8 , 0.000241, 0.000147, 0.000817, 0.001206, 0.001971, 0.002953, 0.003803
9 , 0.001429, 0.001528, 0.001275, 0.001522, 0.001265, 0.001507, 0.001284, 0.001435, 0.001342, 0.001496, 0.001395, 0.001574, 0.001259, 0.001501, 0.001456, 0.001581, 0.001454, 0.001574, 0.001477, 0.001663, 0.001537, 0.001694, 0.001509, 0.001608, 0.001397, 0.001560, 0.001470, 0.001537, 0.001232, 0.001434, 0.001432, 0.001421, 0.001282, 0.001325, 0.001306, 0.001253, 0.001085, 0.001262, 0.001114, 0.001117, 0.001005, 0.001079, 0.001138, 0.001195, 0.001087, 0.001175, 0.001098, 0.001207, 0.001260, 0.001279, 0.001354, 0.001343, 0.001368, 0.001391, 0.001406, 0.001281, 0.001398, 0.001419, 0.001415, 0.001443, 0.001507, 0.001408, 0.001367, 0.001485, 0.001487, 0.001516, 0.001550, 0.001517, 0.001488, 0.001429, 0.001554, 0.001489, 0.001584, 0.001378, 0.001564, 0.001443, 0.001382, 0.001322, 0.001540, 0.001321, 0.001420, 0.001232, 0.001424, 0.001388, 0.001664, 0.001481, 0.001485, 0.001447, 0.001607, 0.001396, 0.001490, 0.001364
9 , 2, 2, 2, 2, 2, 2, 2
9 , 0.004457, 0.004677, 0.004988, 0.005104, 0.005298, 0.005207, 0.005518
10 , 0.001368, 0.001391, 0.001406, 0.001281, 0.001398, 0.001419, 0.001415, 0.001443, 0.001507, 0.001408, 0.001367, 0.001485, 0.001487, 0.001516, 0.001550, 0.001517, 0.001488, 0.001429, 0.001554, 0.001489, 0.001584, 0.001378, 0.001564, 0.001443, 0.001382, 0.001322, 0.001540, 0.001321, 0.001420, 0.001232, 0.001424, 0.001388, 0.001664, 0.001481, 0.001485, 0.001447, 0.001607, 0.001396, 0.001490, 0.001364, 0.001583, 0.001390, 0.001549, 0.001390, 0.001658, 0.001405, 0.001505, 0.001440, 0.001594, 0.001466, 0.001593, 0.001385, 0.001630, 0.001353, 0.001514, 0.001326, 0.001425, 0.001273, 0.001621, 0.001373, 0.001472, 0.001288, 0.001450, 0.001327, 0.001424, 0.001327, 0.001424, 0.001324, 0.001446, 0.001291, 0.001385, 0.001297, 0.001426, 0.001327, 0.001514, 0.001420, 0.001517, 0.001507, 0.001467, 0.001399, 0.001481, 0.001379, 0.001523, 0.001417, 0.001594, 0.001645, 0.001697, 0.001717, 0.001623, 0.001682, 0.001803, 0.001710
10 , 0, 0, 0, 0, 2, 2, 0
10 , 0.001405, 0.001810, 0.002026, 0.002563, 0.003257, 0.003673, 0.004110
11 , 0.001630, 0.001353, 0.001514, 0.001326, 0.001425, 0.001273, 0.001621, 0.001373, 0.001472, 0.001288, 0.001450, 0.001327, 0.001424, 0.001327, 0.001424, 0.001324, 0.001446, 0.001291, 0.001385, 0.001297, 0.001426, 0.001327, 0.001514, 0.001420, 0.001517, 0.001507, 0.001467, 0.001399, 0.001481, 0.001379, 0.001523, 0.001417, 0.001594, 0.001645, 0.001697, 0.001717, 0.001623, 0.001682, 0.001803, 0.001710, 0.001862, 0.001772, 0.001624, 0.001629, 0.001580, 0.001590, 0.001634, 0.001682, 0.001482, 0.001496, 0.001384, 0.001423, 0.001371, 0.001226, 0.001182, 0.001284, 0.001294, 0.001300, 0.001199, 0.001170, 0.001131, 0.001309, 0.001213, 0.001308, 0.001300, 0.001359, 0.001203, 0.001350, 0.001220, 0.001462, 0.001333, 0.001580, 0.001441, 0.001561, 0.001424, 0.001632, 0.001557, 0.001625, 0.001370, 0.001493, 0.001425, 0.001604, 0.001451, 0.001636, 0.001508, 0.001783, 0.001497, 0.001811, 0.001531, 0.001751, 0.001507, 0.001575
11 , 0, 0, 0, 0, 0, 0, 0
11 , 0.007390, 0.008733, 0.009237, 0.010144, 0.010403, 0.010590, 0.010373
12 , 0.001423, 0.001371, 0.001226, 0.001182, 0.001284, 0.001294, 0.001300, 0.001199, 0.001170, 0.001131, 0.001309, 0.001213, 0.001308, 0.001300, 0.001359, 0.001203, 0.001350, 0.001220, 0.001462, 0.001333, 0.001580, 0.001441, 0.001561, 0.001424, 0.001632, 0.001557, 0.001625, 0.001370, 0.001493, 0.001425, 0.001604, 0.001451, 0.001636, 0.001508, 0.001783, 0.001497, 0.001811, 0.001531, 0.001751, 0.001507, 0.001575, 0.001454, 0.001590, 0.001433, 0.001542, 0.001406, 0.001474, 0.001390, 0.001441, 0.001223, 0.001414, 0.001295, 0.001482, 0.001118, 0.001272, 0.001295, 0.001328, 0.001178, 0.001338, 0.001237, 0.001385, 0.001261, 0.001290, 0.001228, 0.001362, 0.001229, 0.001295, 0.001321, 0.001319, 0.001232, 0.001267, 0.001213, 0.001311, 0.001311, 0.001338, 0.001340, 0.001317, 0.001251, 0.001341, 0.001338, 0.001314, 0.001289, 0.001199, 0.001260, 0.001289, 0.001292, 0.001229, 0.001350, 0.001248, 0.001340, 0.001274, 0.001269
12 , 3, 3, 3, 0, 0, 0, 0
12 , 0.006472, 0.006587, 0.006115, 0.005898, 0.005787, 0.005894, 0.004909
13 , 0.001390, 0.001441, 0.001223, 0.001414, 0.001295, 0.001482, 0.001118, 0.001272, 0.001295, 0.001328, 0.001178, 0.001338, 0.001237, 0.001385, 0.001261, 0.001290, 0.001228, 0.001362, 0.001229, 0.001295, 0.001321, 0.001319, 0.001232, 0.001267, 0.001213, 0.001311, 0.001311, 0.001338, 0.001340, 0.001317, 0.001251, 0.001341, 0.001338, 0.001314, 0.001289, 0.001199, 0.001260, 0.001289, 0.001292, 0.001229, 0.001350, 0.001248, 0.001340, 0.001274, 0.001269, 0.001235, 0.001324, 0.001229, 0.001325, 0.001313, 0.001403, 0.001304, 0.001485, 0.001228, 0.001384, 0.001442, 0.001568, 0.001348, 0.001381, 0.001384, 0.001568, 0.001222, 0.001496, 0.001467, 0.001504, 0.001317, 0.001467, 0.001435, 0.001556, 0.001363, 0.001459, 0.001444, 0.001628, 0.001405, 0.001621, 0.001498, 0.001601, 0.001444, 0.001537, 0.001473, 0.001724, 0.001410, 0.001658, 0.001541, 0.001611, 0.001461, 0.001564, 0.001377, 0.001546, 0.001397, 0.001467, 0.001439
13 , 2, 2, 2, 2, 2, 2, 2
13 , 0.003999, 0.003332, 0.003308, 0.002994, 0.002663, 0.001777, 0.001631
14 , 0.001324, 0.001229, 0.001325, 0.001313, 0.001403, 0.001304, 0.001485, 0.001228, 0.001384, 0.001442, 0.001568, 0.001348, 0.001381, 0.001384, 0.001568, 0.001222, 0.001496, 0.001467, 0.001504, 0.001317, 0.001467, 0.001435, 0.001556, 0.001363, 0.001459, 0.001444, 0.001628, 0.001405, 0.001621, 0.001498, 0.001601, 0.001444, 0.001537, 0.001473, 0.001724, 0.001410, 0.001658, 0.001541, 0.001611, 0.001461, 0.001564, 0.001377, 0.001546, 0.001397, 0.001467, 0.001439, 0.001482, 0.001277, 0.001462, 0.001168, 0.001363, 0.001207, 0.001245, 0.001214, 0.001275, 0.001128, 0.001230, 0.001160, 0.001257, 0.001130, 0.001184, 0.001118, 0.001272, 0.001184, 0.001234, 0.001133, 0.001247, 0.001362, 0.001336, 0.001300, 0.001237, 0.001325, 0.001377, 0.001374, 0.001342, 0.001488, 0.001327, 0.001352, 0.001378, 0.001464, 0.001493, 0.001496, 0.001338, 0.001460, 0.001428, 0.001528, 0.001429, 0.001455, 0.001337, 0.001525, 0.001217, 0.001409
14 , 0, 0, 0, 0, 0, 0, 0
14 , 0.006410, 0.006836, 0.006668, 0.006933, 0.006458, 0.006661, 0.006008
15 , 0.001168, 0.001363, 0.001207, 0.001245, 0.001214, 0.001275, 0.001128, 0.001230, 0.001160, 0.001257, 0.001130, 0.001184, 0.001118, 0.001272, 0.001184, 0.001234, 0.001133, 0.001247, 0.001362, 0.001336, 0.001300, 0.001237, 0.001325, 0.001377, 0.001374, 0.001342, 0.001488, 0.001327, 0.001352, 0.001378, 0.001464, 0.001493, 0.001496, 0.001338, 0.001460, 0.001428, 0.001528, 0.001429, 0.001455, 0.001337, 0.001525, 0.001217, 0.001409, 0.001409, 0.001531, 0.001350, 0.001416, 0.001324, 0.001488, 0.001327, 0.001276, 0.001211, 0.001520, 0.001220, 0.001346, 0.001218, 0.001321, 0.001110, 0.001328, 0.001170, 0.001271, 0.001149, 0.001285, 0.001123, 0.001441, 0.001224, 0.001268, 0.001109, 0.001326, 0.001202, 0.001182, 0.001094, 0.001253, 0.001155, 0.001311, 0.001159, 0.001318, 0.001157, 0.001142, 0.001080, 0.001350, 0.001160, 0.001266, 0.001105, 0.001074, 0.001157, 0.001245, 0.001177, 0.001322, 0.001311, 0.001266, 0.001314
15 , 3, 3, 3, 3, 3, 3, 0
15 , 0.005539, 0.005689, 0.005506, 0.005543, 0.004791, 0.004615, 0.004324
16 , 0.001324, 0.001488, 0.001327, 0.001276, 0.001211, 0.001520, 0.001220, 0.001346, 0.001218, 0.001321, 0.001110, 0.001328, 0.001170, 0.001271, 0.001149, 0.001285, 0.001123, 0.001441, 0.001224, 0.001268, 0.001109, 0.001326, 0.001202, 0.001182, 0.001094, 0.001253, 0.001155, 0.001311, 0.001159, 0.001318, 0.001157, 0.001142, 0.001080, 0.001350, 0.001160, 0.001266, 0.001105, 0.001074, 0.001157, 0.001245, 0.001177, 0.001322, 0.001311, 0.001266, 0.001314, 0.001458, 0.001292, 0.001475, 0.001501, 0.001526, 0.001496, 0.001528, 0.001488, 0.001488, 0.001546, 0.001513, 0.001486, 0.001486, 0.001513, 0.001508, 0.001599, 0.001480, 0.001512, 0.001386, 0.001479, 0.001453, 0.001482, 0.001507, 0.001543, 0.001354, 0.001420, 0.001383, 0.001420, 0.001369, 0.001589, 0.001407, 0.001594, 0.001377, 0.001388, 0.001300, 0.001430, 0.001284, 0.001345, 0.001269, 0.001449, 0.001237, 0.001394, 0.001266, 0.001424, 0.001268, 0.001371, 0.001215
16 , 1, 1, 1, 1, 1, 1, 3
16 , 0.004736, 0.004933, 0.004222, 0.004499, 0.004018, 0.003569, 0.003087
