0 , 0.001985, 0.001870, 0.002170, 0.002023, 0.002134, 0.002027, 0.002184, 0.002192, 0.002068, 0.002125, 0.001966, 0.002174, 0.002057, 0.002023, 0.001902, 0.001826, 0.002066, 0.001854, 0.001913, 0.001667, 0.001830, 0.001745, 0.001947, 0.000161, 0.001659, 0.001570, 0.001625, 0.001504, 0.001467, 0.001557, 0.001582, 0.001641, 0.001491, 0.001585, 0.001490, 0.001554, 0.001560, 0.001593, 0.001469, 0.001476, 0.001482, 0.001518, 0.001458, 0.001457, 0.001458, 0.001436, 0.001446, 0.001389, 0.001349, 0.000817, 0.001712, 0.001725, 0.001765, 0.001798, 0.001765, 0.002090, 0.001890, 0.001897, 0.001830, 0.001996, 0.002167, 0.002087, 0.002068, 0.001878, 0.002151, 0.002015, 0.002091, 0.002117, 0.002053, 0.002212, 0.002170, 0.002049, 0.001870, 0.001579, 0.000812, 0.001617, 0.001425, 0.001406, 0.001270, 0.001409, 0.001309, 0.001547, 0.001409, 0.001591, 0.001365, 0.001609, 0.001352, 0.001626, 0.001495, 0.001610, 0.001603, 0.001698
0 , 1, 1, 1, 1, 1, 1, 1
0 , 0.013579, 0.015314, 0.018295, 0.019994, 0.021745, 0.019633, 0.020807
1 , 0.001712, 0.001725, 0.001765, 0.001798, 0.001765, 0.002090, 0.001890, 0.001897, 0.001830, 0.001996, 0.002167, 0.002087, 0.002068, 0.001878, 0.002151, 0.002015, 0.002091, 0.002117, 0.002053, 0.002212, 0.002170, 0.002049, 0.001870, 0.001579, 0.000812, 0.001617, 0.001425, 0.001406, 0.001270, 0.001409, 0.001309, 0.001547, 0.001409, 0.001591, 0.001365, 0.001609, 0.001352, 0.001626, 0.001495, 0.001610, 0.001603, 0.001698, 0.001480, 0.001606, 0.001499, 0.001642, 0.001673, 0.000402, 0.001298, 0.001384, 0.001403, 0.001594, 0.001514, 0.001652, 0.001584, 0.001561, 0.001814, 0.001601, 0.001777, 0.001723, 0.001908, 0.001800, 0.001699, 0.001915, 0.001796, 0.001986, 0.001891, 0.001880, 0.001927, 0.001802, 0.001993, 0.001987, 0.002007, 0.001837, 0.000226, 0.001488, 0.001454, 0.001422, 0.001273, 0.001278, 0.001340, 0.001214, 0.001221, 0.001218, 0.001286, 0.001252, 0.001427, 0.001323, 0.001380, 0.001429, 0.001453, 0.001325
1 , 1, 1, 1, 1, 1, 1, 1
1 , 0.010173, 0.012635, 0.014494, 0.017091, 0.020977, 0.022425, 0.021708
2 , 0.001594, 0.001514, 0.001652, 0.001584, 0.001561, 0.001814, 0.001601, 0.001777, 0.001723, 0.001908, 0.001800, 0.001699, 0.001915, 0.001796, 0.001986, 0.001891, 0.001880, 0.001927, 0.001802, 0.001993, 0.001987, 0.002007, 0.001837, 0.000226, 0.001488, 0.001454, 0.001422, 0.001273, 0.001278, 0.001340, 0.001214, 0.001221, 0.001218, 0.001286, 0.001252, 0.001427, 0.001323, 0.001380, 0.001429, 0.001453, 0.001325, 0.001314, 0.001403, 0.001483, 0.001518, 0.001667, 0.001394, 0.001617, 0.000747, 0.001069, 0.001561, 0.001581, 0.001466, 0.001736, 0.001769, 0.001834, 0.001567, 0.001722, 0.001944, 0.001772, 0.001991, 0.001761, 0.001934, 0.001897, 0.001853, 0.001793, 0.001834, 0.002019, 0.001712, 0.001803, 0.001712, 0.001793, 0.002119, 0.000381, 0.001829, 0.001601, 0.001645, 0.001491, 0.001703, 0.001509, 0.001666, 0.001380, 0.001624, 0.001496, 0.001679, 0.001455, 0.001606, 0.001390, 0.001643, 0.001485, 0.001673, 0.001459
2 , 1, 1, 1, 1, 1, 1, 1
2 , 0.009285, 0.010877, 0.012066, 0.013855, 0.014645, 0.014867, 0.013014
3 , 0.001581, 0.001466, 0.001736, 0.001769, 0.001834, 0.001567, 0.001722, 0.001944, 0.001772, 0.001991, 0.001761, 0.001934, 0.001897, 0.001853, 0.001793, 0.001834, 0.002019, 0.001712, 0.001803, 0.001712, 0.001793, 0.002119, 0.000381, 0.001829, 0.001601, 0.001645, 0.001491, 0.001703, 0.001509, 0.001666, 0.001380, 0.001624, 0.001496, 0.001679, 0.001455, 0.001606, 0.001390, 0.001643, 0.001485, 0.001673, 0.001459, 0.001643, 0.001459, 0.001801, 0.001410, 0.001539, 0.000687, 0.001660, 0.001672, 0.001772, 0.001659, 0.001685, 0.001621, 0.001905, 0.001689, 0.001703, 0.001736, 0.001814, 0.001942, 0.001783, 0.001780, 0.001604, 0.001992, 0.001867, 0.001918, 0.001722, 0.001691, 0.002045, 0.001793, 0.001986, 0.001232, 0.000886, 0.001560, 0.001564, 0.001454, 0.001417, 0.001478, 0.001421, 0.001484, 0.001329, 0.001392, 0.001419, 0.001458, 0.001277, 0.001368, 0.001368, 0.001333, 0.001396, 0.001397, 0.001393, 0.001400, 0.001249
3 , 1, 1, 1, 1, 1, 1, 1
3 , 0.009008, 0.011058, 0.013067, 0.015583, 0.011840, 0.012440, 0.012289
4 , 0.001772, 0.001659, 0.001685, 0.001621, 0.001905, 0.001689, 0.001703, 0.001736, 0.001814, 0.001942, 0.001783, 0.001780, 0.001604, 0.001992, 0.001867, 0.001918, 0.001722, 0.001691, 0.002045, 0.001793, 0.001986, 0.001232, 0.000886, 0.001560, 0.001564, 0.001454, 0.001417, 0.001478, 0.001421, 0.001484, 0.001329, 0.001392, 0.001419, 0.001458, 0.001277, 0.001368, 0.001368, 0.001333, 0.001396, 0.001397, 0.001393, 0.001400, 0.001249, 0.001377, 0.001367, 0.001200, 0.001533, 0.000051, 0.001580, 0.001768, 0.001966, 0.001811, 0.002129, 0.002011, 0.001996, 0.001806, 0.001723, 0.001994, 0.001952, 0.001936, 0.001770, 0.001971, 0.001905, 0.001763, 0.001706, 0.001662, 0.001824, 0.001625, 0.001743, 0.001639, 0.001645, 0.001897, 0.000469, 0.001943, 0.001809, 0.001787, 0.001570, 0.001693, 0.001511, 0.001580, 0.001459, 0.001616, 0.001494, 0.001681, 0.001376, 0.001608, 0.001450, 0.001491, 0.001280, 0.001444, 0.001325, 0.001516
4 , 1, 1, 1, 1, 1, 1, 1
4 , 0.010824, 0.013030, 0.014896, 0.014395, 0.016765, 0.014541, 0.015055
5 , 0.001966, 0.001811, 0.002129, 0.002011, 0.001996, 0.001806, 0.001723, 0.001994, 0.001952, 0.001936, 0.001770, 0.001971, 0.001905, 0.001763, 0.001706, 0.001662, 0.001824, 0.001625, 0.001743, 0.001639, 0.001645, 0.001897, 0.000469, 0.001943, 0.001809, 0.001787, 0.001570, 0.001693, 0.001511, 0.001580, 0.001459, 0.001616, 0.001494, 0.001681, 0.001376, 0.001608, 0.001450, 0.001491, 0.001280, 0.001444, 0.001325, 0.001516, 0.001322, 0.001462, 0.001279, 0.001120, 0.001317, 0.001688, 0.001804, 0.001886, 0.001738, 0.001809, 0.001661, 0.001861, 0.001699, 0.001918, 0.001817, 0.001521, 0.001827, 0.001777, 0.001790, 0.001625, 0.001770, 0.001738, 0.001697, 0.001844, 0.001502, 0.001743, 0.001754, 0.001944, 0.000302, 0.001595, 0.001598, 0.001624, 0.001508, 0.001448, 0.001530, 0.001377, 0.001476, 0.001346, 0.001437, 0.001487, 0.001669, 0.001632, 0.001621, 0.001521, 0.001698, 0.001752, 0.001746, 0.001680, 0.001827, 0.001821
5 , 1, 1, 1, 1, 1, 1, 1
5 , 0.008988, 0.011487, 0.013021, 0.011196, 0.008044, 0.007715, 0.006746
6 , 0.001804, 0.001886, 0.001738, 0.001809, 0.001661, 0.001861, 0.001699, 0.001918, 0.001817, 0.001521, 0.001827, 0.001777, 0.001790, 0.001625, 0.001770, 0.001738, 0.001697, 0.001844, 0.001502, 0.001743, 0.001754, 0.001944, 0.000302, 0.001595, 0.001598, 0.001624, 0.001508, 0.001448, 0.001530, 0.001377, 0.001476, 0.001346, 0.001437, 0.001487, 0.001669, 0.001632, 0.001621, 0.001521, 0.001698, 0.001752, 0.001746, 0.001680, 0.001827, 0.001821, 0.001937, 0.001994, 0.001933, 0.001899, 0.000092, 0.001039, 0.001033, 0.001279, 0.001191, 0.001324, 0.001597, 0.001407, 0.001601, 0.001628, 0.001777, 0.001748, 0.001732, 0.001766, 0.001676, 0.001827, 0.001861, 0.002009, 0.001809, 0.001932, 0.002087, 0.001927, 0.001987, 0.001931, 0.001838, 0.000669, 0.001688, 0.001515, 0.001612, 0.001383, 0.001451, 0.001318, 0.001500, 0.001369, 0.001614, 0.001426, 0.001548, 0.001392, 0.001635, 0.001414, 0.001565, 0.001346, 0.001566, 0.001435
6 , 1, 1, 1, 1, 1, 1, 1
6 , 0.003493, 0.004815, 0.005307, 0.006181, 0.003425, 0.006705, 0.005830
7 , 0.001279, 0.001191, 0.001324, 0.001597, 0.001407, 0.001601, 0.001628, 0.001777, 0.001748, 0.001732, 0.001766, 0.001676, 0.001827, 0.001861, 0.002009, 0.001809, 0.001932, 0.002087, 0.001927, 0.001987, 0.001931, 0.001838, 0.000669, 0.001688, 0.001515, 0.001612, 0.001383, 0.001451, 0.001318, 0.001500, 0.001369, 0.001614, 0.001426, 0.001548, 0.001392, 0.001635, 0.001414, 0.001565, 0.001346, 0.001566, 0.001435, 0.001620, 0.001514, 0.001594, 0.001647, 0.000685, 0.001204, 0.001403, 0.001200, 0.001444, 0.001404, 0.001580, 0.001550, 0.001530, 0.001820, 0.001709, 0.001824, 0.001335, 0.001773, 0.001848, 0.001686, 0.001757, 0.001642, 0.001838, 0.001850, 0.001837, 0.001768, 0.001807, 0.001782, 0.001948, 0.000526, 0.001917, 0.001599, 0.001544, 0.001450, 0.001479, 0.001390, 0.001393, 0.001422, 0.001357, 0.001354, 0.001478, 0.001501, 0.001497, 0.001497, 0.001466, 0.001488, 0.001516, 0.001486, 0.001485, 0.001549, 0.001460
7 , 1, 1, 1, 1, 1, 1, 1
7 , 0.003459, 0.006128, 0.009928, 0.009755, 0.009416, 0.010943, 0.011227
8 , 0.001550, 0.001530, 0.001820, 0.001709, 0.001824, 0.001335, 0.001773, 0.001848, 0.001686, 0.001757, 0.001642, 0.001838, 0.001850, 0.001837, 0.001768, 0.001807, 0.001782, 0.001948, 0.000526, 0.001917, 0.001599, 0.001544, 0.001450, 0.001479, 0.001390, 0.001393, 0.001422, 0.001357, 0.001354, 0.001478, 0.001501, 0.001497, 0.001497, 0.001466, 0.001488, 0.001516, 0.001486, 0.001485, 0.001549, 0.001460, 0.001426, 0.001458, 0.001620, 0.001294, 0.001044, 0.001288, 0.001446, 0.001345, 0.001551, 0.001456, 0.001638, 0.001568, 0.001601, 0.001753, 0.001554, 0.001774, 0.001760, 0.001716, 0.001733, 0.001669, 0.001878, 0.001739, 0.001793, 0.001722, 0.001759, 0.001914, 0.001729, 0.002057, 0.000609, 0.001295, 0.001701, 0.001712, 0.001688, 0.001406, 0.001570, 0.001444, 0.001512, 0.001328, 0.001543, 0.001260, 0.001504, 0.001410, 0.001597, 0.001436, 0.001618, 0.001460, 0.001610, 0.001385, 0.001659, 0.001556, 0.001627, 0.001459
8 , 1, 1, 1, 1, 1, 1, 1
8 , 0.007869, 0.007834, 0.008015, 0.008573, 0.010306, 0.010569, 0.009999
9 , 0.001568, 0.001601, 0.001753, 0.001554, 0.001774, 0.001760, 0.001716, 0.001733, 0.001669, 0.001878, 0.001739, 0.001793, 0.001722, 0.001759, 0.001914, 0.001729, 0.002057, 0.000609, 0.001295, 0.001701, 0.001712, 0.001688, 0.001406, 0.001570, 0.001444, 0.001512, 0.001328, 0.001543, 0.001260, 0.001504, 0.001410, 0.001597, 0.001436, 0.001618, 0.001460, 0.001610, 0.001385, 0.001659, 0.001556, 0.001627, 0.001459, 0.000350, 0.001439, 0.001429, 0.001507, 0.001501, 0.001733, 0.001666, 0.001794, 0.001659, 0.001945, 0.001858, 0.001905, 0.001939, 0.001618, 0.001935, 0.001706, 0.001888, 0.001753, 0.001723, 0.001861, 0.001655, 0.001793, 0.001553, 0.001751, 0.001677, 0.001671, 0.001253, 0.001220, 0.001805, 0.001857, 0.001712, 0.001796, 0.001676, 0.001589, 0.001652, 0.001563, 0.001570, 0.001696, 0.001575, 0.001764, 0.001616, 0.001533, 0.001510, 0.001483, 0.001527, 0.001476, 0.001446, 0.001545, 0.001364, 0.001433, 0.001319
9 , 1, 1, 1, 1, 1, 1, 1
9 , 0.007298, 0.007210, 0.008354, 0.009020, 0.008970, 0.009208, 0.009013
10 , 0.001858, 0.001905, 0.001939, 0.001618, 0.001935, 0.001706, 0.001888, 0.001753, 0.001723, 0.001861, 0.001655, 0.001793, 0.001553, 0.001751, 0.001677, 0.001671, 0.001253, 0.001220, 0.001805, 0.001857, 0.001712, 0.001796, 0.001676, 0.001589, 0.001652, 0.001563, 0.001570, 0.001696, 0.001575, 0.001764, 0.001616, 0.001533, 0.001510, 0.001483, 0.001527, 0.001476, 0.001446, 0.001545, 0.001364, 0.001433, 0.001319, 0.001386, 0.001305, 0.001364, 0.001332, 0.001302, 0.001267, 0.001337, 0.001308, 0.001273, 0.001308, 0.001366, 0.001239, 0.001299, 0.001323, 0.001352, 0.001319, 0.001438, 0.001460, 0.001428, 0.001358, 0.001325, 0.001447, 0.001411, 0.001475, 0.001410, 0.001370, 0.001481, 0.001355, 0.001442, 0.001655, 0.001587, 0.001740, 0.001585, 0.001518, 0.001489, 0.001640, 0.001455, 0.001576, 0.001572, 0.001632, 0.001661, 0.001630, 0.001566, 0.001570, 0.001546, 0.001663, 0.001572, 0.001642, 0.001522, 0.001587, 0.001499
10 , 2, 2, 2, 2, 2, 2, 2
10 , 0.008951, 0.009682, 0.010150, 0.009984, 0.009840, 0.009051, 0.008734
11 , 0.001308, 0.001273, 0.001308, 0.001366, 0.001239, 0.001299, 0.001323, 0.001352, 0.001319, 0.001438, 0.001460, 0.001428, 0.001358, 0.001325, 0.001447, 0.001411, 0.001475, 0.001410, 0.001370, 0.001481, 0.001355, 0.001442, 0.001655, 0.001587, 0.001740, 0.001585, 0.001518, 0.001489, 0.001640, 0.001455, 0.001576, 0.001572, 0.001632, 0.001661, 0.001630, 0.001566, 0.001570, 0.001546, 0.001663, 0.001572, 0.001642, 0.001522, 0.001587, 0.001499, 0.001537, 0.001419, 0.001490, 0.001393, 0.001492, 0.001371, 0.001561, 0.001320, 0.001479, 0.001381, 0.001501, 0.001373, 0.001589, 0.001459, 0.001582, 0.001417, 0.001511, 0.001380, 0.001625, 0.001441, 0.001648, 0.001518, 0.001670, 0.001542, 0.001756, 0.001602, 0.001818, 0.001540, 0.001696, 0.001484, 0.001668, 0.001514, 0.001641, 0.001522, 0.001712, 0.001497, 0.001722, 0.001480, 0.001638, 0.001361, 0.001458, 0.001393, 0.001554, 0.001368, 0.001652, 0.001401, 0.001581, 0.001454
11 , 0, 0, 0, 0, 0, 3, 3
11 , 0.006750, 0.006052, 0.005824, 0.005074, 0.004325, 0.003911, 0.003135
12 , 0.001490, 0.001393, 0.001492, 0.001371, 0.001561, 0.001320, 0.001479, 0.001381, 0.001501, 0.001373, 0.001589, 0.001459, 0.001582, 0.001417, 0.001511, 0.001380, 0.001625, 0.001441, 0.001648, 0.001518, 0.001670, 0.001542, 0.001756, 0.001602, 0.001818, 0.001540, 0.001696, 0.001484, 0.001668, 0.001514, 0.001641, 0.001522, 0.001712, 0.001497, 0.001722, 0.001480, 0.001638, 0.001361, 0.001458, 0.001393, 0.001554, 0.001368, 0.001652, 0.001401, 0.001581, 0.001454, 0.001547, 0.001387, 0.001571, 0.001472, 0.001658, 0.001408, 0.001592, 0.001497, 0.001648, 0.001524, 0.001679, 0.001496, 0.001621, 0.001460, 0.001647, 0.001557, 0.001621, 0.001437, 0.001621, 0.001497, 0.001598, 0.001510, 0.001577, 0.001394, 0.001488, 0.001397, 0.001552, 0.001581, 0.001584, 0.001436, 0.001439, 0.001281, 0.001322, 0.001390, 0.001397, 0.001457, 0.001368, 0.001278, 0.001232, 0.001354, 0.001354, 0.001416, 0.001383, 0.001445, 0.001419, 0.001506
12 , 3, 3, 3, 3, 3, 3, 3
12 , 0.005134, 0.005307, 0.004874, 0.004679, 0.004009, 0.003775, 0.003426
13 , 0.001387, 0.001571, 0.001472, 0.001658, 0.001408, 0.001592, 0.001497, 0.001648, 0.001524, 0.001679, 0.001496, 0.001621, 0.001460, 0.001647, 0.001557, 0.001621, 0.001437, 0.001621, 0.001497, 0.001598, 0.001510, 0.001577, 0.001394, 0.001488, 0.001397, 0.001552, 0.001581, 0.001584, 0.001436, 0.001439, 0.001281, 0.001322, 0.001390, 0.001397, 0.001457, 0.001368, 0.001278, 0.001232, 0.001354, 0.001354, 0.001416, 0.001383, 0.001445, 0.001419, 0.001506, 0.001441, 0.001528, 0.001367, 0.001511, 0.001439, 0.001580, 0.001598, 0.001557, 0.001613, 0.001758, 0.001657, 0.001774, 0.001648, 0.001616, 0.001702, 0.001884, 0.001762, 0.001825, 0.001697, 0.001916, 0.001670, 0.001739, 0.001646, 0.001682, 0.001682, 0.001663, 0.001580, 0.001706, 0.001501, 0.001643, 0.001432, 0.001660, 0.001422, 0.001557, 0.001310, 0.001316, 0.001342, 0.001436, 0.001310, 0.001554, 0.001483, 0.001541, 0.001354, 0.001540, 0.001405, 0.001617, 0.001460
13 , 1, 1, 1, 1, 1, 1, 1
13 , 0.006043, 0.006606, 0.007038, 0.007455, 0.007695, 0.008070, 0.007798
14 , 0.001598, 0.001557, 0.001613, 0.001758, 0.001657, 0.001774, 0.001648, 0.001616, 0.001702, 0.001884, 0.001762, 0.001825, 0.001697, 0.001916, 0.001670, 0.001739, 0.001646, 0.001682, 0.001682, 0.001663, 0.001580, 0.001706, 0.001501, 0.001643, 0.001432, 0.001660, 0.001422, 0.001557, 0.001310, 0.001316, 0.001342, 0.001436, 0.001310, 0.001554, 0.001483, 0.001541, 0.001354, 0.001540, 0.001405, 0.001617, 0.001460, 0.001587, 0.001421, 0.001716, 0.001403, 0.001528, 0.001521, 0.001767, 0.001515, 0.001727, 0.001536, 0.001689, 0.001557, 0.001686, 0.001536, 0.001659, 0.001537, 0.001759, 0.001572, 0.001516, 0.001521, 0.001652, 0.001504, 0.001632, 0.001448, 0.001671, 0.001485, 0.001492, 0.001402, 0.001497, 0.001373, 0.001407, 0.001524, 0.001521, 0.001585, 0.001614, 0.001455, 0.001544, 0.001450, 0.001504, 0.001620, 0.001587, 0.001646, 0.001586, 0.001634, 0.001666, 0.001729, 0.001754, 0.001728, 0.001666, 0.001544, 0.001519
14 , 1, 1, 1, 2, 2, 2, 2
14 , 0.004483, 0.004629, 0.004745, 0.005347, 0.005545, 0.005774, 0.005679
15 , 0.001689, 0.001557, 0.001686, 0.001536, 0.001659, 0.001537, 0.001759, 0.001572, 0.001516, 0.001521, 0.001652, 0.001504, 0.001632, 0.001448, 0.001671, 0.001485, 0.001492, 0.001402, 0.001497, 0.001373, 0.001407, 0.001524, 0.001521, 0.001585, 0.001614, 0.001455, 0.001544, 0.001450, 0.001504, 0.001620, 0.001587, 0.001646, 0.001586, 0.001634, 0.001666, 0.001729, 0.001754, 0.001728, 0.001666, 0.001544, 0.001519, 0.001609, 0.001547, 0.001696, 0.001540, 0.001538, 0.001620, 0.001687, 0.001628, 0.001606, 0.001549, 0.001714, 0.001438, 0.001516, 0.001399, 0.001418, 0.001372, 0.001477, 0.001247, 0.001326, 0.001131, 0.001288, 0.001084, 0.001172, 0.001040, 0.001037, 0.000804, 0.000952, 0.000737, 0.000872, 0.000683, 0.000902, 0.000852, 0.001028, 0.000770, 0.001107, 0.000919, 0.001172, 0.001173, 0.001372, 0.001316, 0.001494, 0.001390, 0.001507, 0.001369, 0.001574, 0.001471, 0.001590, 0.001574, 0.001817, 0.001627, 0.001720
15 , 3, 3, 3, 0, 0, 0, 0
15 , 0.003964, 0.002390, 0.001420, 0.003351, 0.005076, 0.006681, 0.007928
16 , 0.001438, 0.001516, 0.001399, 0.001418, 0.001372, 0.001477, 0.001247, 0.001326, 0.001131, 0.001288, 0.001084, 0.001172, 0.001040, 0.001037, 0.000804, 0.000952, 0.000737, 0.000872, 0.000683, 0.000902, 0.000852, 0.001028, 0.000770, 0.001107, 0.000919, 0.001172, 0.001173, 0.001372, 0.001316, 0.001494, 0.001390, 0.001507, 0.001369, 0.001574, 0.001471, 0.001590, 0.001574, 0.001817, 0.001627, 0.001720, 0.001510, 0.001665, 0.001633, 0.001670, 0.001635, 0.001729, 0.001575, 0.001525, 0.001468, 0.001716, 0.001569, 0.001510, 0.001538, 0.001462, 0.001524, 0.001558, 0.001442, 0.001451, 0.001393, 0.001364, 0.001311, 0.001461, 0.001401, 0.001309, 0.001401, 0.001343, 0.001284, 0.001370, 0.001396, 0.001518, 0.001483, 0.001326, 0.001532, 0.001466, 0.001530, 0.001491, 0.001520, 0.001422, 0.001446, 0.001411, 0.001536, 0.001463, 0.001524, 0.001459, 0.001643, 0.001453, 0.001702, 0.001457, 0.001673, 0.001575, 0.001704, 0.001523
16 , 0, 0, 0, 0, 0, 0, 0
16 , 0.003470, 0.005325, 0.007297, 0.008663, 0.010544, 0.011085, 0.012824
