0 , 0.000994, 0.001360, 0.001599, 0.002008, 0.002001, 0.002016, 0.001966, 0.001856, 0.001948, 0.001963, 0.002076, 0.001838, 0.002084, 0.002043, 0.001937, 0.001963, 0.001993, 0.002147, 0.001958, 0.001919, 0.001771, 0.001795, 0.001959, 0.001759, 0.002082, 0.000493, 0.001324, 0.001660, 0.001612, 0.001523, 0.001422, 0.001605, 0.001482, 0.001573, 0.001439, 0.001539, 0.001473, 0.001667, 0.001393, 0.001495, 0.001318, 0.001418, 0.001361, 0.001557, 0.001316, 0.001420, 0.001229, 0.001303, 0.001295, 0.000672, 0.001889, 0.001902, 0.001948, 0.001725, 0.002077, 0.001948, 0.001997, 0.001948, 0.002043, 0.002160, 0.001963, 0.001948, 0.001713, 0.001985, 0.001912, 0.001789, 0.001864, 0.001720, 0.001879, 0.001742, 0.001903, 0.001779, 0.001784, 0.001574, 0.001069, 0.001826, 0.001680, 0.001567, 0.001432, 0.001560, 0.001377, 0.001496, 0.001374, 0.001438, 0.001377, 0.001496, 0.001438, 0.001529, 0.001460, 0.001497, 0.001530, 0.001557
0 , 1, 1, 1, 1, 1, 1, 1
0 , 0.010229, 0.012304, 0.013570, 0.015601, 0.018049, 0.019637, 0.022529
1 , 0.001948, 0.001725, 0.002077, 0.001948, 0.001997, 0.001948, 0.002043, 0.002160, 0.001963, 0.001948, 0.001713, 0.001985, 0.001912, 0.001789, 0.001864, 0.001720, 0.001879, 0.001742, 0.001903, 0.001779, 0.001784, 0.001574, 0.001069, 0.001826, 0.001680, 0.001567, 0.001432, 0.001560, 0.001377, 0.001496, 0.001374, 0.001438, 0.001377, 0.001496, 0.001438, 0.001529, 0.001460, 0.001497, 0.001530, 0.001557, 0.001427, 0.001548, 0.001477, 0.001638, 0.001636, 0.001624, 0.001716, 0.000662, 0.001336, 0.001438, 0.001646, 0.001664, 0.001704, 0.001667, 0.001516, 0.001907, 0.001668, 0.001863, 0.001671, 0.001701, 0.001802, 0.001630, 0.001710, 0.001448, 0.001741, 0.001792, 0.001678, 0.001667, 0.001597, 0.001879, 0.001757, 0.001940, 0.000399, 0.001638, 0.001703, 0.001703, 0.001589, 0.001289, 0.001415, 0.001351, 0.001663, 0.001301, 0.001499, 0.001316, 0.001479, 0.001290, 0.001367, 0.001179, 0.001280, 0.001190, 0.001446, 0.001109
1 , 1, 1, 1, 1, 1, 1, 1
1 , 0.011051, 0.012668, 0.013411, 0.013628, 0.015050, 0.013959, 0.014321
2 , 0.001646, 0.001664, 0.001704, 0.001667, 0.001516, 0.001907, 0.001668, 0.001863, 0.001671, 0.001701, 0.001802, 0.001630, 0.001710, 0.001448, 0.001741, 0.001792, 0.001678, 0.001667, 0.001597, 0.001879, 0.001757, 0.001940, 0.000399, 0.001638, 0.001703, 0.001703, 0.001589, 0.001289, 0.001415, 0.001351, 0.001663, 0.001301, 0.001499, 0.001316, 0.001479, 0.001290, 0.001367, 0.001179, 0.001280, 0.001190, 0.001446, 0.001109, 0.001324, 0.001144, 0.001322, 0.000730, 0.001183, 0.001944, 0.001972, 0.001988, 0.001727, 0.002084, 0.002019, 0.002118, 0.001963, 0.002012, 0.002277, 0.002005, 0.002035, 0.001910, 0.001959, 0.001947, 0.001867, 0.001928, 0.001786, 0.002034, 0.001875, 0.001889, 0.001595, 0.001843, 0.000886, 0.001637, 0.001844, 0.001773, 0.001622, 0.001616, 0.001611, 0.001489, 0.001612, 0.001700, 0.001581, 0.001651, 0.001557, 0.001591, 0.001619, 0.001618, 0.001537, 0.001516, 0.001490, 0.001461, 0.001410, 0.001499
2 , 1, 1, 1, 1, 1, 1, 1
2 , 0.011442, 0.013625, 0.016618, 0.016965, 0.013999, 0.013913, 0.013773
3 , 0.001988, 0.001727, 0.002084, 0.002019, 0.002118, 0.001963, 0.002012, 0.002277, 0.002005, 0.002035, 0.001910, 0.001959, 0.001947, 0.001867, 0.001928, 0.001786, 0.002034, 0.001875, 0.001889, 0.001595, 0.001843, 0.000886, 0.001637, 0.001844, 0.001773, 0.001622, 0.001616, 0.001611, 0.001489, 0.001612, 0.001700, 0.001581, 0.001651, 0.001557, 0.001591, 0.001619, 0.001618, 0.001537, 0.001516, 0.001490, 0.001461, 0.001410, 0.001499, 0.001502, 0.001442, 0.001413, 0.001487, 0.000254, 0.001647, 0.001364, 0.001637, 0.001627, 0.001540, 0.001603, 0.001330, 0.001650, 0.001519, 0.001666, 0.001551, 0.001540, 0.001647, 0.001483, 0.001510, 0.001273, 0.001535, 0.001471, 0.001501, 0.001449, 0.001308, 0.001449, 0.001512, 0.001338, 0.001409, 0.001823, 0.001875, 0.001801, 0.001715, 0.001532, 0.001603, 0.001368, 0.001559, 0.001312, 0.001476, 0.001269, 0.001396, 0.001265, 0.001460, 0.001220, 0.001321, 0.001252, 0.001411, 0.001284
3 , 2, 2, 2, 2, 1, 1, 1
3 , 0.008702, 0.009345, 0.009597, 0.007657, 0.008828, 0.009075, 0.009757
4 , 0.001540, 0.001603, 0.001330, 0.001650, 0.001519, 0.001666, 0.001551, 0.001540, 0.001647, 0.001483, 0.001510, 0.001273, 0.001535, 0.001471, 0.001501, 0.001449, 0.001308, 0.001449, 0.001512, 0.001338, 0.001409, 0.001823, 0.001875, 0.001801, 0.001715, 0.001532, 0.001603, 0.001368, 0.001559, 0.001312, 0.001476, 0.001269, 0.001396, 0.001265, 0.001460, 0.001220, 0.001321, 0.001252, 0.001411, 0.001284, 0.001469, 0.001239, 0.001699, 0.000250, 0.001484, 0.001865, 0.001735, 0.001925, 0.001743, 0.001929, 0.001899, 0.002016, 0.001978, 0.001936, 0.002179, 0.001978, 0.002133, 0.001773, 0.001925, 0.002092, 0.001993, 0.002096, 0.001834, 0.001966, 0.001823, 0.002053, 0.001759, 0.001984, 0.000049, 0.001717, 0.001484, 0.001637, 0.001627, 0.001502, 0.001379, 0.001535, 0.001410, 0.001531, 0.001528, 0.001503, 0.001347, 0.001438, 0.001387, 0.001598, 0.001537, 0.001484, 0.001368, 0.001463, 0.001420, 0.001429, 0.001486, 0.001464
4 , 1, 1, 1, 1, 1, 1, 1
4 , 0.013973, 0.010987, 0.010387, 0.010440, 0.010545, 0.011194, 0.011484
5 , 0.001735, 0.001925, 0.001743, 0.001929, 0.001899, 0.002016, 0.001978, 0.001936, 0.002179, 0.001978, 0.002133, 0.001773, 0.001925, 0.002092, 0.001993, 0.002096, 0.001834, 0.001966, 0.001823, 0.002053, 0.001759, 0.001984, 0.000049, 0.001717, 0.001484, 0.001637, 0.001627, 0.001502, 0.001379, 0.001535, 0.001410, 0.001531, 0.001528, 0.001503, 0.001347, 0.001438, 0.001387, 0.001598, 0.001537, 0.001484, 0.001368, 0.001463, 0.001420, 0.001429, 0.001486, 0.001464, 0.001530, 0.001117, 0.000956, 0.001643, 0.001408, 0.001563, 0.001657, 0.001707, 0.001927, 0.001693, 0.001916, 0.001784, 0.001836, 0.001719, 0.001828, 0.002005, 0.001823, 0.001905, 0.001682, 0.001935, 0.001827, 0.001743, 0.001697, 0.001766, 0.001768, 0.001934, 0.000577, 0.001808, 0.001567, 0.001682, 0.001534, 0.001566, 0.001541, 0.001548, 0.001391, 0.001454, 0.001410, 0.001599, 0.001319, 0.001442, 0.001373, 0.001496, 0.001516, 0.001731, 0.001486, 0.001699
5 , 1, 1, 1, 1, 1, 1, 1
5 , 0.011549, 0.014095, 0.015247, 0.016127, 0.014674, 0.013886, 0.014048
6 , 0.001643, 0.001408, 0.001563, 0.001657, 0.001707, 0.001927, 0.001693, 0.001916, 0.001784, 0.001836, 0.001719, 0.001828, 0.002005, 0.001823, 0.001905, 0.001682, 0.001935, 0.001827, 0.001743, 0.001697, 0.001766, 0.001768, 0.001934, 0.000577, 0.001808, 0.001567, 0.001682, 0.001534, 0.001566, 0.001541, 0.001548, 0.001391, 0.001454, 0.001410, 0.001599, 0.001319, 0.001442, 0.001373, 0.001496, 0.001516, 0.001731, 0.001486, 0.001699, 0.001449, 0.001539, 0.001394, 0.001747, 0.000401, 0.001317, 0.001479, 0.001498, 0.001502, 0.001317, 0.001708, 0.001718, 0.001587, 0.001755, 0.001763, 0.001989, 0.001816, 0.001798, 0.001742, 0.001951, 0.002083, 0.001796, 0.001908, 0.001799, 0.001950, 0.001980, 0.002010, 0.001958, 0.001777, 0.001996, 0.001652, 0.001149, 0.001792, 0.001701, 0.001675, 0.001545, 0.001483, 0.001633, 0.001563, 0.001652, 0.001565, 0.001600, 0.001473, 0.001560, 0.001410, 0.001500, 0.001527, 0.001555, 0.001527
6 , 1, 1, 1, 1, 1, 1, 1
6 , 0.003736, 0.004955, 0.007047, 0.008521, 0.011960, 0.011552, 0.012314
7 , 0.001317, 0.001708, 0.001718, 0.001587, 0.001755, 0.001763, 0.001989, 0.001816, 0.001798, 0.001742, 0.001951, 0.002083, 0.001796, 0.001908, 0.001799, 0.001950, 0.001980, 0.002010, 0.001958, 0.001777, 0.001996, 0.001652, 0.001149, 0.001792, 0.001701, 0.001675, 0.001545, 0.001483, 0.001633, 0.001563, 0.001652, 0.001565, 0.001600, 0.001473, 0.001560, 0.001410, 0.001500, 0.001527, 0.001555, 0.001527, 0.001537, 0.001511, 0.001638, 0.001491, 0.001499, 0.001409, 0.001534, 0.001471, 0.001505, 0.001412, 0.001538, 0.001447, 0.001548, 0.001487, 0.001512, 0.001508, 0.001476, 0.001379, 0.001542, 0.001503, 0.001562, 0.001518, 0.001640, 0.001579, 0.001673, 0.001549, 0.001633, 0.001567, 0.001689, 0.001444, 0.001539, 0.001405, 0.001625, 0.001529, 0.001734, 0.001637, 0.001819, 0.001542, 0.001638, 0.001578, 0.001638, 0.001514, 0.001584, 0.001584, 0.001774, 0.001623, 0.001628, 0.001380, 0.001573, 0.001352, 0.001516, 0.001514
7 , 2, 2, 2, 2, 2, 2, 2
7 , 0.006227, 0.006276, 0.007398, 0.007635, 0.007383, 0.007339, 0.007515
8 , 0.001412, 0.001538, 0.001447, 0.001548, 0.001487, 0.001512, 0.001508, 0.001476, 0.001379, 0.001542, 0.001503, 0.001562, 0.001518, 0.001640, 0.001579, 0.001673, 0.001549, 0.001633, 0.001567, 0.001689, 0.001444, 0.001539, 0.001405, 0.001625, 0.001529, 0.001734, 0.001637, 0.001819, 0.001542, 0.001638, 0.001578, 0.001638, 0.001514, 0.001584, 0.001584, 0.001774, 0.001623, 0.001628, 0.001380, 0.001573, 0.001352, 0.001516, 0.001514, 0.001576, 0.001332, 0.001551, 0.001369, 0.001488, 0.001455, 0.001616, 0.001368, 0.001553, 0.001423, 0.001702, 0.001571, 0.001576, 0.001418, 0.001606, 0.001539, 0.001572, 0.001387, 0.001877, 0.001558, 0.001622, 0.001504, 0.001596, 0.001502, 0.001573, 0.001418, 0.001641, 0.001422, 0.001487, 0.001423, 0.001585, 0.001368, 0.001591, 0.001404, 0.001569, 0.001416, 0.001480, 0.001329, 0.001494, 0.001289, 0.001489, 0.001279, 0.001412, 0.001172, 0.001375, 0.001321, 0.001307, 0.001253, 0.001177
8 , 3, 3, 3, 3, 3, 3, 3
8 , 0.003658, 0.003344, 0.003956, 0.004050, 0.004495, 0.004394, 0.004867
9 , 0.001423, 0.001702, 0.001571, 0.001576, 0.001418, 0.001606, 0.001539, 0.001572, 0.001387, 0.001877, 0.001558, 0.001622, 0.001504, 0.001596, 0.001502, 0.001573, 0.001418, 0.001641, 0.001422, 0.001487, 0.001423, 0.001585, 0.001368, 0.001591, 0.001404, 0.001569, 0.001416, 0.001480, 0.001329, 0.001494, 0.001289, 0.001489, 0.001279, 0.001412, 0.001172, 0.001375, 0.001321, 0.001307, 0.001253, 0.001177, 0.001132, 0.001235, 0.001085, 0.001103, 0.001051, 0.001201, 0.000982, 0.001053, 0.000935, 0.001066, 0.000942, 0.000983, 0.001064, 0.001001, 0.000968, 0.001012, 0.001115, 0.001136, 0.001074, 0.001174, 0.001305, 0.001349, 0.001394, 0.001472, 0.001332, 0.001438, 0.001483, 0.001588, 0.001757, 0.001719, 0.001833, 0.001608, 0.001786, 0.001726, 0.001665, 0.001786, 0.001727, 0.001697, 0.001733, 0.001640, 0.001765, 0.001737, 0.001675, 0.001674, 0.001768, 0.001676, 0.001807, 0.001749, 0.001698, 0.001607, 0.001739, 0.001588
9 , 2, 2, 2, 2, 2, 2, 2
9 , 0.017068, 0.016519, 0.016300, 0.015838, 0.015558, 0.014992, 0.014461
10 , 0.000982, 0.001053, 0.000935, 0.001066, 0.000942, 0.000983, 0.001064, 0.001001, 0.000968, 0.001012, 0.001115, 0.001136, 0.001074, 0.001174, 0.001305, 0.001349, 0.001394, 0.001472, 0.001332, 0.001438, 0.001483, 0.001588, 0.001757, 0.001719, 0.001833, 0.001608, 0.001786, 0.001726, 0.001665, 0.001786, 0.001727, 0.001697, 0.001733, 0.001640, 0.001765, 0.001737, 0.001675, 0.001674, 0.001768, 0.001676, 0.001807, 0.001749, 0.001698, 0.001607, 0.001739, 0.001588, 0.001623, 0.001528, 0.001684, 0.001618, 0.001741, 0.001524, 0.001655, 0.001467, 0.001623, 0.001406, 0.001652, 0.001555, 0.001565, 0.001438, 0.001685, 0.001527, 0.001554, 0.001485, 0.001793, 0.001488, 0.001566, 0.001537, 0.001636, 0.001478, 0.001667, 0.001396, 0.001612, 0.001453, 0.001606, 0.001481, 0.001669, 0.001449, 0.001542, 0.001392, 0.001633, 0.001411, 0.001568, 0.001350, 0.001538, 0.001448, 0.001509, 0.001438, 0.001444, 0.001411, 0.001562, 0.001465
10 , 3, 3, 3, 3, 3, 3, 3
10 , 0.015022, 0.015110, 0.014588, 0.014484, 0.013249, 0.012653, 0.011180
11 , 0.001528, 0.001684, 0.001618, 0.001741, 0.001524, 0.001655, 0.001467, 0.001623, 0.001406, 0.001652, 0.001555, 0.001565, 0.001438, 0.001685, 0.001527, 0.001554, 0.001485, 0.001793, 0.001488, 0.001566, 0.001537, 0.001636, 0.001478, 0.001667, 0.001396, 0.001612, 0.001453, 0.001606, 0.001481, 0.001669, 0.001449, 0.001542, 0.001392, 0.001633, 0.001411, 0.001568, 0.001350, 0.001538, 0.001448, 0.001509, 0.001438, 0.001444, 0.001411, 0.001562, 0.001465, 0.001495, 0.001435, 0.001647, 0.001401, 0.001615, 0.001583, 0.001520, 0.001551, 0.001583, 0.001487, 0.001609, 0.001636, 0.001635, 0.001576, 0.001636, 0.001518, 0.001548, 0.001638, 0.001671, 0.001645, 0.001556, 0.001557, 0.001558, 0.001561, 0.001588, 0.001618, 0.001499, 0.001561, 0.001500, 0.001593, 0.001501, 0.001537, 0.001477, 0.001573, 0.001444, 0.001658, 0.001449, 0.001603, 0.001509, 0.001570, 0.001439, 0.001619, 0.001527, 0.001806, 0.001590, 0.001652, 0.001494
11 , 1, 1, 1, 1, 1, 1, 1
11 , 0.002081, 0.002076, 0.002094, 0.002615, 0.002128, 0.002612, 0.001911
12 , 0.001615, 0.001583, 0.001520, 0.001551, 0.001583, 0.001487, 0.001609, 0.001636, 0.001635, 0.001576, 0.001636, 0.001518, 0.001548, 0.001638, 0.001671, 0.001645, 0.001556, 0.001557, 0.001558, 0.001561, 0.001588, 0.001618, 0.001499, 0.001561, 0.001500, 0.001593, 0.001501, 0.001537, 0.001477, 0.001573, 0.001444, 0.001658, 0.001449, 0.001603, 0.001509, 0.001570, 0.001439, 0.001619, 0.001527, 0.001806, 0.001590, 0.001652, 0.001494, 0.001617, 0.001487, 0.001644, 0.001546, 0.001821, 0.001504, 0.001657, 0.001651, 0.001714, 0.001558, 0.001895, 0.001559, 0.001808, 0.001743, 0.001742, 0.001591, 0.001776, 0.001618, 0.001747, 0.001719, 0.001725, 0.001573, 0.001732, 0.001549, 0.001650, 0.001463, 0.001719, 0.001528, 0.001747, 0.001533, 0.001575, 0.001597, 0.001694, 0.001539, 0.001575, 0.001453, 0.001703, 0.001576, 0.001609, 0.001577, 0.001488, 0.001519, 0.001606, 0.001577, 0.001665, 0.001567, 0.001563, 0.001619, 0.001615
12 , 1, 1, 1, 1, 1, 1, 1
12 , 0.002319, 0.002395, 0.002454, 0.002640, 0.002085, 0.001867, 0.001375
13 , 0.001657, 0.001651, 0.001714, 0.001558, 0.001895, 0.001559, 0.001808, 0.001743, 0.001742, 0.001591, 0.001776, 0.001618, 0.001747, 0.001719, 0.001725, 0.001573, 0.001732, 0.001549, 0.001650, 0.001463, 0.001719, 0.001528, 0.001747, 0.001533, 0.001575, 0.001597, 0.001694, 0.001539, 0.001575, 0.001453, 0.001703, 0.001576, 0.001609, 0.001577, 0.001488, 0.001519, 0.001606, 0.001577, 0.001665, 0.001567, 0.001563, 0.001619, 0.001615, 0.001791, 0.001813, 0.001809, 0.001835, 0.001740, 0.001737, 0.001801, 0.001648, 0.001800, 0.001797, 0.001884, 0.001759, 0.001665, 0.001657, 0.001902, 0.001745, 0.001894, 0.001894, 0.001988, 0.001771, 0.001861, 0.001738, 0.001867, 0.001806, 0.001932, 0.001783, 0.001881, 0.001759, 0.001884, 0.001699, 0.001824, 0.001614, 0.001828, 0.001826, 0.001949, 0.001642, 0.001802, 0.001593, 0.001851, 0.001669, 0.001807, 0.001590, 0.001723, 0.001510, 0.001669, 0.001455, 0.001614, 0.001430, 0.001650
13 , 1, 1, 1, 1, 1, 1, 1
13 , 0.003961, 0.003666, 0.003999, 0.003747, 0.004412, 0.004099, 0.004089
14 , 0.001648, 0.001800, 0.001797, 0.001884, 0.001759, 0.001665, 0.001657, 0.001902, 0.001745, 0.001894, 0.001894, 0.001988, 0.001771, 0.001861, 0.001738, 0.001867, 0.001806, 0.001932, 0.001783, 0.001881, 0.001759, 0.001884, 0.001699, 0.001824, 0.001614, 0.001828, 0.001826, 0.001949, 0.001642, 0.001802, 0.001593, 0.001851, 0.001669, 0.001807, 0.001590, 0.001723, 0.001510, 0.001669, 0.001455, 0.001614, 0.001430, 0.001650, 0.001462, 0.001653, 0.001492, 0.001641, 0.001522, 0.001642, 0.001543, 0.001549, 0.001426, 0.001580, 0.001487, 0.001494, 0.001398, 0.001520, 0.001486, 0.001577, 0.001507, 0.001596, 0.001407, 0.001585, 0.001546, 0.001669, 0.001663, 0.001723, 0.001657, 0.001663, 0.001574, 0.001730, 0.001669, 0.001640, 0.001674, 0.001617, 0.001595, 0.001535, 0.001558, 0.001650, 0.001677, 0.001556, 0.001618, 0.001523, 0.001646, 0.001591, 0.001624, 0.001560, 0.001561, 0.001493, 0.001703, 0.001602, 0.001599, 0.001687
14 , 2, 2, 2, 2, 2, 2, 2
14 , 0.003701, 0.004179, 0.004098, 0.004416, 0.004602, 0.004688, 0.004777
15 , 0.001487, 0.001494, 0.001398, 0.001520, 0.001486, 0.001577, 0.001507, 0.001596, 0.001407, 0.001585, 0.001546, 0.001669, 0.001663, 0.001723, 0.001657, 0.001663, 0.001574, 0.001730, 0.001669, 0.001640, 0.001674, 0.001617, 0.001595, 0.001535, 0.001558, 0.001650, 0.001677, 0.001556, 0.001618, 0.001523, 0.001646, 0.001591, 0.001624, 0.001560, 0.001561, 0.001493, 0.001703, 0.001602, 0.001599, 0.001687, 0.001716, 0.001586, 0.001892, 0.001792, 0.001880, 0.001663, 0.001818, 0.001753, 0.001878, 0.001844, 0.002000, 0.001752, 0.001963, 0.001716, 0.002027, 0.001744, 0.001965, 0.001750, 0.001759, 0.001603, 0.001795, 0.001612, 0.001686, 0.001560, 0.001777, 0.001535, 0.001721, 0.001599, 0.001722, 0.001572, 0.001672, 0.001548, 0.001798, 0.001636, 0.001698, 0.001604, 0.001703, 0.001460, 0.001710, 0.001527, 0.001657, 0.001625, 0.001665, 0.001579, 0.001673, 0.001555, 0.001595, 0.001560, 0.001534, 0.001506, 0.001660, 0.001506
15 , 3, 3, 3, 3, 3, 3, 3
15 , 0.004648, 0.004854, 0.004415, 0.004599, 0.004486, 0.005036, 0.005027
16 , 0.001752, 0.001963, 0.001716, 0.002027, 0.001744, 0.001965, 0.001750, 0.001759, 0.001603, 0.001795, 0.001612, 0.001686, 0.001560, 0.001777, 0.001535, 0.001721, 0.001599, 0.001722, 0.001572, 0.001672, 0.001548, 0.001798, 0.001636, 0.001698, 0.001604, 0.001703, 0.001460, 0.001710, 0.001527, 0.001657, 0.001625, 0.001665, 0.001579, 0.001673, 0.001555, 0.001595, 0.001560, 0.001534, 0.001506, 0.001660, 0.001506, 0.001505, 0.001469, 0.001563, 0.001549, 0.001608, 0.001518, 0.001420, 0.001573, 0.001596, 0.001554, 0.001522, 0.001547, 0.001660, 0.001685, 0.001684, 0.001804, 0.001773, 0.001740, 0.001672, 0.001706, 0.001733, 0.001766, 0.001642, 0.001673, 0.001583, 0.001830, 0.001796, 0.001862, 0.001771, 0.001776, 0.001626, 0.001814, 0.001564, 0.001787, 0.001603, 0.001671, 0.001583, 0.001650, 0.001679, 0.001774, 0.001589, 0.001655, 0.001589, 0.001682, 0.001555, 0.001654, 0.001562, 0.001777, 0.001565, 0.001595, 0.001469
16 , 2, 1, 1, 1, 1, 1, 1
16 , 0.004141, 0.003509, 0.003493, 0.004137, 0.004351, 0.004733, 0.004507
