0 , 0.001082, 0.001309, 0.001350, 0.001400, 0.001355, 0.001496, 0.001424, 0.001572, 0.001655, 0.001713, 0.001557, 0.001651, 0.001620, 0.001592, 0.001592, 0.001656, 0.001543, 0.001615, 0.001342, 0.001445, 0.001331, 0.001329, 0.001142, 0.001816, 0.001992, 0.001833, 0.001907, 0.001882, 0.002064, 0.002171, 0.002059, 0.002154, 0.001996, 0.002283, 0.002144, 0.002238, 0.002151, 0.002087, 0.002211, 0.002082, 0.002266, 0.002023, 0.002112, 0.002219, 0.002051, 0.002226, 0.001256, 0.000888, 0.001581, 0.001459, 0.001399, 0.001290, 0.001468, 0.001306, 0.001522, 0.001392, 0.001448, 0.001319, 0.001628, 0.001408, 0.001475, 0.001352, 0.001509, 0.001353, 0.001511, 0.001357, 0.001486, 0.001272, 0.001354, 0.001454, 0.000136, 0.001549, 0.001755, 0.001796, 0.001789, 0.002065, 0.001994, 0.002048, 0.001932, 0.002200, 0.002121, 0.002171, 0.002171, 0.002032, 0.002312, 0.002130, 0.002104, 0.002032, 0.002130, 0.002125, 0.002041, 0.002149
0 , 0, 0, 0, 0, 0, 0, 0
0 , 0.020805, 0.022815, 0.024963, 0.028019, 0.027397, 0.026861, 0.025572
1 , 0.001459, 0.001399, 0.001290, 0.001468, 0.001306, 0.001522, 0.001392, 0.001448, 0.001319, 0.001628, 0.001408, 0.001475, 0.001352, 0.001509, 0.001353, 0.001511, 0.001357, 0.001486, 0.001272, 0.001354, 0.001454, 0.000136, 0.001549, 0.001755, 0.001796, 0.001789, 0.002065, 0.001994, 0.002048, 0.001932, 0.002200, 0.002121, 0.002171, 0.002171, 0.002032, 0.002312, 0.002130, 0.002104, 0.002032, 0.002130, 0.002125, 0.002041, 0.002149, 0.001901, 0.002136, 0.002019, 0.002057, 0.001877, 0.000445, 0.001408, 0.001580, 0.001527, 0.001397, 0.001330, 0.001331, 0.001329, 0.001334, 0.001215, 0.001402, 0.001181, 0.001303, 0.001304, 0.001424, 0.001210, 0.001275, 0.001209, 0.001307, 0.001240, 0.001240, 0.001305, 0.001485, 0.001215, 0.001441, 0.000546, 0.001301, 0.001907, 0.001830, 0.001671, 0.001958, 0.001840, 0.001928, 0.001870, 0.001948, 0.002086, 0.001860, 0.002059, 0.001860, 0.001961, 0.001897, 0.001884, 0.001982, 0.001884
1 , 0, 0, 0, 0, 0, 0, 0
1 , 0.018186, 0.020411, 0.021799, 0.026135, 0.027833, 0.025670, 0.027047
2 , 0.001580, 0.001527, 0.001397, 0.001330, 0.001331, 0.001329, 0.001334, 0.001215, 0.001402, 0.001181, 0.001303, 0.001304, 0.001424, 0.001210, 0.001275, 0.001209, 0.001307, 0.001240, 0.001240, 0.001305, 0.001485, 0.001215, 0.001441, 0.000546, 0.001301, 0.001907, 0.001830, 0.001671, 0.001958, 0.001840, 0.001928, 0.001870, 0.001948, 0.002086, 0.001860, 0.002059, 0.001860, 0.001961, 0.001897, 0.001884, 0.001982, 0.001884, 0.002012, 0.001941, 0.001955, 0.001908, 0.001870, 0.002158, 0.000470, 0.001670, 0.001502, 0.001521, 0.001309, 0.001311, 0.001305, 0.001485, 0.001265, 0.001399, 0.001182, 0.001432, 0.001155, 0.001413, 0.001260, 0.001393, 0.001183, 0.001284, 0.001068, 0.001285, 0.001132, 0.001322, 0.001047, 0.001277, 0.000936, 0.001808, 0.001824, 0.002116, 0.001770, 0.002014, 0.001916, 0.002083, 0.001985, 0.001921, 0.001910, 0.001903, 0.002231, 0.001914, 0.001971, 0.001882, 0.002132, 0.002171, 0.002100, 0.002114
2 , 0, 0, 0, 0, 0, 0, 0
2 , 0.018114, 0.021198, 0.021945, 0.024683, 0.026977, 0.028592, 0.029028
3 , 0.001309, 0.001311, 0.001305, 0.001485, 0.001265, 0.001399, 0.001182, 0.001432, 0.001155, 0.001413, 0.001260, 0.001393, 0.001183, 0.001284, 0.001068, 0.001285, 0.001132, 0.001322, 0.001047, 0.001277, 0.000936, 0.001808, 0.001824, 0.002116, 0.001770, 0.002014, 0.001916, 0.002083, 0.001985, 0.001921, 0.001910, 0.001903, 0.002231, 0.001914, 0.001971, 0.001882, 0.002132, 0.002171, 0.002100, 0.002114, 0.001834, 0.002111, 0.001916, 0.002139, 0.001390, 0.001000, 0.001340, 0.001384, 0.001361, 0.001165, 0.001166, 0.001191, 0.001251, 0.001222, 0.001283, 0.001222, 0.001255, 0.001220, 0.001334, 0.001300, 0.001328, 0.001298, 0.001135, 0.001283, 0.001337, 0.001297, 0.001330, 0.001467, 0.001239, 0.001435, 0.000053, 0.001556, 0.001769, 0.001786, 0.001577, 0.001783, 0.001921, 0.001860, 0.001904, 0.001840, 0.002096, 0.001988, 0.002035, 0.001930, 0.001998, 0.002200, 0.002084, 0.002175, 0.002032, 0.002191, 0.002169, 0.002164
3 , 0, 0, 0, 0, 0, 0, 0
3 , 0.025755, 0.027366, 0.028296, 0.030941, 0.030361, 0.028714, 0.027548
4 , 0.001165, 0.001166, 0.001191, 0.001251, 0.001222, 0.001283, 0.001222, 0.001255, 0.001220, 0.001334, 0.001300, 0.001328, 0.001298, 0.001135, 0.001283, 0.001337, 0.001297, 0.001330, 0.001467, 0.001239, 0.001435, 0.000053, 0.001556, 0.001769, 0.001786, 0.001577, 0.001783, 0.001921, 0.001860, 0.001904, 0.001840, 0.002096, 0.001988, 0.002035, 0.001930, 0.001998, 0.002200, 0.002084, 0.002175, 0.002032, 0.002191, 0.002169, 0.002164, 0.002103, 0.002091, 0.002311, 0.000024, 0.001458, 0.001215, 0.001253, 0.001168, 0.001257, 0.001065, 0.001313, 0.001110, 0.001159, 0.001114, 0.001356, 0.001165, 0.001376, 0.001180, 0.001430, 0.001302, 0.001400, 0.001208, 0.001396, 0.001238, 0.001344, 0.001260, 0.000960, 0.001274, 0.001675, 0.001752, 0.002015, 0.001907, 0.001870, 0.001702, 0.002022, 0.001988, 0.001941, 0.002086, 0.001864, 0.002076, 0.002049, 0.002019, 0.001938, 0.001928, 0.002026, 0.001921, 0.001948, 0.001921, 0.002110
4 , 0, 0, 0, 0, 0, 0, 0
4 , 0.025062, 0.027534, 0.030670, 0.031535, 0.031139, 0.030009, 0.026695
5 , 0.001253, 0.001168, 0.001257, 0.001065, 0.001313, 0.001110, 0.001159, 0.001114, 0.001356, 0.001165, 0.001376, 0.001180, 0.001430, 0.001302, 0.001400, 0.001208, 0.001396, 0.001238, 0.001344, 0.001260, 0.000960, 0.001274, 0.001675, 0.001752, 0.002015, 0.001907, 0.001870, 0.001702, 0.002022, 0.001988, 0.001941, 0.002086, 0.001864, 0.002076, 0.002049, 0.002019, 0.001938, 0.001928, 0.002026, 0.001921, 0.001948, 0.001921, 0.002110, 0.001985, 0.002318, 0.000592, 0.001250, 0.001273, 0.001361, 0.001334, 0.001202, 0.001325, 0.001254, 0.001288, 0.001197, 0.001415, 0.001288, 0.001293, 0.001254, 0.001461, 0.001244, 0.001389, 0.001293, 0.001472, 0.001378, 0.001439, 0.001314, 0.001438, 0.001401, 0.001352, 0.001412, 0.000631, 0.001692, 0.001671, 0.001783, 0.001796, 0.001995, 0.001894, 0.001954, 0.002044, 0.001845, 0.002132, 0.001997, 0.002239, 0.001889, 0.002045, 0.002298, 0.002130, 0.002095, 0.001966, 0.002021, 0.002103
5 , 0, 0, 0, 0, 0, 0, 0
5 , 0.025929, 0.027232, 0.027271, 0.027718, 0.029088, 0.028061, 0.026549
6 , 0.001202, 0.001325, 0.001254, 0.001288, 0.001197, 0.001415, 0.001288, 0.001293, 0.001254, 0.001461, 0.001244, 0.001389, 0.001293, 0.001472, 0.001378, 0.001439, 0.001314, 0.001438, 0.001401, 0.001352, 0.001412, 0.000631, 0.001692, 0.001671, 0.001783, 0.001796, 0.001995, 0.001894, 0.001954, 0.002044, 0.001845, 0.002132, 0.001997, 0.002239, 0.001889, 0.002045, 0.002298, 0.002130, 0.002095, 0.001966, 0.002021, 0.002103, 0.002183, 0.001972, 0.001936, 0.001782, 0.000826, 0.001500, 0.001424, 0.001283, 0.001211, 0.001369, 0.001151, 0.001283, 0.001126, 0.001340, 0.001267, 0.001332, 0.001052, 0.001321, 0.001165, 0.001262, 0.001192, 0.001433, 0.001299, 0.001356, 0.001315, 0.001452, 0.001388, 0.000264, 0.001614, 0.001631, 0.001599, 0.001789, 0.001697, 0.001916, 0.001717, 0.001933, 0.001954, 0.001907, 0.001968, 0.001887, 0.002177, 0.002086, 0.002052, 0.001934, 0.001985, 0.002164, 0.002086, 0.002009, 0.001877, 0.002184
6 , 0, 0, 0, 0, 0, 0, 0
6 , 0.023896, 0.025571, 0.029023, 0.029701, 0.029334, 0.029099, 0.026118
7 , 0.001283, 0.001211, 0.001369, 0.001151, 0.001283, 0.001126, 0.001340, 0.001267, 0.001332, 0.001052, 0.001321, 0.001165, 0.001262, 0.001192, 0.001433, 0.001299, 0.001356, 0.001315, 0.001452, 0.001388, 0.000264, 0.001614, 0.001631, 0.001599, 0.001789, 0.001697, 0.001916, 0.001717, 0.001933, 0.001954, 0.001907, 0.001968, 0.001887, 0.002177, 0.002086, 0.002052, 0.001934, 0.001985, 0.002164, 0.002086, 0.002009, 0.001877, 0.002184, 0.002077, 0.002131, 0.000344, 0.001491, 0.001298, 0.001123, 0.001328, 0.001227, 0.001262, 0.001130, 0.001399, 0.001307, 0.001250, 0.001153, 0.001402, 0.001281, 0.001407, 0.001127, 0.001351, 0.001260, 0.001389, 0.001133, 0.001351, 0.001168, 0.001288, 0.001113, 0.001344, 0.000671, 0.001277, 0.001721, 0.001793, 0.001823, 0.001709, 0.001712, 0.002075, 0.001866, 0.001963, 0.001698, 0.002018, 0.002027, 0.001997, 0.002021, 0.001829, 0.002061, 0.001907, 0.001937, 0.001938, 0.002019, 0.002012
7 , 0, 0, 0, 0, 0, 0, 0
7 , 0.023902, 0.025927, 0.026918, 0.028766, 0.028813, 0.027650, 0.026629
8 , 0.001227, 0.001262, 0.001130, 0.001399, 0.001307, 0.001250, 0.001153, 0.001402, 0.001281, 0.001407, 0.001127, 0.001351, 0.001260, 0.001389, 0.001133, 0.001351, 0.001168, 0.001288, 0.001113, 0.001344, 0.000671, 0.001277, 0.001721, 0.001793, 0.001823, 0.001709, 0.001712, 0.002075, 0.001866, 0.001963, 0.001698, 0.002018, 0.002027, 0.001997, 0.002021, 0.001829, 0.002061, 0.001907, 0.001937, 0.001938, 0.002019, 0.002012, 0.001985, 0.002021, 0.002119, 0.001065, 0.001260, 0.001502, 0.001435, 0.001140, 0.001128, 0.001193, 0.001033, 0.001369, 0.001086, 0.001277, 0.001157, 0.001256, 0.001035, 0.001165, 0.001036, 0.001136, 0.001033, 0.001341, 0.001184, 0.001218, 0.001174, 0.001309, 0.001061, 0.000724, 0.002069, 0.001832, 0.001817, 0.002162, 0.002004, 0.002135, 0.002004, 0.002159, 0.002239, 0.002111, 0.002096, 0.002059, 0.002209, 0.002148, 0.002176, 0.002000, 0.002139, 0.002308, 0.002045, 0.002191, 0.001881, 0.002019
8 , 0, 0, 0, 0, 0, 0, 0
8 , 0.029526, 0.032443, 0.034786, 0.033961, 0.033045, 0.031813, 0.029180
9 , 0.001435, 0.001140, 0.001128, 0.001193, 0.001033, 0.001369, 0.001086, 0.001277, 0.001157, 0.001256, 0.001035, 0.001165, 0.001036, 0.001136, 0.001033, 0.001341, 0.001184, 0.001218, 0.001174, 0.001309, 0.001061, 0.000724, 0.002069, 0.001832, 0.001817, 0.002162, 0.002004, 0.002135, 0.002004, 0.002159, 0.002239, 0.002111, 0.002096, 0.002059, 0.002209, 0.002148, 0.002176, 0.002000, 0.002139, 0.002308, 0.002045, 0.002191, 0.001881, 0.002019, 0.001961, 0.001855, 0.001928, 0.001442, 0.000875, 0.001741, 0.001544, 0.001580, 0.001420, 0.001485, 0.001295, 0.001480, 0.001418, 0.001331, 0.001303, 0.001401, 0.001305, 0.001432, 0.001188, 0.001373, 0.001367, 0.001520, 0.001334, 0.001489, 0.001362, 0.001483, 0.001359, 0.001484, 0.001357, 0.001481, 0.001209, 0.001433, 0.001312, 0.001353, 0.001112, 0.001361, 0.001178, 0.001395, 0.001182, 0.001192, 0.001011, 0.001320, 0.001227, 0.001329, 0.001053, 0.001207, 0.001142, 0.001244
9 , 3, 3, 3, 3, 3, 3, 3
9 , 0.021705, 0.021668, 0.022630, 0.024157, 0.023336, 0.022287, 0.021629
10 , 0.001741, 0.001544, 0.001580, 0.001420, 0.001485, 0.001295, 0.001480, 0.001418, 0.001331, 0.001303, 0.001401, 0.001305, 0.001432, 0.001188, 0.001373, 0.001367, 0.001520, 0.001334, 0.001489, 0.001362, 0.001483, 0.001359, 0.001484, 0.001357, 0.001481, 0.001209, 0.001433, 0.001312, 0.001353, 0.001112, 0.001361, 0.001178, 0.001395, 0.001182, 0.001192, 0.001011, 0.001320, 0.001227, 0.001329, 0.001053, 0.001207, 0.001142, 0.001244, 0.001086, 0.001239, 0.001114, 0.001183, 0.001062, 0.001277, 0.001024, 0.001337, 0.001151, 0.001277, 0.001021, 0.001241, 0.001090, 0.001191, 0.001094, 0.001244, 0.001090, 0.001280, 0.001154, 0.001399, 0.001098, 0.001133, 0.000975, 0.001166, 0.001126, 0.001222, 0.001161, 0.001291, 0.001075, 0.001171, 0.001103, 0.001146, 0.001046, 0.001205, 0.000892, 0.001204, 0.001134, 0.001163, 0.000976, 0.001154, 0.001085, 0.001359, 0.001110, 0.001231, 0.001157, 0.001248, 0.001155, 0.001249, 0.001152
10 , 1, 1, 1, 1, 2, 2, 2
10 , 0.003215, 0.002821, 0.003189, 0.004096, 0.003925, 0.003908, 0.004357
11 , 0.001277, 0.001021, 0.001241, 0.001090, 0.001191, 0.001094, 0.001244, 0.001090, 0.001280, 0.001154, 0.001399, 0.001098, 0.001133, 0.000975, 0.001166, 0.001126, 0.001222, 0.001161, 0.001291, 0.001075, 0.001171, 0.001103, 0.001146, 0.001046, 0.001205, 0.000892, 0.001204, 0.001134, 0.001163, 0.000976, 0.001154, 0.001085, 0.001359, 0.001110, 0.001231, 0.001157, 0.001248, 0.001155, 0.001249, 0.001152, 0.001427, 0.001154, 0.001273, 0.001210, 0.001402, 0.001311, 0.001257, 0.001283, 0.001264, 0.001170, 0.001272, 0.001207, 0.001300, 0.001207, 0.001291, 0.001292, 0.001227, 0.001169, 0.001202, 0.001287, 0.001385, 0.001357, 0.001293, 0.001203, 0.001414, 0.001254, 0.001215, 0.001268, 0.001203, 0.001258, 0.001346, 0.001345, 0.001340, 0.001310, 0.001280, 0.001439, 0.001378, 0.001404, 0.001405, 0.001440, 0.001347, 0.001290, 0.001233, 0.001361, 0.001215, 0.001518, 0.001243, 0.001348, 0.001250, 0.001319, 0.001163, 0.001376
11 , 2, 2, 0, 0, 0, 0, 0
11 , 0.001517, 0.001556, 0.001593, 0.001735, 0.001816, 0.001900, 0.001688
12 , 0.001207, 0.001300, 0.001207, 0.001291, 0.001292, 0.001227, 0.001169, 0.001202, 0.001287, 0.001385, 0.001357, 0.001293, 0.001203, 0.001414, 0.001254, 0.001215, 0.001268, 0.001203, 0.001258, 0.001346, 0.001345, 0.001340, 0.001310, 0.001280, 0.001439, 0.001378, 0.001404, 0.001405, 0.001440, 0.001347, 0.001290, 0.001233, 0.001361, 0.001215, 0.001518, 0.001243, 0.001348, 0.001250, 0.001319, 0.001163, 0.001376, 0.001219, 0.001307, 0.001236, 0.001334, 0.001151, 0.001330, 0.001267, 0.001431, 0.001270, 0.001426, 0.001236, 0.001270, 0.001182, 0.001400, 0.001119, 0.001303, 0.001210, 0.001404, 0.001246, 0.001402, 0.001153, 0.001310, 0.001187, 0.001283, 0.001179, 0.001301, 0.001329, 0.001329, 0.001266, 0.001423, 0.001205, 0.001366, 0.001153, 0.001282, 0.001249, 0.001433, 0.001275, 0.001466, 0.001248, 0.001348, 0.001254, 0.001358, 0.001269, 0.001240, 0.001056, 0.001245, 0.001101, 0.001198, 0.001133, 0.001237, 0.001118
12 , 3, 3, 3, 3, 3, 3, 3
12 , 0.001672, 0.001769, 0.001542, 0.001861, 0.001671, 0.002106, 0.001667
13 , 0.001236, 0.001270, 0.001182, 0.001400, 0.001119, 0.001303, 0.001210, 0.001404, 0.001246, 0.001402, 0.001153, 0.001310, 0.001187, 0.001283, 0.001179, 0.001301, 0.001329, 0.001329, 0.001266, 0.001423, 0.001205, 0.001366, 0.001153, 0.001282, 0.001249, 0.001433, 0.001275, 0.001466, 0.001248, 0.001348, 0.001254, 0.001358, 0.001269, 0.001240, 0.001056, 0.001245, 0.001101, 0.001198, 0.001133, 0.001237, 0.001118, 0.001188, 0.001037, 0.001074, 0.000950, 0.001185, 0.001191, 0.001180, 0.001082, 0.001313, 0.001358, 0.001442, 0.001274, 0.001420, 0.001439, 0.001431, 0.001487, 0.001542, 0.001540, 0.001535, 0.001626, 0.001626, 0.001626, 0.001624, 0.001715, 0.001593, 0.001594, 0.001624, 0.001626, 0.001476, 0.001633, 0.001542, 0.001573, 0.001545, 0.001555, 0.001408, 0.001513, 0.001257, 0.001346, 0.001116, 0.001229, 0.001265, 0.001226, 0.001024, 0.001040, 0.000945, 0.001167, 0.000958, 0.000999, 0.000843, 0.001028, 0.000867
13 , 1, 1, 1, 1, 1, 1, 1
13 , 0.004234, 0.006157, 0.006851, 0.008173, 0.008824, 0.010117, 0.010738
14 , 0.001274, 0.001420, 0.001439, 0.001431, 0.001487, 0.001542, 0.001540, 0.001535, 0.001626, 0.001626, 0.001626, 0.001624, 0.001715, 0.001593, 0.001594, 0.001624, 0.001626, 0.001476, 0.001633, 0.001542, 0.001573, 0.001545, 0.001555, 0.001408, 0.001513, 0.001257, 0.001346, 0.001116, 0.001229, 0.001265, 0.001226, 0.001024, 0.001040, 0.000945, 0.001167, 0.000958, 0.000999, 0.000843, 0.001028, 0.000867, 0.001141, 0.000982, 0.001160, 0.000899, 0.001197, 0.001095, 0.001269, 0.001194, 0.001310, 0.001112, 0.001382, 0.001181, 0.001451, 0.001401, 0.001517, 0.001395, 0.001544, 0.001412, 0.001596, 0.001409, 0.001563, 0.001411, 0.001571, 0.001330, 0.001521, 0.001306, 0.001527, 0.001409, 0.001354, 0.001205, 0.001332, 0.001118, 0.001315, 0.001168, 0.001232, 0.001170, 0.001207, 0.001138, 0.001231, 0.001227, 0.001325, 0.001141, 0.001202, 0.001199, 0.001201, 0.001141, 0.001257, 0.001229, 0.001257, 0.001278, 0.001270, 0.001297
14 , 1, 1, 1, 1, 1, 1, 1
14 , 0.011372, 0.012178, 0.012915, 0.013392, 0.013751, 0.013867, 0.014312
15 , 0.001451, 0.001401, 0.001517, 0.001395, 0.001544, 0.001412, 0.001596, 0.001409, 0.001563, 0.001411, 0.001571, 0.001330, 0.001521, 0.001306, 0.001527, 0.001409, 0.001354, 0.001205, 0.001332, 0.001118, 0.001315, 0.001168, 0.001232, 0.001170, 0.001207, 0.001138, 0.001231, 0.001227, 0.001325, 0.001141, 0.001202, 0.001199, 0.001201, 0.001141, 0.001257, 0.001229, 0.001257, 0.001278, 0.001270, 0.001297, 0.001325, 0.001291, 0.001254, 0.001529, 0.001432, 0.001557, 0.001405, 0.001492, 0.001429, 0.001367, 0.001304, 0.001550, 0.001393, 0.001462, 0.001405, 0.001533, 0.001350, 0.001358, 0.001293, 0.001365, 0.001218, 0.001320, 0.001136, 0.001264, 0.001135, 0.001262, 0.001145, 0.001305, 0.001179, 0.001308, 0.001178, 0.001276, 0.001084, 0.001208, 0.001107, 0.001232, 0.001168, 0.001320, 0.001099, 0.001310, 0.001273, 0.001424, 0.001331, 0.001364, 0.001235, 0.001361, 0.001293, 0.001449, 0.001381, 0.001382, 0.001439, 0.001505
15 , 1, 1, 1, 1, 1, 2, 2
15 , 0.005827, 0.005063, 0.004374, 0.003568, 0.002917, 0.002326, 0.002167
16 , 0.001405, 0.001492, 0.001429, 0.001367, 0.001304, 0.001550, 0.001393, 0.001462, 0.001405, 0.001533, 0.001350, 0.001358, 0.001293, 0.001365, 0.001218, 0.001320, 0.001136, 0.001264, 0.001135, 0.001262, 0.001145, 0.001305, 0.001179, 0.001308, 0.001178, 0.001276, 0.001084, 0.001208, 0.001107, 0.001232, 0.001168, 0.001320, 0.001099, 0.001310, 0.001273, 0.001424, 0.001331, 0.001364, 0.001235, 0.001361, 0.001293, 0.001449, 0.001381, 0.001382, 0.001439, 0.001505, 0.001233, 0.001389, 0.001361, 0.001485, 0.001268, 0.001361, 0.001329, 0.001364, 0.001330, 0.001368, 0.001299, 0.001361, 0.001326, 0.001363, 0.001262, 0.001384, 0.001259, 0.001416, 0.001353, 0.001325, 0.001325, 0.001360, 0.001241, 0.001268, 0.001328, 0.001395, 0.001332, 0.001364, 0.001395, 0.001216, 0.001273, 0.001236, 0.001422, 0.001329, 0.001452, 0.001270, 0.001301, 0.001429, 0.001337, 0.001242, 0.001308, 0.001341, 0.001438, 0.001163, 0.001259, 0.001192
16 , 1, 1, 1, 1, 1, 1, 1
16 , 0.003168, 0.002603, 0.001728, 0.001779, 0.001512, 0.001439, 0.000892
