0 , 0.002053, 0.001940, 0.002148, 0.002080, 0.001974, 0.002068, 0.002016, 0.002201, 0.000616, 0.001494, 0.001549, 0.001442, 0.001319, 0.001503, 0.001157, 0.001440, 0.001279, 0.001340, 0.001308, 0.001398, 0.001265, 0.001419, 0.001264, 0.001408, 0.001301, 0.001520, 0.001420, 0.001601, 0.001407, 0.001593, 0.001471, 0.001489, 0.000537, 0.001613, 0.001435, 0.001764, 0.001724, 0.001838, 0.001659, 0.001818, 0.002034, 0.001864, 0.002039, 0.001839, 0.002082, 0.002071, 0.001923, 0.001973, 0.001946, 0.002191, 0.001862, 0.001927, 0.001816, 0.001994, 0.001943, 0.002078, 0.001349, 0.001124, 0.001419, 0.001676, 0.001412, 0.001376, 0.001492, 0.001336, 0.001272, 0.001427, 0.001349, 0.001561, 0.001438, 0.001446, 0.001202, 0.001485, 0.001372, 0.001386, 0.001326, 0.001419, 0.001201, 0.001302, 0.001241, 0.001296, 0.001248, 0.001580, 0.000066, 0.001501, 0.001672, 0.001753, 0.001675, 0.001531, 0.001880, 0.001772, 0.001792, 0.001604
0 , 1, 1, 1, 3, 3, 3, 3
0 , 0.009811, 0.007586, 0.005028, 0.004673, 0.005389, 0.005474, 0.005979
1 , 0.001923, 0.001973, 0.001946, 0.002191, 0.001862, 0.001927, 0.001816, 0.001994, 0.001943, 0.002078, 0.001349, 0.001124, 0.001419, 0.001676, 0.001412, 0.001376, 0.001492, 0.001336, 0.001272, 0.001427, 0.001349, 0.001561, 0.001438, 0.001446, 0.001202, 0.001485, 0.001372, 0.001386, 0.001326, 0.001419, 0.001201, 0.001302, 0.001241, 0.001296, 0.001248, 0.001580, 0.000066, 0.001501, 0.001672, 0.001753, 0.001675, 0.001531, 0.001880, 0.001772, 0.001792, 0.001604, 0.001779, 0.001783, 0.001813, 0.001790, 0.001581, 0.001871, 0.001739, 0.001830, 0.001702, 0.001652, 0.001908, 0.001692, 0.001803, 0.001444, 0.001733, 0.000413, 0.001875, 0.001683, 0.001699, 0.001514, 0.001617, 0.001423, 0.001492, 0.001306, 0.001546, 0.001419, 0.001613, 0.001431, 0.001499, 0.001437, 0.001502, 0.001380, 0.001445, 0.001437, 0.001532, 0.001337, 0.001412, 0.001566, 0.000951, 0.001155, 0.001720, 0.001510, 0.001663, 0.001770, 0.001782, 0.001873
1 , 1, 1, 1, 1, 1, 1, 1
1 , 0.012359, 0.011004, 0.009243, 0.007955, 0.006321, 0.004677, 0.002474
2 , 0.001779, 0.001783, 0.001813, 0.001790, 0.001581, 0.001871, 0.001739, 0.001830, 0.001702, 0.001652, 0.001908, 0.001692, 0.001803, 0.001444, 0.001733, 0.000413, 0.001875, 0.001683, 0.001699, 0.001514, 0.001617, 0.001423, 0.001492, 0.001306, 0.001546, 0.001419, 0.001613, 0.001431, 0.001499, 0.001437, 0.001502, 0.001380, 0.001445, 0.001437, 0.001532, 0.001337, 0.001412, 0.001566, 0.000951, 0.001155, 0.001720, 0.001510, 0.001663, 0.001770, 0.001782, 0.001873, 0.001859, 0.002162, 0.001943, 0.002049, 0.001887, 0.002001, 0.002087, 0.001894, 0.001993, 0.001796, 0.002025, 0.001941, 0.001781, 0.001775, 0.001708, 0.001877, 0.001763, 0.001668, 0.001696, 0.000573, 0.001570, 0.001871, 0.001827, 0.001767, 0.001542, 0.001698, 0.001538, 0.001627, 0.001591, 0.001684, 0.001496, 0.001772, 0.001622, 0.001629, 0.001420, 0.001668, 0.001488, 0.001522, 0.001468, 0.001630, 0.001472, 0.001575, 0.001468, 0.001513, 0.001178, 0.000570
2 , 1, 1, 1, 1, 1, 1, 1
2 , 0.010348, 0.010181, 0.010232, 0.010270, 0.008907, 0.007180, 0.006045
3 , 0.001859, 0.002162, 0.001943, 0.002049, 0.001887, 0.002001, 0.002087, 0.001894, 0.001993, 0.001796, 0.002025, 0.001941, 0.001781, 0.001775, 0.001708, 0.001877, 0.001763, 0.001668, 0.001696, 0.000573, 0.001570, 0.001871, 0.001827, 0.001767, 0.001542, 0.001698, 0.001538, 0.001627, 0.001591, 0.001684, 0.001496, 0.001772, 0.001622, 0.001629, 0.001420, 0.001668, 0.001488, 0.001522, 0.001468, 0.001630, 0.001472, 0.001575, 0.001468, 0.001513, 0.001178, 0.000570, 0.001640, 0.001747, 0.001571, 0.001861, 0.001741, 0.001870, 0.001809, 0.001790, 0.002043, 0.001884, 0.001986, 0.001706, 0.002021, 0.001927, 0.001859, 0.001914, 0.001698, 0.001827, 0.001861, 0.001800, 0.001716, 0.001739, 0.001780, 0.001157, 0.001543, 0.001747, 0.001698, 0.001554, 0.001671, 0.001458, 0.001618, 0.001308, 0.001511, 0.001322, 0.001519, 0.001341, 0.001412, 0.001351, 0.001383, 0.001229, 0.001515, 0.001238, 0.001427, 0.001306, 0.001514, 0.001219
3 , 1, 1, 1, 1, 1, 1, 1
3 , 0.013273, 0.012547, 0.013563, 0.014019, 0.014178, 0.015665, 0.014572
4 , 0.001870, 0.001809, 0.001790, 0.002043, 0.001884, 0.001986, 0.001706, 0.002021, 0.001927, 0.001859, 0.001914, 0.001698, 0.001827, 0.001861, 0.001800, 0.001716, 0.001739, 0.001780, 0.001157, 0.001543, 0.001747, 0.001698, 0.001554, 0.001671, 0.001458, 0.001618, 0.001308, 0.001511, 0.001322, 0.001519, 0.001341, 0.001412, 0.001351, 0.001383, 0.001229, 0.001515, 0.001238, 0.001427, 0.001306, 0.001514, 0.001219, 0.001635, 0.000138, 0.001618, 0.001663, 0.001861, 0.001532, 0.001682, 0.001584, 0.001773, 0.001635, 0.001803, 0.001601, 0.001668, 0.001715, 0.001540, 0.001820, 0.001560, 0.001749, 0.001722, 0.001682, 0.001675, 0.001668, 0.001807, 0.001746, 0.001819, 0.001599, 0.000378, 0.001648, 0.001737, 0.001597, 0.001566, 0.001480, 0.001427, 0.001304, 0.001397, 0.001343, 0.001470, 0.001318, 0.001538, 0.001297, 0.001437, 0.001288, 0.001363, 0.001182, 0.001277, 0.001243, 0.001463, 0.001312, 0.001373, 0.001226, 0.001508
4 , 1, 1, 1, 1, 1, 1, 1
4 , 0.013877, 0.013988, 0.014146, 0.014421, 0.014653, 0.014905, 0.013568
5 , 0.001803, 0.001601, 0.001668, 0.001715, 0.001540, 0.001820, 0.001560, 0.001749, 0.001722, 0.001682, 0.001675, 0.001668, 0.001807, 0.001746, 0.001819, 0.001599, 0.000378, 0.001648, 0.001737, 0.001597, 0.001566, 0.001480, 0.001427, 0.001304, 0.001397, 0.001343, 0.001470, 0.001318, 0.001538, 0.001297, 0.001437, 0.001288, 0.001363, 0.001182, 0.001277, 0.001243, 0.001463, 0.001312, 0.001373, 0.001226, 0.001508, 0.000775, 0.001073, 0.001773, 0.001724, 0.001527, 0.001632, 0.001668, 0.001747, 0.001791, 0.001670, 0.001914, 0.001742, 0.001800, 0.001493, 0.001490, 0.001631, 0.001675, 0.001769, 0.001442, 0.001766, 0.001692, 0.001618, 0.001574, 0.001577, 0.002003, 0.000436, 0.001980, 0.002034, 0.001817, 0.001606, 0.001723, 0.001448, 0.001643, 0.001450, 0.001643, 0.001579, 0.001677, 0.001482, 0.001701, 0.001489, 0.001673, 0.001489, 0.001768, 0.001394, 0.001640, 0.001580, 0.001796, 0.001465, 0.001829, 0.000328, 0.001506
5 , 1, 1, 1, 1, 1, 1, 1
5 , 0.007161, 0.007562, 0.009173, 0.008941, 0.008848, 0.007584, 0.006913
6 , 0.001747, 0.001791, 0.001670, 0.001914, 0.001742, 0.001800, 0.001493, 0.001490, 0.001631, 0.001675, 0.001769, 0.001442, 0.001766, 0.001692, 0.001618, 0.001574, 0.001577, 0.002003, 0.000436, 0.001980, 0.002034, 0.001817, 0.001606, 0.001723, 0.001448, 0.001643, 0.001450, 0.001643, 0.001579, 0.001677, 0.001482, 0.001701, 0.001489, 0.001673, 0.001489, 0.001768, 0.001394, 0.001640, 0.001580, 0.001796, 0.001465, 0.001829, 0.000328, 0.001506, 0.001254, 0.001674, 0.001499, 0.001674, 0.001538, 0.001825, 0.001886, 0.001754, 0.001750, 0.001693, 0.001886, 0.001882, 0.001889, 0.001642, 0.001781, 0.001996, 0.001838, 0.001902, 0.001756, 0.001946, 0.001907, 0.001978, 0.001280, 0.000984, 0.001537, 0.001668, 0.001497, 0.001495, 0.001341, 0.001343, 0.001319, 0.001291, 0.001205, 0.001333, 0.001293, 0.001354, 0.001384, 0.001413, 0.001354, 0.001444, 0.001347, 0.001317, 0.001380, 0.001437, 0.001347, 0.001399, 0.001233, 0.001562
6 , 1, 1, 1, 1, 1, 1, 1
6 , 0.008029, 0.009629, 0.010820, 0.011221, 0.012190, 0.012061, 0.010803
7 , 0.001886, 0.001754, 0.001750, 0.001693, 0.001886, 0.001882, 0.001889, 0.001642, 0.001781, 0.001996, 0.001838, 0.001902, 0.001756, 0.001946, 0.001907, 0.001978, 0.001280, 0.000984, 0.001537, 0.001668, 0.001497, 0.001495, 0.001341, 0.001343, 0.001319, 0.001291, 0.001205, 0.001333, 0.001293, 0.001354, 0.001384, 0.001413, 0.001354, 0.001444, 0.001347, 0.001317, 0.001380, 0.001437, 0.001347, 0.001399, 0.001233, 0.001562, 0.000141, 0.001391, 0.001519, 0.001588, 0.001610, 0.001796, 0.001939, 0.001912, 0.001935, 0.001696, 0.002032, 0.001834, 0.001846, 0.001665, 0.001635, 0.001861, 0.001537, 0.001556, 0.001580, 0.001718, 0.001633, 0.001607, 0.001750, 0.001517, 0.001906, 0.000309, 0.001888, 0.001671, 0.001679, 0.001435, 0.001629, 0.001480, 0.001545, 0.001363, 0.001679, 0.001369, 0.001379, 0.001277, 0.001496, 0.001397, 0.001613, 0.001399, 0.001592, 0.001309, 0.001531, 0.001464, 0.001540, 0.001362, 0.001189, 0.001060
7 , 1, 1, 1, 1, 1, 1, 1
7 , 0.013281, 0.014318, 0.014751, 0.014994, 0.013371, 0.012039, 0.010199
8 , 0.001912, 0.001935, 0.001696, 0.002032, 0.001834, 0.001846, 0.001665, 0.001635, 0.001861, 0.001537, 0.001556, 0.001580, 0.001718, 0.001633, 0.001607, 0.001750, 0.001517, 0.001906, 0.000309, 0.001888, 0.001671, 0.001679, 0.001435, 0.001629, 0.001480, 0.001545, 0.001363, 0.001679, 0.001369, 0.001379, 0.001277, 0.001496, 0.001397, 0.001613, 0.001399, 0.001592, 0.001309, 0.001531, 0.001464, 0.001540, 0.001362, 0.001189, 0.001060, 0.001700, 0.001643, 0.001862, 0.001702, 0.001807, 0.001672, 0.001815, 0.001987, 0.001869, 0.001886, 0.001683, 0.001852, 0.001838, 0.001818, 0.001784, 0.001804, 0.001996, 0.001823, 0.001838, 0.001668, 0.001946, 0.001757, 0.002056, 0.000556, 0.001531, 0.001569, 0.001675, 0.001591, 0.001548, 0.001555, 0.001402, 0.001426, 0.001495, 0.001530, 0.001434, 0.001438, 0.001524, 0.001431, 0.001435, 0.001528, 0.001496, 0.001703, 0.001609, 0.001582, 0.001424, 0.001557, 0.001488, 0.001287, 0.001494
8 , 1, 1, 1, 1, 1, 1, 1
8 , 0.010069, 0.010599, 0.010483, 0.010186, 0.010305, 0.009881, 0.008669
9 , 0.001807, 0.001672, 0.001815, 0.001987, 0.001869, 0.001886, 0.001683, 0.001852, 0.001838, 0.001818, 0.001784, 0.001804, 0.001996, 0.001823, 0.001838, 0.001668, 0.001946, 0.001757, 0.002056, 0.000556, 0.001531, 0.001569, 0.001675, 0.001591, 0.001548, 0.001555, 0.001402, 0.001426, 0.001495, 0.001530, 0.001434, 0.001438, 0.001524, 0.001431, 0.001435, 0.001528, 0.001496, 0.001703, 0.001609, 0.001582, 0.001424, 0.001557, 0.001488, 0.001287, 0.001494, 0.000320, 0.001512, 0.001650, 0.001659, 0.001479, 0.001604, 0.001715, 0.001617, 0.001719, 0.001675, 0.001918, 0.001786, 0.001793, 0.001574, 0.001530, 0.001712, 0.001570, 0.001553, 0.001401, 0.001610, 0.001675, 0.001552, 0.001675, 0.001547, 0.001536, 0.001131, 0.001991, 0.001694, 0.001800, 0.001677, 0.001778, 0.001534, 0.001577, 0.001544, 0.001646, 0.001373, 0.001573, 0.001297, 0.001579, 0.001300, 0.001459, 0.001207, 0.001466, 0.001279, 0.001453, 0.001370, 0.001450
9 , 1, 1, 1, 1, 1, 1, 1
9 , 0.009099, 0.007222, 0.009483, 0.008707, 0.009434, 0.010617, 0.011010
10 , 0.001617, 0.001719, 0.001675, 0.001918, 0.001786, 0.001793, 0.001574, 0.001530, 0.001712, 0.001570, 0.001553, 0.001401, 0.001610, 0.001675, 0.001552, 0.001675, 0.001547, 0.001536, 0.001131, 0.001991, 0.001694, 0.001800, 0.001677, 0.001778, 0.001534, 0.001577, 0.001544, 0.001646, 0.001373, 0.001573, 0.001297, 0.001579, 0.001300, 0.001459, 0.001207, 0.001466, 0.001279, 0.001453, 0.001370, 0.001450, 0.001496, 0.000396, 0.001530, 0.001697, 0.001550, 0.001773, 0.001605, 0.001713, 0.001549, 0.001617, 0.001834, 0.001638, 0.001729, 0.001604, 0.001697, 0.001595, 0.001641, 0.001642, 0.001484, 0.001694, 0.001372, 0.001414, 0.001284, 0.001472, 0.001576, 0.001585, 0.001562, 0.001604, 0.000082, 0.001948, 0.001953, 0.001897, 0.001806, 0.001721, 0.001606, 0.001554, 0.001496, 0.001533, 0.001475, 0.001424, 0.001491, 0.001367, 0.001488, 0.001514, 0.001423, 0.001480, 0.001573, 0.001483, 0.001517, 0.001424, 0.001458, 0.001433
10 , 1, 2, 2, 1, 1, 1, 1
10 , 0.004607, 0.004811, 0.004158, 0.004574, 0.005338, 0.006328, 0.006537
11 , 0.001729, 0.001604, 0.001697, 0.001595, 0.001641, 0.001642, 0.001484, 0.001694, 0.001372, 0.001414, 0.001284, 0.001472, 0.001576, 0.001585, 0.001562, 0.001604, 0.000082, 0.001948, 0.001953, 0.001897, 0.001806, 0.001721, 0.001606, 0.001554, 0.001496, 0.001533, 0.001475, 0.001424, 0.001491, 0.001367, 0.001488, 0.001514, 0.001423, 0.001480, 0.001573, 0.001483, 0.001517, 0.001424, 0.001458, 0.001433, 0.001341, 0.001362, 0.001393, 0.001485, 0.001418, 0.001386, 0.001654, 0.001654, 0.001625, 0.001532, 0.001504, 0.001659, 0.001500, 0.001562, 0.001526, 0.001557, 0.001522, 0.001575, 0.001546, 0.001662, 0.001541, 0.001688, 0.001595, 0.001622, 0.001655, 0.001657, 0.001624, 0.001660, 0.001603, 0.001544, 0.001511, 0.001632, 0.001518, 0.001615, 0.001583, 0.001588, 0.001518, 0.001584, 0.001434, 0.001528, 0.001536, 0.001748, 0.001597, 0.001717, 0.001557, 0.001711, 0.001620, 0.001682, 0.001578, 0.001644, 0.001519, 0.001763
11 , 2, 2, 1, 2, 2, 2, 2
11 , 0.001126, 0.001742, 0.002280, 0.002497, 0.002378, 0.002509, 0.002140
12 , 0.001659, 0.001500, 0.001562, 0.001526, 0.001557, 0.001522, 0.001575, 0.001546, 0.001662, 0.001541, 0.001688, 0.001595, 0.001622, 0.001655, 0.001657, 0.001624, 0.001660, 0.001603, 0.001544, 0.001511, 0.001632, 0.001518, 0.001615, 0.001583, 0.001588, 0.001518, 0.001584, 0.001434, 0.001528, 0.001536, 0.001748, 0.001597, 0.001717, 0.001557, 0.001711, 0.001620, 0.001682, 0.001578, 0.001644, 0.001519, 0.001763, 0.001661, 0.001665, 0.001564, 0.001836, 0.001742, 0.001804, 0.001685, 0.001843, 0.001687, 0.001847, 0.001698, 0.001765, 0.001583, 0.001677, 0.001528, 0.001809, 0.001650, 0.001834, 0.001684, 0.001733, 0.001550, 0.001797, 0.001607, 0.001682, 0.001523, 0.001828, 0.001487, 0.001611, 0.001484, 0.001736, 0.001598, 0.001672, 0.001668, 0.001752, 0.001594, 0.001780, 0.001562, 0.001691, 0.001654, 0.001864, 0.001640, 0.001860, 0.001673, 0.001925, 0.001644, 0.001767, 0.001705, 0.001885, 0.001728, 0.001887, 0.001731
12 , 3, 0, 0, 0, 0, 0, 0
12 , 0.000301, 0.000783, 0.001453, 0.001786, 0.002089, 0.002342, 0.002646
13 , 0.001765, 0.001583, 0.001677, 0.001528, 0.001809, 0.001650, 0.001834, 0.001684, 0.001733, 0.001550, 0.001797, 0.001607, 0.001682, 0.001523, 0.001828, 0.001487, 0.001611, 0.001484, 0.001736, 0.001598, 0.001672, 0.001668, 0.001752, 0.001594, 0.001780, 0.001562, 0.001691, 0.001654, 0.001864, 0.001640, 0.001860, 0.001673, 0.001925, 0.001644, 0.001767, 0.001705, 0.001885, 0.001728, 0.001887, 0.001731, 0.001699, 0.001577, 0.001879, 0.001726, 0.001818, 0.001698, 0.001737, 0.001698, 0.001798, 0.001671, 0.001748, 0.001683, 0.001750, 0.001599, 0.001697, 0.001609, 0.001605, 0.001638, 0.001707, 0.001611, 0.001737, 0.001711, 0.001683, 0.001681, 0.001678, 0.001610, 0.001710, 0.001624, 0.001599, 0.001575, 0.001570, 0.001526, 0.001654, 0.001681, 0.001585, 0.001617, 0.001553, 0.001787, 0.001656, 0.001580, 0.001654, 0.001796, 0.001721, 0.001889, 0.001875, 0.001985, 0.001910, 0.002145, 0.002015, 0.002073, 0.002067, 0.002338
13 , 0, 0, 0, 0, 0, 0, 0
13 , 0.002232, 0.003234, 0.004049, 0.005081, 0.005775, 0.006819, 0.007156
14 , 0.001750, 0.001599, 0.001697, 0.001609, 0.001605, 0.001638, 0.001707, 0.001611, 0.001737, 0.001711, 0.001683, 0.001681, 0.001678, 0.001610, 0.001710, 0.001624, 0.001599, 0.001575, 0.001570, 0.001526, 0.001654, 0.001681, 0.001585, 0.001617, 0.001553, 0.001787, 0.001656, 0.001580, 0.001654, 0.001796, 0.001721, 0.001889, 0.001875, 0.001985, 0.001910, 0.002145, 0.002015, 0.002073, 0.002067, 0.002338, 0.002089, 0.002362, 0.002240, 0.002454, 0.002240, 0.002244, 0.002000, 0.002189, 0.002041, 0.002109, 0.001959, 0.002095, 0.001830, 0.002052, 0.001783, 0.001865, 0.001745, 0.001732, 0.001559, 0.001811, 0.001544, 0.001735, 0.001613, 0.001713, 0.001595, 0.001723, 0.001440, 0.001688, 0.001592, 0.001691, 0.001575, 0.001762, 0.001601, 0.001730, 0.001543, 0.001668, 0.001572, 0.001729, 0.001601, 0.001689, 0.001552, 0.001788, 0.001687, 0.001875, 0.001682, 0.001857, 0.001723, 0.001717, 0.001682, 0.001830, 0.001733, 0.001768
14 , 3, 3, 3, 3, 3, 3, 3
14 , 0.009087, 0.009061, 0.009149, 0.008851, 0.009200, 0.008917, 0.009211
15 , 0.001830, 0.002052, 0.001783, 0.001865, 0.001745, 0.001732, 0.001559, 0.001811, 0.001544, 0.001735, 0.001613, 0.001713, 0.001595, 0.001723, 0.001440, 0.001688, 0.001592, 0.001691, 0.001575, 0.001762, 0.001601, 0.001730, 0.001543, 0.001668, 0.001572, 0.001729, 0.001601, 0.001689, 0.001552, 0.001788, 0.001687, 0.001875, 0.001682, 0.001857, 0.001723, 0.001717, 0.001682, 0.001830, 0.001733, 0.001768, 0.001756, 0.001849, 0.001757, 0.001816, 0.001785, 0.001903, 0.001748, 0.001844, 0.001844, 0.001944, 0.001824, 0.001944, 0.001915, 0.001859, 0.001915, 0.001824, 0.001795, 0.001765, 0.001675, 0.001738, 0.001830, 0.001920, 0.001865, 0.001801, 0.001870, 0.001686, 0.001746, 0.001681, 0.001749, 0.001597, 0.001753, 0.001779, 0.001687, 0.001684, 0.001929, 0.001777, 0.001874, 0.001782, 0.001849, 0.001756, 0.001824, 0.001727, 0.001824, 0.001638, 0.001820, 0.001755, 0.001970, 0.001728, 0.001882, 0.001782, 0.001940, 0.001809
15 , 1, 1, 3, 3, 3, 0, 0
15 , 0.001820, 0.001381, 0.000537, 0.000868, 0.001266, 0.001888, 0.003038
16 , 0.001915, 0.001859, 0.001915, 0.001824, 0.001795, 0.001765, 0.001675, 0.001738, 0.001830, 0.001920, 0.001865, 0.001801, 0.001870, 0.001686, 0.001746, 0.001681, 0.001749, 0.001597, 0.001753, 0.001779, 0.001687, 0.001684, 0.001929, 0.001777, 0.001874, 0.001782, 0.001849, 0.001756, 0.001824, 0.001727, 0.001824, 0.001638, 0.001820, 0.001755, 0.001970, 0.001728, 0.001882, 0.001782, 0.001940, 0.001809, 0.001904, 0.001713, 0.001991, 0.001806, 0.001805, 0.001595, 0.001844, 0.001788, 0.002007, 0.001790, 0.001922, 0.001620, 0.001782, 0.001568, 0.001794, 0.001710, 0.001839, 0.001659, 0.001729, 0.001700, 0.001774, 0.001588, 0.001774, 0.001590, 0.001654, 0.001622, 0.001745, 0.001633, 0.001641, 0.001474, 0.001634, 0.001601, 0.001578, 0.001541, 0.001606, 0.001573, 0.001532, 0.001582, 0.001704, 0.001729, 0.001634, 0.001689, 0.001715, 0.001768, 0.001818, 0.001837, 0.001828, 0.001860, 0.001978, 0.001792, 0.001851, 0.001853
16 , 3, 3, 3, 0, 0, 0, 0
16 , 0.001176, 0.001052, 0.000598, 0.001223, 0.001504, 0.002491, 0.002797
