0 , 0.001824, 0.001773, 0.001916, 0.001797, 0.001827, 0.001645, 0.001918, 0.001883, 0.001840, 0.002035, 0.001698, 0.002116, 0.000435, 0.001743, 0.001596, 0.001653, 0.001441, 0.001472, 0.001286, 0.001534, 0.001382, 0.001604, 0.001383, 0.001511, 0.001358, 0.001449, 0.001326, 0.001485, 0.001334, 0.001398, 0.001336, 0.001556, 0.001343, 0.001467, 0.001228, 0.001347, 0.000830, 0.001815, 0.001459, 0.001955, 0.001644, 0.001799, 0.001684, 0.001947, 0.001990, 0.001848, 0.001933, 0.001778, 0.002013, 0.001810, 0.001901, 0.001885, 0.001811, 0.001979, 0.001869, 0.002028, 0.001836, 0.001897, 0.001849, 0.002197, 0.001245, 0.001017, 0.001365, 0.001561, 0.001433, 0.001425, 0.001420, 0.001474, 0.001409, 0.001407, 0.001400, 0.001459, 0.001430, 0.001585, 0.001580, 0.001614, 0.001402, 0.001404, 0.001404, 0.001557, 0.001437, 0.001532, 0.001483, 0.001604, 0.001288, 0.001511, 0.000136, 0.001564, 0.001702, 0.001816, 0.001789, 0.001742
0 , 1, 1, 1, 1, 1, 1, 1
0 , 0.012049, 0.010177, 0.008499, 0.006964, 0.005347, 0.003514, 0.001860
1 , 0.001933, 0.001778, 0.002013, 0.001810, 0.001901, 0.001885, 0.001811, 0.001979, 0.001869, 0.002028, 0.001836, 0.001897, 0.001849, 0.002197, 0.001245, 0.001017, 0.001365, 0.001561, 0.001433, 0.001425, 0.001420, 0.001474, 0.001409, 0.001407, 0.001400, 0.001459, 0.001430, 0.001585, 0.001580, 0.001614, 0.001402, 0.001404, 0.001404, 0.001557, 0.001437, 0.001532, 0.001483, 0.001604, 0.001288, 0.001511, 0.000136, 0.001564, 0.001702, 0.001816, 0.001789, 0.001742, 0.001921, 0.001917, 0.002005, 0.001762, 0.002012, 0.001977, 0.001930, 0.002038, 0.001885, 0.002243, 0.002134, 0.002107, 0.001918, 0.002040, 0.002169, 0.002009, 0.002032, 0.001845, 0.002122, 0.000162, 0.001604, 0.001406, 0.001354, 0.001200, 0.001335, 0.001155, 0.001176, 0.001031, 0.001254, 0.001044, 0.001096, 0.000890, 0.001182, 0.000915, 0.001054, 0.000814, 0.000982, 0.000826, 0.000943, 0.000839, 0.000870, 0.000789, 0.000187, 0.001962, 0.002224, 0.002095
1 , 1, 1, 1, 1, 1, 1, 1
1 , 0.026975, 0.025046, 0.022588, 0.020423, 0.017406, 0.014446, 0.011484
2 , 0.001921, 0.001917, 0.002005, 0.001762, 0.002012, 0.001977, 0.001930, 0.002038, 0.001885, 0.002243, 0.002134, 0.002107, 0.001918, 0.002040, 0.002169, 0.002009, 0.002032, 0.001845, 0.002122, 0.000162, 0.001604, 0.001406, 0.001354, 0.001200, 0.001335, 0.001155, 0.001176, 0.001031, 0.001254, 0.001044, 0.001096, 0.000890, 0.001182, 0.000915, 0.001054, 0.000814, 0.000982, 0.000826, 0.000943, 0.000839, 0.000870, 0.000789, 0.000187, 0.001962, 0.002224, 0.002095, 0.002377, 0.002339, 0.002289, 0.002059, 0.001947, 0.002028, 0.001756, 0.001743, 0.001625, 0.001731, 0.001809, 0.001710, 0.001575, 0.001533, 0.001638, 0.001522, 0.001571, 0.001425, 0.001450, 0.001564, 0.001473, 0.001550, 0.001754, 0.000335, 0.001623, 0.001706, 0.001680, 0.001445, 0.001453, 0.001289, 0.001148, 0.001406, 0.001232, 0.001284, 0.001109, 0.001195, 0.001051, 0.001212, 0.001049, 0.001044, 0.001011, 0.001197, 0.001124, 0.001249, 0.001059, 0.001296
2 , 1, 1, 1, 1, 1, 1, 1
2 , 0.034027, 0.030346, 0.027185, 0.025450, 0.023789, 0.021803, 0.020055
3 , 0.002377, 0.002339, 0.002289, 0.002059, 0.001947, 0.002028, 0.001756, 0.001743, 0.001625, 0.001731, 0.001809, 0.001710, 0.001575, 0.001533, 0.001638, 0.001522, 0.001571, 0.001425, 0.001450, 0.001564, 0.001473, 0.001550, 0.001754, 0.000335, 0.001623, 0.001706, 0.001680, 0.001445, 0.001453, 0.001289, 0.001148, 0.001406, 0.001232, 0.001284, 0.001109, 0.001195, 0.001051, 0.001212, 0.001049, 0.001044, 0.001011, 0.001197, 0.001124, 0.001249, 0.001059, 0.001296, 0.001184, 0.001251, 0.001186, 0.000735, 0.001867, 0.001759, 0.001624, 0.001860, 0.001684, 0.001900, 0.001718, 0.001808, 0.001814, 0.001690, 0.001942, 0.001720, 0.001810, 0.001810, 0.001846, 0.001755, 0.001642, 0.001849, 0.001858, 0.001949, 0.001782, 0.001912, 0.002055, 0.001390, 0.001411, 0.001614, 0.001567, 0.001337, 0.001303, 0.001329, 0.001371, 0.001105, 0.001358, 0.001144, 0.001217, 0.001035, 0.001292, 0.001074, 0.001176, 0.000902, 0.001210, 0.001046
3 , 1, 1, 1, 1, 1, 1, 1
3 , 0.016758, 0.018620, 0.019436, 0.020590, 0.021752, 0.020832, 0.021872
4 , 0.001624, 0.001860, 0.001684, 0.001900, 0.001718, 0.001808, 0.001814, 0.001690, 0.001942, 0.001720, 0.001810, 0.001810, 0.001846, 0.001755, 0.001642, 0.001849, 0.001858, 0.001949, 0.001782, 0.001912, 0.002055, 0.001390, 0.001411, 0.001614, 0.001567, 0.001337, 0.001303, 0.001329, 0.001371, 0.001105, 0.001358, 0.001144, 0.001217, 0.001035, 0.001292, 0.001074, 0.001176, 0.000902, 0.001210, 0.001046, 0.001292, 0.000990, 0.001226, 0.000909, 0.001281, 0.000499, 0.001967, 0.001937, 0.002195, 0.002012, 0.002152, 0.001968, 0.002226, 0.002028, 0.002093, 0.001850, 0.002049, 0.002008, 0.001927, 0.001971, 0.001876, 0.002102, 0.002000, 0.001909, 0.001832, 0.001767, 0.002104, 0.001947, 0.001930, 0.001610, 0.000310, 0.001575, 0.001601, 0.001583, 0.001486, 0.001305, 0.001281, 0.001342, 0.001407, 0.001288, 0.001355, 0.001317, 0.001354, 0.001174, 0.001297, 0.001264, 0.001301, 0.001239, 0.001337, 0.001212, 0.001157, 0.001070
4 , 1, 1, 1, 1, 1, 1, 1
4 , 0.023498, 0.026672, 0.029982, 0.026620, 0.025751, 0.024728, 0.023892
5 , 0.002195, 0.002012, 0.002152, 0.001968, 0.002226, 0.002028, 0.002093, 0.001850, 0.002049, 0.002008, 0.001927, 0.001971, 0.001876, 0.002102, 0.002000, 0.001909, 0.001832, 0.001767, 0.002104, 0.001947, 0.001930, 0.001610, 0.000310, 0.001575, 0.001601, 0.001583, 0.001486, 0.001305, 0.001281, 0.001342, 0.001407, 0.001288, 0.001355, 0.001317, 0.001354, 0.001174, 0.001297, 0.001264, 0.001301, 0.001239, 0.001337, 0.001212, 0.001157, 0.001070, 0.001345, 0.001202, 0.001428, 0.000542, 0.001414, 0.001885, 0.001895, 0.001683, 0.002021, 0.001836, 0.001911, 0.001948, 0.001934, 0.002103, 0.001934, 0.001897, 0.001843, 0.002052, 0.001947, 0.001843, 0.001839, 0.001698, 0.001966, 0.001781, 0.001862, 0.001883, 0.001813, 0.002151, 0.000433, 0.001669, 0.001626, 0.001560, 0.001383, 0.001390, 0.001336, 0.001352, 0.001198, 0.001392, 0.001156, 0.001222, 0.001100, 0.001264, 0.001138, 0.001292, 0.001132, 0.001321, 0.001152, 0.001339
5 , 1, 1, 1, 1, 1, 1, 1
5 , 0.021324, 0.024432, 0.026536, 0.027250, 0.027772, 0.025611, 0.025077
6 , 0.001895, 0.001683, 0.002021, 0.001836, 0.001911, 0.001948, 0.001934, 0.002103, 0.001934, 0.001897, 0.001843, 0.002052, 0.001947, 0.001843, 0.001839, 0.001698, 0.001966, 0.001781, 0.001862, 0.001883, 0.001813, 0.002151, 0.000433, 0.001669, 0.001626, 0.001560, 0.001383, 0.001390, 0.001336, 0.001352, 0.001198, 0.001392, 0.001156, 0.001222, 0.001100, 0.001264, 0.001138, 0.001292, 0.001132, 0.001321, 0.001152, 0.001339, 0.001120, 0.001338, 0.001152, 0.001245, 0.000899, 0.001896, 0.001868, 0.002052, 0.001895, 0.002031, 0.001913, 0.002123, 0.002028, 0.001995, 0.001853, 0.001796, 0.002059, 0.001894, 0.001884, 0.001735, 0.001988, 0.001988, 0.001887, 0.002015, 0.001830, 0.001951, 0.001829, 0.001944, 0.001282, 0.001154, 0.001479, 0.001468, 0.001430, 0.001276, 0.001370, 0.001188, 0.001157, 0.001255, 0.001221, 0.001191, 0.001257, 0.001318, 0.001224, 0.001316, 0.001191, 0.001312, 0.001275, 0.001295, 0.001297, 0.001386
6 , 1, 1, 1, 1, 1, 1, 1
6 , 0.021916, 0.025197, 0.027510, 0.029305, 0.025440, 0.024915, 0.023685
7 , 0.002052, 0.001895, 0.002031, 0.001913, 0.002123, 0.002028, 0.001995, 0.001853, 0.001796, 0.002059, 0.001894, 0.001884, 0.001735, 0.001988, 0.001988, 0.001887, 0.002015, 0.001830, 0.001951, 0.001829, 0.001944, 0.001282, 0.001154, 0.001479, 0.001468, 0.001430, 0.001276, 0.001370, 0.001188, 0.001157, 0.001255, 0.001221, 0.001191, 0.001257, 0.001318, 0.001224, 0.001316, 0.001191, 0.001312, 0.001275, 0.001295, 0.001297, 0.001386, 0.001352, 0.001401, 0.001293, 0.001513, 0.000052, 0.001514, 0.001745, 0.001893, 0.001708, 0.001829, 0.002005, 0.002058, 0.002109, 0.001902, 0.002173, 0.002175, 0.002219, 0.001933, 0.002088, 0.002219, 0.002002, 0.002175, 0.002104, 0.002134, 0.002226, 0.002212, 0.001995, 0.001943, 0.002243, 0.000134, 0.001690, 0.001430, 0.001525, 0.001339, 0.001461, 0.001183, 0.001373, 0.001153, 0.001305, 0.001150, 0.001463, 0.001310, 0.001374, 0.001207, 0.001427, 0.001175, 0.001424, 0.001323, 0.001395
7 , 1, 1, 1, 1, 1, 1, 1
7 , 0.022489, 0.025445, 0.027520, 0.027680, 0.031076, 0.028001, 0.027479
8 , 0.001893, 0.001708, 0.001829, 0.002005, 0.002058, 0.002109, 0.001902, 0.002173, 0.002175, 0.002219, 0.001933, 0.002088, 0.002219, 0.002002, 0.002175, 0.002104, 0.002134, 0.002226, 0.002212, 0.001995, 0.001943, 0.002243, 0.000134, 0.001690, 0.001430, 0.001525, 0.001339, 0.001461, 0.001183, 0.001373, 0.001153, 0.001305, 0.001150, 0.001463, 0.001310, 0.001374, 0.001207, 0.001427, 0.001175, 0.001424, 0.001323, 0.001395, 0.001239, 0.001379, 0.001317, 0.001052, 0.001220, 0.001725, 0.001584, 0.001833, 0.001702, 0.001867, 0.001806, 0.001903, 0.001856, 0.001832, 0.001945, 0.001738, 0.001897, 0.001872, 0.001832, 0.001768, 0.001701, 0.001872, 0.001771, 0.002048, 0.001789, 0.002007, 0.001759, 0.002066, 0.000481, 0.001475, 0.001523, 0.001551, 0.001464, 0.001510, 0.001451, 0.001445, 0.001565, 0.001410, 0.001439, 0.001436, 0.001501, 0.001502, 0.001446, 0.001328, 0.001430, 0.001374, 0.001385, 0.001385, 0.001328, 0.001328
8 , 1, 1, 1, 1, 1, 1, 1
8 , 0.019231, 0.022667, 0.025737, 0.025672, 0.022302, 0.022612, 0.021833
9 , 0.001584, 0.001833, 0.001702, 0.001867, 0.001806, 0.001903, 0.001856, 0.001832, 0.001945, 0.001738, 0.001897, 0.001872, 0.001832, 0.001768, 0.001701, 0.001872, 0.001771, 0.002048, 0.001789, 0.002007, 0.001759, 0.002066, 0.000481, 0.001475, 0.001523, 0.001551, 0.001464, 0.001510, 0.001451, 0.001445, 0.001565, 0.001410, 0.001439, 0.001436, 0.001501, 0.001502, 0.001446, 0.001328, 0.001430, 0.001374, 0.001385, 0.001385, 0.001328, 0.001328, 0.001247, 0.001242, 0.001244, 0.001360, 0.000552, 0.001704, 0.001850, 0.001906, 0.001870, 0.001822, 0.002045, 0.001994, 0.002106, 0.001934, 0.002099, 0.002022, 0.002018, 0.001921, 0.001803, 0.002046, 0.002012, 0.002015, 0.001745, 0.001843, 0.001957, 0.001883, 0.001995, 0.001772, 0.001656, 0.000895, 0.001682, 0.001480, 0.001553, 0.001447, 0.001478, 0.001295, 0.001542, 0.001329, 0.001401, 0.001335, 0.001481, 0.001325, 0.001517, 0.001272, 0.001372, 0.001310, 0.001443, 0.001203
9 , 1, 1, 1, 1, 1, 1, 1
9 , 0.012756, 0.015828, 0.017966, 0.020671, 0.019601, 0.021609, 0.019870
10 , 0.001906, 0.001870, 0.001822, 0.002045, 0.001994, 0.002106, 0.001934, 0.002099, 0.002022, 0.002018, 0.001921, 0.001803, 0.002046, 0.002012, 0.002015, 0.001745, 0.001843, 0.001957, 0.001883, 0.001995, 0.001772, 0.001656, 0.000895, 0.001682, 0.001480, 0.001553, 0.001447, 0.001478, 0.001295, 0.001542, 0.001329, 0.001401, 0.001335, 0.001481, 0.001325, 0.001517, 0.001272, 0.001372, 0.001310, 0.001443, 0.001203, 0.001273, 0.001318, 0.001465, 0.001431, 0.000312, 0.001606, 0.001805, 0.001742, 0.001927, 0.001893, 0.001931, 0.001917, 0.002055, 0.002042, 0.002012, 0.002029, 0.001860, 0.002015, 0.002022, 0.002099, 0.001968, 0.001904, 0.002066, 0.001870, 0.001961, 0.001907, 0.001998, 0.002045, 0.002022, 0.002034, 0.002042, 0.000052, 0.001615, 0.001585, 0.001532, 0.001495, 0.001312, 0.001314, 0.001317, 0.001285, 0.001253, 0.001184, 0.001245, 0.001301, 0.001394, 0.001366, 0.001362, 0.001393, 0.001308, 0.001286, 0.001317
10 , 1, 1, 1, 1, 1, 1, 1
10 , 0.019531, 0.022890, 0.026864, 0.027866, 0.026938, 0.023913, 0.023194
11 , 0.001927, 0.001893, 0.001931, 0.001917, 0.002055, 0.002042, 0.002012, 0.002029, 0.001860, 0.002015, 0.002022, 0.002099, 0.001968, 0.001904, 0.002066, 0.001870, 0.001961, 0.001907, 0.001998, 0.002045, 0.002022, 0.002034, 0.002042, 0.000052, 0.001615, 0.001585, 0.001532, 0.001495, 0.001312, 0.001314, 0.001317, 0.001285, 0.001253, 0.001184, 0.001245, 0.001301, 0.001394, 0.001366, 0.001362, 0.001393, 0.001308, 0.001286, 0.001317, 0.001284, 0.001138, 0.001234, 0.001327, 0.001177, 0.001271, 0.001220, 0.001222, 0.001254, 0.001197, 0.001194, 0.001222, 0.001255, 0.001306, 0.001176, 0.001232, 0.001196, 0.001284, 0.001400, 0.001366, 0.001394, 0.001361, 0.001291, 0.001382, 0.001379, 0.001464, 0.001398, 0.001548, 0.001328, 0.001574, 0.001448, 0.001509, 0.001449, 0.001540, 0.001473, 0.001566, 0.001354, 0.001509, 0.001384, 0.001479, 0.001363, 0.001424, 0.001395, 0.001551, 0.001307, 0.001377, 0.001372, 0.001317, 0.001235
11 , 2, 2, 2, 2, 2, 2, 2
11 , 0.016225, 0.017155, 0.017914, 0.018379, 0.019187, 0.015402, 0.015178
12 , 0.001222, 0.001254, 0.001197, 0.001194, 0.001222, 0.001255, 0.001306, 0.001176, 0.001232, 0.001196, 0.001284, 0.001400, 0.001366, 0.001394, 0.001361, 0.001291, 0.001382, 0.001379, 0.001464, 0.001398, 0.001548, 0.001328, 0.001574, 0.001448, 0.001509, 0.001449, 0.001540, 0.001473, 0.001566, 0.001354, 0.001509, 0.001384, 0.001479, 0.001363, 0.001424, 0.001395, 0.001551, 0.001307, 0.001377, 0.001372, 0.001317, 0.001235, 0.001308, 0.001154, 0.001373, 0.001224, 0.001238, 0.001170, 0.001392, 0.001116, 0.001307, 0.001127, 0.001158, 0.001001, 0.001245, 0.001056, 0.001209, 0.001264, 0.001352, 0.001248, 0.001394, 0.001173, 0.001389, 0.001172, 0.001327, 0.001286, 0.001446, 0.001289, 0.001358, 0.001256, 0.001499, 0.001339, 0.001548, 0.001295, 0.001508, 0.001287, 0.001478, 0.001352, 0.001542, 0.001388, 0.001642, 0.001362, 0.001518, 0.001303, 0.001404, 0.001249, 0.001460, 0.001404, 0.001541, 0.001181, 0.001428, 0.001277
12 , 0, 0, 0, 0, 0, 0, 0
12 , 0.006894, 0.006484, 0.006023, 0.005343, 0.004372, 0.003556, 0.002732
13 , 0.001238, 0.001170, 0.001392, 0.001116, 0.001307, 0.001127, 0.001158, 0.001001, 0.001245, 0.001056, 0.001209, 0.001264, 0.001352, 0.001248, 0.001394, 0.001173, 0.001389, 0.001172, 0.001327, 0.001286, 0.001446, 0.001289, 0.001358, 0.001256, 0.001499, 0.001339, 0.001548, 0.001295, 0.001508, 0.001287, 0.001478, 0.001352, 0.001542, 0.001388, 0.001642, 0.001362, 0.001518, 0.001303, 0.001404, 0.001249, 0.001460, 0.001404, 0.001541, 0.001181, 0.001428, 0.001277, 0.001295, 0.001139, 0.001354, 0.001112, 0.001148, 0.001087, 0.001300, 0.001149, 0.001370, 0.001186, 0.001164, 0.001215, 0.001244, 0.001088, 0.001212, 0.001173, 0.001299, 0.001260, 0.001356, 0.001342, 0.001496, 0.001341, 0.001345, 0.001339, 0.001369, 0.001308, 0.001395, 0.001278, 0.001252, 0.001220, 0.001280, 0.001239, 0.001338, 0.001366, 0.001337, 0.001338, 0.001371, 0.001309, 0.001371, 0.001316, 0.001346, 0.001280, 0.001225, 0.001259, 0.001288, 0.001345
13 , 0, 0, 0, 0, 0, 0, 0
13 , 0.005436, 0.005443, 0.005086, 0.004930, 0.004467, 0.004338, 0.003600
14 , 0.001139, 0.001354, 0.001112, 0.001148, 0.001087, 0.001300, 0.001149, 0.001370, 0.001186, 0.001164, 0.001215, 0.001244, 0.001088, 0.001212, 0.001173, 0.001299, 0.001260, 0.001356, 0.001342, 0.001496, 0.001341, 0.001345, 0.001339, 0.001369, 0.001308, 0.001395, 0.001278, 0.001252, 0.001220, 0.001280, 0.001239, 0.001338, 0.001366, 0.001337, 0.001338, 0.001371, 0.001309, 0.001371, 0.001316, 0.001346, 0.001280, 0.001225, 0.001259, 0.001288, 0.001345, 0.001353, 0.001295, 0.001202, 0.001388, 0.001325, 0.001302, 0.001184, 0.001368, 0.001186, 0.001316, 0.001251, 0.001158, 0.001132, 0.001298, 0.001094, 0.001189, 0.001124, 0.001256, 0.001105, 0.001107, 0.000975, 0.001185, 0.001178, 0.001274, 0.001078, 0.001257, 0.001158, 0.001341, 0.001183, 0.001393, 0.001236, 0.001364, 0.001227, 0.001440, 0.001273, 0.001426, 0.001355, 0.001541, 0.001352, 0.001510, 0.001290, 0.001350, 0.001383, 0.001483, 0.001236, 0.001456, 0.001243
14 , 0, 0, 0, 0, 0, 0, 0
14 , 0.004409, 0.004224, 0.004825, 0.004749, 0.004662, 0.004672, 0.004976
15 , 0.001368, 0.001186, 0.001316, 0.001251, 0.001158, 0.001132, 0.001298, 0.001094, 0.001189, 0.001124, 0.001256, 0.001105, 0.001107, 0.000975, 0.001185, 0.001178, 0.001274, 0.001078, 0.001257, 0.001158, 0.001341, 0.001183, 0.001393, 0.001236, 0.001364, 0.001227, 0.001440, 0.001273, 0.001426, 0.001355, 0.001541, 0.001352, 0.001510, 0.001290, 0.001350, 0.001383, 0.001483, 0.001236, 0.001456, 0.001243, 0.001365, 0.001300, 0.001522, 0.001386, 0.001501, 0.001311, 0.001554, 0.001493, 0.001530, 0.001349, 0.001607, 0.001273, 0.001381, 0.001206, 0.001342, 0.001197, 0.001391, 0.001089, 0.001224, 0.001065, 0.001208, 0.001258, 0.001252, 0.001310, 0.001507, 0.001306, 0.001480, 0.001425, 0.001449, 0.001474, 0.001531, 0.001557, 0.001530, 0.001467, 0.001503, 0.001449, 0.001485, 0.001547, 0.001460, 0.001373, 0.001437, 0.001467, 0.001501, 0.001435, 0.001460, 0.001546, 0.001503, 0.001530, 0.001584, 0.001616, 0.001492, 0.001585
15 , 0, 0, 0, 0, 0, 0, 0
15 , 0.006501, 0.007231, 0.007016, 0.007466, 0.007480, 0.007757, 0.007553
16 , 0.001273, 0.001381, 0.001206, 0.001342, 0.001197, 0.001391, 0.001089, 0.001224, 0.001065, 0.001208, 0.001258, 0.001252, 0.001310, 0.001507, 0.001306, 0.001480, 0.001425, 0.001449, 0.001474, 0.001531, 0.001557, 0.001530, 0.001467, 0.001503, 0.001449, 0.001485, 0.001547, 0.001460, 0.001373, 0.001437, 0.001467, 0.001501, 0.001435, 0.001460, 0.001546, 0.001503, 0.001530, 0.001584, 0.001616, 0.001492, 0.001585, 0.001560, 0.001565, 0.001445, 0.001475, 0.001384, 0.001632, 0.001388, 0.001448, 0.001384, 0.001481, 0.001479, 0.001636, 0.001421, 0.001518, 0.001398, 0.001525, 0.001304, 0.001468, 0.001281, 0.001583, 0.001485, 0.001641, 0.001328, 0.001575, 0.001358, 0.001634, 0.001481, 0.001483, 0.001296, 0.001419, 0.001353, 0.001541, 0.001383, 0.001536, 0.001358, 0.001508, 0.001378, 0.001600, 0.001359, 0.001486, 0.001423, 0.001491, 0.001344, 0.001504, 0.001380, 0.001365, 0.001251, 0.001411, 0.001288, 0.001448, 0.001289
16 , 3, 3, 3, 3, 3, 3, 3
16 , 0.005160, 0.005306, 0.004683, 0.004778, 0.004464, 0.004648, 0.004292
