0 , 0.001645, 0.001416, 0.001487, 0.001729, 0.001568, 0.001702, 0.001399, 0.001620, 0.001684, 0.001775, 0.001684, 0.001674, 0.001859, 0.001641, 0.001738, 0.001577, 0.001647, 0.001764, 0.001644, 0.001741, 0.001631, 0.001810, 0.001827, 0.001648, 0.001810, 0.000932, 0.001360, 0.001894, 0.001699, 0.001743, 0.001560, 0.001593, 0.001378, 0.001536, 0.001389, 0.001545, 0.001474, 0.001578, 0.001364, 0.001609, 0.001364, 0.001520, 0.001357, 0.001548, 0.001393, 0.001491, 0.001303, 0.001529, 0.001452, 0.001475, 0.001387, 0.000170, 0.001660, 0.001690, 0.001652, 0.001729, 0.001744, 0.001671, 0.001745, 0.001711, 0.001921, 0.001820, 0.001837, 0.001645, 0.001757, 0.001939, 0.001699, 0.001874, 0.001682, 0.001810, 0.001831, 0.001814, 0.001807, 0.001610, 0.001750, 0.001632, 0.001189, 0.002033, 0.001793, 0.001743, 0.001620, 0.001494, 0.001649, 0.001561, 0.001502, 0.001537, 0.001509, 0.001533, 0.001566, 0.001509, 0.001664, 0.001548
0 , 2, 2, 2, 1, 1, 1, 1
0 , 0.001771, 0.001874, 0.001922, 0.003890, 0.004885, 0.006032, 0.006984
1 , 0.001660, 0.001690, 0.001652, 0.001729, 0.001744, 0.001671, 0.001745, 0.001711, 0.001921, 0.001820, 0.001837, 0.001645, 0.001757, 0.001939, 0.001699, 0.001874, 0.001682, 0.001810, 0.001831, 0.001814, 0.001807, 0.001610, 0.001750, 0.001632, 0.001189, 0.002033, 0.001793, 0.001743, 0.001620, 0.001494, 0.001649, 0.001561, 0.001502, 0.001537, 0.001509, 0.001533, 0.001566, 0.001509, 0.001664, 0.001548, 0.001584, 0.001443, 0.001451, 0.001335, 0.001461, 0.001426, 0.001601, 0.000616, 0.001539, 0.001701, 0.001924, 0.001783, 0.002052, 0.001852, 0.001915, 0.001838, 0.001694, 0.001893, 0.001711, 0.002080, 0.001837, 0.001750, 0.001740, 0.001739, 0.001764, 0.001661, 0.001582, 0.001308, 0.001450, 0.001438, 0.001359, 0.001552, 0.000355, 0.001913, 0.002130, 0.001914, 0.001972, 0.001969, 0.001969, 0.001845, 0.002061, 0.001845, 0.002123, 0.001846, 0.002000, 0.001908, 0.002031, 0.001816, 0.002094, 0.001880, 0.001947, 0.001642
1 , 2, 2, 2, 2, 2, 2, 2
1 , 0.003810, 0.004942, 0.006239, 0.008213, 0.008659, 0.011206, 0.009981
2 , 0.001783, 0.002052, 0.001852, 0.001915, 0.001838, 0.001694, 0.001893, 0.001711, 0.002080, 0.001837, 0.001750, 0.001740, 0.001739, 0.001764, 0.001661, 0.001582, 0.001308, 0.001450, 0.001438, 0.001359, 0.001552, 0.000355, 0.001913, 0.002130, 0.001914, 0.001972, 0.001969, 0.001969, 0.001845, 0.002061, 0.001845, 0.002123, 0.001846, 0.002000, 0.001908, 0.002031, 0.001816, 0.002094, 0.001880, 0.001947, 0.001642, 0.001710, 0.001682, 0.001876, 0.001704, 0.001812, 0.001305, 0.000838, 0.001726, 0.001931, 0.001857, 0.001887, 0.002228, 0.001959, 0.002126, 0.001996, 0.002121, 0.002045, 0.002173, 0.002187, 0.002040, 0.002284, 0.002136, 0.002265, 0.001929, 0.002077, 0.002258, 0.001921, 0.001996, 0.001829, 0.002100, 0.001197, 0.001404, 0.001749, 0.001727, 0.001459, 0.001600, 0.001561, 0.001651, 0.001403, 0.001526, 0.001368, 0.001526, 0.001520, 0.001610, 0.001583, 0.001643, 0.001520, 0.001587, 0.001521, 0.001493, 0.001555
2 , 3, 3, 3, 3, 3, 3, 3
2 , 0.009818, 0.011109, 0.011871, 0.015731, 0.014384, 0.013458, 0.013393
3 , 0.001931, 0.001857, 0.001887, 0.002228, 0.001959, 0.002126, 0.001996, 0.002121, 0.002045, 0.002173, 0.002187, 0.002040, 0.002284, 0.002136, 0.002265, 0.001929, 0.002077, 0.002258, 0.001921, 0.001996, 0.001829, 0.002100, 0.001197, 0.001404, 0.001749, 0.001727, 0.001459, 0.001600, 0.001561, 0.001651, 0.001403, 0.001526, 0.001368, 0.001526, 0.001520, 0.001610, 0.001583, 0.001643, 0.001520, 0.001587, 0.001521, 0.001493, 0.001555, 0.001698, 0.001524, 0.001588, 0.000109, 0.001528, 0.001390, 0.001573, 0.001481, 0.001599, 0.001526, 0.001708, 0.001765, 0.001550, 0.001671, 0.001608, 0.001891, 0.001743, 0.001794, 0.001753, 0.001736, 0.001975, 0.001954, 0.001856, 0.001819, 0.001908, 0.001877, 0.001906, 0.001805, 0.000613, 0.001478, 0.001711, 0.001508, 0.001499, 0.001285, 0.001377, 0.001314, 0.001412, 0.001226, 0.001418, 0.001382, 0.001359, 0.001167, 0.001350, 0.001282, 0.001444, 0.001220, 0.001400, 0.001298, 0.001504
3 , 1, 1, 1, 1, 1, 1, 1
3 , 0.012881, 0.014874, 0.017033, 0.021395, 0.018623, 0.018147, 0.018582
4 , 0.001573, 0.001481, 0.001599, 0.001526, 0.001708, 0.001765, 0.001550, 0.001671, 0.001608, 0.001891, 0.001743, 0.001794, 0.001753, 0.001736, 0.001975, 0.001954, 0.001856, 0.001819, 0.001908, 0.001877, 0.001906, 0.001805, 0.000613, 0.001478, 0.001711, 0.001508, 0.001499, 0.001285, 0.001377, 0.001314, 0.001412, 0.001226, 0.001418, 0.001382, 0.001359, 0.001167, 0.001350, 0.001282, 0.001444, 0.001220, 0.001400, 0.001298, 0.001504, 0.001408, 0.001602, 0.001450, 0.001612, 0.000540, 0.001153, 0.001467, 0.001655, 0.001621, 0.001460, 0.001695, 0.001550, 0.001671, 0.001524, 0.001803, 0.001760, 0.001743, 0.001716, 0.001541, 0.001817, 0.001649, 0.001831, 0.001790, 0.001850, 0.001959, 0.001724, 0.001934, 0.001640, 0.002089, 0.000415, 0.001592, 0.001537, 0.001630, 0.001353, 0.001289, 0.001205, 0.001389, 0.001322, 0.001382, 0.001314, 0.001411, 0.001319, 0.001444, 0.001347, 0.001470, 0.001380, 0.001270, 0.001293, 0.001414
4 , 1, 1, 1, 1, 1, 1, 1
4 , 0.008962, 0.011581, 0.013541, 0.014403, 0.015778, 0.014246, 0.014860
5 , 0.001655, 0.001621, 0.001460, 0.001695, 0.001550, 0.001671, 0.001524, 0.001803, 0.001760, 0.001743, 0.001716, 0.001541, 0.001817, 0.001649, 0.001831, 0.001790, 0.001850, 0.001959, 0.001724, 0.001934, 0.001640, 0.002089, 0.000415, 0.001592, 0.001537, 0.001630, 0.001353, 0.001289, 0.001205, 0.001389, 0.001322, 0.001382, 0.001314, 0.001411, 0.001319, 0.001444, 0.001347, 0.001470, 0.001380, 0.001270, 0.001293, 0.001414, 0.001378, 0.001531, 0.001459, 0.001363, 0.000657, 0.001871, 0.001608, 0.001849, 0.001749, 0.001779, 0.001813, 0.001745, 0.001932, 0.001816, 0.001934, 0.001806, 0.001894, 0.002029, 0.001939, 0.001952, 0.001710, 0.001952, 0.001814, 0.001817, 0.001723, 0.001834, 0.001807, 0.001851, 0.000939, 0.001640, 0.001676, 0.001786, 0.001636, 0.001792, 0.001584, 0.001553, 0.001587, 0.001531, 0.001469, 0.001654, 0.001350, 0.001507, 0.001354, 0.001455, 0.001386, 0.001480, 0.001262, 0.001598, 0.001503, 0.001568
5 , 1, 1, 1, 1, 1, 1, 1
5 , 0.009917, 0.012344, 0.013944, 0.015653, 0.012956, 0.013067, 0.013170
6 , 0.001849, 0.001749, 0.001779, 0.001813, 0.001745, 0.001932, 0.001816, 0.001934, 0.001806, 0.001894, 0.002029, 0.001939, 0.001952, 0.001710, 0.001952, 0.001814, 0.001817, 0.001723, 0.001834, 0.001807, 0.001851, 0.000939, 0.001640, 0.001676, 0.001786, 0.001636, 0.001792, 0.001584, 0.001553, 0.001587, 0.001531, 0.001469, 0.001654, 0.001350, 0.001507, 0.001354, 0.001455, 0.001386, 0.001480, 0.001262, 0.001598, 0.001503, 0.001568, 0.001409, 0.001588, 0.001385, 0.001691, 0.000113, 0.001400, 0.001524, 0.001541, 0.001564, 0.001440, 0.001685, 0.001573, 0.001671, 0.001546, 0.001471, 0.001770, 0.001575, 0.001694, 0.001490, 0.001594, 0.001676, 0.001421, 0.001536, 0.001393, 0.001728, 0.001609, 0.001607, 0.001594, 0.001634, 0.000559, 0.001894, 0.001699, 0.001778, 0.001620, 0.001781, 0.001636, 0.001700, 0.001492, 0.001594, 0.001532, 0.001509, 0.001353, 0.001635, 0.001386, 0.001536, 0.001433, 0.001613, 0.001517, 0.001704
6 , 2, 2, 2, 2, 1, 2, 2
6 , 0.006901, 0.008256, 0.008390, 0.007177, 0.007759, 0.008914, 0.008596
7 , 0.001564, 0.001440, 0.001685, 0.001573, 0.001671, 0.001546, 0.001471, 0.001770, 0.001575, 0.001694, 0.001490, 0.001594, 0.001676, 0.001421, 0.001536, 0.001393, 0.001728, 0.001609, 0.001607, 0.001594, 0.001634, 0.000559, 0.001894, 0.001699, 0.001778, 0.001620, 0.001781, 0.001636, 0.001700, 0.001492, 0.001594, 0.001532, 0.001509, 0.001353, 0.001635, 0.001386, 0.001536, 0.001433, 0.001613, 0.001517, 0.001704, 0.001570, 0.001522, 0.001678, 0.000883, 0.001147, 0.001639, 0.001511, 0.001625, 0.001760, 0.001619, 0.001726, 0.001534, 0.001932, 0.001598, 0.001645, 0.001608, 0.001649, 0.001861, 0.001757, 0.001854, 0.001588, 0.001838, 0.001753, 0.001699, 0.001827, 0.001931, 0.002018, 0.001769, 0.001892, 0.002027, 0.000437, 0.001430, 0.001687, 0.001610, 0.001608, 0.001499, 0.001492, 0.001480, 0.001685, 0.001523, 0.001738, 0.001551, 0.001528, 0.001407, 0.001625, 0.001476, 0.001722, 0.001505, 0.001636, 0.001454, 0.001524
7 , 1, 1, 1, 3, 1, 1, 1
7 , 0.002853, 0.004776, 0.006557, 0.005930, 0.003993, 0.004029, 0.004463
8 , 0.001625, 0.001760, 0.001619, 0.001726, 0.001534, 0.001932, 0.001598, 0.001645, 0.001608, 0.001649, 0.001861, 0.001757, 0.001854, 0.001588, 0.001838, 0.001753, 0.001699, 0.001827, 0.001931, 0.002018, 0.001769, 0.001892, 0.002027, 0.000437, 0.001430, 0.001687, 0.001610, 0.001608, 0.001499, 0.001492, 0.001480, 0.001685, 0.001523, 0.001738, 0.001551, 0.001528, 0.001407, 0.001625, 0.001476, 0.001722, 0.001505, 0.001636, 0.001454, 0.001524, 0.001470, 0.001531, 0.001289, 0.001353, 0.001207, 0.001375, 0.001341, 0.001420, 0.001327, 0.001421, 0.001266, 0.001394, 0.001234, 0.001353, 0.001351, 0.001434, 0.001332, 0.001422, 0.001358, 0.001574, 0.001358, 0.001539, 0.001592, 0.001674, 0.001487, 0.001576, 0.001505, 0.001571, 0.001603, 0.001752, 0.001500, 0.001533, 0.001527, 0.001622, 0.001528, 0.001710, 0.001621, 0.001627, 0.001598, 0.001517, 0.001433, 0.001587, 0.001565, 0.001472, 0.001502, 0.001505, 0.001414, 0.001478
8 , 2, 2, 2, 2, 2, 2, 2
8 , 0.006280, 0.007702, 0.007863, 0.008602, 0.009279, 0.006646, 0.005838
9 , 0.001341, 0.001420, 0.001327, 0.001421, 0.001266, 0.001394, 0.001234, 0.001353, 0.001351, 0.001434, 0.001332, 0.001422, 0.001358, 0.001574, 0.001358, 0.001539, 0.001592, 0.001674, 0.001487, 0.001576, 0.001505, 0.001571, 0.001603, 0.001752, 0.001500, 0.001533, 0.001527, 0.001622, 0.001528, 0.001710, 0.001621, 0.001627, 0.001598, 0.001517, 0.001433, 0.001587, 0.001565, 0.001472, 0.001502, 0.001505, 0.001414, 0.001478, 0.001390, 0.001459, 0.001454, 0.001482, 0.001479, 0.001442, 0.001446, 0.001448, 0.001484, 0.001329, 0.001512, 0.001476, 0.001511, 0.001447, 0.001536, 0.001380, 0.001444, 0.001411, 0.001505, 0.001537, 0.001596, 0.001494, 0.001645, 0.001523, 0.001528, 0.001457, 0.001548, 0.001485, 0.001431, 0.001301, 0.001427, 0.001492, 0.001587, 0.001457, 0.001577, 0.001389, 0.001569, 0.001507, 0.001661, 0.001538, 0.001604, 0.001507, 0.001660, 0.001475, 0.001600, 0.001505, 0.001626, 0.001442, 0.001625, 0.001468
9 , 0, 0, 0, 0, 0, 0, 0
9 , 0.004162, 0.003618, 0.003432, 0.003229, 0.003238, 0.002720, 0.002592
10 , 0.001479, 0.001442, 0.001446, 0.001448, 0.001484, 0.001329, 0.001512, 0.001476, 0.001511, 0.001447, 0.001536, 0.001380, 0.001444, 0.001411, 0.001505, 0.001537, 0.001596, 0.001494, 0.001645, 0.001523, 0.001528, 0.001457, 0.001548, 0.001485, 0.001431, 0.001301, 0.001427, 0.001492, 0.001587, 0.001457, 0.001577, 0.001389, 0.001569, 0.001507, 0.001661, 0.001538, 0.001604, 0.001507, 0.001660, 0.001475, 0.001600, 0.001505, 0.001626, 0.001442, 0.001625, 0.001468, 0.001591, 0.001528, 0.001631, 0.001417, 0.001721, 0.001531, 0.001752, 0.001498, 0.001684, 0.001561, 0.001770, 0.001585, 0.001742, 0.001522, 0.001674, 0.001645, 0.001652, 0.001498, 0.001683, 0.001501, 0.001631, 0.001444, 0.001658, 0.001446, 0.001615, 0.001404, 0.001624, 0.001354, 0.001543, 0.001292, 0.001512, 0.001330, 0.001462, 0.001366, 0.001452, 0.001353, 0.001569, 0.001404, 0.001494, 0.001417, 0.001633, 0.001508, 0.001545, 0.001450, 0.001611, 0.001490
10 , 3, 3, 3, 3, 3, 3, 3
10 , 0.003632, 0.003910, 0.003588, 0.003894, 0.003466, 0.003678, 0.003424
11 , 0.001528, 0.001631, 0.001417, 0.001721, 0.001531, 0.001752, 0.001498, 0.001684, 0.001561, 0.001770, 0.001585, 0.001742, 0.001522, 0.001674, 0.001645, 0.001652, 0.001498, 0.001683, 0.001501, 0.001631, 0.001444, 0.001658, 0.001446, 0.001615, 0.001404, 0.001624, 0.001354, 0.001543, 0.001292, 0.001512, 0.001330, 0.001462, 0.001366, 0.001452, 0.001353, 0.001569, 0.001404, 0.001494, 0.001417, 0.001633, 0.001508, 0.001545, 0.001450, 0.001611, 0.001490, 0.001618, 0.001507, 0.001547, 0.001487, 0.001437, 0.001436, 0.001507, 0.001328, 0.001488, 0.001305, 0.001342, 0.001410, 0.001264, 0.001203, 0.001237, 0.001300, 0.001301, 0.001354, 0.001438, 0.001430, 0.001386, 0.001449, 0.001408, 0.001427, 0.001394, 0.001540, 0.001439, 0.001672, 0.001541, 0.001625, 0.001560, 0.001615, 0.001582, 0.001734, 0.001609, 0.001701, 0.001639, 0.001729, 0.001660, 0.001816, 0.001722, 0.001755, 0.001667, 0.001702, 0.001546, 0.001738, 0.001643
11 , 2, 2, 2, 2, 2, 2, 2
11 , 0.007809, 0.008137, 0.008508, 0.008795, 0.009054, 0.008899, 0.008867
12 , 0.001436, 0.001507, 0.001328, 0.001488, 0.001305, 0.001342, 0.001410, 0.001264, 0.001203, 0.001237, 0.001300, 0.001301, 0.001354, 0.001438, 0.001430, 0.001386, 0.001449, 0.001408, 0.001427, 0.001394, 0.001540, 0.001439, 0.001672, 0.001541, 0.001625, 0.001560, 0.001615, 0.001582, 0.001734, 0.001609, 0.001701, 0.001639, 0.001729, 0.001660, 0.001816, 0.001722, 0.001755, 0.001667, 0.001702, 0.001546, 0.001738, 0.001643, 0.001774, 0.001590, 0.001659, 0.001541, 0.001734, 0.001583, 0.001645, 0.001492, 0.001618, 0.001498, 0.001659, 0.001381, 0.001476, 0.001408, 0.001600, 0.001437, 0.001593, 0.001376, 0.001650, 0.001398, 0.001645, 0.001432, 0.001677, 0.001495, 0.001622, 0.001470, 0.001531, 0.001342, 0.001589, 0.001403, 0.001617, 0.001465, 0.001648, 0.001587, 0.001589, 0.001487, 0.001615, 0.001550, 0.001650, 0.001502, 0.001561, 0.001462, 0.001701, 0.001484, 0.001701, 0.001517, 0.001636, 0.001599, 0.001632, 0.001570
12 , 0, 0, 0, 0, 0, 0, 0
12 , 0.006055, 0.006669, 0.007107, 0.007525, 0.007609, 0.007687, 0.007388
13 , 0.001498, 0.001659, 0.001381, 0.001476, 0.001408, 0.001600, 0.001437, 0.001593, 0.001376, 0.001650, 0.001398, 0.001645, 0.001432, 0.001677, 0.001495, 0.001622, 0.001470, 0.001531, 0.001342, 0.001589, 0.001403, 0.001617, 0.001465, 0.001648, 0.001587, 0.001589, 0.001487, 0.001615, 0.001550, 0.001650, 0.001502, 0.001561, 0.001462, 0.001701, 0.001484, 0.001701, 0.001517, 0.001636, 0.001599, 0.001632, 0.001570, 0.001631, 0.001597, 0.001570, 0.001629, 0.001655, 0.001596, 0.001604, 0.001541, 0.001543, 0.001606, 0.001701, 0.001671, 0.001546, 0.001639, 0.001551, 0.001584, 0.001582, 0.001583, 0.001612, 0.001700, 0.001607, 0.001636, 0.001511, 0.001575, 0.001539, 0.001487, 0.001398, 0.001587, 0.001502, 0.001572, 0.001365, 0.001470, 0.001290, 0.001519, 0.001401, 0.001476, 0.001330, 0.001418, 0.001220, 0.001208, 0.001073, 0.001149, 0.000995, 0.001263, 0.000982, 0.001212, 0.001041, 0.001305, 0.001166, 0.001206, 0.001266
13 , 3, 3, 3, 3, 3, 3, 3
13 , 0.007680, 0.008154, 0.008637, 0.008899, 0.008798, 0.008691, 0.007922
14 , 0.001543, 0.001606, 0.001701, 0.001671, 0.001546, 0.001639, 0.001551, 0.001584, 0.001582, 0.001583, 0.001612, 0.001700, 0.001607, 0.001636, 0.001511, 0.001575, 0.001539, 0.001487, 0.001398, 0.001587, 0.001502, 0.001572, 0.001365, 0.001470, 0.001290, 0.001519, 0.001401, 0.001476, 0.001330, 0.001418, 0.001220, 0.001208, 0.001073, 0.001149, 0.000995, 0.001263, 0.000982, 0.001212, 0.001041, 0.001305, 0.001166, 0.001206, 0.001266, 0.001399, 0.001412, 0.001557, 0.001386, 0.001560, 0.001478, 0.001682, 0.001437, 0.001679, 0.001543, 0.001751, 0.001528, 0.001645, 0.001635, 0.001724, 0.001744, 0.001892, 0.001762, 0.001852, 0.001696, 0.001850, 0.001907, 0.001937, 0.001903, 0.002027, 0.001786, 0.001883, 0.001858, 0.001772, 0.001680, 0.001803, 0.001718, 0.001693, 0.001669, 0.001650, 0.001501, 0.001722, 0.001544, 0.001559, 0.001598, 0.001543, 0.001490, 0.001395, 0.001523, 0.001499, 0.001595, 0.001499, 0.001558, 0.001466
14 , 1, 1, 1, 1, 1, 1, 1
14 , 0.008500, 0.009325, 0.009820, 0.010901, 0.011040, 0.011375, 0.010884
15 , 0.001679, 0.001543, 0.001751, 0.001528, 0.001645, 0.001635, 0.001724, 0.001744, 0.001892, 0.001762, 0.001852, 0.001696, 0.001850, 0.001907, 0.001937, 0.001903, 0.002027, 0.001786, 0.001883, 0.001858, 0.001772, 0.001680, 0.001803, 0.001718, 0.001693, 0.001669, 0.001650, 0.001501, 0.001722, 0.001544, 0.001559, 0.001598, 0.001543, 0.001490, 0.001395, 0.001523, 0.001499, 0.001595, 0.001499, 0.001558, 0.001466, 0.001472, 0.001404, 0.001613, 0.001452, 0.001507, 0.001536, 0.001740, 0.001487, 0.001584, 0.001549, 0.001761, 0.001483, 0.001663, 0.001625, 0.001753, 0.001629, 0.001664, 0.001536, 0.001693, 0.001539, 0.001549, 0.001520, 0.001683, 0.001594, 0.001691, 0.001474, 0.001606, 0.001423, 0.001491, 0.001311, 0.001594, 0.001360, 0.001478, 0.001480, 0.001638, 0.001565, 0.001633, 0.001560, 0.001568, 0.001436, 0.001682, 0.001499, 0.001650, 0.001431, 0.001643, 0.001515, 0.001617, 0.001461, 0.001611, 0.001457, 0.001612
15 , 1, 1, 1, 1, 1, 1, 1
15 , 0.004798, 0.005368, 0.005742, 0.005602, 0.005751, 0.005777, 0.005713
16 , 0.001761, 0.001483, 0.001663, 0.001625, 0.001753, 0.001629, 0.001664, 0.001536, 0.001693, 0.001539, 0.001549, 0.001520, 0.001683, 0.001594, 0.001691, 0.001474, 0.001606, 0.001423, 0.001491, 0.001311, 0.001594, 0.001360, 0.001478, 0.001480, 0.001638, 0.001565, 0.001633, 0.001560, 0.001568, 0.001436, 0.001682, 0.001499, 0.001650, 0.001431, 0.001643, 0.001515, 0.001617, 0.001461, 0.001611, 0.001457, 0.001612, 0.001485, 0.001613, 0.001485, 0.001642, 0.001553, 0.001613, 0.001548, 0.001644, 0.001469, 0.001568, 0.001444, 0.001446, 0.001448, 0.001513, 0.001478, 0.001570, 0.001447, 0.001537, 0.001504, 0.001716, 0.001568, 0.001480, 0.001509, 0.001444, 0.001531, 0.001557, 0.001554, 0.001522, 0.001611, 0.001583, 0.001518, 0.001665, 0.001688, 0.001440, 0.001624, 0.001530, 0.001564, 0.001502, 0.001749, 0.001624, 0.001568, 0.001538, 0.001664, 0.001543, 0.001731, 0.001484, 0.001615, 0.001485, 0.001581, 0.001432, 0.001588
16 , 2, 2, 2, 2, 2, 0, 0
16 , 0.002393, 0.002064, 0.001877, 0.001470, 0.000972, 0.000827, 0.000148
