0 , 0.001531, 0.001787, 0.001734, 0.001855, 0.001692, 0.002045, 0.002234, 0.002280, 0.002276, 0.002303, 0.002596, 0.002434, 0.002616, 0.002433, 0.002658, 0.002698, 0.002645, 0.002745, 0.002572, 0.002874, 0.002648, 0.002716, 0.002641, 0.000683, 0.000859, 0.000935, 0.000831, 0.000910, 0.000651, 0.000762, 0.000711, 0.000944, 0.000862, 0.001007, 0.000875, 0.001109, 0.001004, 0.001096, 0.000995, 0.001091, 0.000870, 0.001055, 0.000929, 0.001171, 0.001015, 0.001259, 0.001018, 0.001196, 0.000644, 0.001341, 0.002065, 0.002082, 0.001875, 0.002105, 0.002243, 0.002236, 0.002112, 0.001983, 0.002304, 0.002182, 0.002404, 0.002285, 0.002289, 0.002360, 0.002323, 0.002414, 0.002195, 0.002408, 0.002297, 0.002327, 0.002229, 0.002169, 0.002591, 0.001134, 0.001247, 0.001187, 0.001204, 0.001025, 0.001146, 0.000956, 0.001175, 0.001050, 0.001061, 0.000844, 0.001064, 0.000875, 0.000975, 0.000850, 0.001130, 0.000923, 0.000932, 0.000740
0 , 1, 1, 1, 1, 1, 1, 1
0 , 0.034148, 0.039939, 0.046064, 0.051712, 0.056454, 0.059193, 0.057728
1 , 0.002082, 0.001875, 0.002105, 0.002243, 0.002236, 0.002112, 0.001983, 0.002304, 0.002182, 0.002404, 0.002285, 0.002289, 0.002360, 0.002323, 0.002414, 0.002195, 0.002408, 0.002297, 0.002327, 0.002229, 0.002169, 0.002591, 0.001134, 0.001247, 0.001187, 0.001204, 0.001025, 0.001146, 0.000956, 0.001175, 0.001050, 0.001061, 0.000844, 0.001064, 0.000875, 0.000975, 0.000850, 0.001130, 0.000923, 0.000932, 0.000740, 0.000955, 0.000733, 0.001033, 0.000805, 0.001064, 0.000820, 0.002007, 0.002100, 0.002388, 0.002126, 0.002274, 0.002165, 0.002346, 0.002479, 0.002358, 0.002312, 0.002217, 0.002549, 0.002250, 0.002318, 0.002116, 0.002232, 0.002418, 0.002374, 0.002364, 0.002183, 0.002267, 0.002230, 0.002243, 0.002103, 0.001974, 0.001937, 0.000666, 0.001668, 0.001409, 0.001293, 0.001162, 0.001229, 0.001130, 0.001285, 0.001039, 0.001166, 0.001099, 0.001226, 0.001133, 0.001289, 0.001078, 0.001207, 0.000963, 0.001163, 0.000911
1 , 1, 1, 1, 1, 1, 1, 1
1 , 0.038212, 0.043913, 0.048104, 0.052876, 0.051920, 0.051197, 0.046934
2 , 0.002388, 0.002126, 0.002274, 0.002165, 0.002346, 0.002479, 0.002358, 0.002312, 0.002217, 0.002549, 0.002250, 0.002318, 0.002116, 0.002232, 0.002418, 0.002374, 0.002364, 0.002183, 0.002267, 0.002230, 0.002243, 0.002103, 0.001974, 0.001937, 0.000666, 0.001668, 0.001409, 0.001293, 0.001162, 0.001229, 0.001130, 0.001285, 0.001039, 0.001166, 0.001099, 0.001226, 0.001133, 0.001289, 0.001078, 0.001207, 0.000963, 0.001163, 0.000911, 0.001076, 0.001017, 0.001088, 0.000927, 0.001106, 0.001133, 0.000245, 0.001900, 0.002114, 0.002062, 0.002269, 0.002312, 0.002466, 0.002202, 0.002303, 0.002328, 0.002271, 0.002426, 0.002310, 0.002521, 0.002359, 0.002437, 0.002318, 0.002253, 0.002366, 0.002196, 0.002448, 0.002177, 0.002333, 0.002269, 0.002397, 0.000181, 0.001135, 0.001165, 0.001161, 0.001071, 0.001009, 0.001040, 0.000975, 0.000949, 0.000828, 0.000952, 0.000920, 0.000958, 0.000932, 0.001024, 0.001019, 0.001024, 0.000813
2 , 1, 1, 1, 1, 1, 1, 1
2 , 0.033599, 0.038578, 0.042754, 0.046548, 0.049625, 0.052774, 0.055119
3 , 0.002062, 0.002269, 0.002312, 0.002466, 0.002202, 0.002303, 0.002328, 0.002271, 0.002426, 0.002310, 0.002521, 0.002359, 0.002437, 0.002318, 0.002253, 0.002366, 0.002196, 0.002448, 0.002177, 0.002333, 0.002269, 0.002397, 0.000181, 0.001135, 0.001165, 0.001161, 0.001071, 0.001009, 0.001040, 0.000975, 0.000949, 0.000828, 0.000952, 0.000920, 0.000958, 0.000932, 0.001024, 0.001019, 0.001024, 0.000813, 0.000938, 0.000872, 0.001016, 0.000955, 0.001058, 0.000711, 0.001313, 0.002091, 0.002151, 0.002114, 0.002031, 0.002031, 0.002301, 0.002186, 0.002284, 0.002179, 0.002327, 0.002240, 0.002162, 0.002175, 0.002027, 0.002317, 0.002128, 0.002128, 0.002115, 0.002257, 0.002301, 0.002199, 0.002428, 0.002465, 0.001567, 0.000817, 0.001053, 0.001007, 0.001133, 0.000977, 0.001011, 0.000824, 0.000987, 0.000804, 0.000930, 0.000865, 0.001026, 0.000804, 0.000904, 0.000689, 0.000959, 0.000859, 0.001013, 0.000916, 0.001077, 0.000999
3 , 1, 1, 1, 1, 1, 1, 1
3 , 0.046056, 0.052301, 0.057371, 0.059560, 0.054158, 0.051032, 0.047737
4 , 0.002114, 0.002031, 0.002031, 0.002301, 0.002186, 0.002284, 0.002179, 0.002327, 0.002240, 0.002162, 0.002175, 0.002027, 0.002317, 0.002128, 0.002128, 0.002115, 0.002257, 0.002301, 0.002199, 0.002428, 0.002465, 0.001567, 0.000817, 0.001053, 0.001007, 0.001133, 0.000977, 0.001011, 0.000824, 0.000987, 0.000804, 0.000930, 0.000865, 0.001026, 0.000804, 0.000904, 0.000689, 0.000959, 0.000859, 0.001013, 0.000916, 0.001077, 0.000999, 0.001153, 0.000930, 0.001100, 0.001064, 0.000560, 0.002091, 0.002071, 0.002014, 0.002149, 0.002132, 0.002300, 0.002044, 0.002091, 0.002293, 0.002223, 0.002287, 0.002085, 0.002311, 0.002355, 0.002159, 0.002169, 0.002262, 0.002488, 0.002346, 0.002401, 0.002287, 0.002408, 0.002509, 0.002265, 0.000689, 0.001184, 0.001068, 0.001011, 0.000979, 0.000887, 0.000952, 0.000920, 0.001007, 0.000810, 0.000962, 0.000901, 0.000993, 0.000830, 0.000992, 0.000863, 0.001072, 0.000946, 0.001065, 0.000971
4 , 1, 1, 1, 1, 1, 1, 1
4 , 0.042128, 0.047440, 0.051829, 0.054731, 0.056480, 0.052958, 0.050038
5 , 0.002014, 0.002149, 0.002132, 0.002300, 0.002044, 0.002091, 0.002293, 0.002223, 0.002287, 0.002085, 0.002311, 0.002355, 0.002159, 0.002169, 0.002262, 0.002488, 0.002346, 0.002401, 0.002287, 0.002408, 0.002509, 0.002265, 0.000689, 0.001184, 0.001068, 0.001011, 0.000979, 0.000887, 0.000952, 0.000920, 0.001007, 0.000810, 0.000962, 0.000901, 0.000993, 0.000830, 0.000992, 0.000863, 0.001072, 0.000946, 0.001065, 0.000971, 0.001180, 0.000794, 0.001129, 0.000052, 0.001916, 0.001980, 0.002213, 0.002135, 0.002031, 0.002058, 0.002347, 0.002283, 0.002232, 0.002017, 0.002114, 0.002317, 0.002162, 0.002257, 0.002071, 0.002331, 0.002474, 0.002523, 0.002543, 0.002460, 0.002631, 0.002631, 0.002543, 0.002523, 0.000803, 0.000791, 0.000901, 0.000835, 0.000860, 0.000705, 0.000767, 0.000664, 0.000813, 0.000708, 0.000866, 0.000671, 0.000849, 0.000776, 0.000924, 0.000856, 0.000981, 0.000934, 0.001083, 0.000985, 0.001163, 0.001129
5 , 1, 1, 1, 1, 1, 1, 1
5 , 0.048914, 0.055013, 0.061719, 0.060822, 0.056658, 0.053146, 0.049198
6 , 0.002213, 0.002135, 0.002031, 0.002058, 0.002347, 0.002283, 0.002232, 0.002017, 0.002114, 0.002317, 0.002162, 0.002257, 0.002071, 0.002331, 0.002474, 0.002523, 0.002543, 0.002460, 0.002631, 0.002631, 0.002543, 0.002523, 0.000803, 0.000791, 0.000901, 0.000835, 0.000860, 0.000705, 0.000767, 0.000664, 0.000813, 0.000708, 0.000866, 0.000671, 0.000849, 0.000776, 0.000924, 0.000856, 0.000981, 0.000934, 0.001083, 0.000985, 0.001163, 0.001129, 0.001150, 0.001109, 0.001351, 0.000919, 0.001076, 0.002017, 0.002007, 0.001920, 0.002149, 0.002230, 0.002149, 0.002166, 0.002176, 0.002328, 0.002125, 0.002284, 0.002183, 0.002314, 0.002293, 0.002324, 0.002327, 0.002235, 0.002407, 0.002403, 0.002542, 0.002262, 0.002320, 0.002529, 0.001320, 0.001301, 0.001215, 0.001128, 0.001016, 0.001162, 0.000848, 0.001068, 0.000912, 0.001081, 0.000949, 0.001134, 0.000857, 0.001134, 0.001003, 0.001073, 0.000917, 0.001218, 0.000975, 0.001104
6 , 1, 1, 1, 1, 1, 1, 1
6 , 0.040258, 0.047035, 0.051538, 0.055438, 0.057157, 0.056055, 0.053567
7 , 0.002007, 0.001920, 0.002149, 0.002230, 0.002149, 0.002166, 0.002176, 0.002328, 0.002125, 0.002284, 0.002183, 0.002314, 0.002293, 0.002324, 0.002327, 0.002235, 0.002407, 0.002403, 0.002542, 0.002262, 0.002320, 0.002529, 0.001320, 0.001301, 0.001215, 0.001128, 0.001016, 0.001162, 0.000848, 0.001068, 0.000912, 0.001081, 0.000949, 0.001134, 0.000857, 0.001134, 0.001003, 0.001073, 0.000917, 0.001218, 0.000975, 0.001104, 0.000893, 0.001036, 0.000828, 0.001234, 0.000690, 0.002023, 0.002024, 0.002152, 0.002058, 0.002179, 0.001960, 0.002338, 0.002219, 0.002367, 0.002232, 0.002319, 0.002495, 0.002292, 0.002330, 0.002161, 0.002393, 0.002328, 0.002318, 0.002318, 0.002129, 0.002478, 0.002268, 0.002434, 0.002122, 0.000002, 0.001076, 0.001216, 0.001080, 0.000955, 0.001083, 0.000929, 0.000905, 0.000944, 0.000754, 0.000866, 0.000857, 0.000973, 0.000962, 0.000953, 0.001096, 0.001153, 0.000964, 0.001080, 0.001104, 0.001190
7 , 1, 1, 1, 1, 1, 1, 1
7 , 0.042395, 0.047801, 0.052662, 0.057378, 0.052873, 0.050480, 0.047822
8 , 0.002152, 0.002058, 0.002179, 0.001960, 0.002338, 0.002219, 0.002367, 0.002232, 0.002319, 0.002495, 0.002292, 0.002330, 0.002161, 0.002393, 0.002328, 0.002318, 0.002318, 0.002129, 0.002478, 0.002268, 0.002434, 0.002122, 0.000002, 0.001076, 0.001216, 0.001080, 0.000955, 0.001083, 0.000929, 0.000905, 0.000944, 0.000754, 0.000866, 0.000857, 0.000973, 0.000962, 0.000953, 0.001096, 0.001153, 0.000964, 0.001080, 0.001104, 0.001190, 0.001093, 0.001180, 0.001067, 0.001284, 0.000102, 0.001582, 0.001893, 0.002001, 0.001970, 0.002193, 0.002229, 0.002324, 0.002178, 0.002218, 0.002373, 0.002264, 0.002426, 0.002193, 0.002335, 0.002323, 0.002221, 0.002228, 0.002178, 0.002411, 0.002222, 0.002364, 0.002374, 0.002250, 0.002622, 0.000656, 0.001273, 0.001032, 0.001221, 0.000945, 0.000995, 0.000783, 0.000949, 0.000664, 0.000944, 0.000658, 0.000834, 0.000799, 0.000921, 0.000756, 0.000942, 0.000727, 0.000948, 0.000759, 0.000977
8 , 1, 1, 1, 1, 1, 1, 1
8 , 0.042435, 0.047699, 0.052400, 0.055576, 0.057662, 0.054820, 0.053010
9 , 0.002001, 0.001970, 0.002193, 0.002229, 0.002324, 0.002178, 0.002218, 0.002373, 0.002264, 0.002426, 0.002193, 0.002335, 0.002323, 0.002221, 0.002228, 0.002178, 0.002411, 0.002222, 0.002364, 0.002374, 0.002250, 0.002622, 0.000656, 0.001273, 0.001032, 0.001221, 0.000945, 0.000995, 0.000783, 0.000949, 0.000664, 0.000944, 0.000658, 0.000834, 0.000799, 0.000921, 0.000756, 0.000942, 0.000727, 0.000948, 0.000759, 0.000977, 0.000805, 0.001084, 0.000824, 0.000892, 0.001430, 0.002107, 0.002107, 0.002266, 0.002098, 0.002209, 0.002142, 0.002351, 0.002149, 0.002260, 0.002253, 0.002263, 0.002455, 0.002230, 0.002408, 0.002119, 0.002388, 0.002341, 0.002287, 0.002280, 0.002092, 0.002442, 0.002294, 0.002408, 0.002310, 0.002380, 0.001848, 0.000720, 0.001146, 0.001130, 0.000988, 0.000955, 0.000933, 0.000843, 0.000942, 0.000846, 0.000916, 0.000823, 0.000886, 0.000697, 0.000825, 0.000793, 0.000890, 0.000787, 0.000947, 0.000842
9 , 1, 1, 1, 1, 1, 1, 1
9 , 0.044134, 0.050933, 0.055936, 0.060204, 0.059096, 0.058343, 0.054071
10 , 0.002266, 0.002098, 0.002209, 0.002142, 0.002351, 0.002149, 0.002260, 0.002253, 0.002263, 0.002455, 0.002230, 0.002408, 0.002119, 0.002388, 0.002341, 0.002287, 0.002280, 0.002092, 0.002442, 0.002294, 0.002408, 0.002310, 0.002380, 0.001848, 0.000720, 0.001146, 0.001130, 0.000988, 0.000955, 0.000933, 0.000843, 0.000942, 0.000846, 0.000916, 0.000823, 0.000886, 0.000697, 0.000825, 0.000793, 0.000890, 0.000787, 0.000947, 0.000842, 0.000965, 0.000810, 0.001052, 0.000959, 0.001023, 0.000906, 0.000881, 0.000898, 0.001022, 0.000860, 0.000917, 0.001057, 0.000968, 0.000935, 0.000971, 0.000941, 0.001003, 0.000795, 0.000920, 0.000856, 0.001040, 0.000945, 0.000916, 0.000880, 0.000906, 0.000871, 0.000913, 0.000946, 0.000948, 0.000791, 0.000949, 0.000950, 0.000952, 0.000770, 0.000853, 0.000785, 0.000791, 0.000977, 0.000978, 0.000917, 0.001002, 0.000948, 0.000952, 0.000862, 0.000813, 0.000898, 0.000916, 0.000941, 0.000901
10 , 2, 2, 2, 2, 2, 2, 2
10 , 0.023614, 0.025944, 0.027768, 0.029289, 0.030908, 0.031909, 0.030199
11 , 0.001022, 0.000860, 0.000917, 0.001057, 0.000968, 0.000935, 0.000971, 0.000941, 0.001003, 0.000795, 0.000920, 0.000856, 0.001040, 0.000945, 0.000916, 0.000880, 0.000906, 0.000871, 0.000913, 0.000946, 0.000948, 0.000791, 0.000949, 0.000950, 0.000952, 0.000770, 0.000853, 0.000785, 0.000791, 0.000977, 0.000978, 0.000917, 0.001002, 0.000948, 0.000952, 0.000862, 0.000813, 0.000898, 0.000916, 0.000941, 0.000901, 0.001020, 0.000985, 0.000956, 0.000747, 0.000806, 0.000927, 0.001017, 0.000988, 0.001113, 0.000966, 0.000942, 0.000853, 0.000972, 0.001002, 0.000881, 0.000789, 0.001004, 0.000967, 0.001032, 0.000820, 0.000888, 0.000978, 0.000949, 0.000791, 0.000913, 0.000845, 0.000999, 0.000842, 0.001094, 0.000970, 0.001060, 0.001111, 0.001058, 0.000932, 0.001062, 0.000938, 0.001007, 0.000763, 0.000984, 0.000743, 0.000941, 0.000750, 0.000784, 0.000723, 0.000962, 0.000770, 0.000950, 0.000873, 0.000955, 0.000875, 0.001170
11 , 1, 1, 1, 1, 1, 1, 1
11 , 0.000472, 0.000695, 0.001410, 0.001009, 0.000915, 0.000967, 0.000737
12 , 0.000988, 0.001113, 0.000966, 0.000942, 0.000853, 0.000972, 0.001002, 0.000881, 0.000789, 0.001004, 0.000967, 0.001032, 0.000820, 0.000888, 0.000978, 0.000949, 0.000791, 0.000913, 0.000845, 0.000999, 0.000842, 0.001094, 0.000970, 0.001060, 0.001111, 0.001058, 0.000932, 0.001062, 0.000938, 0.001007, 0.000763, 0.000984, 0.000743, 0.000941, 0.000750, 0.000784, 0.000723, 0.000962, 0.000770, 0.000950, 0.000873, 0.000955, 0.000875, 0.001170, 0.001056, 0.001236, 0.001108, 0.001227, 0.001163, 0.001345, 0.001159, 0.001345, 0.001104, 0.001295, 0.000988, 0.001146, 0.001085, 0.001243, 0.001033, 0.001197, 0.001070, 0.001233, 0.001052, 0.001032, 0.000878, 0.001046, 0.001017, 0.001245, 0.001006, 0.001042, 0.000889, 0.001048, 0.000900, 0.001055, 0.000987, 0.001052, 0.000826, 0.001072, 0.000936, 0.000902, 0.000828, 0.001008, 0.000908, 0.001126, 0.000907, 0.001152, 0.001026, 0.001118, 0.001022, 0.001091, 0.001122, 0.001181
12 , 1, 1, 3, 3, 3, 3, 3
12 , 0.003621, 0.003621, 0.003280, 0.002706, 0.002854, 0.002592, 0.002424
13 , 0.001227, 0.001163, 0.001345, 0.001159, 0.001345, 0.001104, 0.001295, 0.000988, 0.001146, 0.001085, 0.001243, 0.001033, 0.001197, 0.001070, 0.001233, 0.001052, 0.001032, 0.000878, 0.001046, 0.001017, 0.001245, 0.001006, 0.001042, 0.000889, 0.001048, 0.000900, 0.001055, 0.000987, 0.001052, 0.000826, 0.001072, 0.000936, 0.000902, 0.000828, 0.001008, 0.000908, 0.001126, 0.000907, 0.001152, 0.001026, 0.001118, 0.001022, 0.001091, 0.001122, 0.001181, 0.000996, 0.001055, 0.001021, 0.001202, 0.001074, 0.001071, 0.001161, 0.001133, 0.001168, 0.001076, 0.000987, 0.001022, 0.000965, 0.000968, 0.000980, 0.000980, 0.000988, 0.000878, 0.000949, 0.000952, 0.000904, 0.000831, 0.000927, 0.000866, 0.000841, 0.000785, 0.000844, 0.000744, 0.000773, 0.000735, 0.000890, 0.000762, 0.000793, 0.000807, 0.000959, 0.000859, 0.001065, 0.000899, 0.001048, 0.000891, 0.001073, 0.001122, 0.001212, 0.001021, 0.001206, 0.000952, 0.001075
13 , 1, 1, 1, 1, 1, 2, 2
13 , 0.005237, 0.004380, 0.004373, 0.003662, 0.003097, 0.002323, 0.002584
14 , 0.001055, 0.001021, 0.001202, 0.001074, 0.001071, 0.001161, 0.001133, 0.001168, 0.001076, 0.000987, 0.001022, 0.000965, 0.000968, 0.000980, 0.000980, 0.000988, 0.000878, 0.000949, 0.000952, 0.000904, 0.000831, 0.000927, 0.000866, 0.000841, 0.000785, 0.000844, 0.000744, 0.000773, 0.000735, 0.000890, 0.000762, 0.000793, 0.000807, 0.000959, 0.000859, 0.001065, 0.000899, 0.001048, 0.000891, 0.001073, 0.001122, 0.001212, 0.001021, 0.001206, 0.000952, 0.001075, 0.001068, 0.001156, 0.001058, 0.001244, 0.001115, 0.001298, 0.001139, 0.001326, 0.001139, 0.001359, 0.001205, 0.001243, 0.000999, 0.001187, 0.000944, 0.001196, 0.001161, 0.001200, 0.000957, 0.001241, 0.001061, 0.001045, 0.000951, 0.001146, 0.000906, 0.000914, 0.000794, 0.000961, 0.000843, 0.000913, 0.000790, 0.000982, 0.000767, 0.000844, 0.000656, 0.000873, 0.000783, 0.000849, 0.000725, 0.000847, 0.000871, 0.000926, 0.000736, 0.000849, 0.000891, 0.001006
14 , 1, 1, 1, 1, 1, 1, 1
14 , 0.009360, 0.009197, 0.008929, 0.008457, 0.007677, 0.006817, 0.005573
15 , 0.001068, 0.001156, 0.001058, 0.001244, 0.001115, 0.001298, 0.001139, 0.001326, 0.001139, 0.001359, 0.001205, 0.001243, 0.000999, 0.001187, 0.000944, 0.001196, 0.001161, 0.001200, 0.000957, 0.001241, 0.001061, 0.001045, 0.000951, 0.001146, 0.000906, 0.000914, 0.000794, 0.000961, 0.000843, 0.000913, 0.000790, 0.000982, 0.000767, 0.000844, 0.000656, 0.000873, 0.000783, 0.000849, 0.000725, 0.000847, 0.000871, 0.000926, 0.000736, 0.000849, 0.000891, 0.001006, 0.000974, 0.000993, 0.001045, 0.001044, 0.001070, 0.001030, 0.000961, 0.001107, 0.001163, 0.001130, 0.001125, 0.001153, 0.001221, 0.001075, 0.001200, 0.001079, 0.001116, 0.001048, 0.001023, 0.001053, 0.001092, 0.001084, 0.001116, 0.001151, 0.001123, 0.000968, 0.001128, 0.000827, 0.000989, 0.000869, 0.001121, 0.000931, 0.000966, 0.000817, 0.001071, 0.000738, 0.000924, 0.000887, 0.000948, 0.000848, 0.001154, 0.000905, 0.001061, 0.000962, 0.001137, 0.000911
15 , 1, 1, 1, 1, 1, 1, 1
15 , 0.008095, 0.008859, 0.009182, 0.009585, 0.009338, 0.009712, 0.008923
16 , 0.001030, 0.000961, 0.001107, 0.001163, 0.001130, 0.001125, 0.001153, 0.001221, 0.001075, 0.001200, 0.001079, 0.001116, 0.001048, 0.001023, 0.001053, 0.001092, 0.001084, 0.001116, 0.001151, 0.001123, 0.000968, 0.001128, 0.000827, 0.000989, 0.000869, 0.001121, 0.000931, 0.000966, 0.000817, 0.001071, 0.000738, 0.000924, 0.000887, 0.000948, 0.000848, 0.001154, 0.000905, 0.001061, 0.000962, 0.001137, 0.000911, 0.001030, 0.000927, 0.001109, 0.001126, 0.001277, 0.001027, 0.001300, 0.001172, 0.001293, 0.001101, 0.001405, 0.001278, 0.001371, 0.001183, 0.001408, 0.001254, 0.001381, 0.001108, 0.001268, 0.001207, 0.001180, 0.001030, 0.001157, 0.001007, 0.001112, 0.001024, 0.001184, 0.000940, 0.001070, 0.000985, 0.001021, 0.000814, 0.000859, 0.000859, 0.001017, 0.000987, 0.000968, 0.000723, 0.000913, 0.000822, 0.000865, 0.000804, 0.000865, 0.000921, 0.000831, 0.000857, 0.000950, 0.000883, 0.000794, 0.000907, 0.000836
16 , 1, 1, 1, 1, 1, 1, 1
16 , 0.009638, 0.009671, 0.009243, 0.009509, 0.008654, 0.008036, 0.006822
