0 , 0.000163, 0.001262, 0.001423, 0.001435, 0.001254, 0.001314, 0.001591, 0.001498, 0.001644, 0.001415, 0.001600, 0.001630, 0.001717, 0.001653, 0.001384, 0.001749, 0.001699, 0.001722, 0.001775, 0.001569, 0.001683, 0.001681, 0.001809, 0.001556, 0.002036, 0.000478, 0.001362, 0.001167, 0.001232, 0.001105, 0.001105, 0.001067, 0.001123, 0.001167, 0.001079, 0.001153, 0.001028, 0.001141, 0.000963, 0.001300, 0.001007, 0.001051, 0.000965, 0.001072, 0.000884, 0.001109, 0.000919, 0.001174, 0.000506, 0.000896, 0.001454, 0.001541, 0.001555, 0.001349, 0.001552, 0.001396, 0.001485, 0.001354, 0.001417, 0.001642, 0.001480, 0.001566, 0.001457, 0.001394, 0.001549, 0.001423, 0.001562, 0.001284, 0.001430, 0.001457, 0.001470, 0.001530, 0.001622, 0.001272, 0.000911, 0.001309, 0.001156, 0.001279, 0.001128, 0.001146, 0.000972, 0.001088, 0.000851, 0.001130, 0.000956, 0.001172, 0.000979, 0.001148, 0.000928, 0.001123, 0.000817, 0.001056
0 , 1, 1, 1, 1, 1, 1, 1
0 , 0.007497, 0.009392, 0.011614, 0.013804, 0.016976, 0.019813, 0.022305
1 , 0.001555, 0.001349, 0.001552, 0.001396, 0.001485, 0.001354, 0.001417, 0.001642, 0.001480, 0.001566, 0.001457, 0.001394, 0.001549, 0.001423, 0.001562, 0.001284, 0.001430, 0.001457, 0.001470, 0.001530, 0.001622, 0.001272, 0.000911, 0.001309, 0.001156, 0.001279, 0.001128, 0.001146, 0.000972, 0.001088, 0.000851, 0.001130, 0.000956, 0.001172, 0.000979, 0.001148, 0.000928, 0.001123, 0.000817, 0.001056, 0.000993, 0.001243, 0.000909, 0.001100, 0.000968, 0.001125, 0.001014, 0.000361, 0.001100, 0.001248, 0.001357, 0.001271, 0.001265, 0.001497, 0.001357, 0.001506, 0.001268, 0.001573, 0.001586, 0.001477, 0.001562, 0.001472, 0.001628, 0.001594, 0.001706, 0.001754, 0.001573, 0.001662, 0.001741, 0.001781, 0.001623, 0.001703, 0.000207, 0.001259, 0.001016, 0.001054, 0.000956, 0.001132, 0.000978, 0.001135, 0.001079, 0.001223, 0.001100, 0.001137, 0.001149, 0.001091, 0.001117, 0.001202, 0.001305, 0.001179, 0.001278, 0.001140
1 , 1, 1, 1, 1, 1, 1, 1
1 , 0.011833, 0.014365, 0.016188, 0.017267, 0.018815, 0.017067, 0.016406
2 , 0.001357, 0.001271, 0.001265, 0.001497, 0.001357, 0.001506, 0.001268, 0.001573, 0.001586, 0.001477, 0.001562, 0.001472, 0.001628, 0.001594, 0.001706, 0.001754, 0.001573, 0.001662, 0.001741, 0.001781, 0.001623, 0.001703, 0.000207, 0.001259, 0.001016, 0.001054, 0.000956, 0.001132, 0.000978, 0.001135, 0.001079, 0.001223, 0.001100, 0.001137, 0.001149, 0.001091, 0.001117, 0.001202, 0.001305, 0.001179, 0.001278, 0.001140, 0.001404, 0.001231, 0.001444, 0.000468, 0.000775, 0.001214, 0.001195, 0.001165, 0.001089, 0.001503, 0.001295, 0.001434, 0.001245, 0.001381, 0.001549, 0.001387, 0.001403, 0.001475, 0.001667, 0.001504, 0.001374, 0.001603, 0.001473, 0.001726, 0.001649, 0.001657, 0.001635, 0.001849, 0.000478, 0.001380, 0.001220, 0.001169, 0.001151, 0.001250, 0.001267, 0.001144, 0.001300, 0.001078, 0.001298, 0.001055, 0.001289, 0.001072, 0.001306, 0.001068, 0.001271, 0.000982, 0.001250, 0.001107, 0.001146, 0.001051
2 , 1, 1, 1, 1, 1, 1, 1
2 , 0.009243, 0.011719, 0.015481, 0.015994, 0.014115, 0.014458, 0.014005
3 , 0.001165, 0.001089, 0.001503, 0.001295, 0.001434, 0.001245, 0.001381, 0.001549, 0.001387, 0.001403, 0.001475, 0.001667, 0.001504, 0.001374, 0.001603, 0.001473, 0.001726, 0.001649, 0.001657, 0.001635, 0.001849, 0.000478, 0.001380, 0.001220, 0.001169, 0.001151, 0.001250, 0.001267, 0.001144, 0.001300, 0.001078, 0.001298, 0.001055, 0.001289, 0.001072, 0.001306, 0.001068, 0.001271, 0.000982, 0.001250, 0.001107, 0.001146, 0.001051, 0.001268, 0.000954, 0.001229, 0.000560, 0.000788, 0.001365, 0.001400, 0.001571, 0.001422, 0.001539, 0.001553, 0.001569, 0.001532, 0.001484, 0.001818, 0.001573, 0.001669, 0.001687, 0.001561, 0.001827, 0.001687, 0.001806, 0.001651, 0.001678, 0.001745, 0.001591, 0.001740, 0.001791, 0.001350, 0.000892, 0.001457, 0.001427, 0.001320, 0.001176, 0.001230, 0.000905, 0.001146, 0.001049, 0.001214, 0.001039, 0.001212, 0.001078, 0.001306, 0.001094, 0.001253, 0.001184, 0.001275, 0.001205, 0.001181
3 , 1, 1, 1, 1, 1, 1, 1
3 , 0.009896, 0.012390, 0.014690, 0.015731, 0.017317, 0.016524, 0.016234
4 , 0.001571, 0.001422, 0.001539, 0.001553, 0.001569, 0.001532, 0.001484, 0.001818, 0.001573, 0.001669, 0.001687, 0.001561, 0.001827, 0.001687, 0.001806, 0.001651, 0.001678, 0.001745, 0.001591, 0.001740, 0.001791, 0.001350, 0.000892, 0.001457, 0.001427, 0.001320, 0.001176, 0.001230, 0.000905, 0.001146, 0.001049, 0.001214, 0.001039, 0.001212, 0.001078, 0.001306, 0.001094, 0.001253, 0.001184, 0.001275, 0.001205, 0.001181, 0.001133, 0.001199, 0.001240, 0.000200, 0.001257, 0.001373, 0.001486, 0.001573, 0.001592, 0.001662, 0.001454, 0.001736, 0.001543, 0.001601, 0.001743, 0.001587, 0.001770, 0.001587, 0.001672, 0.001605, 0.001640, 0.001776, 0.001573, 0.001698, 0.001554, 0.001576, 0.001512, 0.001622, 0.000225, 0.001441, 0.001289, 0.001321, 0.001212, 0.001214, 0.000977, 0.001046, 0.000970, 0.001065, 0.001074, 0.001079, 0.000988, 0.000953, 0.001069, 0.000956, 0.001039, 0.001081, 0.001146, 0.001123, 0.001179, 0.000989
4 , 1, 1, 1, 1, 1, 1, 1
4 , 0.016884, 0.018995, 0.022877, 0.021124, 0.020295, 0.020519, 0.019985
5 , 0.001486, 0.001573, 0.001592, 0.001662, 0.001454, 0.001736, 0.001543, 0.001601, 0.001743, 0.001587, 0.001770, 0.001587, 0.001672, 0.001605, 0.001640, 0.001776, 0.001573, 0.001698, 0.001554, 0.001576, 0.001512, 0.001622, 0.000225, 0.001441, 0.001289, 0.001321, 0.001212, 0.001214, 0.000977, 0.001046, 0.000970, 0.001065, 0.001074, 0.001079, 0.000988, 0.000953, 0.001069, 0.000956, 0.001039, 0.001081, 0.001146, 0.001123, 0.001179, 0.000989, 0.001177, 0.000873, 0.001344, 0.000235, 0.001058, 0.001436, 0.001255, 0.001452, 0.001346, 0.001573, 0.001619, 0.001559, 0.001685, 0.001635, 0.001804, 0.001511, 0.001680, 0.001717, 0.001621, 0.001877, 0.001687, 0.001694, 0.001591, 0.001628, 0.001722, 0.001701, 0.001600, 0.001787, 0.000572, 0.001232, 0.001408, 0.001395, 0.001411, 0.001306, 0.001353, 0.001158, 0.001245, 0.001071, 0.001378, 0.001123, 0.001352, 0.001248, 0.001447, 0.001188, 0.001404, 0.001162, 0.001360, 0.001201
5 , 1, 1, 1, 1, 1, 1, 1
5 , 0.012494, 0.015373, 0.017436, 0.018618, 0.019245, 0.018402, 0.017732
6 , 0.001255, 0.001452, 0.001346, 0.001573, 0.001619, 0.001559, 0.001685, 0.001635, 0.001804, 0.001511, 0.001680, 0.001717, 0.001621, 0.001877, 0.001687, 0.001694, 0.001591, 0.001628, 0.001722, 0.001701, 0.001600, 0.001787, 0.000572, 0.001232, 0.001408, 0.001395, 0.001411, 0.001306, 0.001353, 0.001158, 0.001245, 0.001071, 0.001378, 0.001123, 0.001352, 0.001248, 0.001447, 0.001188, 0.001404, 0.001162, 0.001360, 0.001201, 0.001443, 0.001180, 0.001248, 0.000935, 0.000632, 0.001265, 0.001289, 0.001415, 0.001230, 0.001328, 0.001566, 0.001480, 0.001660, 0.001425, 0.001646, 0.001624, 0.001676, 0.001589, 0.001436, 0.001671, 0.001776, 0.001673, 0.001664, 0.001652, 0.001761, 0.001593, 0.001705, 0.001698, 0.001645, 0.001921, 0.001340, 0.000988, 0.001267, 0.001284, 0.001147, 0.001073, 0.000968, 0.001044, 0.000975, 0.000944, 0.000930, 0.001060, 0.001132, 0.001081, 0.001070, 0.001030, 0.001156, 0.001058, 0.001107, 0.000972
6 , 1, 1, 1, 1, 1, 1, 1
6 , 0.010437, 0.013461, 0.016022, 0.019214, 0.019324, 0.019466, 0.018908
7 , 0.001328, 0.001566, 0.001480, 0.001660, 0.001425, 0.001646, 0.001624, 0.001676, 0.001589, 0.001436, 0.001671, 0.001776, 0.001673, 0.001664, 0.001652, 0.001761, 0.001593, 0.001705, 0.001698, 0.001645, 0.001921, 0.001340, 0.000988, 0.001267, 0.001284, 0.001147, 0.001073, 0.000968, 0.001044, 0.000975, 0.000944, 0.000930, 0.001060, 0.001132, 0.001081, 0.001070, 0.001030, 0.001156, 0.001058, 0.001107, 0.000972, 0.001093, 0.000972, 0.001174, 0.001063, 0.001153, 0.001040, 0.001325, 0.001208, 0.001337, 0.000971, 0.001227, 0.001098, 0.001232, 0.001028, 0.001211, 0.000926, 0.001285, 0.001058, 0.001387, 0.001153, 0.001248, 0.001179, 0.001313, 0.001091, 0.001303, 0.001120, 0.001292, 0.001075, 0.001352, 0.001257, 0.001416, 0.001218, 0.001438, 0.001244, 0.001386, 0.001287, 0.001438, 0.001248, 0.001326, 0.001257, 0.001166, 0.001193, 0.001288, 0.001288, 0.001271, 0.001168, 0.001224, 0.001221, 0.001109, 0.001205, 0.001057
7 , 2, 2, 2, 2, 2, 2, 2
7 , 0.012283, 0.013243, 0.014171, 0.014165, 0.013132, 0.012764, 0.012237
8 , 0.001208, 0.001337, 0.000971, 0.001227, 0.001098, 0.001232, 0.001028, 0.001211, 0.000926, 0.001285, 0.001058, 0.001387, 0.001153, 0.001248, 0.001179, 0.001313, 0.001091, 0.001303, 0.001120, 0.001292, 0.001075, 0.001352, 0.001257, 0.001416, 0.001218, 0.001438, 0.001244, 0.001386, 0.001287, 0.001438, 0.001248, 0.001326, 0.001257, 0.001166, 0.001193, 0.001288, 0.001288, 0.001271, 0.001168, 0.001224, 0.001221, 0.001109, 0.001205, 0.001057, 0.001152, 0.001100, 0.001260, 0.001153, 0.001295, 0.001170, 0.001232, 0.000995, 0.001195, 0.001077, 0.001185, 0.001056, 0.001104, 0.001014, 0.001204, 0.000958, 0.001237, 0.000961, 0.001133, 0.000867, 0.000965, 0.000881, 0.001105, 0.000759, 0.000939, 0.000799, 0.000959, 0.000698, 0.000889, 0.000829, 0.001090, 0.000845, 0.001116, 0.000971, 0.001067, 0.000803, 0.001156, 0.001037, 0.001165, 0.000916, 0.001132, 0.001009, 0.001285, 0.001197, 0.001167, 0.001072, 0.001323, 0.001007
8 , 3, 3, 3, 3, 0, 0, 0
8 , 0.003695, 0.003069, 0.002234, 0.001766, 0.002394, 0.002930, 0.003393
9 , 0.001260, 0.001153, 0.001295, 0.001170, 0.001232, 0.000995, 0.001195, 0.001077, 0.001185, 0.001056, 0.001104, 0.001014, 0.001204, 0.000958, 0.001237, 0.000961, 0.001133, 0.000867, 0.000965, 0.000881, 0.001105, 0.000759, 0.000939, 0.000799, 0.000959, 0.000698, 0.000889, 0.000829, 0.001090, 0.000845, 0.001116, 0.000971, 0.001067, 0.000803, 0.001156, 0.001037, 0.001165, 0.000916, 0.001132, 0.001009, 0.001285, 0.001197, 0.001167, 0.001072, 0.001323, 0.001007, 0.001137, 0.001218, 0.001246, 0.001081, 0.001220, 0.001049, 0.001079, 0.001062, 0.001158, 0.001060, 0.001026, 0.001035, 0.000965, 0.001081, 0.001056, 0.001091, 0.001107, 0.001137, 0.001023, 0.001176, 0.001111, 0.001206, 0.001067, 0.001075, 0.001126, 0.001170, 0.001105, 0.001233, 0.001120, 0.001284, 0.001127, 0.001214, 0.001149, 0.001321, 0.001166, 0.001395, 0.001308, 0.001300, 0.001110, 0.001482, 0.001241, 0.001303, 0.001031, 0.001226, 0.001073, 0.001260
9 , 2, 2, 2, 2, 2, 2, 0
9 , 0.004780, 0.004576, 0.004558, 0.003984, 0.003346, 0.002783, 0.002728
10 , 0.001137, 0.001218, 0.001246, 0.001081, 0.001220, 0.001049, 0.001079, 0.001062, 0.001158, 0.001060, 0.001026, 0.001035, 0.000965, 0.001081, 0.001056, 0.001091, 0.001107, 0.001137, 0.001023, 0.001176, 0.001111, 0.001206, 0.001067, 0.001075, 0.001126, 0.001170, 0.001105, 0.001233, 0.001120, 0.001284, 0.001127, 0.001214, 0.001149, 0.001321, 0.001166, 0.001395, 0.001308, 0.001300, 0.001110, 0.001482, 0.001241, 0.001303, 0.001031, 0.001226, 0.001073, 0.001260, 0.001084, 0.001202, 0.001088, 0.001290, 0.000863, 0.001111, 0.000930, 0.001186, 0.000963, 0.001081, 0.000981, 0.001248, 0.001178, 0.001311, 0.000946, 0.001121, 0.000961, 0.001189, 0.000884, 0.001093, 0.000843, 0.001089, 0.000994, 0.001089, 0.000979, 0.001159, 0.000878, 0.001070, 0.001000, 0.001181, 0.000984, 0.001206, 0.001152, 0.001349, 0.001279, 0.001408, 0.001257, 0.001443, 0.001395, 0.001408, 0.001369, 0.001416, 0.001283, 0.001377, 0.001321, 0.001386
10 , 0, 0, 0, 0, 0, 0, 0
10 , 0.005136, 0.005393, 0.006157, 0.006347, 0.006671, 0.007413, 0.008285
11 , 0.000930, 0.001186, 0.000963, 0.001081, 0.000981, 0.001248, 0.001178, 0.001311, 0.000946, 0.001121, 0.000961, 0.001189, 0.000884, 0.001093, 0.000843, 0.001089, 0.000994, 0.001089, 0.000979, 0.001159, 0.000878, 0.001070, 0.001000, 0.001181, 0.000984, 0.001206, 0.001152, 0.001349, 0.001279, 0.001408, 0.001257, 0.001443, 0.001395, 0.001408, 0.001369, 0.001416, 0.001283, 0.001377, 0.001321, 0.001386, 0.001235, 0.001252, 0.001438, 0.001352, 0.001386, 0.001261, 0.001313, 0.001300, 0.001261, 0.001127, 0.001154, 0.001146, 0.001250, 0.001159, 0.001362, 0.001211, 0.001233, 0.001113, 0.001227, 0.000970, 0.001032, 0.001081, 0.001216, 0.001026, 0.001116, 0.001102, 0.001107, 0.000944, 0.001267, 0.001084, 0.001271, 0.001152, 0.001307, 0.001082, 0.001304, 0.001024, 0.001357, 0.001063, 0.001292, 0.001019, 0.001209, 0.001105, 0.001241, 0.001100, 0.001369, 0.001118, 0.001283, 0.001113, 0.001253, 0.001014, 0.001271, 0.001067
11 , 0, 0, 0, 0, 0, 0, 0
11 , 0.005184, 0.005409, 0.006142, 0.006264, 0.006741, 0.006620, 0.006961
12 , 0.001250, 0.001159, 0.001362, 0.001211, 0.001233, 0.001113, 0.001227, 0.000970, 0.001032, 0.001081, 0.001216, 0.001026, 0.001116, 0.001102, 0.001107, 0.000944, 0.001267, 0.001084, 0.001271, 0.001152, 0.001307, 0.001082, 0.001304, 0.001024, 0.001357, 0.001063, 0.001292, 0.001019, 0.001209, 0.001105, 0.001241, 0.001100, 0.001369, 0.001118, 0.001283, 0.001113, 0.001253, 0.001014, 0.001271, 0.001067, 0.001251, 0.001146, 0.001255, 0.000991, 0.001195, 0.001030, 0.001179, 0.001040, 0.001170, 0.000981, 0.001140, 0.001049, 0.001143, 0.001051, 0.001267, 0.000986, 0.001216, 0.001046, 0.001292, 0.001313, 0.001278, 0.001123, 0.001230, 0.001128, 0.001304, 0.001260, 0.001349, 0.001279, 0.001306, 0.001184, 0.001396, 0.001266, 0.001339, 0.001317, 0.001408, 0.001395, 0.001434, 0.001170, 0.001240, 0.001183, 0.001261, 0.001162, 0.001288, 0.001245, 0.001217, 0.001281, 0.001221, 0.001209, 0.001206, 0.001246, 0.001185, 0.001255
12 , 0, 0, 0, 0, 0, 0, 2
12 , 0.002868, 0.002716, 0.002134, 0.001937, 0.001342, 0.001380, 0.000632
13 , 0.001179, 0.001040, 0.001170, 0.000981, 0.001140, 0.001049, 0.001143, 0.001051, 0.001267, 0.000986, 0.001216, 0.001046, 0.001292, 0.001313, 0.001278, 0.001123, 0.001230, 0.001128, 0.001304, 0.001260, 0.001349, 0.001279, 0.001306, 0.001184, 0.001396, 0.001266, 0.001339, 0.001317, 0.001408, 0.001395, 0.001434, 0.001170, 0.001240, 0.001183, 0.001261, 0.001162, 0.001288, 0.001245, 0.001217, 0.001281, 0.001221, 0.001209, 0.001206, 0.001246, 0.001185, 0.001255, 0.001216, 0.001264, 0.001190, 0.001109, 0.001090, 0.001188, 0.001235, 0.001131, 0.001212, 0.001280, 0.001219, 0.001348, 0.001218, 0.001266, 0.001097, 0.001378, 0.001188, 0.001227, 0.001245, 0.001245, 0.001072, 0.001298, 0.001104, 0.001182, 0.001045, 0.001176, 0.001105, 0.001279, 0.001077, 0.001262, 0.000960, 0.001230, 0.001253, 0.001292, 0.001040, 0.001256, 0.001109, 0.001339, 0.001040, 0.001330, 0.001147, 0.001312, 0.001186, 0.001227, 0.001028, 0.001227
13 , 3, 3, 3, 3, 3, 3, 3
13 , 0.003931, 0.003381, 0.003212, 0.002546, 0.002429, 0.001990, 0.001824
14 , 0.001216, 0.001264, 0.001190, 0.001109, 0.001090, 0.001188, 0.001235, 0.001131, 0.001212, 0.001280, 0.001219, 0.001348, 0.001218, 0.001266, 0.001097, 0.001378, 0.001188, 0.001227, 0.001245, 0.001245, 0.001072, 0.001298, 0.001104, 0.001182, 0.001045, 0.001176, 0.001105, 0.001279, 0.001077, 0.001262, 0.000960, 0.001230, 0.001253, 0.001292, 0.001040, 0.001256, 0.001109, 0.001339, 0.001040, 0.001330, 0.001147, 0.001312, 0.001186, 0.001227, 0.001028, 0.001227, 0.001037, 0.001320, 0.001102, 0.001276, 0.001125, 0.001325, 0.001056, 0.001371, 0.001176, 0.001315, 0.001039, 0.001093, 0.001018, 0.001076, 0.000942, 0.001218, 0.001127, 0.001172, 0.000995, 0.001213, 0.001074, 0.001218, 0.000963, 0.001132, 0.000997, 0.001137, 0.001018, 0.001002, 0.001088, 0.001172, 0.001014, 0.001125, 0.001042, 0.001232, 0.000986, 0.001148, 0.001178, 0.001234, 0.001148, 0.001264, 0.001181, 0.001218, 0.001274, 0.001200, 0.001174, 0.001321
14 , 1, 1, 1, 2, 2, 2, 2
14 , 0.001210, 0.001124, 0.000718, 0.001319, 0.001344, 0.001622, 0.001724
15 , 0.001056, 0.001371, 0.001176, 0.001315, 0.001039, 0.001093, 0.001018, 0.001076, 0.000942, 0.001218, 0.001127, 0.001172, 0.000995, 0.001213, 0.001074, 0.001218, 0.000963, 0.001132, 0.000997, 0.001137, 0.001018, 0.001002, 0.001088, 0.001172, 0.001014, 0.001125, 0.001042, 0.001232, 0.000986, 0.001148, 0.001178, 0.001234, 0.001148, 0.001264, 0.001181, 0.001218, 0.001274, 0.001200, 0.001174, 0.001321, 0.001307, 0.001215, 0.001206, 0.001314, 0.001314, 0.001245, 0.001335, 0.001300, 0.001322, 0.001236, 0.001270, 0.001477, 0.001404, 0.001219, 0.001284, 0.001314, 0.001344, 0.001211, 0.001251, 0.001088, 0.001255, 0.001065, 0.001111, 0.001111, 0.001140, 0.001044, 0.001225, 0.001095, 0.001244, 0.001017, 0.001167, 0.001038, 0.001047, 0.000943, 0.001102, 0.000836, 0.001168, 0.000924, 0.001075, 0.000975, 0.001170, 0.001046, 0.001206, 0.000988, 0.001355, 0.001079, 0.001343, 0.001178, 0.001329, 0.001063, 0.001255, 0.001100
15 , 3, 3, 3, 3, 3, 3, 3
15 , 0.003714, 0.004142, 0.004010, 0.004564, 0.004134, 0.004111, 0.003898
16 , 0.001236, 0.001270, 0.001477, 0.001404, 0.001219, 0.001284, 0.001314, 0.001344, 0.001211, 0.001251, 0.001088, 0.001255, 0.001065, 0.001111, 0.001111, 0.001140, 0.001044, 0.001225, 0.001095, 0.001244, 0.001017, 0.001167, 0.001038, 0.001047, 0.000943, 0.001102, 0.000836, 0.001168, 0.000924, 0.001075, 0.000975, 0.001170, 0.001046, 0.001206, 0.000988, 0.001355, 0.001079, 0.001343, 0.001178, 0.001329, 0.001063, 0.001255, 0.001100, 0.001385, 0.001146, 0.001246, 0.001160, 0.001355, 0.001053, 0.001257, 0.000905, 0.001255, 0.001044, 0.001219, 0.001019, 0.001154, 0.000908, 0.001127, 0.001087, 0.001092, 0.001041, 0.001095, 0.000980, 0.001161, 0.000886, 0.001143, 0.000978, 0.001159, 0.001149, 0.001179, 0.001046, 0.001260, 0.001158, 0.001334, 0.001268, 0.001337, 0.001185, 0.001457, 0.001323, 0.001426, 0.001326, 0.001331, 0.001317, 0.001331, 0.001322, 0.001399, 0.001391, 0.001421, 0.001386, 0.001486, 0.001240, 0.001235
16 , 2, 2, 2, 2, 2, 2, 2
16 , 0.007113, 0.007454, 0.007070, 0.007224, 0.006948, 0.006969, 0.005979
