0 , 0.001468, 0.001470, 0.001363, 0.001454, 0.001289, 0.001562, 0.001460, 0.001486, 0.001326, 0.001542, 0.001317, 0.001417, 0.001350, 0.001537, 0.001380, 0.001533, 0.001434, 0.001647, 0.001638, 0.001705, 0.001569, 0.001557, 0.001568, 0.000175, 0.001606, 0.001570, 0.001636, 0.001929, 0.001977, 0.001933, 0.001942, 0.002106, 0.002135, 0.002095, 0.002194, 0.002103, 0.002342, 0.002224, 0.002328, 0.002401, 0.002363, 0.002552, 0.002377, 0.002552, 0.002335, 0.002397, 0.002410, 0.002255, 0.000481, 0.001339, 0.001141, 0.001261, 0.001306, 0.001140, 0.001225, 0.001232, 0.001470, 0.001366, 0.001510, 0.001343, 0.001489, 0.001390, 0.001506, 0.001376, 0.001558, 0.001521, 0.001552, 0.001427, 0.001669, 0.001436, 0.001725, 0.000791, 0.001274, 0.001568, 0.001693, 0.001632, 0.001784, 0.001672, 0.001799, 0.001760, 0.001736, 0.001717, 0.001774, 0.001799, 0.001771, 0.001835, 0.001749, 0.001992, 0.001868, 0.001946, 0.001930, 0.001967
0 , 0, 0, 0, 0, 0, 0, 0
0 , 0.016193, 0.017608, 0.019336, 0.021085, 0.024517, 0.026033, 0.025578
1 , 0.001261, 0.001306, 0.001140, 0.001225, 0.001232, 0.001470, 0.001366, 0.001510, 0.001343, 0.001489, 0.001390, 0.001506, 0.001376, 0.001558, 0.001521, 0.001552, 0.001427, 0.001669, 0.001436, 0.001725, 0.000791, 0.001274, 0.001568, 0.001693, 0.001632, 0.001784, 0.001672, 0.001799, 0.001760, 0.001736, 0.001717, 0.001774, 0.001799, 0.001771, 0.001835, 0.001749, 0.001992, 0.001868, 0.001946, 0.001930, 0.001967, 0.002172, 0.001980, 0.001852, 0.001976, 0.000505, 0.001421, 0.001533, 0.001605, 0.001273, 0.001210, 0.001334, 0.001233, 0.001296, 0.001138, 0.001314, 0.001156, 0.001341, 0.001248, 0.001464, 0.001298, 0.001299, 0.001230, 0.001316, 0.001251, 0.001490, 0.001355, 0.001472, 0.001377, 0.001528, 0.001411, 0.000595, 0.001692, 0.001630, 0.001546, 0.001945, 0.001813, 0.001759, 0.001703, 0.001858, 0.001921, 0.001855, 0.002044, 0.002003, 0.002132, 0.002040, 0.002191, 0.002097, 0.001989, 0.002245, 0.002110, 0.002302
1 , 0, 0, 0, 0, 0, 0, 0
1 , 0.019421, 0.019896, 0.019716, 0.020630, 0.022749, 0.022535, 0.022003
2 , 0.001210, 0.001334, 0.001233, 0.001296, 0.001138, 0.001314, 0.001156, 0.001341, 0.001248, 0.001464, 0.001298, 0.001299, 0.001230, 0.001316, 0.001251, 0.001490, 0.001355, 0.001472, 0.001377, 0.001528, 0.001411, 0.000595, 0.001692, 0.001630, 0.001546, 0.001945, 0.001813, 0.001759, 0.001703, 0.001858, 0.001921, 0.001855, 0.002044, 0.002003, 0.002132, 0.002040, 0.002191, 0.002097, 0.001989, 0.002245, 0.002110, 0.002302, 0.002119, 0.002040, 0.002304, 0.001391, 0.001393, 0.001443, 0.001477, 0.001293, 0.001289, 0.001163, 0.001376, 0.001241, 0.001426, 0.001201, 0.001422, 0.001200, 0.001451, 0.001167, 0.001413, 0.001164, 0.001412, 0.001255, 0.001444, 0.001350, 0.001623, 0.001265, 0.001629, 0.000133, 0.001652, 0.001589, 0.001717, 0.001751, 0.001856, 0.001805, 0.002034, 0.001916, 0.001987, 0.001805, 0.001963, 0.002033, 0.001845, 0.002048, 0.001866, 0.002135, 0.002041, 0.002023, 0.001969, 0.002046, 0.002201, 0.002042
2 , 0, 0, 0, 0, 0, 0, 0
2 , 0.021967, 0.023840, 0.027339, 0.028947, 0.028712, 0.028366, 0.027633
3 , 0.001293, 0.001289, 0.001163, 0.001376, 0.001241, 0.001426, 0.001201, 0.001422, 0.001200, 0.001451, 0.001167, 0.001413, 0.001164, 0.001412, 0.001255, 0.001444, 0.001350, 0.001623, 0.001265, 0.001629, 0.000133, 0.001652, 0.001589, 0.001717, 0.001751, 0.001856, 0.001805, 0.002034, 0.001916, 0.001987, 0.001805, 0.001963, 0.002033, 0.001845, 0.002048, 0.001866, 0.002135, 0.002041, 0.002023, 0.001969, 0.002046, 0.002201, 0.002042, 0.002229, 0.002060, 0.002042, 0.001993, 0.000433, 0.001687, 0.001448, 0.001429, 0.001236, 0.001383, 0.001155, 0.001271, 0.001324, 0.001473, 0.001404, 0.001528, 0.001288, 0.001416, 0.001316, 0.001504, 0.001169, 0.001357, 0.001228, 0.001326, 0.001261, 0.001322, 0.001345, 0.001335, 0.001368, 0.000763, 0.001522, 0.001764, 0.002007, 0.001983, 0.001886, 0.001862, 0.001754, 0.002135, 0.002011, 0.002058, 0.001791, 0.002075, 0.002152, 0.002014, 0.001994, 0.001822, 0.002122, 0.002061, 0.002034
3 , 0, 0, 0, 0, 0, 0, 0
3 , 0.020078, 0.021810, 0.026440, 0.027963, 0.026188, 0.027807, 0.027559
4 , 0.001448, 0.001429, 0.001236, 0.001383, 0.001155, 0.001271, 0.001324, 0.001473, 0.001404, 0.001528, 0.001288, 0.001416, 0.001316, 0.001504, 0.001169, 0.001357, 0.001228, 0.001326, 0.001261, 0.001322, 0.001345, 0.001335, 0.001368, 0.000763, 0.001522, 0.001764, 0.002007, 0.001983, 0.001886, 0.001862, 0.001754, 0.002135, 0.002011, 0.002058, 0.001791, 0.002075, 0.002152, 0.002014, 0.001994, 0.001822, 0.002122, 0.002061, 0.002034, 0.001980, 0.001916, 0.002239, 0.001889, 0.002070, 0.000385, 0.001210, 0.001418, 0.001506, 0.001479, 0.001385, 0.001423, 0.001306, 0.001347, 0.001164, 0.001355, 0.001232, 0.001332, 0.001090, 0.001273, 0.001186, 0.001346, 0.001159, 0.001220, 0.001217, 0.001249, 0.001149, 0.001220, 0.001130, 0.000848, 0.001963, 0.001960, 0.001931, 0.001889, 0.002069, 0.001969, 0.002017, 0.001892, 0.001952, 0.002182, 0.001963, 0.002091, 0.001997, 0.002175, 0.002088, 0.002132, 0.002148, 0.002006, 0.002175
4 , 0, 0, 0, 0, 0, 0, 0
4 , 0.020246, 0.023079, 0.025008, 0.027538, 0.030151, 0.031245, 0.029952
5 , 0.001506, 0.001479, 0.001385, 0.001423, 0.001306, 0.001347, 0.001164, 0.001355, 0.001232, 0.001332, 0.001090, 0.001273, 0.001186, 0.001346, 0.001159, 0.001220, 0.001217, 0.001249, 0.001149, 0.001220, 0.001130, 0.000848, 0.001963, 0.001960, 0.001931, 0.001889, 0.002069, 0.001969, 0.002017, 0.001892, 0.001952, 0.002182, 0.001963, 0.002091, 0.001997, 0.002175, 0.002088, 0.002132, 0.002148, 0.002006, 0.002175, 0.002020, 0.002118, 0.002021, 0.002249, 0.001623, 0.000912, 0.001526, 0.001323, 0.001183, 0.001174, 0.001239, 0.001120, 0.001276, 0.001114, 0.001269, 0.001052, 0.001235, 0.001164, 0.001350, 0.001196, 0.001318, 0.001193, 0.001374, 0.001282, 0.001370, 0.001382, 0.001350, 0.001336, 0.001257, 0.001404, 0.000364, 0.001680, 0.001703, 0.001771, 0.001885, 0.001845, 0.002000, 0.001831, 0.002110, 0.002003, 0.002121, 0.001980, 0.001889, 0.002020, 0.001920, 0.002095, 0.001842, 0.002017, 0.002037, 0.002091, 0.002125
5 , 0, 0, 0, 0, 0, 0, 0
5 , 0.026323, 0.028130, 0.029903, 0.030766, 0.032615, 0.031784, 0.030339
6 , 0.001174, 0.001239, 0.001120, 0.001276, 0.001114, 0.001269, 0.001052, 0.001235, 0.001164, 0.001350, 0.001196, 0.001318, 0.001193, 0.001374, 0.001282, 0.001370, 0.001382, 0.001350, 0.001336, 0.001257, 0.001404, 0.000364, 0.001680, 0.001703, 0.001771, 0.001885, 0.001845, 0.002000, 0.001831, 0.002110, 0.002003, 0.002121, 0.001980, 0.001889, 0.002020, 0.001920, 0.002095, 0.001842, 0.002017, 0.002037, 0.002091, 0.002125, 0.001945, 0.002324, 0.002071, 0.002218, 0.000248, 0.001250, 0.001312, 0.001144, 0.001213, 0.001033, 0.001096, 0.001125, 0.001080, 0.001100, 0.001200, 0.001011, 0.001137, 0.000913, 0.001041, 0.000916, 0.001105, 0.001040, 0.001193, 0.001088, 0.001181, 0.000968, 0.001343, 0.000467, 0.001425, 0.002110, 0.002193, 0.002063, 0.001924, 0.002181, 0.002165, 0.002115, 0.002251, 0.002042, 0.002222, 0.002242, 0.002117, 0.002039, 0.002110, 0.002242, 0.002213, 0.002315, 0.002142, 0.002247, 0.002206, 0.002213
6 , 0, 0, 0, 0, 0, 0, 0
6 , 0.032670, 0.035384, 0.039608, 0.039923, 0.037995, 0.036333, 0.033009
7 , 0.001144, 0.001213, 0.001033, 0.001096, 0.001125, 0.001080, 0.001100, 0.001200, 0.001011, 0.001137, 0.000913, 0.001041, 0.000916, 0.001105, 0.001040, 0.001193, 0.001088, 0.001181, 0.000968, 0.001343, 0.000467, 0.001425, 0.002110, 0.002193, 0.002063, 0.001924, 0.002181, 0.002165, 0.002115, 0.002251, 0.002042, 0.002222, 0.002242, 0.002117, 0.002039, 0.002110, 0.002242, 0.002213, 0.002315, 0.002142, 0.002247, 0.002206, 0.002213, 0.001980, 0.002266, 0.000936, 0.001402, 0.001365, 0.001419, 0.001326, 0.001344, 0.001281, 0.001248, 0.001338, 0.001207, 0.001328, 0.001234, 0.001384, 0.001254, 0.001260, 0.001202, 0.001295, 0.001237, 0.001333, 0.001304, 0.001309, 0.001184, 0.001339, 0.001272, 0.001158, 0.001211, 0.000648, 0.001866, 0.001741, 0.001881, 0.002007, 0.001932, 0.002084, 0.001808, 0.002088, 0.002071, 0.002051, 0.002054, 0.001940, 0.002075, 0.001980, 0.002098, 0.001869, 0.001997, 0.002166, 0.002081, 0.002091
7 , 0, 0, 0, 0, 0, 0, 0
7 , 0.033209, 0.034925, 0.036878, 0.037813, 0.038133, 0.036317, 0.034692
8 , 0.001344, 0.001281, 0.001248, 0.001338, 0.001207, 0.001328, 0.001234, 0.001384, 0.001254, 0.001260, 0.001202, 0.001295, 0.001237, 0.001333, 0.001304, 0.001309, 0.001184, 0.001339, 0.001272, 0.001158, 0.001211, 0.000648, 0.001866, 0.001741, 0.001881, 0.002007, 0.001932, 0.002084, 0.001808, 0.002088, 0.002071, 0.002051, 0.002054, 0.001940, 0.002075, 0.001980, 0.002098, 0.001869, 0.001997, 0.002166, 0.002081, 0.002091, 0.001963, 0.002250, 0.002299, 0.001667, 0.001274, 0.001478, 0.001393, 0.001269, 0.001269, 0.001149, 0.001341, 0.001034, 0.001219, 0.001207, 0.001396, 0.001205, 0.001444, 0.001122, 0.001274, 0.001202, 0.001411, 0.001317, 0.001441, 0.001253, 0.001523, 0.001284, 0.001659, 0.000088, 0.001503, 0.001690, 0.001742, 0.001778, 0.001766, 0.001648, 0.001955, 0.001754, 0.001854, 0.001766, 0.001979, 0.001975, 0.002035, 0.001968, 0.001881, 0.002104, 0.002094, 0.002145, 0.001913, 0.001983, 0.002199, 0.002155
8 , 0, 0, 0, 0, 0, 0, 0
8 , 0.023472, 0.025783, 0.030138, 0.031866, 0.031294, 0.030559, 0.027070
9 , 0.001269, 0.001269, 0.001149, 0.001341, 0.001034, 0.001219, 0.001207, 0.001396, 0.001205, 0.001444, 0.001122, 0.001274, 0.001202, 0.001411, 0.001317, 0.001441, 0.001253, 0.001523, 0.001284, 0.001659, 0.000088, 0.001503, 0.001690, 0.001742, 0.001778, 0.001766, 0.001648, 0.001955, 0.001754, 0.001854, 0.001766, 0.001979, 0.001975, 0.002035, 0.001968, 0.001881, 0.002104, 0.002094, 0.002145, 0.001913, 0.001983, 0.002199, 0.002155, 0.002238, 0.002165, 0.000044, 0.001527, 0.001455, 0.001429, 0.001305, 0.001360, 0.001327, 0.001263, 0.001322, 0.001291, 0.001379, 0.001323, 0.001146, 0.001267, 0.001304, 0.001306, 0.001347, 0.001286, 0.001226, 0.001169, 0.001254, 0.001247, 0.001276, 0.001219, 0.001439, 0.000704, 0.001279, 0.001862, 0.001740, 0.001690, 0.002083, 0.001864, 0.002072, 0.001816, 0.001950, 0.002048, 0.001802, 0.001972, 0.001824, 0.002115, 0.001954, 0.001908, 0.001929, 0.001829, 0.001947, 0.002005, 0.002113
9 , 0, 0, 0, 0, 0, 0, 0
9 , 0.023446, 0.025242, 0.025759, 0.027905, 0.028158, 0.027183, 0.026089
10 , 0.001360, 0.001327, 0.001263, 0.001322, 0.001291, 0.001379, 0.001323, 0.001146, 0.001267, 0.001304, 0.001306, 0.001347, 0.001286, 0.001226, 0.001169, 0.001254, 0.001247, 0.001276, 0.001219, 0.001439, 0.000704, 0.001279, 0.001862, 0.001740, 0.001690, 0.002083, 0.001864, 0.002072, 0.001816, 0.001950, 0.002048, 0.001802, 0.001972, 0.001824, 0.002115, 0.001954, 0.001908, 0.001929, 0.001829, 0.001947, 0.002005, 0.002113, 0.002013, 0.002104, 0.002185, 0.000564, 0.001682, 0.001577, 0.001510, 0.001332, 0.001335, 0.001184, 0.001311, 0.001130, 0.001287, 0.001038, 0.001296, 0.001102, 0.001258, 0.001165, 0.001379, 0.001158, 0.001342, 0.001151, 0.001240, 0.001179, 0.001367, 0.001215, 0.001313, 0.001008, 0.001771, 0.001909, 0.001828, 0.001909, 0.001876, 0.001970, 0.002118, 0.001926, 0.002112, 0.001856, 0.002172, 0.002081, 0.002077, 0.002135, 0.001936, 0.002114, 0.001966, 0.002033, 0.001919, 0.001885, 0.002016, 0.002010
10 , 0, 0, 0, 0, 0, 0, 0
10 , 0.026603, 0.028810, 0.029957, 0.030537, 0.029612, 0.028689, 0.027570
11 , 0.001332, 0.001335, 0.001184, 0.001311, 0.001130, 0.001287, 0.001038, 0.001296, 0.001102, 0.001258, 0.001165, 0.001379, 0.001158, 0.001342, 0.001151, 0.001240, 0.001179, 0.001367, 0.001215, 0.001313, 0.001008, 0.001771, 0.001909, 0.001828, 0.001909, 0.001876, 0.001970, 0.002118, 0.001926, 0.002112, 0.001856, 0.002172, 0.002081, 0.002077, 0.002135, 0.001936, 0.002114, 0.001966, 0.002033, 0.001919, 0.001885, 0.002016, 0.002010, 0.002105, 0.001868, 0.002152, 0.001838, 0.000916, 0.001548, 0.001381, 0.001235, 0.001256, 0.001204, 0.001354, 0.001302, 0.001219, 0.001281, 0.001221, 0.001163, 0.001071, 0.001221, 0.001256, 0.001169, 0.001165, 0.001258, 0.001236, 0.001151, 0.001093, 0.001124, 0.001156, 0.001246, 0.001122, 0.001190, 0.001189, 0.001192, 0.001201, 0.001196, 0.001189, 0.001278, 0.001190, 0.001227, 0.001285, 0.001217, 0.001339, 0.001183, 0.001222, 0.001160, 0.001196, 0.001164, 0.001160, 0.001207, 0.001266
11 , 3, 3, 3, 0, 0, 0, 0
11 , 0.017506, 0.017650, 0.018315, 0.018399, 0.016675, 0.016334, 0.015260
12 , 0.001381, 0.001235, 0.001256, 0.001204, 0.001354, 0.001302, 0.001219, 0.001281, 0.001221, 0.001163, 0.001071, 0.001221, 0.001256, 0.001169, 0.001165, 0.001258, 0.001236, 0.001151, 0.001093, 0.001124, 0.001156, 0.001246, 0.001122, 0.001190, 0.001189, 0.001192, 0.001201, 0.001196, 0.001189, 0.001278, 0.001190, 0.001227, 0.001285, 0.001217, 0.001339, 0.001183, 0.001222, 0.001160, 0.001196, 0.001164, 0.001160, 0.001207, 0.001266, 0.001176, 0.001266, 0.001178, 0.001275, 0.001249, 0.001343, 0.001246, 0.001278, 0.001207, 0.001321, 0.001343, 0.001342, 0.001151, 0.001212, 0.001201, 0.001381, 0.001255, 0.001318, 0.001313, 0.001375, 0.001313, 0.001445, 0.001321, 0.001474, 0.001327, 0.001256, 0.001144, 0.001246, 0.001095, 0.001257, 0.001076, 0.001149, 0.001001, 0.001189, 0.001082, 0.001169, 0.001156, 0.001272, 0.001103, 0.001419, 0.001253, 0.001461, 0.001361, 0.001509, 0.001381, 0.001471, 0.001369, 0.001461, 0.001395
12 , 1, 1, 1, 1, 3, 0, 0
12 , 0.002546, 0.001565, 0.001433, 0.000923, 0.000146, 0.000516, 0.001342
13 , 0.001275, 0.001249, 0.001343, 0.001246, 0.001278, 0.001207, 0.001321, 0.001343, 0.001342, 0.001151, 0.001212, 0.001201, 0.001381, 0.001255, 0.001318, 0.001313, 0.001375, 0.001313, 0.001445, 0.001321, 0.001474, 0.001327, 0.001256, 0.001144, 0.001246, 0.001095, 0.001257, 0.001076, 0.001149, 0.001001, 0.001189, 0.001082, 0.001169, 0.001156, 0.001272, 0.001103, 0.001419, 0.001253, 0.001461, 0.001361, 0.001509, 0.001381, 0.001471, 0.001369, 0.001461, 0.001395, 0.001550, 0.001420, 0.001609, 0.001422, 0.001640, 0.001334, 0.001461, 0.001361, 0.001643, 0.001426, 0.001585, 0.001432, 0.001554, 0.001405, 0.001530, 0.001318, 0.001456, 0.001369, 0.001412, 0.001164, 0.001362, 0.001179, 0.001318, 0.001138, 0.001271, 0.001146, 0.001304, 0.001100, 0.001297, 0.001016, 0.001143, 0.001108, 0.001150, 0.001025, 0.001272, 0.001144, 0.001144, 0.001044, 0.001190, 0.001212, 0.001275, 0.001111, 0.001264, 0.001199, 0.001226, 0.001165
13 , 1, 1, 1, 1, 1, 3, 3
13 , 0.006463, 0.006444, 0.006384, 0.006136, 0.005509, 0.004703, 0.004502
14 , 0.001550, 0.001420, 0.001609, 0.001422, 0.001640, 0.001334, 0.001461, 0.001361, 0.001643, 0.001426, 0.001585, 0.001432, 0.001554, 0.001405, 0.001530, 0.001318, 0.001456, 0.001369, 0.001412, 0.001164, 0.001362, 0.001179, 0.001318, 0.001138, 0.001271, 0.001146, 0.001304, 0.001100, 0.001297, 0.001016, 0.001143, 0.001108, 0.001150, 0.001025, 0.001272, 0.001144, 0.001144, 0.001044, 0.001190, 0.001212, 0.001275, 0.001111, 0.001264, 0.001199, 0.001226, 0.001165, 0.001315, 0.001278, 0.001253, 0.001131, 0.001315, 0.001313, 0.001253, 0.001199, 0.001290, 0.001286, 0.001199, 0.001210, 0.001210, 0.001049, 0.001294, 0.001229, 0.001164, 0.001372, 0.001250, 0.001221, 0.001189, 0.001404, 0.001254, 0.001256, 0.001254, 0.001285, 0.001348, 0.001468, 0.001245, 0.001366, 0.001274, 0.001398, 0.001305, 0.001334, 0.001301, 0.001422, 0.001328, 0.001444, 0.001314, 0.001382, 0.001254, 0.001376, 0.001310, 0.001561, 0.001378, 0.001592
14 , 2, 2, 2, 2, 2, 2, 2
14 , 0.008533, 0.008543, 0.008674, 0.008720, 0.008678, 0.008349, 0.007669
15 , 0.001131, 0.001315, 0.001313, 0.001253, 0.001199, 0.001290, 0.001286, 0.001199, 0.001210, 0.001210, 0.001049, 0.001294, 0.001229, 0.001164, 0.001372, 0.001250, 0.001221, 0.001189, 0.001404, 0.001254, 0.001256, 0.001254, 0.001285, 0.001348, 0.001468, 0.001245, 0.001366, 0.001274, 0.001398, 0.001305, 0.001334, 0.001301, 0.001422, 0.001328, 0.001444, 0.001314, 0.001382, 0.001254, 0.001376, 0.001310, 0.001561, 0.001378, 0.001592, 0.001442, 0.001512, 0.001323, 0.001535, 0.001322, 0.001295, 0.001293, 0.001419, 0.001260, 0.001505, 0.001230, 0.001395, 0.001092, 0.001244, 0.001154, 0.001439, 0.001313, 0.001384, 0.001207, 0.001279, 0.001176, 0.001356, 0.001164, 0.001289, 0.001160, 0.001309, 0.001092, 0.001398, 0.001210, 0.001460, 0.001309, 0.001306, 0.001217, 0.001465, 0.001278, 0.001372, 0.001351, 0.001355, 0.001228, 0.001235, 0.001199, 0.001362, 0.001268, 0.001325, 0.001323, 0.001384, 0.001167, 0.001319, 0.001256
15 , 0, 0, 0, 0, 0, 0, 0
15 , 0.002565, 0.002945, 0.003495, 0.003770, 0.003817, 0.003274, 0.002943
16 , 0.001419, 0.001260, 0.001505, 0.001230, 0.001395, 0.001092, 0.001244, 0.001154, 0.001439, 0.001313, 0.001384, 0.001207, 0.001279, 0.001176, 0.001356, 0.001164, 0.001289, 0.001160, 0.001309, 0.001092, 0.001398, 0.001210, 0.001460, 0.001309, 0.001306, 0.001217, 0.001465, 0.001278, 0.001372, 0.001351, 0.001355, 0.001228, 0.001235, 0.001199, 0.001362, 0.001268, 0.001325, 0.001323, 0.001384, 0.001167, 0.001319, 0.001256, 0.001261, 0.001168, 0.001325, 0.001322, 0.001260, 0.001261, 0.001376, 0.001343, 0.001220, 0.001221, 0.001344, 0.001382, 0.001315, 0.001221, 0.001159, 0.001347, 0.001372, 0.001344, 0.001287, 0.001321, 0.001287, 0.001289, 0.001346, 0.001439, 0.001256, 0.001350, 0.001290, 0.001321, 0.001222, 0.001403, 0.001183, 0.001367, 0.001329, 0.001427, 0.001205, 0.001479, 0.001384, 0.001511, 0.001289, 0.001350, 0.001249, 0.001402, 0.001338, 0.001518, 0.001363, 0.001521, 0.001333, 0.001521, 0.001396, 0.001523
16 , 0, 0, 0, 0, 0, 0, 0
16 , 0.001120, 0.001848, 0.001747, 0.002217, 0.001710, 0.002178, 0.002275
