0 , 0.001401, 0.001367, 0.001594, 0.001440, 0.001299, 0.001658, 0.001520, 0.001683, 0.001605, 0.001603, 0.001550, 0.001642, 0.001719, 0.001408, 0.001655, 0.001575, 0.001575, 0.001666, 0.001345, 0.001530, 0.001501, 0.001480, 0.001692, 0.000603, 0.001066, 0.001573, 0.001339, 0.001361, 0.001197, 0.001336, 0.000963, 0.001180, 0.000955, 0.001177, 0.000969, 0.001212, 0.001010, 0.001188, 0.001118, 0.001186, 0.001061, 0.001302, 0.001237, 0.001186, 0.001161, 0.001242, 0.001183, 0.000545, 0.001179, 0.001407, 0.001218, 0.001309, 0.001341, 0.001567, 0.001411, 0.001521, 0.001587, 0.001458, 0.001581, 0.001452, 0.001667, 0.001491, 0.001388, 0.001772, 0.001553, 0.001571, 0.001349, 0.001481, 0.001554, 0.001412, 0.001468, 0.001240, 0.001580, 0.001664, 0.000856, 0.001567, 0.001458, 0.001381, 0.001329, 0.001675, 0.001489, 0.001532, 0.001356, 0.001588, 0.001326, 0.001562, 0.001269, 0.001446, 0.001230, 0.001437, 0.001182, 0.001510
0 , 2, 2, 1, 1, 1, 1, 1
0 , 0.006439, 0.006417, 0.007787, 0.008925, 0.010998, 0.010225, 0.010107
1 , 0.001218, 0.001309, 0.001341, 0.001567, 0.001411, 0.001521, 0.001587, 0.001458, 0.001581, 0.001452, 0.001667, 0.001491, 0.001388, 0.001772, 0.001553, 0.001571, 0.001349, 0.001481, 0.001554, 0.001412, 0.001468, 0.001240, 0.001580, 0.001664, 0.000856, 0.001567, 0.001458, 0.001381, 0.001329, 0.001675, 0.001489, 0.001532, 0.001356, 0.001588, 0.001326, 0.001562, 0.001269, 0.001446, 0.001230, 0.001437, 0.001182, 0.001510, 0.001299, 0.001415, 0.001169, 0.001398, 0.001264, 0.001399, 0.001286, 0.000163, 0.001144, 0.001463, 0.001434, 0.001301, 0.001626, 0.001566, 0.001596, 0.001394, 0.001570, 0.001761, 0.001785, 0.001799, 0.001570, 0.001774, 0.001745, 0.001676, 0.001756, 0.001536, 0.001706, 0.001735, 0.001626, 0.001618, 0.001494, 0.002043, 0.000276, 0.001372, 0.001306, 0.001320, 0.001016, 0.001098, 0.001144, 0.001269, 0.001100, 0.001198, 0.001037, 0.001192, 0.001063, 0.001144, 0.001166, 0.001261, 0.001273, 0.001247
1 , 1, 1, 1, 1, 1, 1, 1
1 , 0.004383, 0.006474, 0.007632, 0.008181, 0.009159, 0.010224, 0.013101
2 , 0.001434, 0.001301, 0.001626, 0.001566, 0.001596, 0.001394, 0.001570, 0.001761, 0.001785, 0.001799, 0.001570, 0.001774, 0.001745, 0.001676, 0.001756, 0.001536, 0.001706, 0.001735, 0.001626, 0.001618, 0.001494, 0.002043, 0.000276, 0.001372, 0.001306, 0.001320, 0.001016, 0.001098, 0.001144, 0.001269, 0.001100, 0.001198, 0.001037, 0.001192, 0.001063, 0.001144, 0.001166, 0.001261, 0.001273, 0.001247, 0.001402, 0.001372, 0.001255, 0.001204, 0.001454, 0.000720, 0.000694, 0.001342, 0.001392, 0.001233, 0.001419, 0.001452, 0.001511, 0.001515, 0.001339, 0.001551, 0.001535, 0.001544, 0.001544, 0.001343, 0.001624, 0.001482, 0.001515, 0.001442, 0.001412, 0.001557, 0.001472, 0.001640, 0.001379, 0.001783, 0.001032, 0.001290, 0.001334, 0.001398, 0.001385, 0.001324, 0.001187, 0.001005, 0.001278, 0.001036, 0.001175, 0.001028, 0.001185, 0.001028, 0.001198, 0.000831, 0.000996, 0.001017, 0.001242, 0.000955, 0.001233, 0.001123
2 , 1, 1, 1, 1, 1, 1, 1
2 , 0.011454, 0.013422, 0.016158, 0.018336, 0.016024, 0.016140, 0.016189
3 , 0.001233, 0.001419, 0.001452, 0.001511, 0.001515, 0.001339, 0.001551, 0.001535, 0.001544, 0.001544, 0.001343, 0.001624, 0.001482, 0.001515, 0.001442, 0.001412, 0.001557, 0.001472, 0.001640, 0.001379, 0.001783, 0.001032, 0.001290, 0.001334, 0.001398, 0.001385, 0.001324, 0.001187, 0.001005, 0.001278, 0.001036, 0.001175, 0.001028, 0.001185, 0.001028, 0.001198, 0.000831, 0.000996, 0.001017, 0.001242, 0.000955, 0.001233, 0.001123, 0.001327, 0.001210, 0.001268, 0.001047, 0.000416, 0.001357, 0.001360, 0.001424, 0.001299, 0.001690, 0.001594, 0.001527, 0.001491, 0.001568, 0.001875, 0.001617, 0.001680, 0.001589, 0.001662, 0.001756, 0.001568, 0.001647, 0.001328, 0.001297, 0.001293, 0.001043, 0.001180, 0.001142, 0.001139, 0.001072, 0.001980, 0.001821, 0.001900, 0.001734, 0.001960, 0.001537, 0.001695, 0.001574, 0.001605, 0.001428, 0.001622, 0.001358, 0.001564, 0.001424, 0.001504, 0.001222, 0.001381, 0.001402, 0.001307
3 , 2, 2, 2, 2, 2, 2, 2
3 , 0.007024, 0.008382, 0.009649, 0.009344, 0.009764, 0.010112, 0.008926
4 , 0.001299, 0.001690, 0.001594, 0.001527, 0.001491, 0.001568, 0.001875, 0.001617, 0.001680, 0.001589, 0.001662, 0.001756, 0.001568, 0.001647, 0.001328, 0.001297, 0.001293, 0.001043, 0.001180, 0.001142, 0.001139, 0.001072, 0.001980, 0.001821, 0.001900, 0.001734, 0.001960, 0.001537, 0.001695, 0.001574, 0.001605, 0.001428, 0.001622, 0.001358, 0.001564, 0.001424, 0.001504, 0.001222, 0.001381, 0.001402, 0.001307, 0.001350, 0.001243, 0.001428, 0.000107, 0.001097, 0.001348, 0.001413, 0.001431, 0.001454, 0.001617, 0.001463, 0.001729, 0.001449, 0.001589, 0.001690, 0.001623, 0.001621, 0.001557, 0.001678, 0.001664, 0.001518, 0.001694, 0.001399, 0.001728, 0.001733, 0.001699, 0.001525, 0.001936, 0.000471, 0.001327, 0.001307, 0.001251, 0.001126, 0.001156, 0.001052, 0.001145, 0.001136, 0.001096, 0.001247, 0.001083, 0.001148, 0.000954, 0.001334, 0.001234, 0.001199, 0.001087, 0.001324, 0.001217, 0.001385, 0.001135, 0.001415
4 , 3, 1, 1, 3, 1, 1, 1
4 , 0.007069, 0.009647, 0.008178, 0.008039, 0.008655, 0.008731, 0.009446
5 , 0.001413, 0.001431, 0.001454, 0.001617, 0.001463, 0.001729, 0.001449, 0.001589, 0.001690, 0.001623, 0.001621, 0.001557, 0.001678, 0.001664, 0.001518, 0.001694, 0.001399, 0.001728, 0.001733, 0.001699, 0.001525, 0.001936, 0.000471, 0.001327, 0.001307, 0.001251, 0.001126, 0.001156, 0.001052, 0.001145, 0.001136, 0.001096, 0.001247, 0.001083, 0.001148, 0.000954, 0.001334, 0.001234, 0.001199, 0.001087, 0.001324, 0.001217, 0.001385, 0.001135, 0.001415, 0.001234, 0.001515, 0.000834, 0.000611, 0.001269, 0.001233, 0.001415, 0.001246, 0.001336, 0.001356, 0.001435, 0.001504, 0.001259, 0.001514, 0.001326, 0.001445, 0.001422, 0.001432, 0.001763, 0.001488, 0.001657, 0.001422, 0.001468, 0.001594, 0.001488, 0.001438, 0.001504, 0.000881, 0.001179, 0.001592, 0.001441, 0.001450, 0.001264, 0.001432, 0.001251, 0.001411, 0.001208, 0.001390, 0.001247, 0.001527, 0.001169, 0.001450, 0.001156, 0.001286, 0.001100, 0.001243, 0.001100
5 , 1, 1, 1, 1, 1, 1, 1
5 , 0.006267, 0.008816, 0.010034, 0.011305, 0.010935, 0.011551, 0.011226
6 , 0.001415, 0.001246, 0.001336, 0.001356, 0.001435, 0.001504, 0.001259, 0.001514, 0.001326, 0.001445, 0.001422, 0.001432, 0.001763, 0.001488, 0.001657, 0.001422, 0.001468, 0.001594, 0.001488, 0.001438, 0.001504, 0.000881, 0.001179, 0.001592, 0.001441, 0.001450, 0.001264, 0.001432, 0.001251, 0.001411, 0.001208, 0.001390, 0.001247, 0.001527, 0.001169, 0.001450, 0.001156, 0.001286, 0.001100, 0.001243, 0.001100, 0.001238, 0.001147, 0.001303, 0.001320, 0.000176, 0.000981, 0.001206, 0.001412, 0.001283, 0.001266, 0.001746, 0.001335, 0.001623, 0.001365, 0.001475, 0.001531, 0.001412, 0.001505, 0.001422, 0.001683, 0.001551, 0.001402, 0.001528, 0.001376, 0.001650, 0.001435, 0.001487, 0.001554, 0.001288, 0.000725, 0.001704, 0.001451, 0.001506, 0.001295, 0.001463, 0.001399, 0.001490, 0.001283, 0.001373, 0.001375, 0.001423, 0.001481, 0.001426, 0.001430, 0.001380, 0.001445, 0.001400, 0.001483, 0.001445, 0.001582, 0.001525
6 , 2, 1, 1, 2, 1, 1, 1
6 , 0.002734, 0.003359, 0.005739, 0.004684, 0.004526, 0.005201, 0.005507
7 , 0.001412, 0.001283, 0.001266, 0.001746, 0.001335, 0.001623, 0.001365, 0.001475, 0.001531, 0.001412, 0.001505, 0.001422, 0.001683, 0.001551, 0.001402, 0.001528, 0.001376, 0.001650, 0.001435, 0.001487, 0.001554, 0.001288, 0.000725, 0.001704, 0.001451, 0.001506, 0.001295, 0.001463, 0.001399, 0.001490, 0.001283, 0.001373, 0.001375, 0.001423, 0.001481, 0.001426, 0.001430, 0.001380, 0.001445, 0.001400, 0.001483, 0.001445, 0.001582, 0.001525, 0.001642, 0.001340, 0.001687, 0.000448, 0.000886, 0.001204, 0.001127, 0.001239, 0.001078, 0.001458, 0.001472, 0.001445, 0.001548, 0.001428, 0.001570, 0.001502, 0.001578, 0.001637, 0.001617, 0.001708, 0.001600, 0.001655, 0.001605, 0.001635, 0.001749, 0.001735, 0.001686, 0.001893, 0.000268, 0.001420, 0.001416, 0.001363, 0.001374, 0.001187, 0.001350, 0.001247, 0.001497, 0.001174, 0.001485, 0.001210, 0.001443, 0.001320, 0.001542, 0.001358, 0.001691, 0.001386, 0.001580, 0.001469
7 , 3, 1, 1, 1, 1, 1, 1
7 , 0.001280, 0.001275, 0.002613, 0.002512, 0.003827, 0.003426, 0.003801
8 , 0.001127, 0.001239, 0.001078, 0.001458, 0.001472, 0.001445, 0.001548, 0.001428, 0.001570, 0.001502, 0.001578, 0.001637, 0.001617, 0.001708, 0.001600, 0.001655, 0.001605, 0.001635, 0.001749, 0.001735, 0.001686, 0.001893, 0.000268, 0.001420, 0.001416, 0.001363, 0.001374, 0.001187, 0.001350, 0.001247, 0.001497, 0.001174, 0.001485, 0.001210, 0.001443, 0.001320, 0.001542, 0.001358, 0.001691, 0.001386, 0.001580, 0.001469, 0.001612, 0.001291, 0.001693, 0.001027, 0.000408, 0.000853, 0.000837, 0.000903, 0.000848, 0.001016, 0.001191, 0.000958, 0.001251, 0.001010, 0.001214, 0.001209, 0.001165, 0.001280, 0.001093, 0.001332, 0.001247, 0.001192, 0.001318, 0.001101, 0.001344, 0.001291, 0.001321, 0.001451, 0.001363, 0.001758, 0.000898, 0.001428, 0.001519, 0.001549, 0.001324, 0.001350, 0.001178, 0.001139, 0.001247, 0.001140, 0.001257, 0.001046, 0.001112, 0.001014, 0.001105, 0.001114, 0.001155, 0.000984, 0.001042, 0.000907
8 , 2, 2, 2, 2, 1, 1, 1
8 , 0.003560, 0.004925, 0.005551, 0.006313, 0.003853, 0.004593, 0.006308
9 , 0.000903, 0.000848, 0.001016, 0.001191, 0.000958, 0.001251, 0.001010, 0.001214, 0.001209, 0.001165, 0.001280, 0.001093, 0.001332, 0.001247, 0.001192, 0.001318, 0.001101, 0.001344, 0.001291, 0.001321, 0.001451, 0.001363, 0.001758, 0.000898, 0.001428, 0.001519, 0.001549, 0.001324, 0.001350, 0.001178, 0.001139, 0.001247, 0.001140, 0.001257, 0.001046, 0.001112, 0.001014, 0.001105, 0.001114, 0.001155, 0.000984, 0.001042, 0.000907, 0.001042, 0.000984, 0.001090, 0.000998, 0.001297, 0.000919, 0.001151, 0.000970, 0.001191, 0.001082, 0.001265, 0.000961, 0.001023, 0.000875, 0.001144, 0.000878, 0.001207, 0.001029, 0.001162, 0.000980, 0.001175, 0.001057, 0.001260, 0.001104, 0.001346, 0.001109, 0.001299, 0.001179, 0.001278, 0.001231, 0.001334, 0.001309, 0.001499, 0.001305, 0.001365, 0.001383, 0.001478, 0.001361, 0.001404, 0.001313, 0.001343, 0.001404, 0.001292, 0.001322, 0.001348, 0.001494, 0.001387, 0.001469, 0.001266
9 , 0, 0, 0, 2, 2, 2, 2
9 , 0.008279, 0.007182, 0.006186, 0.005791, 0.007157, 0.006907, 0.007514
10 , 0.000998, 0.001297, 0.000919, 0.001151, 0.000970, 0.001191, 0.001082, 0.001265, 0.000961, 0.001023, 0.000875, 0.001144, 0.000878, 0.001207, 0.001029, 0.001162, 0.000980, 0.001175, 0.001057, 0.001260, 0.001104, 0.001346, 0.001109, 0.001299, 0.001179, 0.001278, 0.001231, 0.001334, 0.001309, 0.001499, 0.001305, 0.001365, 0.001383, 0.001478, 0.001361, 0.001404, 0.001313, 0.001343, 0.001404, 0.001292, 0.001322, 0.001348, 0.001494, 0.001387, 0.001469, 0.001266, 0.001309, 0.001262, 0.001434, 0.001196, 0.001368, 0.001166, 0.001394, 0.001213, 0.001407, 0.001144, 0.001381, 0.001278, 0.001437, 0.001260, 0.001299, 0.001213, 0.001458, 0.001191, 0.001286, 0.001209, 0.001480, 0.001178, 0.001484, 0.001277, 0.001329, 0.001083, 0.001247, 0.000997, 0.001244, 0.000945, 0.001188, 0.000981, 0.001271, 0.001149, 0.001327, 0.001076, 0.001177, 0.000990, 0.001210, 0.001159, 0.001185, 0.001072, 0.001280, 0.001111, 0.001309, 0.001153
10 , 3, 3, 3, 3, 3, 3, 3
10 , 0.008959, 0.009338, 0.009359, 0.009261, 0.009020, 0.009051, 0.008350
11 , 0.001434, 0.001196, 0.001368, 0.001166, 0.001394, 0.001213, 0.001407, 0.001144, 0.001381, 0.001278, 0.001437, 0.001260, 0.001299, 0.001213, 0.001458, 0.001191, 0.001286, 0.001209, 0.001480, 0.001178, 0.001484, 0.001277, 0.001329, 0.001083, 0.001247, 0.000997, 0.001244, 0.000945, 0.001188, 0.000981, 0.001271, 0.001149, 0.001327, 0.001076, 0.001177, 0.000990, 0.001210, 0.001159, 0.001185, 0.001072, 0.001280, 0.001111, 0.001309, 0.001153, 0.001188, 0.001162, 0.001257, 0.001192, 0.001188, 0.001136, 0.001162, 0.001192, 0.001304, 0.001231, 0.001247, 0.001320, 0.001338, 0.001407, 0.001303, 0.001217, 0.001221, 0.001337, 0.001208, 0.001415, 0.001346, 0.001415, 0.001273, 0.001303, 0.001347, 0.001510, 0.001338, 0.001562, 0.001382, 0.001562, 0.001290, 0.001411, 0.001273, 0.001398, 0.001212, 0.001471, 0.001359, 0.001402, 0.001230, 0.001497, 0.001320, 0.001501, 0.001234, 0.001450, 0.001312, 0.001562, 0.001378, 0.001481
11 , 2, 2, 2, 2, 2, 2, 2
11 , 0.005668, 0.005627, 0.005644, 0.005740, 0.005214, 0.004984, 0.004513
12 , 0.001136, 0.001162, 0.001192, 0.001304, 0.001231, 0.001247, 0.001320, 0.001338, 0.001407, 0.001303, 0.001217, 0.001221, 0.001337, 0.001208, 0.001415, 0.001346, 0.001415, 0.001273, 0.001303, 0.001347, 0.001510, 0.001338, 0.001562, 0.001382, 0.001562, 0.001290, 0.001411, 0.001273, 0.001398, 0.001212, 0.001471, 0.001359, 0.001402, 0.001230, 0.001497, 0.001320, 0.001501, 0.001234, 0.001450, 0.001312, 0.001562, 0.001378, 0.001481, 0.001375, 0.001564, 0.001527, 0.001707, 0.001340, 0.001499, 0.001347, 0.001593, 0.001359, 0.001519, 0.001355, 0.001545, 0.001234, 0.001402, 0.001230, 0.001407, 0.001139, 0.001399, 0.001209, 0.001348, 0.001132, 0.001237, 0.001105, 0.001295, 0.001212, 0.001244, 0.001084, 0.001191, 0.001233, 0.001351, 0.001221, 0.001337, 0.001300, 0.001342, 0.001277, 0.001316, 0.001161, 0.001302, 0.001151, 0.001245, 0.001271, 0.001314, 0.001259, 0.001305, 0.001271, 0.001240, 0.001150, 0.001133, 0.001280
12 , 3, 3, 3, 3, 3, 3, 3
12 , 0.005234, 0.005135, 0.004341, 0.003955, 0.003247, 0.003136, 0.002540
13 , 0.001707, 0.001340, 0.001499, 0.001347, 0.001593, 0.001359, 0.001519, 0.001355, 0.001545, 0.001234, 0.001402, 0.001230, 0.001407, 0.001139, 0.001399, 0.001209, 0.001348, 0.001132, 0.001237, 0.001105, 0.001295, 0.001212, 0.001244, 0.001084, 0.001191, 0.001233, 0.001351, 0.001221, 0.001337, 0.001300, 0.001342, 0.001277, 0.001316, 0.001161, 0.001302, 0.001151, 0.001245, 0.001271, 0.001314, 0.001259, 0.001305, 0.001271, 0.001240, 0.001150, 0.001133, 0.001280, 0.001185, 0.001212, 0.001105, 0.001277, 0.001173, 0.001225, 0.001147, 0.001224, 0.001081, 0.001348, 0.001235, 0.001278, 0.001126, 0.001437, 0.001303, 0.001441, 0.001357, 0.001637, 0.001405, 0.001629, 0.001427, 0.001643, 0.001497, 0.001679, 0.001382, 0.001666, 0.001495, 0.001604, 0.001508, 0.001655, 0.001442, 0.001775, 0.001574, 0.001832, 0.001559, 0.001745, 0.001559, 0.001654, 0.001499, 0.001655, 0.001391, 0.001539, 0.001352, 0.001621, 0.001373, 0.001493
13 , 2, 2, 2, 2, 2, 2, 2
13 , 0.009274, 0.008735, 0.007777, 0.007402, 0.006080, 0.005293, 0.004172
14 , 0.001185, 0.001212, 0.001105, 0.001277, 0.001173, 0.001225, 0.001147, 0.001224, 0.001081, 0.001348, 0.001235, 0.001278, 0.001126, 0.001437, 0.001303, 0.001441, 0.001357, 0.001637, 0.001405, 0.001629, 0.001427, 0.001643, 0.001497, 0.001679, 0.001382, 0.001666, 0.001495, 0.001604, 0.001508, 0.001655, 0.001442, 0.001775, 0.001574, 0.001832, 0.001559, 0.001745, 0.001559, 0.001654, 0.001499, 0.001655, 0.001391, 0.001539, 0.001352, 0.001621, 0.001373, 0.001493, 0.001230, 0.001376, 0.001204, 0.001359, 0.001152, 0.001313, 0.001128, 0.001413, 0.001136, 0.001323, 0.001052, 0.001174, 0.000970, 0.001093, 0.000898, 0.001107, 0.000926, 0.001151, 0.000965, 0.001155, 0.000991, 0.001234, 0.001079, 0.001226, 0.000996, 0.001181, 0.001061, 0.001196, 0.000970, 0.001039, 0.001085, 0.001056, 0.001061, 0.001142, 0.001104, 0.001123, 0.001019, 0.001074, 0.001104, 0.001093, 0.001072, 0.001212, 0.001064, 0.001176, 0.001348, 0.001295
14 , 3, 3, 3, 3, 0, 0, 0
14 , 0.009174, 0.008049, 0.007432, 0.006123, 0.005785, 0.005176, 0.005177
15 , 0.001230, 0.001376, 0.001204, 0.001359, 0.001152, 0.001313, 0.001128, 0.001413, 0.001136, 0.001323, 0.001052, 0.001174, 0.000970, 0.001093, 0.000898, 0.001107, 0.000926, 0.001151, 0.000965, 0.001155, 0.000991, 0.001234, 0.001079, 0.001226, 0.000996, 0.001181, 0.001061, 0.001196, 0.000970, 0.001039, 0.001085, 0.001056, 0.001061, 0.001142, 0.001104, 0.001123, 0.001019, 0.001074, 0.001104, 0.001093, 0.001072, 0.001212, 0.001064, 0.001176, 0.001348, 0.001295, 0.001264, 0.001251, 0.001333, 0.001226, 0.001412, 0.001419, 0.001501, 0.001499, 0.001586, 0.001501, 0.001562, 0.001475, 0.001584, 0.001614, 0.001691, 0.001574, 0.001691, 0.001528, 0.001509, 0.001354, 0.001590, 0.001531, 0.001695, 0.001535, 0.001653, 0.001530, 0.001712, 0.001508, 0.001675, 0.001546, 0.001731, 0.001409, 0.001584, 0.001520, 0.001570, 0.001433, 0.001646, 0.001430, 0.001598, 0.001408, 0.001602, 0.001352, 0.001614, 0.001322, 0.001574, 0.001463
15 , 2, 2, 2, 1, 1, 1, 1
15 , 0.004367, 0.002989, 0.002100, 0.001399, 0.001303, 0.001883, 0.001702
16 , 0.001264, 0.001251, 0.001333, 0.001226, 0.001412, 0.001419, 0.001501, 0.001499, 0.001586, 0.001501, 0.001562, 0.001475, 0.001584, 0.001614, 0.001691, 0.001574, 0.001691, 0.001528, 0.001509, 0.001354, 0.001590, 0.001531, 0.001695, 0.001535, 0.001653, 0.001530, 0.001712, 0.001508, 0.001675, 0.001546, 0.001731, 0.001409, 0.001584, 0.001520, 0.001570, 0.001433, 0.001646, 0.001430, 0.001598, 0.001408, 0.001602, 0.001352, 0.001614, 0.001322, 0.001574, 0.001463, 0.001582, 0.001254, 0.001533, 0.001300, 0.001494, 0.001365, 0.001493, 0.001213, 0.001545, 0.001338, 0.001458, 0.001247, 0.001368, 0.001208, 0.001429, 0.001088, 0.001381, 0.001222, 0.001390, 0.001191, 0.001278, 0.001214, 0.001321, 0.001101, 0.001196, 0.001032, 0.001390, 0.001088, 0.001325, 0.001243, 0.001342, 0.001212, 0.001433, 0.001238, 0.001402, 0.001329, 0.001373, 0.001334, 0.001420, 0.001291, 0.001416, 0.001343, 0.001494, 0.001348, 0.001375, 0.001348
16 , 3, 3, 3, 0, 0, 0, 2
16 , 0.003310, 0.003071, 0.002067, 0.002146, 0.001865, 0.001771, 0.001877
