0 , 0.001767, 0.001522, 0.001714, 0.001885, 0.001730, 0.001824, 0.001686, 0.002113, 0.001921, 0.001870, 0.001669, 0.001848, 0.002016, 0.001790, 0.001875, 0.001710, 0.001865, 0.001889, 0.001868, 0.001980, 0.001831, 0.001942, 0.001849, 0.000774, 0.001812, 0.001575, 0.001462, 0.001448, 0.001422, 0.001420, 0.001287, 0.001466, 0.001458, 0.001428, 0.001427, 0.001422, 0.001486, 0.001426, 0.001422, 0.001541, 0.001508, 0.001472, 0.001502, 0.001555, 0.001503, 0.001664, 0.000946, 0.001223, 0.001274, 0.001526, 0.001496, 0.001718, 0.001402, 0.001526, 0.001605, 0.001626, 0.001731, 0.001669, 0.001968, 0.001840, 0.001885, 0.001696, 0.001835, 0.001916, 0.001855, 0.001936, 0.001763, 0.001956, 0.001943, 0.001914, 0.002154, 0.000340, 0.001392, 0.001772, 0.001676, 0.001587, 0.001395, 0.001581, 0.001423, 0.001575, 0.001354, 0.001540, 0.001381, 0.001498, 0.001361, 0.001609, 0.001392, 0.001577, 0.001416, 0.001602, 0.001534, 0.001685
0 , 1, 1, 1, 1, 1, 1, 1
0 , 0.007699, 0.009434, 0.011930, 0.014806, 0.013410, 0.011953, 0.012852
1 , 0.001526, 0.001496, 0.001718, 0.001402, 0.001526, 0.001605, 0.001626, 0.001731, 0.001669, 0.001968, 0.001840, 0.001885, 0.001696, 0.001835, 0.001916, 0.001855, 0.001936, 0.001763, 0.001956, 0.001943, 0.001914, 0.002154, 0.000340, 0.001392, 0.001772, 0.001676, 0.001587, 0.001395, 0.001581, 0.001423, 0.001575, 0.001354, 0.001540, 0.001381, 0.001498, 0.001361, 0.001609, 0.001392, 0.001577, 0.001416, 0.001602, 0.001534, 0.001685, 0.001563, 0.001718, 0.001501, 0.001688, 0.001417, 0.000534, 0.001552, 0.001583, 0.001562, 0.001581, 0.001602, 0.001639, 0.001818, 0.001626, 0.001831, 0.001676, 0.001831, 0.001804, 0.001656, 0.001985, 0.001723, 0.001824, 0.001702, 0.001870, 0.002006, 0.001892, 0.001933, 0.001693, 0.002078, 0.001342, 0.001300, 0.001749, 0.001669, 0.001465, 0.001529, 0.001436, 0.001488, 0.001242, 0.001454, 0.001388, 0.001567, 0.001469, 0.001436, 0.001427, 0.001583, 0.001514, 0.001658, 0.001534, 0.001715
1 , 1, 1, 1, 1, 1, 1, 1
1 , 0.005202, 0.006832, 0.008767, 0.010098, 0.009014, 0.010336, 0.010280
2 , 0.001562, 0.001581, 0.001602, 0.001639, 0.001818, 0.001626, 0.001831, 0.001676, 0.001831, 0.001804, 0.001656, 0.001985, 0.001723, 0.001824, 0.001702, 0.001870, 0.002006, 0.001892, 0.001933, 0.001693, 0.002078, 0.001342, 0.001300, 0.001749, 0.001669, 0.001465, 0.001529, 0.001436, 0.001488, 0.001242, 0.001454, 0.001388, 0.001567, 0.001469, 0.001436, 0.001427, 0.001583, 0.001514, 0.001658, 0.001534, 0.001715, 0.001559, 0.001582, 0.001379, 0.001753, 0.000201, 0.001595, 0.001435, 0.001795, 0.001616, 0.001613, 0.001655, 0.001719, 0.001725, 0.001821, 0.001841, 0.001660, 0.001970, 0.001771, 0.001845, 0.001751, 0.001788, 0.001986, 0.001774, 0.001960, 0.001559, 0.001852, 0.001899, 0.001879, 0.001883, 0.001727, 0.001828, 0.000528, 0.001827, 0.001661, 0.001761, 0.001631, 0.001752, 0.001534, 0.001627, 0.001446, 0.001660, 0.001439, 0.001719, 0.001438, 0.001715, 0.001503, 0.001630, 0.001502, 0.001604, 0.001477, 0.001663
2 , 1, 1, 1, 1, 1, 1, 1
2 , 0.005872, 0.007371, 0.011862, 0.011565, 0.012001, 0.009826, 0.010463
3 , 0.001613, 0.001655, 0.001719, 0.001725, 0.001821, 0.001841, 0.001660, 0.001970, 0.001771, 0.001845, 0.001751, 0.001788, 0.001986, 0.001774, 0.001960, 0.001559, 0.001852, 0.001899, 0.001879, 0.001883, 0.001727, 0.001828, 0.000528, 0.001827, 0.001661, 0.001761, 0.001631, 0.001752, 0.001534, 0.001627, 0.001446, 0.001660, 0.001439, 0.001719, 0.001438, 0.001715, 0.001503, 0.001630, 0.001502, 0.001604, 0.001477, 0.001663, 0.001389, 0.001558, 0.001519, 0.001506, 0.001420, 0.001018, 0.001272, 0.001687, 0.001626, 0.001869, 0.001734, 0.001926, 0.001731, 0.001970, 0.001970, 0.001784, 0.001929, 0.001828, 0.001961, 0.001800, 0.001822, 0.001637, 0.001744, 0.001985, 0.001674, 0.001781, 0.001556, 0.001745, 0.001778, 0.001971, 0.000121, 0.001673, 0.001620, 0.001736, 0.001615, 0.001583, 0.001681, 0.001588, 0.001595, 0.001532, 0.001717, 0.001445, 0.001626, 0.001531, 0.001599, 0.001485, 0.001582, 0.001519, 0.001523, 0.001458
3 , 1, 1, 1, 1, 1, 1, 1
3 , 0.007830, 0.008714, 0.009327, 0.010623, 0.010478, 0.008835, 0.008949
4 , 0.001687, 0.001626, 0.001869, 0.001734, 0.001926, 0.001731, 0.001970, 0.001970, 0.001784, 0.001929, 0.001828, 0.001961, 0.001800, 0.001822, 0.001637, 0.001744, 0.001985, 0.001674, 0.001781, 0.001556, 0.001745, 0.001778, 0.001971, 0.000121, 0.001673, 0.001620, 0.001736, 0.001615, 0.001583, 0.001681, 0.001588, 0.001595, 0.001532, 0.001717, 0.001445, 0.001626, 0.001531, 0.001599, 0.001485, 0.001582, 0.001519, 0.001523, 0.001458, 0.001495, 0.001339, 0.001463, 0.001436, 0.000625, 0.001629, 0.001754, 0.001747, 0.001690, 0.001764, 0.001896, 0.001768, 0.001896, 0.001801, 0.001983, 0.001778, 0.001899, 0.001983, 0.001778, 0.001835, 0.001771, 0.001827, 0.001736, 0.001827, 0.001971, 0.001743, 0.001723, 0.001615, 0.001303, 0.001160, 0.001991, 0.001825, 0.001890, 0.001610, 0.001677, 0.001555, 0.001743, 0.001404, 0.001716, 0.001566, 0.001634, 0.001359, 0.001517, 0.001368, 0.001649, 0.001618, 0.001682, 0.001442, 0.001517
4 , 1, 1, 1, 1, 1, 1, 1
4 , 0.006927, 0.007744, 0.009294, 0.010418, 0.012607, 0.008823, 0.009322
5 , 0.001747, 0.001690, 0.001764, 0.001896, 0.001768, 0.001896, 0.001801, 0.001983, 0.001778, 0.001899, 0.001983, 0.001778, 0.001835, 0.001771, 0.001827, 0.001736, 0.001827, 0.001971, 0.001743, 0.001723, 0.001615, 0.001303, 0.001160, 0.001991, 0.001825, 0.001890, 0.001610, 0.001677, 0.001555, 0.001743, 0.001404, 0.001716, 0.001566, 0.001634, 0.001359, 0.001517, 0.001368, 0.001649, 0.001618, 0.001682, 0.001442, 0.001517, 0.001421, 0.001462, 0.001451, 0.001505, 0.001471, 0.000178, 0.001837, 0.001713, 0.001737, 0.002086, 0.001755, 0.002015, 0.001917, 0.001951, 0.002005, 0.001997, 0.002083, 0.001849, 0.002095, 0.001964, 0.001921, 0.001883, 0.001858, 0.002163, 0.001937, 0.002113, 0.001885, 0.002047, 0.001977, 0.001967, 0.000541, 0.001686, 0.001572, 0.001568, 0.001617, 0.001603, 0.001635, 0.001566, 0.001624, 0.001498, 0.001684, 0.001531, 0.001686, 0.001465, 0.001623, 0.001623, 0.001804, 0.001558, 0.001589, 0.001504
5 , 1, 1, 1, 1, 1, 1, 1
5 , 0.008541, 0.010672, 0.011766, 0.012125, 0.014675, 0.012776, 0.012898
6 , 0.001737, 0.002086, 0.001755, 0.002015, 0.001917, 0.001951, 0.002005, 0.001997, 0.002083, 0.001849, 0.002095, 0.001964, 0.001921, 0.001883, 0.001858, 0.002163, 0.001937, 0.002113, 0.001885, 0.002047, 0.001977, 0.001967, 0.000541, 0.001686, 0.001572, 0.001568, 0.001617, 0.001603, 0.001635, 0.001566, 0.001624, 0.001498, 0.001684, 0.001531, 0.001686, 0.001465, 0.001623, 0.001623, 0.001804, 0.001558, 0.001589, 0.001504, 0.001601, 0.001599, 0.001708, 0.000804, 0.001228, 0.001528, 0.001653, 0.001768, 0.001724, 0.001686, 0.001983, 0.001881, 0.001983, 0.001806, 0.002002, 0.002033, 0.001910, 0.002047, 0.001987, 0.002140, 0.002038, 0.002029, 0.001908, 0.001787, 0.001993, 0.001970, 0.001943, 0.002049, 0.000661, 0.001521, 0.001692, 0.001648, 0.001647, 0.001486, 0.001602, 0.001565, 0.001501, 0.001435, 0.001682, 0.001560, 0.001656, 0.001471, 0.001566, 0.001414, 0.001576, 0.001510, 0.001574, 0.001541, 0.001574, 0.001449
6 , 1, 1, 1, 1, 1, 1, 1
6 , 0.011618, 0.014462, 0.017495, 0.017134, 0.014856, 0.014617, 0.014065
7 , 0.001653, 0.001768, 0.001724, 0.001686, 0.001983, 0.001881, 0.001983, 0.001806, 0.002002, 0.002033, 0.001910, 0.002047, 0.001987, 0.002140, 0.002038, 0.002029, 0.001908, 0.001787, 0.001993, 0.001970, 0.001943, 0.002049, 0.000661, 0.001521, 0.001692, 0.001648, 0.001647, 0.001486, 0.001602, 0.001565, 0.001501, 0.001435, 0.001682, 0.001560, 0.001656, 0.001471, 0.001566, 0.001414, 0.001576, 0.001510, 0.001574, 0.001541, 0.001574, 0.001449, 0.001608, 0.001601, 0.001702, 0.001460, 0.000413, 0.001747, 0.001629, 0.001488, 0.001804, 0.001673, 0.001808, 0.001754, 0.001791, 0.001859, 0.001875, 0.001986, 0.001734, 0.002057, 0.001905, 0.001821, 0.001717, 0.001659, 0.001810, 0.001635, 0.001786, 0.001675, 0.001787, 0.002009, 0.001183, 0.001600, 0.001883, 0.001777, 0.001630, 0.001684, 0.001556, 0.001713, 0.001527, 0.001711, 0.001614, 0.001796, 0.001578, 0.001706, 0.001457, 0.001707, 0.001524, 0.001501, 0.001435, 0.001710
7 , 1, 1, 1, 1, 1, 1, 1
7 , 0.006261, 0.008253, 0.009625, 0.010652, 0.009893, 0.010907, 0.010829
8 , 0.001488, 0.001804, 0.001673, 0.001808, 0.001754, 0.001791, 0.001859, 0.001875, 0.001986, 0.001734, 0.002057, 0.001905, 0.001821, 0.001717, 0.001659, 0.001810, 0.001635, 0.001786, 0.001675, 0.001787, 0.002009, 0.001183, 0.001600, 0.001883, 0.001777, 0.001630, 0.001684, 0.001556, 0.001713, 0.001527, 0.001711, 0.001614, 0.001796, 0.001578, 0.001706, 0.001457, 0.001707, 0.001524, 0.001501, 0.001435, 0.001710, 0.001528, 0.001800, 0.001443, 0.001791, 0.000265, 0.001461, 0.001647, 0.001715, 0.001664, 0.001743, 0.001669, 0.001867, 0.001736, 0.001794, 0.001646, 0.001861, 0.001901, 0.001803, 0.001803, 0.001736, 0.001934, 0.001830, 0.001894, 0.001800, 0.001682, 0.001851, 0.001783, 0.001876, 0.001762, 0.000293, 0.001741, 0.001823, 0.001646, 0.001612, 0.001546, 0.001518, 0.001486, 0.001540, 0.001476, 0.001625, 0.001529, 0.001522, 0.001492, 0.001461, 0.001523, 0.001649, 0.001557, 0.001553, 0.001577, 0.001576, 0.001605
8 , 1, 1, 1, 1, 1, 1, 1
8 , 0.005413, 0.007166, 0.010854, 0.007650, 0.007857, 0.008458, 0.008554
9 , 0.001715, 0.001664, 0.001743, 0.001669, 0.001867, 0.001736, 0.001794, 0.001646, 0.001861, 0.001901, 0.001803, 0.001803, 0.001736, 0.001934, 0.001830, 0.001894, 0.001800, 0.001682, 0.001851, 0.001783, 0.001876, 0.001762, 0.000293, 0.001741, 0.001823, 0.001646, 0.001612, 0.001546, 0.001518, 0.001486, 0.001540, 0.001476, 0.001625, 0.001529, 0.001522, 0.001492, 0.001461, 0.001523, 0.001649, 0.001557, 0.001553, 0.001577, 0.001576, 0.001605, 0.001694, 0.001577, 0.001748, 0.001174, 0.000910, 0.001563, 0.001539, 0.001289, 0.001666, 0.001660, 0.001730, 0.001608, 0.001662, 0.001896, 0.001850, 0.001965, 0.001787, 0.001891, 0.001844, 0.001912, 0.001970, 0.001788, 0.001970, 0.001956, 0.001936, 0.001852, 0.001825, 0.002097, 0.000524, 0.001836, 0.001601, 0.001627, 0.001443, 0.001561, 0.001436, 0.001470, 0.001404, 0.001583, 0.001399, 0.001589, 0.001344, 0.001559, 0.001401, 0.001504, 0.001463, 0.001614, 0.001487, 0.001550
9 , 1, 1, 1, 1, 1, 1, 1
9 , 0.006725, 0.008895, 0.010248, 0.010730, 0.010111, 0.009489, 0.010547
10 , 0.001563, 0.001539, 0.001289, 0.001666, 0.001660, 0.001730, 0.001608, 0.001662, 0.001896, 0.001850, 0.001965, 0.001787, 0.001891, 0.001844, 0.001912, 0.001970, 0.001788, 0.001970, 0.001956, 0.001936, 0.001852, 0.001825, 0.002097, 0.000524, 0.001836, 0.001601, 0.001627, 0.001443, 0.001561, 0.001436, 0.001470, 0.001404, 0.001583, 0.001399, 0.001589, 0.001344, 0.001559, 0.001401, 0.001504, 0.001463, 0.001614, 0.001487, 0.001550, 0.001334, 0.001669, 0.001392, 0.001641, 0.000617, 0.001592, 0.001621, 0.001683, 0.001699, 0.001790, 0.001520, 0.001886, 0.001552, 0.001845, 0.001504, 0.001659, 0.001757, 0.001653, 0.001771, 0.001607, 0.001957, 0.001714, 0.001802, 0.001826, 0.001656, 0.001875, 0.001726, 0.001899, 0.001659, 0.001919, 0.001494, 0.001269, 0.001931, 0.001792, 0.001708, 0.001578, 0.001466, 0.001527, 0.001619, 0.001403, 0.001464, 0.001378, 0.001621, 0.001403, 0.001587, 0.001487, 0.001527, 0.001342, 0.001493
10 , 1, 1, 1, 1, 1, 1, 1
10 , 0.004545, 0.005555, 0.007411, 0.009172, 0.012491, 0.011200, 0.011817
11 , 0.001683, 0.001699, 0.001790, 0.001520, 0.001886, 0.001552, 0.001845, 0.001504, 0.001659, 0.001757, 0.001653, 0.001771, 0.001607, 0.001957, 0.001714, 0.001802, 0.001826, 0.001656, 0.001875, 0.001726, 0.001899, 0.001659, 0.001919, 0.001494, 0.001269, 0.001931, 0.001792, 0.001708, 0.001578, 0.001466, 0.001527, 0.001619, 0.001403, 0.001464, 0.001378, 0.001621, 0.001403, 0.001587, 0.001487, 0.001527, 0.001342, 0.001493, 0.001396, 0.001455, 0.001511, 0.001542, 0.001508, 0.001445, 0.001503, 0.001716, 0.001562, 0.001530, 0.001583, 0.001678, 0.001647, 0.001712, 0.001468, 0.001502, 0.001626, 0.001573, 0.001486, 0.001429, 0.001436, 0.001499, 0.001468, 0.001524, 0.001496, 0.001530, 0.001441, 0.001408, 0.001464, 0.001558, 0.001554, 0.001466, 0.001461, 0.001430, 0.001557, 0.001523, 0.001438, 0.001316, 0.001376, 0.001408, 0.001435, 0.001495, 0.001537, 0.001420, 0.001566, 0.001559, 0.001499, 0.001432, 0.001548, 0.001541
11 , 1, 1, 1, 1, 1, 1, 1
11 , 0.003502, 0.004765, 0.005153, 0.005222, 0.006068, 0.005998, 0.004659
12 , 0.001562, 0.001530, 0.001583, 0.001678, 0.001647, 0.001712, 0.001468, 0.001502, 0.001626, 0.001573, 0.001486, 0.001429, 0.001436, 0.001499, 0.001468, 0.001524, 0.001496, 0.001530, 0.001441, 0.001408, 0.001464, 0.001558, 0.001554, 0.001466, 0.001461, 0.001430, 0.001557, 0.001523, 0.001438, 0.001316, 0.001376, 0.001408, 0.001435, 0.001495, 0.001537, 0.001420, 0.001566, 0.001559, 0.001499, 0.001432, 0.001548, 0.001541, 0.001535, 0.001463, 0.001588, 0.001551, 0.001670, 0.001582, 0.001616, 0.001583, 0.001742, 0.001500, 0.001619, 0.001435, 0.001592, 0.001560, 0.001567, 0.001538, 0.001597, 0.001444, 0.001671, 0.001464, 0.001404, 0.001374, 0.001475, 0.001415, 0.001515, 0.001390, 0.001582, 0.001188, 0.001464, 0.001369, 0.001468, 0.001261, 0.001457, 0.001341, 0.001555, 0.001271, 0.001396, 0.001304, 0.001514, 0.001285, 0.001410, 0.001334, 0.001516, 0.001359, 0.001639, 0.001326, 0.001548, 0.001388, 0.001519, 0.001453
12 , 1, 1, 1, 1, 1, 1, 1
12 , 0.004163, 0.004134, 0.003315, 0.002851, 0.002397, 0.002123, 0.001260
13 , 0.001670, 0.001582, 0.001616, 0.001583, 0.001742, 0.001500, 0.001619, 0.001435, 0.001592, 0.001560, 0.001567, 0.001538, 0.001597, 0.001444, 0.001671, 0.001464, 0.001404, 0.001374, 0.001475, 0.001415, 0.001515, 0.001390, 0.001582, 0.001188, 0.001464, 0.001369, 0.001468, 0.001261, 0.001457, 0.001341, 0.001555, 0.001271, 0.001396, 0.001304, 0.001514, 0.001285, 0.001410, 0.001334, 0.001516, 0.001359, 0.001639, 0.001326, 0.001548, 0.001388, 0.001519, 0.001453, 0.001576, 0.001381, 0.001559, 0.001493, 0.001702, 0.001483, 0.001553, 0.001486, 0.001645, 0.001488, 0.001583, 0.001485, 0.001637, 0.001447, 0.001601, 0.001447, 0.001597, 0.001506, 0.001572, 0.001541, 0.001542, 0.001479, 0.001547, 0.001513, 0.001582, 0.001457, 0.001523, 0.001401, 0.001517, 0.001544, 0.001600, 0.001536, 0.001630, 0.001536, 0.001628, 0.001623, 0.001595, 0.001530, 0.001653, 0.001504, 0.001477, 0.001629, 0.001599, 0.001631, 0.001632, 0.001631
13 , 2, 2, 2, 2, 2, 2, 2
13 , 0.003672, 0.003576, 0.003623, 0.003320, 0.003503, 0.002855, 0.002970
14 , 0.001576, 0.001381, 0.001559, 0.001493, 0.001702, 0.001483, 0.001553, 0.001486, 0.001645, 0.001488, 0.001583, 0.001485, 0.001637, 0.001447, 0.001601, 0.001447, 0.001597, 0.001506, 0.001572, 0.001541, 0.001542, 0.001479, 0.001547, 0.001513, 0.001582, 0.001457, 0.001523, 0.001401, 0.001517, 0.001544, 0.001600, 0.001536, 0.001630, 0.001536, 0.001628, 0.001623, 0.001595, 0.001530, 0.001653, 0.001504, 0.001477, 0.001629, 0.001599, 0.001631, 0.001632, 0.001631, 0.001602, 0.001602, 0.001604, 0.001613, 0.001497, 0.001493, 0.001424, 0.001708, 0.001471, 0.001530, 0.001468, 0.001532, 0.001409, 0.001538, 0.001448, 0.001477, 0.001332, 0.001459, 0.001332, 0.001523, 0.001464, 0.001536, 0.001356, 0.001579, 0.001393, 0.001487, 0.001202, 0.001408, 0.001341, 0.001523, 0.001397, 0.001511, 0.001382, 0.001575, 0.001416, 0.001604, 0.001384, 0.001572, 0.001328, 0.001571, 0.001439, 0.001560, 0.001405, 0.001532, 0.001434, 0.001561
14 , 3, 3, 3, 3, 3, 0, 0
14 , 0.002034, 0.001518, 0.001676, 0.001395, 0.001383, 0.001011, 0.001356
15 , 0.001602, 0.001602, 0.001604, 0.001613, 0.001497, 0.001493, 0.001424, 0.001708, 0.001471, 0.001530, 0.001468, 0.001532, 0.001409, 0.001538, 0.001448, 0.001477, 0.001332, 0.001459, 0.001332, 0.001523, 0.001464, 0.001536, 0.001356, 0.001579, 0.001393, 0.001487, 0.001202, 0.001408, 0.001341, 0.001523, 0.001397, 0.001511, 0.001382, 0.001575, 0.001416, 0.001604, 0.001384, 0.001572, 0.001328, 0.001571, 0.001439, 0.001560, 0.001405, 0.001532, 0.001434, 0.001561, 0.001469, 0.001507, 0.001539, 0.001754, 0.001568, 0.001444, 0.001286, 0.001622, 0.001559, 0.001559, 0.001455, 0.001665, 0.001479, 0.001549, 0.001517, 0.001610, 0.001543, 0.001755, 0.001629, 0.001692, 0.001601, 0.001695, 0.001477, 0.001536, 0.001563, 0.001686, 0.001622, 0.001741, 0.001707, 0.001613, 0.001610, 0.001672, 0.001609, 0.001704, 0.001585, 0.001680, 0.001832, 0.001713, 0.001723, 0.001644, 0.001744, 0.001476, 0.001631, 0.001506, 0.001598, 0.001539
15 , 2, 2, 2, 2, 2, 2, 2
15 , 0.003273, 0.003239, 0.003061, 0.002916, 0.002222, 0.001972, 0.001196
16 , 0.001469, 0.001507, 0.001539, 0.001754, 0.001568, 0.001444, 0.001286, 0.001622, 0.001559, 0.001559, 0.001455, 0.001665, 0.001479, 0.001549, 0.001517, 0.001610, 0.001543, 0.001755, 0.001629, 0.001692, 0.001601, 0.001695, 0.001477, 0.001536, 0.001563, 0.001686, 0.001622, 0.001741, 0.001707, 0.001613, 0.001610, 0.001672, 0.001609, 0.001704, 0.001585, 0.001680, 0.001832, 0.001713, 0.001723, 0.001644, 0.001744, 0.001476, 0.001631, 0.001506, 0.001598, 0.001539, 0.001568, 0.001438, 0.001524, 0.001550, 0.001580, 0.001486, 0.001669, 0.001543, 0.001632, 0.001600, 0.001692, 0.001565, 0.001628, 0.001565, 0.001782, 0.001622, 0.001651, 0.001556, 0.001771, 0.001555, 0.001740, 0.001680, 0.001747, 0.001531, 0.001719, 0.001415, 0.001516, 0.001425, 0.001648, 0.001431, 0.001622, 0.001526, 0.001564, 0.001437, 0.001653, 0.001502, 0.001658, 0.001415, 0.001633, 0.001356, 0.001545, 0.001580, 0.001530, 0.001369, 0.001496, 0.001465
16 , 3, 3, 3, 3, 3, 3, 3
16 , 0.003615, 0.003888, 0.003685, 0.003830, 0.003680, 0.003663, 0.003343
