0 , 0.001094, 0.001028, 0.001702, 0.001608, 0.001717, 0.001647, 0.001882, 0.001784, 0.001824, 0.001700, 0.001630, 0.001909, 0.001769, 0.001851, 0.001647, 0.001887, 0.001932, 0.001771, 0.001878, 0.001710, 0.001902, 0.001807, 0.001881, 0.001831, 0.002022, 0.000962, 0.001559, 0.001770, 0.001641, 0.001608, 0.001575, 0.001488, 0.001457, 0.001523, 0.001548, 0.001643, 0.001490, 0.001494, 0.001427, 0.001548, 0.001544, 0.001640, 0.001512, 0.001578, 0.001574, 0.001698, 0.001569, 0.001609, 0.001713, 0.000163, 0.001617, 0.001302, 0.001544, 0.001727, 0.001614, 0.001717, 0.001365, 0.001794, 0.001724, 0.001745, 0.001651, 0.001748, 0.001873, 0.001836, 0.001785, 0.001645, 0.001864, 0.001864, 0.001730, 0.001830, 0.001675, 0.001906, 0.001933, 0.001499, 0.001239, 0.001678, 0.001696, 0.001521, 0.001673, 0.001522, 0.001621, 0.001441, 0.001632, 0.001266, 0.001615, 0.001365, 0.001462, 0.001248, 0.001526, 0.001483, 0.001547, 0.001386
0 , 1, 1, 1, 1, 1, 1, 1
0 , 0.002804, 0.003358, 0.004340, 0.004971, 0.006694, 0.008393, 0.011813
1 , 0.001544, 0.001727, 0.001614, 0.001717, 0.001365, 0.001794, 0.001724, 0.001745, 0.001651, 0.001748, 0.001873, 0.001836, 0.001785, 0.001645, 0.001864, 0.001864, 0.001730, 0.001830, 0.001675, 0.001906, 0.001933, 0.001499, 0.001239, 0.001678, 0.001696, 0.001521, 0.001673, 0.001522, 0.001621, 0.001441, 0.001632, 0.001266, 0.001615, 0.001365, 0.001462, 0.001248, 0.001526, 0.001483, 0.001547, 0.001386, 0.001540, 0.001377, 0.001592, 0.001380, 0.001627, 0.001295, 0.001846, 0.000475, 0.001344, 0.001590, 0.001606, 0.001623, 0.001614, 0.001839, 0.001824, 0.001827, 0.001842, 0.001636, 0.002003, 0.001809, 0.001818, 0.001760, 0.001845, 0.001973, 0.001823, 0.001908, 0.001833, 0.001903, 0.001870, 0.002011, 0.001833, 0.001887, 0.000095, 0.001631, 0.001498, 0.001648, 0.001555, 0.001462, 0.001426, 0.001487, 0.001393, 0.001510, 0.001505, 0.001527, 0.001642, 0.001424, 0.001548, 0.001541, 0.001598, 0.001592, 0.001470, 0.001624
1 , 1, 1, 1, 1, 1, 1, 1
1 , 0.006233, 0.008776, 0.010989, 0.011035, 0.013209, 0.010786, 0.011074
2 , 0.001606, 0.001623, 0.001614, 0.001839, 0.001824, 0.001827, 0.001842, 0.001636, 0.002003, 0.001809, 0.001818, 0.001760, 0.001845, 0.001973, 0.001823, 0.001908, 0.001833, 0.001903, 0.001870, 0.002011, 0.001833, 0.001887, 0.000095, 0.001631, 0.001498, 0.001648, 0.001555, 0.001462, 0.001426, 0.001487, 0.001393, 0.001510, 0.001505, 0.001527, 0.001642, 0.001424, 0.001548, 0.001541, 0.001598, 0.001592, 0.001470, 0.001624, 0.001585, 0.001553, 0.001574, 0.001127, 0.000840, 0.001691, 0.001454, 0.001560, 0.001751, 0.001615, 0.001776, 0.001660, 0.001794, 0.001885, 0.001809, 0.001773, 0.001615, 0.001946, 0.001864, 0.001949, 0.001845, 0.001900, 0.001933, 0.001959, 0.002044, 0.001873, 0.001999, 0.002085, 0.000710, 0.001809, 0.001675, 0.001695, 0.001602, 0.001631, 0.001505, 0.001599, 0.001349, 0.001627, 0.001415, 0.001606, 0.001300, 0.001579, 0.001243, 0.001466, 0.001311, 0.001469, 0.001286, 0.001474, 0.001167, 0.001385
2 , 1, 1, 1, 1, 1, 1, 1
2 , 0.008993, 0.011916, 0.014987, 0.015527, 0.013025, 0.013687, 0.014186
3 , 0.001560, 0.001751, 0.001615, 0.001776, 0.001660, 0.001794, 0.001885, 0.001809, 0.001773, 0.001615, 0.001946, 0.001864, 0.001949, 0.001845, 0.001900, 0.001933, 0.001959, 0.002044, 0.001873, 0.001999, 0.002085, 0.000710, 0.001809, 0.001675, 0.001695, 0.001602, 0.001631, 0.001505, 0.001599, 0.001349, 0.001627, 0.001415, 0.001606, 0.001300, 0.001579, 0.001243, 0.001466, 0.001311, 0.001469, 0.001286, 0.001474, 0.001167, 0.001385, 0.001323, 0.001420, 0.001153, 0.001568, 0.000602, 0.001755, 0.001799, 0.001927, 0.001930, 0.001754, 0.001743, 0.001975, 0.001854, 0.001917, 0.001660, 0.001900, 0.001855, 0.001891, 0.001754, 0.001569, 0.001987, 0.001678, 0.001769, 0.001648, 0.001715, 0.001903, 0.001763, 0.001854, 0.001341, 0.000925, 0.001767, 0.001724, 0.001742, 0.001556, 0.001591, 0.001472, 0.001415, 0.001395, 0.001369, 0.001280, 0.001347, 0.001434, 0.001284, 0.001373, 0.001443, 0.001320, 0.001379, 0.001373, 0.001348
3 , 1, 1, 1, 1, 1, 1, 1
3 , 0.010749, 0.013495, 0.015822, 0.015012, 0.017208, 0.015915, 0.016156
4 , 0.001927, 0.001930, 0.001754, 0.001743, 0.001975, 0.001854, 0.001917, 0.001660, 0.001900, 0.001855, 0.001891, 0.001754, 0.001569, 0.001987, 0.001678, 0.001769, 0.001648, 0.001715, 0.001903, 0.001763, 0.001854, 0.001341, 0.000925, 0.001767, 0.001724, 0.001742, 0.001556, 0.001591, 0.001472, 0.001415, 0.001395, 0.001369, 0.001280, 0.001347, 0.001434, 0.001284, 0.001373, 0.001443, 0.001320, 0.001379, 0.001373, 0.001348, 0.001338, 0.001231, 0.001472, 0.000243, 0.001714, 0.001874, 0.001897, 0.001709, 0.002012, 0.001803, 0.001944, 0.001772, 0.001791, 0.001865, 0.001841, 0.001833, 0.001742, 0.001909, 0.001830, 0.001663, 0.001633, 0.001754, 0.001918, 0.001788, 0.001718, 0.001645, 0.001769, 0.001973, 0.000381, 0.002115, 0.001714, 0.001692, 0.001560, 0.001655, 0.001411, 0.001659, 0.001568, 0.001571, 0.001479, 0.001697, 0.001509, 0.001607, 0.001451, 0.001642, 0.001365, 0.001616, 0.001427, 0.001615, 0.001491, 0.001646
4 , 1, 1, 1, 1, 1, 1, 1
4 , 0.011030, 0.012933, 0.016854, 0.013426, 0.012499, 0.012182, 0.012330
5 , 0.001897, 0.001709, 0.002012, 0.001803, 0.001944, 0.001772, 0.001791, 0.001865, 0.001841, 0.001833, 0.001742, 0.001909, 0.001830, 0.001663, 0.001633, 0.001754, 0.001918, 0.001788, 0.001718, 0.001645, 0.001769, 0.001973, 0.000381, 0.002115, 0.001714, 0.001692, 0.001560, 0.001655, 0.001411, 0.001659, 0.001568, 0.001571, 0.001479, 0.001697, 0.001509, 0.001607, 0.001451, 0.001642, 0.001365, 0.001616, 0.001427, 0.001615, 0.001491, 0.001646, 0.001331, 0.001556, 0.001512, 0.001413, 0.001104, 0.001550, 0.001750, 0.001665, 0.001657, 0.001669, 0.001390, 0.001748, 0.001688, 0.001842, 0.001669, 0.001797, 0.001915, 0.001775, 0.002012, 0.001697, 0.001862, 0.001903, 0.001900, 0.001887, 0.001887, 0.002150, 0.001843, 0.002089, 0.000897, 0.001098, 0.001537, 0.001652, 0.001528, 0.001306, 0.001441, 0.001257, 0.001467, 0.001375, 0.001418, 0.001262, 0.001324, 0.001207, 0.001305, 0.001242, 0.001451, 0.001267, 0.001332, 0.001358
5 , 1, 1, 1, 1, 1, 1, 1
5 , 0.008548, 0.011440, 0.013120, 0.014496, 0.013263, 0.014054, 0.013274
6 , 0.001550, 0.001750, 0.001665, 0.001657, 0.001669, 0.001390, 0.001748, 0.001688, 0.001842, 0.001669, 0.001797, 0.001915, 0.001775, 0.002012, 0.001697, 0.001862, 0.001903, 0.001900, 0.001887, 0.001887, 0.002150, 0.001843, 0.002089, 0.000897, 0.001098, 0.001537, 0.001652, 0.001528, 0.001306, 0.001441, 0.001257, 0.001467, 0.001375, 0.001418, 0.001262, 0.001324, 0.001207, 0.001305, 0.001242, 0.001451, 0.001267, 0.001332, 0.001358, 0.001451, 0.001315, 0.001295, 0.001397, 0.000472, 0.001807, 0.001755, 0.001883, 0.001691, 0.001841, 0.001714, 0.001745, 0.001805, 0.001775, 0.001939, 0.001762, 0.001887, 0.001774, 0.001895, 0.001886, 0.001852, 0.001849, 0.001772, 0.002034, 0.001933, 0.002035, 0.001900, 0.001890, 0.002010, 0.001948, 0.001665, 0.000981, 0.001642, 0.001774, 0.001504, 0.001656, 0.001378, 0.001441, 0.001375, 0.001408, 0.001370, 0.001491, 0.001393, 0.001672, 0.001449, 0.001632, 0.001476, 0.001628, 0.001470
6 , 1, 1, 1, 1, 1, 1, 1
6 , 0.008721, 0.010948, 0.013418, 0.015518, 0.019688, 0.018604, 0.017265
7 , 0.001883, 0.001691, 0.001841, 0.001714, 0.001745, 0.001805, 0.001775, 0.001939, 0.001762, 0.001887, 0.001774, 0.001895, 0.001886, 0.001852, 0.001849, 0.001772, 0.002034, 0.001933, 0.002035, 0.001900, 0.001890, 0.002010, 0.001948, 0.001665, 0.000981, 0.001642, 0.001774, 0.001504, 0.001656, 0.001378, 0.001441, 0.001375, 0.001408, 0.001370, 0.001491, 0.001393, 0.001672, 0.001449, 0.001632, 0.001476, 0.001628, 0.001470, 0.001535, 0.001410, 0.001690, 0.001505, 0.001573, 0.001422, 0.001704, 0.001459, 0.001498, 0.001440, 0.001479, 0.001411, 0.001483, 0.001449, 0.001483, 0.001390, 0.001578, 0.001424, 0.001514, 0.001323, 0.001473, 0.001350, 0.001411, 0.001433, 0.001553, 0.001270, 0.001541, 0.001509, 0.001569, 0.001504, 0.001660, 0.001568, 0.001569, 0.001506, 0.001601, 0.001507, 0.001633, 0.001545, 0.001666, 0.001573, 0.001517, 0.001611, 0.001639, 0.001576, 0.001513, 0.001568, 0.001507, 0.001442, 0.001567, 0.001569
7 , 2, 2, 2, 2, 2, 2, 2
7 , 0.007088, 0.008777, 0.009300, 0.009996, 0.010425, 0.010232, 0.008704
8 , 0.001498, 0.001440, 0.001479, 0.001411, 0.001483, 0.001449, 0.001483, 0.001390, 0.001578, 0.001424, 0.001514, 0.001323, 0.001473, 0.001350, 0.001411, 0.001433, 0.001553, 0.001270, 0.001541, 0.001509, 0.001569, 0.001504, 0.001660, 0.001568, 0.001569, 0.001506, 0.001601, 0.001507, 0.001633, 0.001545, 0.001666, 0.001573, 0.001517, 0.001611, 0.001639, 0.001576, 0.001513, 0.001568, 0.001507, 0.001442, 0.001567, 0.001569, 0.001425, 0.001486, 0.001488, 0.001393, 0.001423, 0.001395, 0.001461, 0.001489, 0.001547, 0.001490, 0.001700, 0.001547, 0.001459, 0.001457, 0.001457, 0.001457, 0.001434, 0.001496, 0.001494, 0.001550, 0.001610, 0.001582, 0.001456, 0.001494, 0.001457, 0.001673, 0.001519, 0.001554, 0.001551, 0.001525, 0.001405, 0.001619, 0.001525, 0.001677, 0.001572, 0.001696, 0.001570, 0.001690, 0.001537, 0.001632, 0.001537, 0.001663, 0.001478, 0.001600, 0.001505, 0.001602, 0.001504, 0.001628, 0.001472, 0.001567
8 , 0, 0, 0, 0, 0, 0, 0
8 , 0.003698, 0.003666, 0.003383, 0.003146, 0.002573, 0.002622, 0.002177
9 , 0.001423, 0.001395, 0.001461, 0.001489, 0.001547, 0.001490, 0.001700, 0.001547, 0.001459, 0.001457, 0.001457, 0.001457, 0.001434, 0.001496, 0.001494, 0.001550, 0.001610, 0.001582, 0.001456, 0.001494, 0.001457, 0.001673, 0.001519, 0.001554, 0.001551, 0.001525, 0.001405, 0.001619, 0.001525, 0.001677, 0.001572, 0.001696, 0.001570, 0.001690, 0.001537, 0.001632, 0.001537, 0.001663, 0.001478, 0.001600, 0.001505, 0.001602, 0.001504, 0.001628, 0.001472, 0.001567, 0.001509, 0.001634, 0.001476, 0.001631, 0.001475, 0.001631, 0.001478, 0.001664, 0.001448, 0.001629, 0.001415, 0.001665, 0.001625, 0.001629, 0.001505, 0.001609, 0.001424, 0.001585, 0.001375, 0.001531, 0.001408, 0.001598, 0.001439, 0.001479, 0.001392, 0.001548, 0.001249, 0.001560, 0.001517, 0.001486, 0.001449, 0.001540, 0.001348, 0.001498, 0.001497, 0.001644, 0.001546, 0.001663, 0.001477, 0.001450, 0.001416, 0.001658, 0.001501, 0.001595, 0.001501, 0.001594
9 , 3, 3, 3, 3, 3, 0, 0
9 , 0.002788, 0.002570, 0.002600, 0.001837, 0.001727, 0.001578, 0.001696
10 , 0.001509, 0.001634, 0.001476, 0.001631, 0.001475, 0.001631, 0.001478, 0.001664, 0.001448, 0.001629, 0.001415, 0.001665, 0.001625, 0.001629, 0.001505, 0.001609, 0.001424, 0.001585, 0.001375, 0.001531, 0.001408, 0.001598, 0.001439, 0.001479, 0.001392, 0.001548, 0.001249, 0.001560, 0.001517, 0.001486, 0.001449, 0.001540, 0.001348, 0.001498, 0.001497, 0.001644, 0.001546, 0.001663, 0.001477, 0.001450, 0.001416, 0.001658, 0.001501, 0.001595, 0.001501, 0.001594, 0.001591, 0.001684, 0.001617, 0.001652, 0.001652, 0.001622, 0.001474, 0.001414, 0.001470, 0.001536, 0.001535, 0.001503, 0.001471, 0.001411, 0.001565, 0.001500, 0.001650, 0.001679, 0.001802, 0.001679, 0.001588, 0.001614, 0.001615, 0.001462, 0.001617, 0.001555, 0.001614, 0.001675, 0.001768, 0.001585, 0.001740, 0.001682, 0.001720, 0.001477, 0.001597, 0.001535, 0.001663, 0.001594, 0.001569, 0.001472, 0.001565, 0.001470, 0.001744, 0.001530, 0.001715, 0.001559
10 , 2, 2, 2, 2, 2, 2, 2
10 , 0.001849, 0.001582, 0.001717, 0.001672, 0.001523, 0.001169, 0.000775
11 , 0.001591, 0.001684, 0.001617, 0.001652, 0.001652, 0.001622, 0.001474, 0.001414, 0.001470, 0.001536, 0.001535, 0.001503, 0.001471, 0.001411, 0.001565, 0.001500, 0.001650, 0.001679, 0.001802, 0.001679, 0.001588, 0.001614, 0.001615, 0.001462, 0.001617, 0.001555, 0.001614, 0.001675, 0.001768, 0.001585, 0.001740, 0.001682, 0.001720, 0.001477, 0.001597, 0.001535, 0.001663, 0.001594, 0.001569, 0.001472, 0.001565, 0.001470, 0.001744, 0.001530, 0.001715, 0.001559, 0.001591, 0.001551, 0.001649, 0.001520, 0.001704, 0.001582, 0.001674, 0.001456, 0.001549, 0.001516, 0.001731, 0.001545, 0.001764, 0.001579, 0.001643, 0.001520, 0.001707, 0.001517, 0.001706, 0.001527, 0.001771, 0.001523, 0.001682, 0.001441, 0.001540, 0.001473, 0.001573, 0.001546, 0.001641, 0.001455, 0.001702, 0.001575, 0.001666, 0.001508, 0.001660, 0.001594, 0.001659, 0.001592, 0.001774, 0.001587, 0.001649, 0.001644, 0.001646, 0.001614, 0.001765, 0.001640
11 , 3, 3, 0, 0, 0, 0, 0
11 , 0.000997, 0.000983, 0.000861, 0.000970, 0.001213, 0.001850, 0.001841
12 , 0.001582, 0.001674, 0.001456, 0.001549, 0.001516, 0.001731, 0.001545, 0.001764, 0.001579, 0.001643, 0.001520, 0.001707, 0.001517, 0.001706, 0.001527, 0.001771, 0.001523, 0.001682, 0.001441, 0.001540, 0.001473, 0.001573, 0.001546, 0.001641, 0.001455, 0.001702, 0.001575, 0.001666, 0.001508, 0.001660, 0.001594, 0.001659, 0.001592, 0.001774, 0.001587, 0.001649, 0.001644, 0.001646, 0.001614, 0.001765, 0.001640, 0.001727, 0.001725, 0.001659, 0.001656, 0.001869, 0.001989, 0.001683, 0.001652, 0.001745, 0.001838, 0.001684, 0.001807, 0.001746, 0.001779, 0.001720, 0.001691, 0.001692, 0.001813, 0.001725, 0.001761, 0.001696, 0.001756, 0.001665, 0.001609, 0.001516, 0.001763, 0.001704, 0.001799, 0.001586, 0.001743, 0.001616, 0.001713, 0.001560, 0.001564, 0.001473, 0.001721, 0.001448, 0.001541, 0.001416, 0.001633, 0.001416, 0.001606, 0.001535, 0.001751, 0.001478, 0.001457, 0.001456, 0.001581, 0.001420, 0.001696, 0.001451
12 , 3, 3, 3, 3, 3, 3, 3
12 , 0.003984, 0.004732, 0.004782, 0.005376, 0.005525, 0.005833, 0.005829
13 , 0.001684, 0.001807, 0.001746, 0.001779, 0.001720, 0.001691, 0.001692, 0.001813, 0.001725, 0.001761, 0.001696, 0.001756, 0.001665, 0.001609, 0.001516, 0.001763, 0.001704, 0.001799, 0.001586, 0.001743, 0.001616, 0.001713, 0.001560, 0.001564, 0.001473, 0.001721, 0.001448, 0.001541, 0.001416, 0.001633, 0.001416, 0.001606, 0.001535, 0.001751, 0.001478, 0.001457, 0.001456, 0.001581, 0.001420, 0.001696, 0.001451, 0.001573, 0.001509, 0.001670, 0.001454, 0.001547, 0.001453, 0.001548, 0.001389, 0.001730, 0.001418, 0.001571, 0.001566, 0.001804, 0.001615, 0.001679, 0.001554, 0.001739, 0.001704, 0.001763, 0.001790, 0.001757, 0.001689, 0.001840, 0.001568, 0.001629, 0.001597, 0.001758, 0.001638, 0.001673, 0.001619, 0.001713, 0.001686, 0.001508, 0.001544, 0.001548, 0.001549, 0.001610, 0.001522, 0.001493, 0.001555, 0.001552, 0.001583, 0.001460, 0.001521, 0.001552, 0.001606, 0.001606, 0.001578, 0.001488, 0.001732, 0.001426
13 , 1, 1, 1, 1, 1, 1, 1
13 , 0.004771, 0.005485, 0.005493, 0.005987, 0.006297, 0.006696, 0.005853
14 , 0.001571, 0.001566, 0.001804, 0.001615, 0.001679, 0.001554, 0.001739, 0.001704, 0.001763, 0.001790, 0.001757, 0.001689, 0.001840, 0.001568, 0.001629, 0.001597, 0.001758, 0.001638, 0.001673, 0.001619, 0.001713, 0.001686, 0.001508, 0.001544, 0.001548, 0.001549, 0.001610, 0.001522, 0.001493, 0.001555, 0.001552, 0.001583, 0.001460, 0.001521, 0.001552, 0.001606, 0.001606, 0.001578, 0.001488, 0.001732, 0.001426, 0.001458, 0.001514, 0.001601, 0.001474, 0.001538, 0.001416, 0.001601, 0.001445, 0.001605, 0.001425, 0.001581, 0.001522, 0.001623, 0.001469, 0.001630, 0.001470, 0.001654, 0.001438, 0.001592, 0.001377, 0.001571, 0.001350, 0.001622, 0.001469, 0.001596, 0.001409, 0.001630, 0.001348, 0.001534, 0.001376, 0.001558, 0.001337, 0.001524, 0.001365, 0.001640, 0.001513, 0.001610, 0.001423, 0.001607, 0.001504, 0.001627, 0.001469, 0.001682, 0.001584, 0.001824, 0.001697, 0.001755, 0.001748, 0.001718, 0.001684, 0.001774
14 , 2, 2, 2, 2, 2, 2, 2
14 , 0.003177, 0.004048, 0.004361, 0.005337, 0.005405, 0.006142, 0.006152
15 , 0.001522, 0.001623, 0.001469, 0.001630, 0.001470, 0.001654, 0.001438, 0.001592, 0.001377, 0.001571, 0.001350, 0.001622, 0.001469, 0.001596, 0.001409, 0.001630, 0.001348, 0.001534, 0.001376, 0.001558, 0.001337, 0.001524, 0.001365, 0.001640, 0.001513, 0.001610, 0.001423, 0.001607, 0.001504, 0.001627, 0.001469, 0.001682, 0.001584, 0.001824, 0.001697, 0.001755, 0.001748, 0.001718, 0.001684, 0.001774, 0.001738, 0.001890, 0.001768, 0.001951, 0.001919, 0.001887, 0.001828, 0.001829, 0.001802, 0.001869, 0.001807, 0.001657, 0.001688, 0.001752, 0.001784, 0.001726, 0.001701, 0.001585, 0.001740, 0.001594, 0.001599, 0.001538, 0.001576, 0.001423, 0.001493, 0.001532, 0.001661, 0.001387, 0.001577, 0.001517, 0.001464, 0.001339, 0.001494, 0.001465, 0.001591, 0.001495, 0.001526, 0.001371, 0.001560, 0.001400, 0.001493, 0.001454, 0.001575, 0.001418, 0.001602, 0.001504, 0.001623, 0.001548, 0.001579, 0.001449, 0.001722, 0.001623
15 , 3, 3, 3, 3, 3, 3, 3
15 , 0.006926, 0.007120, 0.007183, 0.007020, 0.006716, 0.006460, 0.006189
16 , 0.001802, 0.001869, 0.001807, 0.001657, 0.001688, 0.001752, 0.001784, 0.001726, 0.001701, 0.001585, 0.001740, 0.001594, 0.001599, 0.001538, 0.001576, 0.001423, 0.001493, 0.001532, 0.001661, 0.001387, 0.001577, 0.001517, 0.001464, 0.001339, 0.001494, 0.001465, 0.001591, 0.001495, 0.001526, 0.001371, 0.001560, 0.001400, 0.001493, 0.001454, 0.001575, 0.001418, 0.001602, 0.001504, 0.001623, 0.001548, 0.001579, 0.001449, 0.001722, 0.001623, 0.001776, 0.001587, 0.001644, 0.001548, 0.001853, 0.001663, 0.001661, 0.001749, 0.001907, 0.001571, 0.001821, 0.001633, 0.001847, 0.001691, 0.001789, 0.001643, 0.001737, 0.001616, 0.001685, 0.001532, 0.001782, 0.001663, 0.001698, 0.001677, 0.001657, 0.001504, 0.001537, 0.001449, 0.001577, 0.001486, 0.001486, 0.001482, 0.001486, 0.001453, 0.001427, 0.001331, 0.001419, 0.001507, 0.001535, 0.001534, 0.001559, 0.001584, 0.001518, 0.001545, 0.001535, 0.001714, 0.001679, 0.001587
16 , 1, 1, 1, 1, 1, 1, 1
16 , 0.008452, 0.007387, 0.006868, 0.006274, 0.005681, 0.004233, 0.003418
