0 , 0.000710, 0.001428, 0.001994, 0.001728, 0.001815, 0.001986, 0.001868, 0.001890, 0.001673, 0.002069, 0.001902, 0.001854, 0.001824, 0.001912, 0.002061, 0.001715, 0.001836, 0.001830, 0.001891, 0.001854, 0.001794, 0.001851, 0.001848, 0.001812, 0.001995, 0.000243, 0.002001, 0.001732, 0.001732, 0.001430, 0.001614, 0.001579, 0.001641, 0.001488, 0.001673, 0.001515, 0.001640, 0.001517, 0.001552, 0.001457, 0.001734, 0.001431, 0.001615, 0.001551, 0.001647, 0.001465, 0.001564, 0.001505, 0.001536, 0.000772, 0.001620, 0.001765, 0.001730, 0.001773, 0.001828, 0.001770, 0.001935, 0.001786, 0.001954, 0.001756, 0.001894, 0.001924, 0.001891, 0.001881, 0.001790, 0.002018, 0.001836, 0.001964, 0.001763, 0.001912, 0.001982, 0.001687, 0.001897, 0.001096, 0.001219, 0.001840, 0.001645, 0.001739, 0.001636, 0.001669, 0.001454, 0.001608, 0.001485, 0.001550, 0.001428, 0.001491, 0.001368, 0.001584, 0.001433, 0.001591, 0.001439, 0.001442
0 , 1, 1, 1, 1, 1, 1, 1
0 , 0.005933, 0.006907, 0.008596, 0.010292, 0.012286, 0.013692, 0.015012
1 , 0.001730, 0.001773, 0.001828, 0.001770, 0.001935, 0.001786, 0.001954, 0.001756, 0.001894, 0.001924, 0.001891, 0.001881, 0.001790, 0.002018, 0.001836, 0.001964, 0.001763, 0.001912, 0.001982, 0.001687, 0.001897, 0.001096, 0.001219, 0.001840, 0.001645, 0.001739, 0.001636, 0.001669, 0.001454, 0.001608, 0.001485, 0.001550, 0.001428, 0.001491, 0.001368, 0.001584, 0.001433, 0.001591, 0.001439, 0.001442, 0.001358, 0.001511, 0.001323, 0.001571, 0.001475, 0.001401, 0.001558, 0.000072, 0.001482, 0.001687, 0.001709, 0.001562, 0.001857, 0.001763, 0.001845, 0.001657, 0.001930, 0.001918, 0.001939, 0.001778, 0.001763, 0.002009, 0.001926, 0.001978, 0.002010, 0.002142, 0.002193, 0.002112, 0.002208, 0.002163, 0.002344, 0.002295, 0.000160, 0.001474, 0.001284, 0.001153, 0.001087, 0.001022, 0.000872, 0.000849, 0.000914, 0.000920, 0.000760, 0.000847, 0.000843, 0.001003, 0.000866, 0.001029, 0.001058, 0.001251, 0.001282, 0.001357
1 , 1, 1, 1, 1, 1, 1, 1
1 , 0.018099, 0.020916, 0.023332, 0.023972, 0.027832, 0.025531, 0.025039
2 , 0.001709, 0.001562, 0.001857, 0.001763, 0.001845, 0.001657, 0.001930, 0.001918, 0.001939, 0.001778, 0.001763, 0.002009, 0.001926, 0.001978, 0.002010, 0.002142, 0.002193, 0.002112, 0.002208, 0.002163, 0.002344, 0.002295, 0.000160, 0.001474, 0.001284, 0.001153, 0.001087, 0.001022, 0.000872, 0.000849, 0.000914, 0.000920, 0.000760, 0.000847, 0.000843, 0.001003, 0.000866, 0.001029, 0.001058, 0.001251, 0.001282, 0.001357, 0.001295, 0.001563, 0.001528, 0.001018, 0.001200, 0.001477, 0.001685, 0.001467, 0.001469, 0.001282, 0.001340, 0.001565, 0.001395, 0.001503, 0.001306, 0.001447, 0.001468, 0.001469, 0.001487, 0.001589, 0.001738, 0.001535, 0.001638, 0.001547, 0.001721, 0.001861, 0.001721, 0.002028, 0.000312, 0.001440, 0.001623, 0.001525, 0.001444, 0.001137, 0.001420, 0.001327, 0.001422, 0.001294, 0.001361, 0.001267, 0.001507, 0.001346, 0.001407, 0.001191, 0.001439, 0.001365, 0.001575, 0.001361, 0.001510, 0.001383
2 , 1, 1, 1, 1, 1, 1, 1
2 , 0.016435, 0.019715, 0.023429, 0.023173, 0.020171, 0.019994, 0.019110
3 , 0.001685, 0.001467, 0.001469, 0.001282, 0.001340, 0.001565, 0.001395, 0.001503, 0.001306, 0.001447, 0.001468, 0.001469, 0.001487, 0.001589, 0.001738, 0.001535, 0.001638, 0.001547, 0.001721, 0.001861, 0.001721, 0.002028, 0.000312, 0.001440, 0.001623, 0.001525, 0.001444, 0.001137, 0.001420, 0.001327, 0.001422, 0.001294, 0.001361, 0.001267, 0.001507, 0.001346, 0.001407, 0.001191, 0.001439, 0.001365, 0.001575, 0.001361, 0.001510, 0.001383, 0.001539, 0.001437, 0.001709, 0.001549, 0.000477, 0.001539, 0.001478, 0.001613, 0.001450, 0.001724, 0.001511, 0.001586, 0.001520, 0.001677, 0.001743, 0.001614, 0.001716, 0.001423, 0.001677, 0.001639, 0.001730, 0.001603, 0.001567, 0.001807, 0.001627, 0.001765, 0.001666, 0.001796, 0.001387, 0.001246, 0.001925, 0.001795, 0.001710, 0.001649, 0.001619, 0.001468, 0.001535, 0.001477, 0.001484, 0.001487, 0.001525, 0.001399, 0.001461, 0.001402, 0.001495, 0.001374, 0.001496, 0.001549
3 , 2, 1, 1, 1, 1, 1, 1
3 , 0.001643, 0.002997, 0.004397, 0.005340, 0.003337, 0.005141, 0.004891
4 , 0.001539, 0.001478, 0.001613, 0.001450, 0.001724, 0.001511, 0.001586, 0.001520, 0.001677, 0.001743, 0.001614, 0.001716, 0.001423, 0.001677, 0.001639, 0.001730, 0.001603, 0.001567, 0.001807, 0.001627, 0.001765, 0.001666, 0.001796, 0.001387, 0.001246, 0.001925, 0.001795, 0.001710, 0.001649, 0.001619, 0.001468, 0.001535, 0.001477, 0.001484, 0.001487, 0.001525, 0.001399, 0.001461, 0.001402, 0.001495, 0.001374, 0.001496, 0.001549, 0.001435, 0.001427, 0.001442, 0.001537, 0.000360, 0.001698, 0.001574, 0.001743, 0.001768, 0.001708, 0.001869, 0.001644, 0.001958, 0.001824, 0.001824, 0.001699, 0.001836, 0.001939, 0.001897, 0.001921, 0.001656, 0.001939, 0.001942, 0.001851, 0.001724, 0.001617, 0.002046, 0.001780, 0.002004, 0.000530, 0.001563, 0.001742, 0.001681, 0.001645, 0.001462, 0.001619, 0.001401, 0.001649, 0.001435, 0.001716, 0.001503, 0.001628, 0.001381, 0.001507, 0.001381, 0.001658, 0.001407, 0.001441, 0.001346
4 , 1, 1, 1, 1, 1, 1, 1
4 , 0.003412, 0.003931, 0.005677, 0.007671, 0.011391, 0.008979, 0.008126
5 , 0.001743, 0.001768, 0.001708, 0.001869, 0.001644, 0.001958, 0.001824, 0.001824, 0.001699, 0.001836, 0.001939, 0.001897, 0.001921, 0.001656, 0.001939, 0.001942, 0.001851, 0.001724, 0.001617, 0.002046, 0.001780, 0.002004, 0.000530, 0.001563, 0.001742, 0.001681, 0.001645, 0.001462, 0.001619, 0.001401, 0.001649, 0.001435, 0.001716, 0.001503, 0.001628, 0.001381, 0.001507, 0.001381, 0.001658, 0.001407, 0.001441, 0.001346, 0.001621, 0.001372, 0.001710, 0.001591, 0.001788, 0.001057, 0.000961, 0.001614, 0.001633, 0.001645, 0.001481, 0.001696, 0.001642, 0.001824, 0.001733, 0.001893, 0.002166, 0.001893, 0.001948, 0.001778, 0.002000, 0.001906, 0.001939, 0.001902, 0.001738, 0.002000, 0.001747, 0.002024, 0.001864, 0.002042, 0.000828, 0.001557, 0.001728, 0.001779, 0.001658, 0.001591, 0.001555, 0.001529, 0.001591, 0.001560, 0.001534, 0.001375, 0.001526, 0.001557, 0.001618, 0.001615, 0.001647, 0.001617, 0.001653, 0.001529
5 , 1, 1, 1, 1, 1, 1, 1
5 , 0.007088, 0.009277, 0.010353, 0.011410, 0.011134, 0.010726, 0.010795
6 , 0.001614, 0.001633, 0.001645, 0.001481, 0.001696, 0.001642, 0.001824, 0.001733, 0.001893, 0.002166, 0.001893, 0.001948, 0.001778, 0.002000, 0.001906, 0.001939, 0.001902, 0.001738, 0.002000, 0.001747, 0.002024, 0.001864, 0.002042, 0.000828, 0.001557, 0.001728, 0.001779, 0.001658, 0.001591, 0.001555, 0.001529, 0.001591, 0.001560, 0.001534, 0.001375, 0.001526, 0.001557, 0.001618, 0.001615, 0.001647, 0.001617, 0.001653, 0.001529, 0.001562, 0.001499, 0.001594, 0.001445, 0.000410, 0.001775, 0.001507, 0.001700, 0.001860, 0.001831, 0.001885, 0.001754, 0.002080, 0.001885, 0.001901, 0.001797, 0.001909, 0.002174, 0.001949, 0.001968, 0.001786, 0.001939, 0.001860, 0.001693, 0.001794, 0.001818, 0.001799, 0.001602, 0.001627, 0.001718, 0.001344, 0.001148, 0.002097, 0.001753, 0.001818, 0.001631, 0.001729, 0.001482, 0.001667, 0.001664, 0.001788, 0.001482, 0.001726, 0.001598, 0.001689, 0.001686, 0.001808, 0.001502, 0.001750
6 , 1, 1, 1, 1, 1, 1, 1
6 , 0.005081, 0.005618, 0.007516, 0.008849, 0.012158, 0.010285, 0.009799
7 , 0.001700, 0.001860, 0.001831, 0.001885, 0.001754, 0.002080, 0.001885, 0.001901, 0.001797, 0.001909, 0.002174, 0.001949, 0.001968, 0.001786, 0.001939, 0.001860, 0.001693, 0.001794, 0.001818, 0.001799, 0.001602, 0.001627, 0.001718, 0.001344, 0.001148, 0.002097, 0.001753, 0.001818, 0.001631, 0.001729, 0.001482, 0.001667, 0.001664, 0.001788, 0.001482, 0.001726, 0.001598, 0.001689, 0.001686, 0.001808, 0.001502, 0.001750, 0.001595, 0.001782, 0.001630, 0.001816, 0.001598, 0.001665, 0.001451, 0.001577, 0.001450, 0.001578, 0.001400, 0.001584, 0.001404, 0.001563, 0.001314, 0.001442, 0.001319, 0.001533, 0.001405, 0.001619, 0.001342, 0.001645, 0.001336, 0.001552, 0.001490, 0.001618, 0.001462, 0.001555, 0.001372, 0.001498, 0.001312, 0.001566, 0.001312, 0.001530, 0.001403, 0.001678, 0.001549, 0.001670, 0.001451, 0.001608, 0.001480, 0.001576, 0.001482, 0.001757, 0.001608, 0.001673, 0.001550, 0.001678, 0.001551, 0.001680
7 , 2, 2, 2, 2, 2, 2, 2
7 , 0.003264, 0.005207, 0.005077, 0.005761, 0.005967, 0.005854, 0.004653
8 , 0.001450, 0.001578, 0.001400, 0.001584, 0.001404, 0.001563, 0.001314, 0.001442, 0.001319, 0.001533, 0.001405, 0.001619, 0.001342, 0.001645, 0.001336, 0.001552, 0.001490, 0.001618, 0.001462, 0.001555, 0.001372, 0.001498, 0.001312, 0.001566, 0.001312, 0.001530, 0.001403, 0.001678, 0.001549, 0.001670, 0.001451, 0.001608, 0.001480, 0.001576, 0.001482, 0.001757, 0.001608, 0.001673, 0.001550, 0.001678, 0.001551, 0.001680, 0.001467, 0.001681, 0.001466, 0.001622, 0.001377, 0.001621, 0.001531, 0.001658, 0.001564, 0.001661, 0.001475, 0.001600, 0.001323, 0.001537, 0.001476, 0.001629, 0.001471, 0.001503, 0.001435, 0.001495, 0.001432, 0.001585, 0.001548, 0.001517, 0.001508, 0.001604, 0.001572, 0.001635, 0.001514, 0.001551, 0.001551, 0.001707, 0.001562, 0.001472, 0.001388, 0.001547, 0.001487, 0.001526, 0.001412, 0.001416, 0.001366, 0.001403, 0.001382, 0.001354, 0.001350, 0.001389, 0.001419, 0.001354, 0.001354, 0.001324
8 , 3, 3, 3, 3, 3, 3, 3
8 , 0.002559, 0.002905, 0.003528, 0.003814, 0.004388, 0.004656, 0.005457
9 , 0.001475, 0.001600, 0.001323, 0.001537, 0.001476, 0.001629, 0.001471, 0.001503, 0.001435, 0.001495, 0.001432, 0.001585, 0.001548, 0.001517, 0.001508, 0.001604, 0.001572, 0.001635, 0.001514, 0.001551, 0.001551, 0.001707, 0.001562, 0.001472, 0.001388, 0.001547, 0.001487, 0.001526, 0.001412, 0.001416, 0.001366, 0.001403, 0.001382, 0.001354, 0.001350, 0.001389, 0.001419, 0.001354, 0.001354, 0.001324, 0.001354, 0.001281, 0.001389, 0.001414, 0.001493, 0.001511, 0.001596, 0.001498, 0.001673, 0.001726, 0.001752, 0.001680, 0.001676, 0.001578, 0.001852, 0.001788, 0.001817, 0.001755, 0.001908, 0.001663, 0.001847, 0.001785, 0.001821, 0.001791, 0.001918, 0.001771, 0.001785, 0.001547, 0.001645, 0.001526, 0.001688, 0.001385, 0.001546, 0.001366, 0.001437, 0.001316, 0.001514, 0.001211, 0.001378, 0.001287, 0.001205, 0.001230, 0.001414, 0.001263, 0.001358, 0.001202, 0.001364, 0.001264, 0.001388, 0.001192, 0.001411, 0.001367
9 , 1, 1, 1, 1, 1, 1, 1
9 , 0.010232, 0.010788, 0.010945, 0.011514, 0.011511, 0.011239, 0.010466
10 , 0.001726, 0.001752, 0.001680, 0.001676, 0.001578, 0.001852, 0.001788, 0.001817, 0.001755, 0.001908, 0.001663, 0.001847, 0.001785, 0.001821, 0.001791, 0.001918, 0.001771, 0.001785, 0.001547, 0.001645, 0.001526, 0.001688, 0.001385, 0.001546, 0.001366, 0.001437, 0.001316, 0.001514, 0.001211, 0.001378, 0.001287, 0.001205, 0.001230, 0.001414, 0.001263, 0.001358, 0.001202, 0.001364, 0.001264, 0.001388, 0.001192, 0.001411, 0.001367, 0.001427, 0.001362, 0.001507, 0.001286, 0.001589, 0.001487, 0.001644, 0.001457, 0.001575, 0.001446, 0.001537, 0.001320, 0.001568, 0.001530, 0.001625, 0.001468, 0.001680, 0.001496, 0.001713, 0.001558, 0.001655, 0.001534, 0.001692, 0.001571, 0.001605, 0.001420, 0.001517, 0.001333, 0.001465, 0.001439, 0.001439, 0.001402, 0.001407, 0.001438, 0.001468, 0.001350, 0.001416, 0.001329, 0.001459, 0.001367, 0.001311, 0.001345, 0.001363, 0.001241, 0.001328, 0.001419, 0.001414, 0.001531, 0.001496
10 , 1, 1, 1, 1, 1, 1, 1
10 , 0.011493, 0.011890, 0.011934, 0.012234, 0.011415, 0.011175, 0.010219
11 , 0.001644, 0.001457, 0.001575, 0.001446, 0.001537, 0.001320, 0.001568, 0.001530, 0.001625, 0.001468, 0.001680, 0.001496, 0.001713, 0.001558, 0.001655, 0.001534, 0.001692, 0.001571, 0.001605, 0.001420, 0.001517, 0.001333, 0.001465, 0.001439, 0.001439, 0.001402, 0.001407, 0.001438, 0.001468, 0.001350, 0.001416, 0.001329, 0.001459, 0.001367, 0.001311, 0.001345, 0.001363, 0.001241, 0.001328, 0.001419, 0.001414, 0.001531, 0.001496, 0.001615, 0.001484, 0.001599, 0.001473, 0.001622, 0.001617, 0.001678, 0.001582, 0.001704, 0.001667, 0.001669, 0.001574, 0.001728, 0.001572, 0.001697, 0.001450, 0.001605, 0.001607, 0.001577, 0.001602, 0.001701, 0.001543, 0.001701, 0.001550, 0.001738, 0.001496, 0.001623, 0.001472, 0.001537, 0.001445, 0.001544, 0.001393, 0.001581, 0.001423, 0.001545, 0.001389, 0.001515, 0.001486, 0.001493, 0.001272, 0.001493, 0.001456, 0.001578, 0.001452, 0.001674, 0.001337, 0.001492, 0.001307, 0.001492
11 , 1, 1, 1, 1, 1, 1, 1
11 , 0.006258, 0.006343, 0.006529, 0.006215, 0.005879, 0.005410, 0.005000
12 , 0.001617, 0.001678, 0.001582, 0.001704, 0.001667, 0.001669, 0.001574, 0.001728, 0.001572, 0.001697, 0.001450, 0.001605, 0.001607, 0.001577, 0.001602, 0.001701, 0.001543, 0.001701, 0.001550, 0.001738, 0.001496, 0.001623, 0.001472, 0.001537, 0.001445, 0.001544, 0.001393, 0.001581, 0.001423, 0.001545, 0.001389, 0.001515, 0.001486, 0.001493, 0.001272, 0.001493, 0.001456, 0.001578, 0.001452, 0.001674, 0.001337, 0.001492, 0.001307, 0.001492, 0.001452, 0.001545, 0.001445, 0.001563, 0.001496, 0.001681, 0.001495, 0.001647, 0.001491, 0.001586, 0.001491, 0.001641, 0.001581, 0.001677, 0.001618, 0.001743, 0.001651, 0.001565, 0.001507, 0.001630, 0.001569, 0.001630, 0.001570, 0.001482, 0.001507, 0.001546, 0.001516, 0.001491, 0.001523, 0.001499, 0.001505, 0.001351, 0.001353, 0.001409, 0.001435, 0.001463, 0.001577, 0.001508, 0.001536, 0.001562, 0.001586, 0.001611, 0.001607, 0.001478, 0.001752, 0.001807, 0.001744, 0.001648
12 , 1, 1, 1, 1, 1, 1, 2
12 , 0.004223, 0.004403, 0.004179, 0.004299, 0.003743, 0.003454, 0.003095
13 , 0.001563, 0.001496, 0.001681, 0.001495, 0.001647, 0.001491, 0.001586, 0.001491, 0.001641, 0.001581, 0.001677, 0.001618, 0.001743, 0.001651, 0.001565, 0.001507, 0.001630, 0.001569, 0.001630, 0.001570, 0.001482, 0.001507, 0.001546, 0.001516, 0.001491, 0.001523, 0.001499, 0.001505, 0.001351, 0.001353, 0.001409, 0.001435, 0.001463, 0.001577, 0.001508, 0.001536, 0.001562, 0.001586, 0.001611, 0.001607, 0.001478, 0.001752, 0.001807, 0.001744, 0.001648, 0.001740, 0.001740, 0.001834, 0.001592, 0.001688, 0.001745, 0.001811, 0.001689, 0.001784, 0.001599, 0.001821, 0.001546, 0.001638, 0.001577, 0.001644, 0.001429, 0.001592, 0.001379, 0.001598, 0.001444, 0.001575, 0.001390, 0.001520, 0.001367, 0.001579, 0.001366, 0.001489, 0.001335, 0.001526, 0.001430, 0.001531, 0.001434, 0.001584, 0.001459, 0.001556, 0.001399, 0.001646, 0.001390, 0.001635, 0.001597, 0.001727, 0.001446, 0.001752, 0.001624, 0.001774, 0.001647, 0.001679
13 , 1, 1, 1, 1, 1, 2, 0
13 , 0.003434, 0.002787, 0.002238, 0.001382, 0.000639, 0.000392, 0.000644
14 , 0.001740, 0.001834, 0.001592, 0.001688, 0.001745, 0.001811, 0.001689, 0.001784, 0.001599, 0.001821, 0.001546, 0.001638, 0.001577, 0.001644, 0.001429, 0.001592, 0.001379, 0.001598, 0.001444, 0.001575, 0.001390, 0.001520, 0.001367, 0.001579, 0.001366, 0.001489, 0.001335, 0.001526, 0.001430, 0.001531, 0.001434, 0.001584, 0.001459, 0.001556, 0.001399, 0.001646, 0.001390, 0.001635, 0.001597, 0.001727, 0.001446, 0.001752, 0.001624, 0.001774, 0.001647, 0.001679, 0.001582, 0.001674, 0.001610, 0.001610, 0.001459, 0.001612, 0.001702, 0.001765, 0.001670, 0.001734, 0.001703, 0.001706, 0.001557, 0.001617, 0.001650, 0.001592, 0.001562, 0.001620, 0.001628, 0.001570, 0.001481, 0.001475, 0.001602, 0.001480, 0.001482, 0.001452, 0.001545, 0.001453, 0.001602, 0.001587, 0.001645, 0.001551, 0.001585, 0.001489, 0.001547, 0.001604, 0.001726, 0.001544, 0.001700, 0.001547, 0.001641, 0.001669, 0.001762, 0.001605, 0.001641, 0.001518
14 , 1, 1, 1, 1, 2, 1, 2
14 , 0.003841, 0.003552, 0.002645, 0.002225, 0.001190, 0.000895, 0.000831
15 , 0.001582, 0.001674, 0.001610, 0.001610, 0.001459, 0.001612, 0.001702, 0.001765, 0.001670, 0.001734, 0.001703, 0.001706, 0.001557, 0.001617, 0.001650, 0.001592, 0.001562, 0.001620, 0.001628, 0.001570, 0.001481, 0.001475, 0.001602, 0.001480, 0.001482, 0.001452, 0.001545, 0.001453, 0.001602, 0.001587, 0.001645, 0.001551, 0.001585, 0.001489, 0.001547, 0.001604, 0.001726, 0.001544, 0.001700, 0.001547, 0.001641, 0.001669, 0.001762, 0.001605, 0.001641, 0.001518, 0.001612, 0.001463, 0.001710, 0.001496, 0.001716, 0.001614, 0.001740, 0.001496, 0.001683, 0.001591, 0.001683, 0.001466, 0.001684, 0.001465, 0.001679, 0.001612, 0.001684, 0.001591, 0.001804, 0.001561, 0.001721, 0.001509, 0.001696, 0.001453, 0.001647, 0.001463, 0.001650, 0.001557, 0.001526, 0.001393, 0.001631, 0.001498, 0.001673, 0.001600, 0.001897, 0.001855, 0.001973, 0.001846, 0.002055, 0.001868, 0.001988, 0.002140, 0.002079, 0.001987, 0.002109, 0.002018
15 , 2, 2, 2, 2, 2, 2, 2
15 , 0.004540, 0.004501, 0.005018, 0.005013, 0.005758, 0.005822, 0.006170
16 , 0.001740, 0.001496, 0.001683, 0.001591, 0.001683, 0.001466, 0.001684, 0.001465, 0.001679, 0.001612, 0.001684, 0.001591, 0.001804, 0.001561, 0.001721, 0.001509, 0.001696, 0.001453, 0.001647, 0.001463, 0.001650, 0.001557, 0.001526, 0.001393, 0.001631, 0.001498, 0.001673, 0.001600, 0.001897, 0.001855, 0.001973, 0.001846, 0.002055, 0.001868, 0.001988, 0.002140, 0.002079, 0.001987, 0.002109, 0.002018, 0.002048, 0.002079, 0.002109, 0.001956, 0.001927, 0.001928, 0.001931, 0.001876, 0.001792, 0.001678, 0.001630, 0.001587, 0.001627, 0.001579, 0.001437, 0.001483, 0.001461, 0.001479, 0.001209, 0.001283, 0.001230, 0.001262, 0.001228, 0.001353, 0.001320, 0.001349, 0.001218, 0.001278, 0.001232, 0.001439, 0.001310, 0.001489, 0.001387, 0.001564, 0.001493, 0.001611, 0.001416, 0.001666, 0.001469, 0.001647, 0.001584, 0.001793, 0.001599, 0.001782, 0.001686, 0.001833, 0.001706, 0.001894, 0.001706, 0.001801, 0.001675, 0.001923
16 , 0, 0, 0, 0, 0, 0, 0
16 , 0.007568, 0.009328, 0.010396, 0.012061, 0.013233, 0.014527, 0.014832
