0 , 0.001811, 0.001714, 0.001842, 0.001848, 0.001729, 0.001865, 0.001842, 0.002104, 0.002008, 0.002025, 0.001965, 0.002110, 0.002271, 0.002099, 0.002075, 0.001931, 0.002251, 0.002136, 0.002237, 0.002150, 0.002034, 0.002036, 0.002186, 0.000171, 0.001754, 0.001408, 0.001532, 0.001437, 0.001345, 0.001400, 0.001427, 0.001488, 0.001424, 0.001365, 0.001335, 0.001335, 0.001398, 0.001334, 0.001306, 0.001391, 0.001475, 0.001349, 0.001598, 0.001532, 0.001474, 0.001492, 0.001081, 0.001338, 0.001674, 0.001878, 0.001696, 0.001842, 0.001805, 0.001878, 0.001987, 0.002060, 0.001936, 0.001711, 0.002078, 0.001954, 0.002054, 0.001763, 0.001832, 0.001983, 0.001892, 0.001837, 0.001734, 0.001931, 0.002016, 0.001840, 0.001924, 0.000676, 0.001295, 0.001746, 0.001649, 0.001655, 0.001440, 0.001689, 0.001473, 0.001480, 0.001331, 0.001549, 0.001333, 0.001461, 0.001305, 0.001489, 0.001268, 0.001487, 0.001299, 0.001549, 0.001392, 0.001578
0 , 1, 1, 1, 1, 1, 1, 1
0 , 0.015646, 0.017901, 0.020840, 0.023543, 0.023449, 0.019828, 0.019842
1 , 0.001878, 0.001696, 0.001842, 0.001805, 0.001878, 0.001987, 0.002060, 0.001936, 0.001711, 0.002078, 0.001954, 0.002054, 0.001763, 0.001832, 0.001983, 0.001892, 0.001837, 0.001734, 0.001931, 0.002016, 0.001840, 0.001924, 0.000676, 0.001295, 0.001746, 0.001649, 0.001655, 0.001440, 0.001689, 0.001473, 0.001480, 0.001331, 0.001549, 0.001333, 0.001461, 0.001305, 0.001489, 0.001268, 0.001487, 0.001299, 0.001549, 0.001392, 0.001578, 0.001332, 0.001492, 0.001390, 0.001555, 0.001451, 0.000464, 0.001699, 0.001762, 0.001802, 0.001962, 0.002005, 0.001887, 0.001899, 0.001802, 0.002133, 0.001929, 0.002045, 0.002154, 0.002123, 0.002160, 0.002016, 0.002029, 0.001850, 0.002100, 0.002030, 0.002002, 0.002029, 0.001911, 0.002153, 0.001714, 0.001168, 0.001765, 0.001504, 0.001420, 0.001389, 0.001295, 0.001441, 0.001493, 0.001494, 0.001341, 0.001336, 0.001420, 0.001482, 0.001390, 0.001540, 0.001473, 0.001532, 0.001347, 0.001555
1 , 1, 1, 1, 1, 1, 1, 1
1 , 0.013665, 0.016107, 0.018380, 0.019710, 0.019007, 0.020849, 0.019999
2 , 0.001802, 0.001962, 0.002005, 0.001887, 0.001899, 0.001802, 0.002133, 0.001929, 0.002045, 0.002154, 0.002123, 0.002160, 0.002016, 0.002029, 0.001850, 0.002100, 0.002030, 0.002002, 0.002029, 0.001911, 0.002153, 0.001714, 0.001168, 0.001765, 0.001504, 0.001420, 0.001389, 0.001295, 0.001441, 0.001493, 0.001494, 0.001341, 0.001336, 0.001420, 0.001482, 0.001390, 0.001540, 0.001473, 0.001532, 0.001347, 0.001555, 0.001582, 0.001551, 0.001439, 0.001666, 0.000536, 0.001544, 0.001617, 0.001829, 0.001614, 0.001887, 0.001723, 0.001975, 0.001905, 0.001793, 0.001905, 0.001814, 0.001942, 0.001911, 0.002039, 0.001923, 0.001957, 0.002008, 0.001904, 0.002136, 0.001865, 0.001917, 0.001926, 0.001989, 0.002062, 0.001864, 0.002151, 0.000111, 0.001598, 0.001564, 0.001530, 0.001309, 0.001375, 0.001129, 0.001431, 0.001277, 0.001435, 0.001309, 0.001523, 0.001364, 0.001458, 0.001207, 0.001481, 0.001267, 0.001422, 0.001386, 0.001509
2 , 1, 1, 1, 1, 1, 1, 1
2 , 0.017046, 0.019630, 0.023905, 0.024700, 0.024860, 0.021519, 0.021143
3 , 0.001887, 0.001723, 0.001975, 0.001905, 0.001793, 0.001905, 0.001814, 0.001942, 0.001911, 0.002039, 0.001923, 0.001957, 0.002008, 0.001904, 0.002136, 0.001865, 0.001917, 0.001926, 0.001989, 0.002062, 0.001864, 0.002151, 0.000111, 0.001598, 0.001564, 0.001530, 0.001309, 0.001375, 0.001129, 0.001431, 0.001277, 0.001435, 0.001309, 0.001523, 0.001364, 0.001458, 0.001207, 0.001481, 0.001267, 0.001422, 0.001386, 0.001509, 0.001441, 0.001473, 0.001347, 0.001532, 0.001432, 0.001319, 0.000993, 0.001686, 0.001605, 0.001984, 0.001650, 0.001780, 0.001680, 0.001935, 0.001922, 0.001847, 0.001920, 0.001814, 0.002072, 0.001969, 0.001978, 0.001887, 0.001896, 0.002045, 0.002036, 0.002048, 0.001756, 0.001966, 0.001823, 0.002081, 0.000826, 0.001370, 0.001544, 0.001658, 0.001570, 0.001447, 0.001538, 0.001446, 0.001414, 0.001448, 0.001385, 0.001352, 0.001414, 0.001356, 0.001414, 0.001539, 0.001451, 0.001510, 0.001454, 0.001484
3 , 1, 1, 1, 1, 1, 1, 1
3 , 0.016483, 0.018299, 0.019611, 0.021597, 0.020031, 0.019713, 0.018854
4 , 0.001686, 0.001605, 0.001984, 0.001650, 0.001780, 0.001680, 0.001935, 0.001922, 0.001847, 0.001920, 0.001814, 0.002072, 0.001969, 0.001978, 0.001887, 0.001896, 0.002045, 0.002036, 0.002048, 0.001756, 0.001966, 0.001823, 0.002081, 0.000826, 0.001370, 0.001544, 0.001658, 0.001570, 0.001447, 0.001538, 0.001446, 0.001414, 0.001448, 0.001385, 0.001352, 0.001414, 0.001356, 0.001414, 0.001539, 0.001451, 0.001510, 0.001454, 0.001484, 0.001427, 0.001457, 0.001379, 0.001549, 0.000340, 0.001665, 0.001740, 0.001874, 0.001842, 0.001839, 0.002040, 0.001952, 0.002074, 0.001879, 0.002043, 0.002010, 0.002071, 0.001943, 0.001916, 0.002211, 0.002019, 0.002059, 0.001928, 0.001928, 0.002045, 0.001941, 0.001902, 0.001769, 0.001835, 0.000697, 0.001722, 0.001553, 0.001626, 0.001374, 0.001505, 0.001260, 0.001536, 0.001345, 0.001501, 0.001281, 0.001439, 0.001315, 0.001477, 0.001194, 0.001477, 0.001386, 0.001476, 0.001290, 0.001448
4 , 1, 1, 1, 1, 1, 1, 1
4 , 0.014492, 0.016065, 0.018435, 0.020081, 0.024201, 0.020747, 0.020135
5 , 0.001874, 0.001842, 0.001839, 0.002040, 0.001952, 0.002074, 0.001879, 0.002043, 0.002010, 0.002071, 0.001943, 0.001916, 0.002211, 0.002019, 0.002059, 0.001928, 0.001928, 0.002045, 0.001941, 0.001902, 0.001769, 0.001835, 0.000697, 0.001722, 0.001553, 0.001626, 0.001374, 0.001505, 0.001260, 0.001536, 0.001345, 0.001501, 0.001281, 0.001439, 0.001315, 0.001477, 0.001194, 0.001477, 0.001386, 0.001476, 0.001290, 0.001448, 0.001346, 0.001566, 0.001333, 0.001350, 0.001323, 0.000633, 0.001542, 0.001848, 0.001628, 0.001796, 0.001772, 0.001811, 0.001796, 0.001866, 0.002090, 0.001860, 0.001969, 0.001793, 0.001917, 0.001938, 0.002017, 0.001920, 0.001842, 0.002197, 0.002027, 0.002066, 0.001893, 0.001932, 0.001790, 0.002069, 0.000087, 0.001632, 0.001569, 0.001597, 0.001564, 0.001409, 0.001526, 0.001464, 0.001521, 0.001552, 0.001491, 0.001586, 0.001559, 0.001465, 0.001561, 0.001382, 0.001476, 0.001324, 0.001390, 0.001393
5 , 1, 1, 1, 1, 1, 1, 1
5 , 0.015245, 0.018505, 0.020152, 0.021622, 0.022564, 0.019951, 0.019277
6 , 0.001628, 0.001796, 0.001772, 0.001811, 0.001796, 0.001866, 0.002090, 0.001860, 0.001969, 0.001793, 0.001917, 0.001938, 0.002017, 0.001920, 0.001842, 0.002197, 0.002027, 0.002066, 0.001893, 0.001932, 0.001790, 0.002069, 0.000087, 0.001632, 0.001569, 0.001597, 0.001564, 0.001409, 0.001526, 0.001464, 0.001521, 0.001552, 0.001491, 0.001586, 0.001559, 0.001465, 0.001561, 0.001382, 0.001476, 0.001324, 0.001390, 0.001393, 0.001453, 0.001306, 0.001511, 0.001176, 0.001119, 0.001778, 0.001796, 0.001855, 0.001889, 0.001842, 0.002165, 0.002061, 0.002098, 0.002011, 0.002120, 0.002177, 0.002009, 0.002120, 0.002164, 0.002139, 0.002078, 0.002158, 0.001997, 0.001986, 0.002206, 0.002105, 0.001975, 0.001929, 0.001153, 0.001322, 0.001801, 0.001759, 0.001818, 0.001600, 0.001691, 0.001535, 0.001780, 0.001503, 0.001625, 0.001502, 0.001749, 0.001505, 0.001660, 0.001568, 0.001663, 0.001600, 0.001639, 0.001369, 0.001497, 0.001346
6 , 1, 1, 1, 1, 1, 1, 1
6 , 0.015304, 0.018095, 0.020144, 0.021157, 0.017308, 0.017490, 0.017322
7 , 0.001855, 0.001889, 0.001842, 0.002165, 0.002061, 0.002098, 0.002011, 0.002120, 0.002177, 0.002009, 0.002120, 0.002164, 0.002139, 0.002078, 0.002158, 0.001997, 0.001986, 0.002206, 0.002105, 0.001975, 0.001929, 0.001153, 0.001322, 0.001801, 0.001759, 0.001818, 0.001600, 0.001691, 0.001535, 0.001780, 0.001503, 0.001625, 0.001502, 0.001749, 0.001505, 0.001660, 0.001568, 0.001663, 0.001600, 0.001639, 0.001369, 0.001497, 0.001346, 0.001480, 0.001297, 0.001343, 0.001327, 0.000203, 0.001941, 0.001933, 0.001793, 0.002160, 0.002140, 0.002174, 0.002113, 0.002147, 0.002309, 0.002211, 0.002035, 0.001907, 0.002118, 0.002104, 0.002086, 0.001981, 0.001890, 0.002045, 0.001905, 0.002016, 0.001805, 0.001926, 0.002012, 0.001792, 0.001011, 0.001771, 0.001609, 0.001552, 0.001487, 0.001304, 0.001577, 0.001575, 0.001609, 0.001366, 0.001521, 0.001398, 0.001552, 0.001337, 0.001375, 0.001378, 0.001508, 0.001357, 0.001420, 0.001237
7 , 1, 1, 1, 1, 1, 1, 1
7 , 0.016519, 0.019007, 0.020834, 0.021477, 0.024051, 0.022686, 0.022442
8 , 0.001793, 0.002160, 0.002140, 0.002174, 0.002113, 0.002147, 0.002309, 0.002211, 0.002035, 0.001907, 0.002118, 0.002104, 0.002086, 0.001981, 0.001890, 0.002045, 0.001905, 0.002016, 0.001805, 0.001926, 0.002012, 0.001792, 0.001011, 0.001771, 0.001609, 0.001552, 0.001487, 0.001304, 0.001577, 0.001575, 0.001609, 0.001366, 0.001521, 0.001398, 0.001552, 0.001337, 0.001375, 0.001378, 0.001508, 0.001357, 0.001420, 0.001237, 0.001392, 0.001217, 0.001596, 0.000398, 0.001387, 0.001713, 0.002011, 0.001923, 0.001866, 0.001769, 0.002021, 0.002160, 0.002277, 0.002015, 0.002109, 0.002222, 0.002013, 0.002086, 0.001895, 0.002099, 0.002008, 0.001990, 0.002060, 0.001960, 0.001984, 0.001984, 0.001962, 0.001963, 0.000178, 0.001480, 0.001672, 0.001611, 0.001553, 0.001309, 0.001436, 0.001344, 0.001411, 0.001288, 0.001412, 0.001191, 0.001347, 0.001311, 0.001492, 0.001278, 0.001467, 0.001401, 0.001407, 0.001349, 0.001410, 0.001284
8 , 1, 1, 1, 1, 1, 1, 1
8 , 0.021766, 0.024798, 0.028601, 0.026549, 0.024937, 0.024360, 0.023289
9 , 0.002011, 0.001923, 0.001866, 0.001769, 0.002021, 0.002160, 0.002277, 0.002015, 0.002109, 0.002222, 0.002013, 0.002086, 0.001895, 0.002099, 0.002008, 0.001990, 0.002060, 0.001960, 0.001984, 0.001984, 0.001962, 0.001963, 0.000178, 0.001480, 0.001672, 0.001611, 0.001553, 0.001309, 0.001436, 0.001344, 0.001411, 0.001288, 0.001412, 0.001191, 0.001347, 0.001311, 0.001492, 0.001278, 0.001467, 0.001401, 0.001407, 0.001349, 0.001410, 0.001284, 0.001375, 0.001281, 0.001524, 0.001061, 0.000804, 0.001778, 0.001783, 0.001845, 0.002005, 0.001919, 0.001956, 0.001970, 0.001940, 0.002144, 0.002010, 0.002117, 0.001949, 0.002123, 0.002077, 0.002074, 0.002071, 0.001909, 0.002086, 0.001959, 0.002062, 0.002038, 0.001948, 0.002312, 0.001167, 0.001590, 0.001710, 0.001576, 0.001370, 0.001488, 0.001392, 0.001456, 0.001358, 0.001418, 0.001260, 0.001507, 0.001380, 0.001440, 0.001405, 0.001712, 0.001345, 0.001505, 0.001347, 0.001505
9 , 1, 1, 1, 1, 1, 1, 1
9 , 0.017250, 0.020690, 0.023394, 0.024951, 0.024535, 0.024729, 0.024624
10 , 0.001778, 0.001783, 0.001845, 0.002005, 0.001919, 0.001956, 0.001970, 0.001940, 0.002144, 0.002010, 0.002117, 0.001949, 0.002123, 0.002077, 0.002074, 0.002071, 0.001909, 0.002086, 0.001959, 0.002062, 0.002038, 0.001948, 0.002312, 0.001167, 0.001590, 0.001710, 0.001576, 0.001370, 0.001488, 0.001392, 0.001456, 0.001358, 0.001418, 0.001260, 0.001507, 0.001380, 0.001440, 0.001405, 0.001712, 0.001345, 0.001505, 0.001347, 0.001505, 0.001262, 0.001568, 0.001205, 0.001559, 0.000314, 0.001734, 0.001717, 0.001754, 0.001586, 0.001841, 0.001680, 0.002068, 0.001841, 0.001926, 0.001890, 0.001945, 0.002023, 0.001911, 0.002006, 0.001757, 0.001954, 0.001957, 0.001908, 0.001747, 0.001939, 0.002209, 0.001896, 0.002043, 0.001984, 0.001999, 0.002034, 0.000558, 0.001615, 0.001537, 0.001430, 0.001267, 0.001448, 0.001264, 0.001295, 0.001290, 0.001498, 0.001370, 0.001463, 0.001273, 0.001395, 0.001295, 0.001331, 0.001296, 0.001448
10 , 1, 1, 1, 1, 1, 1, 1
10 , 0.012215, 0.014766, 0.017867, 0.020479, 0.025406, 0.024982, 0.025660
11 , 0.001841, 0.001680, 0.002068, 0.001841, 0.001926, 0.001890, 0.001945, 0.002023, 0.001911, 0.002006, 0.001757, 0.001954, 0.001957, 0.001908, 0.001747, 0.001939, 0.002209, 0.001896, 0.002043, 0.001984, 0.001999, 0.002034, 0.000558, 0.001615, 0.001537, 0.001430, 0.001267, 0.001448, 0.001264, 0.001295, 0.001290, 0.001498, 0.001370, 0.001463, 0.001273, 0.001395, 0.001295, 0.001331, 0.001296, 0.001448, 0.001258, 0.001505, 0.001291, 0.001473, 0.001350, 0.001534, 0.001470, 0.001442, 0.001347, 0.001473, 0.001351, 0.001566, 0.001383, 0.001568, 0.001351, 0.001388, 0.001323, 0.001418, 0.001296, 0.001425, 0.001215, 0.001402, 0.001313, 0.001324, 0.001238, 0.001402, 0.001221, 0.001262, 0.001206, 0.001185, 0.001186, 0.001185, 0.001154, 0.001193, 0.001063, 0.001035, 0.001042, 0.001102, 0.001035, 0.001038, 0.001009, 0.001097, 0.001119, 0.001208, 0.001198, 0.001278, 0.001421, 0.001356, 0.001355, 0.001226, 0.001373, 0.001521
11 , 1, 1, 1, 1, 1, 1, 1
11 , 0.014576, 0.015315, 0.015488, 0.015881, 0.013186, 0.012926, 0.011919
12 , 0.001473, 0.001351, 0.001566, 0.001383, 0.001568, 0.001351, 0.001388, 0.001323, 0.001418, 0.001296, 0.001425, 0.001215, 0.001402, 0.001313, 0.001324, 0.001238, 0.001402, 0.001221, 0.001262, 0.001206, 0.001185, 0.001186, 0.001185, 0.001154, 0.001193, 0.001063, 0.001035, 0.001042, 0.001102, 0.001035, 0.001038, 0.001009, 0.001097, 0.001119, 0.001208, 0.001198, 0.001278, 0.001421, 0.001356, 0.001355, 0.001226, 0.001373, 0.001521, 0.001455, 0.001424, 0.001453, 0.001419, 0.001423, 0.001361, 0.001420, 0.001446, 0.001322, 0.001321, 0.001532, 0.001440, 0.001503, 0.001409, 0.001475, 0.001503, 0.001563, 0.001470, 0.001561, 0.001437, 0.001592, 0.001348, 0.001507, 0.001380, 0.001501, 0.001379, 0.001595, 0.001379, 0.001596, 0.001443, 0.001568, 0.001349, 0.001563, 0.001413, 0.001545, 0.001419, 0.001537, 0.001323, 0.001545, 0.001359, 0.001484, 0.001360, 0.001610, 0.001391, 0.001484, 0.001449, 0.001486, 0.001270, 0.001423
12 , 2, 2, 1, 1, 1, 1, 1
12 , 0.004334, 0.004004, 0.003466, 0.002989, 0.002876, 0.002488, 0.002249
13 , 0.001419, 0.001423, 0.001361, 0.001420, 0.001446, 0.001322, 0.001321, 0.001532, 0.001440, 0.001503, 0.001409, 0.001475, 0.001503, 0.001563, 0.001470, 0.001561, 0.001437, 0.001592, 0.001348, 0.001507, 0.001380, 0.001501, 0.001379, 0.001595, 0.001379, 0.001596, 0.001443, 0.001568, 0.001349, 0.001563, 0.001413, 0.001545, 0.001419, 0.001537, 0.001323, 0.001545, 0.001359, 0.001484, 0.001360, 0.001610, 0.001391, 0.001484, 0.001449, 0.001486, 0.001270, 0.001423, 0.001355, 0.001509, 0.001353, 0.001507, 0.001440, 0.001564, 0.001439, 0.001565, 0.001468, 0.001591, 0.001319, 0.001509, 0.001447, 0.001629, 0.001386, 0.001568, 0.001446, 0.001724, 0.001418, 0.001486, 0.001392, 0.001612, 0.001427, 0.001531, 0.001377, 0.001501, 0.001231, 0.001513, 0.001327, 0.001394, 0.001419, 0.001356, 0.001226, 0.001404, 0.001368, 0.001461, 0.001425, 0.001480, 0.001444, 0.001625, 0.001475, 0.001499, 0.001617, 0.001649, 0.001496, 0.001620
13 , 3, 3, 3, 1, 3, 1, 1
13 , 0.001324, 0.000970, 0.001200, 0.000788, 0.000891, 0.000586, 0.000408
14 , 0.001355, 0.001509, 0.001353, 0.001507, 0.001440, 0.001564, 0.001439, 0.001565, 0.001468, 0.001591, 0.001319, 0.001509, 0.001447, 0.001629, 0.001386, 0.001568, 0.001446, 0.001724, 0.001418, 0.001486, 0.001392, 0.001612, 0.001427, 0.001531, 0.001377, 0.001501, 0.001231, 0.001513, 0.001327, 0.001394, 0.001419, 0.001356, 0.001226, 0.001404, 0.001368, 0.001461, 0.001425, 0.001480, 0.001444, 0.001625, 0.001475, 0.001499, 0.001617, 0.001649, 0.001496, 0.001620, 0.001555, 0.001491, 0.001587, 0.001556, 0.001645, 0.001618, 0.001500, 0.001534, 0.001539, 0.001513, 0.001420, 0.001512, 0.001515, 0.001452, 0.001544, 0.001576, 0.001422, 0.001389, 0.001573, 0.001484, 0.001521, 0.001334, 0.001488, 0.001450, 0.001571, 0.001507, 0.001598, 0.001443, 0.001507, 0.001503, 0.001566, 0.001530, 0.001499, 0.001314, 0.001649, 0.001462, 0.001557, 0.001464, 0.001586, 0.001465, 0.001657, 0.001416, 0.001636, 0.001390, 0.001642, 0.001373
14 , 1, 1, 2, 1, 1, 1, 1
14 , 0.000711, 0.000791, 0.000721, 0.000779, 0.000865, 0.001025, 0.000755
15 , 0.001618, 0.001500, 0.001534, 0.001539, 0.001513, 0.001420, 0.001512, 0.001515, 0.001452, 0.001544, 0.001576, 0.001422, 0.001389, 0.001573, 0.001484, 0.001521, 0.001334, 0.001488, 0.001450, 0.001571, 0.001507, 0.001598, 0.001443, 0.001507, 0.001503, 0.001566, 0.001530, 0.001499, 0.001314, 0.001649, 0.001462, 0.001557, 0.001464, 0.001586, 0.001465, 0.001657, 0.001416, 0.001636, 0.001390, 0.001642, 0.001373, 0.001444, 0.001414, 0.001446, 0.001320, 0.001504, 0.001229, 0.001472, 0.001193, 0.001353, 0.001223, 0.001407, 0.001280, 0.001437, 0.001309, 0.001434, 0.001397, 0.001584, 0.001213, 0.001373, 0.001344, 0.001468, 0.001343, 0.001469, 0.001315, 0.001439, 0.001407, 0.001467, 0.001374, 0.001408, 0.001346, 0.001288, 0.001414, 0.001300, 0.001236, 0.001391, 0.001330, 0.001365, 0.001337, 0.001310, 0.001371, 0.001370, 0.001311, 0.001318, 0.001255, 0.001312, 0.001287, 0.001216, 0.001391, 0.001300, 0.001233, 0.001258
15 , 3, 1, 3, 1, 1, 1, 1
15 , 0.000967, 0.000948, 0.000986, 0.001509, 0.000998, 0.001606, 0.001620
16 , 0.001280, 0.001437, 0.001309, 0.001434, 0.001397, 0.001584, 0.001213, 0.001373, 0.001344, 0.001468, 0.001343, 0.001469, 0.001315, 0.001439, 0.001407, 0.001467, 0.001374, 0.001408, 0.001346, 0.001288, 0.001414, 0.001300, 0.001236, 0.001391, 0.001330, 0.001365, 0.001337, 0.001310, 0.001371, 0.001370, 0.001311, 0.001318, 0.001255, 0.001312, 0.001287, 0.001216, 0.001391, 0.001300, 0.001233, 0.001258, 0.001411, 0.001347, 0.001350, 0.001287, 0.001528, 0.001433, 0.001344, 0.001314, 0.001470, 0.001158, 0.001401, 0.001304, 0.001393, 0.001392, 0.001642, 0.001393, 0.001551, 0.001393, 0.001577, 0.001425, 0.001488, 0.001366, 0.001553, 0.001309, 0.001438, 0.001315, 0.001501, 0.001348, 0.001476, 0.001316, 0.001572, 0.001383, 0.001389, 0.001265, 0.001482, 0.001328, 0.001395, 0.001152, 0.001339, 0.001359, 0.001389, 0.001320, 0.001654, 0.001377, 0.001498, 0.001403, 0.001526, 0.001336, 0.001549, 0.001452, 0.001485, 0.001326
16 , 1, 1, 1, 1, 1, 1, 1
16 , 0.001933, 0.001601, 0.001488, 0.001811, 0.001507, 0.001282, 0.001406
