0 , 0.001564, 0.001906, 0.001868, 0.001959, 0.001749, 0.002015, 0.001937, 0.001995, 0.001946, 0.001940, 0.002125, 0.001962, 0.002026, 0.001942, 0.002033, 0.002094, 0.002068, 0.002144, 0.002026, 0.002187, 0.002023, 0.002143, 0.001700, 0.000600, 0.001524, 0.001698, 0.001555, 0.001341, 0.001338, 0.001308, 0.001217, 0.001342, 0.001284, 0.001406, 0.001216, 0.001400, 0.001305, 0.001271, 0.001235, 0.001322, 0.001374, 0.001520, 0.001364, 0.001540, 0.001445, 0.001737, 0.000805, 0.001161, 0.001666, 0.001727, 0.001545, 0.001647, 0.001771, 0.001788, 0.001846, 0.001794, 0.002194, 0.001953, 0.002017, 0.001881, 0.001997, 0.002213, 0.001933, 0.002039, 0.001878, 0.002166, 0.002020, 0.002066, 0.001948, 0.001861, 0.002294, 0.000352, 0.001674, 0.001559, 0.001622, 0.001378, 0.001348, 0.001282, 0.001408, 0.001253, 0.001500, 0.001344, 0.001441, 0.001344, 0.001559, 0.001337, 0.001433, 0.001305, 0.001520, 0.001365, 0.001552, 0.001336
0 , 1, 1, 1, 1, 1, 1, 1
0 , 0.016987, 0.019341, 0.022033, 0.026297, 0.024904, 0.022912, 0.022271
1 , 0.001727, 0.001545, 0.001647, 0.001771, 0.001788, 0.001846, 0.001794, 0.002194, 0.001953, 0.002017, 0.001881, 0.001997, 0.002213, 0.001933, 0.002039, 0.001878, 0.002166, 0.002020, 0.002066, 0.001948, 0.001861, 0.002294, 0.000352, 0.001674, 0.001559, 0.001622, 0.001378, 0.001348, 0.001282, 0.001408, 0.001253, 0.001500, 0.001344, 0.001441, 0.001344, 0.001559, 0.001337, 0.001433, 0.001305, 0.001520, 0.001365, 0.001552, 0.001336, 0.001611, 0.001303, 0.001485, 0.001362, 0.001465, 0.000918, 0.001758, 0.001749, 0.001990, 0.001691, 0.001885, 0.001807, 0.001948, 0.001882, 0.001893, 0.001915, 0.001863, 0.002064, 0.001846, 0.002034, 0.001932, 0.001965, 0.001959, 0.001865, 0.001959, 0.001785, 0.001998, 0.001860, 0.002160, 0.001056, 0.001191, 0.001674, 0.001699, 0.001581, 0.001608, 0.001518, 0.001520, 0.001459, 0.001401, 0.001437, 0.001317, 0.001258, 0.001473, 0.001442, 0.001446, 0.001381, 0.001439, 0.001381, 0.001439
1 , 1, 1, 1, 1, 1, 1, 1
1 , 0.013755, 0.016372, 0.018578, 0.021058, 0.020052, 0.020729, 0.019777
2 , 0.001758, 0.001749, 0.001990, 0.001691, 0.001885, 0.001807, 0.001948, 0.001882, 0.001893, 0.001915, 0.001863, 0.002064, 0.001846, 0.002034, 0.001932, 0.001965, 0.001959, 0.001865, 0.001959, 0.001785, 0.001998, 0.001860, 0.002160, 0.001056, 0.001191, 0.001674, 0.001699, 0.001581, 0.001608, 0.001518, 0.001520, 0.001459, 0.001401, 0.001437, 0.001317, 0.001258, 0.001473, 0.001442, 0.001446, 0.001381, 0.001439, 0.001381, 0.001439, 0.001376, 0.001403, 0.001289, 0.001511, 0.000162, 0.001704, 0.001741, 0.001909, 0.001898, 0.001926, 0.001973, 0.001965, 0.002053, 0.001804, 0.002120, 0.001841, 0.002001, 0.001799, 0.001774, 0.001980, 0.001818, 0.001917, 0.001759, 0.001836, 0.001938, 0.001841, 0.001851, 0.001679, 0.001958, 0.001783, 0.001817, 0.000872, 0.001774, 0.001741, 0.001653, 0.001563, 0.001566, 0.001601, 0.001416, 0.001634, 0.001419, 0.001544, 0.001208, 0.001516, 0.001421, 0.001421, 0.001357, 0.001544, 0.001326
2 , 1, 1, 1, 1, 1, 1, 1
2 , 0.010695, 0.012423, 0.014535, 0.016345, 0.021021, 0.020125, 0.019009
3 , 0.001909, 0.001898, 0.001926, 0.001973, 0.001965, 0.002053, 0.001804, 0.002120, 0.001841, 0.002001, 0.001799, 0.001774, 0.001980, 0.001818, 0.001917, 0.001759, 0.001836, 0.001938, 0.001841, 0.001851, 0.001679, 0.001958, 0.001783, 0.001817, 0.000872, 0.001774, 0.001741, 0.001653, 0.001563, 0.001566, 0.001601, 0.001416, 0.001634, 0.001419, 0.001544, 0.001208, 0.001516, 0.001421, 0.001421, 0.001357, 0.001544, 0.001326, 0.001478, 0.001416, 0.001660, 0.001444, 0.001506, 0.001265, 0.001715, 0.000751, 0.001310, 0.001912, 0.001770, 0.002074, 0.001904, 0.002030, 0.002077, 0.002137, 0.002046, 0.001958, 0.002163, 0.001994, 0.002011, 0.001878, 0.002027, 0.002119, 0.002104, 0.002195, 0.002126, 0.002171, 0.001962, 0.002156, 0.001847, 0.002243, 0.000669, 0.001617, 0.001632, 0.001632, 0.001570, 0.001479, 0.001388, 0.001447, 0.001448, 0.001324, 0.001323, 0.001410, 0.001405, 0.001405, 0.001310, 0.001397, 0.001518, 0.001478
3 , 1, 1, 1, 1, 1, 1, 1
3 , 0.011688, 0.014763, 0.016352, 0.017961, 0.019861, 0.020292, 0.021528
4 , 0.001770, 0.002074, 0.001904, 0.002030, 0.002077, 0.002137, 0.002046, 0.001958, 0.002163, 0.001994, 0.002011, 0.001878, 0.002027, 0.002119, 0.002104, 0.002195, 0.002126, 0.002171, 0.001962, 0.002156, 0.001847, 0.002243, 0.000669, 0.001617, 0.001632, 0.001632, 0.001570, 0.001479, 0.001388, 0.001447, 0.001448, 0.001324, 0.001323, 0.001410, 0.001405, 0.001405, 0.001310, 0.001397, 0.001518, 0.001478, 0.001538, 0.001568, 0.001567, 0.001597, 0.001597, 0.001477, 0.000624, 0.001746, 0.001545, 0.001733, 0.001825, 0.001743, 0.001815, 0.001567, 0.001862, 0.001821, 0.001940, 0.001984, 0.001840, 0.002086, 0.002045, 0.001992, 0.001876, 0.001987, 0.001965, 0.002053, 0.001984, 0.001945, 0.002081, 0.002119, 0.001251, 0.001559, 0.001764, 0.001662, 0.001452, 0.001543, 0.001447, 0.001660, 0.001474, 0.001691, 0.001506, 0.001658, 0.001535, 0.001719, 0.001351, 0.001567, 0.001411, 0.001567, 0.001443, 0.001719, 0.001473, 0.001598
4 , 1, 1, 1, 1, 1, 1, 1
4 , 0.014346, 0.017155, 0.019349, 0.021581, 0.019389, 0.019235, 0.019122
5 , 0.001733, 0.001825, 0.001743, 0.001815, 0.001567, 0.001862, 0.001821, 0.001940, 0.001984, 0.001840, 0.002086, 0.002045, 0.001992, 0.001876, 0.001987, 0.001965, 0.002053, 0.001984, 0.001945, 0.002081, 0.002119, 0.001251, 0.001559, 0.001764, 0.001662, 0.001452, 0.001543, 0.001447, 0.001660, 0.001474, 0.001691, 0.001506, 0.001658, 0.001535, 0.001719, 0.001351, 0.001567, 0.001411, 0.001567, 0.001443, 0.001719, 0.001473, 0.001598, 0.001386, 0.001752, 0.001331, 0.001748, 0.000087, 0.001485, 0.001620, 0.001641, 0.001824, 0.001556, 0.001733, 0.001857, 0.001810, 0.001807, 0.001733, 0.001984, 0.001769, 0.001957, 0.001890, 0.001843, 0.002025, 0.001835, 0.001919, 0.001721, 0.001823, 0.001937, 0.001900, 0.001710, 0.001431, 0.000565, 0.001986, 0.001888, 0.001831, 0.001676, 0.001678, 0.001647, 0.001771, 0.001648, 0.001682, 0.001648, 0.001801, 0.001679, 0.001619, 0.001678, 0.001675, 0.001585, 0.001649, 0.001584, 0.001646
5 , 1, 1, 1, 1, 1, 1, 1
5 , 0.006061, 0.008318, 0.010362, 0.009599, 0.012060, 0.010274, 0.010794
6 , 0.001641, 0.001824, 0.001556, 0.001733, 0.001857, 0.001810, 0.001807, 0.001733, 0.001984, 0.001769, 0.001957, 0.001890, 0.001843, 0.002025, 0.001835, 0.001919, 0.001721, 0.001823, 0.001937, 0.001900, 0.001710, 0.001431, 0.000565, 0.001986, 0.001888, 0.001831, 0.001676, 0.001678, 0.001647, 0.001771, 0.001648, 0.001682, 0.001648, 0.001801, 0.001679, 0.001619, 0.001678, 0.001675, 0.001585, 0.001649, 0.001584, 0.001646, 0.001613, 0.001648, 0.001792, 0.000987, 0.001172, 0.001732, 0.001552, 0.001476, 0.001656, 0.001565, 0.001720, 0.001537, 0.001803, 0.001641, 0.001772, 0.001737, 0.001626, 0.001856, 0.001715, 0.001811, 0.001633, 0.001821, 0.001882, 0.001811, 0.001839, 0.001684, 0.001771, 0.001972, 0.000237, 0.001956, 0.001660, 0.001715, 0.001559, 0.001588, 0.001554, 0.001678, 0.001522, 0.001709, 0.001404, 0.001624, 0.001474, 0.001506, 0.001417, 0.001575, 0.001454, 0.001552, 0.001312, 0.001502, 0.001321, 0.001484
6 , 1, 1, 1, 1, 1, 1, 1
6 , 0.004198, 0.006366, 0.008950, 0.006840, 0.005505, 0.006497, 0.008090
7 , 0.001552, 0.001476, 0.001656, 0.001565, 0.001720, 0.001537, 0.001803, 0.001641, 0.001772, 0.001737, 0.001626, 0.001856, 0.001715, 0.001811, 0.001633, 0.001821, 0.001882, 0.001811, 0.001839, 0.001684, 0.001771, 0.001972, 0.000237, 0.001956, 0.001660, 0.001715, 0.001559, 0.001588, 0.001554, 0.001678, 0.001522, 0.001709, 0.001404, 0.001624, 0.001474, 0.001506, 0.001417, 0.001575, 0.001454, 0.001552, 0.001312, 0.001502, 0.001321, 0.001484, 0.001273, 0.001370, 0.001105, 0.001173, 0.001144, 0.001917, 0.002113, 0.002057, 0.001970, 0.001910, 0.002032, 0.002123, 0.001995, 0.001930, 0.001781, 0.001948, 0.001901, 0.002014, 0.001751, 0.001673, 0.001844, 0.001788, 0.001934, 0.001658, 0.001651, 0.001740, 0.001490, 0.001672, 0.000855, 0.001266, 0.001913, 0.001817, 0.002002, 0.001757, 0.001788, 0.001696, 0.001789, 0.001636, 0.001760, 0.001669, 0.001640, 0.001487, 0.001764, 0.001551, 0.001677, 0.001494, 0.001559, 0.001559
7 , 1, 1, 1, 1, 1, 1, 1
7 , 0.005900, 0.007544, 0.009096, 0.010518, 0.008843, 0.009201, 0.007995
8 , 0.001917, 0.002113, 0.002057, 0.001970, 0.001910, 0.002032, 0.002123, 0.001995, 0.001930, 0.001781, 0.001948, 0.001901, 0.002014, 0.001751, 0.001673, 0.001844, 0.001788, 0.001934, 0.001658, 0.001651, 0.001740, 0.001490, 0.001672, 0.000855, 0.001266, 0.001913, 0.001817, 0.002002, 0.001757, 0.001788, 0.001696, 0.001789, 0.001636, 0.001760, 0.001669, 0.001640, 0.001487, 0.001764, 0.001551, 0.001677, 0.001494, 0.001559, 0.001559, 0.001595, 0.001500, 0.001569, 0.001648, 0.000253, 0.001549, 0.001818, 0.001721, 0.001774, 0.001953, 0.001930, 0.001958, 0.001849, 0.002149, 0.001917, 0.001981, 0.001923, 0.001787, 0.002100, 0.002036, 0.001929, 0.001832, 0.001929, 0.001976, 0.001882, 0.001998, 0.001890, 0.001865, 0.001904, 0.000662, 0.001961, 0.001678, 0.001680, 0.001617, 0.001647, 0.001461, 0.001461, 0.001550, 0.001519, 0.001399, 0.001613, 0.001614, 0.001616, 0.001494, 0.001679, 0.001560, 0.001562, 0.001443, 0.001444
8 , 1, 1, 1, 1, 1, 1, 1
8 , 0.008033, 0.009664, 0.011172, 0.011997, 0.015283, 0.011751, 0.011127
9 , 0.001721, 0.001774, 0.001953, 0.001930, 0.001958, 0.001849, 0.002149, 0.001917, 0.001981, 0.001923, 0.001787, 0.002100, 0.002036, 0.001929, 0.001832, 0.001929, 0.001976, 0.001882, 0.001998, 0.001890, 0.001865, 0.001904, 0.000662, 0.001961, 0.001678, 0.001680, 0.001617, 0.001647, 0.001461, 0.001461, 0.001550, 0.001519, 0.001399, 0.001613, 0.001614, 0.001616, 0.001494, 0.001679, 0.001560, 0.001562, 0.001443, 0.001444, 0.001444, 0.001356, 0.001386, 0.001362, 0.001505, 0.001055, 0.001528, 0.001719, 0.002059, 0.001974, 0.002132, 0.002090, 0.002065, 0.002245, 0.001984, 0.002278, 0.002044, 0.002275, 0.002259, 0.002192, 0.002132, 0.002192, 0.002326, 0.002165, 0.002178, 0.001974, 0.002148, 0.002260, 0.002214, 0.002379, 0.000578, 0.001201, 0.001672, 0.001606, 0.001543, 0.001413, 0.001626, 0.001436, 0.001651, 0.001434, 0.001708, 0.001369, 0.001617, 0.001556, 0.001525, 0.001431, 0.001586, 0.001401, 0.001617, 0.001404
9 , 1, 1, 1, 1, 1, 1, 1
9 , 0.014291, 0.017940, 0.020300, 0.022304, 0.022875, 0.021597, 0.020248
10 , 0.002059, 0.001974, 0.002132, 0.002090, 0.002065, 0.002245, 0.001984, 0.002278, 0.002044, 0.002275, 0.002259, 0.002192, 0.002132, 0.002192, 0.002326, 0.002165, 0.002178, 0.001974, 0.002148, 0.002260, 0.002214, 0.002379, 0.000578, 0.001201, 0.001672, 0.001606, 0.001543, 0.001413, 0.001626, 0.001436, 0.001651, 0.001434, 0.001708, 0.001369, 0.001617, 0.001556, 0.001525, 0.001431, 0.001586, 0.001401, 0.001617, 0.001404, 0.001681, 0.001527, 0.001715, 0.001498, 0.000614, 0.001732, 0.001708, 0.001868, 0.001760, 0.002064, 0.001871, 0.001987, 0.001694, 0.001954, 0.002040, 0.001907, 0.001992, 0.001857, 0.002051, 0.001984, 0.002092, 0.001824, 0.001860, 0.001987, 0.001945, 0.002070, 0.001865, 0.002073, 0.002020, 0.002081, 0.001333, 0.001092, 0.001603, 0.001717, 0.001660, 0.001571, 0.001451, 0.001448, 0.001478, 0.001452, 0.001453, 0.001398, 0.001433, 0.001437, 0.001440, 0.001411, 0.001321, 0.001352, 0.001259, 0.001413
10 , 1, 1, 1, 1, 1, 1, 1
10 , 0.016914, 0.019327, 0.022119, 0.026556, 0.024968, 0.023295, 0.021630
11 , 0.001868, 0.001760, 0.002064, 0.001871, 0.001987, 0.001694, 0.001954, 0.002040, 0.001907, 0.001992, 0.001857, 0.002051, 0.001984, 0.002092, 0.001824, 0.001860, 0.001987, 0.001945, 0.002070, 0.001865, 0.002073, 0.002020, 0.002081, 0.001333, 0.001092, 0.001603, 0.001717, 0.001660, 0.001571, 0.001451, 0.001448, 0.001478, 0.001452, 0.001453, 0.001398, 0.001433, 0.001437, 0.001440, 0.001411, 0.001321, 0.001352, 0.001259, 0.001413, 0.001381, 0.001353, 0.001323, 0.001327, 0.001240, 0.001300, 0.001265, 0.001263, 0.001383, 0.001320, 0.001375, 0.001464, 0.001337, 0.001334, 0.001484, 0.001512, 0.001508, 0.001443, 0.001470, 0.001468, 0.001470, 0.001499, 0.001620, 0.001529, 0.001561, 0.001495, 0.001586, 0.001619, 0.001617, 0.001497, 0.001500, 0.001407, 0.001590, 0.001530, 0.001623, 0.001562, 0.001533, 0.001531, 0.001475, 0.001475, 0.001691, 0.001537, 0.001631, 0.001416, 0.001602, 0.001510, 0.001604, 0.001419, 0.001484
11 , 2, 2, 2, 2, 2, 2, 2
11 , 0.010741, 0.012470, 0.013130, 0.013708, 0.014156, 0.013644, 0.012217
12 , 0.001263, 0.001383, 0.001320, 0.001375, 0.001464, 0.001337, 0.001334, 0.001484, 0.001512, 0.001508, 0.001443, 0.001470, 0.001468, 0.001470, 0.001499, 0.001620, 0.001529, 0.001561, 0.001495, 0.001586, 0.001619, 0.001617, 0.001497, 0.001500, 0.001407, 0.001590, 0.001530, 0.001623, 0.001562, 0.001533, 0.001531, 0.001475, 0.001475, 0.001691, 0.001537, 0.001631, 0.001416, 0.001602, 0.001510, 0.001604, 0.001419, 0.001484, 0.001389, 0.001576, 0.001454, 0.001608, 0.001423, 0.001514, 0.001452, 0.001604, 0.001475, 0.001598, 0.001444, 0.001568, 0.001322, 0.001628, 0.001445, 0.001603, 0.001388, 0.001516, 0.001362, 0.001581, 0.001333, 0.001520, 0.001367, 0.001556, 0.001401, 0.001590, 0.001437, 0.001504, 0.001381, 0.001538, 0.001325, 0.001449, 0.001298, 0.001445, 0.001287, 0.001409, 0.001307, 0.001521, 0.001423, 0.001638, 0.001479, 0.001689, 0.001530, 0.001622, 0.001559, 0.001682, 0.001587, 0.001772, 0.001529, 0.001744
12 , 3, 0, 0, 0, 0, 0, 0
12 , 0.002756, 0.002297, 0.002097, 0.001953, 0.001643, 0.001905, 0.002197
13 , 0.001423, 0.001514, 0.001452, 0.001604, 0.001475, 0.001598, 0.001444, 0.001568, 0.001322, 0.001628, 0.001445, 0.001603, 0.001388, 0.001516, 0.001362, 0.001581, 0.001333, 0.001520, 0.001367, 0.001556, 0.001401, 0.001590, 0.001437, 0.001504, 0.001381, 0.001538, 0.001325, 0.001449, 0.001298, 0.001445, 0.001287, 0.001409, 0.001307, 0.001521, 0.001423, 0.001638, 0.001479, 0.001689, 0.001530, 0.001622, 0.001559, 0.001682, 0.001587, 0.001772, 0.001529, 0.001744, 0.001468, 0.001626, 0.001477, 0.001544, 0.001452, 0.001551, 0.001527, 0.001593, 0.001411, 0.001480, 0.001268, 0.001433, 0.001280, 0.001256, 0.001196, 0.001444, 0.001288, 0.001316, 0.001318, 0.001341, 0.001429, 0.001399, 0.001424, 0.001480, 0.001331, 0.001351, 0.001502, 0.001471, 0.001374, 0.001312, 0.001432, 0.001460, 0.001640, 0.001546, 0.001514, 0.001570, 0.001600, 0.001536, 0.001721, 0.001630, 0.001661, 0.001478, 0.001605, 0.001452, 0.001486, 0.001337
13 , 0, 0, 0, 0, 0, 0, 0
13 , 0.001915, 0.002042, 0.002708, 0.002747, 0.003215, 0.003068, 0.003393
14 , 0.001527, 0.001593, 0.001411, 0.001480, 0.001268, 0.001433, 0.001280, 0.001256, 0.001196, 0.001444, 0.001288, 0.001316, 0.001318, 0.001341, 0.001429, 0.001399, 0.001424, 0.001480, 0.001331, 0.001351, 0.001502, 0.001471, 0.001374, 0.001312, 0.001432, 0.001460, 0.001640, 0.001546, 0.001514, 0.001570, 0.001600, 0.001536, 0.001721, 0.001630, 0.001661, 0.001478, 0.001605, 0.001452, 0.001486, 0.001337, 0.001368, 0.001397, 0.001491, 0.001340, 0.001522, 0.001401, 0.001498, 0.001372, 0.001435, 0.001376, 0.001592, 0.001345, 0.001471, 0.001407, 0.001466, 0.001308, 0.001649, 0.001308, 0.001401, 0.001368, 0.001464, 0.001399, 0.001491, 0.001304, 0.001462, 0.001336, 0.001550, 0.001305, 0.001584, 0.001398, 0.001462, 0.001366, 0.001494, 0.001340, 0.001462, 0.001337, 0.001495, 0.001305, 0.001401, 0.001340, 0.001522, 0.001430, 0.001521, 0.001334, 0.001520, 0.001523, 0.001464, 0.001430, 0.001619, 0.001373, 0.001529, 0.001466
14 , 0, 0, 0, 0, 0, 0, 0
14 , 0.002630, 0.002720, 0.002702, 0.002847, 0.003137, 0.003429, 0.003489
15 , 0.001471, 0.001407, 0.001466, 0.001308, 0.001649, 0.001308, 0.001401, 0.001368, 0.001464, 0.001399, 0.001491, 0.001304, 0.001462, 0.001336, 0.001550, 0.001305, 0.001584, 0.001398, 0.001462, 0.001366, 0.001494, 0.001340, 0.001462, 0.001337, 0.001495, 0.001305, 0.001401, 0.001340, 0.001522, 0.001430, 0.001521, 0.001334, 0.001520, 0.001523, 0.001464, 0.001430, 0.001619, 0.001373, 0.001529, 0.001466, 0.001500, 0.001441, 0.001441, 0.001315, 0.001499, 0.001531, 0.001532, 0.001469, 0.001382, 0.001388, 0.001451, 0.001388, 0.001297, 0.001423, 0.001393, 0.001423, 0.001393, 0.001364, 0.001300, 0.001269, 0.001449, 0.001419, 0.001388, 0.001353, 0.001320, 0.001443, 0.001348, 0.001527, 0.001402, 0.001529, 0.001435, 0.001585, 0.001398, 0.001578, 0.001423, 0.001633, 0.001444, 0.001687, 0.001531, 0.001655, 0.001561, 0.001653, 0.001588, 0.001806, 0.001502, 0.001631, 0.001540, 0.001696, 0.001423, 0.001640, 0.001608, 0.001582
15 , 0, 0, 0, 0, 0, 0, 0
15 , 0.003475, 0.003953, 0.004168, 0.004609, 0.004353, 0.004643, 0.004232
16 , 0.001388, 0.001297, 0.001423, 0.001393, 0.001423, 0.001393, 0.001364, 0.001300, 0.001269, 0.001449, 0.001419, 0.001388, 0.001353, 0.001320, 0.001443, 0.001348, 0.001527, 0.001402, 0.001529, 0.001435, 0.001585, 0.001398, 0.001578, 0.001423, 0.001633, 0.001444, 0.001687, 0.001531, 0.001655, 0.001561, 0.001653, 0.001588, 0.001806, 0.001502, 0.001631, 0.001540, 0.001696, 0.001423, 0.001640, 0.001608, 0.001582, 0.001430, 0.001587, 0.001492, 0.001710, 0.001435, 0.001588, 0.001554, 0.001495, 0.001364, 0.001616, 0.001552, 0.001672, 0.001457, 0.001516, 0.001448, 0.001693, 0.001506, 0.001687, 0.001563, 0.001596, 0.001561, 0.001716, 0.001592, 0.001744, 0.001590, 0.001653, 0.001594, 0.001628, 0.001693, 0.001669, 0.001520, 0.001466, 0.001468, 0.001412, 0.001450, 0.001516, 0.001371, 0.001379, 0.001440, 0.001322, 0.001385, 0.001338, 0.001283, 0.001162, 0.001226, 0.001165, 0.001345, 0.001130, 0.001100, 0.001130, 0.001309
16 , 3, 3, 3, 3, 3, 3, 3
16 , 0.008158, 0.008826, 0.009300, 0.009985, 0.010079, 0.010103, 0.009934
