0 , 0.002228, 0.002108, 0.002130, 0.002028, 0.001967, 0.002224, 0.002133, 0.002053, 0.001899, 0.002081, 0.002048, 0.001951, 0.002029, 0.002072, 0.002197, 0.002179, 0.002123, 0.002034, 0.000995, 0.001411, 0.001796, 0.001634, 0.001598, 0.001651, 0.001494, 0.001335, 0.001610, 0.001514, 0.001725, 0.001539, 0.001813, 0.001690, 0.001812, 0.001721, 0.001813, 0.001692, 0.001783, 0.001661, 0.001843, 0.001630, 0.001630, 0.001508, 0.000280, 0.001707, 0.001672, 0.001769, 0.002161, 0.002025, 0.002146, 0.002069, 0.002236, 0.002296, 0.002276, 0.002337, 0.002425, 0.002631, 0.002388, 0.002529, 0.002454, 0.002484, 0.002599, 0.002393, 0.002583, 0.002475, 0.002459, 0.002542, 0.002025, 0.000834, 0.001359, 0.001271, 0.001116, 0.001351, 0.001222, 0.001458, 0.001356, 0.001443, 0.001283, 0.001493, 0.001428, 0.001548, 0.001483, 0.001665, 0.001541, 0.001694, 0.001539, 0.001692, 0.001478, 0.001723, 0.001539, 0.001752, 0.001541, 0.001843
0 , 1, 1, 1, 1, 1, 1, 1
0 , 0.027838, 0.026167, 0.025199, 0.022547, 0.021770, 0.019535, 0.017748
1 , 0.002161, 0.002025, 0.002146, 0.002069, 0.002236, 0.002296, 0.002276, 0.002337, 0.002425, 0.002631, 0.002388, 0.002529, 0.002454, 0.002484, 0.002599, 0.002393, 0.002583, 0.002475, 0.002459, 0.002542, 0.002025, 0.000834, 0.001359, 0.001271, 0.001116, 0.001351, 0.001222, 0.001458, 0.001356, 0.001443, 0.001283, 0.001493, 0.001428, 0.001548, 0.001483, 0.001665, 0.001541, 0.001694, 0.001539, 0.001692, 0.001478, 0.001723, 0.001539, 0.001752, 0.001541, 0.001843, 0.000396, 0.001581, 0.001423, 0.001644, 0.001672, 0.001826, 0.001691, 0.002158, 0.001940, 0.002089, 0.001967, 0.002159, 0.002272, 0.002090, 0.002211, 0.002102, 0.002321, 0.002241, 0.002280, 0.002325, 0.002194, 0.002536, 0.002360, 0.002351, 0.002302, 0.000257, 0.001174, 0.001351, 0.001318, 0.001315, 0.001215, 0.001245, 0.001267, 0.001294, 0.001227, 0.001378, 0.001187, 0.001338, 0.001363, 0.001576, 0.001449, 0.001479, 0.001325, 0.001598, 0.001348, 0.001621
1 , 1, 1, 1, 1, 1, 1, 1
1 , 0.029009, 0.032427, 0.034474, 0.036562, 0.033035, 0.031376, 0.029817
2 , 0.001644, 0.001672, 0.001826, 0.001691, 0.002158, 0.001940, 0.002089, 0.001967, 0.002159, 0.002272, 0.002090, 0.002211, 0.002102, 0.002321, 0.002241, 0.002280, 0.002325, 0.002194, 0.002536, 0.002360, 0.002351, 0.002302, 0.000257, 0.001174, 0.001351, 0.001318, 0.001315, 0.001215, 0.001245, 0.001267, 0.001294, 0.001227, 0.001378, 0.001187, 0.001338, 0.001363, 0.001576, 0.001449, 0.001479, 0.001325, 0.001598, 0.001348, 0.001621, 0.001436, 0.001677, 0.001058, 0.001018, 0.001728, 0.001813, 0.001636, 0.001835, 0.001921, 0.001896, 0.001970, 0.001766, 0.001959, 0.001882, 0.002001, 0.001871, 0.001962, 0.002054, 0.001918, 0.001932, 0.001763, 0.002012, 0.002004, 0.001937, 0.001987, 0.001884, 0.002302, 0.000930, 0.001603, 0.001623, 0.001434, 0.001284, 0.001373, 0.001160, 0.001439, 0.001435, 0.001434, 0.001283, 0.001404, 0.001188, 0.001405, 0.001247, 0.001432, 0.001303, 0.001367, 0.001303, 0.001455, 0.001244, 0.001336
2 , 1, 1, 1, 1, 1, 1, 1
2 , 0.021114, 0.024396, 0.028762, 0.030430, 0.027780, 0.026622, 0.025791
3 , 0.001636, 0.001835, 0.001921, 0.001896, 0.001970, 0.001766, 0.001959, 0.001882, 0.002001, 0.001871, 0.001962, 0.002054, 0.001918, 0.001932, 0.001763, 0.002012, 0.002004, 0.001937, 0.001987, 0.001884, 0.002302, 0.000930, 0.001603, 0.001623, 0.001434, 0.001284, 0.001373, 0.001160, 0.001439, 0.001435, 0.001434, 0.001283, 0.001404, 0.001188, 0.001405, 0.001247, 0.001432, 0.001303, 0.001367, 0.001303, 0.001455, 0.001244, 0.001336, 0.001271, 0.001454, 0.001303, 0.001544, 0.000513, 0.001904, 0.001745, 0.001992, 0.001916, 0.002032, 0.001850, 0.002105, 0.002108, 0.002108, 0.002032, 0.002014, 0.002217, 0.002202, 0.002299, 0.002199, 0.002223, 0.002199, 0.002093, 0.002342, 0.002126, 0.002254, 0.002266, 0.002295, 0.001905, 0.000739, 0.001411, 0.001608, 0.001396, 0.001422, 0.001447, 0.001477, 0.001441, 0.001532, 0.001376, 0.001531, 0.001317, 0.001650, 0.001497, 0.001590, 0.001527, 0.001531, 0.001530, 0.001533, 0.001353
3 , 1, 1, 1, 1, 1, 1, 1
3 , 0.019040, 0.021860, 0.025129, 0.025325, 0.028178, 0.025870, 0.024409
4 , 0.001992, 0.001916, 0.002032, 0.001850, 0.002105, 0.002108, 0.002108, 0.002032, 0.002014, 0.002217, 0.002202, 0.002299, 0.002199, 0.002223, 0.002199, 0.002093, 0.002342, 0.002126, 0.002254, 0.002266, 0.002295, 0.001905, 0.000739, 0.001411, 0.001608, 0.001396, 0.001422, 0.001447, 0.001477, 0.001441, 0.001532, 0.001376, 0.001531, 0.001317, 0.001650, 0.001497, 0.001590, 0.001527, 0.001531, 0.001530, 0.001533, 0.001353, 0.001502, 0.001386, 0.001739, 0.000527, 0.001454, 0.001830, 0.001849, 0.001775, 0.001705, 0.002148, 0.001888, 0.002001, 0.001890, 0.002056, 0.002147, 0.002045, 0.002064, 0.002007, 0.002265, 0.002153, 0.002150, 0.002050, 0.002117, 0.002204, 0.001986, 0.002262, 0.001974, 0.002204, 0.000111, 0.001805, 0.001590, 0.001557, 0.001341, 0.001345, 0.001218, 0.001522, 0.001427, 0.001487, 0.001420, 0.001514, 0.001359, 0.001423, 0.001272, 0.001455, 0.001334, 0.001460, 0.001363, 0.001516, 0.001391, 0.001584
4 , 1, 1, 1, 1, 1, 1, 1
4 , 0.022343, 0.025316, 0.029965, 0.027760, 0.025795, 0.024688, 0.024072
5 , 0.001849, 0.001775, 0.001705, 0.002148, 0.001888, 0.002001, 0.001890, 0.002056, 0.002147, 0.002045, 0.002064, 0.002007, 0.002265, 0.002153, 0.002150, 0.002050, 0.002117, 0.002204, 0.001986, 0.002262, 0.001974, 0.002204, 0.000111, 0.001805, 0.001590, 0.001557, 0.001341, 0.001345, 0.001218, 0.001522, 0.001427, 0.001487, 0.001420, 0.001514, 0.001359, 0.001423, 0.001272, 0.001455, 0.001334, 0.001460, 0.001363, 0.001516, 0.001391, 0.001584, 0.001400, 0.001495, 0.001365, 0.001189, 0.001114, 0.002053, 0.001738, 0.002108, 0.002084, 0.002175, 0.002090, 0.002063, 0.002208, 0.002056, 0.002269, 0.002047, 0.002275, 0.002263, 0.002117, 0.002072, 0.001974, 0.002135, 0.002093, 0.002190, 0.002151, 0.002248, 0.002226, 0.002259, 0.000938, 0.001302, 0.001358, 0.001473, 0.001294, 0.001323, 0.001229, 0.001295, 0.001176, 0.001273, 0.001271, 0.001359, 0.001233, 0.001324, 0.001287, 0.001253, 0.001247, 0.001367, 0.001212, 0.001332
5 , 1, 1, 1, 1, 1, 1, 1
5 , 0.021432, 0.025563, 0.028351, 0.031320, 0.030629, 0.030669, 0.029316
6 , 0.002053, 0.001738, 0.002108, 0.002084, 0.002175, 0.002090, 0.002063, 0.002208, 0.002056, 0.002269, 0.002047, 0.002275, 0.002263, 0.002117, 0.002072, 0.001974, 0.002135, 0.002093, 0.002190, 0.002151, 0.002248, 0.002226, 0.002259, 0.000938, 0.001302, 0.001358, 0.001473, 0.001294, 0.001323, 0.001229, 0.001295, 0.001176, 0.001273, 0.001271, 0.001359, 0.001233, 0.001324, 0.001287, 0.001253, 0.001247, 0.001367, 0.001212, 0.001332, 0.001204, 0.001443, 0.001325, 0.001623, 0.000389, 0.001652, 0.001775, 0.001865, 0.001797, 0.001739, 0.002017, 0.001915, 0.001855, 0.001689, 0.001915, 0.002095, 0.002020, 0.002106, 0.001774, 0.002153, 0.002007, 0.002004, 0.002108, 0.001899, 0.002031, 0.001967, 0.002042, 0.001910, 0.002045, 0.002226, 0.001834, 0.000987, 0.001485, 0.001502, 0.001413, 0.001415, 0.001265, 0.001241, 0.001273, 0.001400, 0.001277, 0.001399, 0.001297, 0.001358, 0.001257, 0.001439, 0.001307, 0.001365, 0.001299
6 , 1, 1, 1, 1, 1, 1, 1
6 , 0.019210, 0.021887, 0.025261, 0.027874, 0.032170, 0.032137, 0.031185
7 , 0.001865, 0.001797, 0.001739, 0.002017, 0.001915, 0.001855, 0.001689, 0.001915, 0.002095, 0.002020, 0.002106, 0.001774, 0.002153, 0.002007, 0.002004, 0.002108, 0.001899, 0.002031, 0.001967, 0.002042, 0.001910, 0.002045, 0.002226, 0.001834, 0.000987, 0.001485, 0.001502, 0.001413, 0.001415, 0.001265, 0.001241, 0.001273, 0.001400, 0.001277, 0.001399, 0.001297, 0.001358, 0.001257, 0.001439, 0.001307, 0.001365, 0.001299, 0.001480, 0.001321, 0.001565, 0.001320, 0.001503, 0.001379, 0.001563, 0.001469, 0.001532, 0.001408, 0.001621, 0.001437, 0.001562, 0.001380, 0.001565, 0.001411, 0.001571, 0.001388, 0.001481, 0.001330, 0.001425, 0.001305, 0.001402, 0.001248, 0.001466, 0.001162, 0.001345, 0.001278, 0.001402, 0.001125, 0.001312, 0.001304, 0.001432, 0.001278, 0.001371, 0.001307, 0.001488, 0.001331, 0.001483, 0.001352, 0.001538, 0.001356, 0.001568, 0.001320, 0.001595, 0.001441, 0.001532, 0.001377, 0.001686, 0.001352
7 , 1, 1, 1, 2, 2, 2, 2
7 , 0.009268, 0.011144, 0.011542, 0.012332, 0.014180, 0.014788, 0.013932
8 , 0.001408, 0.001621, 0.001437, 0.001562, 0.001380, 0.001565, 0.001411, 0.001571, 0.001388, 0.001481, 0.001330, 0.001425, 0.001305, 0.001402, 0.001248, 0.001466, 0.001162, 0.001345, 0.001278, 0.001402, 0.001125, 0.001312, 0.001304, 0.001432, 0.001278, 0.001371, 0.001307, 0.001488, 0.001331, 0.001483, 0.001352, 0.001538, 0.001356, 0.001568, 0.001320, 0.001595, 0.001441, 0.001532, 0.001377, 0.001686, 0.001352, 0.001510, 0.001361, 0.001516, 0.001364, 0.001313, 0.001284, 0.001408, 0.001286, 0.001351, 0.001224, 0.001410, 0.001313, 0.001378, 0.001255, 0.001554, 0.001364, 0.001459, 0.001367, 0.001489, 0.001330, 0.001454, 0.001395, 0.001487, 0.001393, 0.001547, 0.001334, 0.001457, 0.001370, 0.001378, 0.001319, 0.001264, 0.001198, 0.001259, 0.001350, 0.001346, 0.001314, 0.001315, 0.001312, 0.001370, 0.001307, 0.001337, 0.001489, 0.001337, 0.001399, 0.001397, 0.001463, 0.001465, 0.001255, 0.001293, 0.001357, 0.001415
8 , 1, 1, 3, 3, 3, 3, 3
8 , 0.000982, 0.000943, 0.001444, 0.001576, 0.001520, 0.001409, 0.001392
9 , 0.001351, 0.001224, 0.001410, 0.001313, 0.001378, 0.001255, 0.001554, 0.001364, 0.001459, 0.001367, 0.001489, 0.001330, 0.001454, 0.001395, 0.001487, 0.001393, 0.001547, 0.001334, 0.001457, 0.001370, 0.001378, 0.001319, 0.001264, 0.001198, 0.001259, 0.001350, 0.001346, 0.001314, 0.001315, 0.001312, 0.001370, 0.001307, 0.001337, 0.001489, 0.001337, 0.001399, 0.001397, 0.001463, 0.001465, 0.001255, 0.001293, 0.001357, 0.001415, 0.001385, 0.001264, 0.001416, 0.001227, 0.001378, 0.001311, 0.001341, 0.001307, 0.001400, 0.001334, 0.001486, 0.001332, 0.001455, 0.001422, 0.001361, 0.001328, 0.001578, 0.001334, 0.001432, 0.001371, 0.001555, 0.001278, 0.001488, 0.001422, 0.001543, 0.001357, 0.001575, 0.001325, 0.001510, 0.001264, 0.001480, 0.001327, 0.001399, 0.001306, 0.001401, 0.001251, 0.001378, 0.001227, 0.001357, 0.001298, 0.001399, 0.001123, 0.001343, 0.001129, 0.001191, 0.001137, 0.001260, 0.001042, 0.001323
9 , 1, 1, 1, 1, 1, 1, 1
9 , 0.002433, 0.002814, 0.003437, 0.003663, 0.003881, 0.003703, 0.003935
10 , 0.001334, 0.001486, 0.001332, 0.001455, 0.001422, 0.001361, 0.001328, 0.001578, 0.001334, 0.001432, 0.001371, 0.001555, 0.001278, 0.001488, 0.001422, 0.001543, 0.001357, 0.001575, 0.001325, 0.001510, 0.001264, 0.001480, 0.001327, 0.001399, 0.001306, 0.001401, 0.001251, 0.001378, 0.001227, 0.001357, 0.001298, 0.001399, 0.001123, 0.001343, 0.001129, 0.001191, 0.001137, 0.001260, 0.001042, 0.001323, 0.001222, 0.001256, 0.001155, 0.001367, 0.001176, 0.001390, 0.001224, 0.001409, 0.001255, 0.001467, 0.001284, 0.001406, 0.001433, 0.001460, 0.001248, 0.001373, 0.001309, 0.001401, 0.001337, 0.001431, 0.001399, 0.001397, 0.001427, 0.001342, 0.001313, 0.001315, 0.001281, 0.001377, 0.001350, 0.001351, 0.001325, 0.001297, 0.001268, 0.001302, 0.001304, 0.001303, 0.001278, 0.001179, 0.001393, 0.001299, 0.001361, 0.001238, 0.001290, 0.001313, 0.001435, 0.001463, 0.001553, 0.001394, 0.001574, 0.001388, 0.001479, 0.001445
10 , 1, 1, 1, 1, 2, 2, 2
10 , 0.003064, 0.003703, 0.003368, 0.003685, 0.003730, 0.003862, 0.003991
11 , 0.001433, 0.001460, 0.001248, 0.001373, 0.001309, 0.001401, 0.001337, 0.001431, 0.001399, 0.001397, 0.001427, 0.001342, 0.001313, 0.001315, 0.001281, 0.001377, 0.001350, 0.001351, 0.001325, 0.001297, 0.001268, 0.001302, 0.001304, 0.001303, 0.001278, 0.001179, 0.001393, 0.001299, 0.001361, 0.001238, 0.001290, 0.001313, 0.001435, 0.001463, 0.001553, 0.001394, 0.001574, 0.001388, 0.001479, 0.001445, 0.001478, 0.001357, 0.001453, 0.001210, 0.001487, 0.001306, 0.001465, 0.001308, 0.001496, 0.001343, 0.001499, 0.001284, 0.001348, 0.001228, 0.001390, 0.001322, 0.001413, 0.001263, 0.001483, 0.001206, 0.001241, 0.001296, 0.001420, 0.001233, 0.001388, 0.001235, 0.001333, 0.001300, 0.001365, 0.001210, 0.001336, 0.001183, 0.001395, 0.001327, 0.001362, 0.001228, 0.001468, 0.001430, 0.001553, 0.001458, 0.001513, 0.001355, 0.001472, 0.001441, 0.001530, 0.001497, 0.001526, 0.001583, 0.001581, 0.001550, 0.001610, 0.001673
11 , 2, 0, 0, 0, 0, 0, 0
11 , 0.001812, 0.002221, 0.002771, 0.003505, 0.004191, 0.004770, 0.005078
12 , 0.001348, 0.001228, 0.001390, 0.001322, 0.001413, 0.001263, 0.001483, 0.001206, 0.001241, 0.001296, 0.001420, 0.001233, 0.001388, 0.001235, 0.001333, 0.001300, 0.001365, 0.001210, 0.001336, 0.001183, 0.001395, 0.001327, 0.001362, 0.001228, 0.001468, 0.001430, 0.001553, 0.001458, 0.001513, 0.001355, 0.001472, 0.001441, 0.001530, 0.001497, 0.001526, 0.001583, 0.001581, 0.001550, 0.001610, 0.001673, 0.001613, 0.001523, 0.001584, 0.001678, 0.001402, 0.001525, 0.001466, 0.001472, 0.001385, 0.001484, 0.001361, 0.001464, 0.001225, 0.001324, 0.001234, 0.001265, 0.001232, 0.001384, 0.001320, 0.001387, 0.001173, 0.001391, 0.001266, 0.001415, 0.001376, 0.001468, 0.001311, 0.001580, 0.001357, 0.001598, 0.001379, 0.001563, 0.001442, 0.001505, 0.001325, 0.001483, 0.001273, 0.001495, 0.001223, 0.001474, 0.001351, 0.001356, 0.001167, 0.001382, 0.001101, 0.001345, 0.001305, 0.001485, 0.001475, 0.001592, 0.001493, 0.001673
12 , 0, 0, 0, 0, 0, 0, 0
12 , 0.004170, 0.004830, 0.004887, 0.005365, 0.005411, 0.005796, 0.005839
13 , 0.001225, 0.001324, 0.001234, 0.001265, 0.001232, 0.001384, 0.001320, 0.001387, 0.001173, 0.001391, 0.001266, 0.001415, 0.001376, 0.001468, 0.001311, 0.001580, 0.001357, 0.001598, 0.001379, 0.001563, 0.001442, 0.001505, 0.001325, 0.001483, 0.001273, 0.001495, 0.001223, 0.001474, 0.001351, 0.001356, 0.001167, 0.001382, 0.001101, 0.001345, 0.001305, 0.001485, 0.001475, 0.001592, 0.001493, 0.001673, 0.001606, 0.001726, 0.001631, 0.001752, 0.001751, 0.001904, 0.001752, 0.001935, 0.001813, 0.001783, 0.001752, 0.001843, 0.001843, 0.001752, 0.001663, 0.001605, 0.001671, 0.001648, 0.001500, 0.001447, 0.001330, 0.001461, 0.001345, 0.001271, 0.001312, 0.001144, 0.001130, 0.001018, 0.001054, 0.001177, 0.001149, 0.001084, 0.001086, 0.000962, 0.001233, 0.001135, 0.001106, 0.001002, 0.001213, 0.001207, 0.001289, 0.001004, 0.001393, 0.001229, 0.001470, 0.001278, 0.001428, 0.001300, 0.001570, 0.001378, 0.001590, 0.001555
13 , 3, 3, 3, 3, 3, 3, 3
13 , 0.010039, 0.009126, 0.008368, 0.007565, 0.006600, 0.005549, 0.004459
14 , 0.001752, 0.001935, 0.001813, 0.001783, 0.001752, 0.001843, 0.001843, 0.001752, 0.001663, 0.001605, 0.001671, 0.001648, 0.001500, 0.001447, 0.001330, 0.001461, 0.001345, 0.001271, 0.001312, 0.001144, 0.001130, 0.001018, 0.001054, 0.001177, 0.001149, 0.001084, 0.001086, 0.000962, 0.001233, 0.001135, 0.001106, 0.001002, 0.001213, 0.001207, 0.001289, 0.001004, 0.001393, 0.001229, 0.001470, 0.001278, 0.001428, 0.001300, 0.001570, 0.001378, 0.001590, 0.001555, 0.001709, 0.001581, 0.001703, 0.001577, 0.001700, 0.001577, 0.001667, 0.001544, 0.001606, 0.001454, 0.001608, 0.001518, 0.001673, 0.001491, 0.001645, 0.001462, 0.001586, 0.001463, 0.001528, 0.001406, 0.001592, 0.001499, 0.001502, 0.001591, 0.001622, 0.001441, 0.001563, 0.001443, 0.001479, 0.001356, 0.001481, 0.001483, 0.001395, 0.001427, 0.001393, 0.001365, 0.001513, 0.001388, 0.001420, 0.001449, 0.001419, 0.001511, 0.001419, 0.001477, 0.001382, 0.001414
14 , 1, 1, 1, 1, 1, 1, 1
14 , 0.013170, 0.012054, 0.011252, 0.009796, 0.008461, 0.007158, 0.005904
15 , 0.001709, 0.001581, 0.001703, 0.001577, 0.001700, 0.001577, 0.001667, 0.001544, 0.001606, 0.001454, 0.001608, 0.001518, 0.001673, 0.001491, 0.001645, 0.001462, 0.001586, 0.001463, 0.001528, 0.001406, 0.001592, 0.001499, 0.001502, 0.001591, 0.001622, 0.001441, 0.001563, 0.001443, 0.001479, 0.001356, 0.001481, 0.001483, 0.001395, 0.001427, 0.001393, 0.001365, 0.001513, 0.001388, 0.001420, 0.001449, 0.001419, 0.001511, 0.001419, 0.001477, 0.001382, 0.001414, 0.001411, 0.001442, 0.001472, 0.001566, 0.001383, 0.001509, 0.001417, 0.001541, 0.001451, 0.001457, 0.001454, 0.001460, 0.001188, 0.001466, 0.001282, 0.001403, 0.001193, 0.001289, 0.001167, 0.001359, 0.001263, 0.001327, 0.001171, 0.001417, 0.001198, 0.001289, 0.001132, 0.001351, 0.001164, 0.001320, 0.001226, 0.001378, 0.001162, 0.001410, 0.001193, 0.001346, 0.001130, 0.001257, 0.001161, 0.001408, 0.001346, 0.001471, 0.001262, 0.001233, 0.001074, 0.001198
15 , 1, 1, 1, 1, 1, 1, 1
15 , 0.004484, 0.004264, 0.004788, 0.004606, 0.004431, 0.004061, 0.003998
16 , 0.001472, 0.001566, 0.001383, 0.001509, 0.001417, 0.001541, 0.001451, 0.001457, 0.001454, 0.001460, 0.001188, 0.001466, 0.001282, 0.001403, 0.001193, 0.001289, 0.001167, 0.001359, 0.001263, 0.001327, 0.001171, 0.001417, 0.001198, 0.001289, 0.001132, 0.001351, 0.001164, 0.001320, 0.001226, 0.001378, 0.001162, 0.001410, 0.001193, 0.001346, 0.001130, 0.001257, 0.001161, 0.001408, 0.001346, 0.001471, 0.001262, 0.001233, 0.001074, 0.001198, 0.001164, 0.001290, 0.001171, 0.001382, 0.001226, 0.001255, 0.001277, 0.001275, 0.001213, 0.001523, 0.001275, 0.001243, 0.001334, 0.001367, 0.001276, 0.001396, 0.001303, 0.001272, 0.001301, 0.001392, 0.001423, 0.001334, 0.001396, 0.001367, 0.001369, 0.001337, 0.001248, 0.001162, 0.001287, 0.001163, 0.001290, 0.001198, 0.001260, 0.001314, 0.001350, 0.001435, 0.001435, 0.001370, 0.001463, 0.001304, 0.001370, 0.001217, 0.001341, 0.001248, 0.001435, 0.001248, 0.001588, 0.001342
16 , 2, 1, 1, 1, 2, 2, 2
16 , 0.003025, 0.003222, 0.002659, 0.002863, 0.002897, 0.002625, 0.002475
