0 , 0.001735, 0.001521, 0.001686, 0.001763, 0.001769, 0.001631, 0.001609, 0.001927, 0.001650, 0.001756, 0.001684, 0.001946, 0.001938, 0.001739, 0.001780, 0.001728, 0.001916, 0.001790, 0.001863, 0.001810, 0.001883, 0.001782, 0.001861, 0.000600, 0.001928, 0.001771, 0.001798, 0.001764, 0.001673, 0.001640, 0.001639, 0.001821, 0.001607, 0.001792, 0.001730, 0.001704, 0.001732, 0.001765, 0.001735, 0.001705, 0.001646, 0.001709, 0.001528, 0.001771, 0.001564, 0.001680, 0.001262, 0.001012, 0.001454, 0.001630, 0.001648, 0.001696, 0.001502, 0.001863, 0.001754, 0.001851, 0.001751, 0.001931, 0.001903, 0.001818, 0.001871, 0.001741, 0.001880, 0.001761, 0.001755, 0.001758, 0.001775, 0.001786, 0.001686, 0.001725, 0.001834, 0.000631, 0.001664, 0.001924, 0.001888, 0.001771, 0.001554, 0.001741, 0.001559, 0.001746, 0.001563, 0.001598, 0.001536, 0.001724, 0.001569, 0.001695, 0.001481, 0.001609, 0.001516, 0.001639, 0.001548, 0.001614
0 , 3, 1, 1, 1, 1, 1, 1
0 , 0.001990, 0.001860, 0.003729, 0.005290, 0.005061, 0.003459, 0.004674
1 , 0.001630, 0.001648, 0.001696, 0.001502, 0.001863, 0.001754, 0.001851, 0.001751, 0.001931, 0.001903, 0.001818, 0.001871, 0.001741, 0.001880, 0.001761, 0.001755, 0.001758, 0.001775, 0.001786, 0.001686, 0.001725, 0.001834, 0.000631, 0.001664, 0.001924, 0.001888, 0.001771, 0.001554, 0.001741, 0.001559, 0.001746, 0.001563, 0.001598, 0.001536, 0.001724, 0.001569, 0.001695, 0.001481, 0.001609, 0.001516, 0.001639, 0.001548, 0.001614, 0.001455, 0.001701, 0.001544, 0.001553, 0.001514, 0.000352, 0.001835, 0.001491, 0.001682, 0.001880, 0.001850, 0.001995, 0.001825, 0.001846, 0.001922, 0.001849, 0.002001, 0.001916, 0.002033, 0.001973, 0.001860, 0.001860, 0.001799, 0.002084, 0.001973, 0.001907, 0.001787, 0.001786, 0.001712, 0.001390, 0.001452, 0.001871, 0.001923, 0.001716, 0.001711, 0.001527, 0.001652, 0.001468, 0.001592, 0.001464, 0.001681, 0.001616, 0.001677, 0.001583, 0.001712, 0.001464, 0.001712, 0.001560, 0.001740
1 , 1, 1, 1, 1, 1, 1, 1
1 , 0.004775, 0.005586, 0.006951, 0.007891, 0.006424, 0.008382, 0.008268
2 , 0.001682, 0.001880, 0.001850, 0.001995, 0.001825, 0.001846, 0.001922, 0.001849, 0.002001, 0.001916, 0.002033, 0.001973, 0.001860, 0.001860, 0.001799, 0.002084, 0.001973, 0.001907, 0.001787, 0.001786, 0.001712, 0.001390, 0.001452, 0.001871, 0.001923, 0.001716, 0.001711, 0.001527, 0.001652, 0.001468, 0.001592, 0.001464, 0.001681, 0.001616, 0.001677, 0.001583, 0.001712, 0.001464, 0.001712, 0.001560, 0.001740, 0.001496, 0.001799, 0.001499, 0.001823, 0.000372, 0.001436, 0.001565, 0.001595, 0.001739, 0.001822, 0.001667, 0.001954, 0.001816, 0.001855, 0.001658, 0.001940, 0.001874, 0.001786, 0.001835, 0.001903, 0.001991, 0.001812, 0.001942, 0.001819, 0.001943, 0.002043, 0.001855, 0.001874, 0.001745, 0.001807, 0.001906, 0.000374, 0.001983, 0.001702, 0.001643, 0.001575, 0.001634, 0.001542, 0.001577, 0.001422, 0.001451, 0.001484, 0.001547, 0.001480, 0.001631, 0.001448, 0.001544, 0.001418, 0.001658, 0.001535, 0.001568
2 , 1, 1, 1, 1, 1, 1, 1
2 , 0.008173, 0.009836, 0.012636, 0.013100, 0.013532, 0.011358, 0.012373
3 , 0.001822, 0.001667, 0.001954, 0.001816, 0.001855, 0.001658, 0.001940, 0.001874, 0.001786, 0.001835, 0.001903, 0.001991, 0.001812, 0.001942, 0.001819, 0.001943, 0.002043, 0.001855, 0.001874, 0.001745, 0.001807, 0.001906, 0.000374, 0.001983, 0.001702, 0.001643, 0.001575, 0.001634, 0.001542, 0.001577, 0.001422, 0.001451, 0.001484, 0.001547, 0.001480, 0.001631, 0.001448, 0.001544, 0.001418, 0.001658, 0.001535, 0.001568, 0.001473, 0.001595, 0.001471, 0.001567, 0.001592, 0.001262, 0.001160, 0.001521, 0.001838, 0.001718, 0.001824, 0.001593, 0.001724, 0.002022, 0.001876, 0.001826, 0.001751, 0.001975, 0.001815, 0.001939, 0.001906, 0.001809, 0.001846, 0.001711, 0.001860, 0.001584, 0.001801, 0.001779, 0.001576, 0.001678, 0.000579, 0.001563, 0.002126, 0.001908, 0.001970, 0.001724, 0.001876, 0.001722, 0.001754, 0.001690, 0.001844, 0.001661, 0.001844, 0.001692, 0.001849, 0.001666, 0.001824, 0.001611, 0.001768, 0.001613
3 , 2, 1, 1, 1, 1, 2, 2
3 , 0.006660, 0.007584, 0.008259, 0.008688, 0.006735, 0.007335, 0.007343
4 , 0.001521, 0.001838, 0.001718, 0.001824, 0.001593, 0.001724, 0.002022, 0.001876, 0.001826, 0.001751, 0.001975, 0.001815, 0.001939, 0.001906, 0.001809, 0.001846, 0.001711, 0.001860, 0.001584, 0.001801, 0.001779, 0.001576, 0.001678, 0.000579, 0.001563, 0.002126, 0.001908, 0.001970, 0.001724, 0.001876, 0.001722, 0.001754, 0.001690, 0.001844, 0.001661, 0.001844, 0.001692, 0.001849, 0.001666, 0.001824, 0.001611, 0.001768, 0.001613, 0.001711, 0.001555, 0.001685, 0.001644, 0.000251, 0.001634, 0.001700, 0.001481, 0.001532, 0.001791, 0.001681, 0.001814, 0.001604, 0.001772, 0.001636, 0.001629, 0.001657, 0.001681, 0.001820, 0.001609, 0.001693, 0.001503, 0.001660, 0.001566, 0.001449, 0.001635, 0.001523, 0.001755, 0.001386, 0.001384, 0.001902, 0.001799, 0.001649, 0.001676, 0.001619, 0.001685, 0.001560, 0.001772, 0.001523, 0.001555, 0.001645, 0.001737, 0.001645, 0.001610, 0.001699, 0.001819, 0.001786, 0.001786, 0.001785
4 , 2, 2, 2, 2, 2, 2, 2
4 , 0.001920, 0.002447, 0.003483, 0.003750, 0.004661, 0.002906, 0.002354
5 , 0.001481, 0.001532, 0.001791, 0.001681, 0.001814, 0.001604, 0.001772, 0.001636, 0.001629, 0.001657, 0.001681, 0.001820, 0.001609, 0.001693, 0.001503, 0.001660, 0.001566, 0.001449, 0.001635, 0.001523, 0.001755, 0.001386, 0.001384, 0.001902, 0.001799, 0.001649, 0.001676, 0.001619, 0.001685, 0.001560, 0.001772, 0.001523, 0.001555, 0.001645, 0.001737, 0.001645, 0.001610, 0.001699, 0.001819, 0.001786, 0.001786, 0.001785, 0.001847, 0.001693, 0.001844, 0.001724, 0.002113, 0.000877, 0.001186, 0.001336, 0.001437, 0.001239, 0.001455, 0.001283, 0.001470, 0.001457, 0.001673, 0.001627, 0.001715, 0.001870, 0.001641, 0.001824, 0.001650, 0.001692, 0.001783, 0.001692, 0.001802, 0.001675, 0.001805, 0.001778, 0.001803, 0.001859, 0.000125, 0.001698, 0.001918, 0.001733, 0.001701, 0.001548, 0.001703, 0.001604, 0.001539, 0.001504, 0.001783, 0.001595, 0.001718, 0.001656, 0.001772, 0.001554, 0.001769, 0.001613, 0.001857, 0.001701
5 , 0, 0, 0, 0, 3, 0, 0
5 , 0.003144, 0.002041, 0.001915, 0.003164, 0.001742, 0.003252, 0.002662
6 , 0.001239, 0.001455, 0.001283, 0.001470, 0.001457, 0.001673, 0.001627, 0.001715, 0.001870, 0.001641, 0.001824, 0.001650, 0.001692, 0.001783, 0.001692, 0.001802, 0.001675, 0.001805, 0.001778, 0.001803, 0.001859, 0.000125, 0.001698, 0.001918, 0.001733, 0.001701, 0.001548, 0.001703, 0.001604, 0.001539, 0.001504, 0.001783, 0.001595, 0.001718, 0.001656, 0.001772, 0.001554, 0.001769, 0.001613, 0.001857, 0.001701, 0.001730, 0.001761, 0.001940, 0.001410, 0.000628, 0.001463, 0.001479, 0.001435, 0.001608, 0.001661, 0.001656, 0.001523, 0.001615, 0.001794, 0.001681, 0.001852, 0.001672, 0.001904, 0.001829, 0.001812, 0.001967, 0.001770, 0.001958, 0.001855, 0.001940, 0.001898, 0.001849, 0.002174, 0.000904, 0.001642, 0.001634, 0.001624, 0.001473, 0.001534, 0.001439, 0.001592, 0.001377, 0.001563, 0.001371, 0.001586, 0.001393, 0.001570, 0.001442, 0.001684, 0.001525, 0.001738, 0.001580, 0.001822, 0.001636, 0.001848, 0.001693
6 , 3, 3, 1, 3, 3, 1, 1
6 , 0.003897, 0.004188, 0.004894, 0.004543, 0.003627, 0.003999, 0.004040
7 , 0.001435, 0.001608, 0.001661, 0.001656, 0.001523, 0.001615, 0.001794, 0.001681, 0.001852, 0.001672, 0.001904, 0.001829, 0.001812, 0.001967, 0.001770, 0.001958, 0.001855, 0.001940, 0.001898, 0.001849, 0.002174, 0.000904, 0.001642, 0.001634, 0.001624, 0.001473, 0.001534, 0.001439, 0.001592, 0.001377, 0.001563, 0.001371, 0.001586, 0.001393, 0.001570, 0.001442, 0.001684, 0.001525, 0.001738, 0.001580, 0.001822, 0.001636, 0.001848, 0.001693, 0.002028, 0.001572, 0.001873, 0.000136, 0.001344, 0.001432, 0.001629, 0.001510, 0.001576, 0.001391, 0.001792, 0.001569, 0.001789, 0.001682, 0.001771, 0.001708, 0.001697, 0.001669, 0.001550, 0.001774, 0.001639, 0.001669, 0.001598, 0.001595, 0.001830, 0.001608, 0.001948, 0.001367, 0.000868, 0.001909, 0.001807, 0.001752, 0.001509, 0.001540, 0.001631, 0.001569, 0.001475, 0.001478, 0.001536, 0.001597, 0.001597, 0.001566, 0.001629, 0.001598, 0.001567, 0.001658, 0.001565, 0.001718
7 , 2, 2, 2, 1, 1, 2, 1
7 , 0.002360, 0.003429, 0.004661, 0.003087, 0.005691, 0.005156, 0.005759
8 , 0.001576, 0.001391, 0.001792, 0.001569, 0.001789, 0.001682, 0.001771, 0.001708, 0.001697, 0.001669, 0.001550, 0.001774, 0.001639, 0.001669, 0.001598, 0.001595, 0.001830, 0.001608, 0.001948, 0.001367, 0.000868, 0.001909, 0.001807, 0.001752, 0.001509, 0.001540, 0.001631, 0.001569, 0.001475, 0.001478, 0.001536, 0.001597, 0.001597, 0.001566, 0.001629, 0.001598, 0.001567, 0.001658, 0.001565, 0.001718, 0.001710, 0.001597, 0.001585, 0.000668, 0.001156, 0.001689, 0.001544, 0.001434, 0.001766, 0.001680, 0.001755, 0.001603, 0.001692, 0.001761, 0.001670, 0.001761, 0.001625, 0.001849, 0.001747, 0.001747, 0.001835, 0.001697, 0.001800, 0.001756, 0.001689, 0.001609, 0.001728, 0.001804, 0.000447, 0.002259, 0.001801, 0.001890, 0.001794, 0.001823, 0.001697, 0.001818, 0.001815, 0.001878, 0.001816, 0.001756, 0.001663, 0.001818, 0.001755, 0.001817, 0.001725, 0.001908, 0.001787, 0.001760, 0.001607, 0.001822, 0.001703, 0.001798
8 , 2, 2, 2, 2, 2, 2, 1
8 , 0.004048, 0.006279, 0.003570, 0.004074, 0.004066, 0.004136, 0.002857
9 , 0.001434, 0.001766, 0.001680, 0.001755, 0.001603, 0.001692, 0.001761, 0.001670, 0.001761, 0.001625, 0.001849, 0.001747, 0.001747, 0.001835, 0.001697, 0.001800, 0.001756, 0.001689, 0.001609, 0.001728, 0.001804, 0.000447, 0.002259, 0.001801, 0.001890, 0.001794, 0.001823, 0.001697, 0.001818, 0.001815, 0.001878, 0.001816, 0.001756, 0.001663, 0.001818, 0.001755, 0.001817, 0.001725, 0.001908, 0.001787, 0.001760, 0.001607, 0.001822, 0.001703, 0.001798, 0.001733, 0.001545, 0.000821, 0.001346, 0.001579, 0.001490, 0.001540, 0.001385, 0.001515, 0.001739, 0.001800, 0.001780, 0.001595, 0.001766, 0.001540, 0.001730, 0.001661, 0.001595, 0.001766, 0.001672, 0.001735, 0.001492, 0.001660, 0.001606, 0.001608, 0.001743, 0.000605, 0.001422, 0.001997, 0.001838, 0.001783, 0.001716, 0.001807, 0.001561, 0.001746, 0.001437, 0.001774, 0.001499, 0.001744, 0.001710, 0.001893, 0.001587, 0.001774, 0.001588, 0.001802, 0.001554, 0.001678
9 , 0, 0, 0, 0, 0, 0, 0
9 , 0.002984, 0.002872, 0.002755, 0.004687, 0.003673, 0.003393, 0.002126
10 , 0.001579, 0.001490, 0.001540, 0.001385, 0.001515, 0.001739, 0.001800, 0.001780, 0.001595, 0.001766, 0.001540, 0.001730, 0.001661, 0.001595, 0.001766, 0.001672, 0.001735, 0.001492, 0.001660, 0.001606, 0.001608, 0.001743, 0.000605, 0.001422, 0.001997, 0.001838, 0.001783, 0.001716, 0.001807, 0.001561, 0.001746, 0.001437, 0.001774, 0.001499, 0.001744, 0.001710, 0.001893, 0.001587, 0.001774, 0.001588, 0.001802, 0.001554, 0.001678, 0.001639, 0.001709, 0.001669, 0.000033, 0.001511, 0.001514, 0.001418, 0.001573, 0.001674, 0.001661, 0.001735, 0.001586, 0.001809, 0.001533, 0.001627, 0.001558, 0.001508, 0.001734, 0.001604, 0.001759, 0.001437, 0.001612, 0.001645, 0.001582, 0.001609, 0.001587, 0.001767, 0.001579, 0.001692, 0.001343, 0.001103, 0.002064, 0.002058, 0.002028, 0.001873, 0.001902, 0.001933, 0.001872, 0.001901, 0.001840, 0.001811, 0.001903, 0.001936, 0.001786, 0.001820, 0.001733, 0.001709, 0.001717, 0.001632
10 , 0, 0, 0, 2, 0, 0, 2
10 , 0.006792, 0.007080, 0.006206, 0.005274, 0.004223, 0.004705, 0.005164
11 , 0.001511, 0.001514, 0.001418, 0.001573, 0.001674, 0.001661, 0.001735, 0.001586, 0.001809, 0.001533, 0.001627, 0.001558, 0.001508, 0.001734, 0.001604, 0.001759, 0.001437, 0.001612, 0.001645, 0.001582, 0.001609, 0.001587, 0.001767, 0.001579, 0.001692, 0.001343, 0.001103, 0.002064, 0.002058, 0.002028, 0.001873, 0.001902, 0.001933, 0.001872, 0.001901, 0.001840, 0.001811, 0.001903, 0.001936, 0.001786, 0.001820, 0.001733, 0.001709, 0.001717, 0.001632, 0.001610, 0.001493, 0.001620, 0.001533, 0.001540, 0.001632, 0.001577, 0.001486, 0.001549, 0.001359, 0.001546, 0.001571, 0.001565, 0.001437, 0.001647, 0.001638, 0.001760, 0.001663, 0.001783, 0.001656, 0.001777, 0.001649, 0.001769, 0.001703, 0.001853, 0.001789, 0.001878, 0.001818, 0.001908, 0.001816, 0.001997, 0.001872, 0.001933, 0.001750, 0.001966, 0.001872, 0.001934, 0.001842, 0.001875, 0.001752, 0.001937, 0.001633, 0.001850, 0.001757, 0.001881, 0.001698, 0.001853
11 , 0, 0, 0, 0, 0, 0, 0
11 , 0.010481, 0.010765, 0.010428, 0.008548, 0.007586, 0.007197, 0.006197
12 , 0.001620, 0.001533, 0.001540, 0.001632, 0.001577, 0.001486, 0.001549, 0.001359, 0.001546, 0.001571, 0.001565, 0.001437, 0.001647, 0.001638, 0.001760, 0.001663, 0.001783, 0.001656, 0.001777, 0.001649, 0.001769, 0.001703, 0.001853, 0.001789, 0.001878, 0.001818, 0.001908, 0.001816, 0.001997, 0.001872, 0.001933, 0.001750, 0.001966, 0.001872, 0.001934, 0.001842, 0.001875, 0.001752, 0.001937, 0.001633, 0.001850, 0.001757, 0.001881, 0.001698, 0.001853, 0.001577, 0.001825, 0.001701, 0.001793, 0.001702, 0.001857, 0.001702, 0.001705, 0.001675, 0.001922, 0.001645, 0.001832, 0.001649, 0.001802, 0.001739, 0.001837, 0.001500, 0.001712, 0.001679, 0.001802, 0.001709, 0.001771, 0.001737, 0.001858, 0.001702, 0.001762, 0.001608, 0.001793, 0.001699, 0.001760, 0.001696, 0.001909, 0.001725, 0.001848, 0.001785, 0.001878, 0.001723, 0.001969, 0.001815, 0.001723, 0.001814, 0.001723, 0.001663, 0.001877, 0.001754, 0.001754, 0.001755
12 , 0, 0, 0, 0, 0, 0, 0
12 , 0.006263, 0.006341, 0.005918, 0.005885, 0.005860, 0.005538, 0.005080
13 , 0.001701, 0.001793, 0.001702, 0.001857, 0.001702, 0.001705, 0.001675, 0.001922, 0.001645, 0.001832, 0.001649, 0.001802, 0.001739, 0.001837, 0.001500, 0.001712, 0.001679, 0.001802, 0.001709, 0.001771, 0.001737, 0.001858, 0.001702, 0.001762, 0.001608, 0.001793, 0.001699, 0.001760, 0.001696, 0.001909, 0.001725, 0.001848, 0.001785, 0.001878, 0.001723, 0.001969, 0.001815, 0.001723, 0.001814, 0.001723, 0.001663, 0.001877, 0.001754, 0.001754, 0.001755, 0.001876, 0.001723, 0.001753, 0.001815, 0.001817, 0.001787, 0.001666, 0.001728, 0.001727, 0.001731, 0.001673, 0.001797, 0.001584, 0.001647, 0.001710, 0.001683, 0.001560, 0.001683, 0.001504, 0.001720, 0.001626, 0.001628, 0.001504, 0.001688, 0.001562, 0.001686, 0.001500, 0.001685, 0.001531, 0.001715, 0.001534, 0.001719, 0.001535, 0.001691, 0.001563, 0.001716, 0.001683, 0.001715, 0.001680, 0.001801, 0.001521, 0.001765, 0.001580, 0.001821, 0.001636, 0.001821, 0.001665
13 , 3, 3, 3, 3, 0, 0, 0
13 , 0.001837, 0.001888, 0.001294, 0.001110, 0.001222, 0.001383, 0.002164
14 , 0.001728, 0.001727, 0.001731, 0.001673, 0.001797, 0.001584, 0.001647, 0.001710, 0.001683, 0.001560, 0.001683, 0.001504, 0.001720, 0.001626, 0.001628, 0.001504, 0.001688, 0.001562, 0.001686, 0.001500, 0.001685, 0.001531, 0.001715, 0.001534, 0.001719, 0.001535, 0.001691, 0.001563, 0.001716, 0.001683, 0.001715, 0.001680, 0.001801, 0.001521, 0.001765, 0.001580, 0.001821, 0.001636, 0.001821, 0.001665, 0.001817, 0.001632, 0.001724, 0.001631, 0.001815, 0.001659, 0.001783, 0.001753, 0.001875, 0.001660, 0.001875, 0.001601, 0.001785, 0.001753, 0.001789, 0.001698, 0.001670, 0.001672, 0.001889, 0.001556, 0.001715, 0.001714, 0.001687, 0.001505, 0.001625, 0.001624, 0.001626, 0.001687, 0.001839, 0.001652, 0.001740, 0.001586, 0.001647, 0.001740, 0.001645, 0.001765, 0.001583, 0.001761, 0.001729, 0.001728, 0.001756, 0.001909, 0.001906, 0.001905, 0.001843, 0.001874, 0.001873, 0.001843, 0.001751, 0.001815, 0.001784, 0.001938
14 , 2, 0, 0, 0, 0, 0, 0
14 , 0.001341, 0.001612, 0.001827, 0.002456, 0.002816, 0.003846, 0.003743
15 , 0.001601, 0.001785, 0.001753, 0.001789, 0.001698, 0.001670, 0.001672, 0.001889, 0.001556, 0.001715, 0.001714, 0.001687, 0.001505, 0.001625, 0.001624, 0.001626, 0.001687, 0.001839, 0.001652, 0.001740, 0.001586, 0.001647, 0.001740, 0.001645, 0.001765, 0.001583, 0.001761, 0.001729, 0.001728, 0.001756, 0.001909, 0.001906, 0.001905, 0.001843, 0.001874, 0.001873, 0.001843, 0.001751, 0.001815, 0.001784, 0.001938, 0.001727, 0.001914, 0.001762, 0.001795, 0.001614, 0.001771, 0.001650, 0.001713, 0.001591, 0.001717, 0.001472, 0.001566, 0.001626, 0.001750, 0.001470, 0.001747, 0.001683, 0.001743, 0.001558, 0.001741, 0.001650, 0.001621, 0.001617, 0.001953, 0.001704, 0.001797, 0.001670, 0.001943, 0.001757, 0.001909, 0.001693, 0.001968, 0.001845, 0.001876, 0.001784, 0.001846, 0.001783, 0.001877, 0.001787, 0.001851, 0.001638, 0.001733, 0.001676, 0.001771, 0.001624, 0.001722, 0.001603, 0.001481, 0.001548, 0.001702, 0.001525
15 , 0, 0, 0, 0, 0, 0, 3
15 , 0.003977, 0.003626, 0.003529, 0.003358, 0.002955, 0.002626, 0.002803
16 , 0.001771, 0.001650, 0.001713, 0.001591, 0.001717, 0.001472, 0.001566, 0.001626, 0.001750, 0.001470, 0.001747, 0.001683, 0.001743, 0.001558, 0.001741, 0.001650, 0.001621, 0.001617, 0.001953, 0.001704, 0.001797, 0.001670, 0.001943, 0.001757, 0.001909, 0.001693, 0.001968, 0.001845, 0.001876, 0.001784, 0.001846, 0.001783, 0.001877, 0.001787, 0.001851, 0.001638, 0.001733, 0.001676, 0.001771, 0.001624, 0.001722, 0.001603, 0.001481, 0.001548, 0.001702, 0.001525, 0.001560, 0.001687, 0.001450, 0.001479, 0.001453, 0.001450, 0.001385, 0.001599, 0.001473, 0.001624, 0.001558, 0.001646, 0.001525, 0.001642, 0.001608, 0.001669, 0.001572, 0.001605, 0.001481, 0.001730, 0.001605, 0.001847, 0.001687, 0.001720, 0.001718, 0.001900, 0.001622, 0.001809, 0.001680, 0.001861, 0.001704, 0.001859, 0.001706, 0.001953, 0.001736, 0.001799, 0.001616, 0.001741, 0.001863, 0.001772, 0.001647, 0.001863, 0.001652, 0.001686, 0.001565, 0.001752
16 , 0, 0, 0, 0, 0, 0, 0
16 , 0.006109, 0.006180, 0.005555, 0.005266, 0.004446, 0.004020, 0.002856
