0 , 0.001464, 0.001482, 0.001448, 0.001321, 0.001472, 0.001316, 0.001557, 0.001401, 0.001583, 0.001516, 0.001641, 0.001485, 0.001636, 0.001359, 0.001573, 0.001600, 0.001661, 0.001539, 0.001630, 0.001385, 0.001599, 0.001537, 0.001632, 0.001385, 0.000442, 0.001850, 0.001789, 0.001689, 0.001913, 0.002077, 0.002108, 0.001915, 0.001945, 0.002112, 0.001947, 0.002085, 0.001997, 0.002345, 0.002359, 0.002290, 0.002181, 0.002300, 0.002433, 0.002242, 0.002248, 0.002079, 0.002229, 0.002291, 0.001641, 0.001238, 0.001594, 0.001552, 0.001465, 0.001556, 0.001376, 0.001526, 0.001277, 0.001586, 0.001431, 0.001524, 0.001339, 0.001556, 0.001309, 0.001343, 0.001283, 0.001526, 0.001309, 0.001462, 0.001370, 0.001641, 0.001309, 0.001696, 0.000082, 0.001508, 0.001804, 0.001904, 0.002060, 0.001900, 0.001923, 0.001829, 0.002011, 0.001968, 0.001880, 0.002103, 0.002004, 0.002105, 0.001958, 0.002118, 0.002049, 0.002022, 0.001903, 0.001889
0 , 0, 0, 0, 0, 0, 0, 0
0 , 0.013913, 0.017446, 0.017806, 0.019599, 0.021170, 0.025098, 0.027404
1 , 0.001465, 0.001556, 0.001376, 0.001526, 0.001277, 0.001586, 0.001431, 0.001524, 0.001339, 0.001556, 0.001309, 0.001343, 0.001283, 0.001526, 0.001309, 0.001462, 0.001370, 0.001641, 0.001309, 0.001696, 0.000082, 0.001508, 0.001804, 0.001904, 0.002060, 0.001900, 0.001923, 0.001829, 0.002011, 0.001968, 0.001880, 0.002103, 0.002004, 0.002105, 0.001958, 0.002118, 0.002049, 0.002022, 0.001903, 0.001889, 0.002181, 0.002099, 0.002282, 0.001980, 0.002139, 0.000076, 0.001712, 0.001555, 0.001681, 0.001462, 0.001523, 0.001428, 0.001553, 0.001461, 0.001521, 0.001400, 0.001521, 0.001489, 0.001643, 0.001488, 0.001641, 0.001454, 0.001485, 0.001332, 0.001489, 0.001518, 0.001491, 0.001338, 0.001437, 0.001248, 0.001260, 0.001356, 0.002082, 0.001864, 0.002074, 0.001931, 0.002107, 0.001856, 0.002002, 0.002096, 0.002041, 0.001993, 0.002007, 0.002097, 0.001907, 0.002145, 0.001963, 0.002056, 0.002103, 0.002128, 0.002133, 0.001998
1 , 0, 0, 0, 0, 0, 0, 0
1 , 0.019911, 0.021290, 0.022510, 0.023948, 0.024370, 0.023234, 0.021928
2 , 0.001523, 0.001428, 0.001553, 0.001461, 0.001521, 0.001400, 0.001521, 0.001489, 0.001643, 0.001488, 0.001641, 0.001454, 0.001485, 0.001332, 0.001489, 0.001518, 0.001491, 0.001338, 0.001437, 0.001248, 0.001260, 0.001356, 0.002082, 0.001864, 0.002074, 0.001931, 0.002107, 0.001856, 0.002002, 0.002096, 0.002041, 0.001993, 0.002007, 0.002097, 0.001907, 0.002145, 0.001963, 0.002056, 0.002103, 0.002128, 0.002133, 0.001998, 0.002166, 0.001918, 0.002242, 0.000602, 0.001360, 0.001586, 0.001641, 0.001583, 0.001399, 0.001402, 0.001248, 0.001465, 0.001342, 0.001434, 0.001405, 0.001529, 0.001314, 0.001559, 0.001434, 0.001499, 0.001255, 0.001559, 0.001437, 0.001565, 0.001347, 0.001417, 0.001436, 0.000639, 0.001944, 0.001906, 0.001947, 0.001870, 0.002099, 0.002022, 0.002251, 0.001914, 0.002195, 0.002024, 0.002074, 0.001952, 0.002066, 0.002264, 0.002173, 0.002269, 0.002018, 0.002181, 0.002123, 0.002004, 0.002123, 0.001996
2 , 0, 0, 0, 0, 0, 0, 0
2 , 0.022360, 0.025035, 0.026245, 0.025824, 0.024839, 0.023618, 0.021743
3 , 0.001641, 0.001583, 0.001399, 0.001402, 0.001248, 0.001465, 0.001342, 0.001434, 0.001405, 0.001529, 0.001314, 0.001559, 0.001434, 0.001499, 0.001255, 0.001559, 0.001437, 0.001565, 0.001347, 0.001417, 0.001436, 0.000639, 0.001944, 0.001906, 0.001947, 0.001870, 0.002099, 0.002022, 0.002251, 0.001914, 0.002195, 0.002024, 0.002074, 0.001952, 0.002066, 0.002264, 0.002173, 0.002269, 0.002018, 0.002181, 0.002123, 0.002004, 0.002123, 0.001996, 0.002295, 0.001690, 0.001292, 0.001857, 0.001758, 0.001607, 0.001513, 0.001421, 0.001484, 0.001363, 0.001485, 0.001301, 0.001457, 0.001332, 0.001458, 0.001398, 0.001399, 0.001276, 0.001432, 0.001337, 0.001582, 0.001366, 0.001461, 0.001368, 0.001642, 0.001341, 0.001726, 0.000248, 0.001753, 0.001878, 0.001942, 0.001903, 0.001953, 0.002074, 0.002243, 0.001958, 0.002052, 0.001986, 0.002190, 0.002091, 0.002154, 0.002259, 0.002135, 0.002281, 0.002149, 0.002190, 0.002002, 0.002219
3 , 0, 0, 0, 0, 0, 0, 0
3 , 0.021963, 0.023227, 0.024415, 0.026077, 0.029177, 0.028955, 0.027928
4 , 0.001513, 0.001421, 0.001484, 0.001363, 0.001485, 0.001301, 0.001457, 0.001332, 0.001458, 0.001398, 0.001399, 0.001276, 0.001432, 0.001337, 0.001582, 0.001366, 0.001461, 0.001368, 0.001642, 0.001341, 0.001726, 0.000248, 0.001753, 0.001878, 0.001942, 0.001903, 0.001953, 0.002074, 0.002243, 0.001958, 0.002052, 0.001986, 0.002190, 0.002091, 0.002154, 0.002259, 0.002135, 0.002281, 0.002149, 0.002190, 0.002002, 0.002219, 0.002128, 0.001996, 0.002010, 0.001950, 0.000041, 0.001760, 0.001610, 0.001733, 0.001456, 0.001548, 0.001518, 0.001579, 0.001577, 0.001576, 0.001483, 0.001604, 0.001571, 0.001540, 0.001570, 0.001568, 0.001567, 0.001689, 0.001688, 0.001627, 0.001565, 0.001718, 0.001535, 0.001300, 0.000847, 0.001599, 0.001335, 0.001524, 0.001632, 0.001692, 0.001721, 0.001653, 0.001819, 0.001723, 0.001877, 0.001648, 0.001859, 0.001913, 0.001875, 0.001831, 0.001727, 0.002219, 0.002006, 0.001999, 0.001900, 0.002009
4 , 0, 0, 0, 0, 0, 0, 0
4 , 0.014339, 0.016463, 0.017970, 0.019476, 0.019992, 0.020463, 0.019143
5 , 0.001548, 0.001518, 0.001579, 0.001577, 0.001576, 0.001483, 0.001604, 0.001571, 0.001540, 0.001570, 0.001568, 0.001567, 0.001689, 0.001688, 0.001627, 0.001565, 0.001718, 0.001535, 0.001300, 0.000847, 0.001599, 0.001335, 0.001524, 0.001632, 0.001692, 0.001721, 0.001653, 0.001819, 0.001723, 0.001877, 0.001648, 0.001859, 0.001913, 0.001875, 0.001831, 0.001727, 0.002219, 0.002006, 0.001999, 0.001900, 0.002009, 0.002186, 0.002255, 0.000661, 0.001726, 0.001644, 0.001736, 0.001461, 0.001608, 0.001608, 0.001575, 0.001545, 0.001483, 0.001604, 0.001514, 0.001453, 0.001636, 0.001603, 0.001604, 0.001632, 0.001570, 0.001630, 0.001630, 0.001571, 0.001601, 0.001662, 0.001538, 0.001604, 0.001661, 0.000285, 0.001718, 0.001728, 0.001918, 0.001821, 0.001930, 0.001970, 0.001937, 0.001965, 0.001996, 0.002216, 0.002005, 0.002168, 0.002005, 0.002056, 0.002029, 0.002059, 0.002097, 0.001849, 0.002169, 0.001981, 0.001973, 0.001887
5 , 0, 0, 0, 0, 0, 0, 0
5 , 0.010229, 0.012254, 0.015481, 0.016191, 0.016095, 0.015327, 0.014172
6 , 0.001608, 0.001575, 0.001545, 0.001483, 0.001604, 0.001514, 0.001453, 0.001636, 0.001603, 0.001604, 0.001632, 0.001570, 0.001630, 0.001630, 0.001571, 0.001601, 0.001662, 0.001538, 0.001604, 0.001661, 0.000285, 0.001718, 0.001728, 0.001918, 0.001821, 0.001930, 0.001970, 0.001937, 0.001965, 0.001996, 0.002216, 0.002005, 0.002168, 0.002005, 0.002056, 0.002029, 0.002059, 0.002097, 0.001849, 0.002169, 0.001981, 0.001973, 0.001887, 0.001939, 0.001595, 0.001077, 0.001885, 0.001816, 0.001847, 0.001661, 0.001723, 0.001722, 0.001721, 0.001630, 0.001691, 0.001385, 0.001507, 0.001539, 0.001752, 0.001660, 0.001509, 0.001631, 0.001663, 0.001540, 0.001694, 0.001694, 0.001576, 0.001690, 0.000624, 0.001629, 0.001732, 0.001910, 0.001685, 0.001880, 0.001816, 0.001892, 0.001877, 0.001818, 0.001927, 0.001765, 0.001999, 0.001913, 0.001861, 0.001742, 0.001793, 0.001866, 0.001793, 0.001889, 0.001702, 0.001981, 0.001931, 0.001915
6 , 0, 0, 0, 0, 0, 0, 0
6 , 0.010396, 0.012733, 0.014452, 0.014845, 0.014645, 0.014478, 0.013959
7 , 0.001661, 0.001723, 0.001722, 0.001721, 0.001630, 0.001691, 0.001385, 0.001507, 0.001539, 0.001752, 0.001660, 0.001509, 0.001631, 0.001663, 0.001540, 0.001694, 0.001694, 0.001576, 0.001690, 0.000624, 0.001629, 0.001732, 0.001910, 0.001685, 0.001880, 0.001816, 0.001892, 0.001877, 0.001818, 0.001927, 0.001765, 0.001999, 0.001913, 0.001861, 0.001742, 0.001793, 0.001866, 0.001793, 0.001889, 0.001702, 0.001981, 0.001931, 0.001915, 0.001835, 0.001768, 0.002016, 0.000192, 0.001998, 0.001847, 0.001787, 0.001663, 0.001605, 0.001452, 0.001638, 0.001515, 0.001761, 0.001455, 0.001610, 0.001518, 0.001643, 0.001461, 0.001554, 0.001368, 0.001552, 0.001429, 0.001613, 0.001366, 0.001765, 0.001367, 0.001611, 0.001486, 0.001517, 0.001453, 0.001668, 0.001544, 0.001727, 0.001573, 0.001666, 0.001514, 0.001667, 0.001635, 0.001637, 0.001667, 0.001670, 0.001577, 0.001639, 0.001455, 0.001578, 0.001549, 0.001582, 0.001460, 0.001432
7 , 0, 0, 0, 0, 0, 0, 0
7 , 0.003864, 0.006884, 0.007711, 0.004937, 0.005172, 0.005750, 0.005325
8 , 0.001847, 0.001787, 0.001663, 0.001605, 0.001452, 0.001638, 0.001515, 0.001761, 0.001455, 0.001610, 0.001518, 0.001643, 0.001461, 0.001554, 0.001368, 0.001552, 0.001429, 0.001613, 0.001366, 0.001765, 0.001367, 0.001611, 0.001486, 0.001517, 0.001453, 0.001668, 0.001544, 0.001727, 0.001573, 0.001666, 0.001514, 0.001667, 0.001635, 0.001637, 0.001667, 0.001670, 0.001577, 0.001639, 0.001455, 0.001578, 0.001549, 0.001582, 0.001460, 0.001432, 0.001432, 0.001436, 0.001374, 0.001378, 0.001408, 0.001502, 0.001443, 0.001411, 0.001286, 0.001283, 0.001528, 0.001440, 0.001529, 0.001376, 0.001407, 0.001343, 0.001436, 0.001373, 0.001495, 0.001309, 0.001554, 0.001430, 0.001641, 0.001635, 0.001484, 0.001422, 0.001605, 0.001480, 0.001663, 0.001570, 0.001782, 0.001598, 0.001690, 0.001536, 0.001720, 0.001566, 0.001750, 0.001628, 0.001719, 0.001658, 0.001811, 0.001627, 0.001750, 0.001688, 0.001783, 0.001538, 0.001722, 0.001600
8 , 0, 0, 2, 2, 2, 0, 0
8 , 0.005479, 0.005396, 0.005522, 0.005135, 0.005056, 0.004792, 0.005144
9 , 0.001408, 0.001502, 0.001443, 0.001411, 0.001286, 0.001283, 0.001528, 0.001440, 0.001529, 0.001376, 0.001407, 0.001343, 0.001436, 0.001373, 0.001495, 0.001309, 0.001554, 0.001430, 0.001641, 0.001635, 0.001484, 0.001422, 0.001605, 0.001480, 0.001663, 0.001570, 0.001782, 0.001598, 0.001690, 0.001536, 0.001720, 0.001566, 0.001750, 0.001628, 0.001719, 0.001658, 0.001811, 0.001627, 0.001750, 0.001688, 0.001783, 0.001538, 0.001722, 0.001600, 0.001755, 0.001604, 0.001729, 0.001547, 0.001735, 0.001461, 0.001619, 0.001406, 0.001500, 0.001318, 0.001441, 0.001379, 0.001473, 0.001321, 0.001445, 0.001380, 0.001504, 0.001501, 0.001470, 0.001406, 0.001498, 0.001526, 0.001465, 0.001496, 0.001463, 0.001462, 0.001430, 0.001522, 0.001521, 0.001520, 0.001580, 0.001549, 0.001489, 0.001612, 0.001518, 0.001580, 0.001487, 0.001668, 0.001575, 0.001699, 0.001575, 0.001729, 0.001574, 0.001605, 0.001514, 0.001667, 0.001481, 0.001757
9 , 0, 0, 0, 0, 0, 0, 0
9 , 0.006338, 0.006752, 0.006924, 0.007814, 0.007635, 0.008301, 0.007964
10 , 0.001406, 0.001500, 0.001318, 0.001441, 0.001379, 0.001473, 0.001321, 0.001445, 0.001380, 0.001504, 0.001501, 0.001470, 0.001406, 0.001498, 0.001526, 0.001465, 0.001496, 0.001463, 0.001462, 0.001430, 0.001522, 0.001521, 0.001520, 0.001580, 0.001549, 0.001489, 0.001612, 0.001518, 0.001580, 0.001487, 0.001668, 0.001575, 0.001699, 0.001575, 0.001729, 0.001574, 0.001605, 0.001514, 0.001667, 0.001481, 0.001757, 0.001573, 0.001695, 0.001664, 0.001726, 0.001421, 0.001576, 0.001543, 0.001668, 0.001396, 0.001610, 0.001458, 0.001646, 0.001555, 0.001528, 0.001373, 0.001589, 0.001435, 0.001498, 0.001495, 0.001585, 0.001521, 0.001612, 0.001427, 0.001612, 0.001580, 0.001639, 0.001454, 0.001757, 0.001574, 0.001574, 0.001513, 0.001666, 0.001633, 0.001726, 0.001634, 0.001601, 0.001601, 0.001632, 0.001631, 0.001601, 0.001724, 0.001632, 0.001603, 0.001541, 0.001695, 0.001635, 0.001606, 0.001516, 0.001610, 0.001487, 0.001553
10 , 0, 0, 0, 0, 0, 0, 0
10 , 0.004466, 0.004886, 0.004484, 0.004619, 0.004446, 0.004378, 0.003559
11 , 0.001543, 0.001668, 0.001396, 0.001610, 0.001458, 0.001646, 0.001555, 0.001528, 0.001373, 0.001589, 0.001435, 0.001498, 0.001495, 0.001585, 0.001521, 0.001612, 0.001427, 0.001612, 0.001580, 0.001639, 0.001454, 0.001757, 0.001574, 0.001574, 0.001513, 0.001666, 0.001633, 0.001726, 0.001634, 0.001601, 0.001601, 0.001632, 0.001631, 0.001601, 0.001724, 0.001632, 0.001603, 0.001541, 0.001695, 0.001635, 0.001606, 0.001516, 0.001610, 0.001487, 0.001553, 0.001402, 0.001587, 0.001434, 0.001565, 0.001385, 0.001512, 0.001363, 0.001429, 0.001334, 0.001401, 0.001339, 0.001342, 0.001280, 0.001528, 0.001307, 0.001522, 0.001244, 0.001515, 0.001480, 0.001569, 0.001475, 0.001533, 0.001468, 0.001559, 0.001464, 0.001585, 0.001489, 0.001640, 0.001575, 0.001696, 0.001664, 0.001754, 0.001752, 0.001783, 0.001782, 0.001659, 0.001690, 0.001629, 0.001601, 0.001692, 0.001755, 0.001665, 0.001699, 0.001612, 0.001522, 0.001491, 0.001614
11 , 0, 0, 0, 0, 0, 0, 0
11 , 0.006609, 0.006566, 0.006447, 0.006126, 0.005843, 0.005770, 0.005222
12 , 0.001587, 0.001434, 0.001565, 0.001385, 0.001512, 0.001363, 0.001429, 0.001334, 0.001401, 0.001339, 0.001342, 0.001280, 0.001528, 0.001307, 0.001522, 0.001244, 0.001515, 0.001480, 0.001569, 0.001475, 0.001533, 0.001468, 0.001559, 0.001464, 0.001585, 0.001489, 0.001640, 0.001575, 0.001696, 0.001664, 0.001754, 0.001752, 0.001783, 0.001782, 0.001659, 0.001690, 0.001629, 0.001601, 0.001692, 0.001755, 0.001665, 0.001699, 0.001612, 0.001522, 0.001491, 0.001614, 0.001431, 0.001556, 0.001463, 0.001526, 0.001493, 0.001554, 0.001432, 0.001585, 0.001430, 0.001522, 0.001492, 0.001554, 0.001310, 0.001560, 0.001374, 0.001498, 0.001377, 0.001472, 0.001437, 0.001528, 0.001403, 0.001584, 0.001368, 0.001580, 0.001546, 0.001575, 0.001422, 0.001604, 0.001602, 0.001753, 0.001661, 0.001693, 0.001631, 0.001724, 0.001694, 0.001665, 0.001606, 0.001576, 0.001486, 0.001489, 0.001492, 0.001552, 0.001465, 0.001406, 0.001498, 0.001467
12 , 0, 0, 0, 0, 0, 0, 0
12 , 0.006660, 0.006851, 0.006901, 0.006606, 0.006509, 0.006476, 0.006155
13 , 0.001463, 0.001526, 0.001493, 0.001554, 0.001432, 0.001585, 0.001430, 0.001522, 0.001492, 0.001554, 0.001310, 0.001560, 0.001374, 0.001498, 0.001377, 0.001472, 0.001437, 0.001528, 0.001403, 0.001584, 0.001368, 0.001580, 0.001546, 0.001575, 0.001422, 0.001604, 0.001602, 0.001753, 0.001661, 0.001693, 0.001631, 0.001724, 0.001694, 0.001665, 0.001606, 0.001576, 0.001486, 0.001489, 0.001492, 0.001552, 0.001465, 0.001406, 0.001498, 0.001467, 0.001471, 0.001378, 0.001440, 0.001377, 0.001501, 0.001349, 0.001537, 0.001384, 0.001416, 0.001261, 0.001508, 0.001322, 0.001476, 0.001444, 0.001506, 0.001349, 0.001559, 0.001341, 0.001647, 0.001462, 0.001673, 0.001487, 0.001610, 0.001636, 0.001726, 0.001479, 0.001632, 0.001662, 0.001632, 0.001692, 0.001633, 0.001664, 0.001788, 0.001636, 0.001790, 0.001577, 0.001578, 0.001576, 0.001577, 0.001608, 0.001549, 0.001579, 0.001583, 0.001553, 0.001553, 0.001644, 0.001613, 0.001553
13 , 0, 0, 0, 0, 0, 0, 0
13 , 0.005457, 0.005038, 0.005145, 0.004709, 0.004035, 0.003700, 0.003242
14 , 0.001440, 0.001377, 0.001501, 0.001349, 0.001537, 0.001384, 0.001416, 0.001261, 0.001508, 0.001322, 0.001476, 0.001444, 0.001506, 0.001349, 0.001559, 0.001341, 0.001647, 0.001462, 0.001673, 0.001487, 0.001610, 0.001636, 0.001726, 0.001479, 0.001632, 0.001662, 0.001632, 0.001692, 0.001633, 0.001664, 0.001788, 0.001636, 0.001790, 0.001577, 0.001578, 0.001576, 0.001577, 0.001608, 0.001549, 0.001579, 0.001583, 0.001553, 0.001553, 0.001644, 0.001613, 0.001553, 0.001522, 0.001552, 0.001580, 0.001582, 0.001427, 0.001611, 0.001546, 0.001607, 0.001544, 0.001634, 0.001540, 0.001754, 0.001663, 0.001664, 0.001602, 0.001665, 0.001543, 0.001697, 0.001574, 0.001669, 0.001488, 0.001612, 0.001401, 0.001529, 0.001471, 0.001563, 0.001349, 0.001571, 0.001358, 0.001579, 0.001429, 0.001492, 0.001400, 0.001439, 0.001315, 0.001314, 0.001343, 0.001433, 0.001278, 0.001455, 0.001392, 0.001361, 0.001419, 0.001415, 0.001471, 0.001468
14 , 3, 3, 3, 3, 3, 3, 3
14 , 0.007798, 0.007678, 0.007515, 0.007094, 0.006831, 0.006452, 0.006333
15 , 0.001522, 0.001552, 0.001580, 0.001582, 0.001427, 0.001611, 0.001546, 0.001607, 0.001544, 0.001634, 0.001540, 0.001754, 0.001663, 0.001664, 0.001602, 0.001665, 0.001543, 0.001697, 0.001574, 0.001669, 0.001488, 0.001612, 0.001401, 0.001529, 0.001471, 0.001563, 0.001349, 0.001571, 0.001358, 0.001579, 0.001429, 0.001492, 0.001400, 0.001439, 0.001315, 0.001314, 0.001343, 0.001433, 0.001278, 0.001455, 0.001392, 0.001361, 0.001419, 0.001415, 0.001471, 0.001468, 0.001377, 0.001496, 0.001496, 0.001435, 0.001465, 0.001400, 0.001582, 0.001549, 0.001609, 0.001514, 0.001634, 0.001664, 0.001756, 0.001570, 0.001693, 0.001661, 0.001814, 0.001538, 0.001692, 0.001570, 0.001784, 0.001599, 0.001783, 0.001691, 0.001783, 0.001660, 0.001846, 0.001662, 0.001632, 0.001509, 0.001753, 0.001601, 0.001754, 0.001601, 0.001632, 0.001632, 0.001725, 0.001542, 0.001635, 0.001635, 0.001574, 0.001484, 0.001485, 0.001517, 0.001610, 0.001457
15 , 2, 2, 2, 1, 1, 1, 1
15 , 0.005181, 0.004826, 0.004416, 0.004293, 0.004381, 0.005036, 0.005363
16 , 0.001582, 0.001549, 0.001609, 0.001514, 0.001634, 0.001664, 0.001756, 0.001570, 0.001693, 0.001661, 0.001814, 0.001538, 0.001692, 0.001570, 0.001784, 0.001599, 0.001783, 0.001691, 0.001783, 0.001660, 0.001846, 0.001662, 0.001632, 0.001509, 0.001753, 0.001601, 0.001754, 0.001601, 0.001632, 0.001632, 0.001725, 0.001542, 0.001635, 0.001635, 0.001574, 0.001484, 0.001485, 0.001517, 0.001610, 0.001457, 0.001519, 0.001550, 0.001488, 0.001609, 0.001580, 0.001580, 0.001486, 0.001611, 0.001488, 0.001520, 0.001397, 0.001459, 0.001427, 0.001428, 0.001395, 0.001608, 0.001457, 0.001639, 0.001394, 0.001457, 0.001393, 0.001578, 0.001364, 0.001518, 0.001456, 0.001518, 0.001364, 0.001578, 0.001516, 0.001606, 0.001422, 0.001516, 0.001424, 0.001486, 0.001363, 0.001484, 0.001421, 0.001545, 0.001484, 0.001606, 0.001421, 0.001545, 0.001514, 0.001513, 0.001482, 0.001546, 0.001455, 0.001578, 0.001394, 0.001455, 0.001485, 0.001455
16 , 2, 2, 2, 2, 2, 2, 2
16 , 0.000572, 0.000881, 0.001380, 0.001916, 0.001962, 0.001919, 0.002215
