0 , 0.001683, 0.001906, 0.001798, 0.001934, 0.001816, 0.001986, 0.002007, 0.001889, 0.001877, 0.001977, 0.002110, 0.002044, 0.002172, 0.001962, 0.002032, 0.002226, 0.002023, 0.002080, 0.001867, 0.002044, 0.002052, 0.001984, 0.001954, 0.001871, 0.002239, 0.001052, 0.001674, 0.001906, 0.001771, 0.001562, 0.001708, 0.001614, 0.001675, 0.001458, 0.001701, 0.001546, 0.001824, 0.001517, 0.001638, 0.001604, 0.001823, 0.001546, 0.001731, 0.001790, 0.001822, 0.001579, 0.001825, 0.001431, 0.001768, 0.001530, 0.001827, 0.000127, 0.001707, 0.001622, 0.001895, 0.001801, 0.002001, 0.001956, 0.002184, 0.002032, 0.002235, 0.002064, 0.002140, 0.002339, 0.002202, 0.002354, 0.002267, 0.002438, 0.002159, 0.002219, 0.002344, 0.002219, 0.002272, 0.002062, 0.002215, 0.001728, 0.000640, 0.001613, 0.001690, 0.001684, 0.001645, 0.001674, 0.001672, 0.001730, 0.001697, 0.001695, 0.001784, 0.001722, 0.001721, 0.001720, 0.001781, 0.001750
0 , 1, 1, 1, 1, 1, 1, 1
0 , 0.004844, 0.006504, 0.008920, 0.010966, 0.012924, 0.014049, 0.016045
1 , 0.001707, 0.001622, 0.001895, 0.001801, 0.002001, 0.001956, 0.002184, 0.002032, 0.002235, 0.002064, 0.002140, 0.002339, 0.002202, 0.002354, 0.002267, 0.002438, 0.002159, 0.002219, 0.002344, 0.002219, 0.002272, 0.002062, 0.002215, 0.001728, 0.000640, 0.001613, 0.001690, 0.001684, 0.001645, 0.001674, 0.001672, 0.001730, 0.001697, 0.001695, 0.001784, 0.001722, 0.001721, 0.001720, 0.001781, 0.001750, 0.001842, 0.001720, 0.001750, 0.001811, 0.001810, 0.001783, 0.001780, 0.000773, 0.001145, 0.001680, 0.001588, 0.001563, 0.001873, 0.001735, 0.001899, 0.001778, 0.002010, 0.002043, 0.001998, 0.002092, 0.001866, 0.002068, 0.001962, 0.002018, 0.001929, 0.001860, 0.002136, 0.001981, 0.002028, 0.001994, 0.002026, 0.002245, 0.000127, 0.001812, 0.001600, 0.001632, 0.001446, 0.001534, 0.001288, 0.001359, 0.001230, 0.001566, 0.001223, 0.001411, 0.001286, 0.001408, 0.001225, 0.001564, 0.001404, 0.001526, 0.001405, 0.001498
1 , 1, 1, 1, 1, 1, 1, 1
1 , 0.011567, 0.013385, 0.015121, 0.018113, 0.022528, 0.020798, 0.019082
2 , 0.001588, 0.001563, 0.001873, 0.001735, 0.001899, 0.001778, 0.002010, 0.002043, 0.001998, 0.002092, 0.001866, 0.002068, 0.001962, 0.002018, 0.001929, 0.001860, 0.002136, 0.001981, 0.002028, 0.001994, 0.002026, 0.002245, 0.000127, 0.001812, 0.001600, 0.001632, 0.001446, 0.001534, 0.001288, 0.001359, 0.001230, 0.001566, 0.001223, 0.001411, 0.001286, 0.001408, 0.001225, 0.001564, 0.001404, 0.001526, 0.001405, 0.001498, 0.001252, 0.001527, 0.001366, 0.001641, 0.001424, 0.001496, 0.000872, 0.001658, 0.001764, 0.001708, 0.001758, 0.001645, 0.001692, 0.001949, 0.001800, 0.001846, 0.001689, 0.001840, 0.001772, 0.001622, 0.001627, 0.001574, 0.001708, 0.001680, 0.001753, 0.001713, 0.001781, 0.001839, 0.001674, 0.001865, 0.000715, 0.001382, 0.002033, 0.001968, 0.001850, 0.001696, 0.001883, 0.001672, 0.001705, 0.001494, 0.001683, 0.001441, 0.001659, 0.001505, 0.001539, 0.001477, 0.001539, 0.001471, 0.001775, 0.001526
2 , 1, 1, 1, 1, 1, 1, 1
2 , 0.008632, 0.011207, 0.012736, 0.014520, 0.012215, 0.012442, 0.011599
3 , 0.001658, 0.001764, 0.001708, 0.001758, 0.001645, 0.001692, 0.001949, 0.001800, 0.001846, 0.001689, 0.001840, 0.001772, 0.001622, 0.001627, 0.001574, 0.001708, 0.001680, 0.001753, 0.001713, 0.001781, 0.001839, 0.001674, 0.001865, 0.000715, 0.001382, 0.002033, 0.001968, 0.001850, 0.001696, 0.001883, 0.001672, 0.001705, 0.001494, 0.001683, 0.001441, 0.001659, 0.001505, 0.001539, 0.001477, 0.001539, 0.001471, 0.001775, 0.001526, 0.001709, 0.001519, 0.001618, 0.001729, 0.000069, 0.001515, 0.001609, 0.001534, 0.001578, 0.001879, 0.001598, 0.001869, 0.001700, 0.001836, 0.001899, 0.001949, 0.001812, 0.001841, 0.002217, 0.001959, 0.002216, 0.002205, 0.002310, 0.002374, 0.002316, 0.002300, 0.002157, 0.002300, 0.002154, 0.000673, 0.001784, 0.001420, 0.001273, 0.001385, 0.001253, 0.001274, 0.001481, 0.001476, 0.001621, 0.001554, 0.001551, 0.001790, 0.001758, 0.001663, 0.001784, 0.001814, 0.001752, 0.001630, 0.001658
3 , 1, 1, 1, 1, 1, 1, 1
3 , 0.004395, 0.006342, 0.007974, 0.009934, 0.014274, 0.010415, 0.010011
4 , 0.001534, 0.001578, 0.001879, 0.001598, 0.001869, 0.001700, 0.001836, 0.001899, 0.001949, 0.001812, 0.001841, 0.002217, 0.001959, 0.002216, 0.002205, 0.002310, 0.002374, 0.002316, 0.002300, 0.002157, 0.002300, 0.002154, 0.000673, 0.001784, 0.001420, 0.001273, 0.001385, 0.001253, 0.001274, 0.001481, 0.001476, 0.001621, 0.001554, 0.001551, 0.001790, 0.001758, 0.001663, 0.001784, 0.001814, 0.001752, 0.001630, 0.001658, 0.001901, 0.001840, 0.001809, 0.001688, 0.001870, 0.001052, 0.001147, 0.001374, 0.001711, 0.001374, 0.001585, 0.001353, 0.001571, 0.001738, 0.001810, 0.001898, 0.001838, 0.002048, 0.001908, 0.002082, 0.001905, 0.002035, 0.002192, 0.002056, 0.002070, 0.001896, 0.002064, 0.002139, 0.001932, 0.002007, 0.000320, 0.001395, 0.001591, 0.001442, 0.001422, 0.001416, 0.001391, 0.001263, 0.001451, 0.001178, 0.001397, 0.001178, 0.001301, 0.001209, 0.001453, 0.001146, 0.001420, 0.001232, 0.001351, 0.001316
4 , 1, 1, 1, 1, 1, 1, 1
4 , 0.011534, 0.015056, 0.017693, 0.019198, 0.019570, 0.018565, 0.018016
5 , 0.001711, 0.001374, 0.001585, 0.001353, 0.001571, 0.001738, 0.001810, 0.001898, 0.001838, 0.002048, 0.001908, 0.002082, 0.001905, 0.002035, 0.002192, 0.002056, 0.002070, 0.001896, 0.002064, 0.002139, 0.001932, 0.002007, 0.000320, 0.001395, 0.001591, 0.001442, 0.001422, 0.001416, 0.001391, 0.001263, 0.001451, 0.001178, 0.001397, 0.001178, 0.001301, 0.001209, 0.001453, 0.001146, 0.001420, 0.001232, 0.001351, 0.001316, 0.001350, 0.001340, 0.001551, 0.001187, 0.000773, 0.001852, 0.001731, 0.001642, 0.001785, 0.001763, 0.001779, 0.001820, 0.001792, 0.001929, 0.001815, 0.001898, 0.001706, 0.001832, 0.001918, 0.001875, 0.001837, 0.001877, 0.002034, 0.001858, 0.001921, 0.001855, 0.001885, 0.002158, 0.001054, 0.001714, 0.001710, 0.001673, 0.001522, 0.001490, 0.001311, 0.001375, 0.001188, 0.001460, 0.001302, 0.001365, 0.001273, 0.001518, 0.001418, 0.001631, 0.001386, 0.001629, 0.001291, 0.001504, 0.001503, 0.001659
5 , 1, 1, 1, 1, 1, 1, 1
5 , 0.014740, 0.017132, 0.020287, 0.021830, 0.019070, 0.018882, 0.019278
6 , 0.001642, 0.001785, 0.001763, 0.001779, 0.001820, 0.001792, 0.001929, 0.001815, 0.001898, 0.001706, 0.001832, 0.001918, 0.001875, 0.001837, 0.001877, 0.002034, 0.001858, 0.001921, 0.001855, 0.001885, 0.002158, 0.001054, 0.001714, 0.001710, 0.001673, 0.001522, 0.001490, 0.001311, 0.001375, 0.001188, 0.001460, 0.001302, 0.001365, 0.001273, 0.001518, 0.001418, 0.001631, 0.001386, 0.001629, 0.001291, 0.001504, 0.001503, 0.001659, 0.001411, 0.001563, 0.001263, 0.001678, 0.000149, 0.001686, 0.001747, 0.001841, 0.001742, 0.001816, 0.001902, 0.001985, 0.001731, 0.001977, 0.001852, 0.002013, 0.002013, 0.001938, 0.001907, 0.001948, 0.002018, 0.001967, 0.002049, 0.002038, 0.001998, 0.002014, 0.001895, 0.002016, 0.001828, 0.000460, 0.001660, 0.001618, 0.001626, 0.001528, 0.001438, 0.001346, 0.001372, 0.001400, 0.001403, 0.001409, 0.001405, 0.001523, 0.001490, 0.001457, 0.001578, 0.001448, 0.001538, 0.001505, 0.001502
6 , 1, 1, 1, 1, 1, 1, 1
6 , 0.012767, 0.015128, 0.017350, 0.016901, 0.020488, 0.018083, 0.017734
7 , 0.001841, 0.001742, 0.001816, 0.001902, 0.001985, 0.001731, 0.001977, 0.001852, 0.002013, 0.002013, 0.001938, 0.001907, 0.001948, 0.002018, 0.001967, 0.002049, 0.002038, 0.001998, 0.002014, 0.001895, 0.002016, 0.001828, 0.000460, 0.001660, 0.001618, 0.001626, 0.001528, 0.001438, 0.001346, 0.001372, 0.001400, 0.001403, 0.001409, 0.001405, 0.001523, 0.001490, 0.001457, 0.001578, 0.001448, 0.001538, 0.001505, 0.001502, 0.001556, 0.001589, 0.001759, 0.000841, 0.001271, 0.001574, 0.001502, 0.001489, 0.001662, 0.001607, 0.001744, 0.001629, 0.001865, 0.001865, 0.001859, 0.001833, 0.001783, 0.002079, 0.001960, 0.002061, 0.001971, 0.002102, 0.002266, 0.001989, 0.002216, 0.002200, 0.002319, 0.002295, 0.002266, 0.002291, 0.000403, 0.001379, 0.001668, 0.001624, 0.001525, 0.001458, 0.001574, 0.001413, 0.001683, 0.001465, 0.001677, 0.001486, 0.001669, 0.001543, 0.001788, 0.001573, 0.001726, 0.001633, 0.001788, 0.001603
7 , 1, 1, 1, 1, 1, 1, 1
7 , 0.011042, 0.014168, 0.017634, 0.019928, 0.018836, 0.016672, 0.015960
8 , 0.001489, 0.001662, 0.001607, 0.001744, 0.001629, 0.001865, 0.001865, 0.001859, 0.001833, 0.001783, 0.002079, 0.001960, 0.002061, 0.001971, 0.002102, 0.002266, 0.001989, 0.002216, 0.002200, 0.002319, 0.002295, 0.002266, 0.002291, 0.000403, 0.001379, 0.001668, 0.001624, 0.001525, 0.001458, 0.001574, 0.001413, 0.001683, 0.001465, 0.001677, 0.001486, 0.001669, 0.001543, 0.001788, 0.001573, 0.001726, 0.001633, 0.001788, 0.001603, 0.001607, 0.001544, 0.001912, 0.001574, 0.001637, 0.001638, 0.001728, 0.001573, 0.001698, 0.001606, 0.001791, 0.001575, 0.001791, 0.001516, 0.001730, 0.001666, 0.001758, 0.001666, 0.001757, 0.001695, 0.001728, 0.001730, 0.001730, 0.001762, 0.001762, 0.001671, 0.001671, 0.001611, 0.001672, 0.001608, 0.001577, 0.001636, 0.001665, 0.001695, 0.001726, 0.001572, 0.001694, 0.001756, 0.001573, 0.001667, 0.001639, 0.001609, 0.001612, 0.001703, 0.001523, 0.001585, 0.001525, 0.001590, 0.001528
8 , 1, 1, 1, 1, 1, 1, 1
8 , 0.005172, 0.007267, 0.008212, 0.009786, 0.011391, 0.008977, 0.008234
9 , 0.001573, 0.001698, 0.001606, 0.001791, 0.001575, 0.001791, 0.001516, 0.001730, 0.001666, 0.001758, 0.001666, 0.001757, 0.001695, 0.001728, 0.001730, 0.001730, 0.001762, 0.001762, 0.001671, 0.001671, 0.001611, 0.001672, 0.001608, 0.001577, 0.001636, 0.001665, 0.001695, 0.001726, 0.001572, 0.001694, 0.001756, 0.001573, 0.001667, 0.001639, 0.001609, 0.001612, 0.001703, 0.001523, 0.001585, 0.001525, 0.001590, 0.001528, 0.001559, 0.001499, 0.001591, 0.001529, 0.001621, 0.001562, 0.001441, 0.001470, 0.001685, 0.001405, 0.001589, 0.001374, 0.001587, 0.001521, 0.001582, 0.001611, 0.001675, 0.001429, 0.001641, 0.001547, 0.001641, 0.001609, 0.001670, 0.001577, 0.001701, 0.001515, 0.001732, 0.001548, 0.001700, 0.001487, 0.001641, 0.001549, 0.001671, 0.001607, 0.001733, 0.001699, 0.001791, 0.001607, 0.001759, 0.001453, 0.001759, 0.001666, 0.001821, 0.001699, 0.001793, 0.001547, 0.001791, 0.001667, 0.001763, 0.001668
9 , 2, 2, 2, 2, 2, 2, 2
9 , 0.004008, 0.003916, 0.004168, 0.004053, 0.004422, 0.004080, 0.004405
10 , 0.001685, 0.001405, 0.001589, 0.001374, 0.001587, 0.001521, 0.001582, 0.001611, 0.001675, 0.001429, 0.001641, 0.001547, 0.001641, 0.001609, 0.001670, 0.001577, 0.001701, 0.001515, 0.001732, 0.001548, 0.001700, 0.001487, 0.001641, 0.001549, 0.001671, 0.001607, 0.001733, 0.001699, 0.001791, 0.001607, 0.001759, 0.001453, 0.001759, 0.001666, 0.001821, 0.001699, 0.001793, 0.001547, 0.001791, 0.001667, 0.001763, 0.001668, 0.001699, 0.001484, 0.001759, 0.001602, 0.001816, 0.001480, 0.001725, 0.001663, 0.001756, 0.001664, 0.001698, 0.001546, 0.001732, 0.001641, 0.001676, 0.001524, 0.001620, 0.001472, 0.001598, 0.001538, 0.001600, 0.001448, 0.001453, 0.001483, 0.001544, 0.001422, 0.001392, 0.001395, 0.001456, 0.001451, 0.001482, 0.001572, 0.001537, 0.001596, 0.001595, 0.001684, 0.001559, 0.001710, 0.001553, 0.001580, 0.001549, 0.001640, 0.001635, 0.001667, 0.001696, 0.001758, 0.001604, 0.001758, 0.001544, 0.001670
10 , 3, 0, 0, 0, 0, 0, 0
10 , 0.002742, 0.002641, 0.002642, 0.003529, 0.003630, 0.004096, 0.004078
11 , 0.001664, 0.001698, 0.001546, 0.001732, 0.001641, 0.001676, 0.001524, 0.001620, 0.001472, 0.001598, 0.001538, 0.001600, 0.001448, 0.001453, 0.001483, 0.001544, 0.001422, 0.001392, 0.001395, 0.001456, 0.001451, 0.001482, 0.001572, 0.001537, 0.001596, 0.001595, 0.001684, 0.001559, 0.001710, 0.001553, 0.001580, 0.001549, 0.001640, 0.001635, 0.001667, 0.001696, 0.001758, 0.001604, 0.001758, 0.001544, 0.001670, 0.001641, 0.001674, 0.001552, 0.001798, 0.001524, 0.001588, 0.001496, 0.001590, 0.001526, 0.001712, 0.001556, 0.001560, 0.001465, 0.001741, 0.001557, 0.001743, 0.001493, 0.001677, 0.001554, 0.001679, 0.001559, 0.001714, 0.001467, 0.001621, 0.001344, 0.001623, 0.001468, 0.001591, 0.001529, 0.001502, 0.001413, 0.001536, 0.001447, 0.001545, 0.001481, 0.001483, 0.001515, 0.001490, 0.001365, 0.001396, 0.001365, 0.001490, 0.001518, 0.001362, 0.001419, 0.001478, 0.001444, 0.001506, 0.001505, 0.001504, 0.001530
11 , 3, 3, 3, 3, 3, 3, 3
11 , 0.003396, 0.003887, 0.004201, 0.004467, 0.004255, 0.004452, 0.004230
12 , 0.001526, 0.001712, 0.001556, 0.001560, 0.001465, 0.001741, 0.001557, 0.001743, 0.001493, 0.001677, 0.001554, 0.001679, 0.001559, 0.001714, 0.001467, 0.001621, 0.001344, 0.001623, 0.001468, 0.001591, 0.001529, 0.001502, 0.001413, 0.001536, 0.001447, 0.001545, 0.001481, 0.001483, 0.001515, 0.001490, 0.001365, 0.001396, 0.001365, 0.001490, 0.001518, 0.001362, 0.001419, 0.001478, 0.001444, 0.001506, 0.001505, 0.001504, 0.001530, 0.001559, 0.001500, 0.001469, 0.001591, 0.001560, 0.001593, 0.001622, 0.001593, 0.001591, 0.001743, 0.001527, 0.001621, 0.001527, 0.001559, 0.001595, 0.001568, 0.001446, 0.001511, 0.001449, 0.001633, 0.001420, 0.001608, 0.001365, 0.001523, 0.001429, 0.001522, 0.001402, 0.001526, 0.001339, 0.001466, 0.001396, 0.001669, 0.001388, 0.001600, 0.001440, 0.001591, 0.001464, 0.001646, 0.001491, 0.001552, 0.001427, 0.001673, 0.001579, 0.001793, 0.001578, 0.001700, 0.001608, 0.001699, 0.001636
12 , 1, 1, 2, 2, 2, 2, 2
12 , 0.002557, 0.002589, 0.002823, 0.002821, 0.003140, 0.003203, 0.003505
13 , 0.001743, 0.001527, 0.001621, 0.001527, 0.001559, 0.001595, 0.001568, 0.001446, 0.001511, 0.001449, 0.001633, 0.001420, 0.001608, 0.001365, 0.001523, 0.001429, 0.001522, 0.001402, 0.001526, 0.001339, 0.001466, 0.001396, 0.001669, 0.001388, 0.001600, 0.001440, 0.001591, 0.001464, 0.001646, 0.001491, 0.001552, 0.001427, 0.001673, 0.001579, 0.001793, 0.001578, 0.001700, 0.001608, 0.001699, 0.001636, 0.001697, 0.001635, 0.001757, 0.001694, 0.001785, 0.001661, 0.001907, 0.001784, 0.001815, 0.001816, 0.001786, 0.001664, 0.001603, 0.001758, 0.001727, 0.001697, 0.001638, 0.001607, 0.001579, 0.001643, 0.001614, 0.001619, 0.001589, 0.001559, 0.001560, 0.001592, 0.001440, 0.001593, 0.001410, 0.001625, 0.001502, 0.001447, 0.001473, 0.001539, 0.001447, 0.001538, 0.001415, 0.001599, 0.001380, 0.001597, 0.001475, 0.001566, 0.001441, 0.001447, 0.001445, 0.001628, 0.001473, 0.001623, 0.001498, 0.001683, 0.001525, 0.001617
13 , 3, 3, 3, 3, 3, 3, 3
13 , 0.004762, 0.004843, 0.005228, 0.005416, 0.005189, 0.005299, 0.005305
14 , 0.001816, 0.001786, 0.001664, 0.001603, 0.001758, 0.001727, 0.001697, 0.001638, 0.001607, 0.001579, 0.001643, 0.001614, 0.001619, 0.001589, 0.001559, 0.001560, 0.001592, 0.001440, 0.001593, 0.001410, 0.001625, 0.001502, 0.001447, 0.001473, 0.001539, 0.001447, 0.001538, 0.001415, 0.001599, 0.001380, 0.001597, 0.001475, 0.001566, 0.001441, 0.001447, 0.001445, 0.001628, 0.001473, 0.001623, 0.001498, 0.001683, 0.001525, 0.001617, 0.001524, 0.001586, 0.001492, 0.001645, 0.001462, 0.001622, 0.001467, 0.001562, 0.001346, 0.001591, 0.001439, 0.001502, 0.001319, 0.001481, 0.001421, 0.001457, 0.001457, 0.001580, 0.001398, 0.001463, 0.001464, 0.001312, 0.001345, 0.001406, 0.001465, 0.001440, 0.001379, 0.001414, 0.001324, 0.001473, 0.001380, 0.001382, 0.001406, 0.001316, 0.001499, 0.001405, 0.001406, 0.001437, 0.001524, 0.001487, 0.001610, 0.001547, 0.001605, 0.001512, 0.001571, 0.001473, 0.001536, 0.001563, 0.001744
14 , 1, 2, 2, 2, 2, 2, 2
14 , 0.003362, 0.002753, 0.003024, 0.003129, 0.003146, 0.003131, 0.003428
15 , 0.001591, 0.001439, 0.001502, 0.001319, 0.001481, 0.001421, 0.001457, 0.001457, 0.001580, 0.001398, 0.001463, 0.001464, 0.001312, 0.001345, 0.001406, 0.001465, 0.001440, 0.001379, 0.001414, 0.001324, 0.001473, 0.001380, 0.001382, 0.001406, 0.001316, 0.001499, 0.001405, 0.001406, 0.001437, 0.001524, 0.001487, 0.001610, 0.001547, 0.001605, 0.001512, 0.001571, 0.001473, 0.001536, 0.001563, 0.001744, 0.001587, 0.001770, 0.001643, 0.001766, 0.001579, 0.001763, 0.001670, 0.001762, 0.001668, 0.001761, 0.001577, 0.001791, 0.001543, 0.001788, 0.001664, 0.001754, 0.001661, 0.001875, 0.001630, 0.001753, 0.001721, 0.001843, 0.001750, 0.001964, 0.001719, 0.001780, 0.001718, 0.001841, 0.001719, 0.001903, 0.001688, 0.001749, 0.001901, 0.002023, 0.001809, 0.001810, 0.001963, 0.001902, 0.001720, 0.001753, 0.001631, 0.001725, 0.001727, 0.001638, 0.001640, 0.001672, 0.001582, 0.001521, 0.001677, 0.001614, 0.001616, 0.001615
15 , 0, 3, 3, 3, 3, 3, 3
15 , 0.001435, 0.002062, 0.002868, 0.003215, 0.003867, 0.004653, 0.005834
16 , 0.001543, 0.001788, 0.001664, 0.001754, 0.001661, 0.001875, 0.001630, 0.001753, 0.001721, 0.001843, 0.001750, 0.001964, 0.001719, 0.001780, 0.001718, 0.001841, 0.001719, 0.001903, 0.001688, 0.001749, 0.001901, 0.002023, 0.001809, 0.001810, 0.001963, 0.001902, 0.001720, 0.001753, 0.001631, 0.001725, 0.001727, 0.001638, 0.001640, 0.001672, 0.001582, 0.001521, 0.001677, 0.001614, 0.001616, 0.001615, 0.001673, 0.001642, 0.001733, 0.001611, 0.001676, 0.001551, 0.001644, 0.001612, 0.001673, 0.001580, 0.001702, 0.001640, 0.001702, 0.001549, 0.001826, 0.001672, 0.001704, 0.001463, 0.001617, 0.001584, 0.001737, 0.001612, 0.001828, 0.001641, 0.001671, 0.001547, 0.001822, 0.001668, 0.001761, 0.001640, 0.001736, 0.001430, 0.001555, 0.001525, 0.001618, 0.001585, 0.001739, 0.001553, 0.001583, 0.001488, 0.001852, 0.001757, 0.001849, 0.001754, 0.001813, 0.001719, 0.001962, 0.001870, 0.001961, 0.001962, 0.001932, 0.001964
16 , 2, 2, 2, 2, 2, 2, 2
16 , 0.001870, 0.002047, 0.002924, 0.003671, 0.004911, 0.005754, 0.007086
