0 , 0.001533, 0.001835, 0.001665, 0.001682, 0.001631, 0.001756, 0.001948, 0.001943, 0.001844, 0.001652, 0.001951, 0.001929, 0.002078, 0.001860, 0.001886, 0.002085, 0.001992, 0.002050, 0.001920, 0.002189, 0.002184, 0.002048, 0.002039, 0.000137, 0.001491, 0.001767, 0.001678, 0.001617, 0.001432, 0.001524, 0.001430, 0.001522, 0.001278, 0.001430, 0.001334, 0.001641, 0.001488, 0.001519, 0.001424, 0.001608, 0.001363, 0.001577, 0.001393, 0.001516, 0.001363, 0.001543, 0.001040, 0.000993, 0.001837, 0.001830, 0.001751, 0.001974, 0.002050, 0.001986, 0.001939, 0.001820, 0.002104, 0.002015, 0.002098, 0.001822, 0.001837, 0.001948, 0.001707, 0.001768, 0.001765, 0.002049, 0.001932, 0.001887, 0.001854, 0.001646, 0.001962, 0.000686, 0.001870, 0.001810, 0.001870, 0.001657, 0.001810, 0.001597, 0.001660, 0.001447, 0.001631, 0.001538, 0.001601, 0.001418, 0.001605, 0.001389, 0.001451, 0.001420, 0.001571, 0.001418, 0.001573, 0.001388
0 , 1, 1, 1, 1, 1, 1, 1
0 , 0.009929, 0.012270, 0.014759, 0.017670, 0.018058, 0.015082, 0.014728
1 , 0.001751, 0.001974, 0.002050, 0.001986, 0.001939, 0.001820, 0.002104, 0.002015, 0.002098, 0.001822, 0.001837, 0.001948, 0.001707, 0.001768, 0.001765, 0.002049, 0.001932, 0.001887, 0.001854, 0.001646, 0.001962, 0.000686, 0.001870, 0.001810, 0.001870, 0.001657, 0.001810, 0.001597, 0.001660, 0.001447, 0.001631, 0.001538, 0.001601, 0.001418, 0.001605, 0.001389, 0.001451, 0.001420, 0.001571, 0.001418, 0.001573, 0.001388, 0.001542, 0.001481, 0.001632, 0.001299, 0.001661, 0.000370, 0.001685, 0.001631, 0.001799, 0.001725, 0.001753, 0.001594, 0.001856, 0.001861, 0.001978, 0.001849, 0.001938, 0.001981, 0.001844, 0.001882, 0.001844, 0.001983, 0.002004, 0.001943, 0.001903, 0.001758, 0.002022, 0.001828, 0.001949, 0.001407, 0.000832, 0.001790, 0.001694, 0.001666, 0.001664, 0.001725, 0.001603, 0.001573, 0.001480, 0.001572, 0.001481, 0.001575, 0.001544, 0.001543, 0.001544, 0.001576, 0.001423, 0.001515, 0.001575, 0.001453
1 , 1, 1, 1, 1, 1, 1, 1
1 , 0.010208, 0.011772, 0.013343, 0.012007, 0.014620, 0.013106, 0.013455
2 , 0.001799, 0.001725, 0.001753, 0.001594, 0.001856, 0.001861, 0.001978, 0.001849, 0.001938, 0.001981, 0.001844, 0.001882, 0.001844, 0.001983, 0.002004, 0.001943, 0.001903, 0.001758, 0.002022, 0.001828, 0.001949, 0.001407, 0.000832, 0.001790, 0.001694, 0.001666, 0.001664, 0.001725, 0.001603, 0.001573, 0.001480, 0.001572, 0.001481, 0.001575, 0.001544, 0.001543, 0.001544, 0.001576, 0.001423, 0.001515, 0.001575, 0.001453, 0.001450, 0.001454, 0.001660, 0.000426, 0.001467, 0.001703, 0.001695, 0.001485, 0.001843, 0.001931, 0.001934, 0.001817, 0.001974, 0.002063, 0.001913, 0.002071, 0.001814, 0.002121, 0.001959, 0.002080, 0.002062, 0.001896, 0.002137, 0.002007, 0.002123, 0.001985, 0.002126, 0.002117, 0.001905, 0.002084, 0.000131, 0.001373, 0.001562, 0.001562, 0.001559, 0.001433, 0.001459, 0.001245, 0.001397, 0.001299, 0.001574, 0.001450, 0.001572, 0.001569, 0.001691, 0.001506, 0.001629, 0.001446, 0.001661, 0.001479
2 , 1, 1, 1, 1, 1, 1, 1
2 , 0.012214, 0.014987, 0.018921, 0.019500, 0.018494, 0.015798, 0.015721
3 , 0.001485, 0.001843, 0.001931, 0.001934, 0.001817, 0.001974, 0.002063, 0.001913, 0.002071, 0.001814, 0.002121, 0.001959, 0.002080, 0.002062, 0.001896, 0.002137, 0.002007, 0.002123, 0.001985, 0.002126, 0.002117, 0.001905, 0.002084, 0.000131, 0.001373, 0.001562, 0.001562, 0.001559, 0.001433, 0.001459, 0.001245, 0.001397, 0.001299, 0.001574, 0.001450, 0.001572, 0.001569, 0.001691, 0.001506, 0.001629, 0.001446, 0.001661, 0.001479, 0.001634, 0.001422, 0.001487, 0.001276, 0.001492, 0.001085, 0.001014, 0.002034, 0.002059, 0.001873, 0.002106, 0.002009, 0.002048, 0.002042, 0.002015, 0.002363, 0.002020, 0.002314, 0.001993, 0.002267, 0.002090, 0.002037, 0.002134, 0.001863, 0.002210, 0.002025, 0.002104, 0.001870, 0.001852, 0.002023, 0.000887, 0.001687, 0.001905, 0.001780, 0.001688, 0.001749, 0.001687, 0.001749, 0.001473, 0.001840, 0.001687, 0.001901, 0.001596, 0.001810, 0.001626, 0.001810, 0.001597, 0.001690, 0.001568
3 , 1, 1, 1, 1, 1, 1, 1
3 , 0.012125, 0.014519, 0.016594, 0.018328, 0.019946, 0.018758, 0.017592
4 , 0.002034, 0.002059, 0.001873, 0.002106, 0.002009, 0.002048, 0.002042, 0.002015, 0.002363, 0.002020, 0.002314, 0.001993, 0.002267, 0.002090, 0.002037, 0.002134, 0.001863, 0.002210, 0.002025, 0.002104, 0.001870, 0.001852, 0.002023, 0.000887, 0.001687, 0.001905, 0.001780, 0.001688, 0.001749, 0.001687, 0.001749, 0.001473, 0.001840, 0.001687, 0.001901, 0.001596, 0.001810, 0.001626, 0.001810, 0.001597, 0.001690, 0.001568, 0.001784, 0.001482, 0.001728, 0.001367, 0.001789, 0.000420, 0.001760, 0.001648, 0.001803, 0.001897, 0.001974, 0.001897, 0.002195, 0.002079, 0.002032, 0.001960, 0.002104, 0.002012, 0.002012, 0.002018, 0.001866, 0.002136, 0.001968, 0.002029, 0.001993, 0.001973, 0.002079, 0.001907, 0.002045, 0.001643, 0.000594, 0.001715, 0.001675, 0.001738, 0.001491, 0.001431, 0.001427, 0.001520, 0.001459, 0.001429, 0.001396, 0.001456, 0.001423, 0.001605, 0.001482, 0.001574, 0.001573, 0.001544, 0.001545, 0.001577
4 , 1, 1, 1, 1, 1, 1, 1
4 , 0.012245, 0.014117, 0.016308, 0.017934, 0.020969, 0.016863, 0.017071
5 , 0.001803, 0.001897, 0.001974, 0.001897, 0.002195, 0.002079, 0.002032, 0.001960, 0.002104, 0.002012, 0.002012, 0.002018, 0.001866, 0.002136, 0.001968, 0.002029, 0.001993, 0.001973, 0.002079, 0.001907, 0.002045, 0.001643, 0.000594, 0.001715, 0.001675, 0.001738, 0.001491, 0.001431, 0.001427, 0.001520, 0.001459, 0.001429, 0.001396, 0.001456, 0.001423, 0.001605, 0.001482, 0.001574, 0.001573, 0.001544, 0.001545, 0.001577, 0.001424, 0.001488, 0.001427, 0.001341, 0.001546, 0.000539, 0.001471, 0.001970, 0.001883, 0.001835, 0.001990, 0.001985, 0.001993, 0.001883, 0.002139, 0.001979, 0.002162, 0.001996, 0.002054, 0.002281, 0.002024, 0.002178, 0.002049, 0.002090, 0.002051, 0.002051, 0.002092, 0.001938, 0.002191, 0.002311, 0.000093, 0.001905, 0.001563, 0.001654, 0.001589, 0.001588, 0.001556, 0.001495, 0.001464, 0.001586, 0.001615, 0.001554, 0.001431, 0.001555, 0.001461, 0.001522, 0.001580, 0.001641, 0.001518, 0.001638
5 , 1, 1, 1, 1, 1, 1, 1
5 , 0.014865, 0.017949, 0.019954, 0.021247, 0.022569, 0.019677, 0.019349
6 , 0.001883, 0.001835, 0.001990, 0.001985, 0.001993, 0.001883, 0.002139, 0.001979, 0.002162, 0.001996, 0.002054, 0.002281, 0.002024, 0.002178, 0.002049, 0.002090, 0.002051, 0.002051, 0.002092, 0.001938, 0.002191, 0.002311, 0.000093, 0.001905, 0.001563, 0.001654, 0.001589, 0.001588, 0.001556, 0.001495, 0.001464, 0.001586, 0.001615, 0.001554, 0.001431, 0.001555, 0.001461, 0.001522, 0.001580, 0.001641, 0.001518, 0.001638, 0.001607, 0.001668, 0.001573, 0.001465, 0.001093, 0.001666, 0.001741, 0.001695, 0.001805, 0.001640, 0.001873, 0.001906, 0.001736, 0.001713, 0.001774, 0.001978, 0.001895, 0.002052, 0.001908, 0.002007, 0.002096, 0.001920, 0.002070, 0.001844, 0.002108, 0.001981, 0.001984, 0.002078, 0.000958, 0.001201, 0.001821, 0.001691, 0.001692, 0.001506, 0.001597, 0.001505, 0.001628, 0.001536, 0.001751, 0.001507, 0.001753, 0.001480, 0.001575, 0.001425, 0.001555, 0.001255, 0.001327, 0.001241, 0.001493, 0.001215
6 , 1, 1, 1, 1, 1, 1, 1
6 , 0.013687, 0.016605, 0.019251, 0.020418, 0.016289, 0.017234, 0.017161
7 , 0.001695, 0.001805, 0.001640, 0.001873, 0.001906, 0.001736, 0.001713, 0.001774, 0.001978, 0.001895, 0.002052, 0.001908, 0.002007, 0.002096, 0.001920, 0.002070, 0.001844, 0.002108, 0.001981, 0.001984, 0.002078, 0.000958, 0.001201, 0.001821, 0.001691, 0.001692, 0.001506, 0.001597, 0.001505, 0.001628, 0.001536, 0.001751, 0.001507, 0.001753, 0.001480, 0.001575, 0.001425, 0.001555, 0.001255, 0.001327, 0.001241, 0.001493, 0.001215, 0.001500, 0.001189, 0.001201, 0.001243, 0.000329, 0.002010, 0.002003, 0.001870, 0.002051, 0.001880, 0.001899, 0.001962, 0.001953, 0.002098, 0.002005, 0.002010, 0.001883, 0.002185, 0.002007, 0.001977, 0.001977, 0.001698, 0.001832, 0.001815, 0.001926, 0.001754, 0.001877, 0.001959, 0.001676, 0.001109, 0.001763, 0.001664, 0.001728, 0.001695, 0.001632, 0.001694, 0.001630, 0.001753, 0.001539, 0.001630, 0.001478, 0.001631, 0.001355, 0.001601, 0.001510, 0.001604, 0.001360, 0.001575, 0.001485
7 , 1, 1, 1, 1, 1, 1, 1
7 , 0.010949, 0.013594, 0.015863, 0.015984, 0.017775, 0.016376, 0.015938
8 , 0.001870, 0.002051, 0.001880, 0.001899, 0.001962, 0.001953, 0.002098, 0.002005, 0.002010, 0.001883, 0.002185, 0.002007, 0.001977, 0.001977, 0.001698, 0.001832, 0.001815, 0.001926, 0.001754, 0.001877, 0.001959, 0.001676, 0.001109, 0.001763, 0.001664, 0.001728, 0.001695, 0.001632, 0.001694, 0.001630, 0.001753, 0.001539, 0.001630, 0.001478, 0.001631, 0.001355, 0.001601, 0.001510, 0.001604, 0.001360, 0.001575, 0.001485, 0.001609, 0.001433, 0.001700, 0.000626, 0.001512, 0.001803, 0.001905, 0.001877, 0.001866, 0.001940, 0.002188, 0.002049, 0.002213, 0.002077, 0.002295, 0.002195, 0.002161, 0.002106, 0.002045, 0.002338, 0.002045, 0.002153, 0.002148, 0.002189, 0.002095, 0.002134, 0.002246, 0.002222, 0.000519, 0.001473, 0.001388, 0.001476, 0.001530, 0.001404, 0.001309, 0.001427, 0.001488, 0.001548, 0.001578, 0.001486, 0.001607, 0.001455, 0.001546, 0.001515, 0.001636, 0.001512, 0.001574, 0.001543, 0.001574, 0.001512
8 , 1, 1, 1, 1, 1, 1, 1
8 , 0.016857, 0.019832, 0.023357, 0.021208, 0.019289, 0.018125, 0.017137
9 , 0.001905, 0.001877, 0.001866, 0.001940, 0.002188, 0.002049, 0.002213, 0.002077, 0.002295, 0.002195, 0.002161, 0.002106, 0.002045, 0.002338, 0.002045, 0.002153, 0.002148, 0.002189, 0.002095, 0.002134, 0.002246, 0.002222, 0.000519, 0.001473, 0.001388, 0.001476, 0.001530, 0.001404, 0.001309, 0.001427, 0.001488, 0.001548, 0.001578, 0.001486, 0.001607, 0.001455, 0.001546, 0.001515, 0.001636, 0.001512, 0.001574, 0.001543, 0.001574, 0.001512, 0.001606, 0.001606, 0.001635, 0.001368, 0.000840, 0.001780, 0.001589, 0.001756, 0.001959, 0.001807, 0.001789, 0.001620, 0.001992, 0.001926, 0.002048, 0.001895, 0.001907, 0.002173, 0.002148, 0.002200, 0.001968, 0.002195, 0.002244, 0.002145, 0.002236, 0.002167, 0.002142, 0.002291, 0.001313, 0.001396, 0.001538, 0.001561, 0.001380, 0.001347, 0.001346, 0.001469, 0.001310, 0.001490, 0.001396, 0.001640, 0.001453, 0.001728, 0.001391, 0.001574, 0.001448, 0.001663, 0.001571, 0.001692
9 , 1, 1, 1, 1, 1, 1, 1
9 , 0.015704, 0.018943, 0.021473, 0.023437, 0.023031, 0.023356, 0.022020
10 , 0.001780, 0.001589, 0.001756, 0.001959, 0.001807, 0.001789, 0.001620, 0.001992, 0.001926, 0.002048, 0.001895, 0.001907, 0.002173, 0.002148, 0.002200, 0.001968, 0.002195, 0.002244, 0.002145, 0.002236, 0.002167, 0.002142, 0.002291, 0.001313, 0.001396, 0.001538, 0.001561, 0.001380, 0.001347, 0.001346, 0.001469, 0.001310, 0.001490, 0.001396, 0.001640, 0.001453, 0.001728, 0.001391, 0.001574, 0.001448, 0.001663, 0.001571, 0.001692, 0.001386, 0.001690, 0.001480, 0.001874, 0.000093, 0.001534, 0.001705, 0.001853, 0.001992, 0.001797, 0.001959, 0.001964, 0.001926, 0.002017, 0.001883, 0.002068, 0.002075, 0.002164, 0.001985, 0.002037, 0.002242, 0.002148, 0.002272, 0.002094, 0.002307, 0.002086, 0.002071, 0.002135, 0.002138, 0.002290, 0.002045, 0.000714, 0.001703, 0.001412, 0.001355, 0.001257, 0.001190, 0.001339, 0.001305, 0.001303, 0.001454, 0.001480, 0.001354, 0.001383, 0.001412, 0.001443, 0.001439, 0.001404, 0.001402
10 , 1, 1, 1, 1, 1, 1, 1
10 , 0.013347, 0.015536, 0.018279, 0.020844, 0.026240, 0.027298, 0.027461
11 , 0.001797, 0.001959, 0.001964, 0.001926, 0.002017, 0.001883, 0.002068, 0.002075, 0.002164, 0.001985, 0.002037, 0.002242, 0.002148, 0.002272, 0.002094, 0.002307, 0.002086, 0.002071, 0.002135, 0.002138, 0.002290, 0.002045, 0.000714, 0.001703, 0.001412, 0.001355, 0.001257, 0.001190, 0.001339, 0.001305, 0.001303, 0.001454, 0.001480, 0.001354, 0.001383, 0.001412, 0.001443, 0.001439, 0.001404, 0.001402, 0.001494, 0.001491, 0.001553, 0.001367, 0.001611, 0.001518, 0.001457, 0.001426, 0.001578, 0.001428, 0.001458, 0.001517, 0.001640, 0.001455, 0.001425, 0.001489, 0.001584, 0.001462, 0.001464, 0.001405, 0.001468, 0.001319, 0.001320, 0.001255, 0.001377, 0.001190, 0.001557, 0.001463, 0.001529, 0.001373, 0.001558, 0.001465, 0.001646, 0.001337, 0.001551, 0.001307, 0.001492, 0.001367, 0.001517, 0.001331, 0.001544, 0.001511, 0.001664, 0.001478, 0.001600, 0.001476, 0.001691, 0.001355, 0.001721, 0.001477, 0.001539, 0.001478
11 , 2, 2, 2, 2, 2, 2, 2
11 , 0.014343, 0.015333, 0.016851, 0.017311, 0.015703, 0.015427, 0.015428
12 , 0.001428, 0.001458, 0.001517, 0.001640, 0.001455, 0.001425, 0.001489, 0.001584, 0.001462, 0.001464, 0.001405, 0.001468, 0.001319, 0.001320, 0.001255, 0.001377, 0.001190, 0.001557, 0.001463, 0.001529, 0.001373, 0.001558, 0.001465, 0.001646, 0.001337, 0.001551, 0.001307, 0.001492, 0.001367, 0.001517, 0.001331, 0.001544, 0.001511, 0.001664, 0.001478, 0.001600, 0.001476, 0.001691, 0.001355, 0.001721, 0.001477, 0.001539, 0.001478, 0.001691, 0.001568, 0.001815, 0.001451, 0.001636, 0.001453, 0.001580, 0.001304, 0.001461, 0.001341, 0.001468, 0.001285, 0.001351, 0.001443, 0.001445, 0.001236, 0.001427, 0.001241, 0.001304, 0.001121, 0.001248, 0.001215, 0.001340, 0.001155, 0.001310, 0.001183, 0.001274, 0.001272, 0.001307, 0.001206, 0.001386, 0.001324, 0.001318, 0.001345, 0.001498, 0.001373, 0.001462, 0.001431, 0.001581, 0.001426, 0.001516, 0.001606, 0.001637, 0.001608, 0.001455, 0.001548, 0.001490, 0.001643, 0.001523
12 , 0, 0, 0, 0, 0, 0, 0
12 , 0.002522, 0.003181, 0.004584, 0.004926, 0.005607, 0.005794, 0.006585
13 , 0.001341, 0.001468, 0.001285, 0.001351, 0.001443, 0.001445, 0.001236, 0.001427, 0.001241, 0.001304, 0.001121, 0.001248, 0.001215, 0.001340, 0.001155, 0.001310, 0.001183, 0.001274, 0.001272, 0.001307, 0.001206, 0.001386, 0.001324, 0.001318, 0.001345, 0.001498, 0.001373, 0.001462, 0.001431, 0.001581, 0.001426, 0.001516, 0.001606, 0.001637, 0.001608, 0.001455, 0.001548, 0.001490, 0.001643, 0.001523, 0.001524, 0.001525, 0.001560, 0.001467, 0.001561, 0.001532, 0.001565, 0.001445, 0.001478, 0.001323, 0.001604, 0.001423, 0.001483, 0.001390, 0.001454, 0.001303, 0.001335, 0.001181, 0.001365, 0.001206, 0.001360, 0.001326, 0.001478, 0.001350, 0.001444, 0.001258, 0.001411, 0.001288, 0.001594, 0.001377, 0.001499, 0.001438, 0.001473, 0.001440, 0.001562, 0.001347, 0.001629, 0.001258, 0.001448, 0.001389, 0.001426, 0.001245, 0.001368, 0.001306, 0.001461, 0.001306, 0.001433, 0.001213, 0.001434, 0.001374, 0.001373, 0.001310
13 , 0, 0, 0, 0, 0, 3, 3
13 , 0.003838, 0.004111, 0.004686, 0.004817, 0.004954, 0.005216, 0.005265
14 , 0.001483, 0.001390, 0.001454, 0.001303, 0.001335, 0.001181, 0.001365, 0.001206, 0.001360, 0.001326, 0.001478, 0.001350, 0.001444, 0.001258, 0.001411, 0.001288, 0.001594, 0.001377, 0.001499, 0.001438, 0.001473, 0.001440, 0.001562, 0.001347, 0.001629, 0.001258, 0.001448, 0.001389, 0.001426, 0.001245, 0.001368, 0.001306, 0.001461, 0.001306, 0.001433, 0.001213, 0.001434, 0.001374, 0.001373, 0.001310, 0.001431, 0.001396, 0.001426, 0.001328, 0.001511, 0.001447, 0.001447, 0.001385, 0.001477, 0.001409, 0.001501, 0.001468, 0.001589, 0.001587, 0.001556, 0.001615, 0.001405, 0.001408, 0.001378, 0.001439, 0.001499, 0.001563, 0.001473, 0.001472, 0.001471, 0.001596, 0.001354, 0.001451, 0.001360, 0.001361, 0.001331, 0.001516, 0.001394, 0.001335, 0.001336, 0.001339, 0.001308, 0.001525, 0.001430, 0.001466, 0.001281, 0.001433, 0.001278, 0.001341, 0.001339, 0.001557, 0.001370, 0.001463, 0.001306, 0.001431, 0.001306, 0.001522
14 , 3, 3, 3, 3, 1, 3, 1
14 , 0.002338, 0.002074, 0.002148, 0.001831, 0.002085, 0.001974, 0.002090
15 , 0.001447, 0.001385, 0.001477, 0.001409, 0.001501, 0.001468, 0.001589, 0.001587, 0.001556, 0.001615, 0.001405, 0.001408, 0.001378, 0.001439, 0.001499, 0.001563, 0.001473, 0.001472, 0.001471, 0.001596, 0.001354, 0.001451, 0.001360, 0.001361, 0.001331, 0.001516, 0.001394, 0.001335, 0.001336, 0.001339, 0.001308, 0.001525, 0.001430, 0.001466, 0.001281, 0.001433, 0.001278, 0.001341, 0.001339, 0.001557, 0.001370, 0.001463, 0.001306, 0.001431, 0.001306, 0.001522, 0.001275, 0.001459, 0.001331, 0.001605, 0.001447, 0.001475, 0.001380, 0.001594, 0.001469, 0.001591, 0.001468, 0.001530, 0.001438, 0.001529, 0.001468, 0.001593, 0.001411, 0.001626, 0.001382, 0.001447, 0.001445, 0.001478, 0.001446, 0.001483, 0.001389, 0.001362, 0.001428, 0.001367, 0.001282, 0.001350, 0.001317, 0.001293, 0.001264, 0.001242, 0.001334, 0.001329, 0.001300, 0.001269, 0.001301, 0.001263, 0.001292, 0.001316, 0.001437, 0.001494, 0.001519, 0.001392
15 , 1, 1, 1, 1, 1, 1, 1
15 , 0.004730, 0.005382, 0.004984, 0.005275, 0.004688, 0.004803, 0.003916
16 , 0.001459, 0.001331, 0.001605, 0.001447, 0.001475, 0.001380, 0.001594, 0.001469, 0.001591, 0.001468, 0.001530, 0.001438, 0.001529, 0.001468, 0.001593, 0.001411, 0.001626, 0.001382, 0.001447, 0.001445, 0.001478, 0.001446, 0.001483, 0.001389, 0.001362, 0.001428, 0.001367, 0.001282, 0.001350, 0.001317, 0.001293, 0.001264, 0.001242, 0.001334, 0.001329, 0.001300, 0.001269, 0.001301, 0.001263, 0.001292, 0.001316, 0.001437, 0.001494, 0.001519, 0.001392, 0.001666, 0.001415, 0.001596, 0.001531, 0.001684, 0.001470, 0.001563, 0.001499, 0.001562, 0.001496, 0.001680, 0.001528, 0.001588, 0.001494, 0.001710, 0.001617, 0.001743, 0.001530, 0.001623, 0.001532, 0.001689, 0.001446, 0.001483, 0.001329, 0.001428, 0.001245, 0.001395, 0.001362, 0.001580, 0.001394, 0.001547, 0.001305, 0.001462, 0.001307, 0.001461, 0.001431, 0.001555, 0.001246, 0.001338, 0.001245, 0.001367, 0.001393, 0.001455, 0.001359, 0.001421, 0.001393, 0.001455
16 , 1, 1, 1, 1, 1, 1, 1
16 , 0.006675, 0.006712, 0.006277, 0.006099, 0.005751, 0.005470, 0.005057
