0 , 0.001850, 0.001819, 0.001636, 0.001758, 0.001575, 0.001819, 0.001758, 0.001941, 0.001697, 0.001850, 0.001819, 0.001789, 0.001697, 0.001758, 0.001667, 0.001819, 0.001606, 0.001697, 0.001667, 0.001697, 0.001545, 0.001522, 0.001034, 0.001549, 0.001701, 0.001614, 0.001703, 0.001757, 0.001717, 0.002009, 0.001956, 0.001979, 0.001839, 0.002201, 0.001976, 0.002064, 0.002112, 0.001954, 0.002172, 0.002073, 0.002195, 0.001924, 0.002085, 0.002159, 0.002016, 0.002248, 0.001016, 0.000977, 0.001641, 0.001479, 0.001424, 0.001328, 0.001458, 0.001242, 0.001456, 0.001243, 0.001368, 0.001246, 0.001490, 0.001334, 0.001397, 0.001212, 0.001456, 0.001359, 0.001395, 0.001272, 0.001397, 0.001449, 0.001547, 0.001410, 0.000312, 0.001738, 0.001899, 0.001775, 0.001912, 0.002130, 0.001872, 0.001920, 0.001771, 0.001978, 0.001796, 0.001986, 0.001787, 0.001860, 0.001958, 0.001970, 0.001883, 0.001609, 0.001803, 0.001764, 0.001822, 0.001670
0 , 0, 0, 0, 0, 0, 0, 0
0 , 0.010680, 0.011991, 0.014159, 0.016072, 0.015976, 0.016019, 0.015459
1 , 0.001479, 0.001424, 0.001328, 0.001458, 0.001242, 0.001456, 0.001243, 0.001368, 0.001246, 0.001490, 0.001334, 0.001397, 0.001212, 0.001456, 0.001359, 0.001395, 0.001272, 0.001397, 0.001449, 0.001547, 0.001410, 0.000312, 0.001738, 0.001899, 0.001775, 0.001912, 0.002130, 0.001872, 0.001920, 0.001771, 0.001978, 0.001796, 0.001986, 0.001787, 0.001860, 0.001958, 0.001970, 0.001883, 0.001609, 0.001803, 0.001764, 0.001822, 0.001670, 0.001642, 0.001837, 0.001796, 0.001958, 0.001502, 0.000843, 0.001801, 0.001646, 0.001712, 0.001618, 0.001530, 0.001439, 0.001563, 0.001504, 0.001447, 0.001357, 0.001325, 0.001325, 0.001387, 0.001387, 0.001418, 0.001292, 0.001414, 0.001352, 0.001417, 0.001262, 0.001352, 0.001286, 0.001414, 0.001553, 0.000678, 0.001514, 0.001961, 0.001708, 0.001639, 0.001981, 0.001981, 0.001970, 0.001712, 0.001977, 0.001937, 0.001984, 0.001883, 0.001794, 0.001996, 0.001752, 0.001851, 0.001748, 0.001881
1 , 0, 0, 0, 0, 0, 0, 0
1 , 0.013640, 0.014561, 0.015355, 0.019596, 0.019596, 0.017602, 0.019416
2 , 0.001801, 0.001646, 0.001712, 0.001618, 0.001530, 0.001439, 0.001563, 0.001504, 0.001447, 0.001357, 0.001325, 0.001325, 0.001387, 0.001387, 0.001418, 0.001292, 0.001414, 0.001352, 0.001417, 0.001262, 0.001352, 0.001286, 0.001414, 0.001553, 0.000678, 0.001514, 0.001961, 0.001708, 0.001639, 0.001981, 0.001981, 0.001970, 0.001712, 0.001977, 0.001937, 0.001984, 0.001883, 0.001794, 0.001996, 0.001752, 0.001851, 0.001748, 0.001881, 0.001820, 0.001801, 0.001790, 0.001677, 0.001895, 0.002011, 0.000172, 0.002005, 0.001701, 0.001733, 0.001642, 0.001733, 0.001582, 0.001674, 0.001582, 0.001523, 0.001466, 0.001496, 0.001438, 0.001440, 0.001439, 0.001442, 0.001441, 0.001622, 0.001592, 0.001472, 0.001532, 0.001565, 0.001441, 0.001271, 0.001034, 0.001836, 0.001943, 0.001846, 0.001966, 0.001816, 0.002116, 0.002012, 0.002078, 0.001920, 0.001888, 0.002075, 0.001976, 0.002050, 0.001951, 0.002143, 0.002019, 0.001903, 0.001887
2 , 0, 0, 0, 0, 0, 0, 0
2 , 0.010429, 0.012540, 0.013754, 0.014135, 0.015859, 0.017920, 0.018405
3 , 0.001733, 0.001642, 0.001733, 0.001582, 0.001674, 0.001582, 0.001523, 0.001466, 0.001496, 0.001438, 0.001440, 0.001439, 0.001442, 0.001441, 0.001622, 0.001592, 0.001472, 0.001532, 0.001565, 0.001441, 0.001271, 0.001034, 0.001836, 0.001943, 0.001846, 0.001966, 0.001816, 0.002116, 0.002012, 0.002078, 0.001920, 0.001888, 0.002075, 0.001976, 0.002050, 0.001951, 0.002143, 0.002019, 0.001903, 0.001887, 0.001842, 0.002042, 0.001852, 0.001864, 0.001943, 0.001104, 0.001271, 0.001770, 0.001612, 0.001675, 0.001489, 0.001674, 0.001550, 0.001615, 0.001463, 0.001585, 0.001494, 0.001708, 0.001584, 0.001737, 0.001553, 0.001585, 0.001342, 0.001647, 0.001524, 0.001652, 0.001408, 0.001535, 0.001500, 0.001540, 0.001588, 0.000022, 0.001716, 0.001587, 0.001717, 0.002018, 0.001853, 0.002024, 0.001822, 0.002007, 0.002190, 0.002054, 0.002176, 0.002065, 0.002274, 0.002120, 0.002195, 0.002144, 0.002067, 0.002154, 0.002071, 0.002148
3 , 0, 0, 0, 0, 0, 0, 0
3 , 0.014633, 0.014963, 0.015625, 0.016772, 0.020194, 0.019826, 0.020081
4 , 0.001489, 0.001674, 0.001550, 0.001615, 0.001463, 0.001585, 0.001494, 0.001708, 0.001584, 0.001737, 0.001553, 0.001585, 0.001342, 0.001647, 0.001524, 0.001652, 0.001408, 0.001535, 0.001500, 0.001540, 0.001588, 0.000022, 0.001716, 0.001587, 0.001717, 0.002018, 0.001853, 0.002024, 0.001822, 0.002007, 0.002190, 0.002054, 0.002176, 0.002065, 0.002274, 0.002120, 0.002195, 0.002144, 0.002067, 0.002154, 0.002071, 0.002148, 0.001864, 0.002082, 0.002038, 0.001962, 0.000815, 0.001621, 0.001707, 0.001525, 0.001703, 0.001609, 0.001640, 0.001548, 0.001670, 0.001456, 0.001641, 0.001517, 0.001610, 0.001518, 0.001640, 0.001487, 0.001703, 0.001551, 0.001674, 0.001400, 0.001677, 0.001284, 0.001615, 0.000701, 0.001349, 0.001837, 0.001851, 0.001948, 0.001897, 0.001991, 0.001938, 0.001923, 0.002095, 0.001935, 0.002166, 0.001987, 0.002056, 0.002037, 0.002198, 0.002175, 0.002026, 0.002059, 0.001833, 0.002075, 0.001968, 0.001958
4 , 0, 0, 0, 0, 0, 0, 0
4 , 0.014415, 0.016026, 0.018950, 0.021473, 0.020874, 0.021064, 0.018858
5 , 0.001525, 0.001703, 0.001609, 0.001640, 0.001548, 0.001670, 0.001456, 0.001641, 0.001517, 0.001610, 0.001518, 0.001640, 0.001487, 0.001703, 0.001551, 0.001674, 0.001400, 0.001677, 0.001284, 0.001615, 0.000701, 0.001349, 0.001837, 0.001851, 0.001948, 0.001897, 0.001991, 0.001938, 0.001923, 0.002095, 0.001935, 0.002166, 0.001987, 0.002056, 0.002037, 0.002198, 0.002175, 0.002026, 0.002059, 0.001833, 0.002075, 0.001968, 0.001958, 0.001775, 0.001978, 0.000524, 0.001648, 0.001712, 0.001681, 0.001710, 0.001526, 0.001556, 0.001645, 0.001584, 0.001582, 0.001612, 0.001703, 0.001671, 0.001701, 0.001822, 0.001699, 0.001637, 0.001851, 0.001699, 0.001760, 0.001760, 0.001699, 0.001698, 0.001730, 0.001760, 0.001550, 0.000601, 0.001725, 0.001551, 0.001790, 0.001745, 0.001818, 0.001907, 0.001709, 0.002028, 0.001910, 0.001905, 0.001913, 0.001966, 0.001963, 0.001973, 0.002031, 0.001921, 0.002203, 0.002012, 0.002101, 0.001910
5 , 0, 0, 0, 0, 0, 0, 0
5 , 0.011637, 0.011731, 0.011577, 0.012694, 0.014791, 0.014912, 0.015181
6 , 0.001645, 0.001584, 0.001582, 0.001612, 0.001703, 0.001671, 0.001701, 0.001822, 0.001699, 0.001637, 0.001851, 0.001699, 0.001760, 0.001760, 0.001699, 0.001698, 0.001730, 0.001760, 0.001550, 0.000601, 0.001725, 0.001551, 0.001790, 0.001745, 0.001818, 0.001907, 0.001709, 0.002028, 0.001910, 0.001905, 0.001913, 0.001966, 0.001963, 0.001973, 0.002031, 0.001921, 0.002203, 0.002012, 0.002101, 0.001910, 0.002024, 0.002208, 0.002237, 0.001126, 0.001375, 0.001456, 0.001479, 0.001448, 0.001386, 0.001416, 0.001597, 0.001504, 0.001473, 0.001411, 0.001442, 0.001382, 0.001532, 0.001472, 0.001536, 0.001473, 0.001592, 0.001349, 0.001380, 0.001351, 0.001407, 0.001413, 0.001618, 0.000232, 0.001593, 0.001728, 0.001838, 0.001871, 0.001968, 0.002014, 0.001920, 0.001966, 0.001859, 0.002161, 0.002040, 0.002035, 0.001809, 0.001895, 0.002118, 0.002082, 0.002171, 0.001953, 0.002108, 0.001999, 0.001945, 0.001999, 0.001769, 0.001969
6 , 0, 0, 0, 0, 0, 0, 0
6 , 0.016668, 0.018739, 0.018041, 0.017746, 0.015475, 0.014120, 0.012460
7 , 0.001448, 0.001386, 0.001416, 0.001597, 0.001504, 0.001473, 0.001411, 0.001442, 0.001382, 0.001532, 0.001472, 0.001536, 0.001473, 0.001592, 0.001349, 0.001380, 0.001351, 0.001407, 0.001413, 0.001618, 0.000232, 0.001593, 0.001728, 0.001838, 0.001871, 0.001968, 0.002014, 0.001920, 0.001966, 0.001859, 0.002161, 0.002040, 0.002035, 0.001809, 0.001895, 0.002118, 0.002082, 0.002171, 0.001953, 0.002108, 0.001999, 0.001945, 0.001999, 0.001769, 0.001969, 0.000509, 0.001716, 0.001589, 0.001652, 0.001403, 0.001500, 0.001346, 0.001560, 0.001315, 0.001500, 0.001343, 0.001407, 0.001344, 0.001587, 0.001280, 0.001525, 0.001431, 0.001555, 0.001462, 0.001617, 0.001371, 0.001463, 0.001550, 0.001645, 0.001516, 0.001020, 0.001376, 0.001801, 0.001801, 0.002004, 0.001936, 0.001920, 0.001796, 0.001995, 0.001983, 0.002016, 0.001831, 0.001849, 0.002075, 0.001991, 0.002216, 0.002024, 0.002289, 0.002336, 0.002228, 0.002203, 0.002283
7 , 0, 0, 0, 0, 0, 0, 0
7 , 0.019238, 0.020254, 0.021435, 0.023403, 0.024143, 0.023452, 0.022606
8 , 0.001500, 0.001346, 0.001560, 0.001315, 0.001500, 0.001343, 0.001407, 0.001344, 0.001587, 0.001280, 0.001525, 0.001431, 0.001555, 0.001462, 0.001617, 0.001371, 0.001463, 0.001550, 0.001645, 0.001516, 0.001020, 0.001376, 0.001801, 0.001801, 0.002004, 0.001936, 0.001920, 0.001796, 0.001995, 0.001983, 0.002016, 0.001831, 0.001849, 0.002075, 0.001991, 0.002216, 0.002024, 0.002289, 0.002336, 0.002228, 0.002203, 0.002283, 0.002320, 0.001899, 0.002276, 0.000327, 0.001404, 0.001620, 0.001614, 0.001493, 0.001429, 0.001611, 0.001487, 0.001731, 0.001426, 0.001609, 0.001517, 0.001670, 0.001487, 0.001579, 0.001427, 0.001519, 0.001397, 0.001613, 0.001490, 0.001583, 0.001461, 0.001556, 0.001405, 0.000749, 0.001755, 0.001832, 0.001844, 0.001763, 0.002014, 0.001885, 0.001966, 0.001763, 0.002039, 0.002027, 0.001986, 0.002088, 0.001809, 0.002128, 0.001946, 0.001870, 0.001882, 0.001981, 0.001963, 0.001928, 0.002073, 0.001933
8 , 0, 0, 0, 0, 0, 0, 0
8 , 0.018633, 0.020862, 0.021700, 0.021584, 0.021209, 0.020546, 0.019663
9 , 0.001614, 0.001493, 0.001429, 0.001611, 0.001487, 0.001731, 0.001426, 0.001609, 0.001517, 0.001670, 0.001487, 0.001579, 0.001427, 0.001519, 0.001397, 0.001613, 0.001490, 0.001583, 0.001461, 0.001556, 0.001405, 0.000749, 0.001755, 0.001832, 0.001844, 0.001763, 0.002014, 0.001885, 0.001966, 0.001763, 0.002039, 0.002027, 0.001986, 0.002088, 0.001809, 0.002128, 0.001946, 0.001870, 0.001882, 0.001981, 0.001963, 0.001928, 0.002073, 0.001933, 0.002151, 0.002054, 0.002105, 0.001052, 0.001302, 0.001770, 0.001918, 0.001708, 0.001494, 0.001495, 0.001526, 0.001587, 0.001373, 0.001526, 0.001559, 0.001559, 0.001531, 0.001439, 0.001471, 0.001380, 0.001472, 0.001469, 0.001320, 0.001353, 0.001352, 0.001321, 0.001258, 0.001471, 0.001408, 0.001561, 0.001471, 0.001534, 0.001352, 0.001445, 0.001292, 0.001357, 0.001360, 0.001366, 0.001277, 0.001404, 0.001248, 0.001371, 0.001312, 0.001410, 0.001193, 0.001351, 0.001229, 0.001322
9 , 3, 3, 3, 3, 3, 3, 3
9 , 0.013195, 0.011762, 0.011769, 0.013085, 0.012927, 0.012274, 0.011871
10 , 0.002105, 0.001052, 0.001302, 0.001770, 0.001918, 0.001708, 0.001494, 0.001495, 0.001526, 0.001587, 0.001373, 0.001526, 0.001559, 0.001559, 0.001531, 0.001439, 0.001471, 0.001380, 0.001472, 0.001469, 0.001320, 0.001353, 0.001352, 0.001321, 0.001258, 0.001471, 0.001408, 0.001561, 0.001471, 0.001534, 0.001352, 0.001445, 0.001292, 0.001357, 0.001360, 0.001366, 0.001277, 0.001404, 0.001248, 0.001371, 0.001312, 0.001410, 0.001193, 0.001351, 0.001229, 0.001322, 0.001204, 0.001299, 0.001265, 0.001239, 0.001204, 0.001334, 0.001085, 0.001325, 0.001138, 0.001357, 0.001258, 0.001382, 0.001193, 0.001466, 0.001303, 0.001390, 0.001323, 0.001531, 0.001345, 0.001650, 0.001402, 0.001647, 0.001492, 0.001585, 0.001429, 0.001672, 0.001426, 0.001579, 0.001517, 0.001760, 0.001699, 0.001699, 0.001547, 0.001792, 0.001549, 0.001612, 0.001368, 0.001525, 0.001464, 0.001587, 0.001436, 0.001594, 0.001530, 0.001532, 0.001381, 0.001473
10 , 2, 2, 2, 2, 2, 2, 2
10 , 0.010884, 0.010437, 0.009137, 0.008404, 0.007041, 0.007283, 0.006753
11 , 0.001204, 0.001299, 0.001265, 0.001239, 0.001204, 0.001334, 0.001085, 0.001325, 0.001138, 0.001357, 0.001258, 0.001382, 0.001193, 0.001466, 0.001303, 0.001390, 0.001323, 0.001531, 0.001345, 0.001650, 0.001402, 0.001647, 0.001492, 0.001585, 0.001429, 0.001672, 0.001426, 0.001579, 0.001517, 0.001760, 0.001699, 0.001699, 0.001547, 0.001792, 0.001549, 0.001612, 0.001368, 0.001525, 0.001464, 0.001587, 0.001436, 0.001594, 0.001530, 0.001532, 0.001381, 0.001473, 0.001382, 0.001506, 0.001414, 0.001415, 0.001386, 0.001447, 0.001416, 0.001383, 0.001352, 0.001444, 0.001441, 0.001410, 0.001498, 0.001527, 0.001559, 0.001465, 0.001493, 0.001645, 0.001582, 0.001428, 0.001612, 0.001519, 0.001580, 0.001641, 0.001550, 0.001398, 0.001579, 0.001578, 0.001578, 0.001487, 0.001671, 0.001519, 0.001643, 0.001489, 0.001550, 0.001581, 0.001676, 0.001461, 0.001495, 0.001375, 0.001529, 0.001349, 0.001505, 0.001353, 0.001482, 0.001332
11 , 0, 0, 0, 0, 0, 3, 3
11 , 0.007610, 0.006615, 0.006186, 0.005209, 0.005135, 0.004192, 0.004258
12 , 0.001382, 0.001506, 0.001414, 0.001415, 0.001386, 0.001447, 0.001416, 0.001383, 0.001352, 0.001444, 0.001441, 0.001410, 0.001498, 0.001527, 0.001559, 0.001465, 0.001493, 0.001645, 0.001582, 0.001428, 0.001612, 0.001519, 0.001580, 0.001641, 0.001550, 0.001398, 0.001579, 0.001578, 0.001578, 0.001487, 0.001671, 0.001519, 0.001643, 0.001489, 0.001550, 0.001581, 0.001676, 0.001461, 0.001495, 0.001375, 0.001529, 0.001349, 0.001505, 0.001353, 0.001482, 0.001332, 0.001490, 0.001217, 0.001497, 0.001250, 0.001373, 0.001303, 0.001397, 0.001303, 0.001457, 0.001241, 0.001512, 0.001322, 0.001535, 0.001470, 0.001562, 0.001410, 0.001533, 0.001288, 0.001533, 0.001382, 0.001445, 0.001289, 0.001564, 0.001440, 0.001440, 0.001438, 0.001470, 0.001442, 0.001535, 0.001443, 0.001474, 0.001413, 0.001383, 0.001415, 0.001538, 0.001415, 0.001353, 0.001417, 0.001445, 0.001597, 0.001447, 0.001417, 0.001387, 0.001386, 0.001329, 0.001482
12 , 0, 0, 0, 0, 0, 0, 2
12 , 0.002847, 0.002744, 0.002015, 0.002030, 0.001227, 0.000831, 0.000271
13 , 0.001490, 0.001217, 0.001497, 0.001250, 0.001373, 0.001303, 0.001397, 0.001303, 0.001457, 0.001241, 0.001512, 0.001322, 0.001535, 0.001470, 0.001562, 0.001410, 0.001533, 0.001288, 0.001533, 0.001382, 0.001445, 0.001289, 0.001564, 0.001440, 0.001440, 0.001438, 0.001470, 0.001442, 0.001535, 0.001443, 0.001474, 0.001413, 0.001383, 0.001415, 0.001538, 0.001415, 0.001353, 0.001417, 0.001445, 0.001597, 0.001447, 0.001417, 0.001387, 0.001386, 0.001329, 0.001482, 0.001419, 0.001326, 0.001354, 0.001418, 0.001419, 0.001451, 0.001266, 0.001361, 0.001271, 0.001425, 0.001303, 0.001457, 0.001243, 0.001514, 0.001296, 0.001482, 0.001296, 0.001448, 0.001417, 0.001511, 0.001298, 0.001363, 0.001271, 0.001397, 0.001149, 0.001425, 0.001236, 0.001484, 0.001207, 0.001393, 0.001357, 0.001418, 0.001296, 0.001481, 0.001265, 0.001540, 0.001447, 0.001449, 0.001355, 0.001509, 0.001382, 0.001443, 0.001381, 0.001565, 0.001533, 0.001354
13 , 3, 0, 0, 0, 0, 0, 0
13 , 0.000971, 0.001122, 0.001418, 0.002066, 0.001585, 0.001573, 0.001291
14 , 0.001418, 0.001419, 0.001451, 0.001266, 0.001361, 0.001271, 0.001425, 0.001303, 0.001457, 0.001243, 0.001514, 0.001296, 0.001482, 0.001296, 0.001448, 0.001417, 0.001511, 0.001298, 0.001363, 0.001271, 0.001397, 0.001149, 0.001425, 0.001236, 0.001484, 0.001207, 0.001393, 0.001357, 0.001418, 0.001296, 0.001481, 0.001265, 0.001540, 0.001447, 0.001449, 0.001355, 0.001509, 0.001382, 0.001443, 0.001381, 0.001565, 0.001533, 0.001354, 0.001355, 0.001417, 0.001233, 0.001388, 0.001357, 0.001389, 0.001479, 0.001478, 0.001417, 0.001479, 0.001445, 0.001385, 0.001447, 0.001357, 0.001598, 0.001503, 0.001474, 0.001502, 0.001562, 0.001348, 0.001531, 0.001437, 0.001651, 0.001467, 0.001529, 0.001408, 0.001621, 0.001375, 0.001467, 0.001404, 0.001529, 0.001345, 0.001563, 0.001472, 0.001501, 0.001408, 0.001560, 0.001436, 0.001682, 0.001405, 0.001529, 0.001406, 0.001529, 0.001404, 0.001586, 0.001370, 0.001460, 0.001396, 0.001610
14 , 0, 0, 3, 0, 3, 0, 3
14 , 0.000485, 0.000841, 0.000278, 0.000683, 0.000518, 0.000925, 0.000836
15 , 0.001417, 0.001479, 0.001445, 0.001385, 0.001447, 0.001357, 0.001598, 0.001503, 0.001474, 0.001502, 0.001562, 0.001348, 0.001531, 0.001437, 0.001651, 0.001467, 0.001529, 0.001408, 0.001621, 0.001375, 0.001467, 0.001404, 0.001529, 0.001345, 0.001563, 0.001472, 0.001501, 0.001408, 0.001560, 0.001436, 0.001682, 0.001405, 0.001529, 0.001406, 0.001529, 0.001404, 0.001586, 0.001370, 0.001460, 0.001396, 0.001610, 0.001458, 0.001520, 0.001458, 0.001612, 0.001612, 0.001644, 0.001460, 0.001523, 0.001462, 0.001463, 0.001404, 0.001526, 0.001437, 0.001469, 0.001381, 0.001413, 0.001412, 0.001413, 0.001505, 0.001380, 0.001532, 0.001409, 0.001473, 0.001503, 0.001473, 0.001385, 0.001448, 0.001418, 0.001417, 0.001325, 0.001356, 0.001234, 0.001357, 0.001327, 0.001422, 0.001268, 0.001390, 0.001205, 0.001452, 0.001357, 0.001417, 0.001263, 0.001505, 0.001289, 0.001411, 0.001348, 0.001437, 0.001344, 0.001558, 0.001434, 0.001528
15 , 3, 3, 3, 3, 3, 3, 3
15 , 0.002474, 0.002391, 0.002335, 0.002126, 0.001855, 0.001614, 0.001336
16 , 0.001644, 0.001460, 0.001523, 0.001462, 0.001463, 0.001404, 0.001526, 0.001437, 0.001469, 0.001381, 0.001413, 0.001412, 0.001413, 0.001505, 0.001380, 0.001532, 0.001409, 0.001473, 0.001503, 0.001473, 0.001385, 0.001448, 0.001418, 0.001417, 0.001325, 0.001356, 0.001234, 0.001357, 0.001327, 0.001422, 0.001268, 0.001390, 0.001205, 0.001452, 0.001357, 0.001417, 0.001263, 0.001505, 0.001289, 0.001411, 0.001348, 0.001437, 0.001344, 0.001558, 0.001434, 0.001528, 0.001343, 0.001498, 0.001313, 0.001437, 0.001345, 0.001533, 0.001380, 0.001414, 0.001259, 0.001447, 0.001295, 0.001423, 0.001332, 0.001397, 0.001217, 0.001314, 0.001369, 0.001433, 0.001312, 0.001343, 0.001373, 0.001341, 0.001250, 0.001373, 0.001189, 0.001406, 0.001436, 0.001341, 0.001344, 0.001281, 0.001280, 0.001190, 0.001311, 0.001311, 0.001340, 0.001304, 0.001425, 0.001272, 0.001298, 0.001329, 0.001271, 0.001301, 0.001364, 0.001236, 0.001423, 0.001268
16 , 1, 1, 1, 1, 1, 1, 1
16 , 0.003547, 0.003430, 0.002858, 0.002565, 0.002151, 0.002442, 0.001863
