0 , 0.001930, 0.001844, 0.001996, 0.002110, 0.002056, 0.001922, 0.002193, 0.002262, 0.002133, 0.002264, 0.002029, 0.002244, 0.002198, 0.002210, 0.002149, 0.002141, 0.002385, 0.002241, 0.002252, 0.002192, 0.002424, 0.002200, 0.002496, 0.000267, 0.001387, 0.001418, 0.001384, 0.001380, 0.001226, 0.001319, 0.001254, 0.001285, 0.001192, 0.001317, 0.001257, 0.001379, 0.001136, 0.001320, 0.001228, 0.001350, 0.001286, 0.001410, 0.001253, 0.001376, 0.001192, 0.001433, 0.001075, 0.001055, 0.001884, 0.001950, 0.002095, 0.001920, 0.002051, 0.002173, 0.002272, 0.002138, 0.001975, 0.002269, 0.002051, 0.002228, 0.002020, 0.002088, 0.002255, 0.002049, 0.002119, 0.001988, 0.002210, 0.002121, 0.002267, 0.002082, 0.002138, 0.001330, 0.001303, 0.001589, 0.001373, 0.001314, 0.001283, 0.001287, 0.001253, 0.001224, 0.001193, 0.001379, 0.001287, 0.001320, 0.001229, 0.001232, 0.001292, 0.001352, 0.001259, 0.001259, 0.001258, 0.001383
0 , 1, 1, 1, 1, 1, 1, 1
0 , 0.025150, 0.028934, 0.033301, 0.036757, 0.038987, 0.035131, 0.033776
1 , 0.002095, 0.001920, 0.002051, 0.002173, 0.002272, 0.002138, 0.001975, 0.002269, 0.002051, 0.002228, 0.002020, 0.002088, 0.002255, 0.002049, 0.002119, 0.001988, 0.002210, 0.002121, 0.002267, 0.002082, 0.002138, 0.001330, 0.001303, 0.001589, 0.001373, 0.001314, 0.001283, 0.001287, 0.001253, 0.001224, 0.001193, 0.001379, 0.001287, 0.001320, 0.001229, 0.001232, 0.001292, 0.001352, 0.001259, 0.001259, 0.001258, 0.001383, 0.001381, 0.001383, 0.001411, 0.001294, 0.001496, 0.000166, 0.002058, 0.001818, 0.002045, 0.002067, 0.002239, 0.002120, 0.002062, 0.002334, 0.002260, 0.002299, 0.002028, 0.002284, 0.002152, 0.002168, 0.002203, 0.002049, 0.002373, 0.002158, 0.002166, 0.002061, 0.002173, 0.002344, 0.002029, 0.001886, 0.000753, 0.001434, 0.001583, 0.001402, 0.001401, 0.001217, 0.001433, 0.001313, 0.001376, 0.001252, 0.001378, 0.001285, 0.001409, 0.001197, 0.001353, 0.001169, 0.001145, 0.001087, 0.001211, 0.001029
1 , 1, 1, 1, 1, 1, 1, 1
1 , 0.027576, 0.031122, 0.034402, 0.035147, 0.037885, 0.035498, 0.034035
2 , 0.002045, 0.002067, 0.002239, 0.002120, 0.002062, 0.002334, 0.002260, 0.002299, 0.002028, 0.002284, 0.002152, 0.002168, 0.002203, 0.002049, 0.002373, 0.002158, 0.002166, 0.002061, 0.002173, 0.002344, 0.002029, 0.001886, 0.000753, 0.001434, 0.001583, 0.001402, 0.001401, 0.001217, 0.001433, 0.001313, 0.001376, 0.001252, 0.001378, 0.001285, 0.001409, 0.001197, 0.001353, 0.001169, 0.001145, 0.001087, 0.001211, 0.001029, 0.001213, 0.001036, 0.001388, 0.000259, 0.001767, 0.002172, 0.002191, 0.002260, 0.002272, 0.002388, 0.002167, 0.002216, 0.002117, 0.002291, 0.002227, 0.002307, 0.002196, 0.002140, 0.002320, 0.002072, 0.002140, 0.002029, 0.002142, 0.002119, 0.002063, 0.002107, 0.001948, 0.002252, 0.001922, 0.002171, 0.000192, 0.001335, 0.001765, 0.001672, 0.001611, 0.001458, 0.001492, 0.001338, 0.001401, 0.001220, 0.001345, 0.001253, 0.001529, 0.001253, 0.001437, 0.001313, 0.001468, 0.001434, 0.001434, 0.001219
2 , 1, 1, 1, 1, 1, 1, 1
2 , 0.029320, 0.033528, 0.038080, 0.039124, 0.037030, 0.032523, 0.030168
3 , 0.002260, 0.002272, 0.002388, 0.002167, 0.002216, 0.002117, 0.002291, 0.002227, 0.002307, 0.002196, 0.002140, 0.002320, 0.002072, 0.002140, 0.002029, 0.002142, 0.002119, 0.002063, 0.002107, 0.001948, 0.002252, 0.001922, 0.002171, 0.000192, 0.001335, 0.001765, 0.001672, 0.001611, 0.001458, 0.001492, 0.001338, 0.001401, 0.001220, 0.001345, 0.001253, 0.001529, 0.001253, 0.001437, 0.001313, 0.001468, 0.001434, 0.001434, 0.001219, 0.001554, 0.001309, 0.001432, 0.001309, 0.001492, 0.001249, 0.000848, 0.001805, 0.001973, 0.001859, 0.001894, 0.002199, 0.002072, 0.002257, 0.001940, 0.002171, 0.002196, 0.002016, 0.002041, 0.002039, 0.002244, 0.002029, 0.002191, 0.002170, 0.002201, 0.002176, 0.002201, 0.002276, 0.002135, 0.002390, 0.001466, 0.001038, 0.001487, 0.001323, 0.001356, 0.001416, 0.001264, 0.001324, 0.001231, 0.001290, 0.001260, 0.001412, 0.001256, 0.001318, 0.001287, 0.001318, 0.001226, 0.001348, 0.001287
3 , 1, 1, 1, 1, 1, 1, 1
3 , 0.023398, 0.026033, 0.028556, 0.030855, 0.032721, 0.031918, 0.032059
4 , 0.001805, 0.001973, 0.001859, 0.001894, 0.002199, 0.002072, 0.002257, 0.001940, 0.002171, 0.002196, 0.002016, 0.002041, 0.002039, 0.002244, 0.002029, 0.002191, 0.002170, 0.002201, 0.002176, 0.002201, 0.002276, 0.002135, 0.002390, 0.001466, 0.001038, 0.001487, 0.001323, 0.001356, 0.001416, 0.001264, 0.001324, 0.001231, 0.001290, 0.001260, 0.001412, 0.001256, 0.001318, 0.001287, 0.001318, 0.001226, 0.001348, 0.001287, 0.001501, 0.001196, 0.001378, 0.001139, 0.001435, 0.000321, 0.002000, 0.001932, 0.002291, 0.002089, 0.002390, 0.002147, 0.002344, 0.002341, 0.002446, 0.002283, 0.002192, 0.002440, 0.002258, 0.002213, 0.002094, 0.002236, 0.002226, 0.002193, 0.002077, 0.002089, 0.002361, 0.002154, 0.002173, 0.001921, 0.000448, 0.001557, 0.001614, 0.001586, 0.001524, 0.001405, 0.001315, 0.001163, 0.001196, 0.001166, 0.001137, 0.001167, 0.001139, 0.001230, 0.001198, 0.001226, 0.001228, 0.001197, 0.001259, 0.001260
4 , 1, 1, 1, 1, 1, 1, 1
4 , 0.025100, 0.028778, 0.032853, 0.036490, 0.041345, 0.037944, 0.036095
5 , 0.002291, 0.002089, 0.002390, 0.002147, 0.002344, 0.002341, 0.002446, 0.002283, 0.002192, 0.002440, 0.002258, 0.002213, 0.002094, 0.002236, 0.002226, 0.002193, 0.002077, 0.002089, 0.002361, 0.002154, 0.002173, 0.001921, 0.000448, 0.001557, 0.001614, 0.001586, 0.001524, 0.001405, 0.001315, 0.001163, 0.001196, 0.001166, 0.001137, 0.001167, 0.001139, 0.001230, 0.001198, 0.001226, 0.001228, 0.001197, 0.001259, 0.001260, 0.001319, 0.001256, 0.001317, 0.001230, 0.001467, 0.000615, 0.001611, 0.002078, 0.002006, 0.001976, 0.002190, 0.002163, 0.002249, 0.001981, 0.002186, 0.002008, 0.002069, 0.002193, 0.001973, 0.002322, 0.002076, 0.002091, 0.002081, 0.002088, 0.002119, 0.002081, 0.002038, 0.002059, 0.002214, 0.002370, 0.000364, 0.001712, 0.001471, 0.001444, 0.001353, 0.001412, 0.001231, 0.001357, 0.001142, 0.001265, 0.001263, 0.001418, 0.001142, 0.001355, 0.001322, 0.001355, 0.001079, 0.001231, 0.001201, 0.001234
5 , 1, 1, 1, 1, 1, 1, 1
5 , 0.028924, 0.033123, 0.035926, 0.038094, 0.039038, 0.036304, 0.035298
6 , 0.002006, 0.001976, 0.002190, 0.002163, 0.002249, 0.001981, 0.002186, 0.002008, 0.002069, 0.002193, 0.001973, 0.002322, 0.002076, 0.002091, 0.002081, 0.002088, 0.002119, 0.002081, 0.002038, 0.002059, 0.002214, 0.002370, 0.000364, 0.001712, 0.001471, 0.001444, 0.001353, 0.001412, 0.001231, 0.001357, 0.001142, 0.001265, 0.001263, 0.001418, 0.001142, 0.001355, 0.001322, 0.001355, 0.001079, 0.001231, 0.001201, 0.001234, 0.001173, 0.001266, 0.001114, 0.001211, 0.001234, 0.002010, 0.002034, 0.002029, 0.002230, 0.002029, 0.002203, 0.002280, 0.002238, 0.002269, 0.002142, 0.002338, 0.002294, 0.002374, 0.002211, 0.002322, 0.002410, 0.002236, 0.002269, 0.002200, 0.002415, 0.002272, 0.002309, 0.002297, 0.001429, 0.000910, 0.001571, 0.001532, 0.001535, 0.001196, 0.001472, 0.001376, 0.001498, 0.001342, 0.001498, 0.001344, 0.001406, 0.001254, 0.001469, 0.001435, 0.001497, 0.001249, 0.001463, 0.001309, 0.001523, 0.001428
6 , 1, 1, 1, 1, 1, 1, 1
6 , 0.029038, 0.033623, 0.037088, 0.038712, 0.033650, 0.032715, 0.030798
7 , 0.002029, 0.002230, 0.002029, 0.002203, 0.002280, 0.002238, 0.002269, 0.002142, 0.002338, 0.002294, 0.002374, 0.002211, 0.002322, 0.002410, 0.002236, 0.002269, 0.002200, 0.002415, 0.002272, 0.002309, 0.002297, 0.001429, 0.000910, 0.001571, 0.001532, 0.001535, 0.001196, 0.001472, 0.001376, 0.001498, 0.001342, 0.001498, 0.001344, 0.001406, 0.001254, 0.001469, 0.001435, 0.001497, 0.001249, 0.001463, 0.001309, 0.001523, 0.001428, 0.001583, 0.001458, 0.001675, 0.001577, 0.000141, 0.001796, 0.001756, 0.001674, 0.001922, 0.001908, 0.002016, 0.001735, 0.001927, 0.002053, 0.001892, 0.001978, 0.001777, 0.002119, 0.002004, 0.002149, 0.002051, 0.002010, 0.002208, 0.002071, 0.002155, 0.002001, 0.002249, 0.002219, 0.002247, 0.000634, 0.001624, 0.001496, 0.001408, 0.001344, 0.001313, 0.001407, 0.001253, 0.001377, 0.001288, 0.001442, 0.001197, 0.001293, 0.001172, 0.001422, 0.001270, 0.001244, 0.000972, 0.001307, 0.001150
7 , 1, 1, 1, 1, 1, 1, 1
7 , 0.024265, 0.027763, 0.030186, 0.031143, 0.033785, 0.031223, 0.030607
8 , 0.001674, 0.001922, 0.001908, 0.002016, 0.001735, 0.001927, 0.002053, 0.001892, 0.001978, 0.001777, 0.002119, 0.002004, 0.002149, 0.002051, 0.002010, 0.002208, 0.002071, 0.002155, 0.002001, 0.002249, 0.002219, 0.002247, 0.000634, 0.001624, 0.001496, 0.001408, 0.001344, 0.001313, 0.001407, 0.001253, 0.001377, 0.001288, 0.001442, 0.001197, 0.001293, 0.001172, 0.001422, 0.001270, 0.001244, 0.000972, 0.001307, 0.001150, 0.001362, 0.001151, 0.001386, 0.000474, 0.001567, 0.002053, 0.002062, 0.002040, 0.002042, 0.002239, 0.002280, 0.002189, 0.002136, 0.001954, 0.002246, 0.002139, 0.002210, 0.002050, 0.002227, 0.002308, 0.002266, 0.002216, 0.002095, 0.002496, 0.002335, 0.002194, 0.002136, 0.002427, 0.000890, 0.001392, 0.001376, 0.001316, 0.001348, 0.001286, 0.001072, 0.001009, 0.001071, 0.001252, 0.001227, 0.001200, 0.001229, 0.001166, 0.001228, 0.001254, 0.001129, 0.001218, 0.001153, 0.001179, 0.001176, 0.001238
8 , 1, 1, 1, 1, 1, 1, 1
8 , 0.028328, 0.033004, 0.038376, 0.038523, 0.035649, 0.034335, 0.032792
9 , 0.002040, 0.002042, 0.002239, 0.002280, 0.002189, 0.002136, 0.001954, 0.002246, 0.002139, 0.002210, 0.002050, 0.002227, 0.002308, 0.002266, 0.002216, 0.002095, 0.002496, 0.002335, 0.002194, 0.002136, 0.002427, 0.000890, 0.001392, 0.001376, 0.001316, 0.001348, 0.001286, 0.001072, 0.001009, 0.001071, 0.001252, 0.001227, 0.001200, 0.001229, 0.001166, 0.001228, 0.001254, 0.001129, 0.001218, 0.001153, 0.001179, 0.001176, 0.001238, 0.001145, 0.001268, 0.001179, 0.001181, 0.000850, 0.002187, 0.002003, 0.002220, 0.002284, 0.002399, 0.002430, 0.002418, 0.002488, 0.002330, 0.002485, 0.002376, 0.002467, 0.002482, 0.002515, 0.002366, 0.002242, 0.002502, 0.002365, 0.002368, 0.002238, 0.002252, 0.002307, 0.002324, 0.001533, 0.001065, 0.001354, 0.001532, 0.001382, 0.001319, 0.001293, 0.001295, 0.001142, 0.001206, 0.001236, 0.001238, 0.001179, 0.001303, 0.001209, 0.001303, 0.001182, 0.001305, 0.001302, 0.001241, 0.001212
9 , 1, 1, 1, 1, 1, 1, 1
9 , 0.036910, 0.040282, 0.044096, 0.044888, 0.045668, 0.042915, 0.040536
10 , 0.002220, 0.002284, 0.002399, 0.002430, 0.002418, 0.002488, 0.002330, 0.002485, 0.002376, 0.002467, 0.002482, 0.002515, 0.002366, 0.002242, 0.002502, 0.002365, 0.002368, 0.002238, 0.002252, 0.002307, 0.002324, 0.001533, 0.001065, 0.001354, 0.001532, 0.001382, 0.001319, 0.001293, 0.001295, 0.001142, 0.001206, 0.001236, 0.001238, 0.001179, 0.001303, 0.001209, 0.001303, 0.001182, 0.001305, 0.001302, 0.001241, 0.001212, 0.001330, 0.001216, 0.001475, 0.000040, 0.001850, 0.002133, 0.002135, 0.001948, 0.002103, 0.002291, 0.002221, 0.002221, 0.002191, 0.002432, 0.002252, 0.002327, 0.002239, 0.002235, 0.002241, 0.002086, 0.002182, 0.002036, 0.002236, 0.002112, 0.002143, 0.002105, 0.002115, 0.002228, 0.002147, 0.002180, 0.000418, 0.001525, 0.001676, 0.001495, 0.001525, 0.001403, 0.001435, 0.001253, 0.001440, 0.001256, 0.001472, 0.001230, 0.001264, 0.001171, 0.001357, 0.001173, 0.001359, 0.001174, 0.001452, 0.001176
10 , 1, 1, 1, 1, 1, 1, 1
10 , 0.034369, 0.038237, 0.043623, 0.044104, 0.042716, 0.038531, 0.036993
11 , 0.001948, 0.002103, 0.002291, 0.002221, 0.002221, 0.002191, 0.002432, 0.002252, 0.002327, 0.002239, 0.002235, 0.002241, 0.002086, 0.002182, 0.002036, 0.002236, 0.002112, 0.002143, 0.002105, 0.002115, 0.002228, 0.002147, 0.002180, 0.000418, 0.001525, 0.001676, 0.001495, 0.001525, 0.001403, 0.001435, 0.001253, 0.001440, 0.001256, 0.001472, 0.001230, 0.001264, 0.001171, 0.001357, 0.001173, 0.001359, 0.001174, 0.001452, 0.001176, 0.001391, 0.001176, 0.001358, 0.001172, 0.001324, 0.001232, 0.001445, 0.001290, 0.001413, 0.001286, 0.001500, 0.001253, 0.001312, 0.001371, 0.001433, 0.001370, 0.001523, 0.001430, 0.001398, 0.001335, 0.001458, 0.001427, 0.001487, 0.001488, 0.001458, 0.001427, 0.001488, 0.001458, 0.001458, 0.001460, 0.001433, 0.001281, 0.001376, 0.001315, 0.001289, 0.001292, 0.001326, 0.001325, 0.001143, 0.001242, 0.001155, 0.001217, 0.001066, 0.001189, 0.001157, 0.001155, 0.001063, 0.001062, 0.001122
11 , 1, 1, 1, 1, 1, 1, 1
11 , 0.017089, 0.018906, 0.020428, 0.022035, 0.023404, 0.021474, 0.020906
12 , 0.001290, 0.001413, 0.001286, 0.001500, 0.001253, 0.001312, 0.001371, 0.001433, 0.001370, 0.001523, 0.001430, 0.001398, 0.001335, 0.001458, 0.001427, 0.001487, 0.001488, 0.001458, 0.001427, 0.001488, 0.001458, 0.001458, 0.001460, 0.001433, 0.001281, 0.001376, 0.001315, 0.001289, 0.001292, 0.001326, 0.001325, 0.001143, 0.001242, 0.001155, 0.001217, 0.001066, 0.001189, 0.001157, 0.001155, 0.001063, 0.001062, 0.001122, 0.001311, 0.001122, 0.001302, 0.001150, 0.001240, 0.001174, 0.001355, 0.001229, 0.001411, 0.001195, 0.001315, 0.001345, 0.001407, 0.001313, 0.001435, 0.001250, 0.001434, 0.001310, 0.001493, 0.001339, 0.001493, 0.001370, 0.001466, 0.001282, 0.001404, 0.001190, 0.001528, 0.001376, 0.001438, 0.001287, 0.001411, 0.001195, 0.001322, 0.001261, 0.001353, 0.001168, 0.001291, 0.001137, 0.001293, 0.001111, 0.001296, 0.001173, 0.001237, 0.001145, 0.001207, 0.001146, 0.001242, 0.001211, 0.001272, 0.001086
12 , 1, 1, 1, 1, 1, 1, 1
12 , 0.004438, 0.005331, 0.006195, 0.006977, 0.007625, 0.007980, 0.007948
13 , 0.001195, 0.001315, 0.001345, 0.001407, 0.001313, 0.001435, 0.001250, 0.001434, 0.001310, 0.001493, 0.001339, 0.001493, 0.001370, 0.001466, 0.001282, 0.001404, 0.001190, 0.001528, 0.001376, 0.001438, 0.001287, 0.001411, 0.001195, 0.001322, 0.001261, 0.001353, 0.001168, 0.001291, 0.001137, 0.001293, 0.001111, 0.001296, 0.001173, 0.001237, 0.001145, 0.001207, 0.001146, 0.001242, 0.001211, 0.001272, 0.001086, 0.001210, 0.001208, 0.001240, 0.001120, 0.001182, 0.001212, 0.001277, 0.001245, 0.001213, 0.001272, 0.001179, 0.001296, 0.001388, 0.001357, 0.001293, 0.001418, 0.001262, 0.001357, 0.001357, 0.001357, 0.001201, 0.001264, 0.001266, 0.001354, 0.001321, 0.001444, 0.001292, 0.001413, 0.001288, 0.001441, 0.001286, 0.001440, 0.001286, 0.001441, 0.001290, 0.001413, 0.001289, 0.001504, 0.001382, 0.001414, 0.001228, 0.001412, 0.001259, 0.001472, 0.001230, 0.001265, 0.001113, 0.001388, 0.001264, 0.001269, 0.001146
13 , 2, 2, 2, 2, 2, 1, 1
13 , 0.004140, 0.004099, 0.004137, 0.003811, 0.003764, 0.003924, 0.003917
14 , 0.001212, 0.001277, 0.001245, 0.001213, 0.001272, 0.001179, 0.001296, 0.001388, 0.001357, 0.001293, 0.001418, 0.001262, 0.001357, 0.001357, 0.001357, 0.001201, 0.001264, 0.001266, 0.001354, 0.001321, 0.001444, 0.001292, 0.001413, 0.001288, 0.001441, 0.001286, 0.001440, 0.001286, 0.001441, 0.001290, 0.001413, 0.001289, 0.001504, 0.001382, 0.001414, 0.001228, 0.001412, 0.001259, 0.001472, 0.001230, 0.001265, 0.001113, 0.001388, 0.001264, 0.001269, 0.001146, 0.001329, 0.001205, 0.001328, 0.001236, 0.001298, 0.001235, 0.001263, 0.001199, 0.001262, 0.001173, 0.001269, 0.001147, 0.001239, 0.001329, 0.001267, 0.001238, 0.001362, 0.001268, 0.001328, 0.001329, 0.001329, 0.001298, 0.001360, 0.001359, 0.001207, 0.001361, 0.001177, 0.001244, 0.001125, 0.001186, 0.001063, 0.001185, 0.001189, 0.001190, 0.001036, 0.001161, 0.001065, 0.001217, 0.001123, 0.001278, 0.001182, 0.001219, 0.001123, 0.001366, 0.001150, 0.001305
14 , 3, 3, 3, 3, 3, 3, 3
14 , 0.003132, 0.003084, 0.002885, 0.002593, 0.002490, 0.002212, 0.001823
15 , 0.001329, 0.001205, 0.001328, 0.001236, 0.001298, 0.001235, 0.001263, 0.001199, 0.001262, 0.001173, 0.001269, 0.001147, 0.001239, 0.001329, 0.001267, 0.001238, 0.001362, 0.001268, 0.001328, 0.001329, 0.001329, 0.001298, 0.001360, 0.001359, 0.001207, 0.001361, 0.001177, 0.001244, 0.001125, 0.001186, 0.001063, 0.001185, 0.001189, 0.001190, 0.001036, 0.001161, 0.001065, 0.001217, 0.001123, 0.001278, 0.001182, 0.001219, 0.001123, 0.001366, 0.001150, 0.001305, 0.001212, 0.001332, 0.001239, 0.001421, 0.001175, 0.001356, 0.001231, 0.001476, 0.001260, 0.001412, 0.001286, 0.001378, 0.001285, 0.001529, 0.001406, 0.001559, 0.001313, 0.001408, 0.001313, 0.001469, 0.001345, 0.001409, 0.001378, 0.001469, 0.001315, 0.001408, 0.001377, 0.001438, 0.001256, 0.001256, 0.001319, 0.001381, 0.001287, 0.001347, 0.001468, 0.001437, 0.001437, 0.001376, 0.001467, 0.001375, 0.001526, 0.001341, 0.001343, 0.001219, 0.001586, 0.001371
15 , 2, 2, 2, 2, 2, 1, 1
15 , 0.001841, 0.001698, 0.001737, 0.001927, 0.001934, 0.002126, 0.001782
16 , 0.001356, 0.001231, 0.001476, 0.001260, 0.001412, 0.001286, 0.001378, 0.001285, 0.001529, 0.001406, 0.001559, 0.001313, 0.001408, 0.001313, 0.001469, 0.001345, 0.001409, 0.001378, 0.001469, 0.001315, 0.001408, 0.001377, 0.001438, 0.001256, 0.001256, 0.001319, 0.001381, 0.001287, 0.001347, 0.001468, 0.001437, 0.001437, 0.001376, 0.001467, 0.001375, 0.001526, 0.001341, 0.001343, 0.001219, 0.001586, 0.001371, 0.001433, 0.001374, 0.001465, 0.001281, 0.001374, 0.001312, 0.001556, 0.001372, 0.001586, 0.001374, 0.001559, 0.001345, 0.001440, 0.001288, 0.001504, 0.001320, 0.001507, 0.001320, 0.001411, 0.001317, 0.001531, 0.001285, 0.001439, 0.001377, 0.001500, 0.001314, 0.001437, 0.001373, 0.001527, 0.001311, 0.001464, 0.001341, 0.001461, 0.001369, 0.001645, 0.001370, 0.001462, 0.001462, 0.001373, 0.001464, 0.001495, 0.001495, 0.001495, 0.001404, 0.001433, 0.001435, 0.001436, 0.001407, 0.001377, 0.001529, 0.001379
16 , 0, 0, 0, 2, 2, 0, 0
16 , 0.000961, 0.000762, 0.000590, 0.000597, 0.000603, 0.000542, 0.000991
