0 , 0.001749, 0.001691, 0.001860, 0.001898, 0.001776, 0.001776, 0.001860, 0.002024, 0.001870, 0.002011, 0.001809, 0.002060, 0.001987, 0.001989, 0.001979, 0.001878, 0.002134, 0.001850, 0.001951, 0.001977, 0.001898, 0.002071, 0.001455, 0.001422, 0.001800, 0.001643, 0.001494, 0.001495, 0.001404, 0.001558, 0.001404, 0.001561, 0.001379, 0.001502, 0.001379, 0.001535, 0.001351, 0.001535, 0.001287, 0.001564, 0.001348, 0.001529, 0.001406, 0.001739, 0.001375, 0.001794, 0.000336, 0.001482, 0.001675, 0.001691, 0.001830, 0.001635, 0.001715, 0.001973, 0.001816, 0.001823, 0.001708, 0.001976, 0.001910, 0.001936, 0.001804, 0.001807, 0.001903, 0.001755, 0.001964, 0.001764, 0.001971, 0.001839, 0.001788, 0.001713, 0.001859, 0.000202, 0.002034, 0.001880, 0.001850, 0.001728, 0.001819, 0.001819, 0.001849, 0.001636, 0.001727, 0.001696, 0.001880, 0.001788, 0.001758, 0.001666, 0.001849, 0.001697, 0.001759, 0.001638, 0.001700, 0.001579
0 , 1, 1, 1, 1, 2, 1, 1
0 , 0.006688, 0.008367, 0.009852, 0.013588, 0.010572, 0.010867, 0.011433
1 , 0.001691, 0.001830, 0.001635, 0.001715, 0.001973, 0.001816, 0.001823, 0.001708, 0.001976, 0.001910, 0.001936, 0.001804, 0.001807, 0.001903, 0.001755, 0.001964, 0.001764, 0.001971, 0.001839, 0.001788, 0.001713, 0.001859, 0.000202, 0.002034, 0.001880, 0.001850, 0.001728, 0.001819, 0.001819, 0.001849, 0.001636, 0.001727, 0.001696, 0.001880, 0.001788, 0.001758, 0.001666, 0.001849, 0.001697, 0.001759, 0.001638, 0.001700, 0.001579, 0.001642, 0.001550, 0.001553, 0.001582, 0.001246, 0.001125, 0.001919, 0.001712, 0.002115, 0.001966, 0.001946, 0.001933, 0.001859, 0.002079, 0.001960, 0.002087, 0.001947, 0.002104, 0.002049, 0.001916, 0.001910, 0.001976, 0.002339, 0.002086, 0.002040, 0.001858, 0.002089, 0.002035, 0.002119, 0.000697, 0.001485, 0.001705, 0.001795, 0.001676, 0.001703, 0.001764, 0.001671, 0.001671, 0.001548, 0.001578, 0.001669, 0.001608, 0.001548, 0.001639, 0.001547, 0.001640, 0.001519, 0.001611, 0.001609
1 , 1, 1, 1, 1, 1, 1, 1
1 , 0.005713, 0.008051, 0.009456, 0.010794, 0.009581, 0.009322, 0.009087
2 , 0.001919, 0.001712, 0.002115, 0.001966, 0.001946, 0.001933, 0.001859, 0.002079, 0.001960, 0.002087, 0.001947, 0.002104, 0.002049, 0.001916, 0.001910, 0.001976, 0.002339, 0.002086, 0.002040, 0.001858, 0.002089, 0.002035, 0.002119, 0.000697, 0.001485, 0.001705, 0.001795, 0.001676, 0.001703, 0.001764, 0.001671, 0.001671, 0.001548, 0.001578, 0.001669, 0.001608, 0.001548, 0.001639, 0.001547, 0.001640, 0.001519, 0.001611, 0.001609, 0.001671, 0.001641, 0.001490, 0.001609, 0.000457, 0.001604, 0.001827, 0.001858, 0.001719, 0.002033, 0.001888, 0.001843, 0.001825, 0.001797, 0.002064, 0.001968, 0.001905, 0.001797, 0.002099, 0.002035, 0.002052, 0.001977, 0.001825, 0.002156, 0.001961, 0.001994, 0.001779, 0.001954, 0.002060, 0.001866, 0.001481, 0.001208, 0.001737, 0.001886, 0.001582, 0.001488, 0.001548, 0.001699, 0.001577, 0.001730, 0.001577, 0.001638, 0.001484, 0.001607, 0.001545, 0.001545, 0.001545, 0.001514, 0.001485
2 , 1, 1, 1, 1, 1, 1, 1
2 , 0.008891, 0.010187, 0.012179, 0.014330, 0.018247, 0.016968, 0.015643
3 , 0.001858, 0.001719, 0.002033, 0.001888, 0.001843, 0.001825, 0.001797, 0.002064, 0.001968, 0.001905, 0.001797, 0.002099, 0.002035, 0.002052, 0.001977, 0.001825, 0.002156, 0.001961, 0.001994, 0.001779, 0.001954, 0.002060, 0.001866, 0.001481, 0.001208, 0.001737, 0.001886, 0.001582, 0.001488, 0.001548, 0.001699, 0.001577, 0.001730, 0.001577, 0.001638, 0.001484, 0.001607, 0.001545, 0.001545, 0.001545, 0.001514, 0.001485, 0.001607, 0.001485, 0.001486, 0.001457, 0.001548, 0.001400, 0.001640, 0.000420, 0.001549, 0.001931, 0.001900, 0.001808, 0.002132, 0.002146, 0.002093, 0.002019, 0.001955, 0.002037, 0.001974, 0.002273, 0.002035, 0.002204, 0.002071, 0.002052, 0.002087, 0.001991, 0.002245, 0.001991, 0.002082, 0.002070, 0.001961, 0.002218, 0.000085, 0.001957, 0.001677, 0.001526, 0.001525, 0.001586, 0.001402, 0.001585, 0.001461, 0.001615, 0.001430, 0.001676, 0.001582, 0.001643, 0.001552, 0.001674, 0.001549, 0.001732
3 , 1, 1, 1, 1, 1, 1, 1
3 , 0.009399, 0.012343, 0.014164, 0.015793, 0.017366, 0.017549, 0.019919
4 , 0.001900, 0.001808, 0.002132, 0.002146, 0.002093, 0.002019, 0.001955, 0.002037, 0.001974, 0.002273, 0.002035, 0.002204, 0.002071, 0.002052, 0.002087, 0.001991, 0.002245, 0.001991, 0.002082, 0.002070, 0.001961, 0.002218, 0.000085, 0.001957, 0.001677, 0.001526, 0.001525, 0.001586, 0.001402, 0.001585, 0.001461, 0.001615, 0.001430, 0.001676, 0.001582, 0.001643, 0.001552, 0.001674, 0.001549, 0.001732, 0.001640, 0.001702, 0.001610, 0.001520, 0.001548, 0.001440, 0.001102, 0.001716, 0.001858, 0.001698, 0.001827, 0.001719, 0.001835, 0.001887, 0.001800, 0.001903, 0.001646, 0.001908, 0.001779, 0.001847, 0.001699, 0.001840, 0.002079, 0.001772, 0.001828, 0.001849, 0.001854, 0.001898, 0.001858, 0.002032, 0.000661, 0.001423, 0.001860, 0.001733, 0.001675, 0.001641, 0.001705, 0.001582, 0.001704, 0.001520, 0.001703, 0.001490, 0.001737, 0.001551, 0.001643, 0.001370, 0.001524, 0.001433, 0.001589, 0.001404, 0.001620, 0.001343
4 , 1, 1, 1, 1, 1, 1, 1
4 , 0.011912, 0.014847, 0.016783, 0.017063, 0.013281, 0.013987, 0.013775
5 , 0.001698, 0.001827, 0.001719, 0.001835, 0.001887, 0.001800, 0.001903, 0.001646, 0.001908, 0.001779, 0.001847, 0.001699, 0.001840, 0.002079, 0.001772, 0.001828, 0.001849, 0.001854, 0.001898, 0.001858, 0.002032, 0.000661, 0.001423, 0.001860, 0.001733, 0.001675, 0.001641, 0.001705, 0.001582, 0.001704, 0.001520, 0.001703, 0.001490, 0.001737, 0.001551, 0.001643, 0.001370, 0.001524, 0.001433, 0.001589, 0.001404, 0.001620, 0.001343, 0.001468, 0.001404, 0.001504, 0.001461, 0.000256, 0.001889, 0.001820, 0.001750, 0.001843, 0.002042, 0.002076, 0.001872, 0.001988, 0.002115, 0.002171, 0.002267, 0.001944, 0.002157, 0.002000, 0.002077, 0.001958, 0.001975, 0.002193, 0.002141, 0.002304, 0.001972, 0.002151, 0.002116, 0.001693, 0.001061, 0.001659, 0.001623, 0.001624, 0.001530, 0.001376, 0.001499, 0.001377, 0.001620, 0.001376, 0.001590, 0.001402, 0.001676, 0.001462, 0.001614, 0.001368, 0.001643, 0.001520, 0.001703, 0.001613
5 , 1, 1, 1, 1, 1, 1, 1
5 , 0.011850, 0.014080, 0.016019, 0.015178, 0.017405, 0.016148, 0.015784
6 , 0.001750, 0.001843, 0.002042, 0.002076, 0.001872, 0.001988, 0.002115, 0.002171, 0.002267, 0.001944, 0.002157, 0.002000, 0.002077, 0.001958, 0.001975, 0.002193, 0.002141, 0.002304, 0.001972, 0.002151, 0.002116, 0.001693, 0.001061, 0.001659, 0.001623, 0.001624, 0.001530, 0.001376, 0.001499, 0.001377, 0.001620, 0.001376, 0.001590, 0.001402, 0.001676, 0.001462, 0.001614, 0.001368, 0.001643, 0.001520, 0.001703, 0.001613, 0.001795, 0.001493, 0.001792, 0.000494, 0.001333, 0.001807, 0.001779, 0.001903, 0.001708, 0.001881, 0.001947, 0.001911, 0.001956, 0.001959, 0.002208, 0.002131, 0.002111, 0.001976, 0.002040, 0.002205, 0.002114, 0.001967, 0.001898, 0.002231, 0.002104, 0.002108, 0.002033, 0.002124, 0.000165, 0.001794, 0.001672, 0.001735, 0.001521, 0.001614, 0.001460, 0.001523, 0.001433, 0.001557, 0.001560, 0.001347, 0.001321, 0.001628, 0.001381, 0.001474, 0.001381, 0.001444, 0.001323, 0.001415, 0.001322, 0.001476
6 , 1, 1, 1, 1, 1, 1, 1
6 , 0.017303, 0.020415, 0.024695, 0.022449, 0.021321, 0.020959, 0.020299
7 , 0.001779, 0.001903, 0.001708, 0.001881, 0.001947, 0.001911, 0.001956, 0.001959, 0.002208, 0.002131, 0.002111, 0.001976, 0.002040, 0.002205, 0.002114, 0.001967, 0.001898, 0.002231, 0.002104, 0.002108, 0.002033, 0.002124, 0.000165, 0.001794, 0.001672, 0.001735, 0.001521, 0.001614, 0.001460, 0.001523, 0.001433, 0.001557, 0.001560, 0.001347, 0.001321, 0.001628, 0.001381, 0.001474, 0.001381, 0.001444, 0.001323, 0.001415, 0.001322, 0.001476, 0.001472, 0.001625, 0.001525, 0.001387, 0.000908, 0.001979, 0.001643, 0.001995, 0.001918, 0.001996, 0.001685, 0.001758, 0.001891, 0.001828, 0.001903, 0.001704, 0.002088, 0.001929, 0.001955, 0.001770, 0.001910, 0.001973, 0.001870, 0.002052, 0.001921, 0.002159, 0.001974, 0.002205, 0.000870, 0.001392, 0.001554, 0.001705, 0.001708, 0.001461, 0.001553, 0.001493, 0.001494, 0.001433, 0.001465, 0.001524, 0.001618, 0.001435, 0.001497, 0.001525, 0.001557, 0.001435, 0.001527, 0.001437
7 , 1, 1, 1, 1, 1, 1, 1
7 , 0.013073, 0.016257, 0.018533, 0.020435, 0.018968, 0.019112, 0.018106
8 , 0.001979, 0.001643, 0.001995, 0.001918, 0.001996, 0.001685, 0.001758, 0.001891, 0.001828, 0.001903, 0.001704, 0.002088, 0.001929, 0.001955, 0.001770, 0.001910, 0.001973, 0.001870, 0.002052, 0.001921, 0.002159, 0.001974, 0.002205, 0.000870, 0.001392, 0.001554, 0.001705, 0.001708, 0.001461, 0.001553, 0.001493, 0.001494, 0.001433, 0.001465, 0.001524, 0.001618, 0.001435, 0.001497, 0.001525, 0.001557, 0.001435, 0.001527, 0.001437, 0.001653, 0.001463, 0.001470, 0.001553, 0.000190, 0.001787, 0.001840, 0.001739, 0.001675, 0.001891, 0.001807, 0.001973, 0.001786, 0.001763, 0.001866, 0.001634, 0.001795, 0.001772, 0.001941, 0.001791, 0.001859, 0.001763, 0.001798, 0.001926, 0.001750, 0.001830, 0.001681, 0.001880, 0.001614, 0.000967, 0.002035, 0.001789, 0.001668, 0.001606, 0.001486, 0.001519, 0.001612, 0.001554, 0.001498, 0.001288, 0.001348, 0.001440, 0.001384, 0.001323, 0.001385, 0.001385, 0.001507, 0.001476, 0.001445
8 , 1, 1, 1, 1, 1, 1, 1
8 , 0.008606, 0.010151, 0.012030, 0.014278, 0.018055, 0.015132, 0.014748
9 , 0.001739, 0.001675, 0.001891, 0.001807, 0.001973, 0.001786, 0.001763, 0.001866, 0.001634, 0.001795, 0.001772, 0.001941, 0.001791, 0.001859, 0.001763, 0.001798, 0.001926, 0.001750, 0.001830, 0.001681, 0.001880, 0.001614, 0.000967, 0.002035, 0.001789, 0.001668, 0.001606, 0.001486, 0.001519, 0.001612, 0.001554, 0.001498, 0.001288, 0.001348, 0.001440, 0.001384, 0.001323, 0.001385, 0.001385, 0.001507, 0.001476, 0.001445, 0.001503, 0.001381, 0.001562, 0.001261, 0.001494, 0.000653, 0.001715, 0.001896, 0.001939, 0.001617, 0.001909, 0.001724, 0.001888, 0.001984, 0.001837, 0.001823, 0.001821, 0.002044, 0.001905, 0.002022, 0.001743, 0.001964, 0.001938, 0.001909, 0.002109, 0.001911, 0.002154, 0.002142, 0.002110, 0.002164, 0.000186, 0.001498, 0.001686, 0.001650, 0.001708, 0.001614, 0.001612, 0.001579, 0.001670, 0.001547, 0.001669, 0.001455, 0.001760, 0.001575, 0.001727, 0.001696, 0.001818, 0.001605, 0.001757, 0.001757
9 , 1, 1, 1, 1, 1, 1, 1
9 , 0.008046, 0.010799, 0.012775, 0.013638, 0.015036, 0.012707, 0.011810
10 , 0.001939, 0.001617, 0.001909, 0.001724, 0.001888, 0.001984, 0.001837, 0.001823, 0.001821, 0.002044, 0.001905, 0.002022, 0.001743, 0.001964, 0.001938, 0.001909, 0.002109, 0.001911, 0.002154, 0.002142, 0.002110, 0.002164, 0.000186, 0.001498, 0.001686, 0.001650, 0.001708, 0.001614, 0.001612, 0.001579, 0.001670, 0.001547, 0.001669, 0.001455, 0.001760, 0.001575, 0.001727, 0.001696, 0.001818, 0.001605, 0.001757, 0.001757, 0.001818, 0.001666, 0.001788, 0.001362, 0.000752, 0.001636, 0.001542, 0.001554, 0.001813, 0.001610, 0.001697, 0.001634, 0.001910, 0.001931, 0.001858, 0.001957, 0.001820, 0.002208, 0.002164, 0.002167, 0.001968, 0.002143, 0.002184, 0.001971, 0.002114, 0.001923, 0.002096, 0.002035, 0.001972, 0.001974, 0.000921, 0.001362, 0.001919, 0.001792, 0.001824, 0.001577, 0.001608, 0.001637, 0.001760, 0.001606, 0.001820, 0.001606, 0.001819, 0.001575, 0.001697, 0.001636, 0.001789, 0.001697, 0.001699, 0.001517
10 , 1, 1, 1, 1, 1, 1, 1
10 , 0.006715, 0.009265, 0.011418, 0.014774, 0.012183, 0.010739, 0.010204
11 , 0.001554, 0.001813, 0.001610, 0.001697, 0.001634, 0.001910, 0.001931, 0.001858, 0.001957, 0.001820, 0.002208, 0.002164, 0.002167, 0.001968, 0.002143, 0.002184, 0.001971, 0.002114, 0.001923, 0.002096, 0.002035, 0.001972, 0.001974, 0.000921, 0.001362, 0.001919, 0.001792, 0.001824, 0.001577, 0.001608, 0.001637, 0.001760, 0.001606, 0.001820, 0.001606, 0.001819, 0.001575, 0.001697, 0.001636, 0.001789, 0.001697, 0.001699, 0.001517, 0.001701, 0.001580, 0.001613, 0.001461, 0.001649, 0.001437, 0.001596, 0.001409, 0.001474, 0.001322, 0.001415, 0.001475, 0.001416, 0.001261, 0.001477, 0.001292, 0.001384, 0.001292, 0.001445, 0.001412, 0.001443, 0.001347, 0.001530, 0.001405, 0.001586, 0.001432, 0.001522, 0.001582, 0.001489, 0.001579, 0.001518, 0.001579, 0.001517, 0.001608, 0.001730, 0.001607, 0.001576, 0.001728, 0.001637, 0.001729, 0.001698, 0.001821, 0.001608, 0.001731, 0.001518, 0.001672, 0.001551, 0.001521, 0.001552
11 , 2, 2, 2, 2, 2, 2, 2
11 , 0.006947, 0.009074, 0.009986, 0.010776, 0.011868, 0.010230, 0.009894
12 , 0.001409, 0.001474, 0.001322, 0.001415, 0.001475, 0.001416, 0.001261, 0.001477, 0.001292, 0.001384, 0.001292, 0.001445, 0.001412, 0.001443, 0.001347, 0.001530, 0.001405, 0.001586, 0.001432, 0.001522, 0.001582, 0.001489, 0.001579, 0.001518, 0.001579, 0.001517, 0.001608, 0.001730, 0.001607, 0.001576, 0.001728, 0.001637, 0.001729, 0.001698, 0.001821, 0.001608, 0.001731, 0.001518, 0.001672, 0.001551, 0.001521, 0.001552, 0.001675, 0.001492, 0.001587, 0.001522, 0.001615, 0.001432, 0.001556, 0.001402, 0.001498, 0.001466, 0.001683, 0.001497, 0.001559, 0.001529, 0.001743, 0.001527, 0.001590, 0.001466, 0.001650, 0.001311, 0.001586, 0.001461, 0.001677, 0.001491, 0.001612, 0.001549, 0.001702, 0.001579, 0.001669, 0.001485, 0.001576, 0.001544, 0.001789, 0.001727, 0.001758, 0.001666, 0.001788, 0.001697, 0.001727, 0.001574, 0.001758, 0.001728, 0.001607, 0.001486, 0.001519, 0.001615, 0.001527, 0.001407, 0.001441, 0.001383
12 , 0, 0, 0, 0, 0, 0, 0
12 , 0.006251, 0.006032, 0.005633, 0.005526, 0.005029, 0.004789, 0.003972
13 , 0.001615, 0.001432, 0.001556, 0.001402, 0.001498, 0.001466, 0.001683, 0.001497, 0.001559, 0.001529, 0.001743, 0.001527, 0.001590, 0.001466, 0.001650, 0.001311, 0.001586, 0.001461, 0.001677, 0.001491, 0.001612, 0.001549, 0.001702, 0.001579, 0.001669, 0.001485, 0.001576, 0.001544, 0.001789, 0.001727, 0.001758, 0.001666, 0.001788, 0.001697, 0.001727, 0.001574, 0.001758, 0.001728, 0.001607, 0.001486, 0.001519, 0.001615, 0.001527, 0.001407, 0.001441, 0.001383, 0.001357, 0.001362, 0.001303, 0.001219, 0.001278, 0.001313, 0.001284, 0.001345, 0.001136, 0.001228, 0.001193, 0.001316, 0.001248, 0.001369, 0.001241, 0.001454, 0.001323, 0.001382, 0.001286, 0.001558, 0.001309, 0.001523, 0.001337, 0.001429, 0.001488, 0.001672, 0.001458, 0.001549, 0.001397, 0.001519, 0.001335, 0.001519, 0.001488, 0.001763, 0.001515, 0.001730, 0.001486, 0.001519, 0.001426, 0.001610, 0.001428, 0.001460, 0.001428, 0.001520, 0.001398, 0.001582
13 , 0, 0, 0, 0, 0, 0, 0
13 , 0.006428, 0.006666, 0.006337, 0.006083, 0.005161, 0.004766, 0.003780
14 , 0.001362, 0.001303, 0.001219, 0.001278, 0.001313, 0.001284, 0.001345, 0.001136, 0.001228, 0.001193, 0.001316, 0.001248, 0.001369, 0.001241, 0.001454, 0.001323, 0.001382, 0.001286, 0.001558, 0.001309, 0.001523, 0.001337, 0.001429, 0.001488, 0.001672, 0.001458, 0.001549, 0.001397, 0.001519, 0.001335, 0.001519, 0.001488, 0.001763, 0.001515, 0.001730, 0.001486, 0.001519, 0.001426, 0.001610, 0.001428, 0.001460, 0.001428, 0.001520, 0.001398, 0.001582, 0.001487, 0.001640, 0.001456, 0.001547, 0.001517, 0.001518, 0.001579, 0.001550, 0.001519, 0.001488, 0.001518, 0.001517, 0.001578, 0.001578, 0.001639, 0.001608, 0.001608, 0.001607, 0.001668, 0.001576, 0.001577, 0.001515, 0.001637, 0.001546, 0.001607, 0.001577, 0.001669, 0.001546, 0.001639, 0.001394, 0.001548, 0.001546, 0.001669, 0.001515, 0.001639, 0.001547, 0.001639, 0.001394, 0.001608, 0.001516, 0.001608, 0.001455, 0.001638, 0.001607, 0.001577, 0.001423, 0.001606
14 , 3, 3, 3, 3, 3, 3, 3
14 , 0.003945, 0.004282, 0.004412, 0.004642, 0.004940, 0.004663, 0.004363
15 , 0.001518, 0.001579, 0.001550, 0.001519, 0.001488, 0.001518, 0.001517, 0.001578, 0.001578, 0.001639, 0.001608, 0.001608, 0.001607, 0.001668, 0.001576, 0.001577, 0.001515, 0.001637, 0.001546, 0.001607, 0.001577, 0.001669, 0.001546, 0.001639, 0.001394, 0.001548, 0.001546, 0.001669, 0.001515, 0.001639, 0.001547, 0.001639, 0.001394, 0.001608, 0.001516, 0.001608, 0.001455, 0.001638, 0.001607, 0.001577, 0.001423, 0.001606, 0.001545, 0.001698, 0.001453, 0.001697, 0.001575, 0.001697, 0.001605, 0.001636, 0.001483, 0.001484, 0.001576, 0.001577, 0.001486, 0.001547, 0.001518, 0.001427, 0.001520, 0.001458, 0.001337, 0.001459, 0.001428, 0.001430, 0.001491, 0.001430, 0.001462, 0.001311, 0.001524, 0.001525, 0.001525, 0.001434, 0.001559, 0.001285, 0.001501, 0.001256, 0.001348, 0.001347, 0.001531, 0.001378, 0.001529, 0.001405, 0.001499, 0.001223, 0.001437, 0.001314, 0.001529, 0.001374, 0.001527, 0.001372, 0.001524, 0.001340
15 , 3, 3, 3, 1, 1, 1, 3
15 , 0.001803, 0.001720, 0.001638, 0.001824, 0.001227, 0.001495, 0.000917
16 , 0.001636, 0.001483, 0.001484, 0.001576, 0.001577, 0.001486, 0.001547, 0.001518, 0.001427, 0.001520, 0.001458, 0.001337, 0.001459, 0.001428, 0.001430, 0.001491, 0.001430, 0.001462, 0.001311, 0.001524, 0.001525, 0.001525, 0.001434, 0.001559, 0.001285, 0.001501, 0.001256, 0.001348, 0.001347, 0.001531, 0.001378, 0.001529, 0.001405, 0.001499, 0.001223, 0.001437, 0.001314, 0.001529, 0.001374, 0.001527, 0.001372, 0.001524, 0.001340, 0.001646, 0.001339, 0.001673, 0.001548, 0.001488, 0.001364, 0.001670, 0.001486, 0.001578, 0.001425, 0.001519, 0.001488, 0.001550, 0.001396, 0.001457, 0.001488, 0.001491, 0.001432, 0.001434, 0.001311, 0.001435, 0.001255, 0.001286, 0.001348, 0.001380, 0.001410, 0.001348, 0.001439, 0.001410, 0.001348, 0.001376, 0.001498, 0.001343, 0.001463, 0.001523, 0.001644, 0.001488, 0.001612, 0.001366, 0.001669, 0.001546, 0.001699, 0.001546, 0.001699, 0.001575, 0.001667, 0.001576, 0.001698, 0.001545
16 , 2, 2, 2, 2, 2, 2, 2
16 , 0.002719, 0.002947, 0.003302, 0.003415, 0.003496, 0.003980, 0.004043
