0 , 0.001840, 0.001696, 0.001972, 0.001835, 0.002030, 0.001911, 0.002005, 0.002106, 0.001956, 0.002036, 0.001931, 0.002067, 0.001954, 0.001859, 0.001828, 0.001861, 0.002022, 0.001889, 0.002055, 0.001922, 0.002102, 0.002043, 0.002178, 0.000087, 0.001734, 0.001797, 0.001857, 0.001766, 0.001643, 0.001734, 0.001551, 0.001795, 0.001673, 0.001765, 0.001643, 0.001765, 0.001857, 0.001826, 0.001735, 0.001887, 0.001643, 0.001765, 0.001612, 0.001826, 0.001704, 0.001704, 0.001735, 0.000580, 0.001646, 0.001609, 0.001656, 0.001647, 0.001874, 0.001678, 0.001858, 0.001823, 0.001901, 0.002001, 0.001929, 0.002050, 0.001823, 0.001990, 0.001898, 0.002004, 0.001996, 0.001945, 0.002130, 0.001968, 0.002057, 0.001879, 0.002258, 0.001436, 0.001338, 0.001745, 0.001616, 0.001617, 0.001586, 0.001586, 0.001708, 0.001739, 0.001617, 0.001647, 0.001525, 0.001555, 0.001585, 0.001555, 0.001553, 0.001522, 0.001705, 0.001765, 0.001643, 0.001583
0 , 1, 1, 1, 1, 1, 1, 1
0 , 0.005959, 0.007159, 0.009048, 0.011216, 0.013645, 0.009924, 0.009959
1 , 0.001656, 0.001647, 0.001874, 0.001678, 0.001858, 0.001823, 0.001901, 0.002001, 0.001929, 0.002050, 0.001823, 0.001990, 0.001898, 0.002004, 0.001996, 0.001945, 0.002130, 0.001968, 0.002057, 0.001879, 0.002258, 0.001436, 0.001338, 0.001745, 0.001616, 0.001617, 0.001586, 0.001586, 0.001708, 0.001739, 0.001617, 0.001647, 0.001525, 0.001555, 0.001585, 0.001555, 0.001553, 0.001522, 0.001705, 0.001765, 0.001643, 0.001583, 0.001797, 0.001583, 0.001735, 0.001523, 0.001765, 0.000090, 0.001792, 0.001550, 0.001919, 0.001766, 0.002005, 0.001820, 0.001959, 0.002063, 0.002033, 0.002007, 0.001853, 0.002146, 0.002052, 0.002123, 0.001931, 0.001938, 0.001919, 0.001882, 0.002034, 0.001770, 0.002020, 0.002002, 0.001983, 0.001690, 0.000731, 0.001826, 0.001978, 0.001795, 0.001795, 0.001673, 0.001857, 0.001827, 0.001766, 0.001736, 0.001767, 0.001767, 0.001889, 0.001891, 0.001921, 0.001921, 0.001953, 0.001799, 0.001799, 0.001769
1 , 1, 1, 1, 1, 1, 1, 1
1 , 0.004803, 0.006753, 0.008783, 0.008713, 0.011134, 0.009148, 0.009044
2 , 0.001919, 0.001766, 0.002005, 0.001820, 0.001959, 0.002063, 0.002033, 0.002007, 0.001853, 0.002146, 0.002052, 0.002123, 0.001931, 0.001938, 0.001919, 0.001882, 0.002034, 0.001770, 0.002020, 0.002002, 0.001983, 0.001690, 0.000731, 0.001826, 0.001978, 0.001795, 0.001795, 0.001673, 0.001857, 0.001827, 0.001766, 0.001736, 0.001767, 0.001767, 0.001889, 0.001891, 0.001921, 0.001921, 0.001953, 0.001799, 0.001799, 0.001769, 0.001800, 0.001707, 0.002016, 0.001039, 0.001054, 0.001633, 0.001645, 0.001551, 0.001830, 0.001702, 0.001880, 0.001648, 0.001865, 0.001893, 0.001893, 0.002015, 0.001876, 0.002033, 0.001754, 0.001943, 0.001700, 0.001859, 0.001839, 0.001796, 0.001857, 0.001791, 0.001941, 0.001880, 0.001917, 0.001969, 0.000188, 0.001673, 0.001978, 0.001917, 0.001887, 0.001674, 0.001857, 0.001767, 0.001951, 0.001832, 0.001834, 0.001719, 0.001936, 0.001851, 0.002005, 0.001983, 0.002171, 0.001991, 0.002111, 0.002019
2 , 2, 2, 2, 2, 1, 2, 2
2 , 0.002718, 0.004741, 0.005264, 0.005281, 0.003403, 0.006471, 0.007100
3 , 0.001880, 0.001648, 0.001865, 0.001893, 0.001893, 0.002015, 0.001876, 0.002033, 0.001754, 0.001943, 0.001700, 0.001859, 0.001839, 0.001796, 0.001857, 0.001791, 0.001941, 0.001880, 0.001917, 0.001969, 0.000188, 0.001673, 0.001978, 0.001917, 0.001887, 0.001674, 0.001857, 0.001767, 0.001951, 0.001832, 0.001834, 0.001719, 0.001936, 0.001851, 0.002005, 0.001983, 0.002171, 0.001991, 0.002111, 0.002019, 0.002079, 0.001996, 0.002024, 0.001899, 0.001919, 0.001762, 0.000181, 0.001543, 0.001286, 0.001277, 0.001611, 0.001669, 0.001821, 0.001562, 0.001864, 0.001771, 0.001760, 0.001841, 0.001824, 0.002002, 0.001847, 0.002013, 0.001893, 0.002141, 0.002155, 0.002183, 0.002185, 0.002033, 0.002282, 0.002229, 0.001302, 0.001497, 0.001573, 0.001686, 0.001535, 0.001563, 0.001410, 0.001501, 0.001406, 0.001560, 0.001314, 0.001436, 0.001435, 0.001616, 0.001370, 0.001614, 0.001612, 0.001765, 0.001704, 0.001856, 0.001673, 0.001888
3 , 3, 3, 3, 3, 3, 3, 1
3 , 0.004087, 0.004408, 0.008646, 0.007718, 0.007082, 0.006119, 0.007740
4 , 0.001286, 0.001277, 0.001611, 0.001669, 0.001821, 0.001562, 0.001864, 0.001771, 0.001760, 0.001841, 0.001824, 0.002002, 0.001847, 0.002013, 0.001893, 0.002141, 0.002155, 0.002183, 0.002185, 0.002033, 0.002282, 0.002229, 0.001302, 0.001497, 0.001573, 0.001686, 0.001535, 0.001563, 0.001410, 0.001501, 0.001406, 0.001560, 0.001314, 0.001436, 0.001435, 0.001616, 0.001370, 0.001614, 0.001612, 0.001765, 0.001704, 0.001856, 0.001673, 0.001888, 0.001552, 0.001923, 0.000207, 0.001304, 0.001462, 0.001612, 0.001612, 0.001604, 0.001856, 0.001813, 0.001917, 0.001549, 0.001683, 0.001669, 0.001704, 0.001709, 0.001527, 0.001818, 0.001658, 0.001666, 0.001571, 0.001702, 0.001738, 0.001654, 0.001903, 0.001592, 0.001797, 0.000686, 0.002102, 0.001981, 0.001949, 0.001706, 0.001888, 0.001614, 0.001765, 0.001521, 0.001582, 0.001551, 0.001704, 0.001521, 0.001674, 0.001399, 0.001766, 0.001521, 0.001674, 0.001582, 0.001583, 0.001522
4 , 2, 2, 2, 1, 2, 1, 1
4 , 0.003634, 0.003713, 0.006494, 0.009084, 0.008898, 0.009025, 0.009655
5 , 0.001856, 0.001813, 0.001917, 0.001549, 0.001683, 0.001669, 0.001704, 0.001709, 0.001527, 0.001818, 0.001658, 0.001666, 0.001571, 0.001702, 0.001738, 0.001654, 0.001903, 0.001592, 0.001797, 0.000686, 0.002102, 0.001981, 0.001949, 0.001706, 0.001888, 0.001614, 0.001765, 0.001521, 0.001582, 0.001551, 0.001704, 0.001521, 0.001674, 0.001399, 0.001766, 0.001521, 0.001674, 0.001582, 0.001583, 0.001522, 0.001614, 0.001521, 0.001644, 0.001612, 0.001088, 0.001184, 0.001610, 0.001716, 0.002001, 0.001786, 0.001825, 0.001739, 0.002139, 0.001816, 0.001882, 0.001919, 0.002041, 0.002079, 0.001959, 0.002127, 0.001835, 0.002083, 0.002055, 0.001933, 0.001851, 0.001819, 0.002063, 0.001767, 0.002081, 0.000219, 0.001521, 0.001856, 0.001704, 0.001857, 0.001675, 0.001766, 0.001584, 0.001828, 0.001767, 0.001888, 0.001705, 0.001735, 0.001491, 0.001765, 0.001612, 0.001734, 0.001520, 0.001734, 0.001551, 0.001704, 0.001582, 0.001766
5 , 1, 1, 1, 1, 1, 1, 1
5 , 0.006396, 0.006436, 0.005515, 0.005929, 0.006669, 0.007062, 0.007401
6 , 0.002139, 0.001816, 0.001882, 0.001919, 0.002041, 0.002079, 0.001959, 0.002127, 0.001835, 0.002083, 0.002055, 0.001933, 0.001851, 0.001819, 0.002063, 0.001767, 0.002081, 0.000219, 0.001521, 0.001856, 0.001704, 0.001857, 0.001675, 0.001766, 0.001584, 0.001828, 0.001767, 0.001888, 0.001705, 0.001735, 0.001491, 0.001765, 0.001612, 0.001734, 0.001520, 0.001734, 0.001551, 0.001704, 0.001582, 0.001766, 0.001583, 0.000613, 0.001663, 0.001840, 0.001718, 0.001798, 0.002006, 0.001919, 0.001905, 0.001720, 0.001947, 0.001882, 0.001919, 0.001828, 0.001865, 0.001935, 0.001906, 0.001943, 0.001798, 0.001969, 0.001902, 0.001767, 0.001750, 0.001801, 0.001963, 0.001116, 0.001740, 0.002009, 0.001797, 0.001766, 0.001735, 0.001644, 0.001766, 0.001645, 0.001827, 0.001614, 0.001796, 0.001796, 0.001857, 0.001491, 0.001735, 0.001582, 0.001765, 0.001643, 0.001795, 0.001581, 0.001734, 0.001582, 0.001704, 0.001460, 0.001917, 0.000115
6 , 1, 1, 1, 1, 1, 1, 1
6 , 0.007264, 0.007888, 0.007490, 0.008810, 0.007911, 0.007571, 0.006871
7 , 0.001720, 0.001947, 0.001882, 0.001919, 0.001828, 0.001865, 0.001935, 0.001906, 0.001943, 0.001798, 0.001969, 0.001902, 0.001767, 0.001750, 0.001801, 0.001963, 0.001116, 0.001740, 0.002009, 0.001797, 0.001766, 0.001735, 0.001644, 0.001766, 0.001645, 0.001827, 0.001614, 0.001796, 0.001796, 0.001857, 0.001491, 0.001735, 0.001582, 0.001765, 0.001643, 0.001795, 0.001581, 0.001734, 0.001582, 0.001704, 0.001460, 0.001917, 0.000115, 0.001559, 0.001779, 0.001835, 0.001849, 0.001895, 0.001951, 0.002106, 0.001944, 0.002160, 0.001873, 0.002129, 0.001992, 0.002008, 0.001952, 0.001859, 0.001961, 0.001819, 0.002024, 0.001743, 0.001950, 0.002035, 0.002012, 0.001867, 0.001725, 0.000494, 0.001979, 0.001858, 0.001857, 0.001829, 0.001921, 0.001770, 0.001923, 0.001799, 0.001829, 0.001768, 0.001857, 0.001643, 0.001643, 0.001673, 0.001765, 0.001613, 0.001796, 0.001491, 0.001736, 0.001582, 0.001676, 0.001643, 0.000940, 0.001175
7 , 1, 1, 1, 1, 1, 1, 1
7 , 0.007639, 0.007982, 0.008701, 0.009108, 0.008681, 0.008540, 0.007350
8 , 0.002106, 0.001944, 0.002160, 0.001873, 0.002129, 0.001992, 0.002008, 0.001952, 0.001859, 0.001961, 0.001819, 0.002024, 0.001743, 0.001950, 0.002035, 0.002012, 0.001867, 0.001725, 0.000494, 0.001979, 0.001858, 0.001857, 0.001829, 0.001921, 0.001770, 0.001923, 0.001799, 0.001829, 0.001768, 0.001857, 0.001643, 0.001643, 0.001673, 0.001765, 0.001613, 0.001796, 0.001491, 0.001736, 0.001582, 0.001676, 0.001643, 0.000940, 0.001175, 0.001860, 0.001665, 0.001926, 0.001928, 0.001994, 0.001923, 0.001774, 0.001954, 0.001906, 0.002096, 0.001835, 0.002084, 0.002084, 0.002112, 0.002058, 0.001881, 0.002151, 0.001999, 0.002013, 0.001786, 0.002022, 0.001924, 0.002049, 0.000216, 0.001826, 0.001706, 0.001857, 0.001735, 0.001643, 0.001704, 0.001582, 0.001673, 0.001581, 0.001643, 0.001582, 0.001582, 0.001612, 0.001674, 0.001643, 0.001643, 0.001643, 0.001644, 0.001644, 0.001736, 0.001522, 0.001646, 0.001644, 0.001645, 0.001432
8 , 1, 1, 1, 1, 1, 1, 1
8 , 0.009237, 0.009781, 0.009819, 0.009763, 0.010035, 0.009789, 0.008919
9 , 0.001954, 0.001906, 0.002096, 0.001835, 0.002084, 0.002084, 0.002112, 0.002058, 0.001881, 0.002151, 0.001999, 0.002013, 0.001786, 0.002022, 0.001924, 0.002049, 0.000216, 0.001826, 0.001706, 0.001857, 0.001735, 0.001643, 0.001704, 0.001582, 0.001673, 0.001581, 0.001643, 0.001582, 0.001582, 0.001612, 0.001674, 0.001643, 0.001643, 0.001643, 0.001644, 0.001644, 0.001736, 0.001522, 0.001646, 0.001644, 0.001645, 0.001432, 0.000577, 0.001704, 0.001866, 0.001907, 0.001629, 0.001739, 0.001713, 0.001817, 0.001663, 0.001763, 0.001843, 0.001776, 0.001815, 0.001634, 0.001805, 0.001832, 0.001807, 0.001712, 0.001614, 0.001773, 0.001681, 0.001947, 0.001659, 0.001791, 0.001324, 0.001312, 0.001918, 0.001887, 0.001674, 0.001613, 0.001674, 0.001583, 0.001553, 0.001614, 0.001675, 0.001492, 0.001554, 0.001492, 0.001523, 0.001554, 0.001523, 0.001553, 0.001553, 0.001492, 0.001583, 0.001643, 0.001583, 0.001734, 0.000452, 0.001676
9 , 1, 1, 1, 1, 1, 1, 1
9 , 0.009091, 0.009182, 0.010234, 0.010159, 0.009939, 0.009335, 0.008447
10 , 0.001713, 0.001817, 0.001663, 0.001763, 0.001843, 0.001776, 0.001815, 0.001634, 0.001805, 0.001832, 0.001807, 0.001712, 0.001614, 0.001773, 0.001681, 0.001947, 0.001659, 0.001791, 0.001324, 0.001312, 0.001918, 0.001887, 0.001674, 0.001613, 0.001674, 0.001583, 0.001553, 0.001614, 0.001675, 0.001492, 0.001554, 0.001492, 0.001523, 0.001554, 0.001523, 0.001553, 0.001553, 0.001492, 0.001583, 0.001643, 0.001583, 0.001734, 0.000452, 0.001676, 0.001422, 0.001782, 0.001669, 0.001767, 0.001508, 0.001710, 0.001870, 0.001775, 0.001781, 0.001679, 0.001890, 0.001702, 0.001825, 0.001787, 0.001743, 0.001896, 0.001735, 0.001822, 0.001684, 0.001898, 0.001904, 0.001973, 0.001912, 0.001866, 0.002084, 0.000361, 0.001803, 0.001649, 0.001592, 0.001375, 0.001620, 0.001406, 0.001591, 0.001438, 0.001683, 0.001498, 0.001592, 0.001441, 0.001503, 0.001257, 0.001471, 0.001347, 0.001563, 0.001470, 0.001594, 0.001405, 0.001559, 0.001436
10 , 1, 1, 1, 1, 1, 1, 1
10 , 0.010600, 0.011235, 0.009040, 0.009907, 0.009656, 0.009707, 0.009046
11 , 0.001767, 0.001508, 0.001710, 0.001870, 0.001775, 0.001781, 0.001679, 0.001890, 0.001702, 0.001825, 0.001787, 0.001743, 0.001896, 0.001735, 0.001822, 0.001684, 0.001898, 0.001904, 0.001973, 0.001912, 0.001866, 0.002084, 0.000361, 0.001803, 0.001649, 0.001592, 0.001375, 0.001620, 0.001406, 0.001591, 0.001438, 0.001683, 0.001498, 0.001592, 0.001441, 0.001503, 0.001257, 0.001471, 0.001347, 0.001563, 0.001470, 0.001594, 0.001405, 0.001559, 0.001436, 0.001649, 0.001524, 0.001676, 0.001492, 0.001614, 0.001521, 0.001582, 0.001521, 0.001673, 0.001551, 0.001704, 0.001551, 0.001704, 0.001582, 0.001704, 0.001551, 0.001644, 0.001613, 0.001614, 0.001553, 0.001737, 0.001645, 0.001525, 0.001524, 0.001586, 0.001528, 0.001529, 0.001439, 0.001442, 0.001532, 0.001501, 0.001532, 0.001530, 0.001529, 0.001437, 0.001618, 0.001496, 0.001557, 0.001617, 0.001678, 0.001524, 0.001524, 0.001431, 0.001644, 0.001643, 0.001736, 0.001613
11 , 1, 1, 1, 1, 1, 1, 1
11 , 0.006911, 0.007847, 0.007936, 0.008830, 0.005786, 0.006197, 0.005706
12 , 0.001614, 0.001521, 0.001582, 0.001521, 0.001673, 0.001551, 0.001704, 0.001551, 0.001704, 0.001582, 0.001704, 0.001551, 0.001644, 0.001613, 0.001614, 0.001553, 0.001737, 0.001645, 0.001525, 0.001524, 0.001586, 0.001528, 0.001529, 0.001439, 0.001442, 0.001532, 0.001501, 0.001532, 0.001530, 0.001529, 0.001437, 0.001618, 0.001496, 0.001557, 0.001617, 0.001678, 0.001524, 0.001524, 0.001431, 0.001644, 0.001643, 0.001736, 0.001613, 0.001705, 0.001582, 0.001735, 0.001582, 0.001765, 0.001612, 0.001795, 0.001582, 0.001704, 0.001582, 0.001583, 0.001521, 0.001674, 0.001521, 0.001765, 0.001582, 0.001736, 0.001552, 0.001644, 0.001644, 0.001766, 0.001552, 0.001736, 0.001522, 0.001613, 0.001552, 0.001704, 0.001490, 0.001673, 0.001520, 0.001826, 0.001643, 0.001734, 0.001612, 0.001704, 0.001795, 0.001765, 0.001673, 0.001734, 0.001704, 0.001826, 0.001704, 0.001796, 0.001795, 0.001765, 0.001673, 0.001612, 0.001643, 0.001704
12 , 2, 2, 2, 2, 2, 2, 0
12 , 0.002467, 0.002500, 0.002231, 0.002519, 0.002351, 0.002280, 0.001794
13 , 0.001795, 0.001582, 0.001704, 0.001582, 0.001583, 0.001521, 0.001674, 0.001521, 0.001765, 0.001582, 0.001736, 0.001552, 0.001644, 0.001644, 0.001766, 0.001552, 0.001736, 0.001522, 0.001613, 0.001552, 0.001704, 0.001490, 0.001673, 0.001520, 0.001826, 0.001643, 0.001734, 0.001612, 0.001704, 0.001795, 0.001765, 0.001673, 0.001734, 0.001704, 0.001826, 0.001704, 0.001796, 0.001795, 0.001765, 0.001673, 0.001612, 0.001643, 0.001704, 0.001735, 0.001613, 0.001612, 0.001613, 0.001644, 0.001613, 0.001614, 0.001584, 0.001646, 0.001586, 0.001647, 0.001524, 0.001587, 0.001496, 0.001710, 0.001464, 0.001587, 0.001556, 0.001739, 0.001554, 0.001677, 0.001494, 0.001708, 0.001554, 0.001737, 0.001614, 0.001736, 0.001613, 0.001766, 0.001521, 0.001734, 0.001704, 0.001734, 0.001643, 0.001795, 0.001552, 0.001765, 0.001705, 0.001765, 0.001736, 0.001828, 0.001706, 0.001797, 0.001676, 0.001828, 0.001767, 0.001765, 0.001704, 0.001734
13 , 0, 0, 0, 0, 0, 0, 0
13 , 0.003773, 0.004015, 0.003828, 0.004194, 0.004073, 0.004503, 0.003990
14 , 0.001646, 0.001586, 0.001647, 0.001524, 0.001587, 0.001496, 0.001710, 0.001464, 0.001587, 0.001556, 0.001739, 0.001554, 0.001677, 0.001494, 0.001708, 0.001554, 0.001737, 0.001614, 0.001736, 0.001613, 0.001766, 0.001521, 0.001734, 0.001704, 0.001734, 0.001643, 0.001795, 0.001552, 0.001765, 0.001705, 0.001765, 0.001736, 0.001828, 0.001706, 0.001797, 0.001676, 0.001828, 0.001767, 0.001765, 0.001704, 0.001734, 0.001673, 0.001704, 0.001675, 0.001706, 0.001675, 0.001675, 0.001706, 0.001615, 0.001645, 0.001615, 0.001646, 0.001614, 0.001829, 0.001646, 0.001647, 0.001616, 0.001617, 0.001555, 0.001524, 0.001523, 0.001644, 0.001644, 0.001704, 0.001490, 0.001765, 0.001582, 0.001704, 0.001673, 0.001856, 0.001612, 0.001795, 0.001734, 0.001856, 0.001674, 0.001795, 0.001643, 0.001765, 0.001735, 0.001857, 0.001796, 0.001949, 0.001766, 0.001857, 0.001613, 0.001795, 0.001795, 0.001887, 0.001734, 0.001734, 0.001582, 0.001735
14 , 0, 0, 0, 0, 0, 0, 0
14 , 0.005264, 0.005452, 0.004755, 0.005159, 0.004802, 0.004478, 0.003879
15 , 0.001706, 0.001615, 0.001645, 0.001615, 0.001646, 0.001614, 0.001829, 0.001646, 0.001647, 0.001616, 0.001617, 0.001555, 0.001524, 0.001523, 0.001644, 0.001644, 0.001704, 0.001490, 0.001765, 0.001582, 0.001704, 0.001673, 0.001856, 0.001612, 0.001795, 0.001734, 0.001856, 0.001674, 0.001795, 0.001643, 0.001765, 0.001735, 0.001857, 0.001796, 0.001949, 0.001766, 0.001857, 0.001613, 0.001795, 0.001795, 0.001887, 0.001734, 0.001734, 0.001582, 0.001735, 0.001643, 0.001735, 0.001644, 0.001737, 0.001615, 0.001557, 0.001556, 0.001586, 0.001587, 0.001589, 0.001527, 0.001649, 0.001558, 0.001466, 0.001618, 0.001556, 0.001556, 0.001555, 0.001584, 0.001522, 0.001644, 0.001582, 0.001674, 0.001643, 0.001826, 0.001551, 0.001734, 0.001704, 0.001887, 0.001612, 0.001796, 0.001704, 0.001948, 0.001795, 0.001826, 0.001643, 0.001918, 0.001582, 0.001917, 0.001673, 0.001948, 0.001704, 0.001948, 0.001857, 0.001796, 0.001705, 0.001827
15 , 0, 0, 0, 0, 0, 0, 0
15 , 0.006428, 0.006950, 0.006558, 0.007082, 0.006632, 0.006886, 0.006164
16 , 0.001615, 0.001557, 0.001556, 0.001586, 0.001587, 0.001589, 0.001527, 0.001649, 0.001558, 0.001466, 0.001618, 0.001556, 0.001556, 0.001555, 0.001584, 0.001522, 0.001644, 0.001582, 0.001674, 0.001643, 0.001826, 0.001551, 0.001734, 0.001704, 0.001887, 0.001612, 0.001796, 0.001704, 0.001948, 0.001795, 0.001826, 0.001643, 0.001918, 0.001582, 0.001917, 0.001673, 0.001948, 0.001704, 0.001948, 0.001857, 0.001796, 0.001705, 0.001827, 0.001736, 0.001797, 0.001767, 0.001827, 0.001583, 0.001705, 0.001736, 0.001766, 0.001737, 0.001767, 0.001645, 0.001706, 0.001767, 0.001950, 0.001858, 0.001798, 0.001828, 0.001767, 0.001858, 0.001674, 0.001735, 0.001796, 0.001735, 0.001643, 0.001765, 0.001612, 0.001704, 0.001582, 0.001553, 0.001522, 0.001645, 0.001524, 0.001708, 0.001433, 0.001587, 0.001495, 0.001801, 0.001496, 0.001590, 0.001496, 0.001680, 0.001526, 0.001739, 0.001555, 0.001647, 0.001462, 0.001707, 0.001524, 0.001646
16 , 3, 3, 3, 3, 3, 3, 3
16 , 0.007954, 0.007921, 0.007798, 0.007950, 0.007709, 0.007256, 0.006744
