0 , 0.001499, 0.001555, 0.001405, 0.001463, 0.001462, 0.001400, 0.001399, 0.001520, 0.001580, 0.001458, 0.001641, 0.001610, 0.001610, 0.001458, 0.001519, 0.001458, 0.001519, 0.001641, 0.001581, 0.001580, 0.001490, 0.001640, 0.000122, 0.001578, 0.001864, 0.001977, 0.001865, 0.002129, 0.001993, 0.001943, 0.001889, 0.002113, 0.002078, 0.002026, 0.002021, 0.001865, 0.001965, 0.001832, 0.001997, 0.001797, 0.001982, 0.002006, 0.001982, 0.002032, 0.001880, 0.001951, 0.001983, 0.000728, 0.001946, 0.001732, 0.001702, 0.001579, 0.001518, 0.001579, 0.001427, 0.001549, 0.001579, 0.001579, 0.001641, 0.001641, 0.001488, 0.001488, 0.001671, 0.001579, 0.001549, 0.001579, 0.001427, 0.001457, 0.001427, 0.001519, 0.001397, 0.001732, 0.000952, 0.001397, 0.001657, 0.001942, 0.001811, 0.001888, 0.001743, 0.002100, 0.001832, 0.002004, 0.001886, 0.001844, 0.001923, 0.001835, 0.001788, 0.001584, 0.001842, 0.001717, 0.001722, 0.001715
0 , 0, 0, 0, 0, 0, 0, 0
0 , 0.010068, 0.011899, 0.012851, 0.013520, 0.014390, 0.016552, 0.016629
1 , 0.001518, 0.001579, 0.001427, 0.001549, 0.001579, 0.001579, 0.001641, 0.001641, 0.001488, 0.001488, 0.001671, 0.001579, 0.001549, 0.001579, 0.001427, 0.001457, 0.001427, 0.001519, 0.001397, 0.001732, 0.000952, 0.001397, 0.001657, 0.001942, 0.001811, 0.001888, 0.001743, 0.002100, 0.001832, 0.002004, 0.001886, 0.001844, 0.001923, 0.001835, 0.001788, 0.001584, 0.001842, 0.001717, 0.001722, 0.001715, 0.001624, 0.001776, 0.001732, 0.001868, 0.001899, 0.000463, 0.001862, 0.001855, 0.001795, 0.001733, 0.001610, 0.001793, 0.001641, 0.001763, 0.001457, 0.001640, 0.001579, 0.001671, 0.001579, 0.001610, 0.001457, 0.001549, 0.001458, 0.001519, 0.001458, 0.001551, 0.001520, 0.001521, 0.001489, 0.000631, 0.002002, 0.001935, 0.002005, 0.002010, 0.001916, 0.001969, 0.001915, 0.002078, 0.001895, 0.001973, 0.002032, 0.001894, 0.001998, 0.001756, 0.001801, 0.001709, 0.001900, 0.001818, 0.001910, 0.001932, 0.001890, 0.001904
1 , 0, 0, 0, 0, 0, 0, 0
1 , 0.010459, 0.011479, 0.012830, 0.013238, 0.013220, 0.012429, 0.011623
2 , 0.001733, 0.001610, 0.001793, 0.001641, 0.001763, 0.001457, 0.001640, 0.001579, 0.001671, 0.001579, 0.001610, 0.001457, 0.001549, 0.001458, 0.001519, 0.001458, 0.001551, 0.001520, 0.001521, 0.001489, 0.000631, 0.002002, 0.001935, 0.002005, 0.002010, 0.001916, 0.001969, 0.001915, 0.002078, 0.001895, 0.001973, 0.002032, 0.001894, 0.001998, 0.001756, 0.001801, 0.001709, 0.001900, 0.001818, 0.001910, 0.001932, 0.001890, 0.001904, 0.001937, 0.001934, 0.001943, 0.001360, 0.001073, 0.001915, 0.001732, 0.001732, 0.001549, 0.001702, 0.001488, 0.001642, 0.001429, 0.001461, 0.001491, 0.001583, 0.001309, 0.001525, 0.001187, 0.001463, 0.001342, 0.001527, 0.001312, 0.001284, 0.001251, 0.001530, 0.001341, 0.001405, 0.001520, 0.000407, 0.001858, 0.001748, 0.001708, 0.001960, 0.001782, 0.001906, 0.001640, 0.001831, 0.001810, 0.001729, 0.001586, 0.001564, 0.001758, 0.001699, 0.001789, 0.001751, 0.001780, 0.001803, 0.001845
2 , 0, 0, 0, 0, 0, 0, 0
2 , 0.008767, 0.010238, 0.013838, 0.013384, 0.012074, 0.014323, 0.013775
3 , 0.001549, 0.001702, 0.001488, 0.001642, 0.001429, 0.001461, 0.001491, 0.001583, 0.001309, 0.001525, 0.001187, 0.001463, 0.001342, 0.001527, 0.001312, 0.001284, 0.001251, 0.001530, 0.001341, 0.001405, 0.001520, 0.000407, 0.001858, 0.001748, 0.001708, 0.001960, 0.001782, 0.001906, 0.001640, 0.001831, 0.001810, 0.001729, 0.001586, 0.001564, 0.001758, 0.001699, 0.001789, 0.001751, 0.001780, 0.001803, 0.001845, 0.001721, 0.001633, 0.001928, 0.001856, 0.001801, 0.000546, 0.001702, 0.001763, 0.001673, 0.001643, 0.001460, 0.001706, 0.001308, 0.001492, 0.001369, 0.001491, 0.001277, 0.001460, 0.001337, 0.001460, 0.001278, 0.001552, 0.001399, 0.001675, 0.001278, 0.001521, 0.001370, 0.001612, 0.000802, 0.001180, 0.001685, 0.001862, 0.001680, 0.001864, 0.002187, 0.002000, 0.002060, 0.001810, 0.002000, 0.002026, 0.002082, 0.002021, 0.001960, 0.002215, 0.002047, 0.002030, 0.001873, 0.002041, 0.001997, 0.001804, 0.001987
3 , 0, 0, 0, 0, 0, 0, 0
3 , 0.012987, 0.014577, 0.017073, 0.018710, 0.018401, 0.018609, 0.017285
4 , 0.001673, 0.001643, 0.001460, 0.001706, 0.001308, 0.001492, 0.001369, 0.001491, 0.001277, 0.001460, 0.001337, 0.001460, 0.001278, 0.001552, 0.001399, 0.001675, 0.001278, 0.001521, 0.001370, 0.001612, 0.000802, 0.001180, 0.001685, 0.001862, 0.001680, 0.001864, 0.002187, 0.002000, 0.002060, 0.001810, 0.002000, 0.002026, 0.002082, 0.002021, 0.001960, 0.002215, 0.002047, 0.002030, 0.001873, 0.002041, 0.001997, 0.001804, 0.001987, 0.001824, 0.002201, 0.000618, 0.001763, 0.001732, 0.001671, 0.001549, 0.001732, 0.001366, 0.001610, 0.001488, 0.001671, 0.001336, 0.001610, 0.001488, 0.001518, 0.001396, 0.001396, 0.001335, 0.001488, 0.001366, 0.001580, 0.001458, 0.001550, 0.001428, 0.001641, 0.001458, 0.001641, 0.000615, 0.001636, 0.001819, 0.001825, 0.001658, 0.001693, 0.001617, 0.001884, 0.001728, 0.001947, 0.001817, 0.001874, 0.001970, 0.001852, 0.001734, 0.001661, 0.001742, 0.001827, 0.001803, 0.001586, 0.001866
4 , 0, 0, 0, 0, 0, 0, 0
4 , 0.014178, 0.014422, 0.014423, 0.015937, 0.018417, 0.018285, 0.017892
5 , 0.001732, 0.001366, 0.001610, 0.001488, 0.001671, 0.001336, 0.001610, 0.001488, 0.001518, 0.001396, 0.001396, 0.001335, 0.001488, 0.001366, 0.001580, 0.001458, 0.001550, 0.001428, 0.001641, 0.001458, 0.001641, 0.000615, 0.001636, 0.001819, 0.001825, 0.001658, 0.001693, 0.001617, 0.001884, 0.001728, 0.001947, 0.001817, 0.001874, 0.001970, 0.001852, 0.001734, 0.001661, 0.001742, 0.001827, 0.001803, 0.001586, 0.001866, 0.001943, 0.001879, 0.002047, 0.001354, 0.001075, 0.001946, 0.001795, 0.001854, 0.001671, 0.001610, 0.001488, 0.001580, 0.001488, 0.001549, 0.001488, 0.001580, 0.001367, 0.001550, 0.001489, 0.001581, 0.001459, 0.001642, 0.001428, 0.001550, 0.001397, 0.001429, 0.001458, 0.000339, 0.001684, 0.001784, 0.001694, 0.001902, 0.002040, 0.001923, 0.001895, 0.001797, 0.002167, 0.002022, 0.002092, 0.001844, 0.001951, 0.002054, 0.001890, 0.001895, 0.001855, 0.002040, 0.001994, 0.002181, 0.001980, 0.002155
5 , 0, 0, 0, 0, 0, 0, 0
5 , 0.010567, 0.012742, 0.015141, 0.016395, 0.017304, 0.017292, 0.015577
6 , 0.001671, 0.001610, 0.001488, 0.001580, 0.001488, 0.001549, 0.001488, 0.001580, 0.001367, 0.001550, 0.001489, 0.001581, 0.001459, 0.001642, 0.001428, 0.001550, 0.001397, 0.001429, 0.001458, 0.000339, 0.001684, 0.001784, 0.001694, 0.001902, 0.002040, 0.001923, 0.001895, 0.001797, 0.002167, 0.002022, 0.002092, 0.001844, 0.001951, 0.002054, 0.001890, 0.001895, 0.001855, 0.002040, 0.001994, 0.002181, 0.001980, 0.002155, 0.002124, 0.002058, 0.000420, 0.001891, 0.001645, 0.001647, 0.001525, 0.001464, 0.001498, 0.001314, 0.001438, 0.001405, 0.001406, 0.001314, 0.001526, 0.001402, 0.001554, 0.001369, 0.001522, 0.001551, 0.001612, 0.001550, 0.001672, 0.001458, 0.001610, 0.001458, 0.001701, 0.001221, 0.001141, 0.001757, 0.001680, 0.001890, 0.001705, 0.001804, 0.001962, 0.001965, 0.002034, 0.001815, 0.001952, 0.001887, 0.002098, 0.001867, 0.002030, 0.002132, 0.002032, 0.002071, 0.001864, 0.002119, 0.001965, 0.002091
6 , 0, 0, 0, 0, 0, 0, 0
6 , 0.016320, 0.017144, 0.018876, 0.020261, 0.020153, 0.019693, 0.017164
7 , 0.001464, 0.001498, 0.001314, 0.001438, 0.001405, 0.001406, 0.001314, 0.001526, 0.001402, 0.001554, 0.001369, 0.001522, 0.001551, 0.001612, 0.001550, 0.001672, 0.001458, 0.001610, 0.001458, 0.001701, 0.001221, 0.001141, 0.001757, 0.001680, 0.001890, 0.001705, 0.001804, 0.001962, 0.001965, 0.002034, 0.001815, 0.001952, 0.001887, 0.002098, 0.001867, 0.002030, 0.002132, 0.002032, 0.002071, 0.001864, 0.002119, 0.001965, 0.002091, 0.001830, 0.002043, 0.000917, 0.001488, 0.001707, 0.001674, 0.001522, 0.001461, 0.001431, 0.001369, 0.001399, 0.001460, 0.001521, 0.001489, 0.001519, 0.001427, 0.001366, 0.001489, 0.001610, 0.001580, 0.001488, 0.001488, 0.001519, 0.001611, 0.001490, 0.001641, 0.000409, 0.002073, 0.001727, 0.002166, 0.002082, 0.001991, 0.002001, 0.001921, 0.002244, 0.002001, 0.001975, 0.001933, 0.002075, 0.002108, 0.002075, 0.001988, 0.001943, 0.002139, 0.001948, 0.002076, 0.001793, 0.002000, 0.002028
7 , 0, 0, 0, 0, 0, 0, 0
7 , 0.018122, 0.018961, 0.021181, 0.021281, 0.021217, 0.019758, 0.017386
8 , 0.001522, 0.001461, 0.001431, 0.001369, 0.001399, 0.001460, 0.001521, 0.001489, 0.001519, 0.001427, 0.001366, 0.001489, 0.001610, 0.001580, 0.001488, 0.001488, 0.001519, 0.001611, 0.001490, 0.001641, 0.000409, 0.002073, 0.001727, 0.002166, 0.002082, 0.001991, 0.002001, 0.001921, 0.002244, 0.002001, 0.001975, 0.001933, 0.002075, 0.002108, 0.002075, 0.001988, 0.001943, 0.002139, 0.001948, 0.002076, 0.001793, 0.002000, 0.002028, 0.002026, 0.001387, 0.001215, 0.001643, 0.001672, 0.001612, 0.001672, 0.001489, 0.001398, 0.001490, 0.001491, 0.001491, 0.001492, 0.001431, 0.001432, 0.001432, 0.001554, 0.001432, 0.001464, 0.001432, 0.001373, 0.001374, 0.001466, 0.001313, 0.001404, 0.001223, 0.001551, 0.000263, 0.001779, 0.001991, 0.002042, 0.001907, 0.002167, 0.001968, 0.002106, 0.002041, 0.002108, 0.002179, 0.002085, 0.002172, 0.002024, 0.002160, 0.001975, 0.002147, 0.002000, 0.001993, 0.002152, 0.001908, 0.001934
8 , 0, 0, 0, 0, 0, 0, 0
8 , 0.019977, 0.020661, 0.022784, 0.025007, 0.024728, 0.023106, 0.021839
9 , 0.001672, 0.001489, 0.001398, 0.001490, 0.001491, 0.001491, 0.001492, 0.001431, 0.001432, 0.001432, 0.001554, 0.001432, 0.001464, 0.001432, 0.001373, 0.001374, 0.001466, 0.001313, 0.001404, 0.001223, 0.001551, 0.000263, 0.001779, 0.001991, 0.002042, 0.001907, 0.002167, 0.001968, 0.002106, 0.002041, 0.002108, 0.002179, 0.002085, 0.002172, 0.002024, 0.002160, 0.001975, 0.002147, 0.002000, 0.001993, 0.002152, 0.001908, 0.001934, 0.001867, 0.002008, 0.002206, 0.000359, 0.002038, 0.001610, 0.001580, 0.001489, 0.001429, 0.001398, 0.001429, 0.001429, 0.001461, 0.001462, 0.001432, 0.001372, 0.001372, 0.001311, 0.001373, 0.001310, 0.001311, 0.001371, 0.001401, 0.001249, 0.001221, 0.001340, 0.001024, 0.001570, 0.001994, 0.002156, 0.001949, 0.002060, 0.002088, 0.002257, 0.002187, 0.002308, 0.002245, 0.002159, 0.002302, 0.002164, 0.002260, 0.002103, 0.002221, 0.002160, 0.002188, 0.002155, 0.001996, 0.002263, 0.002186
9 , 0, 0, 0, 0, 0, 0, 0
9 , 0.023457, 0.025983, 0.029180, 0.030031, 0.030476, 0.029125, 0.027820
10 , 0.001489, 0.001429, 0.001398, 0.001429, 0.001429, 0.001461, 0.001462, 0.001432, 0.001372, 0.001372, 0.001311, 0.001373, 0.001310, 0.001311, 0.001371, 0.001401, 0.001249, 0.001221, 0.001340, 0.001024, 0.001570, 0.001994, 0.002156, 0.001949, 0.002060, 0.002088, 0.002257, 0.002187, 0.002308, 0.002245, 0.002159, 0.002302, 0.002164, 0.002260, 0.002103, 0.002221, 0.002160, 0.002188, 0.002155, 0.001996, 0.002263, 0.002186, 0.002244, 0.002234, 0.002120, 0.002375, 0.000938, 0.001672, 0.001586, 0.001461, 0.001402, 0.001432, 0.001278, 0.001461, 0.001277, 0.001463, 0.001340, 0.001493, 0.001282, 0.001467, 0.001191, 0.001500, 0.001223, 0.001315, 0.001222, 0.001435, 0.001282, 0.001374, 0.001312, 0.001586, 0.001340, 0.001401, 0.001276, 0.001611, 0.001519, 0.001671, 0.001488, 0.001671, 0.001733, 0.001733, 0.001642, 0.001733, 0.001612, 0.001734, 0.001704, 0.001734, 0.001582, 0.001673, 0.001612, 0.001582, 0.001612, 0.001581
10 , 0, 0, 0, 0, 0, 0, 0
10 , 0.019865, 0.023051, 0.024711, 0.023080, 0.022319, 0.022141, 0.020791
11 , 0.001586, 0.001461, 0.001402, 0.001432, 0.001278, 0.001461, 0.001277, 0.001463, 0.001340, 0.001493, 0.001282, 0.001467, 0.001191, 0.001500, 0.001223, 0.001315, 0.001222, 0.001435, 0.001282, 0.001374, 0.001312, 0.001586, 0.001340, 0.001401, 0.001276, 0.001611, 0.001519, 0.001671, 0.001488, 0.001671, 0.001733, 0.001733, 0.001642, 0.001733, 0.001612, 0.001734, 0.001704, 0.001734, 0.001582, 0.001673, 0.001612, 0.001582, 0.001612, 0.001581, 0.001520, 0.001672, 0.001672, 0.001580, 0.001610, 0.001580, 0.001579, 0.001640, 0.001671, 0.001457, 0.001518, 0.001549, 0.001549, 0.001488, 0.001489, 0.001459, 0.001551, 0.001338, 0.001402, 0.001280, 0.001252, 0.001284, 0.001469, 0.001314, 0.001410, 0.001228, 0.001353, 0.001172, 0.001354, 0.001168, 0.001262, 0.001320, 0.001409, 0.001284, 0.001436, 0.001343, 0.001494, 0.001309, 0.001613, 0.001459, 0.001611, 0.001519, 0.001732, 0.001610, 0.001610, 0.001457, 0.001640, 0.001457
11 , 3, 3, 3, 3, 0, 0, 0
11 , 0.005737, 0.006727, 0.005855, 0.005603, 0.006235, 0.006926, 0.008330
12 , 0.001671, 0.001457, 0.001518, 0.001549, 0.001549, 0.001488, 0.001489, 0.001459, 0.001551, 0.001338, 0.001402, 0.001280, 0.001252, 0.001284, 0.001469, 0.001314, 0.001410, 0.001228, 0.001353, 0.001172, 0.001354, 0.001168, 0.001262, 0.001320, 0.001409, 0.001284, 0.001436, 0.001343, 0.001494, 0.001309, 0.001613, 0.001459, 0.001611, 0.001519, 0.001732, 0.001610, 0.001610, 0.001457, 0.001640, 0.001457, 0.001579, 0.001518, 0.001732, 0.001488, 0.001579, 0.001427, 0.001457, 0.001427, 0.001550, 0.001428, 0.001490, 0.001337, 0.001460, 0.001307, 0.001522, 0.001339, 0.001493, 0.001341, 0.001402, 0.001372, 0.001434, 0.001404, 0.001406, 0.001343, 0.001371, 0.001309, 0.001430, 0.001429, 0.001369, 0.001430, 0.001490, 0.001612, 0.001429, 0.001399, 0.001307, 0.001491, 0.001338, 0.001461, 0.001369, 0.001461, 0.001400, 0.001432, 0.001248, 0.001371, 0.001219, 0.001402, 0.001280, 0.001373, 0.001250, 0.001465, 0.001341, 0.001434
12 , 3, 3, 3, 3, 3, 3, 3
12 , 0.001079, 0.001587, 0.001977, 0.002828, 0.003827, 0.004129, 0.004375
13 , 0.001460, 0.001307, 0.001522, 0.001339, 0.001493, 0.001341, 0.001402, 0.001372, 0.001434, 0.001404, 0.001406, 0.001343, 0.001371, 0.001309, 0.001430, 0.001429, 0.001369, 0.001430, 0.001490, 0.001612, 0.001429, 0.001399, 0.001307, 0.001491, 0.001338, 0.001461, 0.001369, 0.001461, 0.001400, 0.001432, 0.001248, 0.001371, 0.001219, 0.001402, 0.001280, 0.001373, 0.001250, 0.001465, 0.001341, 0.001434, 0.001373, 0.001374, 0.001251, 0.001468, 0.001313, 0.001497, 0.001313, 0.001466, 0.001252, 0.001435, 0.001341, 0.001373, 0.001372, 0.001464, 0.001374, 0.001589, 0.001312, 0.001434, 0.001403, 0.001433, 0.001339, 0.001371, 0.001338, 0.001490, 0.001428, 0.001458, 0.001519, 0.001579, 0.001518, 0.001640, 0.001518, 0.001549, 0.001518, 0.001549, 0.001579, 0.001488, 0.001610, 0.001518, 0.001732, 0.001610, 0.001640, 0.001457, 0.001579, 0.001579, 0.001519, 0.001458, 0.001672, 0.001428, 0.001460, 0.001216, 0.001432, 0.001188
13 , 2, 2, 2, 2, 2, 2, 2
13 , 0.003653, 0.003629, 0.003148, 0.002760, 0.002190, 0.002112, 0.001607
14 , 0.001313, 0.001466, 0.001252, 0.001435, 0.001341, 0.001373, 0.001372, 0.001464, 0.001374, 0.001589, 0.001312, 0.001434, 0.001403, 0.001433, 0.001339, 0.001371, 0.001338, 0.001490, 0.001428, 0.001458, 0.001519, 0.001579, 0.001518, 0.001640, 0.001518, 0.001549, 0.001518, 0.001549, 0.001579, 0.001488, 0.001610, 0.001518, 0.001732, 0.001610, 0.001640, 0.001457, 0.001579, 0.001579, 0.001519, 0.001458, 0.001672, 0.001428, 0.001460, 0.001216, 0.001432, 0.001188, 0.001374, 0.001284, 0.001440, 0.001165, 0.001351, 0.001228, 0.001415, 0.001262, 0.001357, 0.001049, 0.001231, 0.001169, 0.001264, 0.001139, 0.001259, 0.001288, 0.001441, 0.001285, 0.001378, 0.001374, 0.001433, 0.001309, 0.001399, 0.001459, 0.001519, 0.001335, 0.001488, 0.001488, 0.001610, 0.001549, 0.001518, 0.001579, 0.001549, 0.001518, 0.001488, 0.001396, 0.001488, 0.001549, 0.001336, 0.001427, 0.001396, 0.001519, 0.001397, 0.001428, 0.001397, 0.001490
14 , 0, 0, 0, 0, 0, 0, 0
14 , 0.007483, 0.007530, 0.006661, 0.006199, 0.005741, 0.005290, 0.004228
15 , 0.001284, 0.001440, 0.001165, 0.001351, 0.001228, 0.001415, 0.001262, 0.001357, 0.001049, 0.001231, 0.001169, 0.001264, 0.001139, 0.001259, 0.001288, 0.001441, 0.001285, 0.001378, 0.001374, 0.001433, 0.001309, 0.001399, 0.001459, 0.001519, 0.001335, 0.001488, 0.001488, 0.001610, 0.001549, 0.001518, 0.001579, 0.001549, 0.001518, 0.001488, 0.001396, 0.001488, 0.001549, 0.001336, 0.001427, 0.001396, 0.001519, 0.001397, 0.001428, 0.001397, 0.001490, 0.001368, 0.001460, 0.001369, 0.001524, 0.001311, 0.001344, 0.001251, 0.001498, 0.001283, 0.001406, 0.001102, 0.001379, 0.001290, 0.001351, 0.001289, 0.001408, 0.001344, 0.001468, 0.001316, 0.001467, 0.001344, 0.001530, 0.001284, 0.001498, 0.001375, 0.001284, 0.001374, 0.001434, 0.001279, 0.001464, 0.001313, 0.001434, 0.001344, 0.001374, 0.001314, 0.001315, 0.001373, 0.001281, 0.001373, 0.001342, 0.001374, 0.001345, 0.001410, 0.001289, 0.001287, 0.001196, 0.001350
15 , 3, 3, 3, 3, 3, 3, 3
15 , 0.004285, 0.004559, 0.004683, 0.004477, 0.004363, 0.004341, 0.004164
16 , 0.001524, 0.001311, 0.001344, 0.001251, 0.001498, 0.001283, 0.001406, 0.001102, 0.001379, 0.001290, 0.001351, 0.001289, 0.001408, 0.001344, 0.001468, 0.001316, 0.001467, 0.001344, 0.001530, 0.001284, 0.001498, 0.001375, 0.001284, 0.001374, 0.001434, 0.001279, 0.001464, 0.001313, 0.001434, 0.001344, 0.001374, 0.001314, 0.001315, 0.001373, 0.001281, 0.001373, 0.001342, 0.001374, 0.001345, 0.001410, 0.001289, 0.001287, 0.001196, 0.001350, 0.001227, 0.001291, 0.001229, 0.001412, 0.001168, 0.001322, 0.001291, 0.001445, 0.001169, 0.001292, 0.001166, 0.001320, 0.001226, 0.001472, 0.001194, 0.001469, 0.001345, 0.001438, 0.001221, 0.001434, 0.001248, 0.001340, 0.001278, 0.001492, 0.001369, 0.001523, 0.001339, 0.001462, 0.001399, 0.001491, 0.001369, 0.001309, 0.001339, 0.001432, 0.001432, 0.001432, 0.001431, 0.001402, 0.001463, 0.001401, 0.001279, 0.001311, 0.001524, 0.001403, 0.001374, 0.001375, 0.001467, 0.001343
16 , 2, 2, 2, 2, 2, 2, 2
16 , 0.002525, 0.002361, 0.002317, 0.002363, 0.001828, 0.001658, 0.001512
