0 , 0.001885, 0.001803, 0.001957, 0.001866, 0.001936, 0.001793, 0.001810, 0.001954, 0.001893, 0.001916, 0.001695, 0.002059, 0.001838, 0.001894, 0.001822, 0.001877, 0.002081, 0.001990, 0.001951, 0.001761, 0.001863, 0.001777, 0.001982, 0.000158, 0.001422, 0.001583, 0.001554, 0.001405, 0.001372, 0.001435, 0.001252, 0.001468, 0.001130, 0.001320, 0.001111, 0.001300, 0.001210, 0.001336, 0.001123, 0.001311, 0.001217, 0.001435, 0.001217, 0.001313, 0.001216, 0.001400, 0.001189, 0.000738, 0.001693, 0.001775, 0.001666, 0.001772, 0.001827, 0.001908, 0.001784, 0.001834, 0.001907, 0.001724, 0.001893, 0.001672, 0.001987, 0.001736, 0.001852, 0.001727, 0.001766, 0.001844, 0.001877, 0.001918, 0.001717, 0.001857, 0.001816, 0.001251, 0.001389, 0.001619, 0.001580, 0.001488, 0.001487, 0.001395, 0.001456, 0.001303, 0.001456, 0.001362, 0.001453, 0.001330, 0.001516, 0.001485, 0.001516, 0.001487, 0.001489, 0.001398, 0.001370, 0.001374
0 , 1, 1, 1, 1, 1, 1, 1
0 , 0.014725, 0.016462, 0.019021, 0.021050, 0.022811, 0.019372, 0.018635
1 , 0.001666, 0.001772, 0.001827, 0.001908, 0.001784, 0.001834, 0.001907, 0.001724, 0.001893, 0.001672, 0.001987, 0.001736, 0.001852, 0.001727, 0.001766, 0.001844, 0.001877, 0.001918, 0.001717, 0.001857, 0.001816, 0.001251, 0.001389, 0.001619, 0.001580, 0.001488, 0.001487, 0.001395, 0.001456, 0.001303, 0.001456, 0.001362, 0.001453, 0.001330, 0.001516, 0.001485, 0.001516, 0.001487, 0.001489, 0.001398, 0.001370, 0.001374, 0.001344, 0.001344, 0.001311, 0.001167, 0.001521, 0.000010, 0.001526, 0.001810, 0.001754, 0.001693, 0.002030, 0.001863, 0.002030, 0.001897, 0.001970, 0.002024, 0.001985, 0.002152, 0.002118, 0.002148, 0.002062, 0.002250, 0.002049, 0.002215, 0.002299, 0.002377, 0.002263, 0.002215, 0.002354, 0.002228, 0.000278, 0.001566, 0.001304, 0.001187, 0.001118, 0.001083, 0.001167, 0.001066, 0.001221, 0.001091, 0.001272, 0.001208, 0.001270, 0.001151, 0.001303, 0.001211, 0.001337, 0.001307, 0.001224, 0.000918
1 , 1, 1, 1, 1, 1, 1, 1
1 , 0.017425, 0.020997, 0.023809, 0.025283, 0.029452, 0.027317, 0.026822
2 , 0.001754, 0.001693, 0.002030, 0.001863, 0.002030, 0.001897, 0.001970, 0.002024, 0.001985, 0.002152, 0.002118, 0.002148, 0.002062, 0.002250, 0.002049, 0.002215, 0.002299, 0.002377, 0.002263, 0.002215, 0.002354, 0.002228, 0.000278, 0.001566, 0.001304, 0.001187, 0.001118, 0.001083, 0.001167, 0.001066, 0.001221, 0.001091, 0.001272, 0.001208, 0.001270, 0.001151, 0.001303, 0.001211, 0.001337, 0.001307, 0.001224, 0.000918, 0.001378, 0.001106, 0.001341, 0.000680, 0.001195, 0.001745, 0.001702, 0.001690, 0.001701, 0.001893, 0.001766, 0.001844, 0.001675, 0.001910, 0.001774, 0.001757, 0.001762, 0.001643, 0.001808, 0.001643, 0.001676, 0.001693, 0.001787, 0.001807, 0.001774, 0.001857, 0.001791, 0.002181, 0.001827, 0.002016, 0.000388, 0.001430, 0.001594, 0.001471, 0.001415, 0.001327, 0.001450, 0.001352, 0.001417, 0.001235, 0.001269, 0.001085, 0.001358, 0.001204, 0.001364, 0.001302, 0.001390, 0.001112, 0.001297, 0.001267
2 , 1, 1, 1, 1, 1, 1, 1
2 , 0.020224, 0.024433, 0.029317, 0.031959, 0.029942, 0.027515, 0.026179
3 , 0.001690, 0.001701, 0.001893, 0.001766, 0.001844, 0.001675, 0.001910, 0.001774, 0.001757, 0.001762, 0.001643, 0.001808, 0.001643, 0.001676, 0.001693, 0.001787, 0.001807, 0.001774, 0.001857, 0.001791, 0.002181, 0.001827, 0.002016, 0.000388, 0.001430, 0.001594, 0.001471, 0.001415, 0.001327, 0.001450, 0.001352, 0.001417, 0.001235, 0.001269, 0.001085, 0.001358, 0.001204, 0.001364, 0.001302, 0.001390, 0.001112, 0.001297, 0.001267, 0.001361, 0.001236, 0.001394, 0.001326, 0.001483, 0.001236, 0.000496, 0.001851, 0.001652, 0.001617, 0.001946, 0.001771, 0.001904, 0.001768, 0.002001, 0.002004, 0.002048, 0.001904, 0.001834, 0.002114, 0.001856, 0.001956, 0.001836, 0.002002, 0.002018, 0.002027, 0.001988, 0.002088, 0.002191, 0.002003, 0.001439, 0.001043, 0.001378, 0.001519, 0.001400, 0.001335, 0.001306, 0.001303, 0.001272, 0.001270, 0.001235, 0.001385, 0.001473, 0.001473, 0.001444, 0.001386, 0.001350, 0.001380, 0.001348
3 , 1, 1, 1, 1, 1, 1, 1
3 , 0.012492, 0.015112, 0.017537, 0.019666, 0.021985, 0.021305, 0.022753
4 , 0.001617, 0.001946, 0.001771, 0.001904, 0.001768, 0.002001, 0.002004, 0.002048, 0.001904, 0.001834, 0.002114, 0.001856, 0.001956, 0.001836, 0.002002, 0.002018, 0.002027, 0.001988, 0.002088, 0.002191, 0.002003, 0.001439, 0.001043, 0.001378, 0.001519, 0.001400, 0.001335, 0.001306, 0.001303, 0.001272, 0.001270, 0.001235, 0.001385, 0.001473, 0.001473, 0.001444, 0.001386, 0.001350, 0.001380, 0.001348, 0.001438, 0.001288, 0.001404, 0.001473, 0.001520, 0.000309, 0.001465, 0.001675, 0.001628, 0.001611, 0.001816, 0.001724, 0.001934, 0.001716, 0.001918, 0.001895, 0.001953, 0.001956, 0.001834, 0.002004, 0.001853, 0.001878, 0.001696, 0.001953, 0.001905, 0.001990, 0.001903, 0.001947, 0.001921, 0.002008, 0.000335, 0.001640, 0.001389, 0.001544, 0.001449, 0.001267, 0.001363, 0.001207, 0.001358, 0.001202, 0.001384, 0.001293, 0.001385, 0.001230, 0.001325, 0.001261, 0.001415, 0.001199, 0.001414, 0.001316, 0.001527, 0.001311
4 , 1, 1, 1, 1, 1, 1, 1
4 , 0.018639, 0.022012, 0.026036, 0.023691, 0.022567, 0.021623, 0.021210
5 , 0.001628, 0.001611, 0.001816, 0.001724, 0.001934, 0.001716, 0.001918, 0.001895, 0.001953, 0.001956, 0.001834, 0.002004, 0.001853, 0.001878, 0.001696, 0.001953, 0.001905, 0.001990, 0.001903, 0.001947, 0.001921, 0.002008, 0.000335, 0.001640, 0.001389, 0.001544, 0.001449, 0.001267, 0.001363, 0.001207, 0.001358, 0.001202, 0.001384, 0.001293, 0.001385, 0.001230, 0.001325, 0.001261, 0.001415, 0.001199, 0.001414, 0.001316, 0.001527, 0.001311, 0.001523, 0.001278, 0.001546, 0.000905, 0.001020, 0.001558, 0.001668, 0.001625, 0.001671, 0.001869, 0.001744, 0.001800, 0.001724, 0.001886, 0.001766, 0.001819, 0.001708, 0.001824, 0.001943, 0.001885, 0.002006, 0.001871, 0.002080, 0.002033, 0.001875, 0.001882, 0.001939, 0.002438, 0.000782, 0.001637, 0.001381, 0.001407, 0.001317, 0.001283, 0.001128, 0.001311, 0.001245, 0.001307, 0.001210, 0.001334, 0.001327, 0.001450, 0.001380, 0.001349, 0.001259, 0.001412, 0.001439, 0.001408
5 , 1, 1, 1, 1, 1, 1, 1
5 , 0.014440, 0.017318, 0.019464, 0.021184, 0.021945, 0.021643, 0.021389
6 , 0.001668, 0.001625, 0.001671, 0.001869, 0.001744, 0.001800, 0.001724, 0.001886, 0.001766, 0.001819, 0.001708, 0.001824, 0.001943, 0.001885, 0.002006, 0.001871, 0.002080, 0.002033, 0.001875, 0.001882, 0.001939, 0.002438, 0.000782, 0.001637, 0.001381, 0.001407, 0.001317, 0.001283, 0.001128, 0.001311, 0.001245, 0.001307, 0.001210, 0.001334, 0.001327, 0.001450, 0.001380, 0.001349, 0.001259, 0.001412, 0.001439, 0.001408, 0.001346, 0.001495, 0.001373, 0.001431, 0.000590, 0.001672, 0.001572, 0.001583, 0.001561, 0.001525, 0.001770, 0.001743, 0.001771, 0.001708, 0.001929, 0.001885, 0.001968, 0.001841, 0.001857, 0.002006, 0.001862, 0.001939, 0.001790, 0.002136, 0.002030, 0.002118, 0.002046, 0.002068, 0.001885, 0.000828, 0.001474, 0.001400, 0.001309, 0.001300, 0.001393, 0.001205, 0.001325, 0.001230, 0.001352, 0.001441, 0.001439, 0.001346, 0.001314, 0.001431, 0.001338, 0.001431, 0.001492, 0.001491, 0.001489, 0.001582
6 , 1, 1, 1, 1, 1, 1, 1
6 , 0.014432, 0.017145, 0.019790, 0.024116, 0.020924, 0.020829, 0.020124
7 , 0.001583, 0.001561, 0.001525, 0.001770, 0.001743, 0.001771, 0.001708, 0.001929, 0.001885, 0.001968, 0.001841, 0.001857, 0.002006, 0.001862, 0.001939, 0.001790, 0.002136, 0.002030, 0.002118, 0.002046, 0.002068, 0.001885, 0.000828, 0.001474, 0.001400, 0.001309, 0.001300, 0.001393, 0.001205, 0.001325, 0.001230, 0.001352, 0.001441, 0.001439, 0.001346, 0.001314, 0.001431, 0.001338, 0.001431, 0.001492, 0.001491, 0.001489, 0.001582, 0.001400, 0.001549, 0.001431, 0.001667, 0.000278, 0.001649, 0.001609, 0.001833, 0.001753, 0.001808, 0.001614, 0.001871, 0.001866, 0.001941, 0.001689, 0.001692, 0.001786, 0.001841, 0.001882, 0.001642, 0.001881, 0.001693, 0.001812, 0.001617, 0.001710, 0.001816, 0.001779, 0.001835, 0.001816, 0.000045, 0.001678, 0.001555, 0.001647, 0.001553, 0.001527, 0.001316, 0.001408, 0.001435, 0.001465, 0.001253, 0.001405, 0.001372, 0.001462, 0.001368, 0.001430, 0.001277, 0.001430, 0.001398, 0.001488
7 , 1, 1, 1, 1, 1, 1, 1
7 , 0.012520, 0.015125, 0.016889, 0.017938, 0.019664, 0.016386, 0.016316
8 , 0.001833, 0.001753, 0.001808, 0.001614, 0.001871, 0.001866, 0.001941, 0.001689, 0.001692, 0.001786, 0.001841, 0.001882, 0.001642, 0.001881, 0.001693, 0.001812, 0.001617, 0.001710, 0.001816, 0.001779, 0.001835, 0.001816, 0.000045, 0.001678, 0.001555, 0.001647, 0.001553, 0.001527, 0.001316, 0.001408, 0.001435, 0.001465, 0.001253, 0.001405, 0.001372, 0.001462, 0.001368, 0.001430, 0.001277, 0.001430, 0.001398, 0.001488, 0.001423, 0.001458, 0.001483, 0.001183, 0.001025, 0.001606, 0.001490, 0.001843, 0.001632, 0.001724, 0.001525, 0.001911, 0.001812, 0.001843, 0.001692, 0.001700, 0.001985, 0.001811, 0.001888, 0.001735, 0.001981, 0.001950, 0.002036, 0.002055, 0.001921, 0.002246, 0.002003, 0.002287, 0.000829, 0.001059, 0.001421, 0.001293, 0.001295, 0.001170, 0.001264, 0.001145, 0.001240, 0.001116, 0.001235, 0.001138, 0.001174, 0.001228, 0.001439, 0.001188, 0.001339, 0.001152, 0.001483, 0.001264, 0.001233, 0.001259
8 , 1, 1, 1, 1, 1, 1, 1
8 , 0.016035, 0.019092, 0.022089, 0.022462, 0.018121, 0.018213, 0.016973
9 , 0.001843, 0.001632, 0.001724, 0.001525, 0.001911, 0.001812, 0.001843, 0.001692, 0.001700, 0.001985, 0.001811, 0.001888, 0.001735, 0.001981, 0.001950, 0.002036, 0.002055, 0.001921, 0.002246, 0.002003, 0.002287, 0.000829, 0.001059, 0.001421, 0.001293, 0.001295, 0.001170, 0.001264, 0.001145, 0.001240, 0.001116, 0.001235, 0.001138, 0.001174, 0.001228, 0.001439, 0.001188, 0.001339, 0.001152, 0.001483, 0.001264, 0.001233, 0.001259, 0.001504, 0.001374, 0.001442, 0.001373, 0.000309, 0.001795, 0.001556, 0.001689, 0.001766, 0.001664, 0.001796, 0.001648, 0.001844, 0.001927, 0.001894, 0.001794, 0.002004, 0.002059, 0.001927, 0.001954, 0.001868, 0.002114, 0.001931, 0.001910, 0.001934, 0.001898, 0.001985, 0.001923, 0.001596, 0.000932, 0.001441, 0.001614, 0.001403, 0.001370, 0.001463, 0.001372, 0.001403, 0.001404, 0.001281, 0.001433, 0.001434, 0.001342, 0.001497, 0.001466, 0.001434, 0.001372, 0.001435, 0.001312, 0.001436
9 , 1, 1, 1, 1, 1, 1, 1
9 , 0.017159, 0.019754, 0.022497, 0.022328, 0.023774, 0.021879, 0.020964
10 , 0.001689, 0.001766, 0.001664, 0.001796, 0.001648, 0.001844, 0.001927, 0.001894, 0.001794, 0.002004, 0.002059, 0.001927, 0.001954, 0.001868, 0.002114, 0.001931, 0.001910, 0.001934, 0.001898, 0.001985, 0.001923, 0.001596, 0.000932, 0.001441, 0.001614, 0.001403, 0.001370, 0.001463, 0.001372, 0.001403, 0.001404, 0.001281, 0.001433, 0.001434, 0.001342, 0.001497, 0.001466, 0.001434, 0.001372, 0.001435, 0.001312, 0.001436, 0.001401, 0.001378, 0.001548, 0.000304, 0.001507, 0.001670, 0.001578, 0.001719, 0.001907, 0.001907, 0.001866, 0.001675, 0.002042, 0.001876, 0.002018, 0.001697, 0.002014, 0.002069, 0.001933, 0.002073, 0.001879, 0.002145, 0.002009, 0.001982, 0.001882, 0.002088, 0.001982, 0.001982, 0.002021, 0.002113, 0.000361, 0.001523, 0.001490, 0.001516, 0.001266, 0.001294, 0.001230, 0.001384, 0.001232, 0.001265, 0.001178, 0.001363, 0.001271, 0.001336, 0.001239, 0.001424, 0.001236, 0.001358, 0.001291, 0.001354
10 , 1, 1, 1, 1, 1, 1, 1
10 , 0.016835, 0.020006, 0.024120, 0.025429, 0.025111, 0.022266, 0.022098
11 , 0.001719, 0.001907, 0.001907, 0.001866, 0.001675, 0.002042, 0.001876, 0.002018, 0.001697, 0.002014, 0.002069, 0.001933, 0.002073, 0.001879, 0.002145, 0.002009, 0.001982, 0.001882, 0.002088, 0.001982, 0.001982, 0.002021, 0.002113, 0.000361, 0.001523, 0.001490, 0.001516, 0.001266, 0.001294, 0.001230, 0.001384, 0.001232, 0.001265, 0.001178, 0.001363, 0.001271, 0.001336, 0.001239, 0.001424, 0.001236, 0.001358, 0.001291, 0.001354, 0.001380, 0.001528, 0.001340, 0.001612, 0.001365, 0.001518, 0.001423, 0.001576, 0.001421, 0.001483, 0.001391, 0.001636, 0.001483, 0.001546, 0.001301, 0.001424, 0.001361, 0.001421, 0.001420, 0.001479, 0.001448, 0.001540, 0.001479, 0.001511, 0.001575, 0.001396, 0.001312, 0.001407, 0.001412, 0.001199, 0.001234, 0.001263, 0.001417, 0.001292, 0.001386, 0.001234, 0.001329, 0.001213, 0.001431, 0.001210, 0.001396, 0.001178, 0.001329, 0.001237, 0.001331, 0.001085, 0.001304, 0.001149, 0.001300
11 , 1, 1, 1, 1, 1, 1, 1
11 , 0.014439, 0.015328, 0.016417, 0.017171, 0.018477, 0.015325, 0.014821
12 , 0.001576, 0.001421, 0.001483, 0.001391, 0.001636, 0.001483, 0.001546, 0.001301, 0.001424, 0.001361, 0.001421, 0.001420, 0.001479, 0.001448, 0.001540, 0.001479, 0.001511, 0.001575, 0.001396, 0.001312, 0.001407, 0.001412, 0.001199, 0.001234, 0.001263, 0.001417, 0.001292, 0.001386, 0.001234, 0.001329, 0.001213, 0.001431, 0.001210, 0.001396, 0.001178, 0.001329, 0.001237, 0.001331, 0.001085, 0.001304, 0.001149, 0.001300, 0.001295, 0.001328, 0.001266, 0.001389, 0.001234, 0.001386, 0.001204, 0.001297, 0.001198, 0.001202, 0.001411, 0.001435, 0.001373, 0.001494, 0.001373, 0.001403, 0.001524, 0.001340, 0.001489, 0.001429, 0.001460, 0.001396, 0.001519, 0.001426, 0.001487, 0.001425, 0.001458, 0.001245, 0.001370, 0.001399, 0.001494, 0.001279, 0.001433, 0.001306, 0.001553, 0.001399, 0.001463, 0.001398, 0.001462, 0.001494, 0.001616, 0.001312, 0.001406, 0.001407, 0.001410, 0.001409, 0.001533, 0.001499, 0.001469, 0.001529
12 , 2, 2, 2, 2, 2, 2, 2
12 , 0.004941, 0.004783, 0.005057, 0.005247, 0.004709, 0.004143, 0.003913
13 , 0.001297, 0.001198, 0.001202, 0.001411, 0.001435, 0.001373, 0.001494, 0.001373, 0.001403, 0.001524, 0.001340, 0.001489, 0.001429, 0.001460, 0.001396, 0.001519, 0.001426, 0.001487, 0.001425, 0.001458, 0.001245, 0.001370, 0.001399, 0.001494, 0.001279, 0.001433, 0.001306, 0.001553, 0.001399, 0.001463, 0.001398, 0.001462, 0.001494, 0.001616, 0.001312, 0.001406, 0.001407, 0.001410, 0.001409, 0.001533, 0.001499, 0.001469, 0.001529, 0.001437, 0.001374, 0.001286, 0.001412, 0.001319, 0.001260, 0.001322, 0.001265, 0.001237, 0.001421, 0.001330, 0.001390, 0.001326, 0.001513, 0.001238, 0.001365, 0.001151, 0.001368, 0.001210, 0.001332, 0.001297, 0.001390, 0.001174, 0.001357, 0.001230, 0.001439, 0.001343, 0.001557, 0.001496, 0.001496, 0.001434, 0.001464, 0.001434, 0.001495, 0.001432, 0.001492, 0.001491, 0.001521, 0.001523, 0.001430, 0.001613, 0.001428, 0.001520, 0.001427, 0.001490, 0.001397, 0.001489, 0.001369, 0.001465
13 , 0, 0, 0, 0, 0, 0, 0
13 , 0.004624, 0.004302, 0.004454, 0.004095, 0.003553, 0.002701, 0.002433
14 , 0.001412, 0.001319, 0.001260, 0.001322, 0.001265, 0.001237, 0.001421, 0.001330, 0.001390, 0.001326, 0.001513, 0.001238, 0.001365, 0.001151, 0.001368, 0.001210, 0.001332, 0.001297, 0.001390, 0.001174, 0.001357, 0.001230, 0.001439, 0.001343, 0.001557, 0.001496, 0.001496, 0.001434, 0.001464, 0.001434, 0.001495, 0.001432, 0.001492, 0.001491, 0.001521, 0.001523, 0.001430, 0.001613, 0.001428, 0.001520, 0.001427, 0.001490, 0.001397, 0.001489, 0.001369, 0.001465, 0.001313, 0.001408, 0.001313, 0.001412, 0.001293, 0.001417, 0.001234, 0.001327, 0.001296, 0.001416, 0.001351, 0.001502, 0.001378, 0.001407, 0.001375, 0.001435, 0.001403, 0.001556, 0.001524, 0.001461, 0.001368, 0.001336, 0.001548, 0.001483, 0.001544, 0.001391, 0.001574, 0.001542, 0.001604, 0.001482, 0.001635, 0.001421, 0.001605, 0.001394, 0.001429, 0.001368, 0.001523, 0.001338, 0.001460, 0.001339, 0.001433, 0.001222, 0.001318, 0.001376, 0.001408, 0.001256
14 , 0, 0, 0, 0, 0, 0, 3
14 , 0.004223, 0.004330, 0.004361, 0.003980, 0.003962, 0.003336, 0.003107
15 , 0.001313, 0.001412, 0.001293, 0.001417, 0.001234, 0.001327, 0.001296, 0.001416, 0.001351, 0.001502, 0.001378, 0.001407, 0.001375, 0.001435, 0.001403, 0.001556, 0.001524, 0.001461, 0.001368, 0.001336, 0.001548, 0.001483, 0.001544, 0.001391, 0.001574, 0.001542, 0.001604, 0.001482, 0.001635, 0.001421, 0.001605, 0.001394, 0.001429, 0.001368, 0.001523, 0.001338, 0.001460, 0.001339, 0.001433, 0.001222, 0.001318, 0.001376, 0.001408, 0.001256, 0.001414, 0.001262, 0.001442, 0.001502, 0.001441, 0.001225, 0.001344, 0.001346, 0.001408, 0.001290, 0.001320, 0.001503, 0.001380, 0.001352, 0.001352, 0.001384, 0.001228, 0.001291, 0.001382, 0.001471, 0.001193, 0.001410, 0.001226, 0.001528, 0.001403, 0.001464, 0.001372, 0.001495, 0.001280, 0.001401, 0.001307, 0.001337, 0.001368, 0.001462, 0.001375, 0.001437, 0.001404, 0.001436, 0.001468, 0.001375, 0.001374, 0.001435, 0.001374, 0.001284, 0.001407, 0.001344, 0.001436, 0.001402
15 , 0, 0, 0, 0, 0, 0, 2
15 , 0.001942, 0.002102, 0.001350, 0.001333, 0.001064, 0.001447, 0.000946
16 , 0.001502, 0.001441, 0.001225, 0.001344, 0.001346, 0.001408, 0.001290, 0.001320, 0.001503, 0.001380, 0.001352, 0.001352, 0.001384, 0.001228, 0.001291, 0.001382, 0.001471, 0.001193, 0.001410, 0.001226, 0.001528, 0.001403, 0.001464, 0.001372, 0.001495, 0.001280, 0.001401, 0.001307, 0.001337, 0.001368, 0.001462, 0.001375, 0.001437, 0.001404, 0.001436, 0.001468, 0.001375, 0.001374, 0.001435, 0.001374, 0.001284, 0.001407, 0.001344, 0.001436, 0.001402, 0.001492, 0.001431, 0.001526, 0.001372, 0.001374, 0.001187, 0.001463, 0.001337, 0.001518, 0.001423, 0.001516, 0.001302, 0.001544, 0.001482, 0.001483, 0.001329, 0.001422, 0.001420, 0.001663, 0.001541, 0.001541, 0.001420, 0.001422, 0.001482, 0.001484, 0.001425, 0.001397, 0.001459, 0.001405, 0.001470, 0.001258, 0.001293, 0.001232, 0.001327, 0.001205, 0.001206, 0.001175, 0.001332, 0.001205, 0.001241, 0.001149, 0.001306, 0.001089, 0.001271, 0.001178, 0.001302, 0.001175
16 , 3, 3, 3, 3, 3, 3, 3
16 , 0.003835, 0.004584, 0.004455, 0.004767, 0.004835, 0.005186, 0.004935
