0 , 0.001782, 0.001886, 0.001690, 0.001960, 0.001974, 0.002105, 0.001937, 0.002156, 0.002108, 0.001987, 0.002089, 0.002038, 0.002196, 0.002065, 0.002190, 0.001991, 0.002163, 0.002209, 0.002158, 0.002011, 0.001897, 0.002039, 0.002079, 0.000306, 0.001408, 0.001269, 0.001269, 0.001295, 0.001231, 0.001230, 0.001222, 0.001348, 0.001223, 0.001345, 0.001251, 0.001375, 0.001190, 0.001434, 0.001187, 0.001339, 0.001215, 0.001340, 0.001245, 0.001366, 0.001305, 0.001548, 0.001273, 0.001542, 0.000822, 0.001087, 0.001628, 0.001718, 0.001687, 0.001682, 0.001936, 0.001891, 0.001876, 0.001776, 0.001980, 0.001925, 0.001919, 0.001843, 0.001864, 0.001934, 0.001840, 0.001907, 0.001795, 0.002053, 0.001922, 0.001834, 0.001876, 0.001761, 0.001987, 0.000570, 0.001665, 0.001558, 0.001646, 0.001280, 0.001468, 0.001373, 0.001496, 0.001128, 0.001279, 0.001340, 0.001435, 0.001225, 0.001291, 0.001202, 0.001266, 0.001235, 0.001239, 0.001114
0 , 1, 1, 1, 1, 1, 1, 1
0 , 0.017811, 0.020371, 0.023497, 0.026117, 0.027569, 0.027354, 0.026114
1 , 0.001628, 0.001718, 0.001687, 0.001682, 0.001936, 0.001891, 0.001876, 0.001776, 0.001980, 0.001925, 0.001919, 0.001843, 0.001864, 0.001934, 0.001840, 0.001907, 0.001795, 0.002053, 0.001922, 0.001834, 0.001876, 0.001761, 0.001987, 0.000570, 0.001665, 0.001558, 0.001646, 0.001280, 0.001468, 0.001373, 0.001496, 0.001128, 0.001279, 0.001340, 0.001435, 0.001225, 0.001291, 0.001202, 0.001266, 0.001235, 0.001239, 0.001114, 0.001362, 0.001272, 0.001333, 0.001092, 0.001269, 0.000568, 0.001817, 0.001907, 0.001835, 0.001840, 0.001827, 0.002044, 0.001879, 0.001998, 0.001864, 0.002065, 0.001852, 0.001944, 0.001883, 0.001947, 0.001986, 0.001892, 0.002016, 0.001846, 0.002107, 0.001974, 0.002047, 0.002010, 0.001956, 0.002037, 0.002062, 0.001655, 0.000931, 0.001361, 0.001474, 0.001326, 0.001261, 0.001169, 0.001291, 0.001195, 0.001255, 0.001222, 0.001253, 0.001190, 0.001253, 0.001350, 0.001193, 0.001317, 0.001223, 0.001195
1 , 1, 1, 1, 1, 1, 1, 1
1 , 0.016018, 0.018254, 0.021799, 0.024413, 0.028624, 0.027340, 0.027279
2 , 0.001835, 0.001840, 0.001827, 0.002044, 0.001879, 0.001998, 0.001864, 0.002065, 0.001852, 0.001944, 0.001883, 0.001947, 0.001986, 0.001892, 0.002016, 0.001846, 0.002107, 0.001974, 0.002047, 0.002010, 0.001956, 0.002037, 0.002062, 0.001655, 0.000931, 0.001361, 0.001474, 0.001326, 0.001261, 0.001169, 0.001291, 0.001195, 0.001255, 0.001222, 0.001253, 0.001190, 0.001253, 0.001350, 0.001193, 0.001317, 0.001223, 0.001195, 0.001075, 0.001197, 0.001199, 0.001175, 0.001136, 0.001147, 0.001339, 0.000033, 0.001732, 0.002028, 0.001940, 0.001948, 0.001964, 0.001988, 0.002025, 0.001812, 0.002114, 0.001843, 0.002022, 0.001970, 0.001998, 0.002059, 0.001883, 0.002007, 0.001816, 0.002144, 0.001886, 0.001916, 0.001861, 0.001912, 0.001795, 0.001975, 0.000104, 0.001434, 0.001400, 0.001404, 0.001376, 0.001282, 0.001373, 0.001190, 0.001345, 0.001219, 0.001312, 0.001251, 0.001347, 0.001224, 0.001349, 0.001226, 0.001379, 0.001162
2 , 1, 1, 1, 1, 1, 1, 1
2 , 0.018052, 0.021653, 0.023850, 0.026307, 0.028834, 0.030076, 0.032587
3 , 0.001940, 0.001948, 0.001964, 0.001988, 0.002025, 0.001812, 0.002114, 0.001843, 0.002022, 0.001970, 0.001998, 0.002059, 0.001883, 0.002007, 0.001816, 0.002144, 0.001886, 0.001916, 0.001861, 0.001912, 0.001795, 0.001975, 0.000104, 0.001434, 0.001400, 0.001404, 0.001376, 0.001282, 0.001373, 0.001190, 0.001345, 0.001219, 0.001312, 0.001251, 0.001347, 0.001224, 0.001349, 0.001226, 0.001379, 0.001162, 0.001291, 0.001140, 0.001409, 0.001166, 0.001523, 0.000924, 0.001036, 0.001749, 0.001968, 0.001679, 0.001722, 0.001925, 0.001812, 0.001972, 0.001779, 0.001890, 0.001857, 0.001907, 0.001598, 0.001847, 0.001891, 0.001764, 0.001871, 0.001686, 0.001882, 0.001854, 0.001924, 0.001728, 0.001614, 0.002040, 0.000763, 0.001627, 0.001578, 0.001513, 0.001338, 0.001403, 0.001281, 0.001224, 0.001254, 0.001286, 0.001192, 0.001407, 0.001257, 0.001258, 0.001195, 0.001294, 0.001204, 0.001209, 0.001269, 0.001331, 0.001268, 0.001273
3 , 1, 1, 1, 1, 1, 1, 1
3 , 0.021504, 0.024146, 0.026968, 0.027070, 0.023940, 0.022902, 0.022281
4 , 0.001679, 0.001722, 0.001925, 0.001812, 0.001972, 0.001779, 0.001890, 0.001857, 0.001907, 0.001598, 0.001847, 0.001891, 0.001764, 0.001871, 0.001686, 0.001882, 0.001854, 0.001924, 0.001728, 0.001614, 0.002040, 0.000763, 0.001627, 0.001578, 0.001513, 0.001338, 0.001403, 0.001281, 0.001224, 0.001254, 0.001286, 0.001192, 0.001407, 0.001257, 0.001258, 0.001195, 0.001294, 0.001204, 0.001209, 0.001269, 0.001331, 0.001268, 0.001273, 0.001155, 0.001180, 0.001124, 0.001265, 0.000595, 0.001692, 0.001903, 0.001933, 0.001784, 0.001918, 0.002086, 0.001947, 0.001959, 0.001977, 0.002163, 0.001942, 0.002048, 0.001711, 0.001786, 0.001888, 0.001877, 0.001783, 0.001720, 0.001929, 0.001647, 0.001804, 0.001665, 0.001705, 0.001713, 0.000876, 0.001715, 0.001558, 0.001531, 0.001377, 0.001351, 0.001264, 0.001325, 0.001268, 0.001303, 0.001278, 0.001190, 0.001348, 0.001234, 0.001297, 0.001114, 0.001146, 0.001120, 0.001122, 0.001146
4 , 1, 1, 1, 1, 1, 1, 1
4 , 0.018899, 0.021220, 0.023511, 0.022803, 0.025321, 0.024097, 0.023296
5 , 0.001933, 0.001784, 0.001918, 0.002086, 0.001947, 0.001959, 0.001977, 0.002163, 0.001942, 0.002048, 0.001711, 0.001786, 0.001888, 0.001877, 0.001783, 0.001720, 0.001929, 0.001647, 0.001804, 0.001665, 0.001705, 0.001713, 0.000876, 0.001715, 0.001558, 0.001531, 0.001377, 0.001351, 0.001264, 0.001325, 0.001268, 0.001303, 0.001278, 0.001190, 0.001348, 0.001234, 0.001297, 0.001114, 0.001146, 0.001120, 0.001122, 0.001146, 0.001294, 0.001026, 0.001525, 0.000194, 0.001626, 0.001761, 0.001986, 0.001846, 0.001913, 0.001798, 0.001982, 0.001809, 0.001876, 0.001712, 0.001857, 0.001819, 0.001830, 0.001800, 0.001739, 0.002040, 0.001797, 0.001893, 0.001700, 0.001702, 0.001758, 0.001787, 0.001648, 0.001771, 0.000068, 0.001715, 0.001626, 0.001658, 0.001507, 0.001508, 0.001358, 0.001393, 0.001393, 0.001486, 0.001271, 0.001309, 0.001250, 0.001346, 0.001132, 0.001258, 0.001260, 0.001418, 0.001232, 0.001328, 0.001261, 0.001414
5 , 1, 1, 1, 1, 1, 1, 1
5 , 0.020264, 0.021918, 0.025529, 0.022521, 0.020989, 0.020623, 0.020163
6 , 0.001986, 0.001846, 0.001913, 0.001798, 0.001982, 0.001809, 0.001876, 0.001712, 0.001857, 0.001819, 0.001830, 0.001800, 0.001739, 0.002040, 0.001797, 0.001893, 0.001700, 0.001702, 0.001758, 0.001787, 0.001648, 0.001771, 0.000068, 0.001715, 0.001626, 0.001658, 0.001507, 0.001508, 0.001358, 0.001393, 0.001393, 0.001486, 0.001271, 0.001309, 0.001250, 0.001346, 0.001132, 0.001258, 0.001260, 0.001418, 0.001232, 0.001328, 0.001261, 0.001414, 0.001258, 0.001293, 0.001281, 0.001198, 0.001139, 0.001667, 0.001840, 0.001968, 0.001795, 0.001904, 0.001737, 0.002001, 0.002047, 0.002053, 0.001879, 0.002068, 0.002192, 0.001983, 0.001985, 0.001869, 0.002188, 0.002100, 0.002209, 0.002126, 0.002185, 0.002209, 0.002024, 0.002286, 0.001030, 0.001038, 0.001406, 0.001305, 0.001372, 0.001176, 0.001392, 0.001206, 0.001358, 0.001230, 0.001291, 0.001226, 0.001253, 0.001246, 0.001461, 0.001217, 0.001435, 0.001220, 0.001280, 0.001219
6 , 1, 1, 1, 1, 1, 1, 1
6 , 0.017473, 0.021486, 0.023706, 0.025752, 0.024734, 0.024763, 0.023558
7 , 0.001667, 0.001840, 0.001968, 0.001795, 0.001904, 0.001737, 0.002001, 0.002047, 0.002053, 0.001879, 0.002068, 0.002192, 0.001983, 0.001985, 0.001869, 0.002188, 0.002100, 0.002209, 0.002126, 0.002185, 0.002209, 0.002024, 0.002286, 0.001030, 0.001038, 0.001406, 0.001305, 0.001372, 0.001176, 0.001392, 0.001206, 0.001358, 0.001230, 0.001291, 0.001226, 0.001253, 0.001246, 0.001461, 0.001217, 0.001435, 0.001220, 0.001280, 0.001219, 0.001344, 0.001338, 0.001287, 0.001335, 0.000218, 0.001902, 0.001695, 0.001870, 0.001995, 0.001886, 0.001943, 0.001851, 0.002049, 0.001993, 0.002142, 0.001961, 0.002146, 0.002207, 0.002079, 0.002258, 0.002113, 0.002359, 0.002150, 0.002177, 0.001979, 0.002184, 0.002231, 0.002187, 0.001884, 0.000556, 0.001206, 0.001287, 0.001260, 0.001161, 0.001183, 0.001269, 0.001300, 0.001152, 0.001152, 0.001119, 0.001241, 0.001146, 0.001236, 0.001144, 0.001211, 0.001207, 0.001180, 0.001176, 0.001269
7 , 1, 1, 1, 1, 1, 1, 1
7 , 0.022437, 0.026039, 0.029971, 0.033314, 0.038443, 0.034645, 0.032609
8 , 0.001870, 0.001995, 0.001886, 0.001943, 0.001851, 0.002049, 0.001993, 0.002142, 0.001961, 0.002146, 0.002207, 0.002079, 0.002258, 0.002113, 0.002359, 0.002150, 0.002177, 0.001979, 0.002184, 0.002231, 0.002187, 0.001884, 0.000556, 0.001206, 0.001287, 0.001260, 0.001161, 0.001183, 0.001269, 0.001300, 0.001152, 0.001152, 0.001119, 0.001241, 0.001146, 0.001236, 0.001144, 0.001211, 0.001207, 0.001180, 0.001176, 0.001269, 0.001111, 0.001325, 0.001167, 0.001207, 0.001338, 0.000448, 0.001509, 0.001782, 0.001679, 0.002022, 0.001895, 0.001928, 0.001788, 0.002004, 0.002134, 0.001858, 0.002039, 0.001928, 0.002094, 0.002019, 0.002043, 0.001873, 0.001885, 0.002016, 0.001907, 0.002074, 0.001919, 0.002113, 0.001919, 0.002029, 0.000038, 0.001409, 0.001443, 0.001291, 0.001321, 0.001261, 0.001353, 0.001201, 0.001328, 0.001020, 0.001203, 0.001080, 0.001445, 0.001287, 0.001351, 0.001104, 0.001261, 0.001076, 0.001172, 0.001205
8 , 1, 1, 1, 1, 1, 1, 1
8 , 0.025226, 0.029899, 0.033011, 0.035043, 0.036093, 0.032365, 0.030890
9 , 0.001679, 0.002022, 0.001895, 0.001928, 0.001788, 0.002004, 0.002134, 0.001858, 0.002039, 0.001928, 0.002094, 0.002019, 0.002043, 0.001873, 0.001885, 0.002016, 0.001907, 0.002074, 0.001919, 0.002113, 0.001919, 0.002029, 0.000038, 0.001409, 0.001443, 0.001291, 0.001321, 0.001261, 0.001353, 0.001201, 0.001328, 0.001020, 0.001203, 0.001080, 0.001445, 0.001287, 0.001351, 0.001104, 0.001261, 0.001076, 0.001172, 0.001205, 0.001354, 0.001203, 0.001417, 0.000927, 0.001045, 0.001814, 0.001670, 0.001648, 0.002068, 0.001858, 0.001871, 0.001752, 0.001843, 0.001889, 0.001837, 0.001785, 0.001764, 0.002043, 0.001816, 0.002082, 0.001816, 0.001913, 0.001943, 0.001952, 0.001851, 0.001724, 0.001984, 0.001812, 0.001771, 0.001968, 0.001103, 0.001293, 0.001712, 0.001549, 0.001399, 0.001273, 0.001458, 0.001338, 0.001246, 0.001156, 0.001222, 0.001228, 0.001263, 0.001203, 0.001241, 0.001297, 0.001147, 0.001086, 0.001030, 0.001183
9 , 1, 1, 1, 1, 1, 1, 1
9 , 0.021042, 0.024867, 0.027936, 0.030482, 0.027975, 0.026451, 0.025546
10 , 0.001648, 0.002068, 0.001858, 0.001871, 0.001752, 0.001843, 0.001889, 0.001837, 0.001785, 0.001764, 0.002043, 0.001816, 0.002082, 0.001816, 0.001913, 0.001943, 0.001952, 0.001851, 0.001724, 0.001984, 0.001812, 0.001771, 0.001968, 0.001103, 0.001293, 0.001712, 0.001549, 0.001399, 0.001273, 0.001458, 0.001338, 0.001246, 0.001156, 0.001222, 0.001228, 0.001263, 0.001203, 0.001241, 0.001297, 0.001147, 0.001086, 0.001030, 0.001183, 0.001212, 0.001187, 0.001185, 0.001189, 0.001094, 0.001244, 0.001149, 0.001300, 0.001233, 0.001323, 0.001199, 0.001229, 0.001193, 0.001408, 0.001251, 0.001369, 0.001185, 0.001371, 0.001274, 0.001366, 0.001273, 0.001398, 0.001272, 0.001396, 0.001331, 0.001364, 0.001211, 0.001425, 0.001271, 0.001331, 0.001300, 0.001329, 0.001326, 0.001354, 0.001321, 0.001352, 0.001444, 0.001411, 0.001438, 0.001409, 0.001410, 0.001378, 0.001410, 0.001377, 0.001470, 0.001383, 0.001411, 0.001228, 0.001475
10 , 2, 2, 2, 2, 2, 2, 2
10 , 0.012775, 0.014382, 0.014998, 0.015495, 0.016623, 0.015605, 0.015086
11 , 0.001300, 0.001233, 0.001323, 0.001199, 0.001229, 0.001193, 0.001408, 0.001251, 0.001369, 0.001185, 0.001371, 0.001274, 0.001366, 0.001273, 0.001398, 0.001272, 0.001396, 0.001331, 0.001364, 0.001211, 0.001425, 0.001271, 0.001331, 0.001300, 0.001329, 0.001326, 0.001354, 0.001321, 0.001352, 0.001444, 0.001411, 0.001438, 0.001409, 0.001410, 0.001378, 0.001410, 0.001377, 0.001470, 0.001383, 0.001411, 0.001228, 0.001475, 0.001382, 0.001505, 0.001352, 0.001389, 0.001207, 0.001392, 0.001242, 0.001400, 0.001244, 0.001493, 0.001221, 0.001344, 0.001162, 0.001197, 0.001162, 0.001349, 0.001318, 0.001352, 0.001225, 0.001287, 0.001226, 0.001258, 0.001315, 0.001315, 0.001249, 0.001336, 0.001395, 0.001366, 0.001334, 0.001242, 0.001333, 0.001363, 0.001368, 0.001305, 0.001425, 0.001364, 0.001364, 0.001180, 0.001453, 0.001295, 0.001422, 0.001238, 0.001363, 0.001333, 0.001425, 0.001210, 0.001366, 0.001334, 0.001397, 0.001273
11 , 0, 0, 0, 0, 0, 0, 0
11 , 0.003235, 0.003156, 0.002993, 0.002619, 0.002861, 0.002555, 0.002687
12 , 0.001207, 0.001392, 0.001242, 0.001400, 0.001244, 0.001493, 0.001221, 0.001344, 0.001162, 0.001197, 0.001162, 0.001349, 0.001318, 0.001352, 0.001225, 0.001287, 0.001226, 0.001258, 0.001315, 0.001315, 0.001249, 0.001336, 0.001395, 0.001366, 0.001334, 0.001242, 0.001333, 0.001363, 0.001368, 0.001305, 0.001425, 0.001364, 0.001364, 0.001180, 0.001453, 0.001295, 0.001422, 0.001238, 0.001363, 0.001333, 0.001425, 0.001210, 0.001366, 0.001334, 0.001397, 0.001273, 0.001304, 0.001241, 0.001394, 0.001271, 0.001337, 0.001303, 0.001396, 0.001277, 0.001371, 0.001342, 0.001342, 0.001283, 0.001225, 0.001318, 0.001074, 0.001350, 0.001291, 0.001354, 0.001288, 0.001291, 0.001291, 0.001322, 0.001132, 0.001288, 0.001193, 0.001376, 0.001252, 0.001405, 0.001131, 0.001345, 0.001190, 0.001310, 0.001156, 0.001343, 0.001220, 0.001286, 0.001164, 0.001167, 0.001234, 0.001296, 0.001267, 0.001208, 0.001178, 0.001125, 0.001098, 0.001070
12 , 3, 3, 3, 3, 3, 3, 3
12 , 0.002212, 0.002226, 0.002558, 0.002591, 0.002594, 0.002717, 0.003027
13 , 0.001396, 0.001277, 0.001371, 0.001342, 0.001342, 0.001283, 0.001225, 0.001318, 0.001074, 0.001350, 0.001291, 0.001354, 0.001288, 0.001291, 0.001291, 0.001322, 0.001132, 0.001288, 0.001193, 0.001376, 0.001252, 0.001405, 0.001131, 0.001345, 0.001190, 0.001310, 0.001156, 0.001343, 0.001220, 0.001286, 0.001164, 0.001167, 0.001234, 0.001296, 0.001267, 0.001208, 0.001178, 0.001125, 0.001098, 0.001070, 0.001165, 0.001043, 0.001075, 0.000987, 0.001167, 0.001131, 0.001197, 0.000984, 0.001132, 0.001100, 0.001161, 0.000943, 0.001223, 0.001036, 0.001279, 0.001182, 0.001271, 0.001179, 0.001303, 0.001267, 0.001235, 0.001170, 0.001235, 0.001174, 0.001233, 0.001079, 0.001291, 0.001293, 0.001263, 0.001229, 0.001139, 0.001234, 0.001080, 0.001172, 0.001113, 0.001176, 0.001238, 0.001210, 0.000994, 0.001306, 0.001032, 0.001307, 0.001029, 0.001367, 0.001147, 0.001214, 0.001082, 0.001146, 0.000994, 0.001299, 0.001202, 0.001264
13 , 1, 1, 1, 1, 1, 1, 1
13 , 0.002039, 0.002412, 0.002573, 0.002699, 0.002834, 0.002911, 0.002774
14 , 0.000943, 0.001223, 0.001036, 0.001279, 0.001182, 0.001271, 0.001179, 0.001303, 0.001267, 0.001235, 0.001170, 0.001235, 0.001174, 0.001233, 0.001079, 0.001291, 0.001293, 0.001263, 0.001229, 0.001139, 0.001234, 0.001080, 0.001172, 0.001113, 0.001176, 0.001238, 0.001210, 0.000994, 0.001306, 0.001032, 0.001307, 0.001029, 0.001367, 0.001147, 0.001214, 0.001082, 0.001146, 0.000994, 0.001299, 0.001202, 0.001264, 0.001230, 0.001234, 0.001289, 0.001287, 0.001218, 0.001341, 0.001215, 0.001246, 0.001245, 0.001307, 0.001246, 0.001244, 0.001398, 0.001279, 0.001279, 0.001219, 0.001310, 0.001278, 0.001372, 0.001371, 0.001341, 0.001186, 0.001187, 0.001217, 0.001340, 0.001126, 0.001285, 0.001128, 0.001312, 0.001189, 0.001409, 0.001193, 0.001223, 0.001191, 0.001197, 0.001196, 0.001168, 0.001259, 0.001201, 0.001235, 0.001210, 0.001060, 0.001065, 0.001127, 0.001071, 0.001070, 0.000984, 0.001079, 0.001016, 0.001199, 0.001102
14 , 1, 1, 1, 1, 1, 3, 1
14 , 0.002746, 0.002558, 0.002914, 0.002507, 0.003097, 0.002981, 0.003004
15 , 0.001307, 0.001246, 0.001244, 0.001398, 0.001279, 0.001279, 0.001219, 0.001310, 0.001278, 0.001372, 0.001371, 0.001341, 0.001186, 0.001187, 0.001217, 0.001340, 0.001126, 0.001285, 0.001128, 0.001312, 0.001189, 0.001409, 0.001193, 0.001223, 0.001191, 0.001197, 0.001196, 0.001168, 0.001259, 0.001201, 0.001235, 0.001210, 0.001060, 0.001065, 0.001127, 0.001071, 0.001070, 0.000984, 0.001079, 0.001016, 0.001199, 0.001102, 0.001199, 0.001040, 0.001223, 0.001130, 0.001248, 0.001149, 0.001241, 0.001084, 0.001140, 0.001136, 0.001314, 0.001187, 0.001219, 0.001185, 0.001305, 0.001274, 0.001337, 0.001242, 0.001217, 0.001185, 0.001275, 0.001213, 0.001305, 0.001217, 0.001095, 0.001220, 0.001130, 0.001318, 0.001136, 0.001262, 0.001170, 0.001235, 0.001202, 0.001238, 0.001054, 0.001241, 0.001174, 0.001175, 0.001083, 0.001115, 0.001086, 0.001389, 0.001168, 0.001262, 0.001228, 0.001316, 0.001103, 0.001317, 0.001223, 0.001226
15 , 1, 1, 1, 1, 1, 1, 1
15 , 0.002881, 0.002787, 0.003070, 0.003194, 0.003330, 0.003099, 0.003313
16 , 0.001140, 0.001136, 0.001314, 0.001187, 0.001219, 0.001185, 0.001305, 0.001274, 0.001337, 0.001242, 0.001217, 0.001185, 0.001275, 0.001213, 0.001305, 0.001217, 0.001095, 0.001220, 0.001130, 0.001318, 0.001136, 0.001262, 0.001170, 0.001235, 0.001202, 0.001238, 0.001054, 0.001241, 0.001174, 0.001175, 0.001083, 0.001115, 0.001086, 0.001389, 0.001168, 0.001262, 0.001228, 0.001316, 0.001103, 0.001317, 0.001223, 0.001226, 0.001168, 0.001291, 0.001226, 0.001254, 0.001193, 0.001136, 0.001286, 0.001346, 0.001376, 0.001158, 0.001341, 0.001190, 0.001255, 0.001281, 0.001380, 0.001166, 0.001355, 0.001139, 0.001208, 0.001208, 0.001305, 0.001122, 0.001279, 0.001221, 0.001313, 0.001214, 0.001189, 0.000970, 0.001214, 0.001118, 0.001089, 0.001180, 0.001393, 0.001176, 0.001177, 0.001176, 0.001143, 0.001113, 0.001113, 0.001266, 0.001174, 0.001263, 0.001230, 0.001384, 0.001169, 0.001443, 0.001258, 0.001348, 0.001250, 0.001434
16 , 1, 1, 1, 1, 2, 2, 2
16 , 0.001202, 0.001267, 0.000480, 0.000528, 0.000545, 0.001074, 0.001083
