0 , 0.001808, 0.001891, 0.002177, 0.002055, 0.001967, 0.001870, 0.002104, 0.002013, 0.002028, 0.001904, 0.002077, 0.002134, 0.001946, 0.001894, 0.001775, 0.002005, 0.001836, 0.001875, 0.001875, 0.001975, 0.002003, 0.001809, 0.002028, 0.000453, 0.001363, 0.001528, 0.001374, 0.001346, 0.001283, 0.001500, 0.001223, 0.001286, 0.001192, 0.001346, 0.001224, 0.001227, 0.001106, 0.001294, 0.001321, 0.001199, 0.001167, 0.001352, 0.001230, 0.001203, 0.001138, 0.001173, 0.001106, 0.000588, 0.001943, 0.001542, 0.001806, 0.001915, 0.001967, 0.001879, 0.001776, 0.002055, 0.001895, 0.002028, 0.001779, 0.001915, 0.001943, 0.001927, 0.002003, 0.001940, 0.001985, 0.002092, 0.002155, 0.001870, 0.002274, 0.002088, 0.002180, 0.001453, 0.000871, 0.001384, 0.001404, 0.001378, 0.001280, 0.001312, 0.001189, 0.001339, 0.001247, 0.001339, 0.001183, 0.001399, 0.001276, 0.001308, 0.001189, 0.001372, 0.001215, 0.001277, 0.001184, 0.001278
0 , 1, 1, 1, 1, 1, 1, 1
0 , 0.019273, 0.023106, 0.026986, 0.030029, 0.032763, 0.028293, 0.027253
1 , 0.001806, 0.001915, 0.001967, 0.001879, 0.001776, 0.002055, 0.001895, 0.002028, 0.001779, 0.001915, 0.001943, 0.001927, 0.002003, 0.001940, 0.001985, 0.002092, 0.002155, 0.001870, 0.002274, 0.002088, 0.002180, 0.001453, 0.000871, 0.001384, 0.001404, 0.001378, 0.001280, 0.001312, 0.001189, 0.001339, 0.001247, 0.001339, 0.001183, 0.001399, 0.001276, 0.001308, 0.001189, 0.001372, 0.001215, 0.001277, 0.001184, 0.001278, 0.001244, 0.001341, 0.001273, 0.001435, 0.001388, 0.000264, 0.001645, 0.001738, 0.001483, 0.001851, 0.001737, 0.001826, 0.001756, 0.001847, 0.001853, 0.001826, 0.001776, 0.001621, 0.001992, 0.001862, 0.001941, 0.001781, 0.002021, 0.001894, 0.002040, 0.001930, 0.001857, 0.002000, 0.001910, 0.001941, 0.000234, 0.001174, 0.001454, 0.001367, 0.001251, 0.001159, 0.001220, 0.001002, 0.001214, 0.001052, 0.001229, 0.001131, 0.001401, 0.001363, 0.001419, 0.001323, 0.001533, 0.001622, 0.001621, 0.001559
1 , 1, 1, 1, 1, 1, 1, 1
1 , 0.020096, 0.023230, 0.025156, 0.026004, 0.027734, 0.024145, 0.022236
2 , 0.001483, 0.001851, 0.001737, 0.001826, 0.001756, 0.001847, 0.001853, 0.001826, 0.001776, 0.001621, 0.001992, 0.001862, 0.001941, 0.001781, 0.002021, 0.001894, 0.002040, 0.001930, 0.001857, 0.002000, 0.001910, 0.001941, 0.000234, 0.001174, 0.001454, 0.001367, 0.001251, 0.001159, 0.001220, 0.001002, 0.001214, 0.001052, 0.001229, 0.001131, 0.001401, 0.001363, 0.001419, 0.001323, 0.001533, 0.001622, 0.001621, 0.001559, 0.001559, 0.001620, 0.001622, 0.001136, 0.000701, 0.001311, 0.001153, 0.001252, 0.001524, 0.001414, 0.001515, 0.001324, 0.001800, 0.001668, 0.001746, 0.001669, 0.001859, 0.002058, 0.001905, 0.001924, 0.001822, 0.002165, 0.002056, 0.002180, 0.002054, 0.002200, 0.002193, 0.002196, 0.002207, 0.002362, 0.001292, 0.001156, 0.001296, 0.001319, 0.001130, 0.001156, 0.001152, 0.001090, 0.001056, 0.001207, 0.001145, 0.001084, 0.001172, 0.001201, 0.001108, 0.001292, 0.001227, 0.001258, 0.001195, 0.001229
2 , 1, 1, 1, 1, 1, 1, 1
2 , 0.015199, 0.018819, 0.021920, 0.025848, 0.025861, 0.025346, 0.025399
3 , 0.001524, 0.001414, 0.001515, 0.001324, 0.001800, 0.001668, 0.001746, 0.001669, 0.001859, 0.002058, 0.001905, 0.001924, 0.001822, 0.002165, 0.002056, 0.002180, 0.002054, 0.002200, 0.002193, 0.002196, 0.002207, 0.002362, 0.001292, 0.001156, 0.001296, 0.001319, 0.001130, 0.001156, 0.001152, 0.001090, 0.001056, 0.001207, 0.001145, 0.001084, 0.001172, 0.001201, 0.001108, 0.001292, 0.001227, 0.001258, 0.001195, 0.001229, 0.001075, 0.001291, 0.000924, 0.001196, 0.000985, 0.001316, 0.000504, 0.001712, 0.001836, 0.001919, 0.001852, 0.001940, 0.001873, 0.002058, 0.001919, 0.002074, 0.001998, 0.002083, 0.002140, 0.001961, 0.001885, 0.001946, 0.002237, 0.002046, 0.002054, 0.001821, 0.001972, 0.001915, 0.001901, 0.002022, 0.001622, 0.000653, 0.001538, 0.001345, 0.001317, 0.001251, 0.001344, 0.001100, 0.001286, 0.001132, 0.001255, 0.001041, 0.001345, 0.001125, 0.001341, 0.001187, 0.001220, 0.001159, 0.001285, 0.001223
3 , 1, 1, 1, 1, 1, 1, 1
3 , 0.019261, 0.023279, 0.026694, 0.030775, 0.031955, 0.033896, 0.031710
4 , 0.001919, 0.001852, 0.001940, 0.001873, 0.002058, 0.001919, 0.002074, 0.001998, 0.002083, 0.002140, 0.001961, 0.001885, 0.001946, 0.002237, 0.002046, 0.002054, 0.001821, 0.001972, 0.001915, 0.001901, 0.002022, 0.001622, 0.000653, 0.001538, 0.001345, 0.001317, 0.001251, 0.001344, 0.001100, 0.001286, 0.001132, 0.001255, 0.001041, 0.001345, 0.001125, 0.001341, 0.001187, 0.001220, 0.001159, 0.001285, 0.001223, 0.001291, 0.001192, 0.001145, 0.001310, 0.000295, 0.001785, 0.001557, 0.001815, 0.001888, 0.001979, 0.001753, 0.001814, 0.002190, 0.002069, 0.002082, 0.001866, 0.002102, 0.001939, 0.001996, 0.001936, 0.001905, 0.002085, 0.001943, 0.001980, 0.001998, 0.002122, 0.002080, 0.001984, 0.002013, 0.000060, 0.001247, 0.001400, 0.001249, 0.001190, 0.001251, 0.001158, 0.001067, 0.001156, 0.001155, 0.001147, 0.001085, 0.001175, 0.001263, 0.001140, 0.001107, 0.001196, 0.001287, 0.001103, 0.001289, 0.001255, 0.001293
4 , 1, 1, 1, 1, 1, 1, 1
4 , 0.028477, 0.031833, 0.036348, 0.033012, 0.030552, 0.029686, 0.027785
5 , 0.001815, 0.001888, 0.001979, 0.001753, 0.001814, 0.002190, 0.002069, 0.002082, 0.001866, 0.002102, 0.001939, 0.001996, 0.001936, 0.001905, 0.002085, 0.001943, 0.001980, 0.001998, 0.002122, 0.002080, 0.001984, 0.002013, 0.000060, 0.001247, 0.001400, 0.001249, 0.001190, 0.001251, 0.001158, 0.001067, 0.001156, 0.001155, 0.001147, 0.001085, 0.001175, 0.001263, 0.001140, 0.001107, 0.001196, 0.001287, 0.001103, 0.001289, 0.001255, 0.001293, 0.001228, 0.001260, 0.001373, 0.001023, 0.001199, 0.001867, 0.001557, 0.001985, 0.001827, 0.001939, 0.001869, 0.001953, 0.001950, 0.001989, 0.001801, 0.001881, 0.002028, 0.001895, 0.001937, 0.001707, 0.002078, 0.002114, 0.002050, 0.001804, 0.001647, 0.002061, 0.001790, 0.002058, 0.000751, 0.001054, 0.001555, 0.001398, 0.001374, 0.001247, 0.001369, 0.001307, 0.001220, 0.001004, 0.001219, 0.001095, 0.001371, 0.001187, 0.001374, 0.001247, 0.001492, 0.001278, 0.001342, 0.001187
5 , 1, 1, 1, 1, 1, 1, 1
5 , 0.023242, 0.026668, 0.029110, 0.031227, 0.030286, 0.028657, 0.026595
6 , 0.001867, 0.001557, 0.001985, 0.001827, 0.001939, 0.001869, 0.001953, 0.001950, 0.001989, 0.001801, 0.001881, 0.002028, 0.001895, 0.001937, 0.001707, 0.002078, 0.002114, 0.002050, 0.001804, 0.001647, 0.002061, 0.001790, 0.002058, 0.000751, 0.001054, 0.001555, 0.001398, 0.001374, 0.001247, 0.001369, 0.001307, 0.001220, 0.001004, 0.001219, 0.001095, 0.001371, 0.001187, 0.001374, 0.001247, 0.001492, 0.001278, 0.001342, 0.001187, 0.001315, 0.001341, 0.001257, 0.001250, 0.000433, 0.001867, 0.001720, 0.001846, 0.001859, 0.001839, 0.001839, 0.001750, 0.001941, 0.001830, 0.002031, 0.001879, 0.002024, 0.002048, 0.001991, 0.002024, 0.001836, 0.002035, 0.001966, 0.002027, 0.001905, 0.001878, 0.001992, 0.002106, 0.001572, 0.000861, 0.001490, 0.001664, 0.001454, 0.001482, 0.001452, 0.001360, 0.001392, 0.001297, 0.001359, 0.001210, 0.001456, 0.001243, 0.001276, 0.001245, 0.001250, 0.001164, 0.001198, 0.001077, 0.001303
6 , 1, 1, 1, 1, 1, 1, 1
6 , 0.018219, 0.020015, 0.023507, 0.026298, 0.029767, 0.026602, 0.025170
7 , 0.001846, 0.001859, 0.001839, 0.001839, 0.001750, 0.001941, 0.001830, 0.002031, 0.001879, 0.002024, 0.002048, 0.001991, 0.002024, 0.001836, 0.002035, 0.001966, 0.002027, 0.001905, 0.001878, 0.001992, 0.002106, 0.001572, 0.000861, 0.001490, 0.001664, 0.001454, 0.001482, 0.001452, 0.001360, 0.001392, 0.001297, 0.001359, 0.001210, 0.001456, 0.001243, 0.001276, 0.001245, 0.001250, 0.001164, 0.001198, 0.001077, 0.001303, 0.001057, 0.001099, 0.001095, 0.001177, 0.001127, 0.000020, 0.001841, 0.001935, 0.001898, 0.002039, 0.002100, 0.002120, 0.001998, 0.002115, 0.002103, 0.002107, 0.002121, 0.001952, 0.002341, 0.002077, 0.002128, 0.001995, 0.002040, 0.002027, 0.001986, 0.001948, 0.001705, 0.001911, 0.001807, 0.001995, 0.000192, 0.001453, 0.001515, 0.001456, 0.001363, 0.001179, 0.001363, 0.001365, 0.001336, 0.001243, 0.001338, 0.001306, 0.001371, 0.001219, 0.001255, 0.001166, 0.001262, 0.001169, 0.001237, 0.001182
7 , 1, 1, 1, 1, 1, 1, 1
7 , 0.021998, 0.025601, 0.028176, 0.029778, 0.032541, 0.029329, 0.028762
8 , 0.001898, 0.002039, 0.002100, 0.002120, 0.001998, 0.002115, 0.002103, 0.002107, 0.002121, 0.001952, 0.002341, 0.002077, 0.002128, 0.001995, 0.002040, 0.002027, 0.001986, 0.001948, 0.001705, 0.001911, 0.001807, 0.001995, 0.000192, 0.001453, 0.001515, 0.001456, 0.001363, 0.001179, 0.001363, 0.001365, 0.001336, 0.001243, 0.001338, 0.001306, 0.001371, 0.001219, 0.001255, 0.001166, 0.001262, 0.001169, 0.001237, 0.001182, 0.001062, 0.001035, 0.001091, 0.000596, 0.001342, 0.002012, 0.001961, 0.002083, 0.002061, 0.002094, 0.002079, 0.001985, 0.002283, 0.002028, 0.001995, 0.001913, 0.002122, 0.002048, 0.002079, 0.001978, 0.001831, 0.002147, 0.001862, 0.001962, 0.001873, 0.002036, 0.001851, 0.002059, 0.000756, 0.001356, 0.001397, 0.001363, 0.001368, 0.001245, 0.001370, 0.001124, 0.001369, 0.001277, 0.001250, 0.001187, 0.001402, 0.001248, 0.001311, 0.001156, 0.001280, 0.001158, 0.001341, 0.001095, 0.001312, 0.001067
8 , 1, 1, 1, 1, 1, 1, 1
8 , 0.027414, 0.031640, 0.035025, 0.034842, 0.030756, 0.029329, 0.027614
9 , 0.001961, 0.002083, 0.002061, 0.002094, 0.002079, 0.001985, 0.002283, 0.002028, 0.001995, 0.001913, 0.002122, 0.002048, 0.002079, 0.001978, 0.001831, 0.002147, 0.001862, 0.001962, 0.001873, 0.002036, 0.001851, 0.002059, 0.000756, 0.001356, 0.001397, 0.001363, 0.001368, 0.001245, 0.001370, 0.001124, 0.001369, 0.001277, 0.001250, 0.001187, 0.001402, 0.001248, 0.001311, 0.001156, 0.001280, 0.001158, 0.001341, 0.001095, 0.001312, 0.001067, 0.001259, 0.001165, 0.001206, 0.001169, 0.000590, 0.001840, 0.001676, 0.001845, 0.002089, 0.001982, 0.002022, 0.001830, 0.002019, 0.002128, 0.002076, 0.002164, 0.002012, 0.002210, 0.002055, 0.002189, 0.002028, 0.002183, 0.002049, 0.001955, 0.001940, 0.001886, 0.002074, 0.001937, 0.001689, 0.000869, 0.001290, 0.001468, 0.001381, 0.001350, 0.001287, 0.001285, 0.001252, 0.001252, 0.001131, 0.001256, 0.001224, 0.001135, 0.001135, 0.001199, 0.001110, 0.001176, 0.001118, 0.001086
9 , 1, 1, 1, 1, 1, 1, 1
9 , 0.023554, 0.027216, 0.029900, 0.032656, 0.032561, 0.034303, 0.032059
10 , 0.001845, 0.002089, 0.001982, 0.002022, 0.001830, 0.002019, 0.002128, 0.002076, 0.002164, 0.002012, 0.002210, 0.002055, 0.002189, 0.002028, 0.002183, 0.002049, 0.001955, 0.001940, 0.001886, 0.002074, 0.001937, 0.001689, 0.000869, 0.001290, 0.001468, 0.001381, 0.001350, 0.001287, 0.001285, 0.001252, 0.001252, 0.001131, 0.001256, 0.001224, 0.001135, 0.001135, 0.001199, 0.001110, 0.001176, 0.001118, 0.001086, 0.001183, 0.001086, 0.001036, 0.001230, 0.000120, 0.001621, 0.001995, 0.001957, 0.001985, 0.002174, 0.002149, 0.002116, 0.002055, 0.002216, 0.002119, 0.002156, 0.001991, 0.002207, 0.002079, 0.002037, 0.002098, 0.001965, 0.002165, 0.002062, 0.002183, 0.001837, 0.001853, 0.001842, 0.001870, 0.001818, 0.001970, 0.000262, 0.001557, 0.001433, 0.001493, 0.001247, 0.001253, 0.001161, 0.001252, 0.001038, 0.001225, 0.001137, 0.001264, 0.001079, 0.001146, 0.000900, 0.001208, 0.001176, 0.001329, 0.001173, 0.001169
10 , 1, 1, 1, 1, 1, 1, 1
10 , 0.029801, 0.033254, 0.037615, 0.038543, 0.037158, 0.032910, 0.031848
11 , 0.001985, 0.002174, 0.002149, 0.002116, 0.002055, 0.002216, 0.002119, 0.002156, 0.001991, 0.002207, 0.002079, 0.002037, 0.002098, 0.001965, 0.002165, 0.002062, 0.002183, 0.001837, 0.001853, 0.001842, 0.001870, 0.001818, 0.001970, 0.000262, 0.001557, 0.001433, 0.001493, 0.001247, 0.001253, 0.001161, 0.001252, 0.001038, 0.001225, 0.001137, 0.001264, 0.001079, 0.001146, 0.000900, 0.001208, 0.001176, 0.001329, 0.001173, 0.001169, 0.001229, 0.001349, 0.001160, 0.001344, 0.001185, 0.001365, 0.001362, 0.001390, 0.001294, 0.001507, 0.001382, 0.001382, 0.001443, 0.001504, 0.001262, 0.001386, 0.001388, 0.001297, 0.001297, 0.001148, 0.001271, 0.001303, 0.001276, 0.001151, 0.001215, 0.001246, 0.001399, 0.001155, 0.001252, 0.001162, 0.001227, 0.001075, 0.001230, 0.001167, 0.001296, 0.001053, 0.001087, 0.001023, 0.001269, 0.000992, 0.001117, 0.001055, 0.001028, 0.000969, 0.001152, 0.001118, 0.001209, 0.001085, 0.001084
11 , 1, 1, 1, 1, 1, 1, 1
11 , 0.020381, 0.021027, 0.022166, 0.022385, 0.023363, 0.020168, 0.019695
12 , 0.001390, 0.001294, 0.001507, 0.001382, 0.001382, 0.001443, 0.001504, 0.001262, 0.001386, 0.001388, 0.001297, 0.001297, 0.001148, 0.001271, 0.001303, 0.001276, 0.001151, 0.001215, 0.001246, 0.001399, 0.001155, 0.001252, 0.001162, 0.001227, 0.001075, 0.001230, 0.001167, 0.001296, 0.001053, 0.001087, 0.001023, 0.001269, 0.000992, 0.001117, 0.001055, 0.001028, 0.000969, 0.001152, 0.001118, 0.001209, 0.001085, 0.001084, 0.001111, 0.001139, 0.001168, 0.001227, 0.001222, 0.001252, 0.001253, 0.001252, 0.001313, 0.001159, 0.001285, 0.001311, 0.001463, 0.001338, 0.001339, 0.001245, 0.001277, 0.001183, 0.001304, 0.001241, 0.001485, 0.001269, 0.001484, 0.001266, 0.001266, 0.001236, 0.001542, 0.001325, 0.001478, 0.001384, 0.001474, 0.001291, 0.001293, 0.001325, 0.001359, 0.001238, 0.001303, 0.001184, 0.001338, 0.001315, 0.001257, 0.001262, 0.001144, 0.001148, 0.000968, 0.001274, 0.001152, 0.001092, 0.000974, 0.001064
12 , 1, 1, 1, 1, 1, 1, 1
12 , 0.004385, 0.005654, 0.005822, 0.006412, 0.006518, 0.006843, 0.006558
13 , 0.001159, 0.001285, 0.001311, 0.001463, 0.001338, 0.001339, 0.001245, 0.001277, 0.001183, 0.001304, 0.001241, 0.001485, 0.001269, 0.001484, 0.001266, 0.001266, 0.001236, 0.001542, 0.001325, 0.001478, 0.001384, 0.001474, 0.001291, 0.001293, 0.001325, 0.001359, 0.001238, 0.001303, 0.001184, 0.001338, 0.001315, 0.001257, 0.001262, 0.001144, 0.001148, 0.000968, 0.001274, 0.001152, 0.001092, 0.000974, 0.001064, 0.001091, 0.001277, 0.001006, 0.001130, 0.001127, 0.001190, 0.000943, 0.001095, 0.001092, 0.001184, 0.001029, 0.001301, 0.001111, 0.001294, 0.001197, 0.001255, 0.001255, 0.001224, 0.001161, 0.001192, 0.001253, 0.001222, 0.001219, 0.001250, 0.001253, 0.001189, 0.001257, 0.001080, 0.001239, 0.001053, 0.001205, 0.001084, 0.001210, 0.000992, 0.001209, 0.001053, 0.001237, 0.001230, 0.001140, 0.001106, 0.001263, 0.001106, 0.001350, 0.001072, 0.001194, 0.001311, 0.001252, 0.001098, 0.001369, 0.001336, 0.001366
13 , 1, 2, 2, 2, 2, 2, 2
13 , 0.002084, 0.002498, 0.002872, 0.003766, 0.004142, 0.004581, 0.004835
14 , 0.001301, 0.001111, 0.001294, 0.001197, 0.001255, 0.001255, 0.001224, 0.001161, 0.001192, 0.001253, 0.001222, 0.001219, 0.001250, 0.001253, 0.001189, 0.001257, 0.001080, 0.001239, 0.001053, 0.001205, 0.001084, 0.001210, 0.000992, 0.001209, 0.001053, 0.001237, 0.001230, 0.001140, 0.001106, 0.001263, 0.001106, 0.001350, 0.001072, 0.001194, 0.001311, 0.001252, 0.001098, 0.001369, 0.001336, 0.001366, 0.001363, 0.001305, 0.001337, 0.001305, 0.001336, 0.001398, 0.001275, 0.001152, 0.001305, 0.001272, 0.001425, 0.001301, 0.001455, 0.001273, 0.001489, 0.001185, 0.001428, 0.001336, 0.001370, 0.001368, 0.001343, 0.001128, 0.001314, 0.001224, 0.001312, 0.001247, 0.001247, 0.001248, 0.001276, 0.001211, 0.001273, 0.001304, 0.001397, 0.001307, 0.001190, 0.001252, 0.001163, 0.001198, 0.001230, 0.001205, 0.001173, 0.001294, 0.001291, 0.001412, 0.001163, 0.001436, 0.001309, 0.001394, 0.001357, 0.001446, 0.001501, 0.001622
14 , 3, 3, 3, 0, 0, 0, 0
14 , 0.001155, 0.000942, 0.000880, 0.000963, 0.001474, 0.001787, 0.002495
15 , 0.001455, 0.001273, 0.001489, 0.001185, 0.001428, 0.001336, 0.001370, 0.001368, 0.001343, 0.001128, 0.001314, 0.001224, 0.001312, 0.001247, 0.001247, 0.001248, 0.001276, 0.001211, 0.001273, 0.001304, 0.001397, 0.001307, 0.001190, 0.001252, 0.001163, 0.001198, 0.001230, 0.001205, 0.001173, 0.001294, 0.001291, 0.001412, 0.001163, 0.001436, 0.001309, 0.001394, 0.001357, 0.001446, 0.001501, 0.001622, 0.001500, 0.001804, 0.001589, 0.001772, 0.001620, 0.001742, 0.001650, 0.001620, 0.001560, 0.001563, 0.001506, 0.001450, 0.001546, 0.001309, 0.001316, 0.001229, 0.001295, 0.001267, 0.001269, 0.001154, 0.001217, 0.001036, 0.001164, 0.001190, 0.001313, 0.001063, 0.001160, 0.001093, 0.001306, 0.001175, 0.001239, 0.001084, 0.001353, 0.001228, 0.001258, 0.001254, 0.001436, 0.001188, 0.001279, 0.001247, 0.001279, 0.001276, 0.001274, 0.001428, 0.001456, 0.001457, 0.001276, 0.001277, 0.001337, 0.001397, 0.001186, 0.001399
15 , 3, 3, 3, 0, 0, 0, 0
15 , 0.002832, 0.002711, 0.002508, 0.002911, 0.004302, 0.004886, 0.005906
16 , 0.001546, 0.001309, 0.001316, 0.001229, 0.001295, 0.001267, 0.001269, 0.001154, 0.001217, 0.001036, 0.001164, 0.001190, 0.001313, 0.001063, 0.001160, 0.001093, 0.001306, 0.001175, 0.001239, 0.001084, 0.001353, 0.001228, 0.001258, 0.001254, 0.001436, 0.001188, 0.001279, 0.001247, 0.001279, 0.001276, 0.001274, 0.001428, 0.001456, 0.001457, 0.001276, 0.001277, 0.001337, 0.001397, 0.001186, 0.001399, 0.001243, 0.001402, 0.001188, 0.001374, 0.001247, 0.001464, 0.001308, 0.001307, 0.001183, 0.001339, 0.001153, 0.001278, 0.001276, 0.001370, 0.001279, 0.001312, 0.001284, 0.001223, 0.001198, 0.001166, 0.001075, 0.001083, 0.001146, 0.001055, 0.001091, 0.001030, 0.001132, 0.001012, 0.001071, 0.000890, 0.001046, 0.000955, 0.001079, 0.000955, 0.001018, 0.000894, 0.001140, 0.001043, 0.001166, 0.001128, 0.001035, 0.000909, 0.001209, 0.001143, 0.001203, 0.001231, 0.001167, 0.001284, 0.001314, 0.001282, 0.001337, 0.001246
16 , 3, 3, 3, 3, 0, 0, 0
16 , 0.003478, 0.003733, 0.002976, 0.002817, 0.002739, 0.003240, 0.003790
