0 , 0.001446, 0.001783, 0.001659, 0.001771, 0.001762, 0.002072, 0.001878, 0.002011, 0.001893, 0.002057, 0.002090, 0.001984, 0.002002, 0.001847, 0.002057, 0.001908, 0.002029, 0.001860, 0.002017, 0.002036, 0.002057, 0.001847, 0.001982, 0.000766, 0.001344, 0.001261, 0.001410, 0.001257, 0.001284, 0.001248, 0.001219, 0.001223, 0.001251, 0.001126, 0.001250, 0.001221, 0.001193, 0.001132, 0.001260, 0.001134, 0.001165, 0.001195, 0.001106, 0.001016, 0.001262, 0.001079, 0.001156, 0.000969, 0.001793, 0.001802, 0.002003, 0.001929, 0.002238, 0.002019, 0.002311, 0.002274, 0.002411, 0.002336, 0.002434, 0.002615, 0.002611, 0.002678, 0.002478, 0.002634, 0.002696, 0.002760, 0.002670, 0.002581, 0.002537, 0.002434, 0.002574, 0.001702, 0.000557, 0.001383, 0.001282, 0.001335, 0.001319, 0.001347, 0.001276, 0.001365, 0.001295, 0.001446, 0.001381, 0.001566, 0.001228, 0.001474, 0.001350, 0.001411, 0.001380, 0.001505, 0.001291, 0.001476
0 , 1, 1, 1, 1, 1, 1, 1
0 , 0.026407, 0.030230, 0.035183, 0.038947, 0.041698, 0.037761, 0.036618
1 , 0.002003, 0.001929, 0.002238, 0.002019, 0.002311, 0.002274, 0.002411, 0.002336, 0.002434, 0.002615, 0.002611, 0.002678, 0.002478, 0.002634, 0.002696, 0.002760, 0.002670, 0.002581, 0.002537, 0.002434, 0.002574, 0.001702, 0.000557, 0.001383, 0.001282, 0.001335, 0.001319, 0.001347, 0.001276, 0.001365, 0.001295, 0.001446, 0.001381, 0.001566, 0.001228, 0.001474, 0.001350, 0.001411, 0.001380, 0.001505, 0.001291, 0.001476, 0.001234, 0.001211, 0.001332, 0.001285, 0.001299, 0.000090, 0.001816, 0.001619, 0.001892, 0.001904, 0.001944, 0.001844, 0.001895, 0.002138, 0.001991, 0.002155, 0.001897, 0.002135, 0.002037, 0.002026, 0.001816, 0.001887, 0.002014, 0.001978, 0.001963, 0.001689, 0.001896, 0.001914, 0.001938, 0.001786, 0.000375, 0.001376, 0.001488, 0.001487, 0.001332, 0.001301, 0.001332, 0.001302, 0.001273, 0.001278, 0.001248, 0.001278, 0.001307, 0.001305, 0.001272, 0.001423, 0.001241, 0.001397, 0.001244, 0.001247
1 , 1, 1, 1, 1, 1, 1, 1
1 , 0.028452, 0.032081, 0.035450, 0.037083, 0.038403, 0.035253, 0.033851
2 , 0.001892, 0.001904, 0.001944, 0.001844, 0.001895, 0.002138, 0.001991, 0.002155, 0.001897, 0.002135, 0.002037, 0.002026, 0.001816, 0.001887, 0.002014, 0.001978, 0.001963, 0.001689, 0.001896, 0.001914, 0.001938, 0.001786, 0.000375, 0.001376, 0.001488, 0.001487, 0.001332, 0.001301, 0.001332, 0.001302, 0.001273, 0.001278, 0.001248, 0.001278, 0.001307, 0.001305, 0.001272, 0.001423, 0.001241, 0.001397, 0.001244, 0.001247, 0.001184, 0.001105, 0.001239, 0.000745, 0.001328, 0.001695, 0.001522, 0.001792, 0.001720, 0.001920, 0.001759, 0.001987, 0.001972, 0.001993, 0.002051, 0.001917, 0.002099, 0.001868, 0.002114, 0.001949, 0.002010, 0.001973, 0.002052, 0.001961, 0.001930, 0.002107, 0.001927, 0.002092, 0.001867, 0.002366, 0.000917, 0.001187, 0.001349, 0.001193, 0.000981, 0.001129, 0.001124, 0.001183, 0.001119, 0.001249, 0.001063, 0.001214, 0.001054, 0.001181, 0.000963, 0.001174, 0.001048, 0.001228, 0.001041, 0.001222
2 , 1, 1, 1, 1, 1, 1, 1
2 , 0.023519, 0.027405, 0.031116, 0.032926, 0.031907, 0.030231, 0.029013
3 , 0.001792, 0.001720, 0.001920, 0.001759, 0.001987, 0.001972, 0.001993, 0.002051, 0.001917, 0.002099, 0.001868, 0.002114, 0.001949, 0.002010, 0.001973, 0.002052, 0.001961, 0.001930, 0.002107, 0.001927, 0.002092, 0.001867, 0.002366, 0.000917, 0.001187, 0.001349, 0.001193, 0.000981, 0.001129, 0.001124, 0.001183, 0.001119, 0.001249, 0.001063, 0.001214, 0.001054, 0.001181, 0.000963, 0.001174, 0.001048, 0.001228, 0.001041, 0.001222, 0.001219, 0.001312, 0.001039, 0.001252, 0.001012, 0.001206, 0.000939, 0.001709, 0.001740, 0.001854, 0.002016, 0.001928, 0.002252, 0.002342, 0.002386, 0.002414, 0.002260, 0.002593, 0.002457, 0.002657, 0.002539, 0.002559, 0.002445, 0.002487, 0.002468, 0.002309, 0.002338, 0.002140, 0.002144, 0.002056, 0.001717, 0.000854, 0.001431, 0.001407, 0.001435, 0.001276, 0.001305, 0.001300, 0.001480, 0.001292, 0.001473, 0.001379, 0.001442, 0.001411, 0.001442, 0.001412, 0.001383, 0.001354, 0.001416
3 , 1, 1, 1, 1, 1, 1, 1
3 , 0.024454, 0.027591, 0.031322, 0.033894, 0.037711, 0.038197, 0.038846
4 , 0.001854, 0.002016, 0.001928, 0.002252, 0.002342, 0.002386, 0.002414, 0.002260, 0.002593, 0.002457, 0.002657, 0.002539, 0.002559, 0.002445, 0.002487, 0.002468, 0.002309, 0.002338, 0.002140, 0.002144, 0.002056, 0.001717, 0.000854, 0.001431, 0.001407, 0.001435, 0.001276, 0.001305, 0.001300, 0.001480, 0.001292, 0.001473, 0.001379, 0.001442, 0.001411, 0.001442, 0.001412, 0.001383, 0.001354, 0.001416, 0.001386, 0.001330, 0.001360, 0.001279, 0.001328, 0.000021, 0.001585, 0.001592, 0.001717, 0.001659, 0.001865, 0.001641, 0.002014, 0.001871, 0.001986, 0.001919, 0.001940, 0.002104, 0.002021, 0.002034, 0.001775, 0.002000, 0.001981, 0.001944, 0.002029, 0.001914, 0.002171, 0.002099, 0.001979, 0.002034, 0.000151, 0.001324, 0.001250, 0.001287, 0.001192, 0.001160, 0.001001, 0.001214, 0.001181, 0.001208, 0.001203, 0.001231, 0.001106, 0.001285, 0.001095, 0.001367, 0.001238, 0.001328, 0.001170, 0.001475, 0.001378, 0.001407
4 , 1, 1, 1, 1, 1, 1, 1
4 , 0.030277, 0.033453, 0.038504, 0.035922, 0.033956, 0.032277, 0.030894
5 , 0.001717, 0.001659, 0.001865, 0.001641, 0.002014, 0.001871, 0.001986, 0.001919, 0.001940, 0.002104, 0.002021, 0.002034, 0.001775, 0.002000, 0.001981, 0.001944, 0.002029, 0.001914, 0.002171, 0.002099, 0.001979, 0.002034, 0.000151, 0.001324, 0.001250, 0.001287, 0.001192, 0.001160, 0.001001, 0.001214, 0.001181, 0.001208, 0.001203, 0.001231, 0.001106, 0.001285, 0.001095, 0.001367, 0.001238, 0.001328, 0.001170, 0.001475, 0.001378, 0.001407, 0.001284, 0.001592, 0.001524, 0.001050, 0.001073, 0.001439, 0.001533, 0.001560, 0.001544, 0.001663, 0.001530, 0.001795, 0.001681, 0.001897, 0.001658, 0.001926, 0.002066, 0.001938, 0.001814, 0.001753, 0.002011, 0.001850, 0.001881, 0.001711, 0.001960, 0.002136, 0.001935, 0.001967, 0.000630, 0.001155, 0.001354, 0.001377, 0.001350, 0.001194, 0.001350, 0.001131, 0.001257, 0.001107, 0.001263, 0.001081, 0.001176, 0.001118, 0.001155, 0.001003, 0.001160, 0.001039, 0.001106, 0.001107
5 , 1, 1, 1, 1, 1, 1, 1
5 , 0.019337, 0.023827, 0.026182, 0.028374, 0.027680, 0.026692, 0.025810
6 , 0.001439, 0.001533, 0.001560, 0.001544, 0.001663, 0.001530, 0.001795, 0.001681, 0.001897, 0.001658, 0.001926, 0.002066, 0.001938, 0.001814, 0.001753, 0.002011, 0.001850, 0.001881, 0.001711, 0.001960, 0.002136, 0.001935, 0.001967, 0.000630, 0.001155, 0.001354, 0.001377, 0.001350, 0.001194, 0.001350, 0.001131, 0.001257, 0.001107, 0.001263, 0.001081, 0.001176, 0.001118, 0.001155, 0.001003, 0.001160, 0.001039, 0.001106, 0.001107, 0.001114, 0.001091, 0.000949, 0.000953, 0.000878, 0.002254, 0.001924, 0.002156, 0.002150, 0.002124, 0.002016, 0.002013, 0.002151, 0.002043, 0.002177, 0.001928, 0.002197, 0.002069, 0.002139, 0.002154, 0.002112, 0.002183, 0.001988, 0.002115, 0.001893, 0.002101, 0.001950, 0.002146, 0.001309, 0.000781, 0.001306, 0.001292, 0.001329, 0.001202, 0.001291, 0.001080, 0.001146, 0.001082, 0.001115, 0.001079, 0.001263, 0.001078, 0.001233, 0.001135, 0.001224, 0.001255, 0.001344, 0.001223, 0.001293
6 , 1, 1, 1, 1, 1, 1, 1
6 , 0.022934, 0.026005, 0.030007, 0.033898, 0.036085, 0.031694, 0.030038
7 , 0.002156, 0.002150, 0.002124, 0.002016, 0.002013, 0.002151, 0.002043, 0.002177, 0.001928, 0.002197, 0.002069, 0.002139, 0.002154, 0.002112, 0.002183, 0.001988, 0.002115, 0.001893, 0.002101, 0.001950, 0.002146, 0.001309, 0.000781, 0.001306, 0.001292, 0.001329, 0.001202, 0.001291, 0.001080, 0.001146, 0.001082, 0.001115, 0.001079, 0.001263, 0.001078, 0.001233, 0.001135, 0.001224, 0.001255, 0.001344, 0.001223, 0.001293, 0.001168, 0.001173, 0.001168, 0.001241, 0.001186, 0.000194, 0.001732, 0.001650, 0.001794, 0.001914, 0.001898, 0.001841, 0.001673, 0.002144, 0.001994, 0.002165, 0.001973, 0.002068, 0.002135, 0.002000, 0.002101, 0.001978, 0.002267, 0.002072, 0.002079, 0.001964, 0.002126, 0.002064, 0.002016, 0.001987, 0.000063, 0.001167, 0.001318, 0.001290, 0.001287, 0.001166, 0.001075, 0.001071, 0.001188, 0.001001, 0.001031, 0.001212, 0.001176, 0.001206, 0.001173, 0.001169, 0.001135, 0.001131, 0.001129, 0.001221
7 , 1, 1, 1, 1, 1, 1, 1
7 , 0.029579, 0.033387, 0.035942, 0.037075, 0.038974, 0.034845, 0.033163
8 , 0.001794, 0.001914, 0.001898, 0.001841, 0.001673, 0.002144, 0.001994, 0.002165, 0.001973, 0.002068, 0.002135, 0.002000, 0.002101, 0.001978, 0.002267, 0.002072, 0.002079, 0.001964, 0.002126, 0.002064, 0.002016, 0.001987, 0.000063, 0.001167, 0.001318, 0.001290, 0.001287, 0.001166, 0.001075, 0.001071, 0.001188, 0.001001, 0.001031, 0.001212, 0.001176, 0.001206, 0.001173, 0.001169, 0.001135, 0.001131, 0.001129, 0.001221, 0.001093, 0.001251, 0.001176, 0.000750, 0.001203, 0.001777, 0.001665, 0.001859, 0.001771, 0.001872, 0.001723, 0.001923, 0.001892, 0.001920, 0.001966, 0.001814, 0.002072, 0.001908, 0.001968, 0.001959, 0.002066, 0.002071, 0.002010, 0.002095, 0.002028, 0.002178, 0.001933, 0.002192, 0.000672, 0.000955, 0.001277, 0.001247, 0.001309, 0.001152, 0.001281, 0.001094, 0.001188, 0.001063, 0.001187, 0.000970, 0.001246, 0.001002, 0.001157, 0.001096, 0.001223, 0.001067, 0.001071, 0.001035, 0.001099, 0.000942
8 , 1, 1, 1, 1, 1, 1, 1
8 , 0.029425, 0.033840, 0.037925, 0.038245, 0.033832, 0.032321, 0.030740
9 , 0.001859, 0.001771, 0.001872, 0.001723, 0.001923, 0.001892, 0.001920, 0.001966, 0.001814, 0.002072, 0.001908, 0.001968, 0.001959, 0.002066, 0.002071, 0.002010, 0.002095, 0.002028, 0.002178, 0.001933, 0.002192, 0.000672, 0.000955, 0.001277, 0.001247, 0.001309, 0.001152, 0.001281, 0.001094, 0.001188, 0.001063, 0.001187, 0.000970, 0.001246, 0.001002, 0.001157, 0.001096, 0.001223, 0.001067, 0.001071, 0.001035, 0.001099, 0.000942, 0.001099, 0.001154, 0.001096, 0.001087, 0.000533, 0.001874, 0.001623, 0.001762, 0.001756, 0.001768, 0.001792, 0.001735, 0.001803, 0.001781, 0.001831, 0.001607, 0.001956, 0.001878, 0.001906, 0.001982, 0.001880, 0.001977, 0.001917, 0.001960, 0.001884, 0.002017, 0.001917, 0.001994, 0.001648, 0.000672, 0.001237, 0.001264, 0.001160, 0.001036, 0.000982, 0.000954, 0.001047, 0.000836, 0.000992, 0.000865, 0.000989, 0.001012, 0.001043, 0.000882, 0.001185, 0.001053, 0.001173, 0.001072, 0.001162
9 , 1, 1, 1, 1, 1, 1, 1
9 , 0.027938, 0.031156, 0.034334, 0.034665, 0.035824, 0.033165, 0.031947
10 , 0.001762, 0.001756, 0.001768, 0.001792, 0.001735, 0.001803, 0.001781, 0.001831, 0.001607, 0.001956, 0.001878, 0.001906, 0.001982, 0.001880, 0.001977, 0.001917, 0.001960, 0.001884, 0.002017, 0.001917, 0.001994, 0.001648, 0.000672, 0.001237, 0.001264, 0.001160, 0.001036, 0.000982, 0.000954, 0.001047, 0.000836, 0.000992, 0.000865, 0.000989, 0.001012, 0.001043, 0.000882, 0.001185, 0.001053, 0.001173, 0.001072, 0.001162, 0.001119, 0.001039, 0.001070, 0.000211, 0.001631, 0.001741, 0.001612, 0.001835, 0.001850, 0.001926, 0.001771, 0.002011, 0.002017, 0.002093, 0.002017, 0.002075, 0.002172, 0.001856, 0.001981, 0.001823, 0.001911, 0.001917, 0.001972, 0.001935, 0.001926, 0.002230, 0.001953, 0.002087, 0.001916, 0.002063, 0.000012, 0.001473, 0.001378, 0.001443, 0.001226, 0.001232, 0.001137, 0.001354, 0.001112, 0.001304, 0.001085, 0.001119, 0.001086, 0.001272, 0.001154, 0.001277, 0.000999, 0.001123, 0.001179, 0.001240
10 , 1, 1, 1, 1, 1, 1, 1
10 , 0.026795, 0.030739, 0.035426, 0.036428, 0.035512, 0.031852, 0.030833
11 , 0.001835, 0.001850, 0.001926, 0.001771, 0.002011, 0.002017, 0.002093, 0.002017, 0.002075, 0.002172, 0.001856, 0.001981, 0.001823, 0.001911, 0.001917, 0.001972, 0.001935, 0.001926, 0.002230, 0.001953, 0.002087, 0.001916, 0.002063, 0.000012, 0.001473, 0.001378, 0.001443, 0.001226, 0.001232, 0.001137, 0.001354, 0.001112, 0.001304, 0.001085, 0.001119, 0.001086, 0.001272, 0.001154, 0.001277, 0.000999, 0.001123, 0.001179, 0.001240, 0.001143, 0.001178, 0.001055, 0.001148, 0.001149, 0.001086, 0.001052, 0.001260, 0.001286, 0.001162, 0.001224, 0.001159, 0.001185, 0.001243, 0.001243, 0.001118, 0.001359, 0.001172, 0.001297, 0.001083, 0.001269, 0.001115, 0.001147, 0.001057, 0.001245, 0.001035, 0.001129, 0.000887, 0.001196, 0.001073, 0.001143, 0.000904, 0.001062, 0.001034, 0.001131, 0.000922, 0.001015, 0.000832, 0.000775, 0.000933, 0.000908, 0.000909, 0.001003, 0.000975, 0.000791, 0.000854, 0.000944, 0.000943, 0.000851
11 , 1, 1, 1, 1, 1, 1, 1
11 , 0.017720, 0.018765, 0.020403, 0.021250, 0.022720, 0.020053, 0.020256
12 , 0.001260, 0.001286, 0.001162, 0.001224, 0.001159, 0.001185, 0.001243, 0.001243, 0.001118, 0.001359, 0.001172, 0.001297, 0.001083, 0.001269, 0.001115, 0.001147, 0.001057, 0.001245, 0.001035, 0.001129, 0.000887, 0.001196, 0.001073, 0.001143, 0.000904, 0.001062, 0.001034, 0.001131, 0.000922, 0.001015, 0.000832, 0.000775, 0.000933, 0.000908, 0.000909, 0.001003, 0.000975, 0.000791, 0.000854, 0.000944, 0.000943, 0.000851, 0.000915, 0.000816, 0.001001, 0.000936, 0.001021, 0.000889, 0.001097, 0.001089, 0.001273, 0.000993, 0.001171, 0.001132, 0.001344, 0.001155, 0.001212, 0.001148, 0.001211, 0.001146, 0.001297, 0.001174, 0.001300, 0.001178, 0.001269, 0.001238, 0.001209, 0.001239, 0.001180, 0.001217, 0.001187, 0.001400, 0.001190, 0.001161, 0.001315, 0.001289, 0.000983, 0.001231, 0.001050, 0.001118, 0.001023, 0.001238, 0.001053, 0.001145, 0.001080, 0.001289, 0.001136, 0.001229, 0.001101, 0.001254, 0.001131, 0.001314
12 , 2, 2, 1, 1, 1, 1, 1
12 , 0.005615, 0.005618, 0.005443, 0.005802, 0.006489, 0.006301, 0.005867
13 , 0.001273, 0.000993, 0.001171, 0.001132, 0.001344, 0.001155, 0.001212, 0.001148, 0.001211, 0.001146, 0.001297, 0.001174, 0.001300, 0.001178, 0.001269, 0.001238, 0.001209, 0.001239, 0.001180, 0.001217, 0.001187, 0.001400, 0.001190, 0.001161, 0.001315, 0.001289, 0.000983, 0.001231, 0.001050, 0.001118, 0.001023, 0.001238, 0.001053, 0.001145, 0.001080, 0.001289, 0.001136, 0.001229, 0.001101, 0.001254, 0.001131, 0.001314, 0.001219, 0.001374, 0.001223, 0.001347, 0.001379, 0.001260, 0.001257, 0.001196, 0.001167, 0.001195, 0.001349, 0.001257, 0.001228, 0.001163, 0.001255, 0.001102, 0.001193, 0.001041, 0.001172, 0.000993, 0.001153, 0.000939, 0.001090, 0.001150, 0.001252, 0.001067, 0.001107, 0.000982, 0.000951, 0.000950, 0.001043, 0.000952, 0.001046, 0.000891, 0.000960, 0.000956, 0.001050, 0.000994, 0.000993, 0.000873, 0.000934, 0.000964, 0.000897, 0.001018, 0.001074, 0.001140, 0.000921, 0.001254, 0.001031, 0.001247
13 , 3, 3, 3, 1, 1, 1, 1
13 , 0.004678, 0.004092, 0.003745, 0.003131, 0.002531, 0.002293, 0.002133
14 , 0.001379, 0.001260, 0.001257, 0.001196, 0.001167, 0.001195, 0.001349, 0.001257, 0.001228, 0.001163, 0.001255, 0.001102, 0.001193, 0.001041, 0.001172, 0.000993, 0.001153, 0.000939, 0.001090, 0.001150, 0.001252, 0.001067, 0.001107, 0.000982, 0.000951, 0.000950, 0.001043, 0.000952, 0.001046, 0.000891, 0.000960, 0.000956, 0.001050, 0.000994, 0.000993, 0.000873, 0.000934, 0.000964, 0.000897, 0.001018, 0.001074, 0.001140, 0.000921, 0.001254, 0.001031, 0.001247, 0.001087, 0.001139, 0.001129, 0.001398, 0.001388, 0.001535, 0.001348, 0.001527, 0.001401, 0.001613, 0.001520, 0.001611, 0.001580, 0.001672, 0.001641, 0.001580, 0.001672, 0.001550, 0.001673, 0.001551, 0.001554, 0.001462, 0.001464, 0.001345, 0.001348, 0.001203, 0.001363, 0.001305, 0.001312, 0.001131, 0.001233, 0.001020, 0.001242, 0.001067, 0.001015, 0.001019, 0.001273, 0.000907, 0.000941, 0.000875, 0.001091, 0.001081, 0.001081, 0.001138, 0.001106, 0.001038
14 , 1, 1, 1, 1, 1, 1, 1
14 , 0.011504, 0.012158, 0.012528, 0.012802, 0.012580, 0.012696, 0.012100
15 , 0.001398, 0.001388, 0.001535, 0.001348, 0.001527, 0.001401, 0.001613, 0.001520, 0.001611, 0.001580, 0.001672, 0.001641, 0.001580, 0.001672, 0.001550, 0.001673, 0.001551, 0.001554, 0.001462, 0.001464, 0.001345, 0.001348, 0.001203, 0.001363, 0.001305, 0.001312, 0.001131, 0.001233, 0.001020, 0.001242, 0.001067, 0.001015, 0.001019, 0.001273, 0.000907, 0.000941, 0.000875, 0.001091, 0.001081, 0.001081, 0.001138, 0.001106, 0.001038, 0.001184, 0.001056, 0.001054, 0.001109, 0.001103, 0.001224, 0.001098, 0.001318, 0.001102, 0.001196, 0.001192, 0.001316, 0.001222, 0.001221, 0.001222, 0.001376, 0.001192, 0.001285, 0.001222, 0.001437, 0.001098, 0.001165, 0.001133, 0.001228, 0.001138, 0.001112, 0.001266, 0.001235, 0.001143, 0.001018, 0.001232, 0.001199, 0.001315, 0.001254, 0.001224, 0.001165, 0.001164, 0.001039, 0.001225, 0.001130, 0.001252, 0.001216, 0.001249, 0.001242, 0.001363, 0.001115, 0.001570, 0.001385, 0.001445
15 , 2, 2, 2, 2, 2, 2, 2
15 , 0.007874, 0.009062, 0.009464, 0.010008, 0.010021, 0.010645, 0.010668
16 , 0.001196, 0.001192, 0.001316, 0.001222, 0.001221, 0.001222, 0.001376, 0.001192, 0.001285, 0.001222, 0.001437, 0.001098, 0.001165, 0.001133, 0.001228, 0.001138, 0.001112, 0.001266, 0.001235, 0.001143, 0.001018, 0.001232, 0.001199, 0.001315, 0.001254, 0.001224, 0.001165, 0.001164, 0.001039, 0.001225, 0.001130, 0.001252, 0.001216, 0.001249, 0.001242, 0.001363, 0.001115, 0.001570, 0.001385, 0.001445, 0.001291, 0.001322, 0.001413, 0.001443, 0.001413, 0.001412, 0.001379, 0.001441, 0.001349, 0.001381, 0.001290, 0.001289, 0.001351, 0.001320, 0.001350, 0.001258, 0.001441, 0.001379, 0.001319, 0.001259, 0.001505, 0.001354, 0.001329, 0.001085, 0.001304, 0.001091, 0.001187, 0.001155, 0.001217, 0.001094, 0.001312, 0.001068, 0.001252, 0.001191, 0.001133, 0.001165, 0.001102, 0.001163, 0.001169, 0.001138, 0.001015, 0.001106, 0.001134, 0.001223, 0.001154, 0.001184, 0.001091, 0.001277, 0.001124, 0.001307, 0.001183, 0.001279
16 , 3, 3, 3, 3, 3, 3, 3
16 , 0.004538, 0.004477, 0.004763, 0.004745, 0.004555, 0.004434, 0.004439
