0 , 0.001611, 0.001796, 0.001679, 0.001599, 0.001625, 0.001531, 0.001657, 0.001778, 0.000941, 0.001376, 0.001536, 0.001647, 0.001312, 0.001249, 0.001280, 0.001243, 0.001309, 0.001373, 0.001374, 0.001252, 0.001377, 0.001317, 0.001328, 0.001234, 0.001327, 0.001228, 0.001321, 0.001219, 0.001346, 0.001092, 0.001260, 0.001264, 0.000132, 0.001499, 0.001429, 0.001340, 0.001483, 0.001530, 0.001561, 0.001412, 0.001517, 0.001551, 0.001696, 0.001591, 0.001338, 0.001631, 0.001631, 0.001668, 0.001587, 0.001644, 0.001735, 0.001691, 0.001644, 0.001445, 0.001662, 0.001721, 0.001757, 0.000658, 0.001382, 0.001407, 0.001292, 0.001413, 0.001263, 0.001226, 0.001252, 0.001341, 0.001148, 0.001278, 0.001246, 0.001275, 0.001245, 0.001245, 0.001362, 0.001391, 0.001240, 0.001253, 0.001432, 0.001368, 0.001396, 0.001386, 0.001404, 0.001503, 0.000647, 0.000900, 0.001375, 0.001153, 0.001307, 0.001378, 0.001485, 0.001492, 0.001441, 0.001544
0 , 1, 1, 1, 1, 1, 1, 3
0 , 0.007655, 0.006539, 0.005530, 0.004182, 0.002991, 0.001755, 0.001161
1 , 0.001631, 0.001668, 0.001587, 0.001644, 0.001735, 0.001691, 0.001644, 0.001445, 0.001662, 0.001721, 0.001757, 0.000658, 0.001382, 0.001407, 0.001292, 0.001413, 0.001263, 0.001226, 0.001252, 0.001341, 0.001148, 0.001278, 0.001246, 0.001275, 0.001245, 0.001245, 0.001362, 0.001391, 0.001240, 0.001253, 0.001432, 0.001368, 0.001396, 0.001386, 0.001404, 0.001503, 0.000647, 0.000900, 0.001375, 0.001153, 0.001307, 0.001378, 0.001485, 0.001492, 0.001441, 0.001544, 0.001389, 0.001456, 0.001297, 0.001503, 0.001495, 0.001431, 0.001378, 0.001421, 0.001579, 0.001560, 0.001546, 0.001338, 0.001653, 0.001493, 0.001755, 0.000070, 0.001389, 0.001516, 0.001454, 0.001395, 0.001275, 0.001429, 0.001159, 0.001378, 0.001405, 0.001413, 0.001141, 0.001304, 0.001123, 0.001259, 0.001133, 0.001325, 0.001137, 0.001230, 0.001016, 0.001209, 0.001166, 0.001197, 0.000990, 0.000792, 0.001757, 0.001532, 0.001529, 0.001732, 0.001573, 0.001700
1 , 1, 1, 1, 1, 1, 1, 1
1 , 0.008005, 0.006801, 0.005853, 0.005108, 0.004337, 0.003153, 0.001941
2 , 0.001389, 0.001456, 0.001297, 0.001503, 0.001495, 0.001431, 0.001378, 0.001421, 0.001579, 0.001560, 0.001546, 0.001338, 0.001653, 0.001493, 0.001755, 0.000070, 0.001389, 0.001516, 0.001454, 0.001395, 0.001275, 0.001429, 0.001159, 0.001378, 0.001405, 0.001413, 0.001141, 0.001304, 0.001123, 0.001259, 0.001133, 0.001325, 0.001137, 0.001230, 0.001016, 0.001209, 0.001166, 0.001197, 0.000990, 0.000792, 0.001757, 0.001532, 0.001529, 0.001732, 0.001573, 0.001700, 0.001545, 0.001755, 0.001718, 0.001655, 0.001466, 0.001658, 0.001652, 0.001514, 0.001524, 0.001439, 0.001736, 0.001587, 0.001644, 0.001453, 0.001641, 0.001658, 0.001702, 0.001036, 0.001100, 0.001423, 0.001381, 0.001391, 0.001334, 0.001341, 0.001157, 0.001193, 0.001164, 0.001232, 0.001172, 0.001173, 0.001087, 0.001190, 0.001100, 0.001349, 0.001005, 0.001039, 0.001002, 0.001043, 0.001042, 0.001200, 0.001097, 0.001230, 0.001254, 0.000033, 0.001492, 0.001590
2 , 1, 1, 1, 1, 1, 1, 1
2 , 0.011720, 0.012507, 0.011407, 0.010355, 0.008556, 0.006949, 0.005917
3 , 0.001755, 0.001718, 0.001655, 0.001466, 0.001658, 0.001652, 0.001514, 0.001524, 0.001439, 0.001736, 0.001587, 0.001644, 0.001453, 0.001641, 0.001658, 0.001702, 0.001036, 0.001100, 0.001423, 0.001381, 0.001391, 0.001334, 0.001341, 0.001157, 0.001193, 0.001164, 0.001232, 0.001172, 0.001173, 0.001087, 0.001190, 0.001100, 0.001349, 0.001005, 0.001039, 0.001002, 0.001043, 0.001042, 0.001200, 0.001097, 0.001230, 0.001254, 0.000033, 0.001492, 0.001590, 0.001602, 0.001798, 0.001700, 0.001716, 0.001613, 0.001855, 0.001852, 0.001833, 0.001753, 0.001810, 0.001924, 0.001833, 0.001859, 0.001693, 0.001878, 0.001772, 0.001795, 0.001704, 0.001840, 0.001736, 0.001757, 0.001676, 0.000597, 0.001438, 0.001503, 0.001472, 0.001523, 0.001431, 0.001518, 0.001484, 0.001424, 0.001423, 0.001391, 0.001448, 0.001450, 0.001423, 0.001329, 0.001457, 0.001247, 0.001373, 0.001379, 0.001329, 0.001198, 0.001251, 0.001291, 0.000790, 0.001158
3 , 1, 1, 1, 1, 1, 1, 1
3 , 0.017175, 0.016768, 0.016863, 0.016174, 0.015165, 0.013828, 0.012732
4 , 0.001798, 0.001700, 0.001716, 0.001613, 0.001855, 0.001852, 0.001833, 0.001753, 0.001810, 0.001924, 0.001833, 0.001859, 0.001693, 0.001878, 0.001772, 0.001795, 0.001704, 0.001840, 0.001736, 0.001757, 0.001676, 0.000597, 0.001438, 0.001503, 0.001472, 0.001523, 0.001431, 0.001518, 0.001484, 0.001424, 0.001423, 0.001391, 0.001448, 0.001450, 0.001423, 0.001329, 0.001457, 0.001247, 0.001373, 0.001379, 0.001329, 0.001198, 0.001251, 0.001291, 0.000790, 0.001158, 0.001581, 0.001365, 0.001636, 0.001572, 0.001634, 0.001511, 0.001582, 0.001582, 0.001718, 0.001579, 0.001613, 0.001698, 0.001534, 0.001689, 0.001588, 0.001734, 0.001682, 0.001786, 0.001766, 0.001641, 0.001845, 0.001790, 0.001918, 0.000220, 0.001332, 0.001506, 0.001503, 0.001442, 0.001226, 0.001406, 0.001153, 0.001343, 0.001306, 0.001335, 0.001271, 0.001308, 0.001301, 0.001395, 0.001362, 0.001331, 0.001334, 0.001393, 0.001331, 0.001271, 0.001364, 0.001392
4 , 1, 1, 1, 1, 1, 1, 1
4 , 0.014195, 0.017203, 0.015726, 0.013430, 0.013363, 0.013189, 0.012864
5 , 0.001365, 0.001636, 0.001572, 0.001634, 0.001511, 0.001582, 0.001582, 0.001718, 0.001579, 0.001613, 0.001698, 0.001534, 0.001689, 0.001588, 0.001734, 0.001682, 0.001786, 0.001766, 0.001641, 0.001845, 0.001790, 0.001918, 0.000220, 0.001332, 0.001506, 0.001503, 0.001442, 0.001226, 0.001406, 0.001153, 0.001343, 0.001306, 0.001335, 0.001271, 0.001308, 0.001301, 0.001395, 0.001362, 0.001331, 0.001334, 0.001393, 0.001331, 0.001271, 0.001364, 0.001392, 0.001425, 0.001214, 0.001293, 0.000597, 0.001586, 0.001267, 0.001687, 0.001532, 0.001699, 0.001674, 0.001818, 0.001818, 0.001890, 0.001832, 0.001839, 0.002143, 0.001927, 0.001847, 0.001808, 0.002047, 0.001910, 0.001937, 0.001777, 0.001914, 0.002062, 0.001992, 0.001976, 0.001342, 0.000762, 0.001485, 0.001365, 0.001363, 0.001288, 0.001463, 0.001270, 0.001426, 0.001329, 0.001299, 0.001237, 0.001450, 0.001265, 0.001387, 0.001415, 0.001454, 0.001309, 0.001258, 0.001197
5 , 1, 1, 1, 1, 1, 1, 1
5 , 0.009868, 0.012502, 0.014940, 0.017554, 0.016725, 0.018041, 0.016698
6 , 0.001687, 0.001532, 0.001699, 0.001674, 0.001818, 0.001818, 0.001890, 0.001832, 0.001839, 0.002143, 0.001927, 0.001847, 0.001808, 0.002047, 0.001910, 0.001937, 0.001777, 0.001914, 0.002062, 0.001992, 0.001976, 0.001342, 0.000762, 0.001485, 0.001365, 0.001363, 0.001288, 0.001463, 0.001270, 0.001426, 0.001329, 0.001299, 0.001237, 0.001450, 0.001265, 0.001387, 0.001415, 0.001454, 0.001309, 0.001258, 0.001197, 0.001270, 0.001203, 0.001133, 0.001353, 0.000022, 0.001543, 0.001417, 0.001723, 0.001617, 0.001753, 0.001734, 0.001943, 0.001837, 0.001931, 0.001965, 0.001837, 0.001890, 0.001662, 0.001855, 0.001712, 0.001957, 0.001813, 0.001756, 0.001806, 0.001787, 0.001801, 0.001709, 0.001668, 0.001493, 0.001577, 0.001717, 0.000838, 0.001688, 0.001451, 0.001550, 0.001392, 0.001210, 0.001367, 0.001153, 0.001255, 0.001140, 0.001210, 0.001123, 0.001259, 0.001049, 0.001180, 0.001057, 0.001151, 0.000994, 0.001182, 0.001026
6 , 1, 1, 1, 1, 1, 1, 1
6 , 0.017569, 0.020591, 0.024717, 0.025176, 0.024460, 0.023075, 0.023134
7 , 0.001617, 0.001753, 0.001734, 0.001943, 0.001837, 0.001931, 0.001965, 0.001837, 0.001890, 0.001662, 0.001855, 0.001712, 0.001957, 0.001813, 0.001756, 0.001806, 0.001787, 0.001801, 0.001709, 0.001668, 0.001493, 0.001577, 0.001717, 0.000838, 0.001688, 0.001451, 0.001550, 0.001392, 0.001210, 0.001367, 0.001153, 0.001255, 0.001140, 0.001210, 0.001123, 0.001259, 0.001049, 0.001180, 0.001057, 0.001151, 0.000994, 0.001182, 0.001026, 0.001153, 0.001052, 0.001115, 0.001168, 0.001138, 0.001042, 0.001286, 0.001152, 0.001155, 0.001152, 0.001214, 0.001237, 0.001284, 0.001339, 0.001267, 0.001320, 0.001281, 0.001373, 0.001248, 0.001404, 0.001342, 0.001588, 0.001370, 0.001439, 0.001311, 0.001430, 0.001369, 0.001376, 0.001163, 0.001350, 0.001284, 0.001442, 0.001323, 0.001415, 0.001232, 0.001390, 0.001358, 0.001391, 0.001360, 0.001395, 0.001368, 0.001252, 0.001258, 0.001199, 0.001268, 0.000997, 0.001213, 0.001180, 0.001097
7 , 2, 2, 2, 1, 1, 1, 1
7 , 0.012812, 0.012957, 0.012968, 0.012805, 0.013635, 0.013068, 0.013634
8 , 0.001152, 0.001155, 0.001152, 0.001214, 0.001237, 0.001284, 0.001339, 0.001267, 0.001320, 0.001281, 0.001373, 0.001248, 0.001404, 0.001342, 0.001588, 0.001370, 0.001439, 0.001311, 0.001430, 0.001369, 0.001376, 0.001163, 0.001350, 0.001284, 0.001442, 0.001323, 0.001415, 0.001232, 0.001390, 0.001358, 0.001391, 0.001360, 0.001395, 0.001368, 0.001252, 0.001258, 0.001199, 0.001268, 0.000997, 0.001213, 0.001180, 0.001097, 0.001037, 0.001106, 0.001074, 0.001229, 0.001068, 0.001164, 0.001188, 0.001223, 0.001127, 0.001315, 0.001196, 0.001136, 0.001100, 0.001252, 0.001158, 0.001245, 0.001205, 0.001231, 0.001191, 0.001255, 0.001284, 0.001311, 0.001250, 0.001133, 0.001138, 0.001141, 0.001319, 0.001036, 0.001161, 0.001130, 0.001285, 0.001137, 0.001263, 0.001232, 0.001305, 0.001296, 0.001273, 0.001088, 0.001155, 0.001129, 0.001225, 0.001068, 0.001152, 0.001209, 0.001237, 0.001144, 0.001298, 0.001321, 0.001317, 0.001316
8 , 2, 2, 2, 2, 2, 2, 2
8 , 0.000518, 0.000802, 0.001756, 0.001792, 0.002327, 0.002357, 0.003035
9 , 0.001196, 0.001136, 0.001100, 0.001252, 0.001158, 0.001245, 0.001205, 0.001231, 0.001191, 0.001255, 0.001284, 0.001311, 0.001250, 0.001133, 0.001138, 0.001141, 0.001319, 0.001036, 0.001161, 0.001130, 0.001285, 0.001137, 0.001263, 0.001232, 0.001305, 0.001296, 0.001273, 0.001088, 0.001155, 0.001129, 0.001225, 0.001068, 0.001152, 0.001209, 0.001237, 0.001144, 0.001298, 0.001321, 0.001317, 0.001316, 0.001249, 0.001188, 0.001219, 0.001369, 0.001275, 0.001518, 0.001295, 0.001387, 0.001208, 0.001247, 0.001115, 0.001363, 0.001247, 0.001466, 0.001231, 0.001350, 0.001348, 0.001382, 0.001226, 0.001348, 0.001199, 0.001245, 0.001299, 0.001239, 0.001212, 0.001296, 0.001268, 0.001138, 0.001256, 0.001095, 0.001307, 0.001206, 0.001332, 0.001301, 0.001418, 0.001284, 0.001377, 0.001315, 0.001529, 0.001406, 0.001559, 0.001345, 0.001432, 0.001337, 0.001373, 0.001340, 0.001343, 0.001279, 0.001405, 0.001438, 0.001352, 0.001417
9 , 0, 0, 0, 0, 0, 0, 0
9 , 0.001532, 0.001970, 0.002725, 0.003158, 0.003519, 0.003311, 0.002848
10 , 0.001115, 0.001363, 0.001247, 0.001466, 0.001231, 0.001350, 0.001348, 0.001382, 0.001226, 0.001348, 0.001199, 0.001245, 0.001299, 0.001239, 0.001212, 0.001296, 0.001268, 0.001138, 0.001256, 0.001095, 0.001307, 0.001206, 0.001332, 0.001301, 0.001418, 0.001284, 0.001377, 0.001315, 0.001529, 0.001406, 0.001559, 0.001345, 0.001432, 0.001337, 0.001373, 0.001340, 0.001343, 0.001279, 0.001405, 0.001438, 0.001352, 0.001417, 0.001329, 0.001369, 0.001153, 0.001315, 0.001137, 0.001298, 0.001109, 0.001237, 0.001142, 0.001332, 0.001185, 0.001254, 0.001185, 0.001281, 0.001066, 0.001201, 0.001171, 0.001200, 0.001098, 0.001112, 0.001164, 0.001194, 0.001223, 0.001138, 0.001193, 0.001158, 0.001216, 0.001148, 0.001238, 0.001169, 0.001321, 0.001282, 0.001340, 0.001182, 0.001309, 0.001278, 0.001405, 0.001130, 0.001380, 0.001197, 0.001324, 0.001164, 0.001348, 0.001247, 0.001331, 0.001383, 0.001408, 0.001368, 0.001391, 0.001539
10 , 0, 0, 0, 0, 0, 0, 0
10 , 0.004068, 0.004508, 0.004827, 0.005001, 0.005146, 0.004978, 0.004880
11 , 0.001142, 0.001332, 0.001185, 0.001254, 0.001185, 0.001281, 0.001066, 0.001201, 0.001171, 0.001200, 0.001098, 0.001112, 0.001164, 0.001194, 0.001223, 0.001138, 0.001193, 0.001158, 0.001216, 0.001148, 0.001238, 0.001169, 0.001321, 0.001282, 0.001340, 0.001182, 0.001309, 0.001278, 0.001405, 0.001130, 0.001380, 0.001197, 0.001324, 0.001164, 0.001348, 0.001247, 0.001331, 0.001383, 0.001408, 0.001368, 0.001391, 0.001539, 0.001437, 0.001495, 0.001581, 0.001666, 0.001538, 0.001718, 0.001559, 0.001770, 0.001735, 0.001706, 0.001613, 0.001827, 0.001613, 0.001709, 0.001591, 0.001663, 0.001483, 0.001618, 0.001477, 0.001523, 0.001564, 0.001509, 0.001398, 0.001283, 0.001291, 0.001239, 0.001335, 0.001132, 0.001325, 0.001148, 0.001153, 0.001061, 0.001188, 0.001118, 0.001275, 0.001148, 0.001268, 0.001169, 0.001378, 0.001227, 0.001351, 0.001255, 0.001342, 0.001207, 0.001289, 0.001339, 0.001421, 0.001423, 0.001329, 0.001417
11 , 3, 3, 3, 3, 3, 3, 3
11 , 0.010172, 0.010421, 0.009989, 0.010121, 0.009444, 0.009139, 0.008413
12 , 0.001718, 0.001559, 0.001770, 0.001735, 0.001706, 0.001613, 0.001827, 0.001613, 0.001709, 0.001591, 0.001663, 0.001483, 0.001618, 0.001477, 0.001523, 0.001564, 0.001509, 0.001398, 0.001283, 0.001291, 0.001239, 0.001335, 0.001132, 0.001325, 0.001148, 0.001153, 0.001061, 0.001188, 0.001118, 0.001275, 0.001148, 0.001268, 0.001169, 0.001378, 0.001227, 0.001351, 0.001255, 0.001342, 0.001207, 0.001289, 0.001339, 0.001421, 0.001423, 0.001329, 0.001417, 0.001473, 0.001380, 0.001353, 0.001413, 0.001291, 0.001475, 0.001320, 0.001440, 0.001375, 0.001406, 0.001224, 0.001502, 0.001259, 0.001331, 0.001175, 0.001337, 0.001249, 0.001378, 0.001292, 0.001205, 0.001237, 0.001268, 0.001151, 0.001239, 0.001275, 0.001188, 0.001222, 0.001187, 0.001368, 0.001184, 0.001277, 0.001214, 0.001365, 0.001203, 0.001361, 0.001231, 0.001419, 0.001144, 0.001329, 0.001300, 0.001303, 0.001213, 0.001284, 0.001216, 0.001373, 0.001155, 0.001213
12 , 1, 1, 1, 1, 1, 1, 1
12 , 0.009161, 0.008434, 0.007696, 0.007231, 0.006268, 0.005683, 0.005231
13 , 0.001380, 0.001353, 0.001413, 0.001291, 0.001475, 0.001320, 0.001440, 0.001375, 0.001406, 0.001224, 0.001502, 0.001259, 0.001331, 0.001175, 0.001337, 0.001249, 0.001378, 0.001292, 0.001205, 0.001237, 0.001268, 0.001151, 0.001239, 0.001275, 0.001188, 0.001222, 0.001187, 0.001368, 0.001184, 0.001277, 0.001214, 0.001365, 0.001203, 0.001361, 0.001231, 0.001419, 0.001144, 0.001329, 0.001300, 0.001303, 0.001213, 0.001284, 0.001216, 0.001373, 0.001155, 0.001213, 0.001245, 0.001223, 0.001133, 0.001122, 0.001242, 0.001178, 0.001385, 0.001169, 0.001320, 0.001164, 0.001230, 0.001191, 0.001401, 0.001246, 0.001315, 0.001246, 0.001340, 0.001218, 0.001341, 0.001182, 0.001303, 0.001262, 0.001292, 0.001261, 0.001349, 0.001311, 0.001307, 0.001406, 0.001377, 0.001437, 0.001324, 0.001354, 0.001318, 0.001441, 0.001258, 0.001302, 0.001151, 0.001376, 0.001282, 0.001380, 0.001203, 0.001307, 0.001130, 0.001241, 0.001086, 0.001121
13 , 2, 2, 2, 2, 2, 2, 1
13 , 0.003477, 0.003278, 0.002962, 0.002214, 0.001751, 0.001346, 0.001764
14 , 0.001245, 0.001223, 0.001133, 0.001122, 0.001242, 0.001178, 0.001385, 0.001169, 0.001320, 0.001164, 0.001230, 0.001191, 0.001401, 0.001246, 0.001315, 0.001246, 0.001340, 0.001218, 0.001341, 0.001182, 0.001303, 0.001262, 0.001292, 0.001261, 0.001349, 0.001311, 0.001307, 0.001406, 0.001377, 0.001437, 0.001324, 0.001354, 0.001318, 0.001441, 0.001258, 0.001302, 0.001151, 0.001376, 0.001282, 0.001380, 0.001203, 0.001307, 0.001130, 0.001241, 0.001086, 0.001121, 0.001061, 0.001011, 0.001069, 0.001159, 0.001129, 0.001096, 0.001124, 0.001154, 0.001144, 0.001072, 0.001225, 0.001191, 0.001370, 0.001270, 0.001388, 0.001287, 0.001468, 0.001396, 0.001368, 0.001268, 0.001389, 0.001325, 0.001387, 0.001267, 0.001356, 0.001267, 0.001240, 0.001329, 0.001359, 0.001356, 0.001296, 0.001419, 0.001330, 0.001491, 0.001312, 0.001315, 0.001252, 0.001321, 0.001081, 0.001275, 0.001129, 0.001229, 0.001069, 0.001075, 0.000985, 0.001203
14 , 0, 0, 0, 0, 3, 3, 1
14 , 0.003015, 0.002495, 0.001737, 0.001040, 0.000628, 0.000687, 0.000992
15 , 0.001061, 0.001011, 0.001069, 0.001159, 0.001129, 0.001096, 0.001124, 0.001154, 0.001144, 0.001072, 0.001225, 0.001191, 0.001370, 0.001270, 0.001388, 0.001287, 0.001468, 0.001396, 0.001368, 0.001268, 0.001389, 0.001325, 0.001387, 0.001267, 0.001356, 0.001267, 0.001240, 0.001329, 0.001359, 0.001356, 0.001296, 0.001419, 0.001330, 0.001491, 0.001312, 0.001315, 0.001252, 0.001321, 0.001081, 0.001275, 0.001129, 0.001229, 0.001069, 0.001075, 0.000985, 0.001203, 0.001240, 0.001122, 0.000999, 0.001061, 0.001093, 0.001153, 0.001147, 0.001078, 0.001225, 0.001287, 0.001275, 0.001126, 0.001284, 0.001213, 0.001360, 0.001117, 0.001158, 0.001093, 0.001316, 0.001132, 0.001328, 0.001103, 0.001227, 0.001087, 0.001156, 0.001036, 0.001098, 0.001034, 0.001159, 0.001194, 0.001045, 0.001080, 0.001016, 0.001076, 0.000986, 0.001118, 0.000940, 0.001062, 0.000930, 0.001057, 0.001018, 0.001257, 0.001029, 0.001086, 0.001074, 0.001188
15 , 3, 3, 3, 3, 3, 1, 1
15 , 0.004083, 0.004158, 0.003568, 0.003161, 0.002428, 0.001880, 0.002267
16 , 0.001122, 0.000999, 0.001061, 0.001093, 0.001153, 0.001147, 0.001078, 0.001225, 0.001287, 0.001275, 0.001126, 0.001284, 0.001213, 0.001360, 0.001117, 0.001158, 0.001093, 0.001316, 0.001132, 0.001328, 0.001103, 0.001227, 0.001087, 0.001156, 0.001036, 0.001098, 0.001034, 0.001159, 0.001194, 0.001045, 0.001080, 0.001016, 0.001076, 0.000986, 0.001118, 0.000940, 0.001062, 0.000930, 0.001057, 0.001018, 0.001257, 0.001029, 0.001086, 0.001074, 0.001188, 0.001091, 0.001328, 0.001201, 0.001260, 0.001228, 0.001262, 0.001203, 0.001145, 0.001180, 0.001216, 0.001217, 0.001275, 0.001246, 0.001062, 0.001317, 0.001153, 0.001312, 0.001216, 0.001149, 0.001185, 0.001252, 0.001124, 0.001307, 0.001155, 0.001336, 0.001203, 0.001298, 0.001255, 0.001285, 0.001251, 0.001284, 0.001315, 0.001344, 0.001312, 0.001276, 0.001392, 0.001296, 0.001296, 0.001263, 0.001441, 0.001254, 0.001468, 0.001337, 0.001469, 0.001283, 0.001405, 0.001317
16 , 2, 2, 2, 2, 2, 2, 2
16 , 0.004091, 0.004735, 0.004469, 0.004595, 0.004523, 0.004614, 0.004500
