0 , 0.001547, 0.001695, 0.001593, 0.001540, 0.001457, 0.001714, 0.001585, 0.001710, 0.001506, 0.001710, 0.001760, 0.001752, 0.001684, 0.001767, 0.002055, 0.001707, 0.001817, 0.001567, 0.001752, 0.001866, 0.001983, 0.001753, 0.001747, 0.000369, 0.001322, 0.001358, 0.001259, 0.001008, 0.001175, 0.000981, 0.001052, 0.000981, 0.001062, 0.000931, 0.001170, 0.001036, 0.001285, 0.001122, 0.001207, 0.001105, 0.001255, 0.001152, 0.001094, 0.001140, 0.001059, 0.001296, 0.000499, 0.001317, 0.001253, 0.001652, 0.001428, 0.001431, 0.001387, 0.001517, 0.001540, 0.001590, 0.001563, 0.001504, 0.001632, 0.001554, 0.001470, 0.001372, 0.001709, 0.001513, 0.001615, 0.001481, 0.001556, 0.001663, 0.001704, 0.001593, 0.001944, 0.000335, 0.001484, 0.001278, 0.001348, 0.001097, 0.001155, 0.001155, 0.001307, 0.001158, 0.001164, 0.001016, 0.001111, 0.001060, 0.001124, 0.000938, 0.001099, 0.000926, 0.000972, 0.000881, 0.001050, 0.000953
0 , 1, 1, 1, 1, 1, 1, 1
0 , 0.014352, 0.017218, 0.020254, 0.024233, 0.023275, 0.021900, 0.021254
1 , 0.001652, 0.001428, 0.001431, 0.001387, 0.001517, 0.001540, 0.001590, 0.001563, 0.001504, 0.001632, 0.001554, 0.001470, 0.001372, 0.001709, 0.001513, 0.001615, 0.001481, 0.001556, 0.001663, 0.001704, 0.001593, 0.001944, 0.000335, 0.001484, 0.001278, 0.001348, 0.001097, 0.001155, 0.001155, 0.001307, 0.001158, 0.001164, 0.001016, 0.001111, 0.001060, 0.001124, 0.000938, 0.001099, 0.000926, 0.000972, 0.000881, 0.001050, 0.000953, 0.000941, 0.000880, 0.000949, 0.000871, 0.000796, 0.001327, 0.001734, 0.001787, 0.001805, 0.001864, 0.001761, 0.001880, 0.001930, 0.001864, 0.001827, 0.001607, 0.001759, 0.001714, 0.001851, 0.001635, 0.001840, 0.001771, 0.001688, 0.001669, 0.001650, 0.001824, 0.001786, 0.001783, 0.001949, 0.001341, 0.001037, 0.001279, 0.001204, 0.001180, 0.001166, 0.001146, 0.001175, 0.001119, 0.001053, 0.001114, 0.001058, 0.001092, 0.001123, 0.001037, 0.001073, 0.001032, 0.000960, 0.000989, 0.001138
1 , 1, 1, 1, 1, 1, 1, 1
1 , 0.015339, 0.019175, 0.021730, 0.025051, 0.025429, 0.025727, 0.024478
2 , 0.001805, 0.001864, 0.001761, 0.001880, 0.001930, 0.001864, 0.001827, 0.001607, 0.001759, 0.001714, 0.001851, 0.001635, 0.001840, 0.001771, 0.001688, 0.001669, 0.001650, 0.001824, 0.001786, 0.001783, 0.001949, 0.001341, 0.001037, 0.001279, 0.001204, 0.001180, 0.001166, 0.001146, 0.001175, 0.001119, 0.001053, 0.001114, 0.001058, 0.001092, 0.001123, 0.001037, 0.001073, 0.001032, 0.000960, 0.000989, 0.001138, 0.000946, 0.001272, 0.000982, 0.001145, 0.000494, 0.001715, 0.001652, 0.001809, 0.001618, 0.001781, 0.001618, 0.001986, 0.001736, 0.001832, 0.001657, 0.001801, 0.001824, 0.001865, 0.001754, 0.001704, 0.001902, 0.001833, 0.001853, 0.001743, 0.001823, 0.001872, 0.001812, 0.001762, 0.001824, 0.001821, 0.001703, 0.001001, 0.001640, 0.001368, 0.001222, 0.001421, 0.001176, 0.001184, 0.001239, 0.001402, 0.001057, 0.001284, 0.001106, 0.001236, 0.001076, 0.001329, 0.001079, 0.001087, 0.001143, 0.001116, 0.000977
2 , 1, 1, 1, 1, 1, 1, 1
2 , 0.022133, 0.024464, 0.028172, 0.028303, 0.027637, 0.025760, 0.025327
3 , 0.001618, 0.001781, 0.001618, 0.001986, 0.001736, 0.001832, 0.001657, 0.001801, 0.001824, 0.001865, 0.001754, 0.001704, 0.001902, 0.001833, 0.001853, 0.001743, 0.001823, 0.001872, 0.001812, 0.001762, 0.001824, 0.001821, 0.001703, 0.001001, 0.001640, 0.001368, 0.001222, 0.001421, 0.001176, 0.001184, 0.001239, 0.001402, 0.001057, 0.001284, 0.001106, 0.001236, 0.001076, 0.001329, 0.001079, 0.001087, 0.001143, 0.001116, 0.000977, 0.001039, 0.000953, 0.001126, 0.000876, 0.001201, 0.000185, 0.001311, 0.001704, 0.001711, 0.001446, 0.001868, 0.001799, 0.001803, 0.001590, 0.001879, 0.001770, 0.001902, 0.001890, 0.001688, 0.001969, 0.001876, 0.001914, 0.001769, 0.001963, 0.001828, 0.001862, 0.001719, 0.001729, 0.001817, 0.002004, 0.000142, 0.001490, 0.001424, 0.001388, 0.001295, 0.001144, 0.001118, 0.001060, 0.001184, 0.001063, 0.000986, 0.001002, 0.001161, 0.000948, 0.001139, 0.000948, 0.001038, 0.000962, 0.001111
3 , 1, 1, 1, 1, 1, 1, 1
3 , 0.018292, 0.020881, 0.023102, 0.025531, 0.027579, 0.030337, 0.028598
4 , 0.001711, 0.001446, 0.001868, 0.001799, 0.001803, 0.001590, 0.001879, 0.001770, 0.001902, 0.001890, 0.001688, 0.001969, 0.001876, 0.001914, 0.001769, 0.001963, 0.001828, 0.001862, 0.001719, 0.001729, 0.001817, 0.002004, 0.000142, 0.001490, 0.001424, 0.001388, 0.001295, 0.001144, 0.001118, 0.001060, 0.001184, 0.001063, 0.000986, 0.001002, 0.001161, 0.000948, 0.001139, 0.000948, 0.001038, 0.000962, 0.001111, 0.000975, 0.001100, 0.001063, 0.001323, 0.000879, 0.000860, 0.001593, 0.001438, 0.001321, 0.001611, 0.001547, 0.001568, 0.001568, 0.001586, 0.001665, 0.001699, 0.001627, 0.001390, 0.001604, 0.001529, 0.001690, 0.001534, 0.001671, 0.001827, 0.001671, 0.001725, 0.001683, 0.001777, 0.001784, 0.001139, 0.001295, 0.001248, 0.001266, 0.001307, 0.001243, 0.001159, 0.001196, 0.001161, 0.001138, 0.001074, 0.001193, 0.001199, 0.001146, 0.001155, 0.001063, 0.001102, 0.001039, 0.001112, 0.000904, 0.001186, 0.000969
4 , 1, 1, 1, 1, 1, 1, 1
4 , 0.018967, 0.022244, 0.025193, 0.027084, 0.024011, 0.024249, 0.024190
5 , 0.001321, 0.001611, 0.001547, 0.001568, 0.001568, 0.001586, 0.001665, 0.001699, 0.001627, 0.001390, 0.001604, 0.001529, 0.001690, 0.001534, 0.001671, 0.001827, 0.001671, 0.001725, 0.001683, 0.001777, 0.001784, 0.001139, 0.001295, 0.001248, 0.001266, 0.001307, 0.001243, 0.001159, 0.001196, 0.001161, 0.001138, 0.001074, 0.001193, 0.001199, 0.001146, 0.001155, 0.001063, 0.001102, 0.001039, 0.001112, 0.000904, 0.001186, 0.000969, 0.001050, 0.000915, 0.000932, 0.000987, 0.000438, 0.001665, 0.001672, 0.001552, 0.001868, 0.001997, 0.001771, 0.001759, 0.001890, 0.002100, 0.001785, 0.001882, 0.001753, 0.001956, 0.001770, 0.001752, 0.001786, 0.001824, 0.001896, 0.001790, 0.001790, 0.001762, 0.001953, 0.001749, 0.001909, 0.000401, 0.001165, 0.001361, 0.001214, 0.001118, 0.001081, 0.001262, 0.001069, 0.001127, 0.000998, 0.001108, 0.001106, 0.001256, 0.001342, 0.001278, 0.001182, 0.001293, 0.001329, 0.001354, 0.001357
5 , 1, 1, 1, 1, 1, 1, 1
5 , 0.017299, 0.020358, 0.023021, 0.024028, 0.026920, 0.024029, 0.022724
6 , 0.001552, 0.001868, 0.001997, 0.001771, 0.001759, 0.001890, 0.002100, 0.001785, 0.001882, 0.001753, 0.001956, 0.001770, 0.001752, 0.001786, 0.001824, 0.001896, 0.001790, 0.001790, 0.001762, 0.001953, 0.001749, 0.001909, 0.000401, 0.001165, 0.001361, 0.001214, 0.001118, 0.001081, 0.001262, 0.001069, 0.001127, 0.000998, 0.001108, 0.001106, 0.001256, 0.001342, 0.001278, 0.001182, 0.001293, 0.001329, 0.001354, 0.001357, 0.001319, 0.001246, 0.001276, 0.000629, 0.001097, 0.001577, 0.001377, 0.001505, 0.001596, 0.001627, 0.001548, 0.001555, 0.001839, 0.001767, 0.001768, 0.001582, 0.001828, 0.001677, 0.001714, 0.001620, 0.001764, 0.001870, 0.001707, 0.001726, 0.001597, 0.001869, 0.001590, 0.001969, 0.000134, 0.001303, 0.001403, 0.001307, 0.001393, 0.001358, 0.001358, 0.001169, 0.001332, 0.001206, 0.001339, 0.001159, 0.001320, 0.001198, 0.001323, 0.001231, 0.001277, 0.001155, 0.001088, 0.001094, 0.001182, 0.001062
6 , 1, 1, 1, 1, 1, 1, 1
6 , 0.018386, 0.021388, 0.024717, 0.023876, 0.021332, 0.020694, 0.019662
7 , 0.001377, 0.001505, 0.001596, 0.001627, 0.001548, 0.001555, 0.001839, 0.001767, 0.001768, 0.001582, 0.001828, 0.001677, 0.001714, 0.001620, 0.001764, 0.001870, 0.001707, 0.001726, 0.001597, 0.001869, 0.001590, 0.001969, 0.000134, 0.001303, 0.001403, 0.001307, 0.001393, 0.001358, 0.001358, 0.001169, 0.001332, 0.001206, 0.001339, 0.001159, 0.001320, 0.001198, 0.001323, 0.001231, 0.001277, 0.001155, 0.001088, 0.001094, 0.001182, 0.001062, 0.001246, 0.001150, 0.001361, 0.001053, 0.000676, 0.001597, 0.001404, 0.001616, 0.001635, 0.001574, 0.001646, 0.001703, 0.001711, 0.001609, 0.001718, 0.001552, 0.001870, 0.001775, 0.001930, 0.001654, 0.001631, 0.001840, 0.001741, 0.001680, 0.001616, 0.001881, 0.001631, 0.001889, 0.001092, 0.000871, 0.001324, 0.001364, 0.001255, 0.001268, 0.001332, 0.001080, 0.001248, 0.001150, 0.001274, 0.001176, 0.001330, 0.001236, 0.001307, 0.001118, 0.001301, 0.001108, 0.001355, 0.001224
7 , 1, 1, 1, 1, 1, 1, 1
7 , 0.012783, 0.015524, 0.017714, 0.019391, 0.018574, 0.019233, 0.017678
8 , 0.001597, 0.001404, 0.001616, 0.001635, 0.001574, 0.001646, 0.001703, 0.001711, 0.001609, 0.001718, 0.001552, 0.001870, 0.001775, 0.001930, 0.001654, 0.001631, 0.001840, 0.001741, 0.001680, 0.001616, 0.001881, 0.001631, 0.001889, 0.001092, 0.000871, 0.001324, 0.001364, 0.001255, 0.001268, 0.001332, 0.001080, 0.001248, 0.001150, 0.001274, 0.001176, 0.001330, 0.001236, 0.001307, 0.001118, 0.001301, 0.001108, 0.001355, 0.001224, 0.001379, 0.001274, 0.001311, 0.001455, 0.000213, 0.001359, 0.001162, 0.001459, 0.001454, 0.001459, 0.001547, 0.001641, 0.001720, 0.001566, 0.001759, 0.001407, 0.001675, 0.001630, 0.001652, 0.001698, 0.001517, 0.001767, 0.001677, 0.001745, 0.001616, 0.001643, 0.001737, 0.001654, 0.001640, 0.000452, 0.001437, 0.001421, 0.001286, 0.001220, 0.001194, 0.001045, 0.000996, 0.001038, 0.000955, 0.000931, 0.001114, 0.000978, 0.001068, 0.001028, 0.001202, 0.001088, 0.001207, 0.001186, 0.001300
8 , 1, 1, 1, 1, 1, 1, 1
8 , 0.012804, 0.014207, 0.016580, 0.018264, 0.022018, 0.019561, 0.018891
9 , 0.001459, 0.001454, 0.001459, 0.001547, 0.001641, 0.001720, 0.001566, 0.001759, 0.001407, 0.001675, 0.001630, 0.001652, 0.001698, 0.001517, 0.001767, 0.001677, 0.001745, 0.001616, 0.001643, 0.001737, 0.001654, 0.001640, 0.000452, 0.001437, 0.001421, 0.001286, 0.001220, 0.001194, 0.001045, 0.000996, 0.001038, 0.000955, 0.000931, 0.001114, 0.000978, 0.001068, 0.001028, 0.001202, 0.001088, 0.001207, 0.001186, 0.001300, 0.001279, 0.001425, 0.001344, 0.001534, 0.001472, 0.001016, 0.000836, 0.000986, 0.001090, 0.001270, 0.001182, 0.001166, 0.001112, 0.001327, 0.001288, 0.001296, 0.000996, 0.001309, 0.001334, 0.001262, 0.001184, 0.001199, 0.001342, 0.001188, 0.001224, 0.001293, 0.001523, 0.001456, 0.001464, 0.001579, 0.000308, 0.001508, 0.001743, 0.001469, 0.001376, 0.001380, 0.001331, 0.001281, 0.001355, 0.001277, 0.001190, 0.001199, 0.001116, 0.001124, 0.001007, 0.001111, 0.001048, 0.001179, 0.001177, 0.001202
9 , 2, 2, 2, 2, 1, 2, 1
9 , 0.008804, 0.010196, 0.010410, 0.010801, 0.009406, 0.010062, 0.009916
10 , 0.000986, 0.001090, 0.001270, 0.001182, 0.001166, 0.001112, 0.001327, 0.001288, 0.001296, 0.000996, 0.001309, 0.001334, 0.001262, 0.001184, 0.001199, 0.001342, 0.001188, 0.001224, 0.001293, 0.001523, 0.001456, 0.001464, 0.001579, 0.000308, 0.001508, 0.001743, 0.001469, 0.001376, 0.001380, 0.001331, 0.001281, 0.001355, 0.001277, 0.001190, 0.001199, 0.001116, 0.001124, 0.001007, 0.001111, 0.001048, 0.001179, 0.001177, 0.001202, 0.001011, 0.001160, 0.001121, 0.001091, 0.000889, 0.001578, 0.001495, 0.001623, 0.001567, 0.001597, 0.001688, 0.001923, 0.001563, 0.001638, 0.001423, 0.001679, 0.001595, 0.001583, 0.001520, 0.001399, 0.001622, 0.001543, 0.001538, 0.001392, 0.001702, 0.001533, 0.001631, 0.001636, 0.001529, 0.001751, 0.001132, 0.001286, 0.001463, 0.001408, 0.001231, 0.001385, 0.001149, 0.001251, 0.001094, 0.001313, 0.001193, 0.001238, 0.001116, 0.001061, 0.001118, 0.001185, 0.001031, 0.000970, 0.000975
10 , 3, 3, 1, 1, 1, 1, 1
10 , 0.005440, 0.005901, 0.006421, 0.008629, 0.010941, 0.009713, 0.009573
11 , 0.001623, 0.001567, 0.001597, 0.001688, 0.001923, 0.001563, 0.001638, 0.001423, 0.001679, 0.001595, 0.001583, 0.001520, 0.001399, 0.001622, 0.001543, 0.001538, 0.001392, 0.001702, 0.001533, 0.001631, 0.001636, 0.001529, 0.001751, 0.001132, 0.001286, 0.001463, 0.001408, 0.001231, 0.001385, 0.001149, 0.001251, 0.001094, 0.001313, 0.001193, 0.001238, 0.001116, 0.001061, 0.001118, 0.001185, 0.001031, 0.000970, 0.000975, 0.001139, 0.001102, 0.001161, 0.001073, 0.001075, 0.001139, 0.001012, 0.001192, 0.001126, 0.001156, 0.001180, 0.001217, 0.001127, 0.001126, 0.001048, 0.001113, 0.001076, 0.001134, 0.001158, 0.001341, 0.001123, 0.001249, 0.001182, 0.001240, 0.001239, 0.001242, 0.001144, 0.001236, 0.001166, 0.001231, 0.001227, 0.001310, 0.001367, 0.001241, 0.001236, 0.001284, 0.001431, 0.001370, 0.001464, 0.001367, 0.001373, 0.001272, 0.001460, 0.001248, 0.001467, 0.001339, 0.001353, 0.001293, 0.001423, 0.001157
11 , 2, 2, 2, 2, 2, 2, 2
11 , 0.010419, 0.011797, 0.012444, 0.012833, 0.013576, 0.013008, 0.012570
12 , 0.001126, 0.001156, 0.001180, 0.001217, 0.001127, 0.001126, 0.001048, 0.001113, 0.001076, 0.001134, 0.001158, 0.001341, 0.001123, 0.001249, 0.001182, 0.001240, 0.001239, 0.001242, 0.001144, 0.001236, 0.001166, 0.001231, 0.001227, 0.001310, 0.001367, 0.001241, 0.001236, 0.001284, 0.001431, 0.001370, 0.001464, 0.001367, 0.001373, 0.001272, 0.001460, 0.001248, 0.001467, 0.001339, 0.001353, 0.001293, 0.001423, 0.001157, 0.001326, 0.001188, 0.001207, 0.001084, 0.001095, 0.001097, 0.001193, 0.001127, 0.001183, 0.001063, 0.001148, 0.001146, 0.001057, 0.001199, 0.001161, 0.001134, 0.000948, 0.001219, 0.001144, 0.001217, 0.001185, 0.001243, 0.000958, 0.001292, 0.001169, 0.001318, 0.001375, 0.001265, 0.001230, 0.001376, 0.001282, 0.001297, 0.001114, 0.001339, 0.001277, 0.001222, 0.001167, 0.001265, 0.001207, 0.001118, 0.001029, 0.001089, 0.001243, 0.001090, 0.001158, 0.001006, 0.001222, 0.001055, 0.001094, 0.001029
12 , 0, 0, 0, 0, 3, 3, 3
12 , 0.005047, 0.004434, 0.003847, 0.003337, 0.003244, 0.003288, 0.003125
13 , 0.001095, 0.001097, 0.001193, 0.001127, 0.001183, 0.001063, 0.001148, 0.001146, 0.001057, 0.001199, 0.001161, 0.001134, 0.000948, 0.001219, 0.001144, 0.001217, 0.001185, 0.001243, 0.000958, 0.001292, 0.001169, 0.001318, 0.001375, 0.001265, 0.001230, 0.001376, 0.001282, 0.001297, 0.001114, 0.001339, 0.001277, 0.001222, 0.001167, 0.001265, 0.001207, 0.001118, 0.001029, 0.001089, 0.001243, 0.001090, 0.001158, 0.001006, 0.001222, 0.001055, 0.001094, 0.001029, 0.001089, 0.001057, 0.001202, 0.001073, 0.001159, 0.001051, 0.001297, 0.001105, 0.001256, 0.001155, 0.001296, 0.001351, 0.001317, 0.001311, 0.001373, 0.001340, 0.001342, 0.001310, 0.001332, 0.001274, 0.001277, 0.001334, 0.001333, 0.001365, 0.001246, 0.001433, 0.001183, 0.001342, 0.001193, 0.001470, 0.001311, 0.001317, 0.001115, 0.001336, 0.001246, 0.001292, 0.001102, 0.001201, 0.001146, 0.001187, 0.001103, 0.001164, 0.001254, 0.001156, 0.001162, 0.001295
13 , 0, 0, 3, 3, 3, 1, 1
13 , 0.002120, 0.001401, 0.001607, 0.001252, 0.001224, 0.001262, 0.001822
14 , 0.001089, 0.001057, 0.001202, 0.001073, 0.001159, 0.001051, 0.001297, 0.001105, 0.001256, 0.001155, 0.001296, 0.001351, 0.001317, 0.001311, 0.001373, 0.001340, 0.001342, 0.001310, 0.001332, 0.001274, 0.001277, 0.001334, 0.001333, 0.001365, 0.001246, 0.001433, 0.001183, 0.001342, 0.001193, 0.001470, 0.001311, 0.001317, 0.001115, 0.001336, 0.001246, 0.001292, 0.001102, 0.001201, 0.001146, 0.001187, 0.001103, 0.001164, 0.001254, 0.001156, 0.001162, 0.001295, 0.001239, 0.001109, 0.001244, 0.001090, 0.001151, 0.001085, 0.001297, 0.001084, 0.001212, 0.001084, 0.001143, 0.001140, 0.001268, 0.001081, 0.001209, 0.001082, 0.001146, 0.001180, 0.001395, 0.001185, 0.001272, 0.001109, 0.001196, 0.001255, 0.001284, 0.001124, 0.001190, 0.001219, 0.001120, 0.001289, 0.001198, 0.001327, 0.001134, 0.001318, 0.001195, 0.001294, 0.001170, 0.001275, 0.001268, 0.001339, 0.001246, 0.001312, 0.001181, 0.001194, 0.001166, 0.001267
14 , 0, 0, 0, 0, 2, 2, 2
14 , 0.002456, 0.002089, 0.001874, 0.001412, 0.001437, 0.001881, 0.001831
15 , 0.001239, 0.001109, 0.001244, 0.001090, 0.001151, 0.001085, 0.001297, 0.001084, 0.001212, 0.001084, 0.001143, 0.001140, 0.001268, 0.001081, 0.001209, 0.001082, 0.001146, 0.001180, 0.001395, 0.001185, 0.001272, 0.001109, 0.001196, 0.001255, 0.001284, 0.001124, 0.001190, 0.001219, 0.001120, 0.001289, 0.001198, 0.001327, 0.001134, 0.001318, 0.001195, 0.001294, 0.001170, 0.001275, 0.001268, 0.001339, 0.001246, 0.001312, 0.001181, 0.001194, 0.001166, 0.001267, 0.001178, 0.001151, 0.001097, 0.001163, 0.001080, 0.001105, 0.001229, 0.001111, 0.001172, 0.001026, 0.001028, 0.000999, 0.001126, 0.000969, 0.001024, 0.000931, 0.001123, 0.000896, 0.001080, 0.000919, 0.001102, 0.001124, 0.001155, 0.001053, 0.001029, 0.001198, 0.001158, 0.001213, 0.001251, 0.001307, 0.001187, 0.001220, 0.001126, 0.001190, 0.001278, 0.001216, 0.001123, 0.001120, 0.001143, 0.001347, 0.001193, 0.001291, 0.001282, 0.001314, 0.001185, 0.001457
15 , 0, 0, 0, 0, 0, 0, 0
15 , 0.003850, 0.003972, 0.004203, 0.005034, 0.005124, 0.004912, 0.004644
16 , 0.001080, 0.001105, 0.001229, 0.001111, 0.001172, 0.001026, 0.001028, 0.000999, 0.001126, 0.000969, 0.001024, 0.000931, 0.001123, 0.000896, 0.001080, 0.000919, 0.001102, 0.001124, 0.001155, 0.001053, 0.001029, 0.001198, 0.001158, 0.001213, 0.001251, 0.001307, 0.001187, 0.001220, 0.001126, 0.001190, 0.001278, 0.001216, 0.001123, 0.001120, 0.001143, 0.001347, 0.001193, 0.001291, 0.001282, 0.001314, 0.001185, 0.001457, 0.001335, 0.001311, 0.001156, 0.001284, 0.001250, 0.001323, 0.001208, 0.001182, 0.001336, 0.001274, 0.001213, 0.001178, 0.001301, 0.001295, 0.001234, 0.001144, 0.001477, 0.001317, 0.001353, 0.001257, 0.001265, 0.001300, 0.001333, 0.001269, 0.001243, 0.001025, 0.001275, 0.001155, 0.001310, 0.001164, 0.001172, 0.001166, 0.001227, 0.001159, 0.001199, 0.001175, 0.001142, 0.001225, 0.001161, 0.001164, 0.001037, 0.001245, 0.001182, 0.001310, 0.001210, 0.001236, 0.001199, 0.001291, 0.001101, 0.001374
16 , 3, 3, 3, 3, 3, 3, 3
16 , 0.004847, 0.005151, 0.005398, 0.005413, 0.005134, 0.004839, 0.004700
