0 , 0.001732, 0.001767, 0.001671, 0.001649, 0.001554, 0.001532, 0.001505, 0.001515, 0.001450, 0.001637, 0.001468, 0.001446, 0.001366, 0.001468, 0.001477, 0.001395, 0.001375, 0.001236, 0.001317, 0.001187, 0.001419, 0.000282, 0.001199, 0.001211, 0.001447, 0.001312, 0.001354, 0.001364, 0.001679, 0.001540, 0.001604, 0.001544, 0.001521, 0.001689, 0.001481, 0.001376, 0.001323, 0.001562, 0.001369, 0.001520, 0.001406, 0.001539, 0.001505, 0.001539, 0.001652, 0.001449, 0.001467, 0.001630, 0.000392, 0.001696, 0.001614, 0.001503, 0.001463, 0.001339, 0.001283, 0.001214, 0.001404, 0.001348, 0.001326, 0.001189, 0.001546, 0.001277, 0.001465, 0.001285, 0.001376, 0.001285, 0.001386, 0.001287, 0.001346, 0.001319, 0.001412, 0.001256, 0.001493, 0.000938, 0.000768, 0.001352, 0.001341, 0.001344, 0.001357, 0.001244, 0.001487, 0.001366, 0.001407, 0.001502, 0.001362, 0.001282, 0.001165, 0.001421, 0.001277, 0.001409, 0.001168, 0.001330
0 , 1, 1, 1, 3, 3, 3, 3
0 , 0.003261, 0.002337, 0.002725, 0.001984, 0.002367, 0.003364, 0.002755
1 , 0.001503, 0.001463, 0.001339, 0.001283, 0.001214, 0.001404, 0.001348, 0.001326, 0.001189, 0.001546, 0.001277, 0.001465, 0.001285, 0.001376, 0.001285, 0.001386, 0.001287, 0.001346, 0.001319, 0.001412, 0.001256, 0.001493, 0.000938, 0.000768, 0.001352, 0.001341, 0.001344, 0.001357, 0.001244, 0.001487, 0.001366, 0.001407, 0.001502, 0.001362, 0.001282, 0.001165, 0.001421, 0.001277, 0.001409, 0.001168, 0.001330, 0.001463, 0.001335, 0.001263, 0.001279, 0.001381, 0.001626, 0.000589, 0.001584, 0.001539, 0.001561, 0.001236, 0.001178, 0.001253, 0.001287, 0.001413, 0.001289, 0.001260, 0.001196, 0.001320, 0.001250, 0.001323, 0.001074, 0.001196, 0.001153, 0.001331, 0.001231, 0.001410, 0.001153, 0.001346, 0.001255, 0.000155, 0.001207, 0.001230, 0.001054, 0.001335, 0.001275, 0.001400, 0.001396, 0.001264, 0.001491, 0.001423, 0.001494, 0.001230, 0.001532, 0.001245, 0.001476, 0.001396, 0.001343, 0.001529, 0.001389, 0.001483
1 , 1, 2, 2, 2, 2, 0, 0
1 , 0.000858, 0.001878, 0.001391, 0.001738, 0.003203, 0.004189, 0.005060
2 , 0.001178, 0.001253, 0.001287, 0.001413, 0.001289, 0.001260, 0.001196, 0.001320, 0.001250, 0.001323, 0.001074, 0.001196, 0.001153, 0.001331, 0.001231, 0.001410, 0.001153, 0.001346, 0.001255, 0.000155, 0.001207, 0.001230, 0.001054, 0.001335, 0.001275, 0.001400, 0.001396, 0.001264, 0.001491, 0.001423, 0.001494, 0.001230, 0.001532, 0.001245, 0.001476, 0.001396, 0.001343, 0.001529, 0.001389, 0.001483, 0.001402, 0.001627, 0.001616, 0.001424, 0.000923, 0.001481, 0.001521, 0.001417, 0.001449, 0.001322, 0.001415, 0.001285, 0.001290, 0.001263, 0.001422, 0.001271, 0.001266, 0.001224, 0.001349, 0.001442, 0.001409, 0.001431, 0.001310, 0.001341, 0.001294, 0.001426, 0.001436, 0.001391, 0.001435, 0.000615, 0.000904, 0.001225, 0.000950, 0.001187, 0.001308, 0.001293, 0.001120, 0.001298, 0.001347, 0.001267, 0.001460, 0.001283, 0.001506, 0.001479, 0.001494, 0.001309, 0.001430, 0.001513, 0.001483, 0.001487, 0.001308, 0.001718
2 , 3, 3, 3, 0, 0, 0, 0
2 , 0.002758, 0.005369, 0.004437, 0.005297, 0.006185, 0.007408, 0.006532
3 , 0.001285, 0.001290, 0.001263, 0.001422, 0.001271, 0.001266, 0.001224, 0.001349, 0.001442, 0.001409, 0.001431, 0.001310, 0.001341, 0.001294, 0.001426, 0.001436, 0.001391, 0.001435, 0.000615, 0.000904, 0.001225, 0.000950, 0.001187, 0.001308, 0.001293, 0.001120, 0.001298, 0.001347, 0.001267, 0.001460, 0.001283, 0.001506, 0.001479, 0.001494, 0.001309, 0.001430, 0.001513, 0.001483, 0.001487, 0.001308, 0.001718, 0.001435, 0.001641, 0.000116, 0.001306, 0.001558, 0.001400, 0.001423, 0.001394, 0.001363, 0.001304, 0.001492, 0.001304, 0.001330, 0.001229, 0.001294, 0.001269, 0.001395, 0.001339, 0.001410, 0.001348, 0.001358, 0.001363, 0.001334, 0.001216, 0.001199, 0.000993, 0.000647, 0.001354, 0.001253, 0.001400, 0.001269, 0.001368, 0.001360, 0.001458, 0.001615, 0.001395, 0.001407, 0.001354, 0.001529, 0.001370, 0.001532, 0.001404, 0.001400, 0.001434, 0.001324, 0.001400, 0.001180, 0.001384, 0.001252, 0.001512, 0.000523
3 , 2, 0, 0, 0, 0, 0, 0
3 , 0.002404, 0.002195, 0.003189, 0.003227, 0.003715, 0.004069, 0.004371
4 , 0.001304, 0.001330, 0.001229, 0.001294, 0.001269, 0.001395, 0.001339, 0.001410, 0.001348, 0.001358, 0.001363, 0.001334, 0.001216, 0.001199, 0.000993, 0.000647, 0.001354, 0.001253, 0.001400, 0.001269, 0.001368, 0.001360, 0.001458, 0.001615, 0.001395, 0.001407, 0.001354, 0.001529, 0.001370, 0.001532, 0.001404, 0.001400, 0.001434, 0.001324, 0.001400, 0.001180, 0.001384, 0.001252, 0.001512, 0.000523, 0.001270, 0.001628, 0.001619, 0.001445, 0.001441, 0.001447, 0.001418, 0.001490, 0.001222, 0.001351, 0.001258, 0.001415, 0.001170, 0.001417, 0.001200, 0.001261, 0.001194, 0.001312, 0.001241, 0.001397, 0.001298, 0.001336, 0.001348, 0.001294, 0.001481, 0.000175, 0.001354, 0.000982, 0.001135, 0.001209, 0.001182, 0.001250, 0.001239, 0.001282, 0.001206, 0.001358, 0.001226, 0.001551, 0.001305, 0.001411, 0.001369, 0.001452, 0.001441, 0.001460, 0.001562, 0.001456, 0.001633, 0.001494, 0.001527, 0.001251, 0.000670, 0.001668
4 , 0, 0, 0, 0, 0, 0, 0
4 , 0.004485, 0.005173, 0.004887, 0.005798, 0.006221, 0.005784, 0.005846
5 , 0.001258, 0.001415, 0.001170, 0.001417, 0.001200, 0.001261, 0.001194, 0.001312, 0.001241, 0.001397, 0.001298, 0.001336, 0.001348, 0.001294, 0.001481, 0.000175, 0.001354, 0.000982, 0.001135, 0.001209, 0.001182, 0.001250, 0.001239, 0.001282, 0.001206, 0.001358, 0.001226, 0.001551, 0.001305, 0.001411, 0.001369, 0.001452, 0.001441, 0.001460, 0.001562, 0.001456, 0.001633, 0.001494, 0.001527, 0.001251, 0.000670, 0.001668, 0.001556, 0.001497, 0.001485, 0.001460, 0.001331, 0.001404, 0.001368, 0.001495, 0.001241, 0.001367, 0.001243, 0.001495, 0.001283, 0.001415, 0.001268, 0.001307, 0.001187, 0.001325, 0.001277, 0.001271, 0.001314, 0.000715, 0.001263, 0.001350, 0.001386, 0.001415, 0.001463, 0.001411, 0.001344, 0.001607, 0.001501, 0.001425, 0.001303, 0.001708, 0.001474, 0.001561, 0.001406, 0.001539, 0.001474, 0.001485, 0.001497, 0.001512, 0.001664, 0.001520, 0.001513, 0.001689, 0.000173, 0.001480, 0.001610, 0.001519
5 , 0, 0, 0, 0, 0, 0, 0
5 , 0.005528, 0.006125, 0.006691, 0.007035, 0.006853, 0.006857, 0.007071
6 , 0.001243, 0.001495, 0.001283, 0.001415, 0.001268, 0.001307, 0.001187, 0.001325, 0.001277, 0.001271, 0.001314, 0.000715, 0.001263, 0.001350, 0.001386, 0.001415, 0.001463, 0.001411, 0.001344, 0.001607, 0.001501, 0.001425, 0.001303, 0.001708, 0.001474, 0.001561, 0.001406, 0.001539, 0.001474, 0.001485, 0.001497, 0.001512, 0.001664, 0.001520, 0.001513, 0.001689, 0.000173, 0.001480, 0.001610, 0.001519, 0.001446, 0.001417, 0.001317, 0.001399, 0.001280, 0.001248, 0.001190, 0.001287, 0.001251, 0.001402, 0.001275, 0.001431, 0.001362, 0.001456, 0.001275, 0.001351, 0.001256, 0.001381, 0.001283, 0.001304, 0.001265, 0.001351, 0.000744, 0.001273, 0.001414, 0.001424, 0.001502, 0.001452, 0.001486, 0.001653, 0.001592, 0.001612, 0.001328, 0.001427, 0.001245, 0.001407, 0.001309, 0.001415, 0.001491, 0.001332, 0.001384, 0.001362, 0.001596, 0.001406, 0.001403, 0.001565, 0.001151, 0.001165, 0.001546, 0.001470, 0.001309, 0.001186
6 , 0, 0, 0, 0, 0, 3, 3
6 , 0.005820, 0.005159, 0.003899, 0.002796, 0.002046, 0.001443, 0.001430
7 , 0.001190, 0.001287, 0.001251, 0.001402, 0.001275, 0.001431, 0.001362, 0.001456, 0.001275, 0.001351, 0.001256, 0.001381, 0.001283, 0.001304, 0.001265, 0.001351, 0.000744, 0.001273, 0.001414, 0.001424, 0.001502, 0.001452, 0.001486, 0.001653, 0.001592, 0.001612, 0.001328, 0.001427, 0.001245, 0.001407, 0.001309, 0.001415, 0.001491, 0.001332, 0.001384, 0.001362, 0.001596, 0.001406, 0.001403, 0.001565, 0.001151, 0.001165, 0.001546, 0.001470, 0.001309, 0.001186, 0.001264, 0.001203, 0.001201, 0.001119, 0.001127, 0.001135, 0.001141, 0.001054, 0.001054, 0.001131, 0.001097, 0.001148, 0.001128, 0.001214, 0.001119, 0.001248, 0.001108, 0.001449, 0.000101, 0.001208, 0.001237, 0.001555, 0.001445, 0.001537, 0.001394, 0.001648, 0.001344, 0.001491, 0.001452, 0.001702, 0.001720, 0.001686, 0.001561, 0.001531, 0.001723, 0.001594, 0.001610, 0.001473, 0.001596, 0.001544, 0.001598, 0.001501, 0.001565, 0.001603, 0.001599, 0.000918
7 , 0, 0, 0, 0, 0, 0, 2
7 , 0.012422, 0.012305, 0.011477, 0.010478, 0.009467, 0.008494, 0.007311
8 , 0.001264, 0.001203, 0.001201, 0.001119, 0.001127, 0.001135, 0.001141, 0.001054, 0.001054, 0.001131, 0.001097, 0.001148, 0.001128, 0.001214, 0.001119, 0.001248, 0.001108, 0.001449, 0.000101, 0.001208, 0.001237, 0.001555, 0.001445, 0.001537, 0.001394, 0.001648, 0.001344, 0.001491, 0.001452, 0.001702, 0.001720, 0.001686, 0.001561, 0.001531, 0.001723, 0.001594, 0.001610, 0.001473, 0.001596, 0.001544, 0.001598, 0.001501, 0.001565, 0.001603, 0.001599, 0.000918, 0.001662, 0.001332, 0.001282, 0.001375, 0.001135, 0.001350, 0.001167, 0.001300, 0.001146, 0.001291, 0.001063, 0.001312, 0.001153, 0.001368, 0.001144, 0.001390, 0.001205, 0.001239, 0.001266, 0.001298, 0.001287, 0.001256, 0.001348, 0.001417, 0.001256, 0.001194, 0.001320, 0.001275, 0.001404, 0.001371, 0.001397, 0.001237, 0.001458, 0.001304, 0.001460, 0.001326, 0.001399, 0.001331, 0.001371, 0.001192, 0.001385, 0.001083, 0.001248, 0.001271, 0.001307, 0.001236
8 , 0, 0, 0, 0, 0, 0, 0
8 , 0.010549, 0.011377, 0.010521, 0.010643, 0.010566, 0.009770, 0.009692
9 , 0.001332, 0.001282, 0.001375, 0.001135, 0.001350, 0.001167, 0.001300, 0.001146, 0.001291, 0.001063, 0.001312, 0.001153, 0.001368, 0.001144, 0.001390, 0.001205, 0.001239, 0.001266, 0.001298, 0.001287, 0.001256, 0.001348, 0.001417, 0.001256, 0.001194, 0.001320, 0.001275, 0.001404, 0.001371, 0.001397, 0.001237, 0.001458, 0.001304, 0.001460, 0.001326, 0.001399, 0.001331, 0.001371, 0.001192, 0.001385, 0.001083, 0.001248, 0.001271, 0.001307, 0.001236, 0.001271, 0.001153, 0.001309, 0.001339, 0.001311, 0.001280, 0.001273, 0.001420, 0.001420, 0.001353, 0.001348, 0.001351, 0.001354, 0.001424, 0.001390, 0.001447, 0.001180, 0.001275, 0.001297, 0.001372, 0.001248, 0.001433, 0.001266, 0.001485, 0.001271, 0.001456, 0.001305, 0.001384, 0.001165, 0.001171, 0.001142, 0.001329, 0.001235, 0.001273, 0.001243, 0.001241, 0.001151, 0.001186, 0.001254, 0.001176, 0.001231, 0.001205, 0.001273, 0.001168, 0.001176, 0.001117, 0.001237
9 , 3, 3, 3, 3, 3, 3, 3
9 , 0.002590, 0.003410, 0.003241, 0.003883, 0.003915, 0.004193, 0.004410
10 , 0.001420, 0.001420, 0.001353, 0.001348, 0.001351, 0.001354, 0.001424, 0.001390, 0.001447, 0.001180, 0.001275, 0.001297, 0.001372, 0.001248, 0.001433, 0.001266, 0.001485, 0.001271, 0.001456, 0.001305, 0.001384, 0.001165, 0.001171, 0.001142, 0.001329, 0.001235, 0.001273, 0.001243, 0.001241, 0.001151, 0.001186, 0.001254, 0.001176, 0.001231, 0.001205, 0.001273, 0.001168, 0.001176, 0.001117, 0.001237, 0.001077, 0.001260, 0.001102, 0.001260, 0.001117, 0.001218, 0.001142, 0.001296, 0.001163, 0.001317, 0.001258, 0.001319, 0.001275, 0.001304, 0.001237, 0.001302, 0.001241, 0.001228, 0.001338, 0.001182, 0.001307, 0.001200, 0.001373, 0.001399, 0.001338, 0.001367, 0.001397, 0.001447, 0.001516, 0.001359, 0.001416, 0.001240, 0.001514, 0.001240, 0.001461, 0.001363, 0.001371, 0.001394, 0.001461, 0.001331, 0.001453, 0.001419, 0.001482, 0.001439, 0.001407, 0.001317, 0.001410, 0.001438, 0.001369, 0.001491, 0.001386, 0.001565
10 , 2, 2, 2, 2, 2, 2, 2
10 , 0.005827, 0.005586, 0.005744, 0.005534, 0.005468, 0.004804, 0.005032
11 , 0.001142, 0.001296, 0.001163, 0.001317, 0.001258, 0.001319, 0.001275, 0.001304, 0.001237, 0.001302, 0.001241, 0.001228, 0.001338, 0.001182, 0.001307, 0.001200, 0.001373, 0.001399, 0.001338, 0.001367, 0.001397, 0.001447, 0.001516, 0.001359, 0.001416, 0.001240, 0.001514, 0.001240, 0.001461, 0.001363, 0.001371, 0.001394, 0.001461, 0.001331, 0.001453, 0.001419, 0.001482, 0.001439, 0.001407, 0.001317, 0.001410, 0.001438, 0.001369, 0.001491, 0.001386, 0.001565, 0.001493, 0.001500, 0.001403, 0.001533, 0.001444, 0.001604, 0.001362, 0.001468, 0.001378, 0.001537, 0.001452, 0.001404, 0.001250, 0.001388, 0.001248, 0.001200, 0.001189, 0.001115, 0.001103, 0.001056, 0.001077, 0.001079, 0.001077, 0.000992, 0.000988, 0.001040, 0.001131, 0.000979, 0.001158, 0.000997, 0.001127, 0.001086, 0.001125, 0.000995, 0.001149, 0.000983, 0.001133, 0.000975, 0.001247, 0.001058, 0.001198, 0.001196, 0.001182, 0.001231, 0.001258, 0.001212
11 , 3, 3, 3, 3, 3, 3, 3
11 , 0.009021, 0.008471, 0.007520, 0.006607, 0.005543, 0.005051, 0.004113
12 , 0.001493, 0.001500, 0.001403, 0.001533, 0.001444, 0.001604, 0.001362, 0.001468, 0.001378, 0.001537, 0.001452, 0.001404, 0.001250, 0.001388, 0.001248, 0.001200, 0.001189, 0.001115, 0.001103, 0.001056, 0.001077, 0.001079, 0.001077, 0.000992, 0.000988, 0.001040, 0.001131, 0.000979, 0.001158, 0.000997, 0.001127, 0.001086, 0.001125, 0.000995, 0.001149, 0.000983, 0.001133, 0.000975, 0.001247, 0.001058, 0.001198, 0.001196, 0.001182, 0.001231, 0.001258, 0.001212, 0.001255, 0.001334, 0.001226, 0.001309, 0.001319, 0.001524, 0.001513, 0.001572, 0.001411, 0.001532, 0.001530, 0.001623, 0.001468, 0.001569, 0.001293, 0.001427, 0.001214, 0.001412, 0.001325, 0.001339, 0.001251, 0.001241, 0.001304, 0.001250, 0.001200, 0.001150, 0.001216, 0.001281, 0.001227, 0.001045, 0.001184, 0.001054, 0.001081, 0.001144, 0.001212, 0.001049, 0.001233, 0.001102, 0.001285, 0.001338, 0.001334, 0.001148, 0.001270, 0.001230, 0.001262, 0.001289
12 , 1, 1, 1, 1, 1, 1, 1
12 , 0.011303, 0.010785, 0.010365, 0.009558, 0.008444, 0.007661, 0.006757
13 , 0.001255, 0.001334, 0.001226, 0.001309, 0.001319, 0.001524, 0.001513, 0.001572, 0.001411, 0.001532, 0.001530, 0.001623, 0.001468, 0.001569, 0.001293, 0.001427, 0.001214, 0.001412, 0.001325, 0.001339, 0.001251, 0.001241, 0.001304, 0.001250, 0.001200, 0.001150, 0.001216, 0.001281, 0.001227, 0.001045, 0.001184, 0.001054, 0.001081, 0.001144, 0.001212, 0.001049, 0.001233, 0.001102, 0.001285, 0.001338, 0.001334, 0.001148, 0.001270, 0.001230, 0.001262, 0.001289, 0.001406, 0.001248, 0.001420, 0.001320, 0.001317, 0.001344, 0.001394, 0.001423, 0.001421, 0.001418, 0.001450, 0.001492, 0.001334, 0.001461, 0.001310, 0.001412, 0.001204, 0.001275, 0.001214, 0.001377, 0.001162, 0.001243, 0.001117, 0.001250, 0.001106, 0.001205, 0.001148, 0.001212, 0.001174, 0.001294, 0.001317, 0.001224, 0.001258, 0.001127, 0.001329, 0.001200, 0.001382, 0.001280, 0.001341, 0.001300, 0.001393, 0.001238, 0.001397, 0.001297, 0.001424, 0.001270
13 , 1, 1, 1, 1, 1, 1, 1
13 , 0.006296, 0.006156, 0.005899, 0.005299, 0.005109, 0.004462, 0.004152
14 , 0.001406, 0.001248, 0.001420, 0.001320, 0.001317, 0.001344, 0.001394, 0.001423, 0.001421, 0.001418, 0.001450, 0.001492, 0.001334, 0.001461, 0.001310, 0.001412, 0.001204, 0.001275, 0.001214, 0.001377, 0.001162, 0.001243, 0.001117, 0.001250, 0.001106, 0.001205, 0.001148, 0.001212, 0.001174, 0.001294, 0.001317, 0.001224, 0.001258, 0.001127, 0.001329, 0.001200, 0.001382, 0.001280, 0.001341, 0.001300, 0.001393, 0.001238, 0.001397, 0.001297, 0.001424, 0.001270, 0.001456, 0.001266, 0.001268, 0.001266, 0.001331, 0.001297, 0.001214, 0.001320, 0.001287, 0.001189, 0.001187, 0.001318, 0.001162, 0.001221, 0.001103, 0.001352, 0.001167, 0.001176, 0.001089, 0.001239, 0.001178, 0.001175, 0.001099, 0.001372, 0.001268, 0.001324, 0.001285, 0.001441, 0.001341, 0.001314, 0.001310, 0.001368, 0.001306, 0.001371, 0.001344, 0.001226, 0.001317, 0.001190, 0.001231, 0.001117, 0.001300, 0.001232, 0.001356, 0.001288, 0.001326, 0.001204
14 , 2, 2, 2, 2, 2, 2, 2
14 , 0.003149, 0.003763, 0.003407, 0.003271, 0.002781, 0.002757, 0.002157
15 , 0.001266, 0.001268, 0.001266, 0.001331, 0.001297, 0.001214, 0.001320, 0.001287, 0.001189, 0.001187, 0.001318, 0.001162, 0.001221, 0.001103, 0.001352, 0.001167, 0.001176, 0.001089, 0.001239, 0.001178, 0.001175, 0.001099, 0.001372, 0.001268, 0.001324, 0.001285, 0.001441, 0.001341, 0.001314, 0.001310, 0.001368, 0.001306, 0.001371, 0.001344, 0.001226, 0.001317, 0.001190, 0.001231, 0.001117, 0.001300, 0.001232, 0.001356, 0.001288, 0.001326, 0.001204, 0.001329, 0.001293, 0.001490, 0.001207, 0.001273, 0.001248, 0.001228, 0.001198, 0.001151, 0.001150, 0.001193, 0.001106, 0.001205, 0.001216, 0.001150, 0.001056, 0.001028, 0.001216, 0.001095, 0.001249, 0.001154, 0.001271, 0.001117, 0.001233, 0.001155, 0.001494, 0.001245, 0.001338, 0.001085, 0.001296, 0.001226, 0.001379, 0.001363, 0.001478, 0.001380, 0.001258, 0.001409, 0.001278, 0.001339, 0.001404, 0.001409, 0.001348, 0.001415, 0.001197, 0.001329, 0.001266, 0.001415
15 , 0, 0, 0, 0, 0, 0, 0
15 , 0.003379, 0.003716, 0.004251, 0.004522, 0.004777, 0.004497, 0.004529
16 , 0.001248, 0.001228, 0.001198, 0.001151, 0.001150, 0.001193, 0.001106, 0.001205, 0.001216, 0.001150, 0.001056, 0.001028, 0.001216, 0.001095, 0.001249, 0.001154, 0.001271, 0.001117, 0.001233, 0.001155, 0.001494, 0.001245, 0.001338, 0.001085, 0.001296, 0.001226, 0.001379, 0.001363, 0.001478, 0.001380, 0.001258, 0.001409, 0.001278, 0.001339, 0.001404, 0.001409, 0.001348, 0.001415, 0.001197, 0.001329, 0.001266, 0.001415, 0.001241, 0.001250, 0.001036, 0.001386, 0.001137, 0.001119, 0.001115, 0.001304, 0.001117, 0.001211, 0.001211, 0.001239, 0.001169, 0.001291, 0.001226, 0.001343, 0.001361, 0.001205, 0.001271, 0.001236, 0.001326, 0.001136, 0.001227, 0.001102, 0.001353, 0.001195, 0.001349, 0.001273, 0.001424, 0.001299, 0.001453, 0.001293, 0.001367, 0.001362, 0.001325, 0.001262, 0.001445, 0.001290, 0.001351, 0.001319, 0.001201, 0.001389, 0.001298, 0.001360, 0.001394, 0.001441, 0.001293, 0.001326, 0.001175, 0.001341
16 , 0, 0, 0, 0, 0, 0, 0
16 , 0.005633, 0.005512, 0.005131, 0.004681, 0.004111, 0.003862, 0.003635
