0 , 0.001433, 0.001489, 0.001532, 0.001614, 0.001666, 0.001675, 0.001756, 0.001696, 0.001709, 0.001536, 0.001790, 0.001842, 0.001795, 0.001691, 0.001748, 0.001781, 0.001686, 0.001595, 0.001482, 0.001780, 0.001641, 0.001551, 0.001618, 0.000735, 0.001163, 0.001414, 0.001366, 0.001373, 0.001246, 0.001237, 0.001202, 0.001200, 0.001264, 0.001151, 0.001185, 0.001128, 0.001224, 0.001167, 0.001192, 0.001165, 0.001142, 0.001074, 0.001255, 0.001137, 0.001160, 0.001047, 0.001266, 0.000413, 0.001411, 0.001412, 0.001637, 0.001529, 0.001623, 0.001549, 0.001630, 0.001549, 0.001644, 0.001515, 0.001674, 0.001587, 0.001678, 0.001618, 0.001545, 0.001811, 0.001571, 0.001674, 0.001667, 0.001864, 0.001627, 0.001672, 0.001678, 0.001547, 0.000503, 0.001475, 0.001418, 0.001311, 0.001142, 0.001144, 0.001040, 0.001271, 0.001169, 0.001176, 0.001081, 0.001273, 0.001083, 0.001098, 0.001069, 0.001250, 0.001134, 0.001286, 0.001134, 0.001104
0 , 1, 1, 1, 1, 1, 1, 1
0 , 0.012895, 0.014985, 0.017504, 0.019244, 0.022245, 0.019221, 0.018875
1 , 0.001637, 0.001529, 0.001623, 0.001549, 0.001630, 0.001549, 0.001644, 0.001515, 0.001674, 0.001587, 0.001678, 0.001618, 0.001545, 0.001811, 0.001571, 0.001674, 0.001667, 0.001864, 0.001627, 0.001672, 0.001678, 0.001547, 0.000503, 0.001475, 0.001418, 0.001311, 0.001142, 0.001144, 0.001040, 0.001271, 0.001169, 0.001176, 0.001081, 0.001273, 0.001083, 0.001098, 0.001069, 0.001250, 0.001134, 0.001286, 0.001134, 0.001104, 0.001071, 0.001189, 0.001266, 0.001113, 0.001305, 0.000327, 0.001282, 0.001414, 0.001622, 0.001588, 0.001575, 0.001446, 0.001765, 0.001709, 0.001722, 0.001549, 0.001738, 0.001773, 0.001661, 0.001734, 0.001588, 0.001790, 0.001734, 0.001755, 0.001630, 0.001810, 0.001595, 0.001642, 0.001557, 0.001917, 0.000177, 0.001597, 0.001393, 0.001547, 0.001352, 0.001445, 0.001224, 0.001381, 0.001190, 0.001410, 0.001261, 0.001424, 0.001208, 0.001282, 0.001178, 0.001344, 0.001189, 0.001348, 0.001110, 0.001237
1 , 1, 1, 1, 1, 1, 1, 1
1 , 0.012493, 0.014733, 0.016625, 0.017575, 0.018952, 0.016820, 0.017262
2 , 0.001622, 0.001588, 0.001575, 0.001446, 0.001765, 0.001709, 0.001722, 0.001549, 0.001738, 0.001773, 0.001661, 0.001734, 0.001588, 0.001790, 0.001734, 0.001755, 0.001630, 0.001810, 0.001595, 0.001642, 0.001557, 0.001917, 0.000177, 0.001597, 0.001393, 0.001547, 0.001352, 0.001445, 0.001224, 0.001381, 0.001190, 0.001410, 0.001261, 0.001424, 0.001208, 0.001282, 0.001178, 0.001344, 0.001189, 0.001348, 0.001110, 0.001237, 0.001171, 0.001344, 0.001137, 0.000875, 0.001107, 0.001311, 0.001538, 0.001505, 0.001527, 0.001531, 0.001574, 0.001682, 0.001764, 0.001746, 0.001500, 0.001641, 0.001526, 0.001672, 0.001387, 0.001761, 0.001652, 0.001632, 0.001650, 0.001516, 0.001734, 0.001644, 0.001501, 0.001442, 0.001506, 0.001634, 0.000701, 0.001493, 0.001456, 0.001351, 0.001290, 0.001351, 0.001259, 0.001351, 0.001256, 0.001224, 0.001254, 0.001285, 0.001232, 0.001139, 0.001323, 0.001290, 0.001302, 0.001241, 0.001248, 0.001068
2 , 1, 1, 1, 1, 1, 1, 1
2 , 0.010855, 0.013298, 0.015016, 0.017165, 0.015278, 0.014068, 0.014079
3 , 0.001505, 0.001527, 0.001531, 0.001574, 0.001682, 0.001764, 0.001746, 0.001500, 0.001641, 0.001526, 0.001672, 0.001387, 0.001761, 0.001652, 0.001632, 0.001650, 0.001516, 0.001734, 0.001644, 0.001501, 0.001442, 0.001506, 0.001634, 0.000701, 0.001493, 0.001456, 0.001351, 0.001290, 0.001351, 0.001259, 0.001351, 0.001256, 0.001224, 0.001254, 0.001285, 0.001232, 0.001139, 0.001323, 0.001290, 0.001302, 0.001241, 0.001248, 0.001068, 0.001264, 0.001142, 0.001176, 0.001112, 0.001087, 0.001041, 0.000458, 0.001436, 0.001575, 0.001536, 0.001618, 0.001770, 0.001579, 0.001692, 0.001782, 0.001907, 0.001807, 0.001902, 0.001561, 0.001748, 0.001769, 0.001661, 0.001544, 0.001533, 0.001631, 0.001417, 0.001554, 0.001353, 0.001513, 0.001425, 0.001271, 0.001195, 0.001617, 0.001658, 0.001417, 0.001438, 0.001403, 0.001373, 0.001279, 0.001369, 0.001517, 0.001581, 0.001512, 0.001575, 0.001428, 0.001473, 0.001338, 0.001356, 0.001254
3 , 1, 1, 1, 1, 1, 1, 1
3 , 0.007840, 0.008945, 0.009917, 0.010621, 0.011997, 0.011431, 0.013387
4 , 0.001536, 0.001618, 0.001770, 0.001579, 0.001692, 0.001782, 0.001907, 0.001807, 0.001902, 0.001561, 0.001748, 0.001769, 0.001661, 0.001544, 0.001533, 0.001631, 0.001417, 0.001554, 0.001353, 0.001513, 0.001425, 0.001271, 0.001195, 0.001617, 0.001658, 0.001417, 0.001438, 0.001403, 0.001373, 0.001279, 0.001369, 0.001517, 0.001581, 0.001512, 0.001575, 0.001428, 0.001473, 0.001338, 0.001356, 0.001254, 0.001239, 0.001209, 0.001126, 0.001052, 0.001083, 0.000097, 0.001476, 0.001894, 0.001482, 0.001655, 0.001818, 0.001745, 0.001829, 0.001787, 0.002075, 0.001919, 0.002076, 0.001787, 0.001930, 0.002048, 0.001944, 0.001858, 0.001802, 0.002058, 0.001751, 0.001843, 0.001674, 0.001998, 0.001748, 0.001871, 0.000192, 0.001304, 0.001229, 0.001286, 0.001232, 0.001133, 0.001343, 0.001173, 0.001271, 0.001049, 0.001290, 0.001230, 0.001388, 0.001175, 0.001273, 0.000995, 0.001189, 0.000993, 0.001157, 0.001201, 0.001068, 0.001103
4 , 1, 1, 1, 1, 1, 1, 1
4 , 0.016323, 0.019019, 0.022913, 0.020211, 0.018849, 0.018917, 0.018525
5 , 0.001482, 0.001655, 0.001818, 0.001745, 0.001829, 0.001787, 0.002075, 0.001919, 0.002076, 0.001787, 0.001930, 0.002048, 0.001944, 0.001858, 0.001802, 0.002058, 0.001751, 0.001843, 0.001674, 0.001998, 0.001748, 0.001871, 0.000192, 0.001304, 0.001229, 0.001286, 0.001232, 0.001133, 0.001343, 0.001173, 0.001271, 0.001049, 0.001290, 0.001230, 0.001388, 0.001175, 0.001273, 0.000995, 0.001189, 0.000993, 0.001157, 0.001201, 0.001068, 0.001103, 0.001036, 0.001042, 0.001201, 0.000747, 0.000873, 0.001588, 0.001493, 0.001523, 0.001665, 0.001670, 0.001752, 0.001623, 0.001860, 0.001718, 0.001864, 0.001700, 0.002002, 0.001890, 0.001877, 0.001826, 0.001705, 0.001964, 0.001649, 0.001864, 0.001748, 0.001864, 0.001769, 0.001996, 0.000910, 0.000911, 0.001324, 0.001298, 0.001241, 0.001012, 0.001081, 0.000984, 0.001104, 0.000948, 0.001062, 0.000993, 0.001233, 0.001040, 0.001203, 0.001171, 0.001268, 0.001054, 0.001186, 0.001003
5 , 1, 1, 1, 1, 1, 1, 1
5 , 0.019628, 0.023897, 0.026375, 0.028358, 0.028560, 0.028582, 0.026829
6 , 0.001523, 0.001665, 0.001670, 0.001752, 0.001623, 0.001860, 0.001718, 0.001864, 0.001700, 0.002002, 0.001890, 0.001877, 0.001826, 0.001705, 0.001964, 0.001649, 0.001864, 0.001748, 0.001864, 0.001769, 0.001996, 0.000910, 0.000911, 0.001324, 0.001298, 0.001241, 0.001012, 0.001081, 0.000984, 0.001104, 0.000948, 0.001062, 0.000993, 0.001233, 0.001040, 0.001203, 0.001171, 0.001268, 0.001054, 0.001186, 0.001003, 0.001199, 0.001005, 0.001040, 0.001077, 0.000299, 0.001710, 0.001583, 0.001658, 0.001815, 0.001895, 0.001947, 0.001785, 0.002179, 0.001933, 0.001965, 0.001831, 0.001978, 0.001932, 0.001906, 0.001845, 0.001880, 0.002071, 0.001817, 0.001864, 0.001627, 0.001825, 0.001776, 0.001744, 0.001660, 0.000513, 0.001266, 0.001218, 0.001174, 0.001014, 0.001138, 0.001073, 0.001163, 0.000969, 0.001060, 0.001119, 0.001094, 0.001031, 0.001277, 0.001087, 0.001306, 0.001148, 0.001269, 0.001266, 0.001304, 0.001051, 0.001250
6 , 1, 1, 1, 1, 1, 1, 1
6 , 0.026298, 0.028993, 0.033068, 0.029751, 0.028206, 0.027047, 0.025510
7 , 0.001658, 0.001815, 0.001895, 0.001947, 0.001785, 0.002179, 0.001933, 0.001965, 0.001831, 0.001978, 0.001932, 0.001906, 0.001845, 0.001880, 0.002071, 0.001817, 0.001864, 0.001627, 0.001825, 0.001776, 0.001744, 0.001660, 0.000513, 0.001266, 0.001218, 0.001174, 0.001014, 0.001138, 0.001073, 0.001163, 0.000969, 0.001060, 0.001119, 0.001094, 0.001031, 0.001277, 0.001087, 0.001306, 0.001148, 0.001269, 0.001266, 0.001304, 0.001051, 0.001250, 0.001209, 0.001260, 0.001182, 0.000553, 0.001277, 0.001456, 0.001397, 0.001490, 0.001468, 0.001627, 0.001482, 0.001644, 0.001458, 0.001595, 0.001295, 0.001531, 0.001626, 0.001505, 0.001541, 0.001430, 0.001757, 0.001627, 0.001563, 0.001524, 0.001658, 0.001650, 0.001538, 0.001755, 0.000291, 0.001242, 0.001434, 0.001354, 0.001144, 0.001184, 0.001098, 0.001047, 0.000967, 0.000971, 0.001009, 0.001101, 0.000952, 0.000952, 0.001135, 0.001135, 0.000938, 0.000884, 0.000815, 0.001030
7 , 1, 1, 1, 1, 1, 1, 1
7 , 0.019319, 0.022587, 0.024330, 0.025749, 0.026681, 0.024367, 0.023505
8 , 0.001397, 0.001490, 0.001468, 0.001627, 0.001482, 0.001644, 0.001458, 0.001595, 0.001295, 0.001531, 0.001626, 0.001505, 0.001541, 0.001430, 0.001757, 0.001627, 0.001563, 0.001524, 0.001658, 0.001650, 0.001538, 0.001755, 0.000291, 0.001242, 0.001434, 0.001354, 0.001144, 0.001184, 0.001098, 0.001047, 0.000967, 0.000971, 0.001009, 0.001101, 0.000952, 0.000952, 0.001135, 0.001135, 0.000938, 0.000884, 0.000815, 0.001030, 0.000839, 0.001058, 0.000975, 0.000856, 0.000988, 0.001489, 0.001450, 0.001717, 0.001513, 0.001586, 0.001595, 0.001714, 0.001533, 0.001734, 0.001502, 0.001650, 0.001726, 0.001623, 0.001667, 0.001685, 0.001802, 0.001695, 0.001821, 0.001700, 0.001895, 0.001873, 0.001868, 0.001968, 0.001256, 0.000772, 0.001308, 0.001153, 0.001127, 0.001049, 0.001181, 0.001047, 0.001064, 0.001052, 0.001062, 0.000904, 0.001044, 0.001103, 0.001001, 0.001030, 0.001150, 0.001176, 0.001174, 0.001264, 0.001079, 0.001109
8 , 1, 1, 1, 1, 1, 1, 1
8 , 0.018281, 0.021550, 0.024494, 0.025975, 0.022608, 0.022203, 0.021372
9 , 0.001717, 0.001513, 0.001586, 0.001595, 0.001714, 0.001533, 0.001734, 0.001502, 0.001650, 0.001726, 0.001623, 0.001667, 0.001685, 0.001802, 0.001695, 0.001821, 0.001700, 0.001895, 0.001873, 0.001868, 0.001968, 0.001256, 0.000772, 0.001308, 0.001153, 0.001127, 0.001049, 0.001181, 0.001047, 0.001064, 0.001052, 0.001062, 0.000904, 0.001044, 0.001103, 0.001001, 0.001030, 0.001150, 0.001176, 0.001174, 0.001264, 0.001079, 0.001109, 0.001117, 0.001117, 0.001105, 0.001235, 0.000275, 0.001592, 0.001502, 0.001536, 0.001467, 0.001657, 0.001544, 0.001686, 0.001648, 0.001652, 0.001657, 0.001803, 0.001652, 0.001786, 0.001705, 0.001631, 0.001860, 0.001700, 0.001860, 0.001640, 0.001804, 0.001890, 0.001800, 0.001785, 0.001853, 0.000208, 0.001377, 0.001184, 0.001251, 0.001047, 0.001170, 0.001041, 0.001083, 0.001159, 0.001197, 0.001016, 0.001115, 0.001085, 0.001176, 0.001050, 0.001089, 0.001062, 0.001192, 0.000981, 0.001050
9 , 1, 1, 1, 1, 1, 1, 1
9 , 0.018376, 0.021479, 0.024335, 0.025448, 0.027265, 0.024465, 0.023764
10 , 0.001536, 0.001467, 0.001657, 0.001544, 0.001686, 0.001648, 0.001652, 0.001657, 0.001803, 0.001652, 0.001786, 0.001705, 0.001631, 0.001860, 0.001700, 0.001860, 0.001640, 0.001804, 0.001890, 0.001800, 0.001785, 0.001853, 0.000208, 0.001377, 0.001184, 0.001251, 0.001047, 0.001170, 0.001041, 0.001083, 0.001159, 0.001197, 0.001016, 0.001115, 0.001085, 0.001176, 0.001050, 0.001089, 0.001062, 0.001192, 0.000981, 0.001050, 0.001165, 0.001137, 0.001173, 0.000410, 0.001316, 0.001342, 0.001713, 0.001588, 0.001493, 0.001338, 0.001700, 0.001631, 0.001843, 0.001816, 0.001729, 0.001842, 0.001652, 0.001846, 0.001725, 0.001946, 0.001846, 0.001778, 0.001687, 0.001868, 0.001946, 0.001687, 0.001827, 0.001816, 0.001779, 0.002008, 0.000199, 0.001364, 0.001132, 0.001247, 0.001123, 0.001084, 0.001058, 0.000957, 0.001166, 0.001034, 0.001186, 0.001003, 0.001101, 0.001064, 0.001184, 0.001083, 0.001148, 0.001024, 0.001218, 0.001026
10 , 1, 1, 1, 1, 1, 1, 1
10 , 0.019628, 0.023238, 0.026811, 0.028915, 0.027908, 0.025181, 0.024213
11 , 0.001588, 0.001493, 0.001338, 0.001700, 0.001631, 0.001843, 0.001816, 0.001729, 0.001842, 0.001652, 0.001846, 0.001725, 0.001946, 0.001846, 0.001778, 0.001687, 0.001868, 0.001946, 0.001687, 0.001827, 0.001816, 0.001779, 0.002008, 0.000199, 0.001364, 0.001132, 0.001247, 0.001123, 0.001084, 0.001058, 0.000957, 0.001166, 0.001034, 0.001186, 0.001003, 0.001101, 0.001064, 0.001184, 0.001083, 0.001148, 0.001024, 0.001218, 0.001026, 0.001218, 0.000985, 0.001231, 0.001011, 0.001217, 0.000938, 0.001038, 0.000918, 0.001136, 0.001121, 0.001101, 0.000975, 0.001012, 0.001014, 0.001060, 0.000927, 0.000864, 0.000940, 0.000997, 0.001038, 0.000912, 0.000940, 0.000897, 0.000966, 0.000816, 0.000970, 0.000960, 0.001020, 0.000929, 0.001110, 0.000819, 0.001064, 0.000849, 0.000938, 0.000930, 0.001210, 0.001078, 0.001141, 0.001038, 0.001076, 0.001009, 0.001209, 0.001134, 0.001168, 0.001225, 0.001184, 0.001096, 0.001187, 0.001252
11 , 2, 2, 2, 2, 2, 2, 2
11 , 0.012676, 0.014170, 0.015728, 0.016785, 0.018541, 0.016477, 0.017322
12 , 0.000918, 0.001136, 0.001121, 0.001101, 0.000975, 0.001012, 0.001014, 0.001060, 0.000927, 0.000864, 0.000940, 0.000997, 0.001038, 0.000912, 0.000940, 0.000897, 0.000966, 0.000816, 0.000970, 0.000960, 0.001020, 0.000929, 0.001110, 0.000819, 0.001064, 0.000849, 0.000938, 0.000930, 0.001210, 0.001078, 0.001141, 0.001038, 0.001076, 0.001009, 0.001209, 0.001134, 0.001168, 0.001225, 0.001184, 0.001096, 0.001187, 0.001252, 0.001187, 0.001252, 0.001092, 0.001121, 0.000951, 0.001199, 0.001109, 0.001205, 0.001199, 0.001286, 0.001151, 0.001220, 0.001090, 0.001146, 0.001209, 0.001342, 0.001176, 0.001157, 0.001003, 0.001159, 0.001107, 0.001075, 0.001014, 0.001174, 0.001172, 0.001158, 0.001233, 0.001113, 0.001038, 0.001036, 0.001042, 0.000864, 0.001049, 0.000894, 0.001077, 0.000897, 0.001168, 0.000901, 0.000979, 0.000905, 0.001112, 0.001030, 0.001152, 0.000991, 0.001231, 0.001101, 0.001214, 0.001146, 0.001286, 0.001220
12 , 3, 3, 3, 3, 3, 3, 3
12 , 0.004302, 0.004919, 0.004756, 0.004792, 0.004454, 0.004869, 0.004420
13 , 0.001199, 0.001109, 0.001205, 0.001199, 0.001286, 0.001151, 0.001220, 0.001090, 0.001146, 0.001209, 0.001342, 0.001176, 0.001157, 0.001003, 0.001159, 0.001107, 0.001075, 0.001014, 0.001174, 0.001172, 0.001158, 0.001233, 0.001113, 0.001038, 0.001036, 0.001042, 0.000864, 0.001049, 0.000894, 0.001077, 0.000897, 0.001168, 0.000901, 0.000979, 0.000905, 0.001112, 0.001030, 0.001152, 0.000991, 0.001231, 0.001101, 0.001214, 0.001146, 0.001286, 0.001220, 0.001109, 0.001168, 0.001168, 0.001083, 0.001146, 0.001113, 0.001085, 0.001178, 0.000993, 0.001119, 0.000995, 0.001239, 0.001052, 0.001101, 0.001005, 0.001143, 0.001074, 0.001143, 0.001042, 0.001119, 0.001021, 0.001107, 0.001017, 0.001190, 0.001154, 0.001243, 0.001211, 0.001239, 0.001113, 0.001083, 0.001197, 0.001233, 0.001229, 0.001073, 0.001268, 0.001111, 0.001273, 0.001064, 0.001263, 0.001137, 0.001178, 0.001056, 0.001123, 0.000936, 0.001097, 0.000941, 0.001044
13 , 2, 2, 2, 2, 2, 2, 2
13 , 0.003000, 0.002970, 0.002797, 0.002870, 0.002461, 0.001988, 0.001691
14 , 0.001168, 0.001168, 0.001083, 0.001146, 0.001113, 0.001085, 0.001178, 0.000993, 0.001119, 0.000995, 0.001239, 0.001052, 0.001101, 0.001005, 0.001143, 0.001074, 0.001143, 0.001042, 0.001119, 0.001021, 0.001107, 0.001017, 0.001190, 0.001154, 0.001243, 0.001211, 0.001239, 0.001113, 0.001083, 0.001197, 0.001233, 0.001229, 0.001073, 0.001268, 0.001111, 0.001273, 0.001064, 0.001263, 0.001137, 0.001178, 0.001056, 0.001123, 0.000936, 0.001097, 0.000941, 0.001044, 0.000986, 0.001038, 0.001062, 0.001105, 0.001083, 0.001114, 0.001040, 0.001038, 0.001079, 0.000941, 0.001087, 0.001078, 0.001168, 0.001011, 0.001141, 0.001129, 0.001210, 0.000932, 0.001032, 0.001093, 0.001188, 0.001006, 0.001114, 0.001044, 0.001151, 0.001025, 0.001081, 0.001018, 0.001112, 0.001012, 0.001125, 0.001064, 0.001064, 0.001082, 0.000993, 0.001013, 0.000912, 0.001036, 0.001001, 0.001211, 0.001113, 0.001308, 0.001127, 0.001261, 0.001113, 0.001182
14 , 0, 0, 0, 0, 0, 0, 0
14 , 0.001094, 0.001252, 0.001371, 0.001297, 0.001181, 0.001142, 0.000864
15 , 0.001062, 0.001105, 0.001083, 0.001114, 0.001040, 0.001038, 0.001079, 0.000941, 0.001087, 0.001078, 0.001168, 0.001011, 0.001141, 0.001129, 0.001210, 0.000932, 0.001032, 0.001093, 0.001188, 0.001006, 0.001114, 0.001044, 0.001151, 0.001025, 0.001081, 0.001018, 0.001112, 0.001012, 0.001125, 0.001064, 0.001064, 0.001082, 0.000993, 0.001013, 0.000912, 0.001036, 0.001001, 0.001211, 0.001113, 0.001308, 0.001127, 0.001261, 0.001113, 0.001182, 0.001069, 0.001138, 0.000951, 0.001197, 0.001105, 0.001123, 0.000944, 0.000918, 0.000914, 0.001157, 0.001012, 0.001136, 0.001134, 0.000897, 0.001040, 0.001149, 0.001136, 0.001034, 0.001082, 0.001141, 0.001277, 0.001075, 0.001256, 0.001144, 0.001379, 0.001205, 0.001391, 0.001325, 0.001383, 0.001220, 0.001342, 0.001280, 0.001341, 0.001347, 0.001447, 0.001268, 0.001242, 0.001364, 0.001373, 0.001135, 0.001022, 0.001273, 0.001284, 0.001235, 0.001160, 0.001204, 0.001095, 0.001177
15 , 0, 0, 0, 0, 0, 0, 0
15 , 0.004556, 0.004174, 0.003892, 0.003138, 0.002603, 0.002179, 0.001830
16 , 0.000951, 0.001197, 0.001105, 0.001123, 0.000944, 0.000918, 0.000914, 0.001157, 0.001012, 0.001136, 0.001134, 0.000897, 0.001040, 0.001149, 0.001136, 0.001034, 0.001082, 0.001141, 0.001277, 0.001075, 0.001256, 0.001144, 0.001379, 0.001205, 0.001391, 0.001325, 0.001383, 0.001220, 0.001342, 0.001280, 0.001341, 0.001347, 0.001447, 0.001268, 0.001242, 0.001364, 0.001373, 0.001135, 0.001022, 0.001273, 0.001284, 0.001235, 0.001160, 0.001204, 0.001095, 0.001177, 0.000962, 0.001075, 0.000925, 0.001037, 0.000835, 0.001144, 0.000924, 0.000877, 0.000882, 0.000941, 0.000898, 0.000955, 0.000833, 0.000952, 0.000910, 0.000932, 0.000977, 0.000942, 0.001147, 0.001197, 0.001249, 0.001195, 0.001197, 0.000971, 0.001152, 0.001074, 0.001080, 0.001062, 0.001222, 0.001239, 0.001199, 0.001107, 0.001311, 0.001176, 0.001340, 0.001239, 0.001209, 0.001199, 0.001207, 0.001203, 0.001300, 0.001304, 0.001058, 0.001149, 0.001146, 0.001357
16 , 0, 0, 0, 0, 0, 0, 0
16 , 0.008749, 0.008727, 0.008841, 0.008669, 0.008111, 0.007932, 0.007459
