0 , 0.001304, 0.001356, 0.001585, 0.001408, 0.001447, 0.001416, 0.001576, 0.001567, 0.001679, 0.001347, 0.001584, 0.001632, 0.001619, 0.001632, 0.001598, 0.001778, 0.001502, 0.001605, 0.001532, 0.001571, 0.001532, 0.001596, 0.001606, 0.001341, 0.000898, 0.001336, 0.001301, 0.001322, 0.001276, 0.001282, 0.001122, 0.001312, 0.001194, 0.001259, 0.001223, 0.001349, 0.001259, 0.001202, 0.001181, 0.001210, 0.001244, 0.001163, 0.001226, 0.001169, 0.001145, 0.001218, 0.001338, 0.001079, 0.001315, 0.000075, 0.001454, 0.001481, 0.001720, 0.001522, 0.001564, 0.001422, 0.001821, 0.001726, 0.001727, 0.001511, 0.001658, 0.001706, 0.001628, 0.001619, 0.001546, 0.001719, 0.001529, 0.001676, 0.001455, 0.001605, 0.001593, 0.001717, 0.001568, 0.001731, 0.000158, 0.001478, 0.001354, 0.001460, 0.001225, 0.001320, 0.001139, 0.001322, 0.001160, 0.001442, 0.001331, 0.001360, 0.001322, 0.001480, 0.001317, 0.001313, 0.001127, 0.001405
0 , 1, 1, 1, 1, 1, 1, 1
0 , 0.006587, 0.007925, 0.009423, 0.011113, 0.012887, 0.013365, 0.015512
1 , 0.001720, 0.001522, 0.001564, 0.001422, 0.001821, 0.001726, 0.001727, 0.001511, 0.001658, 0.001706, 0.001628, 0.001619, 0.001546, 0.001719, 0.001529, 0.001676, 0.001455, 0.001605, 0.001593, 0.001717, 0.001568, 0.001731, 0.000158, 0.001478, 0.001354, 0.001460, 0.001225, 0.001320, 0.001139, 0.001322, 0.001160, 0.001442, 0.001331, 0.001360, 0.001322, 0.001480, 0.001317, 0.001313, 0.001127, 0.001405, 0.001410, 0.001353, 0.001376, 0.001293, 0.001227, 0.000784, 0.001343, 0.001443, 0.001460, 0.001456, 0.001538, 0.001459, 0.001649, 0.001656, 0.001659, 0.001655, 0.001688, 0.001895, 0.001713, 0.001788, 0.001760, 0.001959, 0.001846, 0.001874, 0.001774, 0.001908, 0.001988, 0.001851, 0.001769, 0.001563, 0.001675, 0.002000, 0.000290, 0.001561, 0.001419, 0.001439, 0.001344, 0.001187, 0.001220, 0.001246, 0.001305, 0.001291, 0.001322, 0.001381, 0.001320, 0.001221, 0.001375, 0.001190, 0.001324, 0.001200, 0.001393, 0.001214
1 , 1, 1, 1, 1, 1, 1, 1
1 , 0.011526, 0.014768, 0.016615, 0.018047, 0.016488, 0.014350, 0.014373
2 , 0.001456, 0.001538, 0.001459, 0.001649, 0.001656, 0.001659, 0.001655, 0.001688, 0.001895, 0.001713, 0.001788, 0.001760, 0.001959, 0.001846, 0.001874, 0.001774, 0.001908, 0.001988, 0.001851, 0.001769, 0.001563, 0.001675, 0.002000, 0.000290, 0.001561, 0.001419, 0.001439, 0.001344, 0.001187, 0.001220, 0.001246, 0.001305, 0.001291, 0.001322, 0.001381, 0.001320, 0.001221, 0.001375, 0.001190, 0.001324, 0.001200, 0.001393, 0.001214, 0.001269, 0.001233, 0.001332, 0.001259, 0.001403, 0.001163, 0.000466, 0.001416, 0.001481, 0.001196, 0.001490, 0.001499, 0.001585, 0.001581, 0.001598, 0.001594, 0.001710, 0.001624, 0.001546, 0.001818, 0.001628, 0.001572, 0.001481, 0.001619, 0.001631, 0.001502, 0.001471, 0.001450, 0.001421, 0.001618, 0.001243, 0.001302, 0.001430, 0.001378, 0.001286, 0.001374, 0.001406, 0.001397, 0.001297, 0.001394, 0.001491, 0.001455, 0.001431, 0.001401, 0.001489, 0.001480, 0.001450, 0.001328, 0.001491
2 , 1, 1, 1, 1, 1, 1, 1
2 , 0.009049, 0.010334, 0.010967, 0.011749, 0.012968, 0.011535, 0.013439
3 , 0.001196, 0.001490, 0.001499, 0.001585, 0.001581, 0.001598, 0.001594, 0.001710, 0.001624, 0.001546, 0.001818, 0.001628, 0.001572, 0.001481, 0.001619, 0.001631, 0.001502, 0.001471, 0.001450, 0.001421, 0.001618, 0.001243, 0.001302, 0.001430, 0.001378, 0.001286, 0.001374, 0.001406, 0.001397, 0.001297, 0.001394, 0.001491, 0.001455, 0.001431, 0.001401, 0.001489, 0.001480, 0.001450, 0.001328, 0.001491, 0.001362, 0.001385, 0.001313, 0.001242, 0.001377, 0.000253, 0.001171, 0.001352, 0.001110, 0.001307, 0.001394, 0.001477, 0.001425, 0.001520, 0.001628, 0.001632, 0.001683, 0.001686, 0.001868, 0.001736, 0.001895, 0.001807, 0.001851, 0.001962, 0.001932, 0.001874, 0.001626, 0.001993, 0.001839, 0.001866, 0.000363, 0.001189, 0.001262, 0.001205, 0.001168, 0.001096, 0.001170, 0.000969, 0.001081, 0.000971, 0.000877, 0.000894, 0.000975, 0.000947, 0.000842, 0.000835, 0.001066, 0.001086, 0.001006, 0.000997, 0.000999, 0.001234
3 , 1, 1, 1, 1, 1, 1, 1
3 , 0.012944, 0.015248, 0.019294, 0.017450, 0.017391, 0.017857, 0.017704
4 , 0.001110, 0.001307, 0.001394, 0.001477, 0.001425, 0.001520, 0.001628, 0.001632, 0.001683, 0.001686, 0.001868, 0.001736, 0.001895, 0.001807, 0.001851, 0.001962, 0.001932, 0.001874, 0.001626, 0.001993, 0.001839, 0.001866, 0.000363, 0.001189, 0.001262, 0.001205, 0.001168, 0.001096, 0.001170, 0.000969, 0.001081, 0.000971, 0.000877, 0.000894, 0.000975, 0.000947, 0.000842, 0.000835, 0.001066, 0.001086, 0.001006, 0.000997, 0.000999, 0.001234, 0.001140, 0.001209, 0.001206, 0.000869, 0.000902, 0.001342, 0.001040, 0.001397, 0.001322, 0.001383, 0.001296, 0.001458, 0.001508, 0.001458, 0.001451, 0.001425, 0.001479, 0.001320, 0.001528, 0.001342, 0.001517, 0.001384, 0.001403, 0.001445, 0.001399, 0.001600, 0.001373, 0.001715, 0.000273, 0.001292, 0.001457, 0.001488, 0.001328, 0.001204, 0.001246, 0.001100, 0.001269, 0.000993, 0.001155, 0.001075, 0.001192, 0.001166, 0.001248, 0.000970, 0.001218, 0.000994, 0.001053, 0.001111
4 , 1, 1, 1, 1, 1, 1, 1
4 , 0.012319, 0.015576, 0.017811, 0.019413, 0.019617, 0.018342, 0.018249
5 , 0.001040, 0.001397, 0.001322, 0.001383, 0.001296, 0.001458, 0.001508, 0.001458, 0.001451, 0.001425, 0.001479, 0.001320, 0.001528, 0.001342, 0.001517, 0.001384, 0.001403, 0.001445, 0.001399, 0.001600, 0.001373, 0.001715, 0.000273, 0.001292, 0.001457, 0.001488, 0.001328, 0.001204, 0.001246, 0.001100, 0.001269, 0.000993, 0.001155, 0.001075, 0.001192, 0.001166, 0.001248, 0.000970, 0.001218, 0.000994, 0.001053, 0.001111, 0.001105, 0.001088, 0.001121, 0.001175, 0.000273, 0.001533, 0.001273, 0.001377, 0.001293, 0.001296, 0.001105, 0.001185, 0.001289, 0.001195, 0.001331, 0.001225, 0.001411, 0.001223, 0.001257, 0.001094, 0.001169, 0.001184, 0.001090, 0.001185, 0.001162, 0.001336, 0.001154, 0.001412, 0.000913, 0.001107, 0.001873, 0.001728, 0.001671, 0.001601, 0.001583, 0.001341, 0.001444, 0.001250, 0.001504, 0.001317, 0.001416, 0.001296, 0.001372, 0.001249, 0.001437, 0.001190, 0.001414, 0.001166, 0.001256, 0.001284
5 , 2, 2, 2, 2, 2, 2, 2
5 , 0.008093, 0.009283, 0.009559, 0.011104, 0.009790, 0.008423, 0.007816
6 , 0.001377, 0.001293, 0.001296, 0.001105, 0.001185, 0.001289, 0.001195, 0.001331, 0.001225, 0.001411, 0.001223, 0.001257, 0.001094, 0.001169, 0.001184, 0.001090, 0.001185, 0.001162, 0.001336, 0.001154, 0.001412, 0.000913, 0.001107, 0.001873, 0.001728, 0.001671, 0.001601, 0.001583, 0.001341, 0.001444, 0.001250, 0.001504, 0.001317, 0.001416, 0.001296, 0.001372, 0.001249, 0.001437, 0.001190, 0.001414, 0.001166, 0.001256, 0.001284, 0.001394, 0.001193, 0.001257, 0.001455, 0.000384, 0.001300, 0.001135, 0.001520, 0.001533, 0.001563, 0.001231, 0.001437, 0.001583, 0.001535, 0.001487, 0.001262, 0.001506, 0.001498, 0.001506, 0.001286, 0.001429, 0.001542, 0.001576, 0.001508, 0.001465, 0.001592, 0.001361, 0.001429, 0.001649, 0.000144, 0.001446, 0.001413, 0.001513, 0.001301, 0.001423, 0.001265, 0.001271, 0.001284, 0.001363, 0.001301, 0.001328, 0.001370, 0.001587, 0.001372, 0.001592, 0.001378, 0.001534, 0.001407, 0.001444
6 , 3, 3, 3, 3, 3, 3, 3
6 , 0.004675, 0.004289, 0.004313, 0.005174, 0.006327, 0.002783, 0.001988
7 , 0.001520, 0.001533, 0.001563, 0.001231, 0.001437, 0.001583, 0.001535, 0.001487, 0.001262, 0.001506, 0.001498, 0.001506, 0.001286, 0.001429, 0.001542, 0.001576, 0.001508, 0.001465, 0.001592, 0.001361, 0.001429, 0.001649, 0.000144, 0.001446, 0.001413, 0.001513, 0.001301, 0.001423, 0.001265, 0.001271, 0.001284, 0.001363, 0.001301, 0.001328, 0.001370, 0.001587, 0.001372, 0.001592, 0.001378, 0.001534, 0.001407, 0.001444, 0.001307, 0.001380, 0.001526, 0.001281, 0.000689, 0.000981, 0.001217, 0.001157, 0.001247, 0.001137, 0.001235, 0.001368, 0.001201, 0.001324, 0.001243, 0.001485, 0.001337, 0.001250, 0.001324, 0.001403, 0.001385, 0.001387, 0.001478, 0.001427, 0.001524, 0.001490, 0.001435, 0.001416, 0.000673, 0.001270, 0.001586, 0.001511, 0.001427, 0.001335, 0.001364, 0.001288, 0.001385, 0.001391, 0.001265, 0.001358, 0.001324, 0.001267, 0.001244, 0.001309, 0.001272, 0.001360, 0.001210, 0.001444, 0.001374, 0.001408
7 , 2, 2, 2, 2, 2, 2, 2
7 , 0.001687, 0.002599, 0.002700, 0.004925, 0.002405, 0.002141, 0.001750
8 , 0.001157, 0.001247, 0.001137, 0.001235, 0.001368, 0.001201, 0.001324, 0.001243, 0.001485, 0.001337, 0.001250, 0.001324, 0.001403, 0.001385, 0.001387, 0.001478, 0.001427, 0.001524, 0.001490, 0.001435, 0.001416, 0.000673, 0.001270, 0.001586, 0.001511, 0.001427, 0.001335, 0.001364, 0.001288, 0.001385, 0.001391, 0.001265, 0.001358, 0.001324, 0.001267, 0.001244, 0.001309, 0.001272, 0.001360, 0.001210, 0.001444, 0.001374, 0.001408, 0.001252, 0.001550, 0.001367, 0.001548, 0.000335, 0.001138, 0.001070, 0.001207, 0.001179, 0.001179, 0.001179, 0.001516, 0.001268, 0.001379, 0.001290, 0.001536, 0.001387, 0.001491, 0.001431, 0.001392, 0.001616, 0.001509, 0.001596, 0.001407, 0.001700, 0.001645, 0.001510, 0.001551, 0.001482, 0.000725, 0.001592, 0.001370, 0.001366, 0.001258, 0.001403, 0.001145, 0.001332, 0.001244, 0.001336, 0.001288, 0.001343, 0.001280, 0.001368, 0.001324, 0.001453, 0.001389, 0.001335, 0.001295, 0.001244
8 , 0, 3, 1, 3, 3, 1, 1
8 , 0.001013, 0.000560, 0.000866, 0.002163, 0.002482, 0.002047, 0.003475
9 , 0.001179, 0.001179, 0.001516, 0.001268, 0.001379, 0.001290, 0.001536, 0.001387, 0.001491, 0.001431, 0.001392, 0.001616, 0.001509, 0.001596, 0.001407, 0.001700, 0.001645, 0.001510, 0.001551, 0.001482, 0.000725, 0.001592, 0.001370, 0.001366, 0.001258, 0.001403, 0.001145, 0.001332, 0.001244, 0.001336, 0.001288, 0.001343, 0.001280, 0.001368, 0.001324, 0.001453, 0.001389, 0.001335, 0.001295, 0.001244, 0.001261, 0.001227, 0.001502, 0.000485, 0.001196, 0.001137, 0.001410, 0.001302, 0.001487, 0.001372, 0.001704, 0.001605, 0.001510, 0.001489, 0.001627, 0.001670, 0.001402, 0.001532, 0.001390, 0.001597, 0.001459, 0.001567, 0.001399, 0.001507, 0.001576, 0.001588, 0.001515, 0.001419, 0.001429, 0.001818, 0.000302, 0.001748, 0.001450, 0.001511, 0.001328, 0.001297, 0.001387, 0.001324, 0.001375, 0.001307, 0.001421, 0.001200, 0.001389, 0.001240, 0.001427, 0.001274, 0.001404, 0.001248, 0.001389, 0.001257, 0.001231, 0.001168
9 , 1, 1, 1, 1, 1, 1, 1
9 , 0.006188, 0.007292, 0.007667, 0.006289, 0.007447, 0.007723, 0.007644
10 , 0.001605, 0.001510, 0.001489, 0.001627, 0.001670, 0.001402, 0.001532, 0.001390, 0.001597, 0.001459, 0.001567, 0.001399, 0.001507, 0.001576, 0.001588, 0.001515, 0.001419, 0.001429, 0.001818, 0.000302, 0.001748, 0.001450, 0.001511, 0.001328, 0.001297, 0.001387, 0.001324, 0.001375, 0.001307, 0.001421, 0.001200, 0.001389, 0.001240, 0.001427, 0.001274, 0.001404, 0.001248, 0.001389, 0.001257, 0.001231, 0.001168, 0.001295, 0.001202, 0.001358, 0.001234, 0.001340, 0.001159, 0.001311, 0.001252, 0.001228, 0.001256, 0.001220, 0.001224, 0.001252, 0.001336, 0.001261, 0.001198, 0.001282, 0.001423, 0.001224, 0.001430, 0.001446, 0.001539, 0.001438, 0.001560, 0.001400, 0.001458, 0.001416, 0.001601, 0.001379, 0.001543, 0.001447, 0.001596, 0.001448, 0.001550, 0.001400, 0.001522, 0.001436, 0.001526, 0.001556, 0.001527, 0.001465, 0.001497, 0.001500, 0.001292, 0.001484, 0.001430, 0.001476, 0.001353, 0.001389, 0.001269, 0.001328
10 , 2, 2, 2, 2, 2, 2, 2
10 , 0.008663, 0.005968, 0.006601, 0.006038, 0.005797, 0.005135, 0.004638
11 , 0.001159, 0.001311, 0.001252, 0.001228, 0.001256, 0.001220, 0.001224, 0.001252, 0.001336, 0.001261, 0.001198, 0.001282, 0.001423, 0.001224, 0.001430, 0.001446, 0.001539, 0.001438, 0.001560, 0.001400, 0.001458, 0.001416, 0.001601, 0.001379, 0.001543, 0.001447, 0.001596, 0.001448, 0.001550, 0.001400, 0.001522, 0.001436, 0.001526, 0.001556, 0.001527, 0.001465, 0.001497, 0.001500, 0.001292, 0.001484, 0.001430, 0.001476, 0.001353, 0.001389, 0.001269, 0.001328, 0.001236, 0.001385, 0.001294, 0.001330, 0.001295, 0.001484, 0.001326, 0.001427, 0.001122, 0.001316, 0.001158, 0.001291, 0.001238, 0.001309, 0.001151, 0.001277, 0.001244, 0.001248, 0.001326, 0.001314, 0.001320, 0.001139, 0.001389, 0.001320, 0.001368, 0.001364, 0.001451, 0.001288, 0.001442, 0.001288, 0.001437, 0.001338, 0.001401, 0.001340, 0.001491, 0.001315, 0.001566, 0.001322, 0.001417, 0.001351, 0.001486, 0.001328, 0.001444, 0.001421, 0.001387, 0.001331
11 , 0, 0, 0, 0, 0, 0, 0
11 , 0.006038, 0.005776, 0.005496, 0.005073, 0.004593, 0.004286, 0.003911
12 , 0.001236, 0.001385, 0.001294, 0.001330, 0.001295, 0.001484, 0.001326, 0.001427, 0.001122, 0.001316, 0.001158, 0.001291, 0.001238, 0.001309, 0.001151, 0.001277, 0.001244, 0.001248, 0.001326, 0.001314, 0.001320, 0.001139, 0.001389, 0.001320, 0.001368, 0.001364, 0.001451, 0.001288, 0.001442, 0.001288, 0.001437, 0.001338, 0.001401, 0.001340, 0.001491, 0.001315, 0.001566, 0.001322, 0.001417, 0.001351, 0.001486, 0.001328, 0.001444, 0.001421, 0.001387, 0.001331, 0.001520, 0.001457, 0.001375, 0.001290, 0.001194, 0.001354, 0.001194, 0.001301, 0.001240, 0.001425, 0.001208, 0.001311, 0.001189, 0.001315, 0.001129, 0.001291, 0.001159, 0.001283, 0.001121, 0.001368, 0.001307, 0.001334, 0.001295, 0.001326, 0.001204, 0.001366, 0.001267, 0.001297, 0.001404, 0.001371, 0.001514, 0.001469, 0.001442, 0.001356, 0.001570, 0.001469, 0.001450, 0.001415, 0.001514, 0.001290, 0.001512, 0.001256, 0.001400, 0.001364, 0.001495, 0.001229
12 , 0, 0, 0, 0, 0, 0, 0
12 , 0.004001, 0.004308, 0.004443, 0.005352, 0.005374, 0.005707, 0.005646
13 , 0.001354, 0.001194, 0.001301, 0.001240, 0.001425, 0.001208, 0.001311, 0.001189, 0.001315, 0.001129, 0.001291, 0.001159, 0.001283, 0.001121, 0.001368, 0.001307, 0.001334, 0.001295, 0.001326, 0.001204, 0.001366, 0.001267, 0.001297, 0.001404, 0.001371, 0.001514, 0.001469, 0.001442, 0.001356, 0.001570, 0.001469, 0.001450, 0.001415, 0.001514, 0.001290, 0.001512, 0.001256, 0.001400, 0.001364, 0.001495, 0.001229, 0.001381, 0.001371, 0.001396, 0.001484, 0.001396, 0.001387, 0.001480, 0.001408, 0.001435, 0.001426, 0.001450, 0.001491, 0.001430, 0.001528, 0.001444, 0.001423, 0.001330, 0.001434, 0.001310, 0.001590, 0.001373, 0.001436, 0.001278, 0.001571, 0.001475, 0.001505, 0.001408, 0.001511, 0.001292, 0.001417, 0.001476, 0.001509, 0.001471, 0.001440, 0.001347, 0.001437, 0.001559, 0.001380, 0.001480, 0.001381, 0.001507, 0.001475, 0.001509, 0.001328, 0.001486, 0.001392, 0.001486, 0.001324, 0.001417, 0.001412, 0.001507
13 , 3, 3, 3, 0, 3, 3, 3
13 , 0.002745, 0.003315, 0.003044, 0.003121, 0.003339, 0.003240, 0.003355
14 , 0.001491, 0.001430, 0.001528, 0.001444, 0.001423, 0.001330, 0.001434, 0.001310, 0.001590, 0.001373, 0.001436, 0.001278, 0.001571, 0.001475, 0.001505, 0.001408, 0.001511, 0.001292, 0.001417, 0.001476, 0.001509, 0.001471, 0.001440, 0.001347, 0.001437, 0.001559, 0.001380, 0.001480, 0.001381, 0.001507, 0.001475, 0.001509, 0.001328, 0.001486, 0.001392, 0.001486, 0.001324, 0.001417, 0.001412, 0.001507, 0.001406, 0.001503, 0.001385, 0.001489, 0.001373, 0.001432, 0.001288, 0.001438, 0.001396, 0.001375, 0.001417, 0.001344, 0.001374, 0.001228, 0.001317, 0.001222, 0.001421, 0.001283, 0.001348, 0.001117, 0.001307, 0.001242, 0.001448, 0.001411, 0.001588, 0.001453, 0.001442, 0.001336, 0.001487, 0.001389, 0.001563, 0.001615, 0.001504, 0.001439, 0.001463, 0.001563, 0.001412, 0.001485, 0.001397, 0.001526, 0.001442, 0.001425, 0.001310, 0.001442, 0.001234, 0.001439, 0.001163, 0.001273, 0.001129, 0.001181, 0.001157, 0.001240
14 , 0, 0, 0, 2, 1, 3, 3
14 , 0.001649, 0.001084, 0.000737, 0.000226, 0.000745, 0.001148, 0.001682
15 , 0.001374, 0.001228, 0.001317, 0.001222, 0.001421, 0.001283, 0.001348, 0.001117, 0.001307, 0.001242, 0.001448, 0.001411, 0.001588, 0.001453, 0.001442, 0.001336, 0.001487, 0.001389, 0.001563, 0.001615, 0.001504, 0.001439, 0.001463, 0.001563, 0.001412, 0.001485, 0.001397, 0.001526, 0.001442, 0.001425, 0.001310, 0.001442, 0.001234, 0.001439, 0.001163, 0.001273, 0.001129, 0.001181, 0.001157, 0.001240, 0.001065, 0.001144, 0.000999, 0.001062, 0.001062, 0.001093, 0.000959, 0.000987, 0.001097, 0.001062, 0.001128, 0.001114, 0.001199, 0.001185, 0.001238, 0.001075, 0.001316, 0.001206, 0.001263, 0.001248, 0.001244, 0.001227, 0.001356, 0.001189, 0.001394, 0.001259, 0.001349, 0.001276, 0.001458, 0.001511, 0.001593, 0.001466, 0.001643, 0.001545, 0.001657, 0.001657, 0.001564, 0.001634, 0.001489, 0.001583, 0.001524, 0.001492, 0.001397, 0.001536, 0.001387, 0.001516, 0.001363, 0.001507, 0.001448, 0.001543, 0.001274, 0.001446
15 , 2, 2, 2, 2, 2, 2, 2
15 , 0.008524, 0.009006, 0.008849, 0.008643, 0.008552, 0.008450, 0.008276
16 , 0.000987, 0.001097, 0.001062, 0.001128, 0.001114, 0.001199, 0.001185, 0.001238, 0.001075, 0.001316, 0.001206, 0.001263, 0.001248, 0.001244, 0.001227, 0.001356, 0.001189, 0.001394, 0.001259, 0.001349, 0.001276, 0.001458, 0.001511, 0.001593, 0.001466, 0.001643, 0.001545, 0.001657, 0.001657, 0.001564, 0.001634, 0.001489, 0.001583, 0.001524, 0.001492, 0.001397, 0.001536, 0.001387, 0.001516, 0.001363, 0.001507, 0.001448, 0.001543, 0.001274, 0.001446, 0.001290, 0.001286, 0.001408, 0.001402, 0.001364, 0.001499, 0.001461, 0.001368, 0.001438, 0.001350, 0.001356, 0.001295, 0.001419, 0.001328, 0.001454, 0.001460, 0.001464, 0.001252, 0.001386, 0.001200, 0.001364, 0.001094, 0.001251, 0.001249, 0.001395, 0.001066, 0.001316, 0.001125, 0.001160, 0.001214, 0.001336, 0.001326, 0.001244, 0.001336, 0.001427, 0.001387, 0.001352, 0.001442, 0.001208, 0.001342, 0.001212, 0.001332, 0.001259, 0.001358, 0.001278, 0.001451, 0.001383
16 , 3, 3, 3, 3, 3, 0, 0
16 , 0.008997, 0.008581, 0.008460, 0.007252, 0.006284, 0.005168, 0.005324
