0 , 0.001258, 0.001535, 0.001479, 0.001548, 0.001475, 0.001603, 0.001593, 0.001524, 0.001581, 0.001472, 0.001675, 0.001508, 0.001649, 0.001509, 0.001728, 0.001685, 0.001689, 0.001625, 0.001611, 0.001817, 0.001601, 0.001554, 0.001605, 0.001695, 0.002044, 0.000187, 0.001583, 0.001162, 0.001134, 0.001197, 0.001142, 0.001081, 0.001114, 0.001176, 0.001026, 0.001136, 0.001045, 0.001227, 0.001145, 0.001269, 0.001109, 0.001233, 0.001153, 0.001332, 0.001208, 0.001325, 0.001067, 0.001406, 0.001245, 0.001389, 0.001180, 0.000368, 0.001190, 0.001283, 0.001278, 0.001358, 0.001471, 0.001540, 0.001566, 0.001399, 0.001566, 0.001474, 0.001603, 0.001395, 0.001548, 0.001562, 0.001552, 0.001438, 0.001408, 0.001518, 0.001590, 0.001590, 0.001421, 0.001581, 0.001833, 0.001173, 0.001363, 0.001265, 0.001370, 0.001174, 0.001151, 0.001100, 0.001231, 0.001024, 0.001114, 0.001172, 0.001181, 0.001030, 0.001063, 0.001199, 0.001298, 0.001365
0 , 1, 1, 1, 1, 1, 1, 1
0 , 0.006198, 0.007812, 0.009346, 0.010953, 0.012097, 0.013227, 0.015126
1 , 0.001190, 0.001283, 0.001278, 0.001358, 0.001471, 0.001540, 0.001566, 0.001399, 0.001566, 0.001474, 0.001603, 0.001395, 0.001548, 0.001562, 0.001552, 0.001438, 0.001408, 0.001518, 0.001590, 0.001590, 0.001421, 0.001581, 0.001833, 0.001173, 0.001363, 0.001265, 0.001370, 0.001174, 0.001151, 0.001100, 0.001231, 0.001024, 0.001114, 0.001172, 0.001181, 0.001030, 0.001063, 0.001199, 0.001298, 0.001365, 0.001176, 0.001077, 0.001094, 0.001153, 0.001162, 0.001214, 0.001359, 0.000055, 0.001278, 0.001389, 0.001366, 0.001417, 0.001641, 0.001550, 0.001627, 0.001510, 0.001573, 0.001504, 0.001512, 0.001575, 0.001492, 0.001686, 0.001613, 0.001591, 0.001504, 0.001728, 0.001492, 0.001651, 0.001599, 0.001678, 0.001653, 0.001599, 0.000791, 0.001442, 0.001388, 0.001218, 0.001303, 0.001210, 0.001300, 0.001167, 0.001268, 0.001112, 0.001300, 0.001135, 0.001336, 0.001159, 0.001282, 0.001189, 0.001379, 0.001162, 0.001198, 0.001126
1 , 1, 1, 1, 1, 1, 1, 1
1 , 0.006462, 0.007963, 0.009356, 0.011611, 0.015872, 0.014614, 0.014837
2 , 0.001366, 0.001417, 0.001641, 0.001550, 0.001627, 0.001510, 0.001573, 0.001504, 0.001512, 0.001575, 0.001492, 0.001686, 0.001613, 0.001591, 0.001504, 0.001728, 0.001492, 0.001651, 0.001599, 0.001678, 0.001653, 0.001599, 0.000791, 0.001442, 0.001388, 0.001218, 0.001303, 0.001210, 0.001300, 0.001167, 0.001268, 0.001112, 0.001300, 0.001135, 0.001336, 0.001159, 0.001282, 0.001189, 0.001379, 0.001162, 0.001198, 0.001126, 0.001303, 0.001348, 0.001331, 0.001189, 0.001513, 0.000725, 0.000894, 0.001341, 0.001190, 0.001084, 0.001348, 0.001295, 0.001246, 0.001235, 0.001465, 0.001390, 0.001371, 0.001390, 0.001364, 0.001519, 0.001356, 0.001451, 0.001412, 0.001703, 0.001623, 0.001611, 0.001526, 0.001655, 0.001629, 0.001915, 0.000222, 0.001438, 0.001208, 0.001322, 0.001271, 0.001175, 0.001196, 0.001111, 0.001248, 0.001149, 0.001145, 0.001107, 0.001307, 0.001160, 0.001282, 0.001169, 0.001411, 0.001185, 0.001257, 0.001069
2 , 1, 1, 1, 1, 1, 1, 1
2 , 0.005704, 0.008210, 0.009914, 0.010885, 0.012171, 0.011029, 0.010972
3 , 0.001190, 0.001084, 0.001348, 0.001295, 0.001246, 0.001235, 0.001465, 0.001390, 0.001371, 0.001390, 0.001364, 0.001519, 0.001356, 0.001451, 0.001412, 0.001703, 0.001623, 0.001611, 0.001526, 0.001655, 0.001629, 0.001915, 0.000222, 0.001438, 0.001208, 0.001322, 0.001271, 0.001175, 0.001196, 0.001111, 0.001248, 0.001149, 0.001145, 0.001107, 0.001307, 0.001160, 0.001282, 0.001169, 0.001411, 0.001185, 0.001257, 0.001069, 0.001311, 0.001265, 0.001385, 0.001047, 0.000509, 0.001256, 0.001275, 0.001171, 0.001381, 0.001403, 0.001504, 0.001488, 0.001458, 0.001486, 0.001444, 0.001504, 0.001375, 0.001671, 0.001518, 0.001518, 0.001591, 0.001659, 0.001641, 0.001637, 0.001546, 0.001516, 0.001681, 0.001598, 0.001086, 0.001283, 0.001422, 0.001470, 0.001382, 0.001316, 0.001265, 0.001295, 0.001355, 0.001248, 0.001191, 0.001198, 0.001149, 0.001155, 0.001266, 0.001185, 0.001141, 0.001037, 0.001221, 0.001183, 0.001210, 0.001167
3 , 1, 1, 1, 1, 1, 1, 1
3 , 0.005369, 0.007364, 0.009619, 0.012096, 0.010121, 0.010913, 0.011267
4 , 0.001171, 0.001381, 0.001403, 0.001504, 0.001488, 0.001458, 0.001486, 0.001444, 0.001504, 0.001375, 0.001671, 0.001518, 0.001518, 0.001591, 0.001659, 0.001641, 0.001637, 0.001546, 0.001516, 0.001681, 0.001598, 0.001086, 0.001283, 0.001422, 0.001470, 0.001382, 0.001316, 0.001265, 0.001295, 0.001355, 0.001248, 0.001191, 0.001198, 0.001149, 0.001155, 0.001266, 0.001185, 0.001141, 0.001037, 0.001221, 0.001183, 0.001210, 0.001167, 0.001282, 0.001295, 0.001311, 0.001358, 0.000134, 0.001127, 0.001284, 0.001232, 0.001363, 0.001409, 0.001492, 0.001405, 0.001435, 0.001636, 0.001409, 0.001552, 0.001397, 0.001628, 0.001545, 0.001638, 0.001550, 0.001452, 0.001659, 0.001671, 0.001715, 0.001661, 0.001978, 0.001632, 0.001812, 0.000393, 0.001209, 0.001278, 0.001353, 0.001258, 0.001225, 0.001168, 0.001157, 0.001219, 0.001010, 0.001136, 0.001031, 0.001189, 0.001164, 0.001248, 0.001155, 0.001275, 0.001287, 0.001306, 0.001334
4 , 1, 1, 1, 1, 1, 1, 1
4 , 0.006911, 0.009210, 0.011177, 0.011289, 0.014692, 0.013448, 0.013475
5 , 0.001232, 0.001363, 0.001409, 0.001492, 0.001405, 0.001435, 0.001636, 0.001409, 0.001552, 0.001397, 0.001628, 0.001545, 0.001638, 0.001550, 0.001452, 0.001659, 0.001671, 0.001715, 0.001661, 0.001978, 0.001632, 0.001812, 0.000393, 0.001209, 0.001278, 0.001353, 0.001258, 0.001225, 0.001168, 0.001157, 0.001219, 0.001010, 0.001136, 0.001031, 0.001189, 0.001164, 0.001248, 0.001155, 0.001275, 0.001287, 0.001306, 0.001334, 0.001348, 0.001241, 0.001359, 0.000568, 0.001078, 0.001344, 0.001142, 0.001265, 0.001473, 0.001375, 0.001367, 0.001295, 0.001542, 0.001311, 0.001413, 0.001345, 0.001481, 0.001451, 0.001349, 0.001386, 0.001254, 0.001587, 0.001515, 0.001526, 0.001409, 0.001530, 0.001443, 0.001712, 0.000081, 0.001411, 0.001364, 0.001480, 0.001541, 0.001326, 0.001449, 0.001225, 0.001407, 0.001221, 0.001471, 0.001463, 0.001533, 0.001349, 0.001448, 0.001291, 0.001536, 0.001327, 0.001512, 0.001330, 0.001549, 0.001399
5 , 2, 2, 1, 2, 2, 2, 2
5 , 0.004303, 0.006570, 0.009300, 0.010409, 0.008613, 0.008198, 0.007775
6 , 0.001265, 0.001473, 0.001375, 0.001367, 0.001295, 0.001542, 0.001311, 0.001413, 0.001345, 0.001481, 0.001451, 0.001349, 0.001386, 0.001254, 0.001587, 0.001515, 0.001526, 0.001409, 0.001530, 0.001443, 0.001712, 0.000081, 0.001411, 0.001364, 0.001480, 0.001541, 0.001326, 0.001449, 0.001225, 0.001407, 0.001221, 0.001471, 0.001463, 0.001533, 0.001349, 0.001448, 0.001291, 0.001536, 0.001327, 0.001512, 0.001330, 0.001549, 0.001399, 0.001472, 0.001258, 0.001389, 0.001165, 0.000448, 0.001387, 0.001171, 0.001415, 0.001588, 0.001599, 0.001633, 0.001488, 0.001724, 0.001476, 0.001643, 0.001488, 0.001724, 0.001522, 0.001470, 0.001587, 0.001583, 0.001764, 0.001559, 0.001563, 0.001403, 0.001677, 0.001575, 0.001750, 0.001106, 0.001005, 0.001442, 0.001504, 0.001389, 0.001264, 0.001422, 0.001260, 0.001318, 0.001223, 0.001320, 0.001162, 0.001255, 0.001191, 0.001375, 0.001250, 0.001395, 0.001292, 0.001509, 0.001338, 0.001370
6 , 1, 1, 1, 3, 1, 1, 1
6 , 0.002972, 0.004109, 0.005223, 0.005295, 0.005526, 0.004518, 0.005222
7 , 0.001415, 0.001588, 0.001599, 0.001633, 0.001488, 0.001724, 0.001476, 0.001643, 0.001488, 0.001724, 0.001522, 0.001470, 0.001587, 0.001583, 0.001764, 0.001559, 0.001563, 0.001403, 0.001677, 0.001575, 0.001750, 0.001106, 0.001005, 0.001442, 0.001504, 0.001389, 0.001264, 0.001422, 0.001260, 0.001318, 0.001223, 0.001320, 0.001162, 0.001255, 0.001191, 0.001375, 0.001250, 0.001395, 0.001292, 0.001509, 0.001338, 0.001370, 0.001388, 0.001499, 0.001422, 0.000376, 0.001194, 0.001254, 0.001208, 0.001405, 0.001314, 0.001363, 0.001309, 0.001624, 0.001469, 0.001549, 0.001385, 0.001513, 0.001540, 0.001490, 0.001487, 0.001457, 0.001749, 0.001536, 0.001627, 0.001421, 0.001542, 0.001710, 0.001553, 0.001586, 0.001409, 0.001861, 0.000221, 0.001587, 0.001474, 0.001327, 0.001289, 0.001416, 0.001117, 0.001334, 0.001214, 0.001248, 0.001060, 0.001183, 0.001210, 0.001235, 0.001228, 0.001255, 0.001218, 0.001311, 0.001287, 0.001191
7 , 1, 1, 1, 1, 1, 1, 1
7 , 0.006230, 0.007881, 0.011126, 0.011407, 0.012048, 0.010229, 0.010653
8 , 0.001314, 0.001363, 0.001309, 0.001624, 0.001469, 0.001549, 0.001385, 0.001513, 0.001540, 0.001490, 0.001487, 0.001457, 0.001749, 0.001536, 0.001627, 0.001421, 0.001542, 0.001710, 0.001553, 0.001586, 0.001409, 0.001861, 0.000221, 0.001587, 0.001474, 0.001327, 0.001289, 0.001416, 0.001117, 0.001334, 0.001214, 0.001248, 0.001060, 0.001183, 0.001210, 0.001235, 0.001228, 0.001255, 0.001218, 0.001311, 0.001287, 0.001191, 0.001167, 0.001140, 0.001348, 0.001196, 0.001289, 0.001233, 0.001382, 0.001316, 0.001382, 0.001126, 0.001314, 0.001218, 0.001468, 0.001370, 0.001320, 0.001252, 0.001346, 0.001158, 0.001377, 0.001282, 0.001255, 0.001243, 0.001456, 0.001361, 0.001426, 0.001367, 0.001273, 0.001202, 0.001290, 0.001348, 0.001229, 0.001438, 0.001223, 0.001407, 0.001342, 0.001348, 0.001260, 0.001392, 0.001152, 0.001365, 0.001212, 0.001367, 0.001233, 0.001365, 0.001326, 0.001404, 0.001216, 0.001340, 0.001243, 0.001400
8 , 1, 2, 2, 2, 1, 2, 1
8 , 0.005031, 0.005556, 0.006005, 0.007140, 0.004907, 0.005472, 0.005701
9 , 0.001316, 0.001382, 0.001126, 0.001314, 0.001218, 0.001468, 0.001370, 0.001320, 0.001252, 0.001346, 0.001158, 0.001377, 0.001282, 0.001255, 0.001243, 0.001456, 0.001361, 0.001426, 0.001367, 0.001273, 0.001202, 0.001290, 0.001348, 0.001229, 0.001438, 0.001223, 0.001407, 0.001342, 0.001348, 0.001260, 0.001392, 0.001152, 0.001365, 0.001212, 0.001367, 0.001233, 0.001365, 0.001326, 0.001404, 0.001216, 0.001340, 0.001243, 0.001400, 0.001207, 0.001341, 0.001252, 0.001318, 0.001311, 0.001323, 0.001311, 0.001363, 0.001370, 0.001336, 0.001334, 0.001268, 0.001328, 0.001294, 0.001385, 0.001297, 0.001361, 0.001262, 0.001286, 0.001128, 0.001348, 0.001286, 0.001526, 0.001332, 0.001406, 0.001249, 0.001462, 0.001398, 0.001462, 0.001334, 0.001520, 0.001313, 0.001287, 0.001263, 0.001263, 0.001384, 0.001219, 0.001230, 0.001176, 0.001169, 0.001112, 0.001271, 0.001191, 0.001255, 0.001123, 0.001259, 0.001210, 0.001214, 0.001147
9 , 1, 1, 1, 3, 1, 3, 1
9 , 0.001187, 0.001049, 0.001427, 0.001685, 0.002053, 0.002440, 0.002991
10 , 0.001336, 0.001334, 0.001268, 0.001328, 0.001294, 0.001385, 0.001297, 0.001361, 0.001262, 0.001286, 0.001128, 0.001348, 0.001286, 0.001526, 0.001332, 0.001406, 0.001249, 0.001462, 0.001398, 0.001462, 0.001334, 0.001520, 0.001313, 0.001287, 0.001263, 0.001263, 0.001384, 0.001219, 0.001230, 0.001176, 0.001169, 0.001112, 0.001271, 0.001191, 0.001255, 0.001123, 0.001259, 0.001210, 0.001214, 0.001147, 0.001269, 0.001111, 0.001216, 0.001183, 0.001457, 0.001059, 0.001248, 0.001153, 0.001276, 0.001147, 0.001208, 0.001200, 0.001233, 0.001440, 0.001370, 0.001250, 0.001328, 0.001354, 0.001352, 0.001262, 0.001287, 0.001445, 0.001296, 0.001332, 0.001205, 0.001307, 0.001182, 0.001252, 0.001149, 0.001361, 0.001079, 0.001237, 0.001257, 0.001291, 0.001434, 0.001440, 0.001304, 0.001419, 0.001435, 0.001468, 0.001351, 0.001446, 0.001468, 0.001403, 0.001380, 0.001404, 0.001433, 0.001271, 0.001427, 0.001451, 0.001480, 0.001350
10 , 2, 2, 2, 2, 2, 2, 2
10 , 0.003840, 0.004605, 0.004668, 0.005529, 0.005970, 0.006197, 0.006492
11 , 0.001233, 0.001440, 0.001370, 0.001250, 0.001328, 0.001354, 0.001352, 0.001262, 0.001287, 0.001445, 0.001296, 0.001332, 0.001205, 0.001307, 0.001182, 0.001252, 0.001149, 0.001361, 0.001079, 0.001237, 0.001257, 0.001291, 0.001434, 0.001440, 0.001304, 0.001419, 0.001435, 0.001468, 0.001351, 0.001446, 0.001468, 0.001403, 0.001380, 0.001404, 0.001433, 0.001271, 0.001427, 0.001451, 0.001480, 0.001350, 0.001626, 0.001501, 0.001618, 0.001434, 0.001565, 0.001408, 0.001571, 0.001448, 0.001513, 0.001423, 0.001470, 0.001401, 0.001441, 0.001345, 0.001436, 0.001419, 0.001522, 0.001407, 0.001253, 0.001438, 0.001380, 0.001298, 0.001271, 0.001330, 0.001255, 0.001354, 0.001320, 0.001420, 0.001294, 0.001303, 0.001182, 0.001330, 0.001176, 0.001347, 0.001141, 0.001275, 0.001214, 0.001315, 0.001140, 0.001185, 0.001146, 0.001211, 0.001043, 0.001193, 0.001256, 0.001288, 0.001201, 0.001195, 0.001250, 0.001214, 0.001246, 0.001116
11 , 3, 3, 3, 3, 3, 3, 3
11 , 0.007343, 0.007391, 0.007446, 0.007311, 0.007071, 0.006879, 0.007123
12 , 0.001513, 0.001423, 0.001470, 0.001401, 0.001441, 0.001345, 0.001436, 0.001419, 0.001522, 0.001407, 0.001253, 0.001438, 0.001380, 0.001298, 0.001271, 0.001330, 0.001255, 0.001354, 0.001320, 0.001420, 0.001294, 0.001303, 0.001182, 0.001330, 0.001176, 0.001347, 0.001141, 0.001275, 0.001214, 0.001315, 0.001140, 0.001185, 0.001146, 0.001211, 0.001043, 0.001193, 0.001256, 0.001288, 0.001201, 0.001195, 0.001250, 0.001214, 0.001246, 0.001116, 0.001265, 0.001105, 0.001212, 0.001210, 0.001358, 0.001254, 0.001351, 0.001180, 0.001389, 0.001237, 0.001440, 0.001280, 0.001494, 0.001461, 0.001461, 0.001275, 0.001372, 0.001334, 0.001338, 0.001417, 0.001380, 0.001523, 0.001448, 0.001516, 0.001456, 0.001542, 0.001385, 0.001445, 0.001436, 0.001592, 0.001486, 0.001639, 0.001427, 0.001544, 0.001540, 0.001604, 0.001605, 0.001618, 0.001553, 0.001532, 0.001297, 0.001367, 0.001377, 0.001448, 0.001341, 0.001260, 0.001357, 0.001159
12 , 2, 2, 2, 2, 2, 2, 2
12 , 0.007063, 0.006844, 0.006134, 0.005682, 0.004812, 0.004405, 0.003365
13 , 0.001212, 0.001210, 0.001358, 0.001254, 0.001351, 0.001180, 0.001389, 0.001237, 0.001440, 0.001280, 0.001494, 0.001461, 0.001461, 0.001275, 0.001372, 0.001334, 0.001338, 0.001417, 0.001380, 0.001523, 0.001448, 0.001516, 0.001456, 0.001542, 0.001385, 0.001445, 0.001436, 0.001592, 0.001486, 0.001639, 0.001427, 0.001544, 0.001540, 0.001604, 0.001605, 0.001618, 0.001553, 0.001532, 0.001297, 0.001367, 0.001377, 0.001448, 0.001341, 0.001260, 0.001357, 0.001159, 0.001170, 0.001227, 0.001263, 0.001172, 0.001275, 0.001179, 0.001206, 0.001206, 0.001358, 0.001103, 0.001328, 0.001282, 0.001349, 0.001164, 0.001305, 0.001361, 0.001359, 0.001219, 0.001389, 0.001351, 0.001319, 0.001459, 0.001573, 0.001516, 0.001367, 0.001391, 0.001481, 0.001488, 0.001433, 0.001382, 0.001407, 0.001449, 0.001392, 0.001460, 0.001277, 0.001438, 0.001246, 0.001341, 0.001148, 0.001366, 0.001264, 0.001338, 0.001237, 0.001418, 0.001314, 0.001434
13 , 0, 0, 0, 0, 0, 0, 0
13 , 0.006488, 0.005546, 0.004514, 0.003625, 0.002877, 0.002005, 0.001276
14 , 0.001170, 0.001227, 0.001263, 0.001172, 0.001275, 0.001179, 0.001206, 0.001206, 0.001358, 0.001103, 0.001328, 0.001282, 0.001349, 0.001164, 0.001305, 0.001361, 0.001359, 0.001219, 0.001389, 0.001351, 0.001319, 0.001459, 0.001573, 0.001516, 0.001367, 0.001391, 0.001481, 0.001488, 0.001433, 0.001382, 0.001407, 0.001449, 0.001392, 0.001460, 0.001277, 0.001438, 0.001246, 0.001341, 0.001148, 0.001366, 0.001264, 0.001338, 0.001237, 0.001418, 0.001314, 0.001434, 0.001280, 0.001440, 0.001314, 0.001279, 0.001318, 0.001255, 0.001431, 0.001394, 0.001421, 0.001331, 0.001421, 0.001361, 0.001394, 0.001331, 0.001389, 0.001292, 0.001472, 0.001309, 0.001499, 0.001363, 0.001545, 0.001324, 0.001477, 0.001484, 0.001571, 0.001384, 0.001513, 0.001527, 0.001498, 0.001495, 0.001523, 0.001592, 0.001628, 0.001652, 0.001661, 0.001603, 0.001483, 0.001614, 0.001435, 0.001472, 0.001431, 0.001565, 0.001302, 0.001426, 0.001279, 0.001407
14 , 0, 0, 0, 0, 0, 0, 0
14 , 0.005852, 0.005511, 0.005408, 0.004475, 0.003956, 0.003195, 0.002496
15 , 0.001280, 0.001440, 0.001314, 0.001279, 0.001318, 0.001255, 0.001431, 0.001394, 0.001421, 0.001331, 0.001421, 0.001361, 0.001394, 0.001331, 0.001389, 0.001292, 0.001472, 0.001309, 0.001499, 0.001363, 0.001545, 0.001324, 0.001477, 0.001484, 0.001571, 0.001384, 0.001513, 0.001527, 0.001498, 0.001495, 0.001523, 0.001592, 0.001628, 0.001652, 0.001661, 0.001603, 0.001483, 0.001614, 0.001435, 0.001472, 0.001431, 0.001565, 0.001302, 0.001426, 0.001279, 0.001407, 0.001345, 0.001443, 0.001269, 0.001347, 0.001227, 0.001259, 0.001166, 0.001267, 0.001295, 0.001275, 0.001240, 0.001332, 0.001305, 0.001273, 0.001273, 0.001210, 0.001299, 0.001206, 0.001326, 0.001259, 0.001354, 0.001315, 0.001448, 0.001286, 0.001480, 0.001320, 0.001326, 0.001216, 0.001378, 0.001164, 0.001229, 0.001168, 0.001140, 0.001176, 0.001274, 0.001355, 0.001201, 0.001229, 0.001262, 0.001258, 0.001201, 0.001266, 0.001258, 0.001258, 0.001185, 0.001276
15 , 3, 3, 3, 3, 3, 3, 3
15 , 0.003684, 0.004015, 0.003625, 0.004094, 0.003877, 0.003597, 0.003108
16 , 0.001347, 0.001227, 0.001259, 0.001166, 0.001267, 0.001295, 0.001275, 0.001240, 0.001332, 0.001305, 0.001273, 0.001273, 0.001210, 0.001299, 0.001206, 0.001326, 0.001259, 0.001354, 0.001315, 0.001448, 0.001286, 0.001480, 0.001320, 0.001326, 0.001216, 0.001378, 0.001164, 0.001229, 0.001168, 0.001140, 0.001176, 0.001274, 0.001355, 0.001201, 0.001229, 0.001262, 0.001258, 0.001201, 0.001266, 0.001258, 0.001258, 0.001185, 0.001276, 0.001185, 0.001402, 0.001092, 0.001284, 0.001225, 0.001327, 0.001260, 0.001266, 0.001108, 0.001327, 0.001144, 0.001282, 0.001278, 0.001275, 0.001326, 0.001425, 0.001392, 0.001392, 0.001372, 0.001305, 0.001313, 0.001278, 0.001378, 0.001187, 0.001305, 0.001212, 0.001343, 0.001261, 0.001332, 0.001218, 0.001334, 0.001206, 0.001366, 0.001295, 0.001387, 0.001168, 0.001210, 0.001172, 0.001301, 0.001240, 0.001238, 0.001174, 0.001204, 0.001238, 0.001286, 0.001349, 0.001132, 0.001284, 0.001221
16 , 1, 1, 1, 1, 1, 1, 1
16 , 0.001154, 0.001192, 0.001539, 0.001962, 0.002181, 0.002264, 0.002213
