0 , 0.001442, 0.001477, 0.001442, 0.001476, 0.001285, 0.001394, 0.001244, 0.001399, 0.001252, 0.001273, 0.001291, 0.000282, 0.001560, 0.001286, 0.001620, 0.001433, 0.001614, 0.001622, 0.001731, 0.001753, 0.001616, 0.001828, 0.001608, 0.001848, 0.001728, 0.001784, 0.001629, 0.001625, 0.001728, 0.001677, 0.001750, 0.001629, 0.001810, 0.001610, 0.001842, 0.001381, 0.000646, 0.001346, 0.001314, 0.001352, 0.001068, 0.001135, 0.001040, 0.001338, 0.001112, 0.001365, 0.001266, 0.001266, 0.001108, 0.001205, 0.001125, 0.001310, 0.001121, 0.001308, 0.001083, 0.001205, 0.001174, 0.001293, 0.001335, 0.000545, 0.001323, 0.001409, 0.001514, 0.001598, 0.001453, 0.001602, 0.001375, 0.001695, 0.001596, 0.001661, 0.001471, 0.001600, 0.001683, 0.001588, 0.001441, 0.001584, 0.001751, 0.001649, 0.001675, 0.001586, 0.001903, 0.001770, 0.001672, 0.001789, 0.000043, 0.001331, 0.001409, 0.001291, 0.001255, 0.001287, 0.001250, 0.001284
0 , 0, 0, 0, 0, 0, 2, 2
0 , 0.008510, 0.006823, 0.005625, 0.004377, 0.003244, 0.002164, 0.002303
1 , 0.001266, 0.001266, 0.001108, 0.001205, 0.001125, 0.001310, 0.001121, 0.001308, 0.001083, 0.001205, 0.001174, 0.001293, 0.001335, 0.000545, 0.001323, 0.001409, 0.001514, 0.001598, 0.001453, 0.001602, 0.001375, 0.001695, 0.001596, 0.001661, 0.001471, 0.001600, 0.001683, 0.001588, 0.001441, 0.001584, 0.001751, 0.001649, 0.001675, 0.001586, 0.001903, 0.001770, 0.001672, 0.001789, 0.000043, 0.001331, 0.001409, 0.001291, 0.001255, 0.001287, 0.001250, 0.001284, 0.001309, 0.001181, 0.001302, 0.001268, 0.001361, 0.001295, 0.001237, 0.001397, 0.001216, 0.001216, 0.001124, 0.001255, 0.001214, 0.001373, 0.001183, 0.001293, 0.001176, 0.001086, 0.000874, 0.001452, 0.001519, 0.001649, 0.001467, 0.001526, 0.001546, 0.001838, 0.001592, 0.001707, 0.001558, 0.001636, 0.001627, 0.001665, 0.001639, 0.001558, 0.001828, 0.001554, 0.001804, 0.001606, 0.001683, 0.001721, 0.001515, 0.001751, 0.000843, 0.001133, 0.001525, 0.001432
1 , 0, 0, 0, 0, 0, 0, 0
1 , 0.013402, 0.012235, 0.011638, 0.010572, 0.008686, 0.007181, 0.005717
2 , 0.001309, 0.001181, 0.001302, 0.001268, 0.001361, 0.001295, 0.001237, 0.001397, 0.001216, 0.001216, 0.001124, 0.001255, 0.001214, 0.001373, 0.001183, 0.001293, 0.001176, 0.001086, 0.000874, 0.001452, 0.001519, 0.001649, 0.001467, 0.001526, 0.001546, 0.001838, 0.001592, 0.001707, 0.001558, 0.001636, 0.001627, 0.001665, 0.001639, 0.001558, 0.001828, 0.001554, 0.001804, 0.001606, 0.001683, 0.001721, 0.001515, 0.001751, 0.000843, 0.001133, 0.001525, 0.001432, 0.001354, 0.001131, 0.001250, 0.001311, 0.001400, 0.001208, 0.001327, 0.001289, 0.001411, 0.001284, 0.001440, 0.001313, 0.001359, 0.001246, 0.001271, 0.001282, 0.001200, 0.001246, 0.001179, 0.001273, 0.000093, 0.001332, 0.001284, 0.001562, 0.001465, 0.001518, 0.001457, 0.001501, 0.001540, 0.001646, 0.001578, 0.001574, 0.001602, 0.001453, 0.001626, 0.001455, 0.001766, 0.001564, 0.001679, 0.001619, 0.001509, 0.001574, 0.001608, 0.001520, 0.001450, 0.001673
2 , 0, 0, 0, 0, 0, 0, 0
2 , 0.014663, 0.015049, 0.014451, 0.013888, 0.013060, 0.011834, 0.011352
3 , 0.001131, 0.001250, 0.001311, 0.001400, 0.001208, 0.001327, 0.001289, 0.001411, 0.001284, 0.001440, 0.001313, 0.001359, 0.001246, 0.001271, 0.001282, 0.001200, 0.001246, 0.001179, 0.001273, 0.000093, 0.001332, 0.001284, 0.001562, 0.001465, 0.001518, 0.001457, 0.001501, 0.001540, 0.001646, 0.001578, 0.001574, 0.001602, 0.001453, 0.001626, 0.001455, 0.001766, 0.001564, 0.001679, 0.001619, 0.001509, 0.001574, 0.001608, 0.001520, 0.001450, 0.001673, 0.001571, 0.001059, 0.001689, 0.001289, 0.001386, 0.001379, 0.001178, 0.001332, 0.001207, 0.001370, 0.001185, 0.001200, 0.001137, 0.001295, 0.001130, 0.001354, 0.001146, 0.001308, 0.001125, 0.001285, 0.001226, 0.001253, 0.001011, 0.001310, 0.000993, 0.001350, 0.000241, 0.001233, 0.001559, 0.001564, 0.001460, 0.001464, 0.001628, 0.001624, 0.001723, 0.001581, 0.001753, 0.001664, 0.001780, 0.001633, 0.001749, 0.001735, 0.001617, 0.001510, 0.001492, 0.001871, 0.001697
3 , 0, 0, 0, 0, 0, 0, 0
3 , 0.008629, 0.012184, 0.013981, 0.013882, 0.016540, 0.016490, 0.016033
4 , 0.001379, 0.001178, 0.001332, 0.001207, 0.001370, 0.001185, 0.001200, 0.001137, 0.001295, 0.001130, 0.001354, 0.001146, 0.001308, 0.001125, 0.001285, 0.001226, 0.001253, 0.001011, 0.001310, 0.000993, 0.001350, 0.000241, 0.001233, 0.001559, 0.001564, 0.001460, 0.001464, 0.001628, 0.001624, 0.001723, 0.001581, 0.001753, 0.001664, 0.001780, 0.001633, 0.001749, 0.001735, 0.001617, 0.001510, 0.001492, 0.001871, 0.001697, 0.001754, 0.001520, 0.001614, 0.001920, 0.000155, 0.001696, 0.001266, 0.001337, 0.001209, 0.001217, 0.001089, 0.001123, 0.001179, 0.001152, 0.001222, 0.001108, 0.001145, 0.001114, 0.001185, 0.001118, 0.001141, 0.001097, 0.001245, 0.001171, 0.001278, 0.001232, 0.001399, 0.001028, 0.000659, 0.001312, 0.001374, 0.001342, 0.001294, 0.001501, 0.001512, 0.001639, 0.001533, 0.001892, 0.001664, 0.001707, 0.001704, 0.001855, 0.002092, 0.001867, 0.001932, 0.001797, 0.001970, 0.001982, 0.002076, 0.002025
4 , 0, 0, 0, 0, 0, 0, 0
4 , 0.014459, 0.016575, 0.019022, 0.020943, 0.022538, 0.022693, 0.022304
5 , 0.001217, 0.001089, 0.001123, 0.001179, 0.001152, 0.001222, 0.001108, 0.001145, 0.001114, 0.001185, 0.001118, 0.001141, 0.001097, 0.001245, 0.001171, 0.001278, 0.001232, 0.001399, 0.001028, 0.000659, 0.001312, 0.001374, 0.001342, 0.001294, 0.001501, 0.001512, 0.001639, 0.001533, 0.001892, 0.001664, 0.001707, 0.001704, 0.001855, 0.002092, 0.001867, 0.001932, 0.001797, 0.001970, 0.001982, 0.002076, 0.002025, 0.001914, 0.002311, 0.001419, 0.001034, 0.000992, 0.000884, 0.000846, 0.000821, 0.000761, 0.000986, 0.000867, 0.001046, 0.001015, 0.001167, 0.001223, 0.001336, 0.001191, 0.001458, 0.001290, 0.001474, 0.001529, 0.001460, 0.001478, 0.001509, 0.001394, 0.001469, 0.001423, 0.001639, 0.000019, 0.001177, 0.001255, 0.001296, 0.001095, 0.001368, 0.001349, 0.001391, 0.001277, 0.001383, 0.001606, 0.001591, 0.001434, 0.001290, 0.001620, 0.001537, 0.001666, 0.001619, 0.001580, 0.001637, 0.001558, 0.001633, 0.001469
5 , 0, 0, 0, 0, 0, 0, 0
5 , 0.016490, 0.016785, 0.019078, 0.018423, 0.017585, 0.016675, 0.015132
6 , 0.000821, 0.000761, 0.000986, 0.000867, 0.001046, 0.001015, 0.001167, 0.001223, 0.001336, 0.001191, 0.001458, 0.001290, 0.001474, 0.001529, 0.001460, 0.001478, 0.001509, 0.001394, 0.001469, 0.001423, 0.001639, 0.000019, 0.001177, 0.001255, 0.001296, 0.001095, 0.001368, 0.001349, 0.001391, 0.001277, 0.001383, 0.001606, 0.001591, 0.001434, 0.001290, 0.001620, 0.001537, 0.001666, 0.001619, 0.001580, 0.001637, 0.001558, 0.001633, 0.001469, 0.001447, 0.001539, 0.001004, 0.001719, 0.001403, 0.001347, 0.001462, 0.001423, 0.001450, 0.001412, 0.001442, 0.001280, 0.001501, 0.001315, 0.001447, 0.001327, 0.001484, 0.001296, 0.001330, 0.001142, 0.001393, 0.001295, 0.001530, 0.001244, 0.001548, 0.000581, 0.000931, 0.001269, 0.001303, 0.001122, 0.001239, 0.001402, 0.001330, 0.001432, 0.001292, 0.001625, 0.001459, 0.001520, 0.001304, 0.001425, 0.001550, 0.001368, 0.001410, 0.001307, 0.001644, 0.001526, 0.001628, 0.001488
6 , 3, 3, 0, 0, 0, 0, 0
6 , 0.005904, 0.005620, 0.004162, 0.006606, 0.007409, 0.007710, 0.006590
7 , 0.001423, 0.001450, 0.001412, 0.001442, 0.001280, 0.001501, 0.001315, 0.001447, 0.001327, 0.001484, 0.001296, 0.001330, 0.001142, 0.001393, 0.001295, 0.001530, 0.001244, 0.001548, 0.000581, 0.000931, 0.001269, 0.001303, 0.001122, 0.001239, 0.001402, 0.001330, 0.001432, 0.001292, 0.001625, 0.001459, 0.001520, 0.001304, 0.001425, 0.001550, 0.001368, 0.001410, 0.001307, 0.001644, 0.001526, 0.001628, 0.001488, 0.001435, 0.001849, 0.000036, 0.001725, 0.001338, 0.001306, 0.001211, 0.001253, 0.001198, 0.001110, 0.001139, 0.001238, 0.001112, 0.001192, 0.001186, 0.001179, 0.001152, 0.001116, 0.001173, 0.001108, 0.001211, 0.001144, 0.001243, 0.001085, 0.001266, 0.000992, 0.001108, 0.000923, 0.000690, 0.001461, 0.001372, 0.001469, 0.001433, 0.001681, 0.001534, 0.001592, 0.001429, 0.001630, 0.001634, 0.001442, 0.001496, 0.001367, 0.001637, 0.001352, 0.001402, 0.001265, 0.001383, 0.001391, 0.001342, 0.001326, 0.001273
7 , 0, 0, 0, 0, 0, 0, 0
7 , 0.005041, 0.007528, 0.008959, 0.008778, 0.009363, 0.008845, 0.008445
8 , 0.001110, 0.001139, 0.001238, 0.001112, 0.001192, 0.001186, 0.001179, 0.001152, 0.001116, 0.001173, 0.001108, 0.001211, 0.001144, 0.001243, 0.001085, 0.001266, 0.000992, 0.001108, 0.000923, 0.000690, 0.001461, 0.001372, 0.001469, 0.001433, 0.001681, 0.001534, 0.001592, 0.001429, 0.001630, 0.001634, 0.001442, 0.001496, 0.001367, 0.001637, 0.001352, 0.001402, 0.001265, 0.001383, 0.001391, 0.001342, 0.001326, 0.001273, 0.001728, 0.000942, 0.001463, 0.001689, 0.001608, 0.001457, 0.001664, 0.001390, 0.001457, 0.001391, 0.001522, 0.001405, 0.001509, 0.001327, 0.001453, 0.001145, 0.001374, 0.001343, 0.001435, 0.001352, 0.001366, 0.001271, 0.001388, 0.001106, 0.001469, 0.000100, 0.001293, 0.001421, 0.001532, 0.001451, 0.001330, 0.001590, 0.001529, 0.001575, 0.001462, 0.001622, 0.001527, 0.001448, 0.001428, 0.001508, 0.001412, 0.001344, 0.001544, 0.001261, 0.001404, 0.001434, 0.001310, 0.001290, 0.001413, 0.001630
8 , 0, 0, 0, 0, 0, 0, 0
8 , 0.007672, 0.009132, 0.009413, 0.009648, 0.008410, 0.009200, 0.008118
9 , 0.001390, 0.001457, 0.001391, 0.001522, 0.001405, 0.001509, 0.001327, 0.001453, 0.001145, 0.001374, 0.001343, 0.001435, 0.001352, 0.001366, 0.001271, 0.001388, 0.001106, 0.001469, 0.000100, 0.001293, 0.001421, 0.001532, 0.001451, 0.001330, 0.001590, 0.001529, 0.001575, 0.001462, 0.001622, 0.001527, 0.001448, 0.001428, 0.001508, 0.001412, 0.001344, 0.001544, 0.001261, 0.001404, 0.001434, 0.001310, 0.001290, 0.001413, 0.001630, 0.000577, 0.001850, 0.001442, 0.001328, 0.001325, 0.001299, 0.001304, 0.001345, 0.001289, 0.001302, 0.001250, 0.001175, 0.001194, 0.001171, 0.001094, 0.001193, 0.001009, 0.001007, 0.001047, 0.000903, 0.001145, 0.001023, 0.001051, 0.000983, 0.001124, 0.000318, 0.001322, 0.001669, 0.001789, 0.001768, 0.001686, 0.001652, 0.001838, 0.001699, 0.001720, 0.001497, 0.001767, 0.001481, 0.001470, 0.001330, 0.001334, 0.001276, 0.001081, 0.001194, 0.001017, 0.001273, 0.000957, 0.001002, 0.000860
9 , 0, 0, 0, 0, 0, 0, 0
9 , 0.007129, 0.010171, 0.010027, 0.008807, 0.007695, 0.005598, 0.005117
10 , 0.001325, 0.001299, 0.001304, 0.001345, 0.001289, 0.001302, 0.001250, 0.001175, 0.001194, 0.001171, 0.001094, 0.001193, 0.001009, 0.001007, 0.001047, 0.000903, 0.001145, 0.001023, 0.001051, 0.000983, 0.001124, 0.000318, 0.001322, 0.001669, 0.001789, 0.001768, 0.001686, 0.001652, 0.001838, 0.001699, 0.001720, 0.001497, 0.001767, 0.001481, 0.001470, 0.001330, 0.001334, 0.001276, 0.001081, 0.001194, 0.001017, 0.001273, 0.000957, 0.001002, 0.000860, 0.001328, 0.000044, 0.002071, 0.001847, 0.001947, 0.001592, 0.001618, 0.001393, 0.001446, 0.001408, 0.001440, 0.001336, 0.001361, 0.001213, 0.001297, 0.001110, 0.001240, 0.001044, 0.001175, 0.001131, 0.001299, 0.001135, 0.001169, 0.001180, 0.001169, 0.000796, 0.001414, 0.001544, 0.001423, 0.001532, 0.001509, 0.001394, 0.001621, 0.001402, 0.001391, 0.001357, 0.001550, 0.001353, 0.001489, 0.001440, 0.001459, 0.001451, 0.001406, 0.001315, 0.001352, 0.001556, 0.001386
10 , 0, 0, 0, 0, 0, 0, 0
10 , 0.005190, 0.005784, 0.006851, 0.007424, 0.008873, 0.008746, 0.008934
11 , 0.001393, 0.001446, 0.001408, 0.001440, 0.001336, 0.001361, 0.001213, 0.001297, 0.001110, 0.001240, 0.001044, 0.001175, 0.001131, 0.001299, 0.001135, 0.001169, 0.001180, 0.001169, 0.000796, 0.001414, 0.001544, 0.001423, 0.001532, 0.001509, 0.001394, 0.001621, 0.001402, 0.001391, 0.001357, 0.001550, 0.001353, 0.001489, 0.001440, 0.001459, 0.001451, 0.001406, 0.001315, 0.001352, 0.001556, 0.001386, 0.001454, 0.001304, 0.001412, 0.001511, 0.000966, 0.001602, 0.001503, 0.001536, 0.001429, 0.001336, 0.001158, 0.001327, 0.001266, 0.001321, 0.001173, 0.001323, 0.001223, 0.001295, 0.001354, 0.001350, 0.001169, 0.001239, 0.001181, 0.001361, 0.001269, 0.001309, 0.001251, 0.001309, 0.001434, 0.001196, 0.001253, 0.001271, 0.001328, 0.001234, 0.001318, 0.001193, 0.001350, 0.001308, 0.001496, 0.001242, 0.001354, 0.001378, 0.001476, 0.001229, 0.001505, 0.001413, 0.001437, 0.001275, 0.001367, 0.001394, 0.001522, 0.001335
11 , 0, 0, 0, 0, 0, 0, 0
11 , 0.004329, 0.003907, 0.004745, 0.005352, 0.005730, 0.005752, 0.006024
12 , 0.001266, 0.001321, 0.001173, 0.001323, 0.001223, 0.001295, 0.001354, 0.001350, 0.001169, 0.001239, 0.001181, 0.001361, 0.001269, 0.001309, 0.001251, 0.001309, 0.001434, 0.001196, 0.001253, 0.001271, 0.001328, 0.001234, 0.001318, 0.001193, 0.001350, 0.001308, 0.001496, 0.001242, 0.001354, 0.001378, 0.001476, 0.001229, 0.001505, 0.001413, 0.001437, 0.001275, 0.001367, 0.001394, 0.001522, 0.001335, 0.001519, 0.001393, 0.001445, 0.001445, 0.001509, 0.001477, 0.001446, 0.001359, 0.001335, 0.001394, 0.001423, 0.001367, 0.001341, 0.001492, 0.001457, 0.001518, 0.001399, 0.001352, 0.001285, 0.001425, 0.001303, 0.001526, 0.001286, 0.001257, 0.001207, 0.001255, 0.001219, 0.001409, 0.001276, 0.001370, 0.001180, 0.001284, 0.001221, 0.001322, 0.001158, 0.001341, 0.001371, 0.001346, 0.001198, 0.001202, 0.001171, 0.001137, 0.001289, 0.001162, 0.001216, 0.001264, 0.001386, 0.001311, 0.001476, 0.001375, 0.001497, 0.001301
12 , 3, 3, 3, 3, 3, 3, 3
12 , 0.004500, 0.004472, 0.004216, 0.004134, 0.003883, 0.003914, 0.003563
13 , 0.001446, 0.001359, 0.001335, 0.001394, 0.001423, 0.001367, 0.001341, 0.001492, 0.001457, 0.001518, 0.001399, 0.001352, 0.001285, 0.001425, 0.001303, 0.001526, 0.001286, 0.001257, 0.001207, 0.001255, 0.001219, 0.001409, 0.001276, 0.001370, 0.001180, 0.001284, 0.001221, 0.001322, 0.001158, 0.001341, 0.001371, 0.001346, 0.001198, 0.001202, 0.001171, 0.001137, 0.001289, 0.001162, 0.001216, 0.001264, 0.001386, 0.001311, 0.001476, 0.001375, 0.001497, 0.001301, 0.001448, 0.001347, 0.001466, 0.001425, 0.001516, 0.001398, 0.001675, 0.001378, 0.001446, 0.001483, 0.001461, 0.001397, 0.001375, 0.001455, 0.001465, 0.001222, 0.001323, 0.001295, 0.001301, 0.001308, 0.001289, 0.001303, 0.001212, 0.001251, 0.001209, 0.001314, 0.001171, 0.001281, 0.001141, 0.001245, 0.000977, 0.001044, 0.000916, 0.001221, 0.001029, 0.001247, 0.001094, 0.001216, 0.001165, 0.001213, 0.001286, 0.001284, 0.001305, 0.001427, 0.001347, 0.001440
13 , 1, 1, 1, 1, 1, 1, 1
13 , 0.007419, 0.006488, 0.005971, 0.005396, 0.005028, 0.004559, 0.004032
14 , 0.001448, 0.001347, 0.001466, 0.001425, 0.001516, 0.001398, 0.001675, 0.001378, 0.001446, 0.001483, 0.001461, 0.001397, 0.001375, 0.001455, 0.001465, 0.001222, 0.001323, 0.001295, 0.001301, 0.001308, 0.001289, 0.001303, 0.001212, 0.001251, 0.001209, 0.001314, 0.001171, 0.001281, 0.001141, 0.001245, 0.000977, 0.001044, 0.000916, 0.001221, 0.001029, 0.001247, 0.001094, 0.001216, 0.001165, 0.001213, 0.001286, 0.001284, 0.001305, 0.001427, 0.001347, 0.001440, 0.001408, 0.001259, 0.001264, 0.001207, 0.001423, 0.001309, 0.001368, 0.001357, 0.001476, 0.001445, 0.001435, 0.001249, 0.001403, 0.001249, 0.001411, 0.001245, 0.001386, 0.001198, 0.001323, 0.001259, 0.001386, 0.001173, 0.001232, 0.001232, 0.001420, 0.001242, 0.001368, 0.001384, 0.001332, 0.001216, 0.001242, 0.001248, 0.001183, 0.001425, 0.001266, 0.001318, 0.001254, 0.001374, 0.001303, 0.001450, 0.001384, 0.001452, 0.001283, 0.001400, 0.001358, 0.001545
14 , 1, 1, 2, 2, 2, 2, 2
14 , 0.005311, 0.004922, 0.004591, 0.004601, 0.004595, 0.004696, 0.004310
15 , 0.001408, 0.001259, 0.001264, 0.001207, 0.001423, 0.001309, 0.001368, 0.001357, 0.001476, 0.001445, 0.001435, 0.001249, 0.001403, 0.001249, 0.001411, 0.001245, 0.001386, 0.001198, 0.001323, 0.001259, 0.001386, 0.001173, 0.001232, 0.001232, 0.001420, 0.001242, 0.001368, 0.001384, 0.001332, 0.001216, 0.001242, 0.001248, 0.001183, 0.001425, 0.001266, 0.001318, 0.001254, 0.001374, 0.001303, 0.001450, 0.001384, 0.001452, 0.001283, 0.001400, 0.001358, 0.001545, 0.001503, 0.001681, 0.001430, 0.001584, 0.001491, 0.001549, 0.001574, 0.001542, 0.001481, 0.001662, 0.001544, 0.001544, 0.001567, 0.001513, 0.001546, 0.001491, 0.001465, 0.001494, 0.001626, 0.001384, 0.001544, 0.001393, 0.001437, 0.001322, 0.001548, 0.001279, 0.001384, 0.001207, 0.001411, 0.001293, 0.001274, 0.001190, 0.001271, 0.001386, 0.001303, 0.001263, 0.001259, 0.001200, 0.001285, 0.001241, 0.001264, 0.001289, 0.001334, 0.001416, 0.001325, 0.001442
15 , 1, 1, 1, 3, 3, 3, 3
15 , 0.005872, 0.005705, 0.005359, 0.005031, 0.005194, 0.005360, 0.004777
16 , 0.001503, 0.001681, 0.001430, 0.001584, 0.001491, 0.001549, 0.001574, 0.001542, 0.001481, 0.001662, 0.001544, 0.001544, 0.001567, 0.001513, 0.001546, 0.001491, 0.001465, 0.001494, 0.001626, 0.001384, 0.001544, 0.001393, 0.001437, 0.001322, 0.001548, 0.001279, 0.001384, 0.001207, 0.001411, 0.001293, 0.001274, 0.001190, 0.001271, 0.001386, 0.001303, 0.001263, 0.001259, 0.001200, 0.001285, 0.001241, 0.001264, 0.001289, 0.001334, 0.001416, 0.001325, 0.001442, 0.001340, 0.001398, 0.001420, 0.001501, 0.001431, 0.001556, 0.001425, 0.001484, 0.001327, 0.001553, 0.001307, 0.001550, 0.001440, 0.001423, 0.001389, 0.001359, 0.001360, 0.001306, 0.001308, 0.001369, 0.001259, 0.001330, 0.001373, 0.001284, 0.001205, 0.001154, 0.001200, 0.001076, 0.001364, 0.001161, 0.001191, 0.001096, 0.001311, 0.001124, 0.001183, 0.001151, 0.001153, 0.001114, 0.001208, 0.001101, 0.001188, 0.001131, 0.001217, 0.001179, 0.001146, 0.001207
16 , 1, 1, 1, 1, 1, 1, 1
16 , 0.009033, 0.009318, 0.009585, 0.009349, 0.008901, 0.008162, 0.007644
