0 , 0.001350, 0.001525, 0.001353, 0.001321, 0.001286, 0.001347, 0.001249, 0.001281, 0.001155, 0.001305, 0.001390, 0.001353, 0.001318, 0.001250, 0.001333, 0.001330, 0.001362, 0.001331, 0.001523, 0.001284, 0.001393, 0.001245, 0.001291, 0.001169, 0.001353, 0.000517, 0.001374, 0.001448, 0.001697, 0.001498, 0.001582, 0.001660, 0.001845, 0.001651, 0.001814, 0.001517, 0.001693, 0.001784, 0.001788, 0.001788, 0.001681, 0.001736, 0.001599, 0.001746, 0.001669, 0.001728, 0.001733, 0.001665, 0.001660, 0.001296, 0.000734, 0.001337, 0.001331, 0.001316, 0.001122, 0.001249, 0.001154, 0.001310, 0.001124, 0.001337, 0.001233, 0.001451, 0.001321, 0.001283, 0.001181, 0.001215, 0.001274, 0.001303, 0.001176, 0.001303, 0.001206, 0.001199, 0.001249, 0.000179, 0.001484, 0.001405, 0.001605, 0.001470, 0.001571, 0.001476, 0.001536, 0.001645, 0.001746, 0.001681, 0.001607, 0.001734, 0.001653, 0.001766, 0.001534, 0.001653, 0.001679, 0.001758
0 , 0, 0, 0, 0, 0, 0, 0
0 , 0.006936, 0.008642, 0.010158, 0.011124, 0.012525, 0.014226, 0.016962
1 , 0.001331, 0.001316, 0.001122, 0.001249, 0.001154, 0.001310, 0.001124, 0.001337, 0.001233, 0.001451, 0.001321, 0.001283, 0.001181, 0.001215, 0.001274, 0.001303, 0.001176, 0.001303, 0.001206, 0.001199, 0.001249, 0.000179, 0.001484, 0.001405, 0.001605, 0.001470, 0.001571, 0.001476, 0.001536, 0.001645, 0.001746, 0.001681, 0.001607, 0.001734, 0.001653, 0.001766, 0.001534, 0.001653, 0.001679, 0.001758, 0.001699, 0.001691, 0.001854, 0.001768, 0.001712, 0.001758, 0.001778, 0.001991, 0.000364, 0.001540, 0.001350, 0.001240, 0.001267, 0.001249, 0.001181, 0.001122, 0.001202, 0.001193, 0.001344, 0.001122, 0.001301, 0.001111, 0.001357, 0.001140, 0.001174, 0.001165, 0.001259, 0.001096, 0.001382, 0.001162, 0.001306, 0.001132, 0.001362, 0.000737, 0.000856, 0.001461, 0.001529, 0.001556, 0.001435, 0.001661, 0.001641, 0.001728, 0.001579, 0.001799, 0.001653, 0.001635, 0.001671, 0.001711, 0.001879, 0.001754, 0.001869, 0.001597
1 , 0, 0, 0, 0, 0, 0, 0
1 , 0.011243, 0.012556, 0.013853, 0.017374, 0.019304, 0.017471, 0.018589
2 , 0.001350, 0.001240, 0.001267, 0.001249, 0.001181, 0.001122, 0.001202, 0.001193, 0.001344, 0.001122, 0.001301, 0.001111, 0.001357, 0.001140, 0.001174, 0.001165, 0.001259, 0.001096, 0.001382, 0.001162, 0.001306, 0.001132, 0.001362, 0.000737, 0.000856, 0.001461, 0.001529, 0.001556, 0.001435, 0.001661, 0.001641, 0.001728, 0.001579, 0.001799, 0.001653, 0.001635, 0.001671, 0.001711, 0.001879, 0.001754, 0.001869, 0.001597, 0.001849, 0.001659, 0.001599, 0.001554, 0.001514, 0.001867, 0.000439, 0.001672, 0.001396, 0.001356, 0.001263, 0.001328, 0.001115, 0.001215, 0.001156, 0.001287, 0.001015, 0.001025, 0.000945, 0.001051, 0.001055, 0.001088, 0.001057, 0.001085, 0.000986, 0.001069, 0.001220, 0.001159, 0.001149, 0.001112, 0.000639, 0.001493, 0.001571, 0.001585, 0.001498, 0.001563, 0.001591, 0.001585, 0.001460, 0.001589, 0.001778, 0.001558, 0.001582, 0.001582, 0.001814, 0.001515, 0.001485, 0.001307, 0.001432, 0.001575
2 , 0, 0, 0, 0, 0, 0, 0
2 , 0.012458, 0.014190, 0.014164, 0.015747, 0.017255, 0.017984, 0.019162
3 , 0.001263, 0.001328, 0.001115, 0.001215, 0.001156, 0.001287, 0.001015, 0.001025, 0.000945, 0.001051, 0.001055, 0.001088, 0.001057, 0.001085, 0.000986, 0.001069, 0.001220, 0.001159, 0.001149, 0.001112, 0.000639, 0.001493, 0.001571, 0.001585, 0.001498, 0.001563, 0.001591, 0.001585, 0.001460, 0.001589, 0.001778, 0.001558, 0.001582, 0.001582, 0.001814, 0.001515, 0.001485, 0.001307, 0.001432, 0.001575, 0.001374, 0.001363, 0.001267, 0.001556, 0.001196, 0.001334, 0.001757, 0.001633, 0.001546, 0.001539, 0.001452, 0.001514, 0.001415, 0.001487, 0.001404, 0.001565, 0.001289, 0.001513, 0.001236, 0.001363, 0.001362, 0.001465, 0.001340, 0.001385, 0.001298, 0.001467, 0.001230, 0.001445, 0.001191, 0.001492, 0.000187, 0.001239, 0.001498, 0.001763, 0.001494, 0.001653, 0.001821, 0.001659, 0.001800, 0.001612, 0.001957, 0.001906, 0.001768, 0.001644, 0.001859, 0.001842, 0.001838, 0.001725, 0.001608, 0.001897, 0.001659, 0.001630
3 , 0, 0, 0, 0, 0, 0, 0
3 , 0.010501, 0.011855, 0.013315, 0.016454, 0.017170, 0.017232, 0.016974
4 , 0.001514, 0.001415, 0.001487, 0.001404, 0.001565, 0.001289, 0.001513, 0.001236, 0.001363, 0.001362, 0.001465, 0.001340, 0.001385, 0.001298, 0.001467, 0.001230, 0.001445, 0.001191, 0.001492, 0.000187, 0.001239, 0.001498, 0.001763, 0.001494, 0.001653, 0.001821, 0.001659, 0.001800, 0.001612, 0.001957, 0.001906, 0.001768, 0.001644, 0.001859, 0.001842, 0.001838, 0.001725, 0.001608, 0.001897, 0.001659, 0.001630, 0.001805, 0.001808, 0.002072, 0.000246, 0.001522, 0.001217, 0.001276, 0.001136, 0.001157, 0.001190, 0.001330, 0.001352, 0.001249, 0.001420, 0.001409, 0.001496, 0.001517, 0.001546, 0.001387, 0.001565, 0.001529, 0.001611, 0.001367, 0.001580, 0.001490, 0.001624, 0.001005, 0.000807, 0.001188, 0.001230, 0.001283, 0.001075, 0.001468, 0.001389, 0.001530, 0.001390, 0.001455, 0.001644, 0.001632, 0.001548, 0.001367, 0.001756, 0.001849, 0.001828, 0.001660, 0.001777, 0.001791, 0.001709, 0.001851, 0.001485, 0.002053
4 , 0, 0, 0, 0, 0, 0, 0
4 , 0.009900, 0.011801, 0.013016, 0.013499, 0.012327, 0.012186, 0.011026
5 , 0.001157, 0.001190, 0.001330, 0.001352, 0.001249, 0.001420, 0.001409, 0.001496, 0.001517, 0.001546, 0.001387, 0.001565, 0.001529, 0.001611, 0.001367, 0.001580, 0.001490, 0.001624, 0.001005, 0.000807, 0.001188, 0.001230, 0.001283, 0.001075, 0.001468, 0.001389, 0.001530, 0.001390, 0.001455, 0.001644, 0.001632, 0.001548, 0.001367, 0.001756, 0.001849, 0.001828, 0.001660, 0.001777, 0.001791, 0.001709, 0.001851, 0.001485, 0.002053, 0.000855, 0.001311, 0.001281, 0.001349, 0.001098, 0.001157, 0.001050, 0.001263, 0.001131, 0.001190, 0.001000, 0.001360, 0.001202, 0.001208, 0.001132, 0.001346, 0.001218, 0.001467, 0.001271, 0.001331, 0.001320, 0.001355, 0.001154, 0.001361, 0.001257, 0.001343, 0.000448, 0.001250, 0.001417, 0.001438, 0.001360, 0.001258, 0.001629, 0.001364, 0.001534, 0.001375, 0.001508, 0.001451, 0.001557, 0.001500, 0.001371, 0.001671, 0.001493, 0.001580, 0.001432, 0.001534, 0.001667, 0.001613, 0.001493
5 , 0, 0, 0, 0, 0, 0, 0
5 , 0.006868, 0.008073, 0.010250, 0.010618, 0.010009, 0.010131, 0.008791
6 , 0.001050, 0.001263, 0.001131, 0.001190, 0.001000, 0.001360, 0.001202, 0.001208, 0.001132, 0.001346, 0.001218, 0.001467, 0.001271, 0.001331, 0.001320, 0.001355, 0.001154, 0.001361, 0.001257, 0.001343, 0.000448, 0.001250, 0.001417, 0.001438, 0.001360, 0.001258, 0.001629, 0.001364, 0.001534, 0.001375, 0.001508, 0.001451, 0.001557, 0.001500, 0.001371, 0.001671, 0.001493, 0.001580, 0.001432, 0.001534, 0.001667, 0.001613, 0.001493, 0.001437, 0.001647, 0.000887, 0.001638, 0.001401, 0.001419, 0.001260, 0.001267, 0.001291, 0.001262, 0.001260, 0.001377, 0.001254, 0.001353, 0.001213, 0.001179, 0.001364, 0.001181, 0.001240, 0.001301, 0.001392, 0.001269, 0.001318, 0.001127, 0.001423, 0.000142, 0.001384, 0.001339, 0.001504, 0.001427, 0.001396, 0.001382, 0.001663, 0.001432, 0.001572, 0.001417, 0.001633, 0.001546, 0.001576, 0.001523, 0.001330, 0.001632, 0.001451, 0.001590, 0.001360, 0.001347, 0.001420, 0.001592, 0.001296
6 , 0, 0, 0, 0, 0, 0, 0
6 , 0.006821, 0.009915, 0.010714, 0.011265, 0.010889, 0.009348, 0.009198
7 , 0.001260, 0.001267, 0.001291, 0.001262, 0.001260, 0.001377, 0.001254, 0.001353, 0.001213, 0.001179, 0.001364, 0.001181, 0.001240, 0.001301, 0.001392, 0.001269, 0.001318, 0.001127, 0.001423, 0.000142, 0.001384, 0.001339, 0.001504, 0.001427, 0.001396, 0.001382, 0.001663, 0.001432, 0.001572, 0.001417, 0.001633, 0.001546, 0.001576, 0.001523, 0.001330, 0.001632, 0.001451, 0.001590, 0.001360, 0.001347, 0.001420, 0.001592, 0.001296, 0.001614, 0.000087, 0.001711, 0.001493, 0.001510, 0.001260, 0.001542, 0.001382, 0.001472, 0.001316, 0.001386, 0.001316, 0.001510, 0.001266, 0.001449, 0.001176, 0.001396, 0.001268, 0.001361, 0.001205, 0.001361, 0.001232, 0.001460, 0.001335, 0.001325, 0.001244, 0.000893, 0.000995, 0.001427, 0.001741, 0.001722, 0.001769, 0.001628, 0.001934, 0.002033, 0.002002, 0.002182, 0.001923, 0.002204, 0.002146, 0.002239, 0.001949, 0.002222, 0.002188, 0.002081, 0.002087, 0.001859, 0.002102, 0.001973
7 , 0, 0, 0, 0, 0, 0, 0
7 , 0.013566, 0.014466, 0.016836, 0.018547, 0.018826, 0.018367, 0.017532
8 , 0.001382, 0.001472, 0.001316, 0.001386, 0.001316, 0.001510, 0.001266, 0.001449, 0.001176, 0.001396, 0.001268, 0.001361, 0.001205, 0.001361, 0.001232, 0.001460, 0.001335, 0.001325, 0.001244, 0.000893, 0.000995, 0.001427, 0.001741, 0.001722, 0.001769, 0.001628, 0.001934, 0.002033, 0.002002, 0.002182, 0.001923, 0.002204, 0.002146, 0.002239, 0.001949, 0.002222, 0.002188, 0.002081, 0.002087, 0.001859, 0.002102, 0.001973, 0.001861, 0.002091, 0.001027, 0.001040, 0.001284, 0.001189, 0.001179, 0.001256, 0.001184, 0.001264, 0.001172, 0.001220, 0.001391, 0.001351, 0.001316, 0.001246, 0.001369, 0.001324, 0.001201, 0.001330, 0.001350, 0.001420, 0.001328, 0.001392, 0.001250, 0.001438, 0.000320, 0.001306, 0.001363, 0.001487, 0.001435, 0.001532, 0.001532, 0.001798, 0.001756, 0.001764, 0.001558, 0.001620, 0.001878, 0.001729, 0.001752, 0.001573, 0.001891, 0.001686, 0.001936, 0.001678, 0.001724, 0.002018, 0.001716, 0.001764
8 , 0, 0, 0, 0, 0, 0, 0
8 , 0.020272, 0.023428, 0.023880, 0.024175, 0.023059, 0.022233, 0.021071
9 , 0.001256, 0.001184, 0.001264, 0.001172, 0.001220, 0.001391, 0.001351, 0.001316, 0.001246, 0.001369, 0.001324, 0.001201, 0.001330, 0.001350, 0.001420, 0.001328, 0.001392, 0.001250, 0.001438, 0.000320, 0.001306, 0.001363, 0.001487, 0.001435, 0.001532, 0.001532, 0.001798, 0.001756, 0.001764, 0.001558, 0.001620, 0.001878, 0.001729, 0.001752, 0.001573, 0.001891, 0.001686, 0.001936, 0.001678, 0.001724, 0.002018, 0.001716, 0.001764, 0.001582, 0.001657, 0.001613, 0.001036, 0.001571, 0.001359, 0.001365, 0.001301, 0.001174, 0.001237, 0.001138, 0.001337, 0.001127, 0.001342, 0.001123, 0.001131, 0.001034, 0.001177, 0.001082, 0.001331, 0.001025, 0.001272, 0.001063, 0.001219, 0.001029, 0.001190, 0.001183, 0.001240, 0.001172, 0.001260, 0.001095, 0.001229, 0.001063, 0.001208, 0.001217, 0.001184, 0.001113, 0.001049, 0.001162, 0.001155, 0.001273, 0.001208, 0.001423, 0.001337, 0.001364, 0.001212, 0.001305, 0.001356, 0.001394
9 , 3, 0, 0, 0, 0, 0, 0
9 , 0.008280, 0.010416, 0.011207, 0.010646, 0.010970, 0.010852, 0.010772
10 , 0.001359, 0.001365, 0.001301, 0.001174, 0.001237, 0.001138, 0.001337, 0.001127, 0.001342, 0.001123, 0.001131, 0.001034, 0.001177, 0.001082, 0.001331, 0.001025, 0.001272, 0.001063, 0.001219, 0.001029, 0.001190, 0.001183, 0.001240, 0.001172, 0.001260, 0.001095, 0.001229, 0.001063, 0.001208, 0.001217, 0.001184, 0.001113, 0.001049, 0.001162, 0.001155, 0.001273, 0.001208, 0.001423, 0.001337, 0.001364, 0.001212, 0.001305, 0.001356, 0.001394, 0.001244, 0.001369, 0.001179, 0.001313, 0.001189, 0.001345, 0.001157, 0.001313, 0.001140, 0.001262, 0.001172, 0.001278, 0.001034, 0.001161, 0.001102, 0.001172, 0.001187, 0.001109, 0.001137, 0.001141, 0.001143, 0.000883, 0.000893, 0.000947, 0.000927, 0.000968, 0.001049, 0.000917, 0.001110, 0.000889, 0.001132, 0.001102, 0.001045, 0.001027, 0.001037, 0.001033, 0.001210, 0.001019, 0.001114, 0.001008, 0.001183, 0.000998, 0.001215, 0.001054, 0.001077, 0.001127, 0.001156, 0.001237
10 , 1, 3, 3, 3, 3, 0, 0
10 , 0.002395, 0.002372, 0.001806, 0.001873, 0.001266, 0.001593, 0.002610
11 , 0.001140, 0.001262, 0.001172, 0.001278, 0.001034, 0.001161, 0.001102, 0.001172, 0.001187, 0.001109, 0.001137, 0.001141, 0.001143, 0.000883, 0.000893, 0.000947, 0.000927, 0.000968, 0.001049, 0.000917, 0.001110, 0.000889, 0.001132, 0.001102, 0.001045, 0.001027, 0.001037, 0.001033, 0.001210, 0.001019, 0.001114, 0.001008, 0.001183, 0.000998, 0.001215, 0.001054, 0.001077, 0.001127, 0.001156, 0.001237, 0.001320, 0.001186, 0.001322, 0.001380, 0.001250, 0.001430, 0.001427, 0.001429, 0.001336, 0.001433, 0.001281, 0.001388, 0.001298, 0.001274, 0.001313, 0.001323, 0.001079, 0.001208, 0.001183, 0.001351, 0.001057, 0.001225, 0.001004, 0.001158, 0.001122, 0.001154, 0.001190, 0.001154, 0.001149, 0.001032, 0.001156, 0.001074, 0.001190, 0.001093, 0.001181, 0.001183, 0.001164, 0.001036, 0.001097, 0.001067, 0.001249, 0.001052, 0.001145, 0.001082, 0.001351, 0.001186, 0.001303, 0.001143, 0.001267, 0.001240, 0.001330, 0.001198
11 , 1, 3, 3, 3, 3, 3, 0
11 , 0.002489, 0.002809, 0.002482, 0.003132, 0.002733, 0.002945, 0.003445
12 , 0.001298, 0.001274, 0.001313, 0.001323, 0.001079, 0.001208, 0.001183, 0.001351, 0.001057, 0.001225, 0.001004, 0.001158, 0.001122, 0.001154, 0.001190, 0.001154, 0.001149, 0.001032, 0.001156, 0.001074, 0.001190, 0.001093, 0.001181, 0.001183, 0.001164, 0.001036, 0.001097, 0.001067, 0.001249, 0.001052, 0.001145, 0.001082, 0.001351, 0.001186, 0.001303, 0.001143, 0.001267, 0.001240, 0.001330, 0.001198, 0.001423, 0.001228, 0.001292, 0.001294, 0.001262, 0.001318, 0.001299, 0.001326, 0.001116, 0.001245, 0.001252, 0.001260, 0.001149, 0.001240, 0.001052, 0.001179, 0.001082, 0.001156, 0.001000, 0.001095, 0.001006, 0.001151, 0.001059, 0.001157, 0.001102, 0.001224, 0.001004, 0.001153, 0.001057, 0.001041, 0.000958, 0.001043, 0.001041, 0.000980, 0.001016, 0.001110, 0.001134, 0.001155, 0.001214, 0.001160, 0.001296, 0.001191, 0.001301, 0.001281, 0.001337, 0.001411, 0.001499, 0.001365, 0.001549, 0.001328, 0.001514, 0.001443
12 , 2, 0, 0, 0, 0, 0, 0
12 , 0.001140, 0.001609, 0.002577, 0.003905, 0.004888, 0.005262, 0.006310
13 , 0.001149, 0.001240, 0.001052, 0.001179, 0.001082, 0.001156, 0.001000, 0.001095, 0.001006, 0.001151, 0.001059, 0.001157, 0.001102, 0.001224, 0.001004, 0.001153, 0.001057, 0.001041, 0.000958, 0.001043, 0.001041, 0.000980, 0.001016, 0.001110, 0.001134, 0.001155, 0.001214, 0.001160, 0.001296, 0.001191, 0.001301, 0.001281, 0.001337, 0.001411, 0.001499, 0.001365, 0.001549, 0.001328, 0.001514, 0.001443, 0.001479, 0.001314, 0.001532, 0.001286, 0.001479, 0.001276, 0.001287, 0.001293, 0.001213, 0.001226, 0.001328, 0.001279, 0.001175, 0.001223, 0.001271, 0.001175, 0.001057, 0.001110, 0.000970, 0.001067, 0.000921, 0.001144, 0.000951, 0.001104, 0.000917, 0.001191, 0.001088, 0.001210, 0.000991, 0.001147, 0.001131, 0.001257, 0.001164, 0.001126, 0.001147, 0.001138, 0.001218, 0.001240, 0.001355, 0.001292, 0.001406, 0.001245, 0.001337, 0.001361, 0.001305, 0.001242, 0.001428, 0.001273, 0.001433, 0.001282, 0.001419, 0.001203
13 , 0, 0, 0, 0, 0, 0, 0
13 , 0.005636, 0.007055, 0.007905, 0.008719, 0.009148, 0.009567, 0.009865
14 , 0.001175, 0.001223, 0.001271, 0.001175, 0.001057, 0.001110, 0.000970, 0.001067, 0.000921, 0.001144, 0.000951, 0.001104, 0.000917, 0.001191, 0.001088, 0.001210, 0.000991, 0.001147, 0.001131, 0.001257, 0.001164, 0.001126, 0.001147, 0.001138, 0.001218, 0.001240, 0.001355, 0.001292, 0.001406, 0.001245, 0.001337, 0.001361, 0.001305, 0.001242, 0.001428, 0.001273, 0.001433, 0.001282, 0.001419, 0.001203, 0.001240, 0.001299, 0.001313, 0.001315, 0.001269, 0.001054, 0.001181, 0.001090, 0.001274, 0.001208, 0.001187, 0.001223, 0.001286, 0.001219, 0.001129, 0.001272, 0.001116, 0.001249, 0.001154, 0.001248, 0.001204, 0.001231, 0.001098, 0.001260, 0.001213, 0.001340, 0.001224, 0.001346, 0.001131, 0.001170, 0.001105, 0.001141, 0.001136, 0.001222, 0.001303, 0.001272, 0.001379, 0.001226, 0.001252, 0.001276, 0.001311, 0.001330, 0.001454, 0.001298, 0.001457, 0.001268, 0.001325, 0.001383, 0.001435, 0.001281, 0.001310, 0.001189
14 , 0, 0, 0, 0, 0, 0, 0
14 , 0.005163, 0.005432, 0.005510, 0.005878, 0.005949, 0.006345, 0.006568
15 , 0.001286, 0.001219, 0.001129, 0.001272, 0.001116, 0.001249, 0.001154, 0.001248, 0.001204, 0.001231, 0.001098, 0.001260, 0.001213, 0.001340, 0.001224, 0.001346, 0.001131, 0.001170, 0.001105, 0.001141, 0.001136, 0.001222, 0.001303, 0.001272, 0.001379, 0.001226, 0.001252, 0.001276, 0.001311, 0.001330, 0.001454, 0.001298, 0.001457, 0.001268, 0.001325, 0.001383, 0.001435, 0.001281, 0.001310, 0.001189, 0.001292, 0.001172, 0.001418, 0.001269, 0.001374, 0.001218, 0.001166, 0.001120, 0.001183, 0.001246, 0.001128, 0.001076, 0.001206, 0.001082, 0.001053, 0.001204, 0.001114, 0.001289, 0.001135, 0.001278, 0.001213, 0.001271, 0.001159, 0.001371, 0.001220, 0.001342, 0.001150, 0.001249, 0.001174, 0.001387, 0.001310, 0.001431, 0.001271, 0.001301, 0.001293, 0.001347, 0.001260, 0.001264, 0.001266, 0.001306, 0.001343, 0.001335, 0.001338, 0.001242, 0.001398, 0.001306, 0.001372, 0.001313, 0.001382, 0.001237, 0.001337, 0.001203
15 , 0, 0, 0, 0, 0, 0, 0
15 , 0.004579, 0.005141, 0.005055, 0.004750, 0.004171, 0.003933, 0.003491
16 , 0.001120, 0.001183, 0.001246, 0.001128, 0.001076, 0.001206, 0.001082, 0.001053, 0.001204, 0.001114, 0.001289, 0.001135, 0.001278, 0.001213, 0.001271, 0.001159, 0.001371, 0.001220, 0.001342, 0.001150, 0.001249, 0.001174, 0.001387, 0.001310, 0.001431, 0.001271, 0.001301, 0.001293, 0.001347, 0.001260, 0.001264, 0.001266, 0.001306, 0.001343, 0.001335, 0.001338, 0.001242, 0.001398, 0.001306, 0.001372, 0.001313, 0.001382, 0.001237, 0.001337, 0.001203, 0.001364, 0.001264, 0.001298, 0.001269, 0.001445, 0.001289, 0.001313, 0.001327, 0.001516, 0.001447, 0.001479, 0.001443, 0.001319, 0.001473, 0.001468, 0.001327, 0.001244, 0.001431, 0.001287, 0.001328, 0.001159, 0.001200, 0.001174, 0.001337, 0.001221, 0.001375, 0.001261, 0.001263, 0.001200, 0.001353, 0.001199, 0.001310, 0.001157, 0.001288, 0.001166, 0.001260, 0.001136, 0.001190, 0.001131, 0.001315, 0.001227, 0.001202, 0.001267, 0.001149, 0.001392, 0.001052, 0.001183
16 , 3, 3, 3, 3, 3, 3, 3
16 , 0.004624, 0.004980, 0.005090, 0.005476, 0.005251, 0.005124, 0.004850
