0 , 0.001915, 0.000460, 0.001263, 0.001297, 0.001348, 0.001217, 0.001310, 0.001141, 0.001171, 0.001171, 0.001240, 0.001106, 0.001223, 0.001278, 0.001307, 0.001296, 0.001449, 0.001225, 0.001348, 0.001303, 0.001455, 0.001288, 0.001452, 0.001341, 0.001341, 0.000642, 0.001173, 0.001235, 0.001435, 0.001356, 0.001465, 0.001495, 0.001688, 0.001630, 0.001695, 0.001523, 0.001759, 0.001660, 0.001610, 0.001749, 0.001534, 0.001800, 0.001580, 0.001826, 0.001673, 0.001731, 0.001796, 0.001672, 0.001711, 0.000861, 0.001193, 0.001678, 0.001518, 0.001379, 0.001248, 0.001375, 0.001164, 0.001209, 0.001120, 0.001257, 0.001162, 0.001320, 0.001236, 0.001261, 0.001112, 0.001145, 0.001175, 0.001185, 0.001084, 0.001143, 0.001230, 0.001074, 0.001211, 0.001188, 0.001406, 0.000126, 0.001521, 0.001330, 0.001602, 0.001475, 0.001581, 0.001389, 0.001594, 0.001595, 0.001580, 0.001398, 0.001530, 0.001693, 0.001458, 0.001727, 0.001500, 0.001511
0 , 0, 0, 0, 0, 0, 0, 0
0 , 0.003788, 0.005975, 0.007530, 0.009429, 0.011215, 0.011531, 0.011015
1 , 0.001678, 0.001518, 0.001379, 0.001248, 0.001375, 0.001164, 0.001209, 0.001120, 0.001257, 0.001162, 0.001320, 0.001236, 0.001261, 0.001112, 0.001145, 0.001175, 0.001185, 0.001084, 0.001143, 0.001230, 0.001074, 0.001211, 0.001188, 0.001406, 0.000126, 0.001521, 0.001330, 0.001602, 0.001475, 0.001581, 0.001389, 0.001594, 0.001595, 0.001580, 0.001398, 0.001530, 0.001693, 0.001458, 0.001727, 0.001500, 0.001511, 0.001579, 0.001537, 0.001558, 0.001642, 0.001749, 0.001751, 0.001779, 0.001588, 0.000494, 0.001549, 0.001489, 0.001461, 0.001122, 0.001289, 0.000987, 0.001077, 0.001016, 0.001149, 0.000969, 0.001069, 0.001066, 0.001149, 0.001010, 0.001253, 0.001032, 0.001147, 0.001088, 0.001108, 0.000967, 0.001092, 0.001088, 0.000433, 0.001547, 0.001578, 0.001639, 0.001790, 0.001763, 0.001586, 0.001715, 0.001813, 0.001761, 0.001820, 0.001600, 0.001788, 0.001600, 0.001669, 0.001575, 0.001621, 0.001738, 0.001474, 0.001485
1 , 0, 0, 0, 0, 0, 0, 0
1 , 0.009484, 0.011542, 0.013293, 0.014867, 0.016895, 0.019492, 0.019951
2 , 0.001461, 0.001122, 0.001289, 0.000987, 0.001077, 0.001016, 0.001149, 0.000969, 0.001069, 0.001066, 0.001149, 0.001010, 0.001253, 0.001032, 0.001147, 0.001088, 0.001108, 0.000967, 0.001092, 0.001088, 0.000433, 0.001547, 0.001578, 0.001639, 0.001790, 0.001763, 0.001586, 0.001715, 0.001813, 0.001761, 0.001820, 0.001600, 0.001788, 0.001600, 0.001669, 0.001575, 0.001621, 0.001738, 0.001474, 0.001485, 0.001345, 0.001579, 0.001439, 0.001507, 0.001415, 0.001326, 0.001615, 0.000277, 0.002054, 0.001807, 0.001681, 0.001620, 0.001600, 0.001414, 0.001572, 0.001391, 0.001389, 0.001418, 0.001516, 0.001514, 0.001514, 0.001461, 0.001493, 0.001532, 0.001352, 0.001396, 0.001350, 0.001330, 0.001124, 0.001404, 0.001196, 0.001257, 0.001037, 0.000902, 0.001526, 0.001499, 0.001557, 0.001441, 0.001616, 0.001598, 0.001644, 0.001497, 0.001676, 0.001586, 0.001511, 0.001530, 0.001421, 0.001708, 0.001455, 0.001610, 0.001470, 0.001538
2 , 3, 0, 0, 0, 0, 0, 0
2 , 0.010765, 0.010027, 0.012024, 0.012795, 0.010731, 0.012174, 0.013311
3 , 0.001600, 0.001414, 0.001572, 0.001391, 0.001389, 0.001418, 0.001516, 0.001514, 0.001514, 0.001461, 0.001493, 0.001532, 0.001352, 0.001396, 0.001350, 0.001330, 0.001124, 0.001404, 0.001196, 0.001257, 0.001037, 0.000902, 0.001526, 0.001499, 0.001557, 0.001441, 0.001616, 0.001598, 0.001644, 0.001497, 0.001676, 0.001586, 0.001511, 0.001530, 0.001421, 0.001708, 0.001455, 0.001610, 0.001470, 0.001538, 0.001591, 0.001564, 0.001617, 0.001508, 0.001795, 0.000964, 0.001603, 0.001536, 0.001484, 0.001430, 0.001426, 0.001304, 0.001458, 0.001372, 0.001435, 0.001308, 0.001438, 0.001270, 0.001462, 0.001314, 0.001440, 0.001243, 0.001196, 0.001171, 0.001293, 0.001203, 0.001320, 0.001194, 0.001409, 0.000181, 0.001215, 0.001610, 0.001616, 0.001285, 0.001519, 0.001638, 0.001566, 0.001509, 0.001505, 0.001699, 0.001483, 0.001600, 0.001425, 0.001604, 0.001600, 0.001687, 0.001672, 0.001718, 0.001851, 0.001621, 0.001635, 0.001526
3 , 0, 0, 0, 0, 0, 0, 0
3 , 0.004015, 0.005701, 0.008510, 0.010629, 0.010630, 0.010406, 0.009987
4 , 0.001426, 0.001304, 0.001458, 0.001372, 0.001435, 0.001308, 0.001438, 0.001270, 0.001462, 0.001314, 0.001440, 0.001243, 0.001196, 0.001171, 0.001293, 0.001203, 0.001320, 0.001194, 0.001409, 0.000181, 0.001215, 0.001610, 0.001616, 0.001285, 0.001519, 0.001638, 0.001566, 0.001509, 0.001505, 0.001699, 0.001483, 0.001600, 0.001425, 0.001604, 0.001600, 0.001687, 0.001672, 0.001718, 0.001851, 0.001621, 0.001635, 0.001526, 0.001600, 0.001626, 0.000835, 0.001853, 0.001644, 0.001524, 0.001492, 0.001431, 0.001400, 0.001339, 0.001485, 0.001457, 0.001413, 0.001286, 0.001389, 0.001225, 0.001418, 0.001313, 0.001379, 0.001287, 0.001429, 0.001065, 0.001216, 0.001137, 0.001207, 0.000979, 0.001343, 0.000581, 0.001138, 0.001545, 0.001555, 0.001660, 0.001505, 0.001618, 0.001489, 0.001585, 0.001502, 0.001575, 0.001557, 0.001557, 0.001443, 0.001405, 0.001598, 0.001530, 0.001663, 0.001435, 0.001677, 0.001621, 0.001559, 0.001560
4 , 0, 0, 0, 0, 0, 0, 0
4 , 0.007044, 0.008824, 0.011982, 0.012764, 0.012335, 0.012801, 0.010935
5 , 0.001339, 0.001485, 0.001457, 0.001413, 0.001286, 0.001389, 0.001225, 0.001418, 0.001313, 0.001379, 0.001287, 0.001429, 0.001065, 0.001216, 0.001137, 0.001207, 0.000979, 0.001343, 0.000581, 0.001138, 0.001545, 0.001555, 0.001660, 0.001505, 0.001618, 0.001489, 0.001585, 0.001502, 0.001575, 0.001557, 0.001557, 0.001443, 0.001405, 0.001598, 0.001530, 0.001663, 0.001435, 0.001677, 0.001621, 0.001559, 0.001560, 0.001421, 0.001859, 0.000173, 0.001739, 0.001504, 0.001418, 0.001169, 0.001294, 0.001169, 0.001262, 0.001106, 0.001178, 0.001026, 0.001239, 0.001065, 0.001192, 0.001131, 0.001137, 0.001078, 0.001093, 0.001144, 0.001266, 0.001130, 0.001223, 0.001151, 0.001131, 0.000694, 0.001443, 0.001568, 0.001499, 0.001523, 0.001523, 0.001804, 0.001527, 0.001608, 0.001489, 0.001793, 0.001570, 0.001687, 0.001618, 0.001671, 0.001773, 0.001620, 0.001689, 0.001465, 0.001701, 0.001709, 0.001687, 0.001559, 0.001642, 0.001225
5 , 0, 0, 0, 0, 0, 0, 0
5 , 0.014389, 0.015756, 0.015611, 0.014965, 0.013459, 0.013016, 0.011454
6 , 0.001169, 0.001294, 0.001169, 0.001262, 0.001106, 0.001178, 0.001026, 0.001239, 0.001065, 0.001192, 0.001131, 0.001137, 0.001078, 0.001093, 0.001144, 0.001266, 0.001130, 0.001223, 0.001151, 0.001131, 0.000694, 0.001443, 0.001568, 0.001499, 0.001523, 0.001523, 0.001804, 0.001527, 0.001608, 0.001489, 0.001793, 0.001570, 0.001687, 0.001618, 0.001671, 0.001773, 0.001620, 0.001689, 0.001465, 0.001701, 0.001709, 0.001687, 0.001559, 0.001642, 0.001225, 0.001184, 0.001540, 0.001487, 0.001409, 0.001402, 0.001314, 0.001338, 0.001306, 0.001335, 0.001298, 0.001410, 0.001376, 0.001492, 0.001475, 0.001507, 0.001380, 0.001473, 0.001406, 0.001494, 0.001462, 0.001585, 0.001412, 0.001531, 0.001338, 0.001647, 0.000124, 0.001071, 0.001227, 0.001379, 0.001296, 0.001258, 0.001205, 0.001398, 0.001356, 0.001428, 0.001330, 0.001469, 0.001364, 0.001515, 0.001337, 0.001345, 0.001523, 0.001610, 0.001625, 0.001378, 0.001735, 0.001684
6 , 3, 3, 3, 0, 0, 0, 0
6 , 0.009867, 0.010641, 0.012318, 0.010881, 0.011421, 0.011709, 0.011741
7 , 0.001409, 0.001402, 0.001314, 0.001338, 0.001306, 0.001335, 0.001298, 0.001410, 0.001376, 0.001492, 0.001475, 0.001507, 0.001380, 0.001473, 0.001406, 0.001494, 0.001462, 0.001585, 0.001412, 0.001531, 0.001338, 0.001647, 0.000124, 0.001071, 0.001227, 0.001379, 0.001296, 0.001258, 0.001205, 0.001398, 0.001356, 0.001428, 0.001330, 0.001469, 0.001364, 0.001515, 0.001337, 0.001345, 0.001523, 0.001610, 0.001625, 0.001378, 0.001735, 0.001684, 0.001673, 0.001628, 0.001863, 0.000292, 0.001516, 0.001468, 0.001487, 0.001082, 0.001306, 0.001141, 0.001354, 0.001171, 0.001270, 0.001072, 0.001320, 0.001153, 0.001305, 0.001174, 0.001501, 0.001187, 0.001381, 0.001279, 0.001438, 0.001392, 0.001350, 0.001514, 0.000888, 0.001132, 0.001190, 0.001470, 0.001481, 0.001527, 0.001368, 0.001534, 0.001549, 0.001469, 0.001496, 0.001345, 0.001575, 0.001458, 0.001624, 0.001499, 0.001460, 0.001369, 0.001483, 0.001442, 0.001442, 0.001506
7 , 2, 2, 2, 2, 0, 0, 0
7 , 0.003516, 0.004137, 0.003685, 0.005223, 0.004629, 0.005878, 0.006312
8 , 0.001306, 0.001141, 0.001354, 0.001171, 0.001270, 0.001072, 0.001320, 0.001153, 0.001305, 0.001174, 0.001501, 0.001187, 0.001381, 0.001279, 0.001438, 0.001392, 0.001350, 0.001514, 0.000888, 0.001132, 0.001190, 0.001470, 0.001481, 0.001527, 0.001368, 0.001534, 0.001549, 0.001469, 0.001496, 0.001345, 0.001575, 0.001458, 0.001624, 0.001499, 0.001460, 0.001369, 0.001483, 0.001442, 0.001442, 0.001506, 0.001343, 0.001337, 0.001576, 0.000274, 0.001606, 0.001700, 0.001553, 0.001399, 0.001472, 0.001418, 0.001341, 0.001295, 0.001120, 0.001125, 0.001169, 0.001162, 0.001223, 0.001097, 0.001217, 0.001179, 0.001215, 0.001137, 0.001202, 0.001101, 0.001212, 0.001193, 0.001470, 0.001216, 0.001280, 0.000681, 0.001390, 0.001393, 0.001605, 0.001496, 0.001451, 0.001443, 0.001682, 0.001538, 0.001576, 0.001541, 0.001693, 0.001662, 0.001548, 0.001586, 0.001544, 0.001764, 0.001495, 0.001706, 0.001584, 0.001751, 0.001735, 0.001523
8 , 0, 0, 0, 0, 0, 0, 0
8 , 0.007554, 0.009160, 0.012042, 0.012033, 0.012183, 0.011265, 0.010796
9 , 0.001341, 0.001295, 0.001120, 0.001125, 0.001169, 0.001162, 0.001223, 0.001097, 0.001217, 0.001179, 0.001215, 0.001137, 0.001202, 0.001101, 0.001212, 0.001193, 0.001470, 0.001216, 0.001280, 0.000681, 0.001390, 0.001393, 0.001605, 0.001496, 0.001451, 0.001443, 0.001682, 0.001538, 0.001576, 0.001541, 0.001693, 0.001662, 0.001548, 0.001586, 0.001544, 0.001764, 0.001495, 0.001706, 0.001584, 0.001751, 0.001735, 0.001523, 0.001794, 0.001261, 0.001068, 0.001725, 0.001474, 0.001506, 0.001369, 0.001524, 0.001354, 0.001421, 0.001336, 0.001540, 0.001530, 0.001645, 0.001575, 0.001639, 0.001520, 0.001518, 0.001513, 0.001669, 0.001543, 0.001546, 0.001441, 0.001516, 0.001692, 0.000532, 0.000977, 0.000978, 0.001184, 0.001049, 0.001180, 0.001143, 0.001230, 0.001264, 0.001280, 0.001262, 0.001168, 0.001435, 0.001319, 0.001519, 0.001214, 0.001286, 0.001230, 0.001207, 0.001267, 0.001267, 0.001423, 0.001234, 0.001374, 0.001278
9 , 3, 3, 3, 3, 3, 3, 3
9 , 0.012287, 0.013044, 0.012318, 0.012039, 0.010837, 0.009956, 0.009673
10 , 0.001506, 0.001369, 0.001524, 0.001354, 0.001421, 0.001336, 0.001540, 0.001530, 0.001645, 0.001575, 0.001639, 0.001520, 0.001518, 0.001513, 0.001669, 0.001543, 0.001546, 0.001441, 0.001516, 0.001692, 0.000532, 0.000977, 0.000978, 0.001184, 0.001049, 0.001180, 0.001143, 0.001230, 0.001264, 0.001280, 0.001262, 0.001168, 0.001435, 0.001319, 0.001519, 0.001214, 0.001286, 0.001230, 0.001207, 0.001267, 0.001267, 0.001423, 0.001234, 0.001374, 0.001278, 0.001432, 0.001544, 0.000786, 0.001968, 0.001726, 0.001652, 0.001533, 0.001508, 0.001514, 0.001425, 0.001518, 0.001418, 0.001489, 0.001402, 0.001411, 0.001504, 0.001375, 0.001242, 0.001513, 0.001479, 0.001479, 0.001498, 0.001557, 0.001431, 0.001578, 0.001475, 0.001717, 0.001405, 0.001614, 0.001546, 0.001614, 0.001433, 0.001632, 0.001504, 0.001548, 0.001370, 0.001397, 0.001469, 0.001359, 0.001247, 0.001411, 0.001323, 0.001275, 0.001212, 0.001269, 0.001332, 0.001293
10 , 1, 1, 1, 1, 1, 1, 1
10 , 0.006949, 0.008301, 0.006602, 0.005651, 0.006574, 0.005152, 0.004123
11 , 0.000786, 0.001968, 0.001726, 0.001652, 0.001533, 0.001508, 0.001514, 0.001425, 0.001518, 0.001418, 0.001489, 0.001402, 0.001411, 0.001504, 0.001375, 0.001242, 0.001513, 0.001479, 0.001479, 0.001498, 0.001557, 0.001431, 0.001578, 0.001475, 0.001717, 0.001405, 0.001614, 0.001546, 0.001614, 0.001433, 0.001632, 0.001504, 0.001548, 0.001370, 0.001397, 0.001469, 0.001359, 0.001247, 0.001411, 0.001323, 0.001275, 0.001212, 0.001269, 0.001332, 0.001293, 0.001389, 0.001294, 0.001379, 0.001248, 0.001457, 0.001323, 0.001450, 0.001293, 0.001326, 0.001354, 0.001479, 0.001320, 0.001452, 0.001349, 0.001416, 0.001480, 0.001514, 0.001389, 0.001545, 0.001359, 0.001428, 0.001299, 0.001489, 0.001333, 0.001450, 0.001482, 0.001453, 0.001457, 0.001487, 0.001426, 0.001455, 0.001496, 0.001436, 0.001589, 0.001430, 0.001551, 0.001487, 0.001491, 0.001518, 0.001604, 0.001387, 0.001609, 0.001518, 0.001574, 0.001387, 0.001607, 0.001491
11 , 2, 2, 2, 2, 2, 2, 2
11 , 0.002578, 0.003017, 0.003407, 0.003251, 0.004236, 0.003722, 0.004007
12 , 0.001323, 0.001450, 0.001293, 0.001326, 0.001354, 0.001479, 0.001320, 0.001452, 0.001349, 0.001416, 0.001480, 0.001514, 0.001389, 0.001545, 0.001359, 0.001428, 0.001299, 0.001489, 0.001333, 0.001450, 0.001482, 0.001453, 0.001457, 0.001487, 0.001426, 0.001455, 0.001496, 0.001436, 0.001589, 0.001430, 0.001551, 0.001487, 0.001491, 0.001518, 0.001604, 0.001387, 0.001609, 0.001518, 0.001574, 0.001387, 0.001607, 0.001491, 0.001521, 0.001418, 0.001551, 0.001387, 0.001565, 0.001415, 0.001599, 0.001589, 0.001556, 0.001496, 0.001501, 0.001533, 0.001570, 0.001599, 0.001328, 0.001340, 0.001372, 0.001531, 0.001391, 0.001467, 0.001287, 0.001360, 0.001207, 0.001458, 0.001310, 0.001371, 0.001299, 0.001302, 0.001179, 0.001327, 0.001309, 0.001531, 0.001395, 0.001454, 0.001452, 0.001423, 0.001361, 0.001452, 0.001354, 0.001472, 0.001501, 0.001501, 0.001526, 0.001450, 0.001469, 0.001490, 0.001569, 0.001600, 0.001711, 0.001703
12 , 3, 3, 0, 0, 0, 0, 0
12 , 0.002878, 0.002354, 0.002421, 0.003447, 0.003794, 0.004395, 0.004684
13 , 0.001501, 0.001533, 0.001570, 0.001599, 0.001328, 0.001340, 0.001372, 0.001531, 0.001391, 0.001467, 0.001287, 0.001360, 0.001207, 0.001458, 0.001310, 0.001371, 0.001299, 0.001302, 0.001179, 0.001327, 0.001309, 0.001531, 0.001395, 0.001454, 0.001452, 0.001423, 0.001361, 0.001452, 0.001354, 0.001472, 0.001501, 0.001501, 0.001526, 0.001450, 0.001469, 0.001490, 0.001569, 0.001600, 0.001711, 0.001703, 0.001762, 0.001545, 0.001732, 0.001642, 0.001681, 0.001643, 0.001739, 0.001467, 0.001687, 0.001588, 0.001717, 0.001620, 0.001684, 0.001568, 0.001694, 0.001691, 0.001585, 0.001471, 0.001546, 0.001582, 0.001438, 0.001481, 0.001450, 0.001397, 0.001590, 0.001558, 0.001339, 0.001520, 0.001364, 0.001549, 0.001536, 0.001646, 0.001540, 0.001745, 0.001546, 0.001699, 0.001588, 0.001852, 0.001681, 0.001680, 0.001730, 0.001997, 0.001830, 0.001976, 0.001940, 0.001937, 0.001901, 0.001933, 0.001960, 0.001895, 0.001809, 0.001843
13 , 0, 0, 0, 0, 0, 0, 0
13 , 0.005577, 0.007041, 0.007976, 0.008659, 0.009015, 0.009848, 0.010102
14 , 0.001684, 0.001568, 0.001694, 0.001691, 0.001585, 0.001471, 0.001546, 0.001582, 0.001438, 0.001481, 0.001450, 0.001397, 0.001590, 0.001558, 0.001339, 0.001520, 0.001364, 0.001549, 0.001536, 0.001646, 0.001540, 0.001745, 0.001546, 0.001699, 0.001588, 0.001852, 0.001681, 0.001680, 0.001730, 0.001997, 0.001830, 0.001976, 0.001940, 0.001937, 0.001901, 0.001933, 0.001960, 0.001895, 0.001809, 0.001843, 0.002002, 0.001914, 0.001902, 0.001794, 0.001902, 0.001582, 0.001696, 0.001621, 0.001785, 0.001611, 0.001543, 0.001375, 0.001462, 0.001293, 0.001309, 0.001222, 0.001350, 0.001267, 0.001345, 0.001297, 0.001366, 0.001269, 0.001175, 0.001299, 0.001264, 0.001084, 0.001105, 0.001284, 0.001330, 0.001313, 0.001208, 0.001397, 0.001310, 0.001550, 0.001409, 0.001549, 0.001474, 0.001508, 0.001404, 0.001641, 0.001513, 0.001625, 0.001495, 0.001655, 0.001524, 0.001676, 0.001556, 0.001583, 0.001694, 0.001693, 0.001778, 0.001745
14 , 0, 0, 0, 0, 0, 0, 0
14 , 0.009278, 0.010411, 0.011364, 0.012215, 0.013090, 0.014011, 0.014422
15 , 0.001462, 0.001293, 0.001309, 0.001222, 0.001350, 0.001267, 0.001345, 0.001297, 0.001366, 0.001269, 0.001175, 0.001299, 0.001264, 0.001084, 0.001105, 0.001284, 0.001330, 0.001313, 0.001208, 0.001397, 0.001310, 0.001550, 0.001409, 0.001549, 0.001474, 0.001508, 0.001404, 0.001641, 0.001513, 0.001625, 0.001495, 0.001655, 0.001524, 0.001676, 0.001556, 0.001583, 0.001694, 0.001693, 0.001778, 0.001745, 0.001835, 0.001800, 0.001771, 0.001685, 0.001783, 0.001624, 0.001728, 0.001580, 0.001723, 0.001572, 0.001609, 0.001522, 0.001631, 0.001532, 0.001700, 0.001491, 0.001538, 0.001393, 0.001472, 0.001411, 0.001501, 0.001434, 0.001526, 0.001459, 0.001672, 0.001590, 0.001484, 0.001599, 0.001617, 0.001572, 0.001613, 0.001780, 0.001648, 0.001791, 0.001717, 0.001796, 0.001782, 0.002080, 0.001858, 0.002062, 0.001995, 0.002174, 0.002078, 0.002137, 0.002076, 0.002113, 0.002024, 0.002087, 0.001973, 0.001922, 0.001877, 0.001809
15 , 0, 0, 0, 0, 0, 0, 0
15 , 0.013497, 0.014568, 0.015473, 0.015787, 0.015802, 0.015793, 0.015451
16 , 0.001609, 0.001522, 0.001631, 0.001532, 0.001700, 0.001491, 0.001538, 0.001393, 0.001472, 0.001411, 0.001501, 0.001434, 0.001526, 0.001459, 0.001672, 0.001590, 0.001484, 0.001599, 0.001617, 0.001572, 0.001613, 0.001780, 0.001648, 0.001791, 0.001717, 0.001796, 0.001782, 0.002080, 0.001858, 0.002062, 0.001995, 0.002174, 0.002078, 0.002137, 0.002076, 0.002113, 0.002024, 0.002087, 0.001973, 0.001922, 0.001877, 0.001809, 0.001772, 0.001645, 0.001734, 0.001621, 0.001467, 0.001440, 0.001350, 0.001186, 0.001297, 0.001177, 0.001221, 0.001019, 0.001209, 0.001110, 0.001180, 0.001054, 0.001183, 0.001073, 0.001280, 0.001240, 0.001136, 0.001287, 0.001522, 0.001322, 0.001466, 0.001443, 0.001484, 0.001621, 0.001668, 0.001647, 0.001551, 0.001719, 0.001639, 0.001811, 0.001706, 0.001888, 0.001790, 0.001822, 0.001821, 0.001884, 0.001765, 0.001863, 0.001742, 0.001869, 0.001714, 0.001902, 0.001844, 0.001942, 0.001827, 0.001897
16 , 0, 0, 0, 0, 0, 0, 0
16 , 0.019059, 0.019935, 0.020261, 0.019766, 0.019351, 0.018706, 0.017602
