0 , 0.001908, 0.002157, 0.001898, 0.001985, 0.001964, 0.001998, 0.001897, 0.001981, 0.002038, 0.001902, 0.002014, 0.001982, 0.002130, 0.001877, 0.002054, 0.002098, 0.001849, 0.001950, 0.001705, 0.001898, 0.001797, 0.002107, 0.000988, 0.001051, 0.001502, 0.001421, 0.001544, 0.001348, 0.001318, 0.001342, 0.001405, 0.001248, 0.001494, 0.001391, 0.001514, 0.001387, 0.001565, 0.001500, 0.001562, 0.001346, 0.001505, 0.001412, 0.001514, 0.001475, 0.001340, 0.001441, 0.000101, 0.001655, 0.001426, 0.001554, 0.001723, 0.001709, 0.001854, 0.001682, 0.002087, 0.002012, 0.001951, 0.001652, 0.001935, 0.001938, 0.001955, 0.001999, 0.001810, 0.002036, 0.001851, 0.001885, 0.001743, 0.001979, 0.001988, 0.001840, 0.001790, 0.000505, 0.001412, 0.001585, 0.001442, 0.001295, 0.001240, 0.001306, 0.001187, 0.001039, 0.001105, 0.001113, 0.001058, 0.001125, 0.001128, 0.001157, 0.001246, 0.001126, 0.001062, 0.000936, 0.001149, 0.001139
0 , 1, 1, 1, 1, 1, 1, 1
0 , 0.021016, 0.023272, 0.024585, 0.029177, 0.025773, 0.024569, 0.024550
1 , 0.001554, 0.001723, 0.001709, 0.001854, 0.001682, 0.002087, 0.002012, 0.001951, 0.001652, 0.001935, 0.001938, 0.001955, 0.001999, 0.001810, 0.002036, 0.001851, 0.001885, 0.001743, 0.001979, 0.001988, 0.001840, 0.001790, 0.000505, 0.001412, 0.001585, 0.001442, 0.001295, 0.001240, 0.001306, 0.001187, 0.001039, 0.001105, 0.001113, 0.001058, 0.001125, 0.001128, 0.001157, 0.001246, 0.001126, 0.001062, 0.000936, 0.001149, 0.001139, 0.001172, 0.001122, 0.001185, 0.001309, 0.000621, 0.001399, 0.001767, 0.001483, 0.001797, 0.001824, 0.001830, 0.001624, 0.001682, 0.001897, 0.001759, 0.001725, 0.001554, 0.002001, 0.001783, 0.001736, 0.001777, 0.001740, 0.001911, 0.001958, 0.001992, 0.001909, 0.002112, 0.001889, 0.002173, 0.000404, 0.001269, 0.001281, 0.001364, 0.001327, 0.001265, 0.001384, 0.001198, 0.001389, 0.001232, 0.001445, 0.001225, 0.001351, 0.001160, 0.001438, 0.001272, 0.001458, 0.001299, 0.001420, 0.001226
1 , 1, 1, 1, 1, 1, 1, 1
1 , 0.017325, 0.021477, 0.023935, 0.026024, 0.027232, 0.025089, 0.024200
2 , 0.001483, 0.001797, 0.001824, 0.001830, 0.001624, 0.001682, 0.001897, 0.001759, 0.001725, 0.001554, 0.002001, 0.001783, 0.001736, 0.001777, 0.001740, 0.001911, 0.001958, 0.001992, 0.001909, 0.002112, 0.001889, 0.002173, 0.000404, 0.001269, 0.001281, 0.001364, 0.001327, 0.001265, 0.001384, 0.001198, 0.001389, 0.001232, 0.001445, 0.001225, 0.001351, 0.001160, 0.001438, 0.001272, 0.001458, 0.001299, 0.001420, 0.001226, 0.001350, 0.001255, 0.001353, 0.000939, 0.000756, 0.001692, 0.001638, 0.001514, 0.001675, 0.001665, 0.001719, 0.001655, 0.001688, 0.001823, 0.001857, 0.001907, 0.001715, 0.002049, 0.001719, 0.001898, 0.001837, 0.001861, 0.002077, 0.001938, 0.001790, 0.001759, 0.002066, 0.002177, 0.001339, 0.001272, 0.001262, 0.001271, 0.001217, 0.001305, 0.001237, 0.001269, 0.001114, 0.001265, 0.001164, 0.001230, 0.001168, 0.001282, 0.001209, 0.001269, 0.001266, 0.001257, 0.001346, 0.001349, 0.001384, 0.001413
2 , 1, 1, 1, 1, 1, 1, 1
2 , 0.016123, 0.019804, 0.023274, 0.025606, 0.022793, 0.021485, 0.020544
3 , 0.001514, 0.001675, 0.001665, 0.001719, 0.001655, 0.001688, 0.001823, 0.001857, 0.001907, 0.001715, 0.002049, 0.001719, 0.001898, 0.001837, 0.001861, 0.002077, 0.001938, 0.001790, 0.001759, 0.002066, 0.002177, 0.001339, 0.001272, 0.001262, 0.001271, 0.001217, 0.001305, 0.001237, 0.001269, 0.001114, 0.001265, 0.001164, 0.001230, 0.001168, 0.001282, 0.001209, 0.001269, 0.001266, 0.001257, 0.001346, 0.001349, 0.001384, 0.001413, 0.001298, 0.001296, 0.001195, 0.001381, 0.000167, 0.001590, 0.001794, 0.001822, 0.001677, 0.001981, 0.001913, 0.001977, 0.001827, 0.002064, 0.001981, 0.001923, 0.001711, 0.001836, 0.002113, 0.001955, 0.001969, 0.001776, 0.001959, 0.001962, 0.001864, 0.001880, 0.001925, 0.002081, 0.001922, 0.000617, 0.001589, 0.001230, 0.001267, 0.001269, 0.001179, 0.001212, 0.000998, 0.001149, 0.001115, 0.001246, 0.000978, 0.001165, 0.001020, 0.001152, 0.000911, 0.001035, 0.000977, 0.001107, 0.000866
3 , 1, 1, 1, 1, 1, 1, 1
3 , 0.019599, 0.023168, 0.026183, 0.027756, 0.031157, 0.029102, 0.028305
4 , 0.001822, 0.001677, 0.001981, 0.001913, 0.001977, 0.001827, 0.002064, 0.001981, 0.001923, 0.001711, 0.001836, 0.002113, 0.001955, 0.001969, 0.001776, 0.001959, 0.001962, 0.001864, 0.001880, 0.001925, 0.002081, 0.001922, 0.000617, 0.001589, 0.001230, 0.001267, 0.001269, 0.001179, 0.001212, 0.000998, 0.001149, 0.001115, 0.001246, 0.000978, 0.001165, 0.001020, 0.001152, 0.000911, 0.001035, 0.000977, 0.001107, 0.000866, 0.001139, 0.000957, 0.001265, 0.000302, 0.001482, 0.001982, 0.002035, 0.001838, 0.001916, 0.002073, 0.001872, 0.001954, 0.001793, 0.002080, 0.001875, 0.001959, 0.001757, 0.001898, 0.001969, 0.001915, 0.001962, 0.001827, 0.001999, 0.001969, 0.002063, 0.001955, 0.001820, 0.002284, 0.000443, 0.001690, 0.001502, 0.001522, 0.001474, 0.001465, 0.001365, 0.001572, 0.001477, 0.001566, 0.001559, 0.001680, 0.001581, 0.001673, 0.001670, 0.001635, 0.001665, 0.001667, 0.001577, 0.001578, 0.001643, 0.001498
4 , 1, 1, 1, 1, 1, 1, 1
4 , 0.020488, 0.023702, 0.028594, 0.027067, 0.024413, 0.023472, 0.021917
5 , 0.002035, 0.001838, 0.001916, 0.002073, 0.001872, 0.001954, 0.001793, 0.002080, 0.001875, 0.001959, 0.001757, 0.001898, 0.001969, 0.001915, 0.001962, 0.001827, 0.001999, 0.001969, 0.002063, 0.001955, 0.001820, 0.002284, 0.000443, 0.001690, 0.001502, 0.001522, 0.001474, 0.001465, 0.001365, 0.001572, 0.001477, 0.001566, 0.001559, 0.001680, 0.001581, 0.001673, 0.001670, 0.001635, 0.001665, 0.001667, 0.001577, 0.001578, 0.001643, 0.001498, 0.001482, 0.001376, 0.001403, 0.001221, 0.000865, 0.001849, 0.001947, 0.002031, 0.001901, 0.002097, 0.002275, 0.002300, 0.002350, 0.002261, 0.002524, 0.002463, 0.002560, 0.002243, 0.002283, 0.002353, 0.002175, 0.002162, 0.001997, 0.002133, 0.001918, 0.002033, 0.001682, 0.001880, 0.001403, 0.001320, 0.001713, 0.001663, 0.001510, 0.001384, 0.001448, 0.001509, 0.001448, 0.001422, 0.001276, 0.001279, 0.001346, 0.001235, 0.001215, 0.001288, 0.001173, 0.001215, 0.001070, 0.001228
5 , 1, 1, 1, 1, 1, 1, 1
5 , 0.018061, 0.021327, 0.023728, 0.025644, 0.024521, 0.025781, 0.024733
6 , 0.002031, 0.001901, 0.002097, 0.002275, 0.002300, 0.002350, 0.002261, 0.002524, 0.002463, 0.002560, 0.002243, 0.002283, 0.002353, 0.002175, 0.002162, 0.001997, 0.002133, 0.001918, 0.002033, 0.001682, 0.001880, 0.001403, 0.001320, 0.001713, 0.001663, 0.001510, 0.001384, 0.001448, 0.001509, 0.001448, 0.001422, 0.001276, 0.001279, 0.001346, 0.001235, 0.001215, 0.001288, 0.001173, 0.001215, 0.001070, 0.001228, 0.001291, 0.001357, 0.001078, 0.001360, 0.000421, 0.001972, 0.002031, 0.002216, 0.002061, 0.002110, 0.002106, 0.002311, 0.002246, 0.002269, 0.002152, 0.002262, 0.002231, 0.002129, 0.002181, 0.002067, 0.002186, 0.002064, 0.002123, 0.001820, 0.002029, 0.002033, 0.001986, 0.001932, 0.001724, 0.001814, 0.001831, 0.000747, 0.001852, 0.001472, 0.001446, 0.001381, 0.001357, 0.001298, 0.001298, 0.001364, 0.001303, 0.001402, 0.001281, 0.001348, 0.001226, 0.001326, 0.001146, 0.001339, 0.001221, 0.001385, 0.001145
6 , 1, 1, 1, 1, 1, 1, 1
6 , 0.030768, 0.033188, 0.036320, 0.035716, 0.034619, 0.032149, 0.031831
7 , 0.002216, 0.002061, 0.002110, 0.002106, 0.002311, 0.002246, 0.002269, 0.002152, 0.002262, 0.002231, 0.002129, 0.002181, 0.002067, 0.002186, 0.002064, 0.002123, 0.001820, 0.002029, 0.002033, 0.001986, 0.001932, 0.001724, 0.001814, 0.001831, 0.000747, 0.001852, 0.001472, 0.001446, 0.001381, 0.001357, 0.001298, 0.001298, 0.001364, 0.001303, 0.001402, 0.001281, 0.001348, 0.001226, 0.001326, 0.001146, 0.001339, 0.001221, 0.001385, 0.001145, 0.001306, 0.001057, 0.001130, 0.001073, 0.001136, 0.000960, 0.001236, 0.001140, 0.001146, 0.001047, 0.001264, 0.001072, 0.001129, 0.000997, 0.001097, 0.001179, 0.001175, 0.001171, 0.001318, 0.001185, 0.001277, 0.001249, 0.001211, 0.001308, 0.001154, 0.001280, 0.001311, 0.001308, 0.001150, 0.001374, 0.001149, 0.001365, 0.001209, 0.001331, 0.001239, 0.001452, 0.001324, 0.001449, 0.001292, 0.001420, 0.001239, 0.001214, 0.001191, 0.001497, 0.001192, 0.001344, 0.001253, 0.001315
7 , 2, 2, 2, 2, 2, 2, 2
7 , 0.017465, 0.020052, 0.020637, 0.020745, 0.020786, 0.021544, 0.019444
8 , 0.001140, 0.001146, 0.001047, 0.001264, 0.001072, 0.001129, 0.000997, 0.001097, 0.001179, 0.001175, 0.001171, 0.001318, 0.001185, 0.001277, 0.001249, 0.001211, 0.001308, 0.001154, 0.001280, 0.001311, 0.001308, 0.001150, 0.001374, 0.001149, 0.001365, 0.001209, 0.001331, 0.001239, 0.001452, 0.001324, 0.001449, 0.001292, 0.001420, 0.001239, 0.001214, 0.001191, 0.001497, 0.001192, 0.001344, 0.001253, 0.001315, 0.001244, 0.001458, 0.001264, 0.001265, 0.001230, 0.001437, 0.001316, 0.001414, 0.001319, 0.001474, 0.001325, 0.001296, 0.001353, 0.001380, 0.001384, 0.001320, 0.001508, 0.001505, 0.001258, 0.001163, 0.001324, 0.001323, 0.001361, 0.001210, 0.001278, 0.001209, 0.001343, 0.001188, 0.001291, 0.001205, 0.001310, 0.001284, 0.001323, 0.001195, 0.001298, 0.001137, 0.001227, 0.001192, 0.001320, 0.001226, 0.001284, 0.001274, 0.001184, 0.001183, 0.001236, 0.001172, 0.001258, 0.001162, 0.001186, 0.001372, 0.001308
8 , 3, 3, 3, 3, 3, 3, 3
8 , 0.005326, 0.005030, 0.004584, 0.004622, 0.004449, 0.004648, 0.004336
9 , 0.001437, 0.001316, 0.001414, 0.001319, 0.001474, 0.001325, 0.001296, 0.001353, 0.001380, 0.001384, 0.001320, 0.001508, 0.001505, 0.001258, 0.001163, 0.001324, 0.001323, 0.001361, 0.001210, 0.001278, 0.001209, 0.001343, 0.001188, 0.001291, 0.001205, 0.001310, 0.001284, 0.001323, 0.001195, 0.001298, 0.001137, 0.001227, 0.001192, 0.001320, 0.001226, 0.001284, 0.001274, 0.001184, 0.001183, 0.001236, 0.001172, 0.001258, 0.001162, 0.001186, 0.001372, 0.001308, 0.001186, 0.001216, 0.001276, 0.001243, 0.001399, 0.001303, 0.001400, 0.001244, 0.001371, 0.001185, 0.001430, 0.001308, 0.001553, 0.001278, 0.001374, 0.001315, 0.001232, 0.001135, 0.001238, 0.001058, 0.001148, 0.001177, 0.001209, 0.001202, 0.001171, 0.001147, 0.001210, 0.001326, 0.001326, 0.001387, 0.001226, 0.001196, 0.001285, 0.001286, 0.001186, 0.001339, 0.001213, 0.001510, 0.001324, 0.001354, 0.001287, 0.001379, 0.001222, 0.001350, 0.001195, 0.001445
9 , 1, 2, 2, 2, 2, 2, 2
9 , 0.002430, 0.002434, 0.002377, 0.002937, 0.002994, 0.003163, 0.002764
10 , 0.001303, 0.001400, 0.001244, 0.001371, 0.001185, 0.001430, 0.001308, 0.001553, 0.001278, 0.001374, 0.001315, 0.001232, 0.001135, 0.001238, 0.001058, 0.001148, 0.001177, 0.001209, 0.001202, 0.001171, 0.001147, 0.001210, 0.001326, 0.001326, 0.001387, 0.001226, 0.001196, 0.001285, 0.001286, 0.001186, 0.001339, 0.001213, 0.001510, 0.001324, 0.001354, 0.001287, 0.001379, 0.001222, 0.001350, 0.001195, 0.001445, 0.001411, 0.001323, 0.001257, 0.001418, 0.001265, 0.001271, 0.001278, 0.001344, 0.001375, 0.001323, 0.001176, 0.001334, 0.001187, 0.001188, 0.001255, 0.001192, 0.001226, 0.001255, 0.001136, 0.000954, 0.001171, 0.001012, 0.001249, 0.001114, 0.001263, 0.001047, 0.001318, 0.001247, 0.001425, 0.001255, 0.001526, 0.001182, 0.001453, 0.001448, 0.001510, 0.001353, 0.001353, 0.001347, 0.001413, 0.001382, 0.001534, 0.001380, 0.001417, 0.001363, 0.001273, 0.001429, 0.001370, 0.001346, 0.001287, 0.001384, 0.001174
10 , 0, 0, 0, 0, 0, 0, 0
10 , 0.003930, 0.004494, 0.004508, 0.004692, 0.004155, 0.004477, 0.004083
11 , 0.001375, 0.001323, 0.001176, 0.001334, 0.001187, 0.001188, 0.001255, 0.001192, 0.001226, 0.001255, 0.001136, 0.000954, 0.001171, 0.001012, 0.001249, 0.001114, 0.001263, 0.001047, 0.001318, 0.001247, 0.001425, 0.001255, 0.001526, 0.001182, 0.001453, 0.001448, 0.001510, 0.001353, 0.001353, 0.001347, 0.001413, 0.001382, 0.001534, 0.001380, 0.001417, 0.001363, 0.001273, 0.001429, 0.001370, 0.001346, 0.001287, 0.001384, 0.001174, 0.001307, 0.001248, 0.001291, 0.001172, 0.001273, 0.001124, 0.001256, 0.001047, 0.001187, 0.000919, 0.001082, 0.000988, 0.001086, 0.001014, 0.000989, 0.001049, 0.001042, 0.001033, 0.001125, 0.001082, 0.001143, 0.001085, 0.001047, 0.001158, 0.001208, 0.001230, 0.001229, 0.001250, 0.001211, 0.001428, 0.001231, 0.001256, 0.001217, 0.001339, 0.001243, 0.001460, 0.001305, 0.001550, 0.001332, 0.001609, 0.001453, 0.001425, 0.001308, 0.001370, 0.001279, 0.001381, 0.001259, 0.001354, 0.001283
11 , 0, 0, 0, 0, 0, 0, 0
11 , 0.008950, 0.009023, 0.008930, 0.008891, 0.008861, 0.008548, 0.008205
12 , 0.001273, 0.001124, 0.001256, 0.001047, 0.001187, 0.000919, 0.001082, 0.000988, 0.001086, 0.001014, 0.000989, 0.001049, 0.001042, 0.001033, 0.001125, 0.001082, 0.001143, 0.001085, 0.001047, 0.001158, 0.001208, 0.001230, 0.001229, 0.001250, 0.001211, 0.001428, 0.001231, 0.001256, 0.001217, 0.001339, 0.001243, 0.001460, 0.001305, 0.001550, 0.001332, 0.001609, 0.001453, 0.001425, 0.001308, 0.001370, 0.001279, 0.001381, 0.001259, 0.001354, 0.001283, 0.001525, 0.001336, 0.001337, 0.001426, 0.001456, 0.001333, 0.001361, 0.001483, 0.001295, 0.001414, 0.001350, 0.001473, 0.001403, 0.001585, 0.001368, 0.001461, 0.001401, 0.001496, 0.001350, 0.001388, 0.001455, 0.001466, 0.001350, 0.001460, 0.001310, 0.001389, 0.001209, 0.001280, 0.001194, 0.001192, 0.001040, 0.001162, 0.001161, 0.001180, 0.001265, 0.001237, 0.001444, 0.001253, 0.001435, 0.001396, 0.001451, 0.001290, 0.001500, 0.001345, 0.001349, 0.001408, 0.001410
12 , 3, 3, 3, 3, 3, 3, 3
12 , 0.007660, 0.008164, 0.008253, 0.008333, 0.008308, 0.008100, 0.007927
13 , 0.001456, 0.001333, 0.001361, 0.001483, 0.001295, 0.001414, 0.001350, 0.001473, 0.001403, 0.001585, 0.001368, 0.001461, 0.001401, 0.001496, 0.001350, 0.001388, 0.001455, 0.001466, 0.001350, 0.001460, 0.001310, 0.001389, 0.001209, 0.001280, 0.001194, 0.001192, 0.001040, 0.001162, 0.001161, 0.001180, 0.001265, 0.001237, 0.001444, 0.001253, 0.001435, 0.001396, 0.001451, 0.001290, 0.001500, 0.001345, 0.001349, 0.001408, 0.001410, 0.001258, 0.001391, 0.001394, 0.001460, 0.001219, 0.001293, 0.001208, 0.001242, 0.001181, 0.001244, 0.001183, 0.001271, 0.001356, 0.001475, 0.001383, 0.001404, 0.001448, 0.001346, 0.001524, 0.001549, 0.001543, 0.001510, 0.001600, 0.001411, 0.001694, 0.001509, 0.001636, 0.001358, 0.001450, 0.001480, 0.001697, 0.001546, 0.001492, 0.001434, 0.001473, 0.001385, 0.001420, 0.001387, 0.001475, 0.001387, 0.001446, 0.001467, 0.001502, 0.001442, 0.001560, 0.001526, 0.001492, 0.001544, 0.001508
13 , 2, 2, 2, 2, 2, 2, 2
13 , 0.004533, 0.004593, 0.004149, 0.004293, 0.004048, 0.003949, 0.003220
14 , 0.001219, 0.001293, 0.001208, 0.001242, 0.001181, 0.001244, 0.001183, 0.001271, 0.001356, 0.001475, 0.001383, 0.001404, 0.001448, 0.001346, 0.001524, 0.001549, 0.001543, 0.001510, 0.001600, 0.001411, 0.001694, 0.001509, 0.001636, 0.001358, 0.001450, 0.001480, 0.001697, 0.001546, 0.001492, 0.001434, 0.001473, 0.001385, 0.001420, 0.001387, 0.001475, 0.001387, 0.001446, 0.001467, 0.001502, 0.001442, 0.001560, 0.001526, 0.001492, 0.001544, 0.001508, 0.001693, 0.001635, 0.001638, 0.001577, 0.001611, 0.001435, 0.001532, 0.001436, 0.001648, 0.001436, 0.001624, 0.001251, 0.001436, 0.001428, 0.001523, 0.001343, 0.001499, 0.001377, 0.001350, 0.001405, 0.001562, 0.001534, 0.001531, 0.001378, 0.001501, 0.001498, 0.001372, 0.001431, 0.001374, 0.001409, 0.001381, 0.001387, 0.001324, 0.001422, 0.001335, 0.001407, 0.001163, 0.001505, 0.001322, 0.001424, 0.001183, 0.001346, 0.001255, 0.001191, 0.001220, 0.001375, 0.001194
14 , 3, 3, 3, 3, 3, 3, 3
14 , 0.005848, 0.005952, 0.005586, 0.005831, 0.005210, 0.005468, 0.005285
15 , 0.001638, 0.001577, 0.001611, 0.001435, 0.001532, 0.001436, 0.001648, 0.001436, 0.001624, 0.001251, 0.001436, 0.001428, 0.001523, 0.001343, 0.001499, 0.001377, 0.001350, 0.001405, 0.001562, 0.001534, 0.001531, 0.001378, 0.001501, 0.001498, 0.001372, 0.001431, 0.001374, 0.001409, 0.001381, 0.001387, 0.001324, 0.001422, 0.001335, 0.001407, 0.001163, 0.001505, 0.001322, 0.001424, 0.001183, 0.001346, 0.001255, 0.001191, 0.001220, 0.001375, 0.001194, 0.001312, 0.001181, 0.001238, 0.001290, 0.001314, 0.001305, 0.001297, 0.001413, 0.001345, 0.001436, 0.001429, 0.001461, 0.001426, 0.001424, 0.001392, 0.001482, 0.001509, 0.001575, 0.001514, 0.001516, 0.001357, 0.001573, 0.001360, 0.001433, 0.001282, 0.001439, 0.001377, 0.001418, 0.001417, 0.001454, 0.001359, 0.001396, 0.001220, 0.001286, 0.001254, 0.001374, 0.001281, 0.001158, 0.001313, 0.001318, 0.001291, 0.001257, 0.001254, 0.001188, 0.001372, 0.001307, 0.001519
15 , 1, 1, 1, 1, 1, 1, 1
15 , 0.004254, 0.004919, 0.004922, 0.005041, 0.005417, 0.005667, 0.005734
16 , 0.001413, 0.001345, 0.001436, 0.001429, 0.001461, 0.001426, 0.001424, 0.001392, 0.001482, 0.001509, 0.001575, 0.001514, 0.001516, 0.001357, 0.001573, 0.001360, 0.001433, 0.001282, 0.001439, 0.001377, 0.001418, 0.001417, 0.001454, 0.001359, 0.001396, 0.001220, 0.001286, 0.001254, 0.001374, 0.001281, 0.001158, 0.001313, 0.001318, 0.001291, 0.001257, 0.001254, 0.001188, 0.001372, 0.001307, 0.001519, 0.001266, 0.001425, 0.001270, 0.001396, 0.001271, 0.001305, 0.001214, 0.001394, 0.001358, 0.001392, 0.001272, 0.001280, 0.001303, 0.001375, 0.001314, 0.001343, 0.001311, 0.001310, 0.001253, 0.001375, 0.001285, 0.001287, 0.001259, 0.001232, 0.001326, 0.001282, 0.001346, 0.001215, 0.001332, 0.001234, 0.001330, 0.001320, 0.001528, 0.001426, 0.001605, 0.001389, 0.001541, 0.001328, 0.001480, 0.001445, 0.001533, 0.001346, 0.001440, 0.001442, 0.001473, 0.001440, 0.001444, 0.001445, 0.001356, 0.001482, 0.001178, 0.001489
16 , 2, 2, 2, 2, 2, 2, 2
16 , 0.004880, 0.005138, 0.005379, 0.005745, 0.005883, 0.005607, 0.005459
