0 , 0.001860, 0.001641, 0.001813, 0.001825, 0.001837, 0.001725, 0.001628, 0.001980, 0.001761, 0.001889, 0.001695, 0.001922, 0.001819, 0.001856, 0.001789, 0.001604, 0.001865, 0.001670, 0.001755, 0.001622, 0.001971, 0.001706, 0.001937, 0.000107, 0.001561, 0.001604, 0.001569, 0.001507, 0.001408, 0.001528, 0.001432, 0.001677, 0.001516, 0.001610, 0.001485, 0.001669, 0.001484, 0.001584, 0.001398, 0.001613, 0.001464, 0.001556, 0.001280, 0.001498, 0.001404, 0.001562, 0.001473, 0.000333, 0.001549, 0.001532, 0.001436, 0.001621, 0.001508, 0.001644, 0.001583, 0.001724, 0.001752, 0.001785, 0.001649, 0.001580, 0.001887, 0.001726, 0.001778, 0.001573, 0.001824, 0.001723, 0.001670, 0.001819, 0.001786, 0.001816, 0.001755, 0.001299, 0.001155, 0.001524, 0.001634, 0.001398, 0.001392, 0.001389, 0.001394, 0.001331, 0.001273, 0.001357, 0.001416, 0.001445, 0.001477, 0.001446, 0.001504, 0.001413, 0.001416, 0.001473, 0.001289, 0.001445
0 , 1, 1, 1, 1, 1, 1, 1
0 , 0.007194, 0.008304, 0.010761, 0.011895, 0.014525, 0.010839, 0.010728
1 , 0.001436, 0.001621, 0.001508, 0.001644, 0.001583, 0.001724, 0.001752, 0.001785, 0.001649, 0.001580, 0.001887, 0.001726, 0.001778, 0.001573, 0.001824, 0.001723, 0.001670, 0.001819, 0.001786, 0.001816, 0.001755, 0.001299, 0.001155, 0.001524, 0.001634, 0.001398, 0.001392, 0.001389, 0.001394, 0.001331, 0.001273, 0.001357, 0.001416, 0.001445, 0.001477, 0.001446, 0.001504, 0.001413, 0.001416, 0.001473, 0.001289, 0.001445, 0.001316, 0.001470, 0.001404, 0.001358, 0.001550, 0.000218, 0.001593, 0.001667, 0.001625, 0.001673, 0.001761, 0.001725, 0.001664, 0.001649, 0.001885, 0.001761, 0.001849, 0.001643, 0.001801, 0.001931, 0.001822, 0.001871, 0.001819, 0.001989, 0.001819, 0.001868, 0.001774, 0.001891, 0.001692, 0.001795, 0.000655, 0.001719, 0.001617, 0.001469, 0.001436, 0.001400, 0.001618, 0.001401, 0.001525, 0.001313, 0.001437, 0.001283, 0.001476, 0.001295, 0.001571, 0.001387, 0.001516, 0.001337, 0.001397, 0.001186
1 , 1, 1, 1, 1, 1, 1, 1
1 , 0.008332, 0.011033, 0.012664, 0.012827, 0.015634, 0.013966, 0.014314
2 , 0.001625, 0.001673, 0.001761, 0.001725, 0.001664, 0.001649, 0.001885, 0.001761, 0.001849, 0.001643, 0.001801, 0.001931, 0.001822, 0.001871, 0.001819, 0.001989, 0.001819, 0.001868, 0.001774, 0.001891, 0.001692, 0.001795, 0.000655, 0.001719, 0.001617, 0.001469, 0.001436, 0.001400, 0.001618, 0.001401, 0.001525, 0.001313, 0.001437, 0.001283, 0.001476, 0.001295, 0.001571, 0.001387, 0.001516, 0.001337, 0.001397, 0.001186, 0.001219, 0.001220, 0.001518, 0.000790, 0.001214, 0.001846, 0.001849, 0.001600, 0.001933, 0.001964, 0.001980, 0.001977, 0.002017, 0.002139, 0.002007, 0.002054, 0.001861, 0.002056, 0.001895, 0.001993, 0.001847, 0.001860, 0.002073, 0.001938, 0.001927, 0.001842, 0.001919, 0.001950, 0.001852, 0.001903, 0.000524, 0.001346, 0.001584, 0.001456, 0.001583, 0.001456, 0.001456, 0.001480, 0.001450, 0.001357, 0.001386, 0.001384, 0.001509, 0.001420, 0.001515, 0.001451, 0.001482, 0.001422, 0.001484, 0.001426
2 , 1, 1, 1, 1, 1, 1, 1
2 , 0.014269, 0.017213, 0.019838, 0.021610, 0.020012, 0.017789, 0.017539
3 , 0.001600, 0.001933, 0.001964, 0.001980, 0.001977, 0.002017, 0.002139, 0.002007, 0.002054, 0.001861, 0.002056, 0.001895, 0.001993, 0.001847, 0.001860, 0.002073, 0.001938, 0.001927, 0.001842, 0.001919, 0.001950, 0.001852, 0.001903, 0.000524, 0.001346, 0.001584, 0.001456, 0.001583, 0.001456, 0.001456, 0.001480, 0.001450, 0.001357, 0.001386, 0.001384, 0.001509, 0.001420, 0.001515, 0.001451, 0.001482, 0.001422, 0.001484, 0.001426, 0.001397, 0.001339, 0.001215, 0.001331, 0.001300, 0.001545, 0.000293, 0.001547, 0.001352, 0.001819, 0.001525, 0.001682, 0.001470, 0.001742, 0.001830, 0.001667, 0.001615, 0.001570, 0.001882, 0.001728, 0.001739, 0.001588, 0.001862, 0.001847, 0.001777, 0.001774, 0.001734, 0.001916, 0.001764, 0.001910, 0.001248, 0.001048, 0.001781, 0.001707, 0.001649, 0.001523, 0.001649, 0.001527, 0.001528, 0.001462, 0.001559, 0.001465, 0.001527, 0.001405, 0.001619, 0.001376, 0.001504, 0.001467, 0.001408
3 , 2, 2, 1, 1, 1, 1, 1
3 , 0.010259, 0.010839, 0.012383, 0.014000, 0.015852, 0.014228, 0.015553
4 , 0.001547, 0.001352, 0.001819, 0.001525, 0.001682, 0.001470, 0.001742, 0.001830, 0.001667, 0.001615, 0.001570, 0.001882, 0.001728, 0.001739, 0.001588, 0.001862, 0.001847, 0.001777, 0.001774, 0.001734, 0.001916, 0.001764, 0.001910, 0.001248, 0.001048, 0.001781, 0.001707, 0.001649, 0.001523, 0.001649, 0.001527, 0.001528, 0.001462, 0.001559, 0.001465, 0.001527, 0.001405, 0.001619, 0.001376, 0.001504, 0.001467, 0.001408, 0.001282, 0.001469, 0.001315, 0.001483, 0.001453, 0.000376, 0.001499, 0.001418, 0.001388, 0.001683, 0.001576, 0.001780, 0.001621, 0.001837, 0.001771, 0.001853, 0.001695, 0.001740, 0.001880, 0.001888, 0.001970, 0.001775, 0.001976, 0.001735, 0.001884, 0.001918, 0.001895, 0.001973, 0.001930, 0.002058, 0.000369, 0.001437, 0.001491, 0.001490, 0.001456, 0.001450, 0.001452, 0.001420, 0.001546, 0.001453, 0.001358, 0.001358, 0.001481, 0.001420, 0.001422, 0.001451, 0.001573, 0.001478, 0.001477, 0.001569
4 , 1, 1, 1, 1, 1, 1, 1
4 , 0.004655, 0.006506, 0.008296, 0.010917, 0.015295, 0.012703, 0.011518
5 , 0.001388, 0.001683, 0.001576, 0.001780, 0.001621, 0.001837, 0.001771, 0.001853, 0.001695, 0.001740, 0.001880, 0.001888, 0.001970, 0.001775, 0.001976, 0.001735, 0.001884, 0.001918, 0.001895, 0.001973, 0.001930, 0.002058, 0.000369, 0.001437, 0.001491, 0.001490, 0.001456, 0.001450, 0.001452, 0.001420, 0.001546, 0.001453, 0.001358, 0.001358, 0.001481, 0.001420, 0.001422, 0.001451, 0.001573, 0.001478, 0.001477, 0.001569, 0.001261, 0.001475, 0.001498, 0.001473, 0.001458, 0.001082, 0.000928, 0.001660, 0.001270, 0.001652, 0.001572, 0.001641, 0.001429, 0.001489, 0.001661, 0.001594, 0.001697, 0.001553, 0.001619, 0.001542, 0.001688, 0.001702, 0.001699, 0.001745, 0.001722, 0.001688, 0.001673, 0.001925, 0.001734, 0.002055, 0.000480, 0.001316, 0.001619, 0.001559, 0.001500, 0.001345, 0.001407, 0.001283, 0.001381, 0.001257, 0.001476, 0.001227, 0.001322, 0.001164, 0.001355, 0.001262, 0.001508, 0.001384, 0.001322, 0.001285
5 , 1, 1, 1, 1, 1, 1, 1
5 , 0.007527, 0.010064, 0.012007, 0.013972, 0.013825, 0.012747, 0.012118
6 , 0.001660, 0.001270, 0.001652, 0.001572, 0.001641, 0.001429, 0.001489, 0.001661, 0.001594, 0.001697, 0.001553, 0.001619, 0.001542, 0.001688, 0.001702, 0.001699, 0.001745, 0.001722, 0.001688, 0.001673, 0.001925, 0.001734, 0.002055, 0.000480, 0.001316, 0.001619, 0.001559, 0.001500, 0.001345, 0.001407, 0.001283, 0.001381, 0.001257, 0.001476, 0.001227, 0.001322, 0.001164, 0.001355, 0.001262, 0.001508, 0.001384, 0.001322, 0.001285, 0.001441, 0.001371, 0.001347, 0.001216, 0.000480, 0.001764, 0.001491, 0.001585, 0.001868, 0.001740, 0.001722, 0.001534, 0.001953, 0.001847, 0.001825, 0.001722, 0.001780, 0.001922, 0.001646, 0.001850, 0.001810, 0.001883, 0.001807, 0.001923, 0.001740, 0.001831, 0.002017, 0.001996, 0.001367, 0.001120, 0.001465, 0.001456, 0.001430, 0.001518, 0.001370, 0.001371, 0.001341, 0.001338, 0.001427, 0.001362, 0.001387, 0.001388, 0.001449, 0.001389, 0.001386, 0.001381, 0.001534, 0.001383, 0.001385
6 , 1, 1, 1, 1, 1, 1, 1
6 , 0.007846, 0.009121, 0.011845, 0.014559, 0.017279, 0.014142, 0.013629
7 , 0.001585, 0.001868, 0.001740, 0.001722, 0.001534, 0.001953, 0.001847, 0.001825, 0.001722, 0.001780, 0.001922, 0.001646, 0.001850, 0.001810, 0.001883, 0.001807, 0.001923, 0.001740, 0.001831, 0.002017, 0.001996, 0.001367, 0.001120, 0.001465, 0.001456, 0.001430, 0.001518, 0.001370, 0.001371, 0.001341, 0.001338, 0.001427, 0.001362, 0.001387, 0.001388, 0.001449, 0.001389, 0.001386, 0.001381, 0.001534, 0.001383, 0.001385, 0.001503, 0.001539, 0.001441, 0.001420, 0.001454, 0.000477, 0.001427, 0.001512, 0.001324, 0.001737, 0.001713, 0.001771, 0.001703, 0.001718, 0.001933, 0.001732, 0.001972, 0.001797, 0.002023, 0.002000, 0.001997, 0.001889, 0.001970, 0.002037, 0.001974, 0.002000, 0.001876, 0.002104, 0.001953, 0.002056, 0.000328, 0.001305, 0.001514, 0.001484, 0.001359, 0.001291, 0.001446, 0.001201, 0.001349, 0.001311, 0.001345, 0.001189, 0.001433, 0.001224, 0.001442, 0.001345, 0.001438, 0.001431, 0.001398, 0.001182
7 , 1, 1, 1, 1, 1, 1, 1
7 , 0.012446, 0.015439, 0.017635, 0.018694, 0.021175, 0.018766, 0.018078
8 , 0.001324, 0.001737, 0.001713, 0.001771, 0.001703, 0.001718, 0.001933, 0.001732, 0.001972, 0.001797, 0.002023, 0.002000, 0.001997, 0.001889, 0.001970, 0.002037, 0.001974, 0.002000, 0.001876, 0.002104, 0.001953, 0.002056, 0.000328, 0.001305, 0.001514, 0.001484, 0.001359, 0.001291, 0.001446, 0.001201, 0.001349, 0.001311, 0.001345, 0.001189, 0.001433, 0.001224, 0.001442, 0.001345, 0.001438, 0.001431, 0.001398, 0.001182, 0.001334, 0.001273, 0.001447, 0.000887, 0.000971, 0.001755, 0.001613, 0.001677, 0.001859, 0.001719, 0.001798, 0.001591, 0.001919, 0.001749, 0.001831, 0.001828, 0.001746, 0.001980, 0.001913, 0.001804, 0.001595, 0.001862, 0.001676, 0.001764, 0.001734, 0.001792, 0.001877, 0.001871, 0.000466, 0.001545, 0.001589, 0.001610, 0.001610, 0.001543, 0.001604, 0.001635, 0.001604, 0.001510, 0.001695, 0.001692, 0.001510, 0.001419, 0.001605, 0.001453, 0.001704, 0.001401, 0.001553, 0.001524, 0.001556, 0.001428
8 , 1, 1, 1, 1, 1, 1, 1
8 , 0.011858, 0.014927, 0.017816, 0.017979, 0.015452, 0.014781, 0.014422
9 , 0.001677, 0.001859, 0.001719, 0.001798, 0.001591, 0.001919, 0.001749, 0.001831, 0.001828, 0.001746, 0.001980, 0.001913, 0.001804, 0.001595, 0.001862, 0.001676, 0.001764, 0.001734, 0.001792, 0.001877, 0.001871, 0.000466, 0.001545, 0.001589, 0.001610, 0.001610, 0.001543, 0.001604, 0.001635, 0.001604, 0.001510, 0.001695, 0.001692, 0.001510, 0.001419, 0.001605, 0.001453, 0.001704, 0.001401, 0.001553, 0.001524, 0.001556, 0.001428, 0.001438, 0.001496, 0.001541, 0.001384, 0.000449, 0.001637, 0.001737, 0.001639, 0.001838, 0.001906, 0.001936, 0.001771, 0.001775, 0.002043, 0.001906, 0.001872, 0.001781, 0.002024, 0.001973, 0.001919, 0.001919, 0.001938, 0.001991, 0.001876, 0.001837, 0.001734, 0.001873, 0.001749, 0.001431, 0.001173, 0.001626, 0.001736, 0.001706, 0.001553, 0.001436, 0.001619, 0.001498, 0.001563, 0.001380, 0.001509, 0.001354, 0.001390, 0.001424, 0.001458, 0.001422, 0.001483, 0.001427, 0.001305, 0.001366
9 , 1, 1, 1, 1, 1, 1, 1
9 , 0.009801, 0.011632, 0.012979, 0.011663, 0.013678, 0.012851, 0.012575
10 , 0.001639, 0.001838, 0.001906, 0.001936, 0.001771, 0.001775, 0.002043, 0.001906, 0.001872, 0.001781, 0.002024, 0.001973, 0.001919, 0.001919, 0.001938, 0.001991, 0.001876, 0.001837, 0.001734, 0.001873, 0.001749, 0.001431, 0.001173, 0.001626, 0.001736, 0.001706, 0.001553, 0.001436, 0.001619, 0.001498, 0.001563, 0.001380, 0.001509, 0.001354, 0.001390, 0.001424, 0.001458, 0.001422, 0.001483, 0.001427, 0.001305, 0.001366, 0.001362, 0.001218, 0.001556, 0.000236, 0.001435, 0.001719, 0.001494, 0.001525, 0.001773, 0.001767, 0.001868, 0.001555, 0.001943, 0.001716, 0.001846, 0.001752, 0.001688, 0.001742, 0.001628, 0.001797, 0.001579, 0.001894, 0.001839, 0.001768, 0.001688, 0.001697, 0.001752, 0.001757, 0.001580, 0.001662, 0.000180, 0.001907, 0.001815, 0.001820, 0.001606, 0.001638, 0.001579, 0.001585, 0.001409, 0.001506, 0.001380, 0.001569, 0.001452, 0.001547, 0.001392, 0.001368, 0.001334, 0.001548, 0.001449, 0.001483
10 , 1, 1, 1, 1, 1, 1, 1
10 , 0.010102, 0.012243, 0.015697, 0.015630, 0.014891, 0.012219, 0.013154
11 , 0.001494, 0.001525, 0.001773, 0.001767, 0.001868, 0.001555, 0.001943, 0.001716, 0.001846, 0.001752, 0.001688, 0.001742, 0.001628, 0.001797, 0.001579, 0.001894, 0.001839, 0.001768, 0.001688, 0.001697, 0.001752, 0.001757, 0.001580, 0.001662, 0.000180, 0.001907, 0.001815, 0.001820, 0.001606, 0.001638, 0.001579, 0.001585, 0.001409, 0.001506, 0.001380, 0.001569, 0.001452, 0.001547, 0.001392, 0.001368, 0.001334, 0.001548, 0.001449, 0.001483, 0.001333, 0.001458, 0.001395, 0.001581, 0.001276, 0.001494, 0.001371, 0.001586, 0.001521, 0.001462, 0.001308, 0.001430, 0.001305, 0.001456, 0.001361, 0.001452, 0.001356, 0.001383, 0.001499, 0.001531, 0.001438, 0.001559, 0.001528, 0.001528, 0.001473, 0.001352, 0.001502, 0.001353, 0.001510, 0.001292, 0.001420, 0.001448, 0.001361, 0.001273, 0.001428, 0.001365, 0.001429, 0.001338, 0.001437, 0.001161, 0.001378, 0.001222, 0.001311, 0.001248, 0.001404, 0.001213, 0.001341, 0.001334
11 , 1, 1, 1, 1, 1, 1, 1
11 , 0.004143, 0.006367, 0.006881, 0.007556, 0.007397, 0.008454, 0.005276
12 , 0.001586, 0.001521, 0.001462, 0.001308, 0.001430, 0.001305, 0.001456, 0.001361, 0.001452, 0.001356, 0.001383, 0.001499, 0.001531, 0.001438, 0.001559, 0.001528, 0.001528, 0.001473, 0.001352, 0.001502, 0.001353, 0.001510, 0.001292, 0.001420, 0.001448, 0.001361, 0.001273, 0.001428, 0.001365, 0.001429, 0.001338, 0.001437, 0.001161, 0.001378, 0.001222, 0.001311, 0.001248, 0.001404, 0.001213, 0.001341, 0.001334, 0.001369, 0.001211, 0.001362, 0.001334, 0.001487, 0.001389, 0.001447, 0.001441, 0.001530, 0.001465, 0.001464, 0.001430, 0.001372, 0.001463, 0.001580, 0.001580, 0.001491, 0.001550, 0.001366, 0.001581, 0.001428, 0.001461, 0.001459, 0.001462, 0.001398, 0.001584, 0.001426, 0.001549, 0.001428, 0.001554, 0.001401, 0.001621, 0.001436, 0.001558, 0.001402, 0.001621, 0.001469, 0.001499, 0.001404, 0.001523, 0.001490, 0.001527, 0.001555, 0.001465, 0.001288, 0.001295, 0.001384, 0.001354, 0.001416, 0.001327, 0.001482
12 , 1, 1, 1, 1, 1, 1, 1
12 , 0.002318, 0.003061, 0.002829, 0.003326, 0.002904, 0.003194, 0.003200
13 , 0.001530, 0.001465, 0.001464, 0.001430, 0.001372, 0.001463, 0.001580, 0.001580, 0.001491, 0.001550, 0.001366, 0.001581, 0.001428, 0.001461, 0.001459, 0.001462, 0.001398, 0.001584, 0.001426, 0.001549, 0.001428, 0.001554, 0.001401, 0.001621, 0.001436, 0.001558, 0.001402, 0.001621, 0.001469, 0.001499, 0.001404, 0.001523, 0.001490, 0.001527, 0.001555, 0.001465, 0.001288, 0.001295, 0.001384, 0.001354, 0.001416, 0.001327, 0.001482, 0.001330, 0.001391, 0.001241, 0.001336, 0.001269, 0.001482, 0.001297, 0.001395, 0.001302, 0.001452, 0.001269, 0.001430, 0.001277, 0.001427, 0.001300, 0.001367, 0.001246, 0.001432, 0.001371, 0.001488, 0.001358, 0.001392, 0.001390, 0.001415, 0.001328, 0.001415, 0.001349, 0.001500, 0.001498, 0.001437, 0.001497, 0.001529, 0.001530, 0.001379, 0.001595, 0.001469, 0.001470, 0.001319, 0.001561, 0.001441, 0.001537, 0.001325, 0.001515, 0.001421, 0.001545, 0.001301, 0.001456, 0.001303, 0.001456
13 , 2, 2, 2, 2, 2, 2, 2
13 , 0.002552, 0.002887, 0.002902, 0.003026, 0.002669, 0.002943, 0.002658
14 , 0.001297, 0.001395, 0.001302, 0.001452, 0.001269, 0.001430, 0.001277, 0.001427, 0.001300, 0.001367, 0.001246, 0.001432, 0.001371, 0.001488, 0.001358, 0.001392, 0.001390, 0.001415, 0.001328, 0.001415, 0.001349, 0.001500, 0.001498, 0.001437, 0.001497, 0.001529, 0.001530, 0.001379, 0.001595, 0.001469, 0.001470, 0.001319, 0.001561, 0.001441, 0.001537, 0.001325, 0.001515, 0.001421, 0.001545, 0.001301, 0.001456, 0.001303, 0.001456, 0.001367, 0.001369, 0.001301, 0.001395, 0.001240, 0.001392, 0.001241, 0.001331, 0.001295, 0.001391, 0.001451, 0.001418, 0.001418, 0.001295, 0.001508, 0.001474, 0.001507, 0.001474, 0.001536, 0.001474, 0.001513, 0.001360, 0.001456, 0.001213, 0.001398, 0.001215, 0.001403, 0.001340, 0.001406, 0.001225, 0.001386, 0.001264, 0.001364, 0.001147, 0.001372, 0.001165, 0.001287, 0.001261, 0.001324, 0.001257, 0.001372, 0.001250, 0.001251, 0.001215, 0.001281, 0.001460, 0.001361, 0.001448, 0.001414
14 , 3, 3, 3, 3, 3, 3, 3
14 , 0.004125, 0.003700, 0.003629, 0.003378, 0.003109, 0.002791, 0.002549
15 , 0.001395, 0.001240, 0.001392, 0.001241, 0.001331, 0.001295, 0.001391, 0.001451, 0.001418, 0.001418, 0.001295, 0.001508, 0.001474, 0.001507, 0.001474, 0.001536, 0.001474, 0.001513, 0.001360, 0.001456, 0.001213, 0.001398, 0.001215, 0.001403, 0.001340, 0.001406, 0.001225, 0.001386, 0.001264, 0.001364, 0.001147, 0.001372, 0.001165, 0.001287, 0.001261, 0.001324, 0.001257, 0.001372, 0.001250, 0.001251, 0.001215, 0.001281, 0.001460, 0.001361, 0.001448, 0.001414, 0.001382, 0.001291, 0.001323, 0.001319, 0.001386, 0.001203, 0.001271, 0.001212, 0.001344, 0.001035, 0.001249, 0.001151, 0.001312, 0.001184, 0.001342, 0.001216, 0.001306, 0.001307, 0.001347, 0.001162, 0.001261, 0.001264, 0.001142, 0.001057, 0.001120, 0.001065, 0.001159, 0.001191, 0.001098, 0.001191, 0.001007, 0.001046, 0.000980, 0.001044, 0.000947, 0.001183, 0.001085, 0.001207, 0.001111, 0.001319, 0.001183, 0.001365, 0.001323, 0.001434, 0.001367, 0.001484
15 , 1, 1, 1, 1, 1, 1, 2
15 , 0.004981, 0.004479, 0.003458, 0.002944, 0.002145, 0.001910, 0.001889
16 , 0.001382, 0.001291, 0.001323, 0.001319, 0.001386, 0.001203, 0.001271, 0.001212, 0.001344, 0.001035, 0.001249, 0.001151, 0.001312, 0.001184, 0.001342, 0.001216, 0.001306, 0.001307, 0.001347, 0.001162, 0.001261, 0.001264, 0.001142, 0.001057, 0.001120, 0.001065, 0.001159, 0.001191, 0.001098, 0.001191, 0.001007, 0.001046, 0.000980, 0.001044, 0.000947, 0.001183, 0.001085, 0.001207, 0.001111, 0.001319, 0.001183, 0.001365, 0.001323, 0.001434, 0.001367, 0.001484, 0.001384, 0.001474, 0.001315, 0.001497, 0.001401, 0.001495, 0.001466, 0.001468, 0.001405, 0.001502, 0.001475, 0.001476, 0.001542, 0.001296, 0.001391, 0.001337, 0.001401, 0.001277, 0.001372, 0.001245, 0.001342, 0.001255, 0.001350, 0.001226, 0.001384, 0.001228, 0.001385, 0.001234, 0.001236, 0.001263, 0.001359, 0.001176, 0.001181, 0.001182, 0.001304, 0.001179, 0.001183, 0.001156, 0.001219, 0.001250, 0.001303, 0.001270, 0.001273, 0.001365, 0.001267, 0.001366
16 , 1, 1, 1, 1, 1, 1, 1
16 , 0.006784, 0.006349, 0.005639, 0.005389, 0.004565, 0.004226, 0.003441
