0 , 0.001749, 0.001695, 0.001648, 0.001947, 0.001803, 0.001958, 0.001795, 0.002065, 0.001976, 0.002086, 0.002086, 0.002123, 0.002275, 0.002180, 0.002095, 0.001910, 0.002107, 0.001949, 0.001976, 0.001864, 0.001980, 0.002040, 0.001975, 0.000563, 0.001560, 0.001396, 0.001516, 0.001515, 0.001451, 0.001574, 0.001478, 0.001662, 0.001356, 0.001480, 0.001237, 0.001421, 0.001482, 0.001514, 0.001301, 0.001576, 0.001363, 0.001425, 0.001273, 0.001489, 0.001338, 0.001607, 0.000839, 0.001231, 0.001769, 0.001783, 0.001717, 0.001783, 0.001963, 0.001817, 0.001845, 0.001751, 0.001872, 0.001844, 0.001930, 0.001773, 0.001919, 0.001916, 0.001872, 0.001894, 0.001905, 0.001974, 0.001990, 0.002021, 0.001871, 0.001915, 0.002175, 0.000616, 0.001631, 0.001455, 0.001513, 0.001240, 0.001390, 0.001323, 0.001477, 0.001326, 0.001357, 0.001326, 0.001359, 0.001387, 0.001357, 0.001325, 0.001418, 0.001293, 0.001294, 0.001293, 0.001353, 0.001291
0 , 1, 1, 1, 1, 1, 1, 1
0 , 0.015532, 0.017411, 0.020447, 0.024421, 0.024101, 0.021934, 0.021308
1 , 0.001783, 0.001717, 0.001783, 0.001963, 0.001817, 0.001845, 0.001751, 0.001872, 0.001844, 0.001930, 0.001773, 0.001919, 0.001916, 0.001872, 0.001894, 0.001905, 0.001974, 0.001990, 0.002021, 0.001871, 0.001915, 0.002175, 0.000616, 0.001631, 0.001455, 0.001513, 0.001240, 0.001390, 0.001323, 0.001477, 0.001326, 0.001357, 0.001326, 0.001359, 0.001387, 0.001357, 0.001325, 0.001418, 0.001293, 0.001294, 0.001293, 0.001353, 0.001291, 0.001290, 0.001322, 0.001440, 0.001386, 0.001263, 0.000648, 0.001740, 0.001821, 0.001806, 0.001760, 0.001935, 0.001944, 0.001797, 0.001803, 0.001828, 0.001894, 0.001891, 0.001914, 0.001811, 0.001944, 0.001922, 0.001947, 0.001866, 0.001734, 0.001850, 0.001773, 0.001899, 0.001770, 0.002038, 0.001689, 0.000998, 0.001641, 0.001442, 0.001416, 0.001352, 0.001384, 0.001416, 0.001359, 0.001331, 0.001150, 0.001214, 0.001179, 0.001306, 0.001303, 0.001330, 0.001146, 0.001363, 0.001303, 0.001330
1 , 1, 1, 1, 1, 1, 1, 1
1 , 0.015268, 0.017709, 0.019924, 0.021943, 0.021706, 0.023915, 0.022434
2 , 0.001806, 0.001760, 0.001935, 0.001944, 0.001797, 0.001803, 0.001828, 0.001894, 0.001891, 0.001914, 0.001811, 0.001944, 0.001922, 0.001947, 0.001866, 0.001734, 0.001850, 0.001773, 0.001899, 0.001770, 0.002038, 0.001689, 0.000998, 0.001641, 0.001442, 0.001416, 0.001352, 0.001384, 0.001416, 0.001359, 0.001331, 0.001150, 0.001214, 0.001179, 0.001306, 0.001303, 0.001330, 0.001146, 0.001363, 0.001303, 0.001330, 0.001235, 0.001418, 0.001124, 0.001440, 0.000011, 0.001709, 0.001861, 0.001871, 0.001919, 0.001858, 0.001909, 0.002151, 0.001874, 0.001946, 0.001764, 0.002024, 0.001883, 0.001833, 0.001916, 0.001822, 0.002027, 0.001803, 0.001996, 0.001781, 0.001883, 0.001792, 0.001919, 0.001941, 0.001864, 0.001934, 0.002078, 0.000419, 0.001664, 0.001507, 0.001298, 0.001356, 0.001233, 0.001291, 0.001413, 0.001445, 0.001230, 0.001292, 0.001079, 0.001265, 0.001109, 0.001236, 0.001199, 0.001290, 0.001163, 0.001408, 0.001286
2 , 1, 1, 1, 1, 1, 1, 1
2 , 0.019141, 0.021870, 0.026503, 0.027225, 0.026498, 0.023953, 0.023011
3 , 0.001919, 0.001858, 0.001909, 0.002151, 0.001874, 0.001946, 0.001764, 0.002024, 0.001883, 0.001833, 0.001916, 0.001822, 0.002027, 0.001803, 0.001996, 0.001781, 0.001883, 0.001792, 0.001919, 0.001941, 0.001864, 0.001934, 0.002078, 0.000419, 0.001664, 0.001507, 0.001298, 0.001356, 0.001233, 0.001291, 0.001413, 0.001445, 0.001230, 0.001292, 0.001079, 0.001265, 0.001109, 0.001236, 0.001199, 0.001290, 0.001163, 0.001408, 0.001286, 0.001349, 0.001166, 0.001379, 0.001261, 0.001468, 0.000751, 0.001190, 0.001754, 0.001816, 0.001772, 0.001741, 0.002093, 0.001850, 0.002087, 0.001805, 0.001990, 0.002064, 0.002177, 0.002001, 0.002053, 0.002089, 0.002077, 0.002144, 0.002041, 0.002141, 0.002132, 0.002202, 0.002114, 0.002020, 0.002303, 0.000797, 0.001555, 0.001474, 0.001435, 0.001313, 0.001464, 0.001278, 0.001432, 0.001310, 0.001376, 0.001252, 0.001564, 0.001230, 0.001326, 0.001199, 0.001292, 0.001198, 0.001294, 0.001140
3 , 1, 1, 1, 1, 1, 1, 1
3 , 0.018033, 0.020940, 0.023157, 0.025721, 0.027772, 0.028571, 0.027851
4 , 0.001816, 0.001772, 0.001741, 0.002093, 0.001850, 0.002087, 0.001805, 0.001990, 0.002064, 0.002177, 0.002001, 0.002053, 0.002089, 0.002077, 0.002144, 0.002041, 0.002141, 0.002132, 0.002202, 0.002114, 0.002020, 0.002303, 0.000797, 0.001555, 0.001474, 0.001435, 0.001313, 0.001464, 0.001278, 0.001432, 0.001310, 0.001376, 0.001252, 0.001564, 0.001230, 0.001326, 0.001199, 0.001292, 0.001198, 0.001294, 0.001140, 0.001288, 0.001287, 0.001352, 0.001171, 0.001469, 0.000625, 0.001737, 0.001854, 0.001846, 0.001848, 0.001940, 0.002091, 0.002049, 0.002083, 0.001852, 0.002129, 0.002195, 0.002068, 0.002013, 0.001931, 0.002190, 0.002038, 0.002057, 0.001933, 0.002030, 0.002123, 0.001864, 0.001866, 0.001886, 0.001805, 0.000890, 0.001734, 0.001513, 0.001550, 0.001454, 0.001396, 0.001272, 0.001335, 0.001274, 0.001336, 0.001243, 0.001431, 0.001341, 0.001282, 0.001190, 0.001348, 0.001312, 0.001375, 0.001377, 0.001377, 0.001345
4 , 1, 1, 1, 1, 1, 1, 1
4 , 0.021983, 0.025472, 0.027778, 0.031645, 0.028412, 0.028167, 0.027504
5 , 0.001846, 0.001848, 0.001940, 0.002091, 0.002049, 0.002083, 0.001852, 0.002129, 0.002195, 0.002068, 0.002013, 0.001931, 0.002190, 0.002038, 0.002057, 0.001933, 0.002030, 0.002123, 0.001864, 0.001866, 0.001886, 0.001805, 0.000890, 0.001734, 0.001513, 0.001550, 0.001454, 0.001396, 0.001272, 0.001335, 0.001274, 0.001336, 0.001243, 0.001431, 0.001341, 0.001282, 0.001190, 0.001348, 0.001312, 0.001375, 0.001377, 0.001377, 0.001345, 0.001315, 0.001344, 0.001201, 0.001367, 0.000248, 0.001762, 0.001657, 0.001886, 0.001967, 0.002074, 0.001840, 0.002122, 0.002019, 0.001964, 0.001931, 0.002034, 0.002137, 0.001944, 0.002132, 0.001847, 0.002129, 0.002013, 0.002010, 0.001927, 0.001936, 0.002032, 0.001963, 0.002021, 0.001936, 0.000083, 0.001610, 0.001578, 0.001487, 0.001423, 0.001454, 0.001422, 0.001361, 0.001331, 0.001363, 0.001424, 0.001269, 0.001390, 0.001541, 0.001294, 0.001509, 0.001385, 0.001507, 0.001323, 0.001476
5 , 1, 1, 1, 1, 1, 1, 1
5 , 0.019864, 0.022840, 0.025075, 0.026661, 0.028588, 0.025344, 0.024892
6 , 0.001886, 0.001967, 0.002074, 0.001840, 0.002122, 0.002019, 0.001964, 0.001931, 0.002034, 0.002137, 0.001944, 0.002132, 0.001847, 0.002129, 0.002013, 0.002010, 0.001927, 0.001936, 0.002032, 0.001963, 0.002021, 0.001936, 0.000083, 0.001610, 0.001578, 0.001487, 0.001423, 0.001454, 0.001422, 0.001361, 0.001331, 0.001363, 0.001424, 0.001269, 0.001390, 0.001541, 0.001294, 0.001509, 0.001385, 0.001507, 0.001323, 0.001476, 0.001381, 0.001506, 0.001441, 0.001260, 0.001000, 0.001795, 0.001463, 0.001767, 0.001762, 0.001891, 0.001637, 0.001869, 0.001969, 0.001864, 0.001856, 0.001900, 0.002085, 0.001902, 0.002029, 0.001780, 0.002051, 0.002100, 0.001976, 0.001979, 0.001906, 0.002131, 0.001834, 0.002209, 0.000758, 0.001154, 0.001539, 0.001590, 0.001499, 0.001371, 0.001491, 0.001364, 0.001547, 0.001449, 0.001663, 0.001448, 0.001570, 0.001416, 0.001506, 0.001442, 0.001593, 0.001469, 0.001683, 0.001530, 0.001562, 0.001530
6 , 1, 1, 1, 1, 1, 1, 1
6 , 0.017386, 0.020319, 0.022935, 0.023136, 0.018543, 0.018447, 0.017701
7 , 0.001767, 0.001762, 0.001891, 0.001637, 0.001869, 0.001969, 0.001864, 0.001856, 0.001900, 0.002085, 0.001902, 0.002029, 0.001780, 0.002051, 0.002100, 0.001976, 0.001979, 0.001906, 0.002131, 0.001834, 0.002209, 0.000758, 0.001154, 0.001539, 0.001590, 0.001499, 0.001371, 0.001491, 0.001364, 0.001547, 0.001449, 0.001663, 0.001448, 0.001570, 0.001416, 0.001506, 0.001442, 0.001593, 0.001469, 0.001683, 0.001530, 0.001562, 0.001530, 0.001592, 0.001499, 0.001474, 0.001470, 0.000172, 0.001739, 0.001598, 0.001513, 0.001785, 0.001725, 0.001902, 0.001839, 0.002016, 0.002015, 0.002146, 0.002068, 0.002062, 0.002244, 0.002041, 0.002202, 0.001944, 0.002165, 0.002105, 0.002099, 0.002035, 0.002023, 0.002104, 0.002098, 0.001721, 0.000877, 0.001517, 0.001567, 0.001384, 0.001377, 0.001343, 0.001460, 0.001395, 0.001391, 0.001478, 0.001539, 0.001568, 0.001475, 0.001505, 0.001442, 0.001474, 0.001504, 0.001596, 0.001566, 0.001506
7 , 1, 1, 1, 1, 1, 1, 1
7 , 0.014514, 0.016631, 0.018950, 0.018754, 0.020829, 0.018822, 0.018145
8 , 0.001513, 0.001785, 0.001725, 0.001902, 0.001839, 0.002016, 0.002015, 0.002146, 0.002068, 0.002062, 0.002244, 0.002041, 0.002202, 0.001944, 0.002165, 0.002105, 0.002099, 0.002035, 0.002023, 0.002104, 0.002098, 0.001721, 0.000877, 0.001517, 0.001567, 0.001384, 0.001377, 0.001343, 0.001460, 0.001395, 0.001391, 0.001478, 0.001539, 0.001568, 0.001475, 0.001505, 0.001442, 0.001474, 0.001504, 0.001596, 0.001566, 0.001506, 0.001564, 0.001598, 0.001804, 0.000559, 0.001167, 0.001552, 0.001540, 0.001576, 0.001808, 0.001773, 0.001869, 0.001809, 0.002121, 0.001946, 0.001952, 0.001915, 0.002125, 0.002061, 0.002119, 0.002089, 0.001925, 0.002052, 0.001937, 0.002039, 0.001971, 0.002081, 0.001934, 0.002022, 0.000179, 0.001509, 0.001420, 0.001425, 0.001367, 0.001246, 0.001307, 0.001184, 0.001277, 0.001185, 0.001245, 0.001151, 0.001250, 0.001155, 0.001281, 0.001188, 0.001343, 0.001132, 0.001321, 0.001046, 0.001171, 0.001049
8 , 1, 1, 1, 1, 1, 1, 1
8 , 0.020054, 0.023305, 0.027517, 0.026337, 0.025293, 0.025200, 0.024964
9 , 0.001540, 0.001576, 0.001808, 0.001773, 0.001869, 0.001809, 0.002121, 0.001946, 0.001952, 0.001915, 0.002125, 0.002061, 0.002119, 0.002089, 0.001925, 0.002052, 0.001937, 0.002039, 0.001971, 0.002081, 0.001934, 0.002022, 0.000179, 0.001509, 0.001420, 0.001425, 0.001367, 0.001246, 0.001307, 0.001184, 0.001277, 0.001185, 0.001245, 0.001151, 0.001250, 0.001155, 0.001281, 0.001188, 0.001343, 0.001132, 0.001321, 0.001046, 0.001171, 0.001049, 0.001199, 0.001102, 0.001343, 0.000830, 0.001245, 0.001984, 0.001913, 0.001855, 0.001971, 0.001968, 0.001970, 0.001882, 0.002018, 0.002143, 0.001947, 0.001930, 0.001894, 0.001998, 0.001912, 0.001983, 0.001760, 0.001811, 0.001915, 0.001785, 0.001707, 0.001758, 0.001803, 0.001933, 0.000771, 0.001711, 0.001598, 0.001686, 0.001505, 0.001568, 0.001536, 0.001629, 0.001478, 0.001480, 0.001391, 0.001425, 0.001244, 0.001277, 0.001344, 0.001318, 0.001231, 0.001206, 0.001212, 0.001216
9 , 1, 1, 1, 1, 1, 1, 1
9 , 0.018398, 0.021811, 0.024612, 0.026807, 0.026639, 0.026043, 0.025486
10 , 0.001984, 0.001913, 0.001855, 0.001971, 0.001968, 0.001970, 0.001882, 0.002018, 0.002143, 0.001947, 0.001930, 0.001894, 0.001998, 0.001912, 0.001983, 0.001760, 0.001811, 0.001915, 0.001785, 0.001707, 0.001758, 0.001803, 0.001933, 0.000771, 0.001711, 0.001598, 0.001686, 0.001505, 0.001568, 0.001536, 0.001629, 0.001478, 0.001480, 0.001391, 0.001425, 0.001244, 0.001277, 0.001344, 0.001318, 0.001231, 0.001206, 0.001212, 0.001216, 0.001193, 0.001092, 0.001044, 0.001148, 0.000596, 0.001835, 0.001840, 0.001992, 0.001822, 0.002016, 0.002067, 0.001990, 0.001855, 0.002030, 0.002082, 0.001880, 0.001874, 0.001671, 0.001887, 0.001798, 0.001740, 0.001664, 0.001773, 0.001940, 0.001727, 0.001775, 0.001694, 0.001841, 0.001739, 0.001745, 0.001406, 0.000793, 0.001630, 0.001626, 0.001690, 0.001536, 0.001568, 0.001477, 0.001478, 0.001448, 0.001449, 0.001360, 0.001365, 0.001191, 0.001291, 0.001086, 0.001283, 0.001082, 0.001182
10 , 1, 1, 1, 1, 1, 1, 1
10 , 0.014010, 0.016162, 0.019065, 0.021629, 0.024769, 0.023121, 0.022904
11 , 0.001992, 0.001822, 0.002016, 0.002067, 0.001990, 0.001855, 0.002030, 0.002082, 0.001880, 0.001874, 0.001671, 0.001887, 0.001798, 0.001740, 0.001664, 0.001773, 0.001940, 0.001727, 0.001775, 0.001694, 0.001841, 0.001739, 0.001745, 0.001406, 0.000793, 0.001630, 0.001626, 0.001690, 0.001536, 0.001568, 0.001477, 0.001478, 0.001448, 0.001449, 0.001360, 0.001365, 0.001191, 0.001291, 0.001086, 0.001283, 0.001082, 0.001182, 0.001027, 0.001097, 0.000915, 0.001038, 0.001036, 0.001131, 0.000849, 0.001161, 0.000973, 0.001242, 0.001022, 0.001210, 0.001049, 0.001264, 0.001163, 0.001341, 0.001208, 0.001386, 0.001408, 0.001343, 0.001334, 0.001482, 0.001416, 0.001598, 0.001503, 0.001592, 0.001804, 0.001681, 0.001560, 0.001468, 0.001590, 0.001528, 0.001650, 0.001619, 0.001621, 0.001590, 0.001653, 0.001501, 0.001624, 0.001595, 0.001750, 0.001476, 0.001571, 0.001388, 0.001393, 0.001212, 0.001368, 0.001245, 0.001463, 0.001311
11 , 2, 2, 2, 2, 2, 2, 2
11 , 0.016658, 0.017087, 0.017034, 0.016862, 0.016859, 0.016013, 0.013969
12 , 0.001131, 0.000849, 0.001161, 0.000973, 0.001242, 0.001022, 0.001210, 0.001049, 0.001264, 0.001163, 0.001341, 0.001208, 0.001386, 0.001408, 0.001343, 0.001334, 0.001482, 0.001416, 0.001598, 0.001503, 0.001592, 0.001804, 0.001681, 0.001560, 0.001468, 0.001590, 0.001528, 0.001650, 0.001619, 0.001621, 0.001590, 0.001653, 0.001501, 0.001624, 0.001595, 0.001750, 0.001476, 0.001571, 0.001388, 0.001393, 0.001212, 0.001368, 0.001245, 0.001463, 0.001311, 0.001436, 0.001345, 0.001442, 0.001286, 0.001440, 0.001349, 0.001351, 0.001201, 0.001326, 0.001265, 0.001326, 0.001349, 0.001262, 0.001293, 0.001325, 0.001357, 0.001262, 0.001320, 0.001349, 0.001439, 0.001255, 0.001377, 0.001313, 0.001404, 0.001375, 0.001436, 0.001278, 0.001430, 0.001245, 0.001550, 0.001393, 0.001486, 0.001393, 0.001513, 0.001361, 0.001633, 0.001507, 0.001509, 0.001387, 0.001631, 0.001481, 0.001485, 0.001364, 0.001459, 0.001428, 0.001368, 0.001308
12 , 0, 0, 0, 0, 0, 0, 0
12 , 0.010219, 0.009370, 0.008716, 0.007270, 0.006739, 0.005551, 0.005601
13 , 0.001345, 0.001442, 0.001286, 0.001440, 0.001349, 0.001351, 0.001201, 0.001326, 0.001265, 0.001326, 0.001349, 0.001262, 0.001293, 0.001325, 0.001357, 0.001262, 0.001320, 0.001349, 0.001439, 0.001255, 0.001377, 0.001313, 0.001404, 0.001375, 0.001436, 0.001278, 0.001430, 0.001245, 0.001550, 0.001393, 0.001486, 0.001393, 0.001513, 0.001361, 0.001633, 0.001507, 0.001509, 0.001387, 0.001631, 0.001481, 0.001485, 0.001364, 0.001459, 0.001428, 0.001368, 0.001308, 0.001372, 0.001371, 0.001434, 0.001316, 0.001350, 0.001293, 0.001236, 0.001241, 0.001085, 0.001208, 0.001356, 0.001206, 0.001084, 0.001329, 0.001266, 0.001301, 0.001177, 0.001391, 0.001207, 0.001392, 0.001230, 0.001320, 0.001165, 0.001345, 0.001338, 0.001396, 0.001453, 0.001513, 0.001570, 0.001571, 0.001415, 0.001565, 0.001565, 0.001596, 0.001533, 0.001533, 0.001533, 0.001535, 0.001626, 0.001659, 0.001632, 0.001511, 0.001453, 0.001574, 0.001486, 0.001395
13 , 0, 0, 0, 0, 0, 0, 0
13 , 0.006861, 0.007794, 0.007764, 0.008037, 0.007984, 0.008046, 0.007505
14 , 0.001293, 0.001236, 0.001241, 0.001085, 0.001208, 0.001356, 0.001206, 0.001084, 0.001329, 0.001266, 0.001301, 0.001177, 0.001391, 0.001207, 0.001392, 0.001230, 0.001320, 0.001165, 0.001345, 0.001338, 0.001396, 0.001453, 0.001513, 0.001570, 0.001571, 0.001415, 0.001565, 0.001565, 0.001596, 0.001533, 0.001533, 0.001533, 0.001535, 0.001626, 0.001659, 0.001632, 0.001511, 0.001453, 0.001574, 0.001486, 0.001395, 0.001462, 0.001405, 0.001440, 0.001288, 0.001384, 0.001230, 0.001387, 0.001204, 0.001389, 0.001208, 0.001425, 0.001210, 0.001333, 0.001391, 0.001543, 0.001268, 0.001304, 0.001240, 0.001393, 0.001273, 0.001274, 0.001271, 0.001365, 0.001366, 0.001334, 0.001303, 0.001241, 0.001211, 0.001237, 0.001265, 0.001260, 0.001444, 0.001352, 0.001416, 0.001294, 0.001414, 0.001289, 0.001385, 0.001320, 0.001381, 0.001198, 0.001418, 0.001265, 0.001389, 0.001328, 0.001395, 0.001213, 0.001403, 0.001188, 0.001348, 0.001196
14 , 0, 0, 0, 0, 0, 0, 0
14 , 0.006085, 0.006186, 0.006349, 0.005921, 0.005672, 0.004460, 0.003873
15 , 0.001204, 0.001389, 0.001208, 0.001425, 0.001210, 0.001333, 0.001391, 0.001543, 0.001268, 0.001304, 0.001240, 0.001393, 0.001273, 0.001274, 0.001271, 0.001365, 0.001366, 0.001334, 0.001303, 0.001241, 0.001211, 0.001237, 0.001265, 0.001260, 0.001444, 0.001352, 0.001416, 0.001294, 0.001414, 0.001289, 0.001385, 0.001320, 0.001381, 0.001198, 0.001418, 0.001265, 0.001389, 0.001328, 0.001395, 0.001213, 0.001403, 0.001188, 0.001348, 0.001196, 0.001231, 0.001174, 0.001240, 0.001207, 0.001181, 0.001150, 0.001218, 0.001123, 0.001086, 0.001294, 0.001080, 0.001230, 0.001133, 0.001194, 0.001193, 0.001222, 0.001155, 0.001335, 0.001239, 0.001394, 0.001203, 0.001508, 0.001322, 0.001445, 0.001291, 0.001447, 0.001198, 0.001326, 0.001236, 0.001295, 0.001266, 0.001335, 0.001245, 0.001245, 0.001276, 0.001274, 0.001237, 0.001269, 0.001269, 0.001268, 0.001212, 0.001152, 0.001306, 0.001274, 0.001184, 0.001185, 0.001281, 0.001158
15 , 2, 0, 0, 0, 0, 3, 1
15 , 0.000964, 0.000775, 0.000318, 0.000471, 0.000158, 0.000224, 0.000677
16 , 0.001240, 0.001207, 0.001181, 0.001150, 0.001218, 0.001123, 0.001086, 0.001294, 0.001080, 0.001230, 0.001133, 0.001194, 0.001193, 0.001222, 0.001155, 0.001335, 0.001239, 0.001394, 0.001203, 0.001508, 0.001322, 0.001445, 0.001291, 0.001447, 0.001198, 0.001326, 0.001236, 0.001295, 0.001266, 0.001335, 0.001245, 0.001245, 0.001276, 0.001274, 0.001237, 0.001269, 0.001269, 0.001268, 0.001212, 0.001152, 0.001306, 0.001274, 0.001184, 0.001185, 0.001281, 0.001158, 0.001252, 0.001097, 0.001280, 0.001246, 0.001402, 0.001248, 0.001403, 0.001218, 0.001227, 0.001014, 0.001318, 0.001225, 0.001320, 0.001226, 0.001316, 0.001247, 0.001271, 0.001269, 0.001332, 0.001237, 0.001359, 0.001269, 0.001391, 0.001387, 0.001175, 0.001416, 0.001263, 0.001319, 0.001352, 0.001389, 0.001328, 0.001333, 0.001271, 0.001396, 0.001206, 0.001420, 0.001297, 0.001482, 0.001263, 0.001328, 0.001294, 0.001386, 0.001233, 0.001385, 0.001293, 0.001384
16 , 0, 0, 0, 0, 0, 2, 2
16 , 0.003303, 0.002647, 0.002067, 0.001890, 0.001142, 0.001150, 0.000961
