0 , 0.001270, 0.001313, 0.001107, 0.001620, 0.001368, 0.001409, 0.001244, 0.001285, 0.001417, 0.001225, 0.001265, 0.001157, 0.001229, 0.001282, 0.001272, 0.001196, 0.000954, 0.001261, 0.001119, 0.001383, 0.000317, 0.001663, 0.001742, 0.001725, 0.001647, 0.001760, 0.001639, 0.001578, 0.001570, 0.001587, 0.001539, 0.001681, 0.001483, 0.001703, 0.001509, 0.001612, 0.001336, 0.001488, 0.001337, 0.001540, 0.001255, 0.001592, 0.001394, 0.001411, 0.001156, 0.001512, 0.000288, 0.000941, 0.000954, 0.001199, 0.001130, 0.001239, 0.001061, 0.001252, 0.001196, 0.001109, 0.001105, 0.000943, 0.001287, 0.001108, 0.001050, 0.001104, 0.001067, 0.001242, 0.001163, 0.001200, 0.000929, 0.000963, 0.001221, 0.001149, 0.001166, 0.001283, 0.001660, 0.001790, 0.001647, 0.001699, 0.001470, 0.001772, 0.001526, 0.001582, 0.001392, 0.001634, 0.001435, 0.001664, 0.001435, 0.001612, 0.001504, 0.001656, 0.001397, 0.001613, 0.001367, 0.001600
0 , 0, 0, 0, 0, 0, 0, 0
0 , 0.015407, 0.015160, 0.017934, 0.015688, 0.014154, 0.012214, 0.009389
1 , 0.000954, 0.001199, 0.001130, 0.001239, 0.001061, 0.001252, 0.001196, 0.001109, 0.001105, 0.000943, 0.001287, 0.001108, 0.001050, 0.001104, 0.001067, 0.001242, 0.001163, 0.001200, 0.000929, 0.000963, 0.001221, 0.001149, 0.001166, 0.001283, 0.001660, 0.001790, 0.001647, 0.001699, 0.001470, 0.001772, 0.001526, 0.001582, 0.001392, 0.001634, 0.001435, 0.001664, 0.001435, 0.001612, 0.001504, 0.001656, 0.001397, 0.001613, 0.001367, 0.001600, 0.001365, 0.001608, 0.000544, 0.000995, 0.000947, 0.001164, 0.001093, 0.001153, 0.001114, 0.001157, 0.001229, 0.001027, 0.001192, 0.001133, 0.001328, 0.001126, 0.001096, 0.001295, 0.001057, 0.001113, 0.001189, 0.001183, 0.001266, 0.000975, 0.001295, 0.001153, 0.001345, 0.001118, 0.001457, 0.000052, 0.001817, 0.001696, 0.001723, 0.001420, 0.001429, 0.001476, 0.001437, 0.001535, 0.001471, 0.001496, 0.001414, 0.001612, 0.001535, 0.001673, 0.001519, 0.001760, 0.001536, 0.001700
1 , 0, 0, 0, 0, 0, 0, 0
1 , 0.015485, 0.016971, 0.017264, 0.016004, 0.015991, 0.015348, 0.016852
2 , 0.000947, 0.001164, 0.001093, 0.001153, 0.001114, 0.001157, 0.001229, 0.001027, 0.001192, 0.001133, 0.001328, 0.001126, 0.001096, 0.001295, 0.001057, 0.001113, 0.001189, 0.001183, 0.001266, 0.000975, 0.001295, 0.001153, 0.001345, 0.001118, 0.001457, 0.000052, 0.001817, 0.001696, 0.001723, 0.001420, 0.001429, 0.001476, 0.001437, 0.001535, 0.001471, 0.001496, 0.001414, 0.001612, 0.001535, 0.001673, 0.001519, 0.001760, 0.001536, 0.001700, 0.001610, 0.001745, 0.001471, 0.001860, 0.001704, 0.001906, 0.001315, 0.000085, 0.000707, 0.000662, 0.000881, 0.000730, 0.001103, 0.000958, 0.001012, 0.000997, 0.000942, 0.001214, 0.001105, 0.001188, 0.001106, 0.001226, 0.001292, 0.001150, 0.001342, 0.001114, 0.001289, 0.001236, 0.001374, 0.001352, 0.001467, 0.000912, 0.001355, 0.001567, 0.001369, 0.001479, 0.001290, 0.001360, 0.001357, 0.001594, 0.001348, 0.001538, 0.001179, 0.001455, 0.001318, 0.001574, 0.001356, 0.001512
2 , 0, 0, 0, 0, 0, 0, 0
2 , 0.010960, 0.012730, 0.013303, 0.013866, 0.014666, 0.015855, 0.016461
3 , 0.000707, 0.000662, 0.000881, 0.000730, 0.001103, 0.000958, 0.001012, 0.000997, 0.000942, 0.001214, 0.001105, 0.001188, 0.001106, 0.001226, 0.001292, 0.001150, 0.001342, 0.001114, 0.001289, 0.001236, 0.001374, 0.001352, 0.001467, 0.000912, 0.001355, 0.001567, 0.001369, 0.001479, 0.001290, 0.001360, 0.001357, 0.001594, 0.001348, 0.001538, 0.001179, 0.001455, 0.001318, 0.001574, 0.001356, 0.001512, 0.001295, 0.001601, 0.001320, 0.001708, 0.001565, 0.001556, 0.001647, 0.000350, 0.000680, 0.000803, 0.000956, 0.000703, 0.000890, 0.000905, 0.000910, 0.000899, 0.000711, 0.001005, 0.000944, 0.000912, 0.000922, 0.000846, 0.001038, 0.000990, 0.001060, 0.000954, 0.001084, 0.001372, 0.001163, 0.001146, 0.001056, 0.001409, 0.000738, 0.001896, 0.001777, 0.001740, 0.001553, 0.001566, 0.001501, 0.001673, 0.001461, 0.001630, 0.001509, 0.001669, 0.001483, 0.001582, 0.001561, 0.001630, 0.001509, 0.001561, 0.001579, 0.001468
3 , 0, 0, 0, 0, 0, 0, 0
3 , 0.019141, 0.020941, 0.021907, 0.021937, 0.019310, 0.019586, 0.017340
4 , 0.000803, 0.000956, 0.000703, 0.000890, 0.000905, 0.000910, 0.000899, 0.000711, 0.001005, 0.000944, 0.000912, 0.000922, 0.000846, 0.001038, 0.000990, 0.001060, 0.000954, 0.001084, 0.001372, 0.001163, 0.001146, 0.001056, 0.001409, 0.000738, 0.001896, 0.001777, 0.001740, 0.001553, 0.001566, 0.001501, 0.001673, 0.001461, 0.001630, 0.001509, 0.001669, 0.001483, 0.001582, 0.001561, 0.001630, 0.001509, 0.001561, 0.001579, 0.001468, 0.001719, 0.001556, 0.001769, 0.001610, 0.001900, 0.000760, 0.000444, 0.000839, 0.000897, 0.001014, 0.000922, 0.001114, 0.001039, 0.000973, 0.001100, 0.001170, 0.001319, 0.001335, 0.001375, 0.001159, 0.001271, 0.001509, 0.001373, 0.001501, 0.001387, 0.001570, 0.001478, 0.001428, 0.001358, 0.001522, 0.000243, 0.001717, 0.001474, 0.001595, 0.001554, 0.001468, 0.001580, 0.001398, 0.001544, 0.001350, 0.001479, 0.001427, 0.001561, 0.001340, 0.001703, 0.001474, 0.001755, 0.001401, 0.001587
4 , 0, 0, 0, 0, 0, 0, 0
4 , 0.017925, 0.018973, 0.019013, 0.019532, 0.019955, 0.019516, 0.018345
5 , 0.000839, 0.000897, 0.001014, 0.000922, 0.001114, 0.001039, 0.000973, 0.001100, 0.001170, 0.001319, 0.001335, 0.001375, 0.001159, 0.001271, 0.001509, 0.001373, 0.001501, 0.001387, 0.001570, 0.001478, 0.001428, 0.001358, 0.001522, 0.000243, 0.001717, 0.001474, 0.001595, 0.001554, 0.001468, 0.001580, 0.001398, 0.001544, 0.001350, 0.001479, 0.001427, 0.001561, 0.001340, 0.001703, 0.001474, 0.001755, 0.001401, 0.001587, 0.001353, 0.001604, 0.001517, 0.001673, 0.001176, 0.000248, 0.001001, 0.000984, 0.001077, 0.000882, 0.001024, 0.001209, 0.001140, 0.001175, 0.000887, 0.001291, 0.001146, 0.001073, 0.001173, 0.001077, 0.001397, 0.001090, 0.001209, 0.001080, 0.001093, 0.001362, 0.001216, 0.001140, 0.001210, 0.000888, 0.001281, 0.001768, 0.001681, 0.001608, 0.001466, 0.001548, 0.001397, 0.001608, 0.001336, 0.001587, 0.001320, 0.001527, 0.001251, 0.001476, 0.001281, 0.001364, 0.001261, 0.001386, 0.001329, 0.001412
5 , 0, 0, 0, 0, 0, 0, 0
5 , 0.012652, 0.013585, 0.013885, 0.012958, 0.010731, 0.011890, 0.009185
6 , 0.001001, 0.000984, 0.001077, 0.000882, 0.001024, 0.001209, 0.001140, 0.001175, 0.000887, 0.001291, 0.001146, 0.001073, 0.001173, 0.001077, 0.001397, 0.001090, 0.001209, 0.001080, 0.001093, 0.001362, 0.001216, 0.001140, 0.001210, 0.000888, 0.001281, 0.001768, 0.001681, 0.001608, 0.001466, 0.001548, 0.001397, 0.001608, 0.001336, 0.001587, 0.001320, 0.001527, 0.001251, 0.001476, 0.001281, 0.001364, 0.001261, 0.001386, 0.001329, 0.001412, 0.001257, 0.001309, 0.001282, 0.001311, 0.001291, 0.000098, 0.001068, 0.001187, 0.001256, 0.001254, 0.001146, 0.001432, 0.001361, 0.001588, 0.001251, 0.001361, 0.001469, 0.001434, 0.001567, 0.001324, 0.001515, 0.001537, 0.001501, 0.001357, 0.001247, 0.001441, 0.001295, 0.001324, 0.001295, 0.001509, 0.000538, 0.001728, 0.001577, 0.001696, 0.001412, 0.001468, 0.001368, 0.001628, 0.001463, 0.001454, 0.001545, 0.001432, 0.001367, 0.001350, 0.001569, 0.001375, 0.001479, 0.001436
6 , 0, 0, 0, 0, 0, 0, 0
6 , 0.009149, 0.009493, 0.009452, 0.008831, 0.009102, 0.009861, 0.007221
7 , 0.001187, 0.001256, 0.001254, 0.001146, 0.001432, 0.001361, 0.001588, 0.001251, 0.001361, 0.001469, 0.001434, 0.001567, 0.001324, 0.001515, 0.001537, 0.001501, 0.001357, 0.001247, 0.001441, 0.001295, 0.001324, 0.001295, 0.001509, 0.000538, 0.001728, 0.001577, 0.001696, 0.001412, 0.001468, 0.001368, 0.001628, 0.001463, 0.001454, 0.001545, 0.001432, 0.001367, 0.001350, 0.001569, 0.001375, 0.001479, 0.001436, 0.001717, 0.001557, 0.001666, 0.001441, 0.001821, 0.000815, 0.000488, 0.000895, 0.000950, 0.000895, 0.000803, 0.001067, 0.001050, 0.001050, 0.001048, 0.001065, 0.001157, 0.000971, 0.001035, 0.000990, 0.001039, 0.001291, 0.001063, 0.001131, 0.000890, 0.001022, 0.001178, 0.001104, 0.001190, 0.001344, 0.000100, 0.001880, 0.001807, 0.001695, 0.001630, 0.001489, 0.001524, 0.001269, 0.001602, 0.001421, 0.001539, 0.001228, 0.001531, 0.001297, 0.001534, 0.001225, 0.001401, 0.001197, 0.001411, 0.001316, 0.001582
7 , 0, 0, 0, 0, 0, 0, 0
7 , 0.011414, 0.012200, 0.012229, 0.011232, 0.011393, 0.010997, 0.008233
8 , 0.000895, 0.000950, 0.000895, 0.000803, 0.001067, 0.001050, 0.001050, 0.001048, 0.001065, 0.001157, 0.000971, 0.001035, 0.000990, 0.001039, 0.001291, 0.001063, 0.001131, 0.000890, 0.001022, 0.001178, 0.001104, 0.001190, 0.001344, 0.000100, 0.001880, 0.001807, 0.001695, 0.001630, 0.001489, 0.001524, 0.001269, 0.001602, 0.001421, 0.001539, 0.001228, 0.001531, 0.001297, 0.001534, 0.001225, 0.001401, 0.001197, 0.001411, 0.001316, 0.001582, 0.001216, 0.001395, 0.001153, 0.001320, 0.001046, 0.000430, 0.001213, 0.001244, 0.001258, 0.001103, 0.001226, 0.001320, 0.001076, 0.001268, 0.001135, 0.001373, 0.001386, 0.001244, 0.001331, 0.001254, 0.001457, 0.001301, 0.001262, 0.001295, 0.001110, 0.001342, 0.001256, 0.001166, 0.001292, 0.000661, 0.001086, 0.001743, 0.001647, 0.001686, 0.001582, 0.001789, 0.001569, 0.001647, 0.001587, 0.001535, 0.001381, 0.001519, 0.001368, 0.001494, 0.001334, 0.001403, 0.001459, 0.001566
8 , 0, 0, 0, 0, 0, 0, 0
8 , 0.012447, 0.013528, 0.013700, 0.013170, 0.013215, 0.014910, 0.013155
9 , 0.001244, 0.001258, 0.001103, 0.001226, 0.001320, 0.001076, 0.001268, 0.001135, 0.001373, 0.001386, 0.001244, 0.001331, 0.001254, 0.001457, 0.001301, 0.001262, 0.001295, 0.001110, 0.001342, 0.001256, 0.001166, 0.001292, 0.000661, 0.001086, 0.001743, 0.001647, 0.001686, 0.001582, 0.001789, 0.001569, 0.001647, 0.001587, 0.001535, 0.001381, 0.001519, 0.001368, 0.001494, 0.001334, 0.001403, 0.001459, 0.001566, 0.001531, 0.001436, 0.001574, 0.001461, 0.001621, 0.000174, 0.000709, 0.001007, 0.000948, 0.001094, 0.000981, 0.001253, 0.001222, 0.001217, 0.001334, 0.001315, 0.001548, 0.001422, 0.001603, 0.001590, 0.001459, 0.001896, 0.001865, 0.002012, 0.001891, 0.002028, 0.002257, 0.001959, 0.002104, 0.002056, 0.002029, 0.002235, 0.000018, 0.001155, 0.000998, 0.000996, 0.000981, 0.001171, 0.001001, 0.001315, 0.001172, 0.001652, 0.001419, 0.001673, 0.001473, 0.001892, 0.001715, 0.001901, 0.001831, 0.002234, 0.001999
9 , 0, 0, 0, 3, 3, 3, 3
9 , 0.006650, 0.006021, 0.005386, 0.005480, 0.007334, 0.008930, 0.004311
10 , 0.000981, 0.001253, 0.001222, 0.001217, 0.001334, 0.001315, 0.001548, 0.001422, 0.001603, 0.001590, 0.001459, 0.001896, 0.001865, 0.002012, 0.001891, 0.002028, 0.002257, 0.001959, 0.002104, 0.002056, 0.002029, 0.002235, 0.000018, 0.001155, 0.000998, 0.000996, 0.000981, 0.001171, 0.001001, 0.001315, 0.001172, 0.001652, 0.001419, 0.001673, 0.001473, 0.001892, 0.001715, 0.001901, 0.001831, 0.002234, 0.001999, 0.002127, 0.001958, 0.002272, 0.002077, 0.002162, 0.002254, 0.002384, 0.002147, 0.002245, 0.002339, 0.002446, 0.002243, 0.002154, 0.002120, 0.002059, 0.002045, 0.001886, 0.001851, 0.001796, 0.001791, 0.001516, 0.001591, 0.001496, 0.001618, 0.001331, 0.001267, 0.001168, 0.001209, 0.001013, 0.001036, 0.000926, 0.001031, 0.000781, 0.000996, 0.000831, 0.001001, 0.000936, 0.001112, 0.000760, 0.001172, 0.000866, 0.001148, 0.001125, 0.001315, 0.001047, 0.001358, 0.001065, 0.001408, 0.001267, 0.001469, 0.001248
10 , 3, 1, 1, 1, 3, 3, 3
10 , 0.019940, 0.018683, 0.018027, 0.017719, 0.014169, 0.013831, 0.012911
11 , 0.002254, 0.002384, 0.002147, 0.002245, 0.002339, 0.002446, 0.002243, 0.002154, 0.002120, 0.002059, 0.002045, 0.001886, 0.001851, 0.001796, 0.001791, 0.001516, 0.001591, 0.001496, 0.001618, 0.001331, 0.001267, 0.001168, 0.001209, 0.001013, 0.001036, 0.000926, 0.001031, 0.000781, 0.000996, 0.000831, 0.001001, 0.000936, 0.001112, 0.000760, 0.001172, 0.000866, 0.001148, 0.001125, 0.001315, 0.001047, 0.001358, 0.001065, 0.001408, 0.001267, 0.001469, 0.001248, 0.001506, 0.001341, 0.001708, 0.001358, 0.001539, 0.001466, 0.001630, 0.001423, 0.001630, 0.001504, 0.001600, 0.001393, 0.001630, 0.001440, 0.001522, 0.001384, 0.001359, 0.001368, 0.001276, 0.001167, 0.001279, 0.001166, 0.001180, 0.001239, 0.001113, 0.001078, 0.001133, 0.001300, 0.001104, 0.001128, 0.001259, 0.001189, 0.001074, 0.001204, 0.001180, 0.001195, 0.001091, 0.001348, 0.001151, 0.001246, 0.001162, 0.001216, 0.001114, 0.001360, 0.001223, 0.001503
11 , 1, 1, 1, 1, 1, 1, 1
11 , 0.027027, 0.025478, 0.024694, 0.022579, 0.020832, 0.017780, 0.016281
12 , 0.001506, 0.001341, 0.001708, 0.001358, 0.001539, 0.001466, 0.001630, 0.001423, 0.001630, 0.001504, 0.001600, 0.001393, 0.001630, 0.001440, 0.001522, 0.001384, 0.001359, 0.001368, 0.001276, 0.001167, 0.001279, 0.001166, 0.001180, 0.001239, 0.001113, 0.001078, 0.001133, 0.001300, 0.001104, 0.001128, 0.001259, 0.001189, 0.001074, 0.001204, 0.001180, 0.001195, 0.001091, 0.001348, 0.001151, 0.001246, 0.001162, 0.001216, 0.001114, 0.001360, 0.001223, 0.001503, 0.001385, 0.001545, 0.001307, 0.001626, 0.001298, 0.001552, 0.001379, 0.001530, 0.001405, 0.001557, 0.001323, 0.001505, 0.001350, 0.001527, 0.001320, 0.001575, 0.001239, 0.001503, 0.001317, 0.001478, 0.001158, 0.001337, 0.001165, 0.001381, 0.001209, 0.001376, 0.001260, 0.001381, 0.001169, 0.001334, 0.001265, 0.001339, 0.001128, 0.001298, 0.001163, 0.001272, 0.001177, 0.001225, 0.001128, 0.001198, 0.001033, 0.001128, 0.001078, 0.001163, 0.001204, 0.001230
12 , 1, 1, 1, 1, 1, 1, 1
12 , 0.010623, 0.010409, 0.010049, 0.009550, 0.008872, 0.008710, 0.007530
13 , 0.001385, 0.001545, 0.001307, 0.001626, 0.001298, 0.001552, 0.001379, 0.001530, 0.001405, 0.001557, 0.001323, 0.001505, 0.001350, 0.001527, 0.001320, 0.001575, 0.001239, 0.001503, 0.001317, 0.001478, 0.001158, 0.001337, 0.001165, 0.001381, 0.001209, 0.001376, 0.001260, 0.001381, 0.001169, 0.001334, 0.001265, 0.001339, 0.001128, 0.001298, 0.001163, 0.001272, 0.001177, 0.001225, 0.001128, 0.001198, 0.001033, 0.001128, 0.001078, 0.001163, 0.001204, 0.001230, 0.001195, 0.001206, 0.001207, 0.001299, 0.001265, 0.001251, 0.001348, 0.001286, 0.001423, 0.001296, 0.001509, 0.001361, 0.001395, 0.001391, 0.001361, 0.001278, 0.001550, 0.001433, 0.001412, 0.001382, 0.001486, 0.001391, 0.001741, 0.001335, 0.001506, 0.001385, 0.001443, 0.001093, 0.001357, 0.001257, 0.001387, 0.001269, 0.001429, 0.001309, 0.001422, 0.001325, 0.001443, 0.001183, 0.001369, 0.001237, 0.001652, 0.001344, 0.001397, 0.001237, 0.001515, 0.001281
13 , 2, 1, 1, 1, 1, 1, 1
13 , 0.005266, 0.005190, 0.004979, 0.005491, 0.005227, 0.005602, 0.004916
14 , 0.001251, 0.001348, 0.001286, 0.001423, 0.001296, 0.001509, 0.001361, 0.001395, 0.001391, 0.001361, 0.001278, 0.001550, 0.001433, 0.001412, 0.001382, 0.001486, 0.001391, 0.001741, 0.001335, 0.001506, 0.001385, 0.001443, 0.001093, 0.001357, 0.001257, 0.001387, 0.001269, 0.001429, 0.001309, 0.001422, 0.001325, 0.001443, 0.001183, 0.001369, 0.001237, 0.001652, 0.001344, 0.001397, 0.001237, 0.001515, 0.001281, 0.001568, 0.001313, 0.001383, 0.001267, 0.001504, 0.001188, 0.001363, 0.001237, 0.001363, 0.001063, 0.001307, 0.001117, 0.001377, 0.001123, 0.001363, 0.001260, 0.001318, 0.001214, 0.001334, 0.001151, 0.001448, 0.001274, 0.001392, 0.001193, 0.001478, 0.001219, 0.001453, 0.001361, 0.001460, 0.001361, 0.001525, 0.001417, 0.001456, 0.001314, 0.001495, 0.001365, 0.001442, 0.001406, 0.001406, 0.001346, 0.001449, 0.001402, 0.001420, 0.001441, 0.001433, 0.001421, 0.001370, 0.001417, 0.001433, 0.001368, 0.001316
14 , 2, 2, 2, 2, 2, 2, 2
14 , 0.003183, 0.003700, 0.003618, 0.003834, 0.003156, 0.003173, 0.003005
15 , 0.001363, 0.001063, 0.001307, 0.001117, 0.001377, 0.001123, 0.001363, 0.001260, 0.001318, 0.001214, 0.001334, 0.001151, 0.001448, 0.001274, 0.001392, 0.001193, 0.001478, 0.001219, 0.001453, 0.001361, 0.001460, 0.001361, 0.001525, 0.001417, 0.001456, 0.001314, 0.001495, 0.001365, 0.001442, 0.001406, 0.001406, 0.001346, 0.001449, 0.001402, 0.001420, 0.001441, 0.001433, 0.001421, 0.001370, 0.001417, 0.001433, 0.001368, 0.001316, 0.001437, 0.001484, 0.001514, 0.001432, 0.001454, 0.001550, 0.001537, 0.001352, 0.001460, 0.001210, 0.001328, 0.001242, 0.001371, 0.001258, 0.001495, 0.001335, 0.001534, 0.001362, 0.001406, 0.001265, 0.001378, 0.001167, 0.001367, 0.001237, 0.001455, 0.001119, 0.001379, 0.001169, 0.001374, 0.001163, 0.001402, 0.001279, 0.001463, 0.001142, 0.001342, 0.001165, 0.001448, 0.001290, 0.001506, 0.001335, 0.001456, 0.001278, 0.001584, 0.001328, 0.001695, 0.001461, 0.001651, 0.001457, 0.001522
15 , 3, 0, 0, 0, 0, 0, 0
15 , 0.003628, 0.003060, 0.003230, 0.003793, 0.003655, 0.004331, 0.004389
16 , 0.001210, 0.001328, 0.001242, 0.001371, 0.001258, 0.001495, 0.001335, 0.001534, 0.001362, 0.001406, 0.001265, 0.001378, 0.001167, 0.001367, 0.001237, 0.001455, 0.001119, 0.001379, 0.001169, 0.001374, 0.001163, 0.001402, 0.001279, 0.001463, 0.001142, 0.001342, 0.001165, 0.001448, 0.001290, 0.001506, 0.001335, 0.001456, 0.001278, 0.001584, 0.001328, 0.001695, 0.001461, 0.001651, 0.001457, 0.001522, 0.001388, 0.001673, 0.001393, 0.001734, 0.001578, 0.001720, 0.001410, 0.001608, 0.001431, 0.001526, 0.001448, 0.001552, 0.001522, 0.001690, 0.001431, 0.001742, 0.001691, 0.001746, 0.001492, 0.001664, 0.001609, 0.001634, 0.001518, 0.001665, 0.001635, 0.001742, 0.001566, 0.001717, 0.001553, 0.001630, 0.001526, 0.001690, 0.001410, 0.001530, 0.001440, 0.001476, 0.001417, 0.001388, 0.001286, 0.001348, 0.001281, 0.001374, 0.001177, 0.001291, 0.001230, 0.001243, 0.001248, 0.001107, 0.001107, 0.001158, 0.001202, 0.001108
16 , 3, 3, 3, 3, 3, 3, 3
16 , 0.007165, 0.007903, 0.008987, 0.009588, 0.010411, 0.010411, 0.011148
