0 , 0.001912, 0.001872, 0.001727, 0.002124, 0.002006, 0.002033, 0.002006, 0.001872, 0.002084, 0.001885, 0.001894, 0.001659, 0.001897, 0.001831, 0.001900, 0.001836, 0.001751, 0.001969, 0.001947, 0.001922, 0.001806, 0.001863, 0.001987, 0.000192, 0.001853, 0.001577, 0.001457, 0.001278, 0.001373, 0.001437, 0.001318, 0.001261, 0.001385, 0.001297, 0.001416, 0.001387, 0.001329, 0.001267, 0.001265, 0.001329, 0.001237, 0.001396, 0.001181, 0.001390, 0.001329, 0.001419, 0.000986, 0.001024, 0.001790, 0.001790, 0.001927, 0.001809, 0.002146, 0.002024, 0.002006, 0.001979, 0.001866, 0.002008, 0.001890, 0.002023, 0.001801, 0.001985, 0.001894, 0.001933, 0.001963, 0.001988, 0.002085, 0.001863, 0.002068, 0.001795, 0.002027, 0.001086, 0.001464, 0.001666, 0.001631, 0.001509, 0.001536, 0.001383, 0.001504, 0.001504, 0.001537, 0.001415, 0.001570, 0.001509, 0.001572, 0.001324, 0.001510, 0.001416, 0.001507, 0.001387, 0.001455, 0.001274
0 , 1, 1, 1, 1, 1, 1, 1
0 , 0.015392, 0.017883, 0.020506, 0.023377, 0.024133, 0.020743, 0.020946
1 , 0.001927, 0.001809, 0.002146, 0.002024, 0.002006, 0.001979, 0.001866, 0.002008, 0.001890, 0.002023, 0.001801, 0.001985, 0.001894, 0.001933, 0.001963, 0.001988, 0.002085, 0.001863, 0.002068, 0.001795, 0.002027, 0.001086, 0.001464, 0.001666, 0.001631, 0.001509, 0.001536, 0.001383, 0.001504, 0.001504, 0.001537, 0.001415, 0.001570, 0.001509, 0.001572, 0.001324, 0.001510, 0.001416, 0.001507, 0.001387, 0.001455, 0.001274, 0.001429, 0.001250, 0.001527, 0.001232, 0.001496, 0.000433, 0.001900, 0.001924, 0.002066, 0.001933, 0.001969, 0.001957, 0.002236, 0.002109, 0.002222, 0.001915, 0.002222, 0.002082, 0.002036, 0.002005, 0.002031, 0.002038, 0.001784, 0.001988, 0.001842, 0.002007, 0.001925, 0.001940, 0.002082, 0.001664, 0.000480, 0.001639, 0.001567, 0.001546, 0.001452, 0.001483, 0.001265, 0.001546, 0.001332, 0.001457, 0.001216, 0.001258, 0.001228, 0.001391, 0.001056, 0.001341, 0.001124, 0.001309, 0.001210, 0.001307
1 , 1, 1, 1, 1, 1, 1, 1
1 , 0.019566, 0.021618, 0.024088, 0.024334, 0.026598, 0.024017, 0.023287
2 , 0.002066, 0.001933, 0.001969, 0.001957, 0.002236, 0.002109, 0.002222, 0.001915, 0.002222, 0.002082, 0.002036, 0.002005, 0.002031, 0.002038, 0.001784, 0.001988, 0.001842, 0.002007, 0.001925, 0.001940, 0.002082, 0.001664, 0.000480, 0.001639, 0.001567, 0.001546, 0.001452, 0.001483, 0.001265, 0.001546, 0.001332, 0.001457, 0.001216, 0.001258, 0.001228, 0.001391, 0.001056, 0.001341, 0.001124, 0.001309, 0.001210, 0.001307, 0.001200, 0.001264, 0.001276, 0.000731, 0.001654, 0.001845, 0.001751, 0.001990, 0.001871, 0.001960, 0.001662, 0.001894, 0.002005, 0.002046, 0.001847, 0.002027, 0.002112, 0.002004, 0.002141, 0.001936, 0.002160, 0.002091, 0.001962, 0.001890, 0.001945, 0.002001, 0.001926, 0.002013, 0.001690, 0.002108, 0.000320, 0.001676, 0.001590, 0.001564, 0.001404, 0.001530, 0.001227, 0.001358, 0.001296, 0.001426, 0.001211, 0.001369, 0.001274, 0.001397, 0.001213, 0.001430, 0.001119, 0.001366, 0.001296, 0.001510
2 , 1, 1, 1, 1, 1, 1, 1
2 , 0.022925, 0.026307, 0.029838, 0.029805, 0.027965, 0.024947, 0.024077
3 , 0.001751, 0.001990, 0.001871, 0.001960, 0.001662, 0.001894, 0.002005, 0.002046, 0.001847, 0.002027, 0.002112, 0.002004, 0.002141, 0.001936, 0.002160, 0.002091, 0.001962, 0.001890, 0.001945, 0.002001, 0.001926, 0.002013, 0.001690, 0.002108, 0.000320, 0.001676, 0.001590, 0.001564, 0.001404, 0.001530, 0.001227, 0.001358, 0.001296, 0.001426, 0.001211, 0.001369, 0.001274, 0.001397, 0.001213, 0.001430, 0.001119, 0.001366, 0.001296, 0.001510, 0.001261, 0.001503, 0.001408, 0.001531, 0.001400, 0.001507, 0.001044, 0.001690, 0.001709, 0.001786, 0.001687, 0.001505, 0.001714, 0.001813, 0.001772, 0.001803, 0.001678, 0.001976, 0.001879, 0.001957, 0.001911, 0.001872, 0.001994, 0.001861, 0.001903, 0.001756, 0.001988, 0.001844, 0.001753, 0.001933, 0.001153, 0.001220, 0.001734, 0.001600, 0.001633, 0.001476, 0.001539, 0.001444, 0.001628, 0.001475, 0.001633, 0.001453, 0.001550, 0.001338, 0.001523, 0.001306, 0.001374, 0.001375
3 , 1, 1, 1, 1, 1, 1, 1
3 , 0.011899, 0.015148, 0.016477, 0.018443, 0.019200, 0.020821, 0.019154
4 , 0.001690, 0.001709, 0.001786, 0.001687, 0.001505, 0.001714, 0.001813, 0.001772, 0.001803, 0.001678, 0.001976, 0.001879, 0.001957, 0.001911, 0.001872, 0.001994, 0.001861, 0.001903, 0.001756, 0.001988, 0.001844, 0.001753, 0.001933, 0.001153, 0.001220, 0.001734, 0.001600, 0.001633, 0.001476, 0.001539, 0.001444, 0.001628, 0.001475, 0.001633, 0.001453, 0.001550, 0.001338, 0.001523, 0.001306, 0.001374, 0.001375, 0.001498, 0.001313, 0.001288, 0.001258, 0.001246, 0.001347, 0.000004, 0.001948, 0.001635, 0.001984, 0.001912, 0.002036, 0.002033, 0.001821, 0.001970, 0.001936, 0.002021, 0.001696, 0.001825, 0.001900, 0.001902, 0.001781, 0.001740, 0.002151, 0.001908, 0.001905, 0.001767, 0.001936, 0.001915, 0.001936, 0.001667, 0.000817, 0.001605, 0.001753, 0.001662, 0.001445, 0.001445, 0.001595, 0.001534, 0.001626, 0.001536, 0.001567, 0.001598, 0.001449, 0.001548, 0.001487, 0.001489, 0.001428, 0.001459, 0.001484, 0.001609
4 , 1, 1, 1, 1, 1, 1, 1
4 , 0.008837, 0.011311, 0.013347, 0.015379, 0.019426, 0.016273, 0.015473
5 , 0.001984, 0.001912, 0.002036, 0.002033, 0.001821, 0.001970, 0.001936, 0.002021, 0.001696, 0.001825, 0.001900, 0.001902, 0.001781, 0.001740, 0.002151, 0.001908, 0.001905, 0.001767, 0.001936, 0.001915, 0.001936, 0.001667, 0.000817, 0.001605, 0.001753, 0.001662, 0.001445, 0.001445, 0.001595, 0.001534, 0.001626, 0.001536, 0.001567, 0.001598, 0.001449, 0.001548, 0.001487, 0.001489, 0.001428, 0.001459, 0.001484, 0.001609, 0.001455, 0.001489, 0.001393, 0.001399, 0.001537, 0.000827, 0.001537, 0.001935, 0.001586, 0.001935, 0.001962, 0.001968, 0.001926, 0.001871, 0.002034, 0.001992, 0.002026, 0.001761, 0.002093, 0.001988, 0.002018, 0.001855, 0.001916, 0.002134, 0.001813, 0.002065, 0.001793, 0.002049, 0.001950, 0.002096, 0.000164, 0.001481, 0.001548, 0.001609, 0.001581, 0.001396, 0.001520, 0.001362, 0.001492, 0.001433, 0.001462, 0.001369, 0.001526, 0.001404, 0.001535, 0.001287, 0.001416, 0.001204, 0.001452, 0.001291
5 , 1, 1, 1, 1, 1, 1, 1
5 , 0.013311, 0.016732, 0.018504, 0.019739, 0.020334, 0.017515, 0.016672
6 , 0.001586, 0.001935, 0.001962, 0.001968, 0.001926, 0.001871, 0.002034, 0.001992, 0.002026, 0.001761, 0.002093, 0.001988, 0.002018, 0.001855, 0.001916, 0.002134, 0.001813, 0.002065, 0.001793, 0.002049, 0.001950, 0.002096, 0.000164, 0.001481, 0.001548, 0.001609, 0.001581, 0.001396, 0.001520, 0.001362, 0.001492, 0.001433, 0.001462, 0.001369, 0.001526, 0.001404, 0.001535, 0.001287, 0.001416, 0.001204, 0.001452, 0.001291, 0.001591, 0.001372, 0.001407, 0.001173, 0.000854, 0.001808, 0.001909, 0.001866, 0.001900, 0.001897, 0.001973, 0.002106, 0.002005, 0.002010, 0.001897, 0.001933, 0.001596, 0.001940, 0.001702, 0.001867, 0.001743, 0.001713, 0.001870, 0.001788, 0.001852, 0.001759, 0.001844, 0.002093, 0.001291, 0.001508, 0.001604, 0.001502, 0.001389, 0.001388, 0.001205, 0.001357, 0.001228, 0.001407, 0.001308, 0.001367, 0.001387, 0.001564, 0.001437, 0.001617, 0.001582, 0.001609, 0.001576, 0.001698, 0.001667, 0.001636
6 , 1, 1, 1, 1, 1, 1, 1
6 , 0.015748, 0.018194, 0.020732, 0.022227, 0.018670, 0.017331, 0.016098
7 , 0.001866, 0.001900, 0.001897, 0.001973, 0.002106, 0.002005, 0.002010, 0.001897, 0.001933, 0.001596, 0.001940, 0.001702, 0.001867, 0.001743, 0.001713, 0.001870, 0.001788, 0.001852, 0.001759, 0.001844, 0.002093, 0.001291, 0.001508, 0.001604, 0.001502, 0.001389, 0.001388, 0.001205, 0.001357, 0.001228, 0.001407, 0.001308, 0.001367, 0.001387, 0.001564, 0.001437, 0.001617, 0.001582, 0.001609, 0.001576, 0.001698, 0.001667, 0.001636, 0.001698, 0.001758, 0.001638, 0.001848, 0.000320, 0.001232, 0.001369, 0.001526, 0.001313, 0.001603, 0.001624, 0.001743, 0.001513, 0.001622, 0.001832, 0.001715, 0.001842, 0.001733, 0.001915, 0.001866, 0.001861, 0.001723, 0.001842, 0.001941, 0.001809, 0.002002, 0.001855, 0.001885, 0.001865, 0.000881, 0.002004, 0.001658, 0.001661, 0.001597, 0.001536, 0.001567, 0.001566, 0.001596, 0.001382, 0.001625, 0.001501, 0.001473, 0.001502, 0.001534, 0.001409, 0.001530, 0.001407, 0.001654, 0.001534
7 , 1, 1, 1, 1, 1, 1, 1
7 , 0.007580, 0.009496, 0.010656, 0.009870, 0.012424, 0.011552, 0.012151
8 , 0.001526, 0.001313, 0.001603, 0.001624, 0.001743, 0.001513, 0.001622, 0.001832, 0.001715, 0.001842, 0.001733, 0.001915, 0.001866, 0.001861, 0.001723, 0.001842, 0.001941, 0.001809, 0.002002, 0.001855, 0.001885, 0.001865, 0.000881, 0.002004, 0.001658, 0.001661, 0.001597, 0.001536, 0.001567, 0.001566, 0.001596, 0.001382, 0.001625, 0.001501, 0.001473, 0.001502, 0.001534, 0.001409, 0.001530, 0.001407, 0.001654, 0.001534, 0.001687, 0.001479, 0.001777, 0.000847, 0.001231, 0.001662, 0.001717, 0.001759, 0.001654, 0.001833, 0.001833, 0.001969, 0.001836, 0.001712, 0.001866, 0.001769, 0.002082, 0.001742, 0.001966, 0.001916, 0.001875, 0.001886, 0.001792, 0.002001, 0.001770, 0.001849, 0.001717, 0.002060, 0.000303, 0.001743, 0.001752, 0.001688, 0.001383, 0.001505, 0.001413, 0.001598, 0.001473, 0.001628, 0.001536, 0.001600, 0.001447, 0.001479, 0.001356, 0.001571, 0.001324, 0.001601, 0.001506, 0.001597, 0.001410, 0.001565
8 , 1, 1, 1, 1, 1, 1, 1
8 , 0.007219, 0.008893, 0.012448, 0.011389, 0.010406, 0.011484, 0.011584
9 , 0.001717, 0.001759, 0.001654, 0.001833, 0.001833, 0.001969, 0.001836, 0.001712, 0.001866, 0.001769, 0.002082, 0.001742, 0.001966, 0.001916, 0.001875, 0.001886, 0.001792, 0.002001, 0.001770, 0.001849, 0.001717, 0.002060, 0.000303, 0.001743, 0.001752, 0.001688, 0.001383, 0.001505, 0.001413, 0.001598, 0.001473, 0.001628, 0.001536, 0.001600, 0.001447, 0.001479, 0.001356, 0.001571, 0.001324, 0.001601, 0.001506, 0.001597, 0.001410, 0.001565, 0.001380, 0.001686, 0.001473, 0.001571, 0.000765, 0.001463, 0.001656, 0.001659, 0.001676, 0.001648, 0.001741, 0.001908, 0.001700, 0.001736, 0.001576, 0.001880, 0.001751, 0.001703, 0.001675, 0.001783, 0.002009, 0.001694, 0.001766, 0.001705, 0.001878, 0.001680, 0.001622, 0.001816, 0.001162, 0.001210, 0.001840, 0.001681, 0.001655, 0.001592, 0.001596, 0.001471, 0.001595, 0.001410, 0.001687, 0.001381, 0.001418, 0.001415, 0.001570, 0.001445, 0.001569, 0.001386, 0.001569, 0.001536
9 , 1, 1, 1, 1, 1, 1, 1
9 , 0.007524, 0.009984, 0.010608, 0.011828, 0.009575, 0.010625, 0.010546
10 , 0.001463, 0.001656, 0.001659, 0.001676, 0.001648, 0.001741, 0.001908, 0.001700, 0.001736, 0.001576, 0.001880, 0.001751, 0.001703, 0.001675, 0.001783, 0.002009, 0.001694, 0.001766, 0.001705, 0.001878, 0.001680, 0.001622, 0.001816, 0.001162, 0.001210, 0.001840, 0.001681, 0.001655, 0.001592, 0.001596, 0.001471, 0.001595, 0.001410, 0.001687, 0.001381, 0.001418, 0.001415, 0.001570, 0.001445, 0.001569, 0.001386, 0.001569, 0.001536, 0.001632, 0.001473, 0.001423, 0.001558, 0.000357, 0.001662, 0.001540, 0.001797, 0.001784, 0.001769, 0.001844, 0.001772, 0.002035, 0.001988, 0.002076, 0.001733, 0.002021, 0.001974, 0.001962, 0.001917, 0.001890, 0.002023, 0.001981, 0.002053, 0.001801, 0.001995, 0.002034, 0.001929, 0.001980, 0.001669, 0.002027, 0.000460, 0.001893, 0.001704, 0.001589, 0.001426, 0.001518, 0.001456, 0.001577, 0.001515, 0.001605, 0.001480, 0.001576, 0.001361, 0.001483, 0.001392, 0.001517, 0.001425, 0.001515
10 , 1, 1, 1, 1, 1, 1, 1
10 , 0.006486, 0.008298, 0.009883, 0.011590, 0.015521, 0.014631, 0.014913
11 , 0.001797, 0.001784, 0.001769, 0.001844, 0.001772, 0.002035, 0.001988, 0.002076, 0.001733, 0.002021, 0.001974, 0.001962, 0.001917, 0.001890, 0.002023, 0.001981, 0.002053, 0.001801, 0.001995, 0.002034, 0.001929, 0.001980, 0.001669, 0.002027, 0.000460, 0.001893, 0.001704, 0.001589, 0.001426, 0.001518, 0.001456, 0.001577, 0.001515, 0.001605, 0.001480, 0.001576, 0.001361, 0.001483, 0.001392, 0.001517, 0.001425, 0.001515, 0.001483, 0.001572, 0.001452, 0.001635, 0.001484, 0.001488, 0.001550, 0.001462, 0.001462, 0.001372, 0.001373, 0.001402, 0.001372, 0.001311, 0.001433, 0.001404, 0.001342, 0.001373, 0.001318, 0.001532, 0.001504, 0.001260, 0.001534, 0.001321, 0.001473, 0.001313, 0.001440, 0.001339, 0.001459, 0.001360, 0.001546, 0.001483, 0.001543, 0.001448, 0.001539, 0.001352, 0.001625, 0.001472, 0.001594, 0.001469, 0.001593, 0.001408, 0.001653, 0.001410, 0.001594, 0.001500, 0.001502, 0.001531, 0.001563, 0.001502
11 , 2, 2, 2, 2, 2, 2, 2
11 , 0.007357, 0.009720, 0.010800, 0.011804, 0.012097, 0.012748, 0.010408
12 , 0.001372, 0.001373, 0.001402, 0.001372, 0.001311, 0.001433, 0.001404, 0.001342, 0.001373, 0.001318, 0.001532, 0.001504, 0.001260, 0.001534, 0.001321, 0.001473, 0.001313, 0.001440, 0.001339, 0.001459, 0.001360, 0.001546, 0.001483, 0.001543, 0.001448, 0.001539, 0.001352, 0.001625, 0.001472, 0.001594, 0.001469, 0.001593, 0.001408, 0.001653, 0.001410, 0.001594, 0.001500, 0.001502, 0.001531, 0.001563, 0.001502, 0.001473, 0.001473, 0.001475, 0.001443, 0.001475, 0.001566, 0.001473, 0.001441, 0.001499, 0.001531, 0.001472, 0.001565, 0.001561, 0.001624, 0.001505, 0.001567, 0.001414, 0.001659, 0.001442, 0.001540, 0.001446, 0.001542, 0.001392, 0.001548, 0.001516, 0.001494, 0.001435, 0.001502, 0.001320, 0.001445, 0.001323, 0.001482, 0.001298, 0.001417, 0.001353, 0.001393, 0.001329, 0.001512, 0.001384, 0.001442, 0.001530, 0.001465, 0.001462, 0.001457, 0.001515, 0.001480, 0.001721, 0.001534, 0.001596, 0.001475, 0.001446
12 , 3, 3, 3, 3, 3, 3, 3
12 , 0.003640, 0.003682, 0.003587, 0.003402, 0.002913, 0.002532, 0.002188
13 , 0.001473, 0.001441, 0.001499, 0.001531, 0.001472, 0.001565, 0.001561, 0.001624, 0.001505, 0.001567, 0.001414, 0.001659, 0.001442, 0.001540, 0.001446, 0.001542, 0.001392, 0.001548, 0.001516, 0.001494, 0.001435, 0.001502, 0.001320, 0.001445, 0.001323, 0.001482, 0.001298, 0.001417, 0.001353, 0.001393, 0.001329, 0.001512, 0.001384, 0.001442, 0.001530, 0.001465, 0.001462, 0.001457, 0.001515, 0.001480, 0.001721, 0.001534, 0.001596, 0.001475, 0.001446, 0.001540, 0.001633, 0.001447, 0.001600, 0.001505, 0.001630, 0.001505, 0.001625, 0.001441, 0.001626, 0.001592, 0.001655, 0.001530, 0.001776, 0.001564, 0.001562, 0.001559, 0.001714, 0.001683, 0.001713, 0.001558, 0.001653, 0.001531, 0.001598, 0.001447, 0.001573, 0.001514, 0.001487, 0.001519, 0.001402, 0.001404, 0.001317, 0.001382, 0.001438, 0.001473, 0.001353, 0.001449, 0.001358, 0.001362, 0.001297, 0.001419, 0.001351, 0.001592, 0.001314, 0.001464, 0.001427, 0.001604
13 , 1, 1, 1, 1, 1, 1, 1
13 , 0.004897, 0.005282, 0.005064, 0.004778, 0.004630, 0.004404, 0.004071
14 , 0.001447, 0.001600, 0.001505, 0.001630, 0.001505, 0.001625, 0.001441, 0.001626, 0.001592, 0.001655, 0.001530, 0.001776, 0.001564, 0.001562, 0.001559, 0.001714, 0.001683, 0.001713, 0.001558, 0.001653, 0.001531, 0.001598, 0.001447, 0.001573, 0.001514, 0.001487, 0.001519, 0.001402, 0.001404, 0.001317, 0.001382, 0.001438, 0.001473, 0.001353, 0.001449, 0.001358, 0.001362, 0.001297, 0.001419, 0.001351, 0.001592, 0.001314, 0.001464, 0.001427, 0.001604, 0.001449, 0.001448, 0.001506, 0.001629, 0.001413, 0.001625, 0.001410, 0.001687, 0.001442, 0.001592, 0.001649, 0.001650, 0.001739, 0.001768, 0.001738, 0.001644, 0.001582, 0.001703, 0.001794, 0.001733, 0.001733, 0.001763, 0.001795, 0.001641, 0.001703, 0.001644, 0.001737, 0.001675, 0.001771, 0.001559, 0.001655, 0.001444, 0.001628, 0.001535, 0.001627, 0.001595, 0.001716, 0.001473, 0.001566, 0.001448, 0.001538, 0.001505, 0.001601, 0.001536, 0.001596, 0.001445, 0.001569
14 , 1, 1, 1, 1, 1, 1, 1
14 , 0.004280, 0.004616, 0.005199, 0.005586, 0.005958, 0.006057, 0.006756
15 , 0.001687, 0.001442, 0.001592, 0.001649, 0.001650, 0.001739, 0.001768, 0.001738, 0.001644, 0.001582, 0.001703, 0.001794, 0.001733, 0.001733, 0.001763, 0.001795, 0.001641, 0.001703, 0.001644, 0.001737, 0.001675, 0.001771, 0.001559, 0.001655, 0.001444, 0.001628, 0.001535, 0.001627, 0.001595, 0.001716, 0.001473, 0.001566, 0.001448, 0.001538, 0.001505, 0.001601, 0.001536, 0.001596, 0.001445, 0.001569, 0.001537, 0.001538, 0.001540, 0.001543, 0.001515, 0.001545, 0.001546, 0.001455, 0.001640, 0.001550, 0.001608, 0.001455, 0.001518, 0.001424, 0.001547, 0.001545, 0.001607, 0.001452, 0.001577, 0.001482, 0.001546, 0.001487, 0.001518, 0.001301, 0.001577, 0.001487, 0.001546, 0.001544, 0.001516, 0.001423, 0.001544, 0.001420, 0.001573, 0.001543, 0.001483, 0.001543, 0.001572, 0.001600, 0.001568, 0.001535, 0.001625, 0.001683, 0.001531, 0.001747, 0.001657, 0.001625, 0.001560, 0.001745, 0.001533, 0.001595, 0.001621, 0.001715
15 , 2, 2, 2, 2, 2, 2, 2
15 , 0.003131, 0.003756, 0.004256, 0.005015, 0.005165, 0.005692, 0.005555
16 , 0.001455, 0.001518, 0.001424, 0.001547, 0.001545, 0.001607, 0.001452, 0.001577, 0.001482, 0.001546, 0.001487, 0.001518, 0.001301, 0.001577, 0.001487, 0.001546, 0.001544, 0.001516, 0.001423, 0.001544, 0.001420, 0.001573, 0.001543, 0.001483, 0.001543, 0.001572, 0.001600, 0.001568, 0.001535, 0.001625, 0.001683, 0.001531, 0.001747, 0.001657, 0.001625, 0.001560, 0.001745, 0.001533, 0.001595, 0.001621, 0.001715, 0.001560, 0.001806, 0.001654, 0.001656, 0.001565, 0.001629, 0.001478, 0.001697, 0.001515, 0.001521, 0.001339, 0.001406, 0.001377, 0.001470, 0.001410, 0.001479, 0.001356, 0.001509, 0.001444, 0.001381, 0.001443, 0.001441, 0.001528, 0.001405, 0.001468, 0.001376, 0.001559, 0.001559, 0.001470, 0.001378, 0.001563, 0.001344, 0.001526, 0.001339, 0.001554, 0.001426, 0.001460, 0.001489, 0.001732, 0.001543, 0.001607, 0.001483, 0.001546, 0.001511, 0.001572, 0.001478, 0.001632, 0.001658, 0.001717, 0.001623, 0.001713
16 , 0, 0, 0, 0, 0, 0, 0
16 , 0.003105, 0.003569, 0.004090, 0.004765, 0.004645, 0.005581, 0.005546
