0 , 0.002182, 0.002168, 0.002094, 0.002291, 0.002066, 0.002393, 0.002256, 0.002351, 0.002358, 0.002264, 0.002197, 0.002052, 0.002325, 0.002170, 0.002276, 0.002108, 0.002207, 0.002111, 0.002166, 0.001991, 0.001875, 0.001998, 0.002193, 0.000787, 0.001662, 0.001580, 0.001548, 0.001459, 0.001519, 0.001369, 0.001340, 0.001313, 0.001254, 0.001288, 0.001259, 0.001172, 0.001267, 0.001237, 0.001211, 0.001095, 0.001039, 0.001047, 0.001079, 0.001091, 0.000994, 0.000951, 0.000998, 0.000855, 0.002156, 0.002186, 0.002261, 0.002210, 0.002426, 0.002375, 0.002492, 0.002276, 0.002342, 0.002361, 0.002197, 0.002270, 0.002191, 0.002327, 0.002178, 0.002220, 0.001961, 0.002154, 0.002251, 0.002113, 0.002243, 0.002008, 0.002192, 0.001708, 0.001022, 0.001627, 0.001462, 0.001279, 0.001279, 0.001189, 0.001433, 0.001279, 0.001371, 0.001188, 0.001401, 0.001369, 0.001368, 0.001246, 0.001431, 0.001340, 0.001343, 0.001222, 0.001500, 0.001224
0 , 1, 1, 1, 1, 1, 1, 1
0 , 0.028538, 0.032595, 0.036411, 0.040116, 0.042683, 0.038509, 0.037157
1 , 0.002261, 0.002210, 0.002426, 0.002375, 0.002492, 0.002276, 0.002342, 0.002361, 0.002197, 0.002270, 0.002191, 0.002327, 0.002178, 0.002220, 0.001961, 0.002154, 0.002251, 0.002113, 0.002243, 0.002008, 0.002192, 0.001708, 0.001022, 0.001627, 0.001462, 0.001279, 0.001279, 0.001189, 0.001433, 0.001279, 0.001371, 0.001188, 0.001401, 0.001369, 0.001368, 0.001246, 0.001431, 0.001340, 0.001343, 0.001222, 0.001500, 0.001224, 0.001343, 0.001313, 0.001463, 0.001191, 0.001547, 0.000285, 0.001629, 0.001858, 0.001914, 0.001939, 0.001740, 0.002074, 0.002011, 0.002003, 0.002033, 0.002160, 0.002216, 0.001986, 0.002182, 0.001970, 0.002116, 0.002055, 0.002016, 0.002165, 0.002041, 0.002185, 0.002101, 0.002196, 0.002008, 0.002431, 0.000313, 0.001475, 0.001414, 0.001389, 0.001175, 0.001303, 0.001178, 0.001272, 0.000968, 0.001152, 0.001121, 0.001309, 0.001152, 0.001247, 0.001062, 0.001339, 0.001183, 0.001187, 0.000968, 0.001275
1 , 1, 1, 1, 1, 1, 1, 1
1 , 0.028904, 0.032155, 0.035426, 0.036303, 0.039383, 0.036580, 0.035231
2 , 0.001914, 0.001939, 0.001740, 0.002074, 0.002011, 0.002003, 0.002033, 0.002160, 0.002216, 0.001986, 0.002182, 0.001970, 0.002116, 0.002055, 0.002016, 0.002165, 0.002041, 0.002185, 0.002101, 0.002196, 0.002008, 0.002431, 0.000313, 0.001475, 0.001414, 0.001389, 0.001175, 0.001303, 0.001178, 0.001272, 0.000968, 0.001152, 0.001121, 0.001309, 0.001152, 0.001247, 0.001062, 0.001339, 0.001183, 0.001187, 0.000968, 0.001275, 0.000995, 0.001213, 0.001080, 0.000995, 0.001500, 0.002228, 0.002166, 0.002188, 0.002100, 0.002276, 0.002285, 0.002394, 0.002316, 0.002376, 0.002118, 0.002440, 0.002355, 0.002352, 0.002391, 0.002297, 0.002467, 0.002252, 0.002446, 0.002200, 0.002350, 0.002364, 0.002273, 0.002276, 0.002072, 0.002530, 0.001304, 0.001311, 0.001359, 0.001346, 0.001137, 0.001137, 0.001071, 0.001193, 0.001130, 0.001194, 0.000980, 0.001226, 0.001039, 0.001226, 0.000888, 0.001106, 0.001011, 0.001226, 0.001039, 0.001223
2 , 1, 1, 1, 1, 1, 1, 1
2 , 0.033483, 0.038750, 0.042661, 0.045586, 0.043805, 0.041963, 0.040200
3 , 0.002188, 0.002100, 0.002276, 0.002285, 0.002394, 0.002316, 0.002376, 0.002118, 0.002440, 0.002355, 0.002352, 0.002391, 0.002297, 0.002467, 0.002252, 0.002446, 0.002200, 0.002350, 0.002364, 0.002273, 0.002276, 0.002072, 0.002530, 0.001304, 0.001311, 0.001359, 0.001346, 0.001137, 0.001137, 0.001071, 0.001193, 0.001130, 0.001194, 0.000980, 0.001226, 0.001039, 0.001226, 0.000888, 0.001106, 0.001011, 0.001226, 0.001039, 0.001223, 0.001098, 0.001129, 0.001097, 0.001281, 0.000982, 0.001370, 0.000690, 0.002085, 0.002155, 0.002165, 0.002334, 0.002190, 0.002364, 0.002325, 0.002353, 0.002308, 0.002347, 0.002489, 0.002328, 0.002453, 0.002273, 0.002395, 0.002340, 0.002337, 0.002196, 0.002285, 0.002405, 0.002199, 0.002335, 0.002199, 0.002255, 0.000437, 0.001524, 0.001304, 0.001371, 0.001091, 0.001217, 0.001003, 0.001099, 0.001006, 0.001129, 0.000946, 0.001041, 0.000978, 0.001227, 0.001046, 0.001145, 0.000929, 0.001089
3 , 1, 1, 1, 1, 1, 1, 1
3 , 0.034355, 0.038569, 0.042581, 0.045305, 0.049948, 0.051205, 0.053746
4 , 0.002165, 0.002334, 0.002190, 0.002364, 0.002325, 0.002353, 0.002308, 0.002347, 0.002489, 0.002328, 0.002453, 0.002273, 0.002395, 0.002340, 0.002337, 0.002196, 0.002285, 0.002405, 0.002199, 0.002335, 0.002199, 0.002255, 0.000437, 0.001524, 0.001304, 0.001371, 0.001091, 0.001217, 0.001003, 0.001099, 0.001006, 0.001129, 0.000946, 0.001041, 0.000978, 0.001227, 0.001046, 0.001145, 0.000929, 0.001089, 0.000936, 0.000911, 0.000935, 0.001013, 0.000994, 0.000193, 0.002060, 0.002064, 0.002279, 0.002306, 0.002322, 0.002182, 0.002230, 0.002479, 0.002311, 0.002262, 0.002104, 0.002318, 0.002287, 0.002362, 0.002144, 0.002111, 0.002373, 0.002240, 0.002392, 0.002207, 0.002362, 0.002326, 0.002160, 0.002205, 0.000289, 0.001244, 0.001429, 0.001399, 0.001276, 0.001275, 0.001214, 0.001152, 0.001247, 0.001123, 0.001184, 0.001064, 0.001190, 0.001156, 0.001160, 0.001132, 0.001257, 0.001077, 0.001142, 0.001026, 0.001087, 0.001242
4 , 1, 1, 1, 1, 1, 1, 1
4 , 0.043385, 0.048673, 0.053922, 0.051494, 0.047592, 0.045477, 0.042920
5 , 0.002279, 0.002306, 0.002322, 0.002182, 0.002230, 0.002479, 0.002311, 0.002262, 0.002104, 0.002318, 0.002287, 0.002362, 0.002144, 0.002111, 0.002373, 0.002240, 0.002392, 0.002207, 0.002362, 0.002326, 0.002160, 0.002205, 0.000289, 0.001244, 0.001429, 0.001399, 0.001276, 0.001275, 0.001214, 0.001152, 0.001247, 0.001123, 0.001184, 0.001064, 0.001190, 0.001156, 0.001160, 0.001132, 0.001257, 0.001077, 0.001142, 0.001026, 0.001087, 0.001242, 0.000970, 0.001128, 0.001161, 0.000818, 0.001331, 0.002330, 0.002064, 0.002313, 0.002355, 0.002325, 0.002370, 0.002386, 0.002543, 0.002367, 0.002463, 0.002236, 0.002414, 0.002477, 0.002383, 0.002273, 0.002191, 0.002409, 0.002340, 0.002431, 0.002157, 0.002453, 0.002226, 0.002419, 0.001165, 0.001112, 0.001216, 0.001274, 0.001336, 0.001121, 0.001153, 0.001000, 0.001033, 0.001123, 0.001183, 0.001091, 0.001248, 0.001093, 0.001125, 0.001033, 0.001218, 0.001004, 0.001222, 0.001011
5 , 1, 1, 1, 1, 1, 1, 1
5 , 0.036832, 0.042661, 0.046349, 0.049815, 0.050239, 0.049108, 0.046154
6 , 0.002064, 0.002313, 0.002355, 0.002325, 0.002370, 0.002386, 0.002543, 0.002367, 0.002463, 0.002236, 0.002414, 0.002477, 0.002383, 0.002273, 0.002191, 0.002409, 0.002340, 0.002431, 0.002157, 0.002453, 0.002226, 0.002419, 0.001165, 0.001112, 0.001216, 0.001274, 0.001336, 0.001121, 0.001153, 0.001000, 0.001033, 0.001123, 0.001183, 0.001091, 0.001248, 0.001093, 0.001125, 0.001033, 0.001218, 0.001004, 0.001222, 0.001011, 0.001075, 0.000978, 0.001052, 0.001039, 0.000589, 0.002140, 0.002253, 0.002121, 0.002247, 0.002396, 0.002369, 0.002388, 0.002312, 0.002558, 0.002537, 0.002656, 0.002346, 0.002547, 0.002522, 0.002553, 0.002534, 0.002477, 0.002631, 0.002471, 0.002558, 0.002404, 0.002532, 0.002428, 0.002299, 0.000456, 0.001183, 0.001108, 0.001082, 0.001111, 0.000987, 0.001109, 0.000926, 0.001143, 0.000926, 0.001114, 0.000866, 0.001086, 0.000961, 0.001053, 0.000840, 0.001057, 0.000993, 0.001026, 0.000874, 0.001031
6 , 1, 1, 1, 1, 1, 1, 1
6 , 0.045504, 0.051525, 0.056549, 0.061445, 0.057401, 0.054106, 0.051384
7 , 0.002121, 0.002247, 0.002396, 0.002369, 0.002388, 0.002312, 0.002558, 0.002537, 0.002656, 0.002346, 0.002547, 0.002522, 0.002553, 0.002534, 0.002477, 0.002631, 0.002471, 0.002558, 0.002404, 0.002532, 0.002428, 0.002299, 0.000456, 0.001183, 0.001108, 0.001082, 0.001111, 0.000987, 0.001109, 0.000926, 0.001143, 0.000926, 0.001114, 0.000866, 0.001086, 0.000961, 0.001053, 0.000840, 0.001057, 0.000993, 0.001026, 0.000874, 0.001031, 0.000942, 0.001065, 0.000772, 0.001057, 0.000101, 0.001830, 0.002325, 0.002410, 0.002279, 0.002397, 0.002476, 0.002415, 0.002305, 0.002269, 0.002480, 0.002270, 0.002342, 0.002212, 0.002384, 0.002309, 0.002307, 0.002387, 0.002262, 0.002557, 0.002278, 0.002450, 0.002286, 0.002240, 0.002492, 0.000253, 0.001646, 0.001222, 0.001281, 0.001189, 0.001187, 0.001095, 0.001189, 0.001065, 0.001160, 0.001101, 0.001045, 0.000898, 0.000962, 0.001087, 0.000968, 0.001000, 0.000942, 0.000977, 0.000952
7 , 1, 1, 1, 1, 1, 1, 1
7 , 0.044151, 0.050456, 0.055224, 0.058984, 0.061536, 0.057601, 0.055103
8 , 0.002410, 0.002279, 0.002397, 0.002476, 0.002415, 0.002305, 0.002269, 0.002480, 0.002270, 0.002342, 0.002212, 0.002384, 0.002309, 0.002307, 0.002387, 0.002262, 0.002557, 0.002278, 0.002450, 0.002286, 0.002240, 0.002492, 0.000253, 0.001646, 0.001222, 0.001281, 0.001189, 0.001187, 0.001095, 0.001189, 0.001065, 0.001160, 0.001101, 0.001045, 0.000898, 0.000962, 0.001087, 0.000968, 0.001000, 0.000942, 0.000977, 0.000952, 0.001021, 0.000900, 0.000960, 0.000677, 0.001475, 0.002308, 0.002288, 0.002511, 0.002457, 0.002436, 0.002498, 0.002507, 0.002604, 0.002310, 0.002458, 0.002531, 0.002555, 0.002370, 0.002506, 0.002506, 0.002461, 0.002543, 0.002360, 0.002621, 0.002505, 0.002585, 0.002353, 0.002408, 0.001797, 0.000793, 0.001185, 0.001203, 0.001082, 0.001166, 0.001166, 0.001164, 0.001190, 0.001159, 0.001158, 0.001185, 0.001246, 0.001214, 0.001122, 0.001274, 0.001242, 0.001242, 0.001057, 0.001180, 0.001059, 0.001154
8 , 1, 1, 1, 1, 1, 1, 1
8 , 0.046516, 0.052594, 0.057648, 0.059798, 0.053828, 0.051416, 0.047925
9 , 0.002511, 0.002457, 0.002436, 0.002498, 0.002507, 0.002604, 0.002310, 0.002458, 0.002531, 0.002555, 0.002370, 0.002506, 0.002506, 0.002461, 0.002543, 0.002360, 0.002621, 0.002505, 0.002585, 0.002353, 0.002408, 0.001797, 0.000793, 0.001185, 0.001203, 0.001082, 0.001166, 0.001166, 0.001164, 0.001190, 0.001159, 0.001158, 0.001185, 0.001246, 0.001214, 0.001122, 0.001274, 0.001242, 0.001242, 0.001057, 0.001180, 0.001059, 0.001154, 0.001037, 0.001220, 0.000920, 0.001310, 0.000549, 0.002170, 0.002172, 0.002301, 0.002294, 0.002440, 0.002316, 0.002498, 0.002658, 0.002800, 0.002457, 0.002658, 0.002679, 0.002623, 0.002692, 0.002594, 0.002643, 0.002653, 0.002592, 0.002531, 0.002655, 0.002677, 0.002511, 0.002507, 0.002256, 0.000018, 0.001387, 0.001194, 0.001285, 0.001035, 0.001098, 0.001034, 0.001063, 0.001030, 0.001124, 0.001061, 0.001244, 0.001183, 0.001306, 0.000999, 0.001307, 0.001061, 0.001094, 0.001033, 0.001130
9 , 1, 1, 1, 1, 1, 1, 1
9 , 0.047604, 0.052655, 0.057311, 0.059881, 0.061364, 0.055897, 0.053232
10 , 0.002301, 0.002294, 0.002440, 0.002316, 0.002498, 0.002658, 0.002800, 0.002457, 0.002658, 0.002679, 0.002623, 0.002692, 0.002594, 0.002643, 0.002653, 0.002592, 0.002531, 0.002655, 0.002677, 0.002511, 0.002507, 0.002256, 0.000018, 0.001387, 0.001194, 0.001285, 0.001035, 0.001098, 0.001034, 0.001063, 0.001030, 0.001124, 0.001061, 0.001244, 0.001183, 0.001306, 0.000999, 0.001307, 0.001061, 0.001094, 0.001033, 0.001130, 0.001006, 0.001077, 0.001065, 0.000574, 0.001737, 0.002210, 0.002172, 0.002265, 0.002226, 0.002378, 0.002142, 0.002321, 0.002254, 0.002354, 0.002461, 0.002246, 0.002361, 0.002401, 0.002525, 0.002294, 0.002589, 0.002404, 0.002519, 0.002416, 0.002389, 0.002650, 0.002446, 0.002540, 0.002288, 0.002662, 0.000753, 0.001386, 0.001240, 0.001206, 0.001113, 0.001115, 0.001021, 0.001266, 0.000988, 0.001048, 0.001044, 0.001166, 0.001013, 0.001263, 0.000960, 0.001023, 0.000956, 0.001173, 0.001077, 0.001138
10 , 1, 1, 1, 1, 1, 1, 1
10 , 0.047061, 0.053122, 0.058822, 0.061128, 0.058725, 0.055202, 0.052415
11 , 0.002265, 0.002226, 0.002378, 0.002142, 0.002321, 0.002254, 0.002354, 0.002461, 0.002246, 0.002361, 0.002401, 0.002525, 0.002294, 0.002589, 0.002404, 0.002519, 0.002416, 0.002389, 0.002650, 0.002446, 0.002540, 0.002288, 0.002662, 0.000753, 0.001386, 0.001240, 0.001206, 0.001113, 0.001115, 0.001021, 0.001266, 0.000988, 0.001048, 0.001044, 0.001166, 0.001013, 0.001263, 0.000960, 0.001023, 0.000956, 0.001173, 0.001077, 0.001138, 0.001045, 0.001165, 0.000977, 0.001188, 0.001125, 0.001280, 0.001095, 0.001187, 0.000973, 0.001248, 0.001094, 0.001159, 0.001098, 0.001224, 0.001037, 0.001191, 0.001190, 0.001252, 0.001158, 0.001186, 0.001217, 0.001244, 0.001121, 0.001211, 0.001179, 0.001056, 0.001177, 0.001299, 0.001389, 0.001175, 0.001268, 0.001176, 0.001329, 0.001205, 0.001361, 0.001236, 0.001329, 0.001236, 0.001329, 0.001149, 0.001214, 0.001061, 0.001340, 0.001096, 0.001069, 0.000977, 0.001164, 0.000921, 0.001138
11 , 2, 2, 2, 2, 2, 2, 2
11 , 0.024851, 0.027060, 0.028498, 0.029444, 0.030620, 0.028665, 0.027483
12 , 0.001187, 0.000973, 0.001248, 0.001094, 0.001159, 0.001098, 0.001224, 0.001037, 0.001191, 0.001190, 0.001252, 0.001158, 0.001186, 0.001217, 0.001244, 0.001121, 0.001211, 0.001179, 0.001056, 0.001177, 0.001299, 0.001389, 0.001175, 0.001268, 0.001176, 0.001329, 0.001205, 0.001361, 0.001236, 0.001329, 0.001236, 0.001329, 0.001149, 0.001214, 0.001061, 0.001340, 0.001096, 0.001069, 0.000977, 0.001164, 0.000921, 0.001138, 0.000894, 0.001114, 0.000960, 0.000965, 0.000876, 0.001034, 0.000909, 0.001004, 0.000850, 0.000946, 0.000948, 0.001008, 0.000887, 0.000883, 0.001003, 0.001000, 0.000813, 0.000930, 0.001055, 0.001052, 0.001048, 0.001014, 0.001013, 0.001041, 0.001099, 0.001064, 0.001217, 0.001217, 0.001216, 0.001060, 0.001334, 0.001147, 0.001240, 0.001148, 0.001333, 0.001241, 0.001331, 0.001117, 0.001239, 0.001086, 0.001240, 0.001117, 0.001303, 0.001213, 0.001308, 0.001067, 0.001101, 0.001072, 0.001259, 0.000983
12 , 0, 0, 0, 2, 2, 2, 2
12 , 0.005995, 0.005324, 0.004760, 0.004745, 0.004772, 0.004713, 0.004602
13 , 0.000876, 0.001034, 0.000909, 0.001004, 0.000850, 0.000946, 0.000948, 0.001008, 0.000887, 0.000883, 0.001003, 0.001000, 0.000813, 0.000930, 0.001055, 0.001052, 0.001048, 0.001014, 0.001013, 0.001041, 0.001099, 0.001064, 0.001217, 0.001217, 0.001216, 0.001060, 0.001334, 0.001147, 0.001240, 0.001148, 0.001333, 0.001241, 0.001331, 0.001117, 0.001239, 0.001086, 0.001240, 0.001117, 0.001303, 0.001213, 0.001308, 0.001067, 0.001101, 0.001072, 0.001259, 0.000983, 0.000984, 0.001045, 0.001081, 0.000993, 0.000931, 0.001025, 0.001087, 0.000932, 0.000905, 0.001058, 0.001027, 0.001026, 0.000901, 0.001023, 0.000869, 0.001145, 0.000871, 0.001026, 0.000965, 0.000973, 0.000727, 0.000974, 0.000825, 0.000926, 0.000835, 0.000904, 0.000899, 0.000931, 0.000776, 0.000988, 0.000833, 0.000955, 0.000863, 0.000897, 0.000865, 0.000988, 0.000863, 0.000985, 0.000856, 0.000943, 0.000907, 0.000991, 0.000990, 0.001107, 0.001162, 0.001160
13 , 3, 3, 3, 3, 0, 0, 0
13 , 0.006878, 0.006452, 0.005905, 0.005251, 0.004698, 0.004696, 0.004452
14 , 0.000984, 0.001045, 0.001081, 0.000993, 0.000931, 0.001025, 0.001087, 0.000932, 0.000905, 0.001058, 0.001027, 0.001026, 0.000901, 0.001023, 0.000869, 0.001145, 0.000871, 0.001026, 0.000965, 0.000973, 0.000727, 0.000974, 0.000825, 0.000926, 0.000835, 0.000904, 0.000899, 0.000931, 0.000776, 0.000988, 0.000833, 0.000955, 0.000863, 0.000897, 0.000865, 0.000988, 0.000863, 0.000985, 0.000856, 0.000943, 0.000907, 0.000991, 0.000990, 0.001107, 0.001162, 0.001160, 0.001186, 0.001034, 0.001156, 0.001122, 0.001183, 0.001091, 0.001183, 0.001121, 0.001214, 0.001272, 0.001335, 0.001118, 0.001211, 0.001059, 0.001278, 0.001064, 0.001125, 0.000973, 0.001070, 0.001006, 0.001128, 0.000916, 0.001103, 0.000919, 0.001074, 0.000954, 0.001017, 0.000986, 0.001203, 0.000957, 0.000956, 0.000953, 0.000924, 0.001105, 0.001196, 0.001042, 0.000948, 0.001068, 0.001039, 0.001071, 0.001011, 0.001013, 0.000983, 0.001015, 0.000929, 0.001175
14 , 1, 1, 1, 1, 1, 1, 3
14 , 0.005052, 0.004793, 0.003576, 0.003141, 0.002780, 0.002342, 0.002221
15 , 0.001186, 0.001034, 0.001156, 0.001122, 0.001183, 0.001091, 0.001183, 0.001121, 0.001214, 0.001272, 0.001335, 0.001118, 0.001211, 0.001059, 0.001278, 0.001064, 0.001125, 0.000973, 0.001070, 0.001006, 0.001128, 0.000916, 0.001103, 0.000919, 0.001074, 0.000954, 0.001017, 0.000986, 0.001203, 0.000957, 0.000956, 0.000953, 0.000924, 0.001105, 0.001196, 0.001042, 0.000948, 0.001068, 0.001039, 0.001071, 0.001011, 0.001013, 0.000983, 0.001015, 0.000929, 0.001175, 0.000867, 0.000968, 0.000969, 0.001091, 0.000999, 0.001062, 0.000907, 0.000939, 0.000815, 0.000971, 0.000940, 0.000972, 0.000818, 0.001034, 0.000998, 0.001087, 0.000995, 0.001086, 0.001022, 0.001022, 0.000958, 0.000962, 0.001050, 0.000926, 0.001016, 0.000984, 0.001045, 0.000982, 0.001042, 0.000950, 0.001132, 0.001005, 0.001189, 0.001095, 0.001156, 0.001030, 0.001063, 0.001060, 0.001183, 0.001029, 0.001123, 0.001059, 0.001213, 0.001151, 0.001181, 0.001090
15 , 2, 2, 2, 2, 2, 2, 2
15 , 0.004728, 0.004682, 0.005106, 0.004834, 0.005159, 0.004930, 0.005078
16 , 0.000999, 0.001062, 0.000907, 0.000939, 0.000815, 0.000971, 0.000940, 0.000972, 0.000818, 0.001034, 0.000998, 0.001087, 0.000995, 0.001086, 0.001022, 0.001022, 0.000958, 0.000962, 0.001050, 0.000926, 0.001016, 0.000984, 0.001045, 0.000982, 0.001042, 0.000950, 0.001132, 0.001005, 0.001189, 0.001095, 0.001156, 0.001030, 0.001063, 0.001060, 0.001183, 0.001029, 0.001123, 0.001059, 0.001213, 0.001151, 0.001181, 0.001090, 0.001274, 0.001058, 0.001120, 0.001148, 0.001210, 0.001150, 0.001151, 0.001151, 0.001090, 0.001332, 0.001118, 0.001087, 0.001208, 0.001118, 0.001151, 0.001061, 0.001030, 0.001093, 0.001061, 0.001242, 0.001090, 0.001244, 0.001000, 0.001129, 0.000977, 0.001041, 0.000920, 0.001167, 0.000957, 0.000902, 0.000812, 0.001027, 0.000873, 0.000907, 0.000874, 0.000904, 0.000813, 0.001026, 0.000871, 0.000992, 0.001018, 0.000957, 0.000925, 0.000959, 0.000957, 0.001018, 0.000988, 0.000957, 0.000955, 0.000950
16 , 3, 3, 3, 3, 3, 3, 3
16 , 0.006296, 0.006296, 0.006611, 0.006699, 0.006401, 0.006171, 0.006064
