0 , 0.001751, 0.001455, 0.001840, 0.001726, 0.001777, 0.001650, 0.001918, 0.001981, 0.001957, 0.001988, 0.001825, 0.002071, 0.002013, 0.002162, 0.001908, 0.002005, 0.002184, 0.002045, 0.001988, 0.001911, 0.002214, 0.002109, 0.002087, 0.001550, 0.000656, 0.001496, 0.001673, 0.001646, 0.001641, 0.001640, 0.001579, 0.001608, 0.001606, 0.001605, 0.001575, 0.001726, 0.001605, 0.001637, 0.001636, 0.001729, 0.001575, 0.001606, 0.001667, 0.001700, 0.001696, 0.001639, 0.001632, 0.000616, 0.001443, 0.001734, 0.001490, 0.001741, 0.001865, 0.001896, 0.001771, 0.001738, 0.001975, 0.001992, 0.001919, 0.001660, 0.001850, 0.002091, 0.001979, 0.001938, 0.001855, 0.002016, 0.002046, 0.001968, 0.001853, 0.002145, 0.002051, 0.002027, 0.000149, 0.001749, 0.001505, 0.001565, 0.001532, 0.001471, 0.001471, 0.001376, 0.001470, 0.001466, 0.001468, 0.001372, 0.001621, 0.001435, 0.001619, 0.001433, 0.001677, 0.001553, 0.001617, 0.001521
0 , 1, 1, 1, 1, 1, 1, 1
0 , 0.008238, 0.009329, 0.011394, 0.014801, 0.018433, 0.016121, 0.013981
1 , 0.001490, 0.001741, 0.001865, 0.001896, 0.001771, 0.001738, 0.001975, 0.001992, 0.001919, 0.001660, 0.001850, 0.002091, 0.001979, 0.001938, 0.001855, 0.002016, 0.002046, 0.001968, 0.001853, 0.002145, 0.002051, 0.002027, 0.000149, 0.001749, 0.001505, 0.001565, 0.001532, 0.001471, 0.001471, 0.001376, 0.001470, 0.001466, 0.001468, 0.001372, 0.001621, 0.001435, 0.001619, 0.001433, 0.001677, 0.001553, 0.001617, 0.001521, 0.001615, 0.001369, 0.001643, 0.001459, 0.001702, 0.001378, 0.000722, 0.001607, 0.001647, 0.001615, 0.001695, 0.001999, 0.001836, 0.002099, 0.001904, 0.002073, 0.001992, 0.002122, 0.002083, 0.002147, 0.002018, 0.002082, 0.002214, 0.001912, 0.002181, 0.001979, 0.002113, 0.002114, 0.002026, 0.002333, 0.001226, 0.001455, 0.001635, 0.001470, 0.001353, 0.001357, 0.001227, 0.001471, 0.001312, 0.001460, 0.001269, 0.001537, 0.001434, 0.001550, 0.001514, 0.001663, 0.001568, 0.001842, 0.001690, 0.001905
1 , 1, 1, 1, 1, 1, 1, 1
1 , 0.012182, 0.014956, 0.017235, 0.018299, 0.017231, 0.018019, 0.017001
2 , 0.001607, 0.001647, 0.001615, 0.001695, 0.001999, 0.001836, 0.002099, 0.001904, 0.002073, 0.001992, 0.002122, 0.002083, 0.002147, 0.002018, 0.002082, 0.002214, 0.001912, 0.002181, 0.001979, 0.002113, 0.002114, 0.002026, 0.002333, 0.001226, 0.001455, 0.001635, 0.001470, 0.001353, 0.001357, 0.001227, 0.001471, 0.001312, 0.001460, 0.001269, 0.001537, 0.001434, 0.001550, 0.001514, 0.001663, 0.001568, 0.001842, 0.001690, 0.001905, 0.001787, 0.001977, 0.001858, 0.002303, 0.000494, 0.000840, 0.000865, 0.000946, 0.001143, 0.000887, 0.001198, 0.001233, 0.001308, 0.001252, 0.001253, 0.001530, 0.001514, 0.001530, 0.001376, 0.001660, 0.001667, 0.001770, 0.001736, 0.001749, 0.002032, 0.001905, 0.002071, 0.002016, 0.002120, 0.002178, 0.001973, 0.000798, 0.001570, 0.001498, 0.001289, 0.001410, 0.001225, 0.001227, 0.001197, 0.001312, 0.001122, 0.001308, 0.001298, 0.001450, 0.001322, 0.001597, 0.001438, 0.001501, 0.001345
2 , 2, 2, 2, 2, 1, 1, 1
2 , 0.008030, 0.008183, 0.008392, 0.009034, 0.011844, 0.013797, 0.015779
3 , 0.000887, 0.001198, 0.001233, 0.001308, 0.001252, 0.001253, 0.001530, 0.001514, 0.001530, 0.001376, 0.001660, 0.001667, 0.001770, 0.001736, 0.001749, 0.002032, 0.001905, 0.002071, 0.002016, 0.002120, 0.002178, 0.001973, 0.000798, 0.001570, 0.001498, 0.001289, 0.001410, 0.001225, 0.001227, 0.001197, 0.001312, 0.001122, 0.001308, 0.001298, 0.001450, 0.001322, 0.001597, 0.001438, 0.001501, 0.001345, 0.001528, 0.001528, 0.001529, 0.001315, 0.001435, 0.001286, 0.001674, 0.000590, 0.001460, 0.001701, 0.001720, 0.001631, 0.001771, 0.001972, 0.001812, 0.001956, 0.001837, 0.002074, 0.001891, 0.001906, 0.001757, 0.001893, 0.001805, 0.001759, 0.001845, 0.001886, 0.001965, 0.001749, 0.001881, 0.001861, 0.001824, 0.001915, 0.000047, 0.002038, 0.001736, 0.001703, 0.001639, 0.001580, 0.001489, 0.001610, 0.001577, 0.001730, 0.001606, 0.001670, 0.001575, 0.001607, 0.001549, 0.001550, 0.001609, 0.001550, 0.001399, 0.001462
3 , 1, 1, 1, 1, 1, 1, 1
3 , 0.004141, 0.006859, 0.010020, 0.011662, 0.013589, 0.011180, 0.012337
4 , 0.001720, 0.001631, 0.001771, 0.001972, 0.001812, 0.001956, 0.001837, 0.002074, 0.001891, 0.001906, 0.001757, 0.001893, 0.001805, 0.001759, 0.001845, 0.001886, 0.001965, 0.001749, 0.001881, 0.001861, 0.001824, 0.001915, 0.000047, 0.002038, 0.001736, 0.001703, 0.001639, 0.001580, 0.001489, 0.001610, 0.001577, 0.001730, 0.001606, 0.001670, 0.001575, 0.001607, 0.001549, 0.001550, 0.001609, 0.001550, 0.001399, 0.001462, 0.001432, 0.001527, 0.001279, 0.001262, 0.001038, 0.001731, 0.001847, 0.001880, 0.001874, 0.001770, 0.002026, 0.001911, 0.002104, 0.001969, 0.002035, 0.002159, 0.001999, 0.001980, 0.001811, 0.002029, 0.001963, 0.002156, 0.001907, 0.002024, 0.001999, 0.001977, 0.002096, 0.002035, 0.001472, 0.001155, 0.001635, 0.001565, 0.001539, 0.001443, 0.001570, 0.001384, 0.001294, 0.001229, 0.001507, 0.001470, 0.001499, 0.001377, 0.001528, 0.001465, 0.001496, 0.001402, 0.001521, 0.001519, 0.001458, 0.001610
4 , 1, 1, 1, 1, 1, 1, 1
4 , 0.012628, 0.015872, 0.018148, 0.019537, 0.015149, 0.015624, 0.015236
5 , 0.001880, 0.001874, 0.001770, 0.002026, 0.001911, 0.002104, 0.001969, 0.002035, 0.002159, 0.001999, 0.001980, 0.001811, 0.002029, 0.001963, 0.002156, 0.001907, 0.002024, 0.001999, 0.001977, 0.002096, 0.002035, 0.001472, 0.001155, 0.001635, 0.001565, 0.001539, 0.001443, 0.001570, 0.001384, 0.001294, 0.001229, 0.001507, 0.001470, 0.001499, 0.001377, 0.001528, 0.001465, 0.001496, 0.001402, 0.001521, 0.001519, 0.001458, 0.001610, 0.001610, 0.001546, 0.001456, 0.001783, 0.000083, 0.001663, 0.001436, 0.001832, 0.001639, 0.001735, 0.001606, 0.001880, 0.001913, 0.001753, 0.001837, 0.001855, 0.002101, 0.001855, 0.001987, 0.001792, 0.001883, 0.001848, 0.001757, 0.001878, 0.001701, 0.001919, 0.001852, 0.002015, 0.001563, 0.000621, 0.001701, 0.001789, 0.001762, 0.001638, 0.001698, 0.001578, 0.001642, 0.001551, 0.001553, 0.001464, 0.001527, 0.001497, 0.001558, 0.001498, 0.001533, 0.001349, 0.001532, 0.001410, 0.001504
5 , 1, 1, 1, 1, 1, 1, 1
5 , 0.011826, 0.014193, 0.015914, 0.015971, 0.017893, 0.015612, 0.016014
6 , 0.001832, 0.001639, 0.001735, 0.001606, 0.001880, 0.001913, 0.001753, 0.001837, 0.001855, 0.002101, 0.001855, 0.001987, 0.001792, 0.001883, 0.001848, 0.001757, 0.001878, 0.001701, 0.001919, 0.001852, 0.002015, 0.001563, 0.000621, 0.001701, 0.001789, 0.001762, 0.001638, 0.001698, 0.001578, 0.001642, 0.001551, 0.001553, 0.001464, 0.001527, 0.001497, 0.001558, 0.001498, 0.001533, 0.001349, 0.001532, 0.001410, 0.001504, 0.001465, 0.001594, 0.001489, 0.000889, 0.001314, 0.001893, 0.001672, 0.001825, 0.001711, 0.001792, 0.001615, 0.001655, 0.001784, 0.001655, 0.001786, 0.001627, 0.001971, 0.001908, 0.001842, 0.001643, 0.001759, 0.001934, 0.001787, 0.001972, 0.001750, 0.002070, 0.001911, 0.002224, 0.000234, 0.001475, 0.001669, 0.001452, 0.001514, 0.001365, 0.001459, 0.001301, 0.001393, 0.001354, 0.001538, 0.001288, 0.001437, 0.001436, 0.001526, 0.001369, 0.001522, 0.001429, 0.001612, 0.001520, 0.001706, 0.001524
6 , 1, 1, 1, 1, 1, 1, 1
6 , 0.009901, 0.012845, 0.016176, 0.014182, 0.011232, 0.011587, 0.011065
7 , 0.001672, 0.001825, 0.001711, 0.001792, 0.001615, 0.001655, 0.001784, 0.001655, 0.001786, 0.001627, 0.001971, 0.001908, 0.001842, 0.001643, 0.001759, 0.001934, 0.001787, 0.001972, 0.001750, 0.002070, 0.001911, 0.002224, 0.000234, 0.001475, 0.001669, 0.001452, 0.001514, 0.001365, 0.001459, 0.001301, 0.001393, 0.001354, 0.001538, 0.001288, 0.001437, 0.001436, 0.001526, 0.001369, 0.001522, 0.001429, 0.001612, 0.001520, 0.001706, 0.001524, 0.001524, 0.001402, 0.001619, 0.001319, 0.000745, 0.001976, 0.001842, 0.001731, 0.001938, 0.001983, 0.001842, 0.001717, 0.001944, 0.002021, 0.002013, 0.001935, 0.001714, 0.002037, 0.001860, 0.002042, 0.001824, 0.001936, 0.002134, 0.001949, 0.001972, 0.001714, 0.001992, 0.001985, 0.001193, 0.001660, 0.001761, 0.001727, 0.001728, 0.001634, 0.001514, 0.001729, 0.001670, 0.001733, 0.001580, 0.001461, 0.001369, 0.001552, 0.001552, 0.001552, 0.001456, 0.001578, 0.001457, 0.001519
7 , 1, 1, 1, 1, 1, 1, 1
7 , 0.008973, 0.011542, 0.013215, 0.014998, 0.013695, 0.014072, 0.013663
8 , 0.001976, 0.001842, 0.001731, 0.001938, 0.001983, 0.001842, 0.001717, 0.001944, 0.002021, 0.002013, 0.001935, 0.001714, 0.002037, 0.001860, 0.002042, 0.001824, 0.001936, 0.002134, 0.001949, 0.001972, 0.001714, 0.001992, 0.001985, 0.001193, 0.001660, 0.001761, 0.001727, 0.001728, 0.001634, 0.001514, 0.001729, 0.001670, 0.001733, 0.001580, 0.001461, 0.001369, 0.001552, 0.001552, 0.001552, 0.001456, 0.001578, 0.001457, 0.001519, 0.001431, 0.001642, 0.001404, 0.001576, 0.000068, 0.001598, 0.001873, 0.001902, 0.001667, 0.001824, 0.001946, 0.001943, 0.001855, 0.001890, 0.002042, 0.001890, 0.002045, 0.001822, 0.002009, 0.002084, 0.002082, 0.002024, 0.001869, 0.002143, 0.001999, 0.002245, 0.002021, 0.002175, 0.002147, 0.000641, 0.001746, 0.001549, 0.001369, 0.001274, 0.001244, 0.001396, 0.001335, 0.001390, 0.001478, 0.001383, 0.001473, 0.001317, 0.001346, 0.001465, 0.001401, 0.001492, 0.001398, 0.001489, 0.001489
8 , 1, 1, 1, 1, 1, 1, 1
8 , 0.010913, 0.013046, 0.014900, 0.017848, 0.022479, 0.019770, 0.019585
9 , 0.001902, 0.001667, 0.001824, 0.001946, 0.001943, 0.001855, 0.001890, 0.002042, 0.001890, 0.002045, 0.001822, 0.002009, 0.002084, 0.002082, 0.002024, 0.001869, 0.002143, 0.001999, 0.002245, 0.002021, 0.002175, 0.002147, 0.000641, 0.001746, 0.001549, 0.001369, 0.001274, 0.001244, 0.001396, 0.001335, 0.001390, 0.001478, 0.001383, 0.001473, 0.001317, 0.001346, 0.001465, 0.001401, 0.001492, 0.001398, 0.001489, 0.001489, 0.001520, 0.001338, 0.001520, 0.001461, 0.001728, 0.000924, 0.001326, 0.001607, 0.001648, 0.001663, 0.001752, 0.001686, 0.001911, 0.001792, 0.001970, 0.001703, 0.001937, 0.001980, 0.001828, 0.001947, 0.001959, 0.002111, 0.001999, 0.002161, 0.001839, 0.002059, 0.002126, 0.002118, 0.002061, 0.002213, 0.000721, 0.001541, 0.001400, 0.001489, 0.001307, 0.001362, 0.001361, 0.001425, 0.001366, 0.001399, 0.001399, 0.001338, 0.001128, 0.001254, 0.001189, 0.001345, 0.001280, 0.001521, 0.001268, 0.001450
9 , 1, 1, 1, 1, 1, 1, 1
9 , 0.015633, 0.019298, 0.022096, 0.023734, 0.024308, 0.023508, 0.023334
10 , 0.001648, 0.001663, 0.001752, 0.001686, 0.001911, 0.001792, 0.001970, 0.001703, 0.001937, 0.001980, 0.001828, 0.001947, 0.001959, 0.002111, 0.001999, 0.002161, 0.001839, 0.002059, 0.002126, 0.002118, 0.002061, 0.002213, 0.000721, 0.001541, 0.001400, 0.001489, 0.001307, 0.001362, 0.001361, 0.001425, 0.001366, 0.001399, 0.001399, 0.001338, 0.001128, 0.001254, 0.001189, 0.001345, 0.001280, 0.001521, 0.001268, 0.001450, 0.001384, 0.001414, 0.001317, 0.001416, 0.000757, 0.001864, 0.001675, 0.001860, 0.001825, 0.001932, 0.001719, 0.001957, 0.001863, 0.001964, 0.001784, 0.001713, 0.001934, 0.001823, 0.001888, 0.001739, 0.002010, 0.001972, 0.001951, 0.001932, 0.001899, 0.002065, 0.002018, 0.002065, 0.001991, 0.002206, 0.001440, 0.001251, 0.001523, 0.001540, 0.001421, 0.001692, 0.001385, 0.001505, 0.001352, 0.001324, 0.001291, 0.001411, 0.001382, 0.001412, 0.001346, 0.001469, 0.001315, 0.001469, 0.001433, 0.001527
10 , 1, 1, 1, 1, 1, 1, 1
10 , 0.014714, 0.017960, 0.020622, 0.024383, 0.023547, 0.023000, 0.021426
11 , 0.001860, 0.001825, 0.001932, 0.001719, 0.001957, 0.001863, 0.001964, 0.001784, 0.001713, 0.001934, 0.001823, 0.001888, 0.001739, 0.002010, 0.001972, 0.001951, 0.001932, 0.001899, 0.002065, 0.002018, 0.002065, 0.001991, 0.002206, 0.001440, 0.001251, 0.001523, 0.001540, 0.001421, 0.001692, 0.001385, 0.001505, 0.001352, 0.001324, 0.001291, 0.001411, 0.001382, 0.001412, 0.001346, 0.001469, 0.001315, 0.001469, 0.001433, 0.001527, 0.001314, 0.001498, 0.001406, 0.001559, 0.001435, 0.001533, 0.001316, 0.001410, 0.001377, 0.001501, 0.001408, 0.001531, 0.001315, 0.001529, 0.001345, 0.001439, 0.001376, 0.001559, 0.001347, 0.001381, 0.001350, 0.001413, 0.001164, 0.001287, 0.001346, 0.001557, 0.001404, 0.001496, 0.001371, 0.001370, 0.001430, 0.001518, 0.001546, 0.001452, 0.001543, 0.001602, 0.001542, 0.001389, 0.001510, 0.001510, 0.001663, 0.001540, 0.001603, 0.001358, 0.001571, 0.001510, 0.001663, 0.001480, 0.001696
11 , 2, 2, 2, 2, 2, 2, 2
11 , 0.009071, 0.010899, 0.011838, 0.012848, 0.014108, 0.014059, 0.013314
12 , 0.001410, 0.001377, 0.001501, 0.001408, 0.001531, 0.001315, 0.001529, 0.001345, 0.001439, 0.001376, 0.001559, 0.001347, 0.001381, 0.001350, 0.001413, 0.001164, 0.001287, 0.001346, 0.001557, 0.001404, 0.001496, 0.001371, 0.001370, 0.001430, 0.001518, 0.001546, 0.001452, 0.001543, 0.001602, 0.001542, 0.001389, 0.001510, 0.001510, 0.001663, 0.001540, 0.001603, 0.001358, 0.001571, 0.001510, 0.001663, 0.001480, 0.001696, 0.001450, 0.001636, 0.001544, 0.001638, 0.001424, 0.001580, 0.001427, 0.001674, 0.001551, 0.001644, 0.001492, 0.001555, 0.001374, 0.001556, 0.001464, 0.001498, 0.001375, 0.001466, 0.001527, 0.001616, 0.001368, 0.001521, 0.001460, 0.001398, 0.001428, 0.001522, 0.001581, 0.001518, 0.001519, 0.001551, 0.001580, 0.001456, 0.001609, 0.001455, 0.001486, 0.001518, 0.001674, 0.001579, 0.001486, 0.001454, 0.001701, 0.001486, 0.001703, 0.001488, 0.001578, 0.001487, 0.001584, 0.001368, 0.001523, 0.001372
12 , 0, 0, 0, 0, 0, 0, 0
12 , 0.003327, 0.003247, 0.003551, 0.003307, 0.003529, 0.003112, 0.003600
13 , 0.001492, 0.001555, 0.001374, 0.001556, 0.001464, 0.001498, 0.001375, 0.001466, 0.001527, 0.001616, 0.001368, 0.001521, 0.001460, 0.001398, 0.001428, 0.001522, 0.001581, 0.001518, 0.001519, 0.001551, 0.001580, 0.001456, 0.001609, 0.001455, 0.001486, 0.001518, 0.001674, 0.001579, 0.001486, 0.001454, 0.001701, 0.001486, 0.001703, 0.001488, 0.001578, 0.001487, 0.001584, 0.001368, 0.001523, 0.001372, 0.001496, 0.001372, 0.001588, 0.001436, 0.001502, 0.001409, 0.001477, 0.001388, 0.001453, 0.001359, 0.001391, 0.001298, 0.001391, 0.001298, 0.001446, 0.001446, 0.001509, 0.001479, 0.001385, 0.001416, 0.001292, 0.001503, 0.001499, 0.001468, 0.001347, 0.001529, 0.001407, 0.001533, 0.001288, 0.001474, 0.001439, 0.001594, 0.001288, 0.001565, 0.001380, 0.001474, 0.001226, 0.001408, 0.001254, 0.001498, 0.001374, 0.001469, 0.001375, 0.001407, 0.001406, 0.001500, 0.001316, 0.001349, 0.001407, 0.001377, 0.001345, 0.001404
13 , 3, 3, 3, 3, 3, 3, 3
13 , 0.000881, 0.000652, 0.000644, 0.000851, 0.000788, 0.000514, 0.000640
14 , 0.001477, 0.001388, 0.001453, 0.001359, 0.001391, 0.001298, 0.001391, 0.001298, 0.001446, 0.001446, 0.001509, 0.001479, 0.001385, 0.001416, 0.001292, 0.001503, 0.001499, 0.001468, 0.001347, 0.001529, 0.001407, 0.001533, 0.001288, 0.001474, 0.001439, 0.001594, 0.001288, 0.001565, 0.001380, 0.001474, 0.001226, 0.001408, 0.001254, 0.001498, 0.001374, 0.001469, 0.001375, 0.001407, 0.001406, 0.001500, 0.001316, 0.001349, 0.001407, 0.001377, 0.001345, 0.001404, 0.001526, 0.001495, 0.001404, 0.001466, 0.001525, 0.001461, 0.001526, 0.001372, 0.001495, 0.001525, 0.001528, 0.001434, 0.001496, 0.001373, 0.001557, 0.001401, 0.001523, 0.001459, 0.001553, 0.001488, 0.001550, 0.001395, 0.001638, 0.001544, 0.001604, 0.001448, 0.001631, 0.001509, 0.001633, 0.001542, 0.001542, 0.001511, 0.001572, 0.001542, 0.001633, 0.001573, 0.001480, 0.001479, 0.001722, 0.001631, 0.001570, 0.001601, 0.001601, 0.001695, 0.001482, 0.001638
14 , 2, 2, 2, 2, 2, 2, 2
14 , 0.002392, 0.002432, 0.002137, 0.002225, 0.001853, 0.001734, 0.001577
15 , 0.001495, 0.001404, 0.001466, 0.001525, 0.001461, 0.001526, 0.001372, 0.001495, 0.001525, 0.001528, 0.001434, 0.001496, 0.001373, 0.001557, 0.001401, 0.001523, 0.001459, 0.001553, 0.001488, 0.001550, 0.001395, 0.001638, 0.001544, 0.001604, 0.001448, 0.001631, 0.001509, 0.001633, 0.001542, 0.001542, 0.001511, 0.001572, 0.001542, 0.001633, 0.001573, 0.001480, 0.001479, 0.001722, 0.001631, 0.001570, 0.001601, 0.001601, 0.001695, 0.001482, 0.001638, 0.001427, 0.001585, 0.001436, 0.001475, 0.001322, 0.001451, 0.001240, 0.001244, 0.001275, 0.001434, 0.001220, 0.001310, 0.001186, 0.001401, 0.001275, 0.001357, 0.001351, 0.001560, 0.001433, 0.001493, 0.001456, 0.001574, 0.001572, 0.001603, 0.001784, 0.001721, 0.001689, 0.001811, 0.001811, 0.001750, 0.001750, 0.001811, 0.001872, 0.001689, 0.001811, 0.001781, 0.001813, 0.001630, 0.001661, 0.001509, 0.001724, 0.001542, 0.001758, 0.001636, 0.001580, 0.001434, 0.001623
15 , 0, 0, 0, 0, 0, 0, 0
15 , 0.009218, 0.009114, 0.008448, 0.008048, 0.007329, 0.006390, 0.005279
16 , 0.001585, 0.001436, 0.001475, 0.001322, 0.001451, 0.001240, 0.001244, 0.001275, 0.001434, 0.001220, 0.001310, 0.001186, 0.001401, 0.001275, 0.001357, 0.001351, 0.001560, 0.001433, 0.001493, 0.001456, 0.001574, 0.001572, 0.001603, 0.001784, 0.001721, 0.001689, 0.001811, 0.001811, 0.001750, 0.001750, 0.001811, 0.001872, 0.001689, 0.001811, 0.001781, 0.001813, 0.001630, 0.001661, 0.001509, 0.001724, 0.001542, 0.001758, 0.001636, 0.001580, 0.001434, 0.001623, 0.001380, 0.001537, 0.001298, 0.001452, 0.001265, 0.001357, 0.001361, 0.001453, 0.001452, 0.001455, 0.001332, 0.001428, 0.001483, 0.001421, 0.001395, 0.001426, 0.001456, 0.001358, 0.001476, 0.001353, 0.001596, 0.001471, 0.001443, 0.001445, 0.001536, 0.001407, 0.001533, 0.001410, 0.001438, 0.001255, 0.001471, 0.001344, 0.001497, 0.001431, 0.001463, 0.001369, 0.001586, 0.001431, 0.001585, 0.001492, 0.001554, 0.001371, 0.001465, 0.001492, 0.001493, 0.001430
16 , 0, 0, 0, 0, 0, 0, 0
16 , 0.008007, 0.008050, 0.008388, 0.007789, 0.007917, 0.006774, 0.006412
