0 , 0.001823, 0.001507, 0.001510, 0.001723, 0.001538, 0.001508, 0.001384, 0.001568, 0.001352, 0.001506, 0.001414, 0.001538, 0.001352, 0.001598, 0.001444, 0.001597, 0.001414, 0.001568, 0.001445, 0.001596, 0.001473, 0.001745, 0.001507, 0.001836, 0.000659, 0.001312, 0.001646, 0.001775, 0.001808, 0.001654, 0.001910, 0.001892, 0.001933, 0.001715, 0.001958, 0.001967, 0.001991, 0.002088, 0.002005, 0.002160, 0.002027, 0.002176, 0.002027, 0.002198, 0.002174, 0.002132, 0.002234, 0.001939, 0.002305, 0.000315, 0.001649, 0.001561, 0.001526, 0.001309, 0.001497, 0.001402, 0.001370, 0.001187, 0.001430, 0.001185, 0.001398, 0.001364, 0.001397, 0.001304, 0.001367, 0.001274, 0.001461, 0.001305, 0.001430, 0.001301, 0.001486, 0.001359, 0.001440, 0.001274, 0.001911, 0.001914, 0.002025, 0.001989, 0.001980, 0.002025, 0.002187, 0.002071, 0.002118, 0.001980, 0.002148, 0.001948, 0.002075, 0.002098, 0.001948, 0.002147, 0.002025, 0.002086
0 , 0, 0, 0, 0, 0, 0, 0
0 , 0.013864, 0.016523, 0.019070, 0.020170, 0.022130, 0.023841, 0.024126
1 , 0.001526, 0.001309, 0.001497, 0.001402, 0.001370, 0.001187, 0.001430, 0.001185, 0.001398, 0.001364, 0.001397, 0.001304, 0.001367, 0.001274, 0.001461, 0.001305, 0.001430, 0.001301, 0.001486, 0.001359, 0.001440, 0.001274, 0.001911, 0.001914, 0.002025, 0.001989, 0.001980, 0.002025, 0.002187, 0.002071, 0.002118, 0.001980, 0.002148, 0.001948, 0.002075, 0.002098, 0.001948, 0.002147, 0.002025, 0.002086, 0.001989, 0.002147, 0.002012, 0.002033, 0.002116, 0.001027, 0.001371, 0.001872, 0.001650, 0.001711, 0.001496, 0.001680, 0.001496, 0.001618, 0.001526, 0.001710, 0.001403, 0.001588, 0.001466, 0.001620, 0.001466, 0.001682, 0.001497, 0.001681, 0.001529, 0.001500, 0.001469, 0.001533, 0.001409, 0.001445, 0.001558, 0.000063, 0.001892, 0.001623, 0.001936, 0.002077, 0.001961, 0.002140, 0.002051, 0.002375, 0.002106, 0.002181, 0.002073, 0.002197, 0.002334, 0.002177, 0.002073, 0.002064, 0.002404, 0.002122, 0.002271, 0.002140
1 , 0, 0, 0, 0, 0, 0, 0
1 , 0.021846, 0.022979, 0.023182, 0.023959, 0.027534, 0.026767, 0.026606
2 , 0.001496, 0.001680, 0.001496, 0.001618, 0.001526, 0.001710, 0.001403, 0.001588, 0.001466, 0.001620, 0.001466, 0.001682, 0.001497, 0.001681, 0.001529, 0.001500, 0.001469, 0.001533, 0.001409, 0.001445, 0.001558, 0.000063, 0.001892, 0.001623, 0.001936, 0.002077, 0.001961, 0.002140, 0.002051, 0.002375, 0.002106, 0.002181, 0.002073, 0.002197, 0.002334, 0.002177, 0.002073, 0.002064, 0.002404, 0.002122, 0.002271, 0.002140, 0.002253, 0.002236, 0.002216, 0.001908, 0.000628, 0.001482, 0.001659, 0.001418, 0.001476, 0.001501, 0.001319, 0.001226, 0.001407, 0.001347, 0.001437, 0.001374, 0.001435, 0.001434, 0.001311, 0.001372, 0.001373, 0.001341, 0.001341, 0.001311, 0.001337, 0.001344, 0.001574, 0.000623, 0.001576, 0.001966, 0.001928, 0.001834, 0.002127, 0.002000, 0.001991, 0.001905, 0.001954, 0.002007, 0.002128, 0.001877, 0.002032, 0.002217, 0.002024, 0.002016, 0.001870, 0.002085, 0.002019, 0.002052, 0.002113, 0.002163
2 , 0, 0, 0, 0, 0, 0, 0
2 , 0.020909, 0.023228, 0.026442, 0.028293, 0.027186, 0.027434, 0.024419
3 , 0.001418, 0.001476, 0.001501, 0.001319, 0.001226, 0.001407, 0.001347, 0.001437, 0.001374, 0.001435, 0.001434, 0.001311, 0.001372, 0.001373, 0.001341, 0.001341, 0.001311, 0.001337, 0.001344, 0.001574, 0.000623, 0.001576, 0.001966, 0.001928, 0.001834, 0.002127, 0.002000, 0.001991, 0.001905, 0.001954, 0.002007, 0.002128, 0.001877, 0.002032, 0.002217, 0.002024, 0.002016, 0.001870, 0.002085, 0.002019, 0.002052, 0.002113, 0.002163, 0.002151, 0.002351, 0.000194, 0.001675, 0.001461, 0.001612, 0.001517, 0.001486, 0.001364, 0.001390, 0.001392, 0.001455, 0.001393, 0.001391, 0.001452, 0.001270, 0.001390, 0.001361, 0.001395, 0.001362, 0.001577, 0.001397, 0.001460, 0.001367, 0.001463, 0.001397, 0.001522, 0.001316, 0.000983, 0.001940, 0.001913, 0.001974, 0.001789, 0.002248, 0.001980, 0.002152, 0.002058, 0.002132, 0.002210, 0.002030, 0.002141, 0.001779, 0.002162, 0.002022, 0.002060, 0.002008, 0.002041, 0.002245, 0.001960
3 , 0, 0, 0, 0, 0, 0, 0
3 , 0.024002, 0.025431, 0.025255, 0.026440, 0.026945, 0.025812, 0.025104
4 , 0.001486, 0.001364, 0.001390, 0.001392, 0.001455, 0.001393, 0.001391, 0.001452, 0.001270, 0.001390, 0.001361, 0.001395, 0.001362, 0.001577, 0.001397, 0.001460, 0.001367, 0.001463, 0.001397, 0.001522, 0.001316, 0.000983, 0.001940, 0.001913, 0.001974, 0.001789, 0.002248, 0.001980, 0.002152, 0.002058, 0.002132, 0.002210, 0.002030, 0.002141, 0.001779, 0.002162, 0.002022, 0.002060, 0.002008, 0.002041, 0.002245, 0.001960, 0.002066, 0.001902, 0.002251, 0.001282, 0.001407, 0.001672, 0.001664, 0.001514, 0.001575, 0.001331, 0.001455, 0.001364, 0.001338, 0.001280, 0.001407, 0.001346, 0.001475, 0.001196, 0.001355, 0.001199, 0.001448, 0.001177, 0.001238, 0.001210, 0.001388, 0.001062, 0.001474, 0.000488, 0.001971, 0.001961, 0.002080, 0.002007, 0.002116, 0.001924, 0.002159, 0.002087, 0.002110, 0.001980, 0.002166, 0.002108, 0.002088, 0.002025, 0.001933, 0.002229, 0.002049, 0.002190, 0.002135, 0.002069, 0.002246, 0.002060
4 , 0, 0, 0, 0, 0, 0, 0
4 , 0.024929, 0.026969, 0.029784, 0.030265, 0.029331, 0.027787, 0.024670
5 , 0.001514, 0.001575, 0.001331, 0.001455, 0.001364, 0.001338, 0.001280, 0.001407, 0.001346, 0.001475, 0.001196, 0.001355, 0.001199, 0.001448, 0.001177, 0.001238, 0.001210, 0.001388, 0.001062, 0.001474, 0.000488, 0.001971, 0.001961, 0.002080, 0.002007, 0.002116, 0.001924, 0.002159, 0.002087, 0.002110, 0.001980, 0.002166, 0.002108, 0.002088, 0.002025, 0.001933, 0.002229, 0.002049, 0.002190, 0.002135, 0.002069, 0.002246, 0.002060, 0.002038, 0.001750, 0.000427, 0.001704, 0.001545, 0.001580, 0.001486, 0.001551, 0.001395, 0.001494, 0.001219, 0.001280, 0.001249, 0.001310, 0.001222, 0.001406, 0.001219, 0.001405, 0.001280, 0.001434, 0.001218, 0.001400, 0.001278, 0.001375, 0.001332, 0.001404, 0.001269, 0.000872, 0.001607, 0.001875, 0.001864, 0.002166, 0.002077, 0.002030, 0.001776, 0.002113, 0.002096, 0.002105, 0.002030, 0.002088, 0.002221, 0.002193, 0.002287, 0.002057, 0.002306, 0.002251, 0.002168, 0.002077, 0.001960
5 , 0, 0, 0, 0, 0, 0, 0
5 , 0.027715, 0.029034, 0.030125, 0.031470, 0.031239, 0.030131, 0.029073
6 , 0.001486, 0.001551, 0.001395, 0.001494, 0.001219, 0.001280, 0.001249, 0.001310, 0.001222, 0.001406, 0.001219, 0.001405, 0.001280, 0.001434, 0.001218, 0.001400, 0.001278, 0.001375, 0.001332, 0.001404, 0.001269, 0.000872, 0.001607, 0.001875, 0.001864, 0.002166, 0.002077, 0.002030, 0.001776, 0.002113, 0.002096, 0.002105, 0.002030, 0.002088, 0.002221, 0.002193, 0.002287, 0.002057, 0.002306, 0.002251, 0.002168, 0.002077, 0.001960, 0.002301, 0.002067, 0.002380, 0.000306, 0.001277, 0.001471, 0.001438, 0.001439, 0.001250, 0.001369, 0.001275, 0.001461, 0.001278, 0.001431, 0.001336, 0.001399, 0.001338, 0.001430, 0.001154, 0.001436, 0.001313, 0.001472, 0.001285, 0.001380, 0.001226, 0.001289, 0.001141, 0.000961, 0.002061, 0.001985, 0.001916, 0.002231, 0.002225, 0.002201, 0.002085, 0.002233, 0.002142, 0.002159, 0.002207, 0.002118, 0.002237, 0.001977, 0.002120, 0.002052, 0.002015, 0.002086, 0.002053, 0.002030, 0.001895
6 , 0, 0, 0, 0, 0, 0, 0
6 , 0.027039, 0.029542, 0.033057, 0.033479, 0.032327, 0.031100, 0.029844
7 , 0.001438, 0.001439, 0.001250, 0.001369, 0.001275, 0.001461, 0.001278, 0.001431, 0.001336, 0.001399, 0.001338, 0.001430, 0.001154, 0.001436, 0.001313, 0.001472, 0.001285, 0.001380, 0.001226, 0.001289, 0.001141, 0.000961, 0.002061, 0.001985, 0.001916, 0.002231, 0.002225, 0.002201, 0.002085, 0.002233, 0.002142, 0.002159, 0.002207, 0.002118, 0.002237, 0.001977, 0.002120, 0.002052, 0.002015, 0.002086, 0.002053, 0.002030, 0.001895, 0.002144, 0.002001, 0.002033, 0.002140, 0.001316, 0.001158, 0.001697, 0.001566, 0.001538, 0.001415, 0.001511, 0.001480, 0.001484, 0.001302, 0.001365, 0.001184, 0.001493, 0.001308, 0.001341, 0.001223, 0.001286, 0.001255, 0.001409, 0.001168, 0.001355, 0.001296, 0.001238, 0.001299, 0.001270, 0.001360, 0.001208, 0.001294, 0.001290, 0.001288, 0.001255, 0.001284, 0.001315, 0.001437, 0.001376, 0.001437, 0.001404, 0.001432, 0.001306, 0.001428, 0.001331, 0.001484, 0.001483, 0.001480, 0.001357
7 , 3, 3, 3, 0, 0, 0, 0
7 , 0.018603, 0.017440, 0.017429, 0.019079, 0.018088, 0.016571, 0.016424
8 , 0.001697, 0.001566, 0.001538, 0.001415, 0.001511, 0.001480, 0.001484, 0.001302, 0.001365, 0.001184, 0.001493, 0.001308, 0.001341, 0.001223, 0.001286, 0.001255, 0.001409, 0.001168, 0.001355, 0.001296, 0.001238, 0.001299, 0.001270, 0.001360, 0.001208, 0.001294, 0.001290, 0.001288, 0.001255, 0.001284, 0.001315, 0.001437, 0.001376, 0.001437, 0.001404, 0.001432, 0.001306, 0.001428, 0.001331, 0.001484, 0.001483, 0.001480, 0.001357, 0.001601, 0.001419, 0.001455, 0.001271, 0.001488, 0.001215, 0.001343, 0.001189, 0.001438, 0.001253, 0.001412, 0.001256, 0.001293, 0.001081, 0.001267, 0.001237, 0.001333, 0.001207, 0.001330, 0.001119, 0.001334, 0.001207, 0.001300, 0.001208, 0.001267, 0.001324, 0.001260, 0.001319, 0.001438, 0.001405, 0.001314, 0.001220, 0.001397, 0.001458, 0.001364, 0.001451, 0.001416, 0.001567, 0.001445, 0.001474, 0.001349, 0.001474, 0.001412, 0.001536, 0.001474, 0.001503, 0.001444, 0.001448, 0.001359
8 , 2, 2, 0, 2, 0, 0, 0
8 , 0.003931, 0.003179, 0.003497, 0.003424, 0.004088, 0.003851, 0.004577
9 , 0.001253, 0.001412, 0.001256, 0.001293, 0.001081, 0.001267, 0.001237, 0.001333, 0.001207, 0.001330, 0.001119, 0.001334, 0.001207, 0.001300, 0.001208, 0.001267, 0.001324, 0.001260, 0.001319, 0.001438, 0.001405, 0.001314, 0.001220, 0.001397, 0.001458, 0.001364, 0.001451, 0.001416, 0.001567, 0.001445, 0.001474, 0.001349, 0.001474, 0.001412, 0.001536, 0.001474, 0.001503, 0.001444, 0.001448, 0.001359, 0.001512, 0.001298, 0.001546, 0.001330, 0.001453, 0.001331, 0.001514, 0.001421, 0.001518, 0.001367, 0.001340, 0.001341, 0.001497, 0.001248, 0.001309, 0.001366, 0.001427, 0.001331, 0.001452, 0.001450, 0.001419, 0.001416, 0.001416, 0.001478, 0.001300, 0.001394, 0.001337, 0.001282, 0.001256, 0.001350, 0.001261, 0.001319, 0.001226, 0.001375, 0.001189, 0.001432, 0.001365, 0.001452, 0.001324, 0.001415, 0.001441, 0.001656, 0.001407, 0.001588, 0.001556, 0.001738, 0.001583, 0.001675, 0.001674, 0.001644, 0.001644, 0.001707
9 , 0, 0, 0, 0, 0, 0, 0
9 , 0.004534, 0.005039, 0.005023, 0.006046, 0.006559, 0.007350, 0.007173
10 , 0.001341, 0.001497, 0.001248, 0.001309, 0.001366, 0.001427, 0.001331, 0.001452, 0.001450, 0.001419, 0.001416, 0.001416, 0.001478, 0.001300, 0.001394, 0.001337, 0.001282, 0.001256, 0.001350, 0.001261, 0.001319, 0.001226, 0.001375, 0.001189, 0.001432, 0.001365, 0.001452, 0.001324, 0.001415, 0.001441, 0.001656, 0.001407, 0.001588, 0.001556, 0.001738, 0.001583, 0.001675, 0.001674, 0.001644, 0.001644, 0.001707, 0.001494, 0.001588, 0.001499, 0.001535, 0.001388, 0.001453, 0.001425, 0.001307, 0.001278, 0.001311, 0.001377, 0.001286, 0.001261, 0.001076, 0.001351, 0.001285, 0.001256, 0.001221, 0.001405, 0.001310, 0.001339, 0.001274, 0.001301, 0.001271, 0.001513, 0.001327, 0.001482, 0.001294, 0.001385, 0.001231, 0.001476, 0.001232, 0.001512, 0.001390, 0.001513, 0.001328, 0.001327, 0.001326, 0.001359, 0.001236, 0.001422, 0.001330, 0.001422, 0.001392, 0.001360, 0.001391, 0.001390, 0.001422, 0.001331, 0.001332, 0.001393
10 , 0, 0, 0, 0, 0, 0, 0
10 , 0.003667, 0.004476, 0.004543, 0.005269, 0.005148, 0.005776, 0.005145
11 , 0.001377, 0.001286, 0.001261, 0.001076, 0.001351, 0.001285, 0.001256, 0.001221, 0.001405, 0.001310, 0.001339, 0.001274, 0.001301, 0.001271, 0.001513, 0.001327, 0.001482, 0.001294, 0.001385, 0.001231, 0.001476, 0.001232, 0.001512, 0.001390, 0.001513, 0.001328, 0.001327, 0.001326, 0.001359, 0.001236, 0.001422, 0.001330, 0.001422, 0.001392, 0.001360, 0.001391, 0.001390, 0.001422, 0.001331, 0.001332, 0.001393, 0.001392, 0.001361, 0.001455, 0.001270, 0.001426, 0.001305, 0.001279, 0.001342, 0.001379, 0.001226, 0.001415, 0.001107, 0.001326, 0.001292, 0.001384, 0.001262, 0.001507, 0.001411, 0.001349, 0.001286, 0.001532, 0.001254, 0.001379, 0.001287, 0.001258, 0.001226, 0.001348, 0.001253, 0.001374, 0.001309, 0.001313, 0.001311, 0.001433, 0.001402, 0.001370, 0.001340, 0.001367, 0.001429, 0.001332, 0.001457, 0.001425, 0.001426, 0.001303, 0.001395, 0.001453, 0.001511, 0.001238, 0.001485, 0.001332, 0.001547, 0.001364
11 , 0, 0, 0, 0, 0, 0, 0
11 , 0.002485, 0.002695, 0.002672, 0.002874, 0.002705, 0.002665, 0.002244
12 , 0.001379, 0.001226, 0.001415, 0.001107, 0.001326, 0.001292, 0.001384, 0.001262, 0.001507, 0.001411, 0.001349, 0.001286, 0.001532, 0.001254, 0.001379, 0.001287, 0.001258, 0.001226, 0.001348, 0.001253, 0.001374, 0.001309, 0.001313, 0.001311, 0.001433, 0.001402, 0.001370, 0.001340, 0.001367, 0.001429, 0.001332, 0.001457, 0.001425, 0.001426, 0.001303, 0.001395, 0.001453, 0.001511, 0.001238, 0.001485, 0.001332, 0.001547, 0.001364, 0.001547, 0.001391, 0.001452, 0.001391, 0.001484, 0.001420, 0.001481, 0.001420, 0.001455, 0.001484, 0.001543, 0.001357, 0.001422, 0.001420, 0.001453, 0.001333, 0.001514, 0.001577, 0.001515, 0.001452, 0.001363, 0.001454, 0.001423, 0.001517, 0.001425, 0.001516, 0.001391, 0.001421, 0.001419, 0.001540, 0.001354, 0.001572, 0.001449, 0.001542, 0.001478, 0.001511, 0.001450, 0.001513, 0.001422, 0.001516, 0.001424, 0.001577, 0.001271, 0.001423, 0.001329, 0.001394, 0.001270, 0.001392, 0.001361
12 , 3, 3, 3, 3, 3, 3, 3
12 , 0.001389, 0.001948, 0.001869, 0.002073, 0.002334, 0.002593, 0.002424
13 , 0.001455, 0.001484, 0.001543, 0.001357, 0.001422, 0.001420, 0.001453, 0.001333, 0.001514, 0.001577, 0.001515, 0.001452, 0.001363, 0.001454, 0.001423, 0.001517, 0.001425, 0.001516, 0.001391, 0.001421, 0.001419, 0.001540, 0.001354, 0.001572, 0.001449, 0.001542, 0.001478, 0.001511, 0.001450, 0.001513, 0.001422, 0.001516, 0.001424, 0.001577, 0.001271, 0.001423, 0.001329, 0.001394, 0.001270, 0.001392, 0.001361, 0.001330, 0.001425, 0.001426, 0.001396, 0.001398, 0.001367, 0.001337, 0.001459, 0.001274, 0.001364, 0.001423, 0.001486, 0.001422, 0.001393, 0.001330, 0.001480, 0.001387, 0.001480, 0.001294, 0.001539, 0.001415, 0.001386, 0.001324, 0.001535, 0.001411, 0.001594, 0.001408, 0.001559, 0.001496, 0.001558, 0.001527, 0.001587, 0.001524, 0.001677, 0.001556, 0.001709, 0.001677, 0.001707, 0.001525, 0.001466, 0.001466, 0.001435, 0.001618, 0.001557, 0.001618, 0.001587, 0.001557, 0.001527, 0.001529, 0.001440, 0.001533
13 , 2, 2, 2, 2, 2, 2, 2
13 , 0.003916, 0.003749, 0.003554, 0.003630, 0.003122, 0.002992, 0.002593
14 , 0.001367, 0.001337, 0.001459, 0.001274, 0.001364, 0.001423, 0.001486, 0.001422, 0.001393, 0.001330, 0.001480, 0.001387, 0.001480, 0.001294, 0.001539, 0.001415, 0.001386, 0.001324, 0.001535, 0.001411, 0.001594, 0.001408, 0.001559, 0.001496, 0.001558, 0.001527, 0.001587, 0.001524, 0.001677, 0.001556, 0.001709, 0.001677, 0.001707, 0.001525, 0.001466, 0.001466, 0.001435, 0.001618, 0.001557, 0.001618, 0.001587, 0.001557, 0.001527, 0.001529, 0.001440, 0.001533, 0.001292, 0.001385, 0.001294, 0.001448, 0.001325, 0.001509, 0.001322, 0.001415, 0.001261, 0.001508, 0.001295, 0.001418, 0.001387, 0.001451, 0.001359, 0.001392, 0.001329, 0.001365, 0.001306, 0.001365, 0.001276, 0.001399, 0.001401, 0.001341, 0.001220, 0.001347, 0.001410, 0.001409, 0.001258, 0.001255, 0.001282, 0.001276, 0.001397, 0.001329, 0.001450, 0.001356, 0.001479, 0.001416, 0.001416, 0.001443, 0.001598, 0.001321, 0.001477, 0.001324, 0.001448, 0.001447
14 , 0, 0, 0, 0, 0, 0, 0
14 , 0.003767, 0.003772, 0.003813, 0.003985, 0.003791, 0.003354, 0.003347
15 , 0.001448, 0.001325, 0.001509, 0.001322, 0.001415, 0.001261, 0.001508, 0.001295, 0.001418, 0.001387, 0.001451, 0.001359, 0.001392, 0.001329, 0.001365, 0.001306, 0.001365, 0.001276, 0.001399, 0.001401, 0.001341, 0.001220, 0.001347, 0.001410, 0.001409, 0.001258, 0.001255, 0.001282, 0.001276, 0.001397, 0.001329, 0.001450, 0.001356, 0.001479, 0.001416, 0.001416, 0.001443, 0.001598, 0.001321, 0.001477, 0.001324, 0.001448, 0.001447, 0.001480, 0.001450, 0.001573, 0.001268, 0.001421, 0.001266, 0.001481, 0.001329, 0.001239, 0.001210, 0.001452, 0.001422, 0.001393, 0.001331, 0.001423, 0.001483, 0.001392, 0.001451, 0.001479, 0.001449, 0.001536, 0.001506, 0.001503, 0.001500, 0.001500, 0.001530, 0.001438, 0.001622, 0.001528, 0.001681, 0.001526, 0.001588, 0.001495, 0.001618, 0.001587, 0.001619, 0.001588, 0.001711, 0.001498, 0.001621, 0.001439, 0.001562, 0.001469, 0.001530, 0.001498, 0.001654, 0.001411, 0.001564, 0.001472
15 , 0, 0, 0, 0, 0, 0, 0
15 , 0.003225, 0.002964, 0.003501, 0.003119, 0.003195, 0.002318, 0.002310
16 , 0.001266, 0.001481, 0.001329, 0.001239, 0.001210, 0.001452, 0.001422, 0.001393, 0.001331, 0.001423, 0.001483, 0.001392, 0.001451, 0.001479, 0.001449, 0.001536, 0.001506, 0.001503, 0.001500, 0.001500, 0.001530, 0.001438, 0.001622, 0.001528, 0.001681, 0.001526, 0.001588, 0.001495, 0.001618, 0.001587, 0.001619, 0.001588, 0.001711, 0.001498, 0.001621, 0.001439, 0.001562, 0.001469, 0.001530, 0.001498, 0.001654, 0.001411, 0.001564, 0.001472, 0.001536, 0.001448, 0.001391, 0.001453, 0.001359, 0.001272, 0.001366, 0.001362, 0.001324, 0.001536, 0.001350, 0.001591, 0.001436, 0.001586, 0.001553, 0.001614, 0.001612, 0.001826, 0.001674, 0.001767, 0.001679, 0.001863, 0.001897, 0.001961, 0.001935, 0.002062, 0.001851, 0.002033, 0.001942, 0.001996, 0.001841, 0.001835, 0.001831, 0.001799, 0.001737, 0.001796, 0.001734, 0.001734, 0.001674, 0.001554, 0.001678, 0.001712, 0.001623, 0.001349, 0.001598, 0.001447, 0.001544, 0.001361
16 , 0, 0, 0, 0, 0, 3, 3
16 , 0.007497, 0.006716, 0.005240, 0.004227, 0.002426, 0.002940, 0.003528
