0 , 0.001440, 0.001595, 0.001473, 0.001563, 0.001349, 0.001562, 0.001320, 0.001534, 0.000816, 0.001730, 0.001816, 0.001761, 0.001882, 0.001794, 0.001816, 0.001921, 0.001985, 0.002056, 0.001960, 0.002153, 0.001965, 0.002026, 0.001857, 0.002098, 0.002040, 0.001971, 0.002150, 0.001884, 0.002139, 0.002116, 0.002247, 0.002129, 0.001750, 0.000856, 0.001783, 0.001523, 0.001563, 0.001401, 0.001561, 0.001441, 0.001382, 0.001291, 0.001479, 0.001293, 0.001476, 0.001256, 0.001443, 0.001164, 0.001287, 0.001223, 0.001373, 0.001277, 0.001405, 0.001430, 0.001497, 0.001566, 0.000549, 0.001801, 0.001862, 0.001787, 0.001985, 0.001893, 0.001890, 0.001744, 0.001973, 0.001899, 0.001975, 0.001890, 0.002044, 0.002176, 0.002001, 0.001940, 0.001893, 0.002150, 0.001915, 0.002072, 0.002036, 0.001984, 0.002093, 0.001893, 0.001942, 0.000509, 0.001468, 0.001713, 0.001744, 0.001622, 0.001498, 0.001561, 0.001286, 0.001473, 0.001350, 0.001566
0 , 0, 0, 0, 2, 1, 1, 1
0 , 0.008021, 0.005620, 0.002670, 0.001445, 0.001784, 0.004091, 0.007199
1 , 0.001443, 0.001164, 0.001287, 0.001223, 0.001373, 0.001277, 0.001405, 0.001430, 0.001497, 0.001566, 0.000549, 0.001801, 0.001862, 0.001787, 0.001985, 0.001893, 0.001890, 0.001744, 0.001973, 0.001899, 0.001975, 0.001890, 0.002044, 0.002176, 0.002001, 0.001940, 0.001893, 0.002150, 0.001915, 0.002072, 0.002036, 0.001984, 0.002093, 0.001893, 0.001942, 0.000509, 0.001468, 0.001713, 0.001744, 0.001622, 0.001498, 0.001561, 0.001286, 0.001473, 0.001350, 0.001566, 0.001412, 0.001505, 0.001353, 0.001571, 0.001356, 0.001417, 0.001476, 0.001477, 0.001414, 0.001536, 0.001350, 0.001499, 0.001406, 0.001645, 0.001035, 0.001102, 0.001830, 0.001810, 0.001655, 0.002008, 0.001901, 0.001890, 0.001782, 0.001967, 0.002048, 0.001992, 0.002020, 0.001918, 0.002147, 0.002020, 0.001992, 0.001901, 0.002034, 0.002011, 0.002008, 0.001909, 0.001915, 0.002076, 0.002143, 0.000640, 0.001625, 0.001490, 0.001615, 0.001377, 0.001382, 0.001203
1 , 0, 0, 0, 0, 0, 0, 2
1 , 0.014299, 0.012307, 0.010412, 0.007820, 0.005528, 0.002245, 0.001382
2 , 0.001412, 0.001505, 0.001353, 0.001571, 0.001356, 0.001417, 0.001476, 0.001477, 0.001414, 0.001536, 0.001350, 0.001499, 0.001406, 0.001645, 0.001035, 0.001102, 0.001830, 0.001810, 0.001655, 0.002008, 0.001901, 0.001890, 0.001782, 0.001967, 0.002048, 0.001992, 0.002020, 0.001918, 0.002147, 0.002020, 0.001992, 0.001901, 0.002034, 0.002011, 0.002008, 0.001909, 0.001915, 0.002076, 0.002143, 0.000640, 0.001625, 0.001490, 0.001615, 0.001377, 0.001382, 0.001203, 0.001329, 0.001241, 0.001275, 0.001183, 0.001304, 0.001269, 0.001176, 0.001238, 0.001359, 0.001330, 0.001209, 0.001238, 0.001417, 0.001293, 0.001348, 0.001267, 0.001403, 0.000442, 0.001794, 0.001958, 0.001931, 0.001884, 0.002040, 0.002037, 0.002073, 0.001904, 0.001761, 0.001951, 0.001965, 0.002004, 0.001869, 0.002092, 0.002012, 0.002062, 0.002043, 0.001868, 0.002101, 0.002037, 0.002076, 0.001904, 0.002050, 0.002073, 0.002071, 0.001636, 0.000856, 0.001525
2 , 0, 0, 0, 0, 0, 0, 0
2 , 0.023715, 0.021492, 0.018227, 0.016053, 0.014271, 0.012391, 0.009542
3 , 0.001329, 0.001241, 0.001275, 0.001183, 0.001304, 0.001269, 0.001176, 0.001238, 0.001359, 0.001330, 0.001209, 0.001238, 0.001417, 0.001293, 0.001348, 0.001267, 0.001403, 0.000442, 0.001794, 0.001958, 0.001931, 0.001884, 0.002040, 0.002037, 0.002073, 0.001904, 0.001761, 0.001951, 0.001965, 0.002004, 0.001869, 0.002092, 0.002012, 0.002062, 0.002043, 0.001868, 0.002101, 0.002037, 0.002076, 0.001904, 0.002050, 0.002073, 0.002071, 0.001636, 0.000856, 0.001525, 0.001699, 0.001521, 0.001432, 0.001398, 0.001518, 0.001337, 0.001307, 0.001430, 0.001335, 0.001332, 0.001421, 0.001449, 0.001446, 0.001416, 0.001291, 0.001533, 0.001470, 0.001591, 0.001558, 0.001502, 0.001561, 0.001508, 0.001586, 0.000457, 0.001602, 0.001811, 0.001783, 0.001976, 0.002053, 0.002081, 0.001907, 0.001893, 0.002089, 0.001953, 0.002160, 0.001958, 0.002030, 0.002055, 0.002082, 0.001997, 0.001988, 0.002224, 0.002000, 0.002028, 0.002036, 0.002158
3 , 0, 0, 0, 0, 0, 0, 0
3 , 0.026573, 0.024603, 0.026295, 0.026082, 0.024873, 0.023500, 0.019718
4 , 0.001699, 0.001521, 0.001432, 0.001398, 0.001518, 0.001337, 0.001307, 0.001430, 0.001335, 0.001332, 0.001421, 0.001449, 0.001446, 0.001416, 0.001291, 0.001533, 0.001470, 0.001591, 0.001558, 0.001502, 0.001561, 0.001508, 0.001586, 0.000457, 0.001602, 0.001811, 0.001783, 0.001976, 0.002053, 0.002081, 0.001907, 0.001893, 0.002089, 0.001953, 0.002160, 0.001958, 0.002030, 0.002055, 0.002082, 0.001997, 0.001988, 0.002224, 0.002000, 0.002028, 0.002036, 0.002158, 0.002119, 0.002162, 0.000245, 0.001694, 0.001535, 0.001563, 0.001530, 0.001529, 0.001589, 0.001373, 0.001620, 0.001373, 0.001495, 0.001617, 0.001617, 0.001431, 0.001676, 0.001431, 0.001645, 0.001493, 0.001707, 0.001552, 0.001703, 0.001553, 0.001765, 0.001208, 0.000912, 0.001603, 0.001708, 0.001750, 0.001719, 0.001965, 0.001932, 0.002101, 0.001785, 0.002134, 0.002114, 0.002114, 0.001987, 0.001887, 0.002199, 0.002082, 0.002110, 0.001943, 0.002088, 0.002097
4 , 0, 0, 0, 0, 0, 0, 0
4 , 0.014926, 0.016166, 0.017199, 0.018513, 0.021055, 0.022462, 0.022689
5 , 0.001530, 0.001529, 0.001589, 0.001373, 0.001620, 0.001373, 0.001495, 0.001617, 0.001617, 0.001431, 0.001676, 0.001431, 0.001645, 0.001493, 0.001707, 0.001552, 0.001703, 0.001553, 0.001765, 0.001208, 0.000912, 0.001603, 0.001708, 0.001750, 0.001719, 0.001965, 0.001932, 0.002101, 0.001785, 0.002134, 0.002114, 0.002114, 0.001987, 0.001887, 0.002199, 0.002082, 0.002110, 0.001943, 0.002088, 0.002097, 0.002108, 0.002133, 0.001818, 0.002250, 0.000901, 0.001684, 0.001701, 0.001661, 0.001570, 0.001632, 0.001413, 0.001688, 0.001475, 0.001597, 0.001441, 0.001566, 0.001381, 0.001563, 0.001529, 0.001653, 0.001469, 0.001591, 0.001346, 0.001501, 0.001409, 0.001595, 0.001442, 0.001597, 0.001297, 0.001658, 0.000546, 0.001730, 0.001827, 0.001811, 0.001782, 0.001653, 0.001890, 0.001942, 0.001834, 0.001776, 0.001649, 0.001910, 0.001856, 0.002052, 0.001887, 0.002108, 0.001981, 0.001837, 0.001875, 0.001823, 0.002032, 0.001771
5 , 0, 0, 0, 0, 0, 0, 0
5 , 0.013750, 0.014060, 0.015856, 0.018292, 0.018176, 0.017574, 0.017057
6 , 0.001632, 0.001413, 0.001688, 0.001475, 0.001597, 0.001441, 0.001566, 0.001381, 0.001563, 0.001529, 0.001653, 0.001469, 0.001591, 0.001346, 0.001501, 0.001409, 0.001595, 0.001442, 0.001597, 0.001297, 0.001658, 0.000546, 0.001730, 0.001827, 0.001811, 0.001782, 0.001653, 0.001890, 0.001942, 0.001834, 0.001776, 0.001649, 0.001910, 0.001856, 0.002052, 0.001887, 0.002108, 0.001981, 0.001837, 0.001875, 0.001823, 0.002032, 0.001771, 0.001908, 0.001882, 0.001691, 0.000931, 0.001955, 0.001732, 0.001825, 0.001640, 0.001733, 0.001579, 0.001670, 0.001578, 0.001730, 0.001485, 0.001610, 0.001579, 0.001794, 0.001550, 0.001767, 0.001490, 0.001613, 0.001520, 0.001584, 0.001614, 0.001650, 0.001731, 0.000856, 0.001440, 0.001514, 0.001642, 0.001760, 0.001821, 0.001843, 0.001694, 0.002003, 0.001871, 0.001945, 0.001704, 0.001804, 0.001923, 0.001970, 0.001909, 0.001755, 0.002088, 0.001940, 0.001983, 0.001842, 0.001951, 0.001984
6 , 0, 0, 0, 0, 0, 0, 0
6 , 0.008606, 0.009856, 0.011822, 0.013265, 0.014143, 0.014005, 0.012376
7 , 0.001640, 0.001733, 0.001579, 0.001670, 0.001578, 0.001730, 0.001485, 0.001610, 0.001579, 0.001794, 0.001550, 0.001767, 0.001490, 0.001613, 0.001520, 0.001584, 0.001614, 0.001650, 0.001731, 0.000856, 0.001440, 0.001514, 0.001642, 0.001760, 0.001821, 0.001843, 0.001694, 0.002003, 0.001871, 0.001945, 0.001704, 0.001804, 0.001923, 0.001970, 0.001909, 0.001755, 0.002088, 0.001940, 0.001983, 0.001842, 0.001951, 0.001984, 0.001826, 0.001923, 0.000173, 0.001553, 0.001770, 0.001678, 0.001709, 0.001646, 0.001648, 0.001524, 0.001526, 0.001497, 0.001652, 0.001496, 0.001559, 0.001499, 0.001591, 0.001593, 0.001475, 0.001380, 0.001350, 0.001381, 0.001532, 0.001410, 0.001499, 0.001409, 0.001587, 0.001303, 0.000907, 0.001882, 0.001661, 0.001880, 0.001904, 0.001851, 0.001851, 0.001641, 0.002029, 0.001872, 0.001890, 0.001690, 0.001885, 0.002007, 0.001928, 0.001867, 0.001790, 0.002019, 0.001796, 0.001950, 0.001854, 0.001937
7 , 0, 0, 0, 0, 0, 0, 0
7 , 0.010246, 0.009612, 0.010819, 0.013279, 0.013109, 0.013568, 0.011957
8 , 0.001524, 0.001526, 0.001497, 0.001652, 0.001496, 0.001559, 0.001499, 0.001591, 0.001593, 0.001475, 0.001380, 0.001350, 0.001381, 0.001532, 0.001410, 0.001499, 0.001409, 0.001587, 0.001303, 0.000907, 0.001882, 0.001661, 0.001880, 0.001904, 0.001851, 0.001851, 0.001641, 0.002029, 0.001872, 0.001890, 0.001690, 0.001885, 0.002007, 0.001928, 0.001867, 0.001790, 0.002019, 0.001796, 0.001950, 0.001854, 0.001937, 0.001882, 0.002151, 0.000919, 0.001488, 0.001747, 0.001714, 0.001597, 0.001474, 0.001444, 0.001503, 0.001566, 0.001657, 0.001596, 0.001441, 0.001563, 0.001562, 0.001592, 0.001530, 0.001590, 0.001556, 0.001647, 0.001554, 0.001645, 0.001581, 0.001588, 0.001672, 0.000144, 0.001518, 0.001703, 0.001661, 0.001611, 0.001817, 0.001738, 0.001781, 0.001629, 0.001894, 0.001838, 0.001779, 0.001697, 0.001760, 0.001925, 0.001779, 0.001888, 0.001788, 0.001884, 0.001979, 0.002065, 0.001943, 0.001938, 0.002273, 0.001852
8 , 0, 0, 0, 0, 0, 0, 0
8 , 0.012999, 0.014772, 0.015016, 0.015301, 0.014188, 0.013092, 0.012069
9 , 0.001444, 0.001503, 0.001566, 0.001657, 0.001596, 0.001441, 0.001563, 0.001562, 0.001592, 0.001530, 0.001590, 0.001556, 0.001647, 0.001554, 0.001645, 0.001581, 0.001588, 0.001672, 0.000144, 0.001518, 0.001703, 0.001661, 0.001611, 0.001817, 0.001738, 0.001781, 0.001629, 0.001894, 0.001838, 0.001779, 0.001697, 0.001760, 0.001925, 0.001779, 0.001888, 0.001788, 0.001884, 0.001979, 0.002065, 0.001943, 0.001938, 0.002273, 0.001852, 0.001151, 0.001873, 0.001771, 0.001738, 0.001764, 0.001638, 0.001726, 0.001694, 0.001816, 0.001693, 0.001938, 0.001847, 0.001970, 0.001758, 0.001940, 0.001849, 0.002032, 0.001789, 0.002033, 0.001944, 0.002128, 0.001916, 0.002163, 0.001885, 0.002077, 0.001089, 0.000840, 0.001196, 0.001342, 0.001379, 0.001294, 0.001766, 0.001643, 0.001833, 0.001807, 0.001928, 0.001962, 0.001985, 0.001992, 0.001933, 0.002170, 0.002256, 0.002323, 0.002089, 0.002265, 0.002346, 0.002297, 0.002338, 0.002072
9 , 3, 3, 0, 0, 0, 0, 0
9 , 0.008717, 0.007278, 0.009063, 0.010371, 0.011797, 0.010456, 0.011013
10 , 0.001694, 0.001816, 0.001693, 0.001938, 0.001847, 0.001970, 0.001758, 0.001940, 0.001849, 0.002032, 0.001789, 0.002033, 0.001944, 0.002128, 0.001916, 0.002163, 0.001885, 0.002077, 0.001089, 0.000840, 0.001196, 0.001342, 0.001379, 0.001294, 0.001766, 0.001643, 0.001833, 0.001807, 0.001928, 0.001962, 0.001985, 0.001992, 0.001933, 0.002170, 0.002256, 0.002323, 0.002089, 0.002265, 0.002346, 0.002297, 0.002338, 0.002072, 0.002361, 0.000272, 0.001603, 0.001481, 0.001630, 0.001499, 0.001434, 0.001397, 0.001580, 0.001514, 0.001543, 0.001320, 0.001593, 0.001407, 0.001588, 0.001399, 0.001672, 0.001640, 0.001732, 0.001609, 0.001762, 0.001607, 0.001882, 0.001757, 0.001705, 0.000891, 0.001426, 0.001383, 0.001418, 0.001519, 0.001560, 0.001657, 0.001677, 0.001690, 0.001873, 0.001796, 0.001870, 0.001829, 0.001976, 0.001743, 0.001768, 0.002057, 0.001967, 0.002144, 0.001913, 0.002203, 0.001990, 0.001959, 0.002040, 0.001942
10 , 2, 0, 0, 0, 0, 0, 0
10 , 0.005742, 0.007611, 0.009092, 0.010500, 0.011559, 0.011532, 0.010940
11 , 0.001580, 0.001514, 0.001543, 0.001320, 0.001593, 0.001407, 0.001588, 0.001399, 0.001672, 0.001640, 0.001732, 0.001609, 0.001762, 0.001607, 0.001882, 0.001757, 0.001705, 0.000891, 0.001426, 0.001383, 0.001418, 0.001519, 0.001560, 0.001657, 0.001677, 0.001690, 0.001873, 0.001796, 0.001870, 0.001829, 0.001976, 0.001743, 0.001768, 0.002057, 0.001967, 0.002144, 0.001913, 0.002203, 0.001990, 0.001959, 0.002040, 0.001942, 0.002163, 0.000998, 0.001765, 0.001873, 0.001772, 0.001591, 0.001620, 0.001438, 0.001560, 0.001314, 0.001531, 0.001344, 0.001498, 0.001434, 0.001586, 0.001433, 0.001585, 0.001526, 0.001500, 0.001315, 0.001558, 0.001465, 0.001650, 0.001494, 0.001527, 0.001524, 0.001522, 0.001460, 0.001583, 0.001553, 0.001553, 0.001522, 0.001675, 0.001580, 0.001549, 0.001519, 0.001550, 0.001612, 0.001521, 0.001552, 0.001554, 0.001647, 0.001494, 0.001587, 0.001615, 0.001646, 0.001552, 0.001553, 0.001491, 0.001766
11 , 0, 0, 0, 0, 0, 0, 0
11 , 0.007123, 0.007893, 0.008807, 0.009311, 0.009304, 0.009312, 0.008913
12 , 0.001314, 0.001531, 0.001344, 0.001498, 0.001434, 0.001586, 0.001433, 0.001585, 0.001526, 0.001500, 0.001315, 0.001558, 0.001465, 0.001650, 0.001494, 0.001527, 0.001524, 0.001522, 0.001460, 0.001583, 0.001553, 0.001553, 0.001522, 0.001675, 0.001580, 0.001549, 0.001519, 0.001550, 0.001612, 0.001521, 0.001552, 0.001554, 0.001647, 0.001494, 0.001587, 0.001615, 0.001646, 0.001552, 0.001553, 0.001491, 0.001766, 0.001459, 0.001674, 0.001582, 0.001735, 0.001548, 0.001703, 0.001671, 0.001855, 0.001580, 0.001674, 0.001458, 0.001675, 0.001553, 0.001644, 0.001491, 0.001555, 0.001465, 0.001680, 0.001526, 0.001623, 0.001471, 0.001536, 0.001534, 0.001597, 0.001383, 0.001538, 0.001534, 0.001658, 0.001568, 0.001480, 0.001415, 0.001387, 0.001418, 0.001540, 0.001602, 0.001539, 0.001479, 0.001359, 0.001387, 0.001569, 0.001574, 0.001543, 0.001541, 0.001477, 0.001545, 0.001478, 0.001723, 0.001567, 0.001661, 0.001476, 0.001507
12 , 3, 3, 3, 3, 3, 3, 3
12 , 0.003424, 0.003533, 0.003524, 0.003431, 0.003207, 0.002530, 0.002098
13 , 0.001671, 0.001855, 0.001580, 0.001674, 0.001458, 0.001675, 0.001553, 0.001644, 0.001491, 0.001555, 0.001465, 0.001680, 0.001526, 0.001623, 0.001471, 0.001536, 0.001534, 0.001597, 0.001383, 0.001538, 0.001534, 0.001658, 0.001568, 0.001480, 0.001415, 0.001387, 0.001418, 0.001540, 0.001602, 0.001539, 0.001479, 0.001359, 0.001387, 0.001569, 0.001574, 0.001543, 0.001541, 0.001477, 0.001545, 0.001478, 0.001723, 0.001567, 0.001661, 0.001476, 0.001507, 0.001322, 0.001633, 0.001451, 0.001479, 0.001506, 0.001600, 0.001354, 0.001690, 0.001533, 0.001714, 0.001585, 0.001616, 0.001430, 0.001673, 0.001612, 0.001612, 0.001490, 0.001704, 0.001580, 0.001702, 0.001580, 0.001521, 0.001644, 0.001525, 0.001467, 0.001589, 0.001619, 0.001620, 0.001561, 0.001498, 0.001713, 0.001501, 0.001623, 0.001531, 0.001621, 0.001619, 0.001587, 0.001492, 0.001676, 0.001642, 0.001765, 0.001457, 0.001761, 0.001638, 0.001851, 0.001760, 0.001790
13 , 2, 2, 2, 2, 2, 2, 2
13 , 0.002334, 0.002477, 0.002823, 0.003047, 0.002941, 0.002686, 0.002510
14 , 0.001506, 0.001600, 0.001354, 0.001690, 0.001533, 0.001714, 0.001585, 0.001616, 0.001430, 0.001673, 0.001612, 0.001612, 0.001490, 0.001704, 0.001580, 0.001702, 0.001580, 0.001521, 0.001644, 0.001525, 0.001467, 0.001589, 0.001619, 0.001620, 0.001561, 0.001498, 0.001713, 0.001501, 0.001623, 0.001531, 0.001621, 0.001619, 0.001587, 0.001492, 0.001676, 0.001642, 0.001765, 0.001457, 0.001761, 0.001638, 0.001851, 0.001760, 0.001790, 0.001666, 0.001879, 0.001696, 0.001879, 0.001848, 0.001817, 0.001666, 0.001911, 0.001698, 0.001668, 0.001700, 0.001793, 0.001580, 0.001673, 0.001764, 0.001645, 0.001675, 0.001735, 0.001675, 0.001617, 0.001646, 0.001555, 0.001556, 0.001617, 0.001680, 0.001618, 0.001648, 0.001465, 0.001619, 0.001525, 0.001586, 0.001524, 0.001740, 0.001433, 0.001556, 0.001496, 0.001709, 0.001678, 0.001709, 0.001555, 0.001678, 0.001556, 0.001772, 0.001647, 0.001622, 0.001589, 0.001619, 0.001525, 0.001648
14 , 3, 3, 3, 3, 3, 3, 3
14 , 0.003335, 0.003537, 0.003825, 0.003409, 0.003270, 0.003034, 0.002854
15 , 0.001817, 0.001666, 0.001911, 0.001698, 0.001668, 0.001700, 0.001793, 0.001580, 0.001673, 0.001764, 0.001645, 0.001675, 0.001735, 0.001675, 0.001617, 0.001646, 0.001555, 0.001556, 0.001617, 0.001680, 0.001618, 0.001648, 0.001465, 0.001619, 0.001525, 0.001586, 0.001524, 0.001740, 0.001433, 0.001556, 0.001496, 0.001709, 0.001678, 0.001709, 0.001555, 0.001678, 0.001556, 0.001772, 0.001647, 0.001622, 0.001589, 0.001619, 0.001525, 0.001648, 0.001646, 0.001646, 0.001584, 0.001736, 0.001644, 0.001675, 0.001643, 0.001644, 0.001645, 0.001584, 0.001706, 0.001555, 0.001648, 0.001678, 0.001738, 0.001554, 0.001619, 0.001465, 0.001681, 0.001588, 0.001740, 0.001435, 0.001653, 0.001560, 0.001656, 0.001531, 0.001597, 0.001475, 0.001602, 0.001506, 0.001508, 0.001414, 0.001569, 0.001477, 0.001600, 0.001416, 0.001663, 0.001475, 0.001443, 0.001596, 0.001504, 0.001504, 0.001503, 0.001504, 0.001411, 0.001441, 0.001592, 0.001618
15 , 1, 1, 1, 1, 1, 1, 1
15 , 0.004331, 0.004573, 0.004109, 0.003965, 0.003029, 0.002871, 0.002147
16 , 0.001736, 0.001644, 0.001675, 0.001643, 0.001644, 0.001645, 0.001584, 0.001706, 0.001555, 0.001648, 0.001678, 0.001738, 0.001554, 0.001619, 0.001465, 0.001681, 0.001588, 0.001740, 0.001435, 0.001653, 0.001560, 0.001656, 0.001531, 0.001597, 0.001475, 0.001602, 0.001506, 0.001508, 0.001414, 0.001569, 0.001477, 0.001600, 0.001416, 0.001663, 0.001475, 0.001443, 0.001596, 0.001504, 0.001504, 0.001503, 0.001504, 0.001411, 0.001441, 0.001592, 0.001618, 0.001527, 0.001647, 0.001524, 0.001675, 0.001551, 0.001612, 0.001612, 0.001614, 0.001523, 0.001645, 0.001551, 0.001613, 0.001676, 0.001709, 0.001434, 0.001620, 0.001527, 0.001711, 0.001526, 0.001559, 0.001557, 0.001588, 0.001524, 0.001678, 0.001617, 0.001678, 0.001585, 0.001678, 0.001553, 0.001614, 0.001555, 0.001556, 0.001617, 0.001586, 0.001496, 0.001525, 0.001617, 0.001522, 0.001494, 0.001405, 0.001647, 0.001555, 0.001555, 0.001428, 0.001673, 0.001519, 0.001642
16 , 1, 1, 1, 1, 1, 1, 1
16 , 0.002838, 0.002945, 0.003080, 0.003227, 0.003127, 0.003012, 0.002743
