0 , 0.001330, 0.000572, 0.001929, 0.001803, 0.001840, 0.002030, 0.001989, 0.002108, 0.002067, 0.002161, 0.002183, 0.001970, 0.002111, 0.002080, 0.002199, 0.002124, 0.002221, 0.002122, 0.002213, 0.002271, 0.002223, 0.002102, 0.002104, 0.002318, 0.002168, 0.001490, 0.001177, 0.001654, 0.001581, 0.001583, 0.001459, 0.001309, 0.001496, 0.001339, 0.001371, 0.001190, 0.001403, 0.001338, 0.001399, 0.001277, 0.001402, 0.001344, 0.001376, 0.001378, 0.001349, 0.001196, 0.001405, 0.001222, 0.001429, 0.001311, 0.001636, 0.000194, 0.001689, 0.001989, 0.002003, 0.001842, 0.002143, 0.002088, 0.002133, 0.002072, 0.002056, 0.002238, 0.002124, 0.002102, 0.001939, 0.002201, 0.002132, 0.002143, 0.002052, 0.001953, 0.002072, 0.002011, 0.002219, 0.002011, 0.002169, 0.002330, 0.000180, 0.001564, 0.001258, 0.001300, 0.001208, 0.001097, 0.000892, 0.000989, 0.000998, 0.001001, 0.001064, 0.001123, 0.001021, 0.001134, 0.001097, 0.001054
0 , 1, 1, 1, 1, 1, 1, 1
0 , 0.013550, 0.017028, 0.020589, 0.023587, 0.026816, 0.031274, 0.033844
1 , 0.001689, 0.001989, 0.002003, 0.001842, 0.002143, 0.002088, 0.002133, 0.002072, 0.002056, 0.002238, 0.002124, 0.002102, 0.001939, 0.002201, 0.002132, 0.002143, 0.002052, 0.001953, 0.002072, 0.002011, 0.002219, 0.002011, 0.002169, 0.002330, 0.000180, 0.001564, 0.001258, 0.001300, 0.001208, 0.001097, 0.000892, 0.000989, 0.000998, 0.001001, 0.001064, 0.001123, 0.001021, 0.001134, 0.001097, 0.001054, 0.001226, 0.001185, 0.001237, 0.001139, 0.001317, 0.001254, 0.001368, 0.000884, 0.001340, 0.001815, 0.001761, 0.001756, 0.001811, 0.001788, 0.001908, 0.001939, 0.001915, 0.001644, 0.002027, 0.001941, 0.001926, 0.001791, 0.001769, 0.002019, 0.001882, 0.001924, 0.001713, 0.001874, 0.001963, 0.001952, 0.001683, 0.001952, 0.000843, 0.001625, 0.001690, 0.001752, 0.001572, 0.001511, 0.001420, 0.001423, 0.001455, 0.001428, 0.001277, 0.001401, 0.001374, 0.001346, 0.001407, 0.001287, 0.001135, 0.001229, 0.001200, 0.001382
1 , 1, 1, 1, 1, 1, 1, 1
1 , 0.019476, 0.022250, 0.025247, 0.028324, 0.031940, 0.032422, 0.029176
2 , 0.001756, 0.001811, 0.001788, 0.001908, 0.001939, 0.001915, 0.001644, 0.002027, 0.001941, 0.001926, 0.001791, 0.001769, 0.002019, 0.001882, 0.001924, 0.001713, 0.001874, 0.001963, 0.001952, 0.001683, 0.001952, 0.000843, 0.001625, 0.001690, 0.001752, 0.001572, 0.001511, 0.001420, 0.001423, 0.001455, 0.001428, 0.001277, 0.001401, 0.001374, 0.001346, 0.001407, 0.001287, 0.001135, 0.001229, 0.001200, 0.001382, 0.001168, 0.001195, 0.001225, 0.001349, 0.001139, 0.001286, 0.000771, 0.002082, 0.001934, 0.002237, 0.002122, 0.002265, 0.002013, 0.002265, 0.002268, 0.002268, 0.002146, 0.002166, 0.002357, 0.002202, 0.002282, 0.002174, 0.002235, 0.002208, 0.002266, 0.002257, 0.002119, 0.002304, 0.002296, 0.002411, 0.001624, 0.000626, 0.001445, 0.001314, 0.001322, 0.001256, 0.001350, 0.001162, 0.001375, 0.001191, 0.001374, 0.001279, 0.001342, 0.001184, 0.001430, 0.001335, 0.001548, 0.001303, 0.001368, 0.001153, 0.001312
2 , 1, 1, 1, 1, 1, 1, 1
2 , 0.023414, 0.025983, 0.029232, 0.030096, 0.032138, 0.029505, 0.028995
3 , 0.002237, 0.002122, 0.002265, 0.002013, 0.002265, 0.002268, 0.002268, 0.002146, 0.002166, 0.002357, 0.002202, 0.002282, 0.002174, 0.002235, 0.002208, 0.002266, 0.002257, 0.002119, 0.002304, 0.002296, 0.002411, 0.001624, 0.000626, 0.001445, 0.001314, 0.001322, 0.001256, 0.001350, 0.001162, 0.001375, 0.001191, 0.001374, 0.001279, 0.001342, 0.001184, 0.001430, 0.001335, 0.001548, 0.001303, 0.001368, 0.001153, 0.001312, 0.001157, 0.001292, 0.001248, 0.000152, 0.001988, 0.002003, 0.001999, 0.002307, 0.002193, 0.002179, 0.002049, 0.002172, 0.002160, 0.002257, 0.002232, 0.001959, 0.002313, 0.002191, 0.002299, 0.002091, 0.002188, 0.002160, 0.002130, 0.002168, 0.002061, 0.002349, 0.002125, 0.002192, 0.000166, 0.001365, 0.001547, 0.001518, 0.001517, 0.001426, 0.001456, 0.001271, 0.001486, 0.001269, 0.001394, 0.001149, 0.001333, 0.001334, 0.001460, 0.001183, 0.001398, 0.001248, 0.001281, 0.001188, 0.001343, 0.001161
3 , 1, 1, 1, 1, 1, 1, 1
3 , 0.032219, 0.036606, 0.042082, 0.038591, 0.035017, 0.033658, 0.031135
4 , 0.001999, 0.002307, 0.002193, 0.002179, 0.002049, 0.002172, 0.002160, 0.002257, 0.002232, 0.001959, 0.002313, 0.002191, 0.002299, 0.002091, 0.002188, 0.002160, 0.002130, 0.002168, 0.002061, 0.002349, 0.002125, 0.002192, 0.000166, 0.001365, 0.001547, 0.001518, 0.001517, 0.001426, 0.001456, 0.001271, 0.001486, 0.001269, 0.001394, 0.001149, 0.001333, 0.001334, 0.001460, 0.001183, 0.001398, 0.001248, 0.001281, 0.001188, 0.001343, 0.001161, 0.001314, 0.001223, 0.001310, 0.000761, 0.001441, 0.002249, 0.002210, 0.001951, 0.002127, 0.002335, 0.002384, 0.002136, 0.002274, 0.002431, 0.002188, 0.002118, 0.001988, 0.002126, 0.002151, 0.002217, 0.002001, 0.002128, 0.002177, 0.002050, 0.002182, 0.002116, 0.002055, 0.002163, 0.000768, 0.001749, 0.001540, 0.001537, 0.001447, 0.001476, 0.001536, 0.001536, 0.001383, 0.001597, 0.001445, 0.001415, 0.001445, 0.001477, 0.001447, 0.001417, 0.001355, 0.001510, 0.001449, 0.001450
4 , 1, 1, 1, 1, 1, 1, 1
4 , 0.024296, 0.029068, 0.031666, 0.034086, 0.033833, 0.031397, 0.029875
5 , 0.002249, 0.002210, 0.001951, 0.002127, 0.002335, 0.002384, 0.002136, 0.002274, 0.002431, 0.002188, 0.002118, 0.001988, 0.002126, 0.002151, 0.002217, 0.002001, 0.002128, 0.002177, 0.002050, 0.002182, 0.002116, 0.002055, 0.002163, 0.000768, 0.001749, 0.001540, 0.001537, 0.001447, 0.001476, 0.001536, 0.001536, 0.001383, 0.001597, 0.001445, 0.001415, 0.001445, 0.001477, 0.001447, 0.001417, 0.001355, 0.001510, 0.001449, 0.001450, 0.001391, 0.001511, 0.001425, 0.001483, 0.000564, 0.001839, 0.001947, 0.001995, 0.001840, 0.002036, 0.002069, 0.002216, 0.002182, 0.002075, 0.002324, 0.002155, 0.002437, 0.002271, 0.002368, 0.002407, 0.002434, 0.002373, 0.002061, 0.002182, 0.002260, 0.002354, 0.001992, 0.002227, 0.002209, 0.002216, 0.001781, 0.000746, 0.001347, 0.001429, 0.001370, 0.001458, 0.001308, 0.001278, 0.001308, 0.001308, 0.001397, 0.001336, 0.001338, 0.001338, 0.001248, 0.001306, 0.001276, 0.001425, 0.001485
5 , 1, 1, 1, 1, 1, 1, 1
5 , 0.022028, 0.025490, 0.028670, 0.031342, 0.035376, 0.033998, 0.033883
6 , 0.001995, 0.001840, 0.002036, 0.002069, 0.002216, 0.002182, 0.002075, 0.002324, 0.002155, 0.002437, 0.002271, 0.002368, 0.002407, 0.002434, 0.002373, 0.002061, 0.002182, 0.002260, 0.002354, 0.001992, 0.002227, 0.002209, 0.002216, 0.001781, 0.000746, 0.001347, 0.001429, 0.001370, 0.001458, 0.001308, 0.001278, 0.001308, 0.001308, 0.001397, 0.001336, 0.001338, 0.001338, 0.001248, 0.001306, 0.001276, 0.001425, 0.001485, 0.001334, 0.001455, 0.001332, 0.001423, 0.001272, 0.001332, 0.001237, 0.001359, 0.001236, 0.001390, 0.001266, 0.001419, 0.001296, 0.001512, 0.001389, 0.001389, 0.001296, 0.001452, 0.001267, 0.001512, 0.001418, 0.001632, 0.001388, 0.001541, 0.001447, 0.001449, 0.001419, 0.001573, 0.001267, 0.001361, 0.001329, 0.001451, 0.001357, 0.001448, 0.001387, 0.001419, 0.001326, 0.001328, 0.001268, 0.001421, 0.001452, 0.001452, 0.001452, 0.001453, 0.001393, 0.001333, 0.001396, 0.001337, 0.001278, 0.001277
6 , 2, 2, 2, 2, 2, 1, 1
6 , 0.014912, 0.016831, 0.017576, 0.018790, 0.019908, 0.020329, 0.018651
7 , 0.001390, 0.001266, 0.001419, 0.001296, 0.001512, 0.001389, 0.001389, 0.001296, 0.001452, 0.001267, 0.001512, 0.001418, 0.001632, 0.001388, 0.001541, 0.001447, 0.001449, 0.001419, 0.001573, 0.001267, 0.001361, 0.001329, 0.001451, 0.001357, 0.001448, 0.001387, 0.001419, 0.001326, 0.001328, 0.001268, 0.001421, 0.001452, 0.001452, 0.001452, 0.001453, 0.001393, 0.001333, 0.001396, 0.001337, 0.001278, 0.001277, 0.001403, 0.001193, 0.001317, 0.001226, 0.001416, 0.001204, 0.001297, 0.001233, 0.001297, 0.001138, 0.001199, 0.001191, 0.001405, 0.001159, 0.001374, 0.001279, 0.001462, 0.001273, 0.001394, 0.001391, 0.001452, 0.001298, 0.001571, 0.001354, 0.001629, 0.001567, 0.001506, 0.001444, 0.001536, 0.001565, 0.001535, 0.001413, 0.001474, 0.001474, 0.001506, 0.001567, 0.001475, 0.001506, 0.001506, 0.001476, 0.001446, 0.001477, 0.001386, 0.001327, 0.001206, 0.001362, 0.001271, 0.001272, 0.001241, 0.001365, 0.001305
7 , 2, 2, 2, 2, 2, 2, 1
7 , 0.002996, 0.002646, 0.002301, 0.001898, 0.001772, 0.001613, 0.002054
8 , 0.001204, 0.001297, 0.001233, 0.001297, 0.001138, 0.001199, 0.001191, 0.001405, 0.001159, 0.001374, 0.001279, 0.001462, 0.001273, 0.001394, 0.001391, 0.001452, 0.001298, 0.001571, 0.001354, 0.001629, 0.001567, 0.001506, 0.001444, 0.001536, 0.001565, 0.001535, 0.001413, 0.001474, 0.001474, 0.001506, 0.001567, 0.001475, 0.001506, 0.001506, 0.001476, 0.001446, 0.001477, 0.001386, 0.001327, 0.001206, 0.001362, 0.001271, 0.001272, 0.001241, 0.001365, 0.001305, 0.001432, 0.001219, 0.001371, 0.001308, 0.001371, 0.001155, 0.001463, 0.001217, 0.001430, 0.001366, 0.001397, 0.001423, 0.001485, 0.001422, 0.001451, 0.001449, 0.001601, 0.001386, 0.001448, 0.001418, 0.001447, 0.001324, 0.001415, 0.001415, 0.001476, 0.001477, 0.001478, 0.001539, 0.001355, 0.001448, 0.001389, 0.001450, 0.001328, 0.001545, 0.001361, 0.001362, 0.001393, 0.001426, 0.001303, 0.001399, 0.001365, 0.001489, 0.001306, 0.001400, 0.001339, 0.001522
8 , 0, 0, 0, 0, 3, 3, 3
8 , 0.003701, 0.003058, 0.002271, 0.002109, 0.001294, 0.001014, 0.000889
9 , 0.001432, 0.001219, 0.001371, 0.001308, 0.001371, 0.001155, 0.001463, 0.001217, 0.001430, 0.001366, 0.001397, 0.001423, 0.001485, 0.001422, 0.001451, 0.001449, 0.001601, 0.001386, 0.001448, 0.001418, 0.001447, 0.001324, 0.001415, 0.001415, 0.001476, 0.001477, 0.001478, 0.001539, 0.001355, 0.001448, 0.001389, 0.001450, 0.001328, 0.001545, 0.001361, 0.001362, 0.001393, 0.001426, 0.001303, 0.001399, 0.001365, 0.001489, 0.001306, 0.001400, 0.001339, 0.001522, 0.001306, 0.001461, 0.001306, 0.001458, 0.001303, 0.001395, 0.001303, 0.001393, 0.001299, 0.001452, 0.001359, 0.001514, 0.001388, 0.001540, 0.001417, 0.001569, 0.001567, 0.001506, 0.001444, 0.001505, 0.001444, 0.001565, 0.001535, 0.001504, 0.001595, 0.001473, 0.001565, 0.001504, 0.001566, 0.001384, 0.001508, 0.001387, 0.001479, 0.001389, 0.001452, 0.001269, 0.001363, 0.001270, 0.001426, 0.001240, 0.001454, 0.001299, 0.001393, 0.001332, 0.001546, 0.001267
9 , 3, 3, 3, 3, 3, 3, 3
9 , 0.000821, 0.000965, 0.000897, 0.001478, 0.001576, 0.001736, 0.001683
10 , 0.001395, 0.001303, 0.001393, 0.001299, 0.001452, 0.001359, 0.001514, 0.001388, 0.001540, 0.001417, 0.001569, 0.001567, 0.001506, 0.001444, 0.001505, 0.001444, 0.001565, 0.001535, 0.001504, 0.001595, 0.001473, 0.001565, 0.001504, 0.001566, 0.001384, 0.001508, 0.001387, 0.001479, 0.001389, 0.001452, 0.001269, 0.001363, 0.001270, 0.001426, 0.001240, 0.001454, 0.001299, 0.001393, 0.001332, 0.001546, 0.001267, 0.001451, 0.001359, 0.001482, 0.001480, 0.001480, 0.001358, 0.001420, 0.001418, 0.001539, 0.001388, 0.001450, 0.001541, 0.001419, 0.001390, 0.001300, 0.001454, 0.001331, 0.001393, 0.001333, 0.001397, 0.001304, 0.001335, 0.001092, 0.001216, 0.001213, 0.001309, 0.001125, 0.001310, 0.001188, 0.001311, 0.001157, 0.001312, 0.001125, 0.001338, 0.001216, 0.001431, 0.001217, 0.001369, 0.001215, 0.001398, 0.001154, 0.001307, 0.001277, 0.001340, 0.001250, 0.001276, 0.001306, 0.001337, 0.001338, 0.001428, 0.001306
10 , 1, 1, 1, 1, 1, 1, 2
10 , 0.002163, 0.002370, 0.001846, 0.002274, 0.002119, 0.002405, 0.001842
11 , 0.001450, 0.001541, 0.001419, 0.001390, 0.001300, 0.001454, 0.001331, 0.001393, 0.001333, 0.001397, 0.001304, 0.001335, 0.001092, 0.001216, 0.001213, 0.001309, 0.001125, 0.001310, 0.001188, 0.001311, 0.001157, 0.001312, 0.001125, 0.001338, 0.001216, 0.001431, 0.001217, 0.001369, 0.001215, 0.001398, 0.001154, 0.001307, 0.001277, 0.001340, 0.001250, 0.001276, 0.001306, 0.001337, 0.001338, 0.001428, 0.001306, 0.001243, 0.001334, 0.001272, 0.001513, 0.001481, 0.001543, 0.001450, 0.001602, 0.001539, 0.001539, 0.001354, 0.001539, 0.001416, 0.001508, 0.001475, 0.001567, 0.001536, 0.001689, 0.001566, 0.001596, 0.001474, 0.001657, 0.001565, 0.001658, 0.001627, 0.001689, 0.001537, 0.001599, 0.001448, 0.001602, 0.001418, 0.001450, 0.001662, 0.001448, 0.001510, 0.001480, 0.001543, 0.001452, 0.001452, 0.001390, 0.001605, 0.001389, 0.001451, 0.001297, 0.001418, 0.001508, 0.001599, 0.001476, 0.001538, 0.001384, 0.001568
11 , 1, 1, 1, 1, 3, 3, 3
11 , 0.003106, 0.002946, 0.002271, 0.002059, 0.002466, 0.002541, 0.003437
12 , 0.001539, 0.001416, 0.001508, 0.001475, 0.001567, 0.001536, 0.001689, 0.001566, 0.001596, 0.001474, 0.001657, 0.001565, 0.001658, 0.001627, 0.001689, 0.001537, 0.001599, 0.001448, 0.001602, 0.001418, 0.001450, 0.001662, 0.001448, 0.001510, 0.001480, 0.001543, 0.001452, 0.001452, 0.001390, 0.001605, 0.001389, 0.001451, 0.001297, 0.001418, 0.001508, 0.001599, 0.001476, 0.001538, 0.001384, 0.001568, 0.001385, 0.001690, 0.001416, 0.001539, 0.001386, 0.001387, 0.001387, 0.001481, 0.001391, 0.001575, 0.001392, 0.001485, 0.001392, 0.001395, 0.001396, 0.001336, 0.001396, 0.001306, 0.001458, 0.001336, 0.001490, 0.001462, 0.001339, 0.001429, 0.001460, 0.001426, 0.001426, 0.001271, 0.001483, 0.001420, 0.001604, 0.001449, 0.001447, 0.001387, 0.001541, 0.001328, 0.001419, 0.001388, 0.001512, 0.001450, 0.001603, 0.001479, 0.001570, 0.001538, 0.001660, 0.001536, 0.001476, 0.001445, 0.001598, 0.001536, 0.001445, 0.001413
12 , 2, 2, 2, 2, 2, 2, 2
12 , 0.003547, 0.003416, 0.003383, 0.003558, 0.003550, 0.003825, 0.004100
13 , 0.001392, 0.001395, 0.001396, 0.001336, 0.001396, 0.001306, 0.001458, 0.001336, 0.001490, 0.001462, 0.001339, 0.001429, 0.001460, 0.001426, 0.001426, 0.001271, 0.001483, 0.001420, 0.001604, 0.001449, 0.001447, 0.001387, 0.001541, 0.001328, 0.001419, 0.001388, 0.001512, 0.001450, 0.001603, 0.001479, 0.001570, 0.001538, 0.001660, 0.001536, 0.001476, 0.001445, 0.001598, 0.001536, 0.001445, 0.001413, 0.001534, 0.001565, 0.001595, 0.001625, 0.001626, 0.001656, 0.001473, 0.001657, 0.001626, 0.001688, 0.001535, 0.001566, 0.001444, 0.001598, 0.001537, 0.001567, 0.001506, 0.001628, 0.001535, 0.001658, 0.001475, 0.001750, 0.001444, 0.001627, 0.001535, 0.001566, 0.001504, 0.001597, 0.001535, 0.001658, 0.001566, 0.001688, 0.001627, 0.001658, 0.001507, 0.001509, 0.001511, 0.001450, 0.001512, 0.001419, 0.001479, 0.001480, 0.001480, 0.001391, 0.001483, 0.001330, 0.001392, 0.001362, 0.001486, 0.001335, 0.001426, 0.001273
13 , 3, 3, 3, 3, 3, 3, 3
13 , 0.003578, 0.003990, 0.004377, 0.004947, 0.005239, 0.005930, 0.006344
14 , 0.001444, 0.001598, 0.001537, 0.001567, 0.001506, 0.001628, 0.001535, 0.001658, 0.001475, 0.001750, 0.001444, 0.001627, 0.001535, 0.001566, 0.001504, 0.001597, 0.001535, 0.001658, 0.001566, 0.001688, 0.001627, 0.001658, 0.001507, 0.001509, 0.001511, 0.001450, 0.001512, 0.001419, 0.001479, 0.001480, 0.001480, 0.001391, 0.001483, 0.001330, 0.001392, 0.001362, 0.001486, 0.001335, 0.001426, 0.001273, 0.001396, 0.001302, 0.001458, 0.001456, 0.001487, 0.001271, 0.001515, 0.001361, 0.001422, 0.001358, 0.001419, 0.001416, 0.001507, 0.001444, 0.001657, 0.001535, 0.001626, 0.001717, 0.001687, 0.001656, 0.001656, 0.001625, 0.001686, 0.001595, 0.001625, 0.001656, 0.001626, 0.001596, 0.001597, 0.001660, 0.001599, 0.001723, 0.001449, 0.001480, 0.001358, 0.001574, 0.001333, 0.001399, 0.001245, 0.001462, 0.001308, 0.001403, 0.001218, 0.001431, 0.001368, 0.001431, 0.001275, 0.001490, 0.001458, 0.001521, 0.001396, 0.001484
14 , 1, 1, 1, 1, 1, 1, 1
14 , 0.004993, 0.005379, 0.006481, 0.006914, 0.007755, 0.007654, 0.007901
15 , 0.001507, 0.001444, 0.001657, 0.001535, 0.001626, 0.001717, 0.001687, 0.001656, 0.001656, 0.001625, 0.001686, 0.001595, 0.001625, 0.001656, 0.001626, 0.001596, 0.001597, 0.001660, 0.001599, 0.001723, 0.001449, 0.001480, 0.001358, 0.001574, 0.001333, 0.001399, 0.001245, 0.001462, 0.001308, 0.001403, 0.001218, 0.001431, 0.001368, 0.001431, 0.001275, 0.001490, 0.001458, 0.001521, 0.001396, 0.001484, 0.001452, 0.001575, 0.001481, 0.001390, 0.001481, 0.001544, 0.001512, 0.001451, 0.001575, 0.001483, 0.001484, 0.001330, 0.001573, 0.001391, 0.001424, 0.001393, 0.001577, 0.001362, 0.001425, 0.001391, 0.001512, 0.001389, 0.001482, 0.001296, 0.001572, 0.001418, 0.001541, 0.001388, 0.001511, 0.001478, 0.001601, 0.001479, 0.001510, 0.001387, 0.001448, 0.001357, 0.001418, 0.001417, 0.001447, 0.001508, 0.001569, 0.001538, 0.001477, 0.001477, 0.001508, 0.001478, 0.001477, 0.001570, 0.001448, 0.001540, 0.001479, 0.001603
15 , 2, 2, 2, 2, 2, 2, 2
15 , 0.004269, 0.004875, 0.004876, 0.004821, 0.004554, 0.004694, 0.004293
16 , 0.001575, 0.001483, 0.001484, 0.001330, 0.001573, 0.001391, 0.001424, 0.001393, 0.001577, 0.001362, 0.001425, 0.001391, 0.001512, 0.001389, 0.001482, 0.001296, 0.001572, 0.001418, 0.001541, 0.001388, 0.001511, 0.001478, 0.001601, 0.001479, 0.001510, 0.001387, 0.001448, 0.001357, 0.001418, 0.001417, 0.001447, 0.001508, 0.001569, 0.001538, 0.001477, 0.001477, 0.001508, 0.001478, 0.001477, 0.001570, 0.001448, 0.001540, 0.001479, 0.001603, 0.001482, 0.001456, 0.001365, 0.001518, 0.001424, 0.001547, 0.001332, 0.001454, 0.001457, 0.001580, 0.001426, 0.001522, 0.001341, 0.001406, 0.001345, 0.001318, 0.001314, 0.001376, 0.001311, 0.001462, 0.001310, 0.001280, 0.001370, 0.001369, 0.001336, 0.001396, 0.001366, 0.001457, 0.001454, 0.001362, 0.001511, 0.001477, 0.001385, 0.001505, 0.001597, 0.001475, 0.001626, 0.001474, 0.001657, 0.001413, 0.001627, 0.001596, 0.001659, 0.001567, 0.001567, 0.001567, 0.001659, 0.001474
16 , 0, 0, 0, 0, 0, 0, 0
16 , 0.002735, 0.003361, 0.003630, 0.003595, 0.003688, 0.003567, 0.003875
