0 , 0.001707, 0.001824, 0.001912, 0.001743, 0.001722, 0.002072, 0.001932, 0.002004, 0.001879, 0.001945, 0.001989, 0.001986, 0.002019, 0.001811, 0.002120, 0.001958, 0.002022, 0.001930, 0.001905, 0.002047, 0.001890, 0.001802, 0.001880, 0.001321, 0.001146, 0.001854, 0.001790, 0.001791, 0.001729, 0.001670, 0.001486, 0.001671, 0.001549, 0.001641, 0.001428, 0.001643, 0.001520, 0.001612, 0.001520, 0.001521, 0.001521, 0.001614, 0.001552, 0.001524, 0.001521, 0.001438, 0.001550, 0.000115, 0.001837, 0.001691, 0.002001, 0.001893, 0.001953, 0.001860, 0.001989, 0.002091, 0.002058, 0.002036, 0.001870, 0.002074, 0.002114, 0.002028, 0.001906, 0.002038, 0.002165, 0.002091, 0.002139, 0.002061, 0.002313, 0.002177, 0.002183, 0.001972, 0.000310, 0.001351, 0.001472, 0.001477, 0.001477, 0.001352, 0.001257, 0.001350, 0.001256, 0.001256, 0.001313, 0.001246, 0.001306, 0.001397, 0.001366, 0.001393, 0.001387, 0.001413, 0.001406, 0.001466
0 , 1, 1, 1, 1, 1, 1, 1
0 , 0.013452, 0.016228, 0.018592, 0.021185, 0.025340, 0.021554, 0.019708
1 , 0.002001, 0.001893, 0.001953, 0.001860, 0.001989, 0.002091, 0.002058, 0.002036, 0.001870, 0.002074, 0.002114, 0.002028, 0.001906, 0.002038, 0.002165, 0.002091, 0.002139, 0.002061, 0.002313, 0.002177, 0.002183, 0.001972, 0.000310, 0.001351, 0.001472, 0.001477, 0.001477, 0.001352, 0.001257, 0.001350, 0.001256, 0.001256, 0.001313, 0.001246, 0.001306, 0.001397, 0.001366, 0.001393, 0.001387, 0.001413, 0.001406, 0.001466, 0.001612, 0.001550, 0.001546, 0.001546, 0.001665, 0.001111, 0.001125, 0.001617, 0.001528, 0.001581, 0.001665, 0.001757, 0.001611, 0.001661, 0.001907, 0.001659, 0.001856, 0.001725, 0.001872, 0.001876, 0.001963, 0.001843, 0.001821, 0.002037, 0.001930, 0.002044, 0.001836, 0.002217, 0.002083, 0.002174, 0.000361, 0.001466, 0.001534, 0.001593, 0.001596, 0.001411, 0.001444, 0.001292, 0.001447, 0.001322, 0.001419, 0.001292, 0.001596, 0.001412, 0.001444, 0.001380, 0.001533, 0.001317, 0.001532, 0.001377
1 , 1, 1, 1, 1, 1, 1, 1
1 , 0.015668, 0.019170, 0.021507, 0.023221, 0.022433, 0.020278, 0.019408
2 , 0.001617, 0.001528, 0.001581, 0.001665, 0.001757, 0.001611, 0.001661, 0.001907, 0.001659, 0.001856, 0.001725, 0.001872, 0.001876, 0.001963, 0.001843, 0.001821, 0.002037, 0.001930, 0.002044, 0.001836, 0.002217, 0.002083, 0.002174, 0.000361, 0.001466, 0.001534, 0.001593, 0.001596, 0.001411, 0.001444, 0.001292, 0.001447, 0.001322, 0.001419, 0.001292, 0.001596, 0.001412, 0.001444, 0.001380, 0.001533, 0.001317, 0.001532, 0.001377, 0.001533, 0.001437, 0.001559, 0.001194, 0.000796, 0.001871, 0.001816, 0.001707, 0.001882, 0.001978, 0.001895, 0.001857, 0.001766, 0.002004, 0.001885, 0.002075, 0.001882, 0.002000, 0.001904, 0.001937, 0.001932, 0.001778, 0.001996, 0.001958, 0.002034, 0.001902, 0.002009, 0.002024, 0.001912, 0.001859, 0.001113, 0.001177, 0.001833, 0.001706, 0.001710, 0.001464, 0.001709, 0.001312, 0.001467, 0.001343, 0.001528, 0.001435, 0.001588, 0.001403, 0.001586, 0.001431, 0.001493, 0.001428, 0.001521
2 , 1, 1, 1, 1, 1, 1, 1
2 , 0.009870, 0.011315, 0.014108, 0.017289, 0.020702, 0.018142, 0.016539
3 , 0.001707, 0.001882, 0.001978, 0.001895, 0.001857, 0.001766, 0.002004, 0.001885, 0.002075, 0.001882, 0.002000, 0.001904, 0.001937, 0.001932, 0.001778, 0.001996, 0.001958, 0.002034, 0.001902, 0.002009, 0.002024, 0.001912, 0.001859, 0.001113, 0.001177, 0.001833, 0.001706, 0.001710, 0.001464, 0.001709, 0.001312, 0.001467, 0.001343, 0.001528, 0.001435, 0.001588, 0.001403, 0.001586, 0.001431, 0.001493, 0.001428, 0.001521, 0.001549, 0.001732, 0.001548, 0.001701, 0.001546, 0.001521, 0.001606, 0.000469, 0.001744, 0.001693, 0.001987, 0.002061, 0.002022, 0.002163, 0.002109, 0.002349, 0.002268, 0.002401, 0.002204, 0.002291, 0.002352, 0.002264, 0.002160, 0.002096, 0.002426, 0.002191, 0.002269, 0.002089, 0.002064, 0.002087, 0.002034, 0.002006, 0.000478, 0.001557, 0.001679, 0.001556, 0.001522, 0.001432, 0.001554, 0.001337, 0.001489, 0.001458, 0.001580, 0.001487, 0.001640, 0.001488, 0.001458, 0.001644, 0.001554, 0.001525
3 , 1, 1, 1, 1, 1, 1, 1
3 , 0.014431, 0.017450, 0.018850, 0.020368, 0.021982, 0.021799, 0.023869
4 , 0.001987, 0.002061, 0.002022, 0.002163, 0.002109, 0.002349, 0.002268, 0.002401, 0.002204, 0.002291, 0.002352, 0.002264, 0.002160, 0.002096, 0.002426, 0.002191, 0.002269, 0.002089, 0.002064, 0.002087, 0.002034, 0.002006, 0.000478, 0.001557, 0.001679, 0.001556, 0.001522, 0.001432, 0.001554, 0.001337, 0.001489, 0.001458, 0.001580, 0.001487, 0.001640, 0.001488, 0.001458, 0.001644, 0.001554, 0.001525, 0.001531, 0.001381, 0.001379, 0.001417, 0.001533, 0.000704, 0.001489, 0.002141, 0.001923, 0.001964, 0.002177, 0.001990, 0.002078, 0.001876, 0.002059, 0.002006, 0.002019, 0.001801, 0.001818, 0.001980, 0.001877, 0.001914, 0.001832, 0.001974, 0.001794, 0.001718, 0.001735, 0.001776, 0.001870, 0.002021, 0.000165, 0.001818, 0.001668, 0.001790, 0.001578, 0.001547, 0.001548, 0.001426, 0.001580, 0.001488, 0.001431, 0.001434, 0.001528, 0.001500, 0.001442, 0.001350, 0.001415, 0.001385, 0.001482, 0.001328, 0.001452, 0.001359
4 , 1, 1, 1, 1, 1, 1, 1
4 , 0.020113, 0.023165, 0.026670, 0.024981, 0.021882, 0.021068, 0.020722
5 , 0.001923, 0.001964, 0.002177, 0.001990, 0.002078, 0.001876, 0.002059, 0.002006, 0.002019, 0.001801, 0.001818, 0.001980, 0.001877, 0.001914, 0.001832, 0.001974, 0.001794, 0.001718, 0.001735, 0.001776, 0.001870, 0.002021, 0.000165, 0.001818, 0.001668, 0.001790, 0.001578, 0.001547, 0.001548, 0.001426, 0.001580, 0.001488, 0.001431, 0.001434, 0.001528, 0.001500, 0.001442, 0.001350, 0.001415, 0.001385, 0.001482, 0.001328, 0.001452, 0.001359, 0.001422, 0.001356, 0.001332, 0.001327, 0.000830, 0.001940, 0.001821, 0.001896, 0.001812, 0.002049, 0.001932, 0.001956, 0.001776, 0.002067, 0.001894, 0.001813, 0.001876, 0.001927, 0.002066, 0.001916, 0.001961, 0.001818, 0.001895, 0.001853, 0.001858, 0.001897, 0.001832, 0.002072, 0.001351, 0.001636, 0.001925, 0.001674, 0.001555, 0.001556, 0.001313, 0.001529, 0.001284, 0.001408, 0.001378, 0.001505, 0.001412, 0.001445, 0.001355, 0.001512, 0.001298, 0.001516, 0.001272, 0.001430
5 , 1, 1, 1, 1, 1, 1, 1
5 , 0.013230, 0.015435, 0.017494, 0.018967, 0.017616, 0.018900, 0.018382
6 , 0.001940, 0.001821, 0.001896, 0.001812, 0.002049, 0.001932, 0.001956, 0.001776, 0.002067, 0.001894, 0.001813, 0.001876, 0.001927, 0.002066, 0.001916, 0.001961, 0.001818, 0.001895, 0.001853, 0.001858, 0.001897, 0.001832, 0.002072, 0.001351, 0.001636, 0.001925, 0.001674, 0.001555, 0.001556, 0.001313, 0.001529, 0.001284, 0.001408, 0.001378, 0.001505, 0.001412, 0.001445, 0.001355, 0.001512, 0.001298, 0.001516, 0.001272, 0.001430, 0.001249, 0.001429, 0.001068, 0.001598, 0.000141, 0.001812, 0.001909, 0.001925, 0.001965, 0.001862, 0.001995, 0.001939, 0.002099, 0.001873, 0.001972, 0.002132, 0.002033, 0.002104, 0.001833, 0.002163, 0.002014, 0.001968, 0.001852, 0.001862, 0.001998, 0.001963, 0.002008, 0.001765, 0.002022, 0.000293, 0.001910, 0.001787, 0.001880, 0.001697, 0.001758, 0.001575, 0.001730, 0.001547, 0.001670, 0.001395, 0.001611, 0.001366, 0.001458, 0.001396, 0.001643, 0.001521, 0.001583, 0.001460, 0.001583
6 , 1, 1, 1, 1, 1, 1, 1
6 , 0.011050, 0.012918, 0.015805, 0.017391, 0.021897, 0.018186, 0.018104
7 , 0.001925, 0.001965, 0.001862, 0.001995, 0.001939, 0.002099, 0.001873, 0.001972, 0.002132, 0.002033, 0.002104, 0.001833, 0.002163, 0.002014, 0.001968, 0.001852, 0.001862, 0.001998, 0.001963, 0.002008, 0.001765, 0.002022, 0.000293, 0.001910, 0.001787, 0.001880, 0.001697, 0.001758, 0.001575, 0.001730, 0.001547, 0.001670, 0.001395, 0.001611, 0.001366, 0.001458, 0.001396, 0.001643, 0.001521, 0.001583, 0.001460, 0.001583, 0.001461, 0.001553, 0.001459, 0.001555, 0.001428, 0.001160, 0.001388, 0.001845, 0.001932, 0.001861, 0.001866, 0.001851, 0.001856, 0.001980, 0.002000, 0.002050, 0.001862, 0.002122, 0.002074, 0.002118, 0.001983, 0.002038, 0.002201, 0.002058, 0.002124, 0.002042, 0.002208, 0.002119, 0.002130, 0.002209, 0.000803, 0.001192, 0.001571, 0.001535, 0.001657, 0.001502, 0.001473, 0.001501, 0.001564, 0.001348, 0.001529, 0.001466, 0.001528, 0.001375, 0.001557, 0.001432, 0.001463, 0.001460, 0.001523, 0.001460
7 , 1, 1, 1, 1, 1, 1, 1
7 , 0.013436, 0.017348, 0.018673, 0.020752, 0.020018, 0.019213, 0.018093
8 , 0.001845, 0.001932, 0.001861, 0.001866, 0.001851, 0.001856, 0.001980, 0.002000, 0.002050, 0.001862, 0.002122, 0.002074, 0.002118, 0.001983, 0.002038, 0.002201, 0.002058, 0.002124, 0.002042, 0.002208, 0.002119, 0.002130, 0.002209, 0.000803, 0.001192, 0.001571, 0.001535, 0.001657, 0.001502, 0.001473, 0.001501, 0.001564, 0.001348, 0.001529, 0.001466, 0.001528, 0.001375, 0.001557, 0.001432, 0.001463, 0.001460, 0.001523, 0.001460, 0.001492, 0.001492, 0.001526, 0.001492, 0.000432, 0.001965, 0.001618, 0.001837, 0.001927, 0.001925, 0.001905, 0.001820, 0.002054, 0.002013, 0.002097, 0.001819, 0.001958, 0.002042, 0.002001, 0.001955, 0.001870, 0.002071, 0.002061, 0.001936, 0.001942, 0.001967, 0.001945, 0.001981, 0.001412, 0.001119, 0.001531, 0.001706, 0.001584, 0.001520, 0.001490, 0.001489, 0.001517, 0.001486, 0.001639, 0.001608, 0.001547, 0.001608, 0.001517, 0.001395, 0.001578, 0.001577, 0.001610, 0.001489, 0.001366
8 , 1, 1, 1, 1, 1, 1, 1
8 , 0.013286, 0.015614, 0.018043, 0.020527, 0.023509, 0.020088, 0.018943
9 , 0.001837, 0.001927, 0.001925, 0.001905, 0.001820, 0.002054, 0.002013, 0.002097, 0.001819, 0.001958, 0.002042, 0.002001, 0.001955, 0.001870, 0.002071, 0.002061, 0.001936, 0.001942, 0.001967, 0.001945, 0.001981, 0.001412, 0.001119, 0.001531, 0.001706, 0.001584, 0.001520, 0.001490, 0.001489, 0.001517, 0.001486, 0.001639, 0.001608, 0.001547, 0.001608, 0.001517, 0.001395, 0.001578, 0.001577, 0.001610, 0.001489, 0.001366, 0.001551, 0.001403, 0.001493, 0.001471, 0.001552, 0.000229, 0.001805, 0.002053, 0.001953, 0.001995, 0.002262, 0.002160, 0.002190, 0.002037, 0.002546, 0.002280, 0.002371, 0.002271, 0.002222, 0.002383, 0.002267, 0.002336, 0.002184, 0.002384, 0.002274, 0.002183, 0.001995, 0.002145, 0.002001, 0.002023, 0.000598, 0.001796, 0.001700, 0.001728, 0.001637, 0.001607, 0.001607, 0.001545, 0.001577, 0.001485, 0.001577, 0.001515, 0.001637, 0.001606, 0.001518, 0.001427, 0.001552, 0.001220, 0.001376, 0.001225
9 , 1, 1, 1, 1, 1, 1, 1
9 , 0.017170, 0.020412, 0.022383, 0.023261, 0.025662, 0.023160, 0.022642
10 , 0.001953, 0.001995, 0.002262, 0.002160, 0.002190, 0.002037, 0.002546, 0.002280, 0.002371, 0.002271, 0.002222, 0.002383, 0.002267, 0.002336, 0.002184, 0.002384, 0.002274, 0.002183, 0.001995, 0.002145, 0.002001, 0.002023, 0.000598, 0.001796, 0.001700, 0.001728, 0.001637, 0.001607, 0.001607, 0.001545, 0.001577, 0.001485, 0.001577, 0.001515, 0.001637, 0.001606, 0.001518, 0.001427, 0.001552, 0.001220, 0.001376, 0.001225, 0.001587, 0.001221, 0.001492, 0.000908, 0.001274, 0.001818, 0.001813, 0.001879, 0.001722, 0.001978, 0.001882, 0.002153, 0.001886, 0.001942, 0.002103, 0.002075, 0.002086, 0.002087, 0.002407, 0.002107, 0.002347, 0.002146, 0.002222, 0.002371, 0.002274, 0.002180, 0.001979, 0.002262, 0.001989, 0.002254, 0.000493, 0.001433, 0.001598, 0.001682, 0.001594, 0.001498, 0.001769, 0.001552, 0.001704, 0.001457, 0.001551, 0.001580, 0.001733, 0.001519, 0.001641, 0.001520, 0.001734, 0.001458, 0.001553, 0.001555
10 , 1, 1, 1, 1, 1, 1, 1
10 , 0.020079, 0.023656, 0.027008, 0.028877, 0.027440, 0.024936, 0.023502
11 , 0.001879, 0.001722, 0.001978, 0.001882, 0.002153, 0.001886, 0.001942, 0.002103, 0.002075, 0.002086, 0.002087, 0.002407, 0.002107, 0.002347, 0.002146, 0.002222, 0.002371, 0.002274, 0.002180, 0.001979, 0.002262, 0.001989, 0.002254, 0.000493, 0.001433, 0.001598, 0.001682, 0.001594, 0.001498, 0.001769, 0.001552, 0.001704, 0.001457, 0.001551, 0.001580, 0.001733, 0.001519, 0.001641, 0.001520, 0.001734, 0.001458, 0.001553, 0.001555, 0.001553, 0.001461, 0.001679, 0.001434, 0.001591, 0.001376, 0.001410, 0.001382, 0.001535, 0.001504, 0.001477, 0.001325, 0.001358, 0.001356, 0.001390, 0.001238, 0.001361, 0.001300, 0.001450, 0.001417, 0.001325, 0.001385, 0.001354, 0.001382, 0.001412, 0.001381, 0.001438, 0.001560, 0.001255, 0.001500, 0.001527, 0.001465, 0.001403, 0.001617, 0.001371, 0.001493, 0.001370, 0.001552, 0.001430, 0.001584, 0.001401, 0.001618, 0.001433, 0.001558, 0.001377, 0.001409, 0.001377, 0.001596, 0.001439
11 , 2, 2, 2, 2, 2, 2, 2
11 , 0.010670, 0.011969, 0.013397, 0.013881, 0.015502, 0.013267, 0.012632
12 , 0.001382, 0.001535, 0.001504, 0.001477, 0.001325, 0.001358, 0.001356, 0.001390, 0.001238, 0.001361, 0.001300, 0.001450, 0.001417, 0.001325, 0.001385, 0.001354, 0.001382, 0.001412, 0.001381, 0.001438, 0.001560, 0.001255, 0.001500, 0.001527, 0.001465, 0.001403, 0.001617, 0.001371, 0.001493, 0.001370, 0.001552, 0.001430, 0.001584, 0.001401, 0.001618, 0.001433, 0.001558, 0.001377, 0.001409, 0.001377, 0.001596, 0.001439, 0.001503, 0.001501, 0.001531, 0.001347, 0.001503, 0.001438, 0.001593, 0.001408, 0.001440, 0.001409, 0.001499, 0.001409, 0.001441, 0.001410, 0.001502, 0.001381, 0.001320, 0.001446, 0.001418, 0.001358, 0.001299, 0.001300, 0.001298, 0.001300, 0.001361, 0.001208, 0.001239, 0.001515, 0.001241, 0.001183, 0.001119, 0.001368, 0.001276, 0.001338, 0.001185, 0.001308, 0.001241, 0.001366, 0.001213, 0.001276, 0.001216, 0.001342, 0.001186, 0.001224, 0.001041, 0.001135, 0.001041, 0.001288, 0.001196, 0.001286
12 , 3, 3, 3, 3, 3, 3, 3
12 , 0.005385, 0.005290, 0.005380, 0.005477, 0.005033, 0.004438, 0.004496
13 , 0.001408, 0.001440, 0.001409, 0.001499, 0.001409, 0.001441, 0.001410, 0.001502, 0.001381, 0.001320, 0.001446, 0.001418, 0.001358, 0.001299, 0.001300, 0.001298, 0.001300, 0.001361, 0.001208, 0.001239, 0.001515, 0.001241, 0.001183, 0.001119, 0.001368, 0.001276, 0.001338, 0.001185, 0.001308, 0.001241, 0.001366, 0.001213, 0.001276, 0.001216, 0.001342, 0.001186, 0.001224, 0.001041, 0.001135, 0.001041, 0.001288, 0.001196, 0.001286, 0.001191, 0.001315, 0.001250, 0.001252, 0.001339, 0.001401, 0.001275, 0.001363, 0.001334, 0.001332, 0.001269, 0.001297, 0.001387, 0.001295, 0.001415, 0.001416, 0.001417, 0.001382, 0.001412, 0.001290, 0.001355, 0.001320, 0.001505, 0.001291, 0.001413, 0.001317, 0.001622, 0.001440, 0.001596, 0.001380, 0.001504, 0.001379, 0.001500, 0.001406, 0.001527, 0.001344, 0.001589, 0.001495, 0.001590, 0.001499, 0.001620, 0.001470, 0.001352, 0.001470, 0.001440, 0.001259, 0.001505, 0.001475, 0.001509
13 , 2, 2, 2, 2, 2, 2, 2
13 , 0.006372, 0.006217, 0.006041, 0.005559, 0.004775, 0.004172, 0.003911
14 , 0.001252, 0.001339, 0.001401, 0.001275, 0.001363, 0.001334, 0.001332, 0.001269, 0.001297, 0.001387, 0.001295, 0.001415, 0.001416, 0.001417, 0.001382, 0.001412, 0.001290, 0.001355, 0.001320, 0.001505, 0.001291, 0.001413, 0.001317, 0.001622, 0.001440, 0.001596, 0.001380, 0.001504, 0.001379, 0.001500, 0.001406, 0.001527, 0.001344, 0.001589, 0.001495, 0.001590, 0.001499, 0.001620, 0.001470, 0.001352, 0.001470, 0.001440, 0.001259, 0.001505, 0.001475, 0.001509, 0.001450, 0.001359, 0.001421, 0.001302, 0.001520, 0.001397, 0.001402, 0.001400, 0.001279, 0.001248, 0.001400, 0.001302, 0.001486, 0.001267, 0.001358, 0.001269, 0.001452, 0.001356, 0.001601, 0.001417, 0.001510, 0.001322, 0.001477, 0.001353, 0.001630, 0.001385, 0.001447, 0.001328, 0.001481, 0.001261, 0.001476, 0.001446, 0.001474, 0.001443, 0.001625, 0.001531, 0.001409, 0.001407, 0.001466, 0.001526, 0.001403, 0.001557, 0.001435, 0.001405, 0.001374, 0.001439
14 , 0, 0, 0, 0, 0, 0, 0
14 , 0.004261, 0.003843, 0.004261, 0.003763, 0.003738, 0.003308, 0.003063
15 , 0.001450, 0.001359, 0.001421, 0.001302, 0.001520, 0.001397, 0.001402, 0.001400, 0.001279, 0.001248, 0.001400, 0.001302, 0.001486, 0.001267, 0.001358, 0.001269, 0.001452, 0.001356, 0.001601, 0.001417, 0.001510, 0.001322, 0.001477, 0.001353, 0.001630, 0.001385, 0.001447, 0.001328, 0.001481, 0.001261, 0.001476, 0.001446, 0.001474, 0.001443, 0.001625, 0.001531, 0.001409, 0.001407, 0.001466, 0.001526, 0.001403, 0.001557, 0.001435, 0.001405, 0.001374, 0.001439, 0.001408, 0.001528, 0.001285, 0.001498, 0.001495, 0.001559, 0.001436, 0.001499, 0.001405, 0.001528, 0.001406, 0.001559, 0.001465, 0.001589, 0.001433, 0.001586, 0.001465, 0.001530, 0.001437, 0.001560, 0.001378, 0.001500, 0.001468, 0.001531, 0.001346, 0.001380, 0.001381, 0.001533, 0.001416, 0.001360, 0.001331, 0.001361, 0.001363, 0.001361, 0.001453, 0.001330, 0.001330, 0.001360, 0.001331, 0.001297, 0.001452, 0.001330, 0.001395, 0.001271, 0.001425, 0.001208
15 , 3, 3, 3, 3, 3, 3, 3
15 , 0.003165, 0.003499, 0.003591, 0.003939, 0.003652, 0.003858, 0.003630
16 , 0.001498, 0.001495, 0.001559, 0.001436, 0.001499, 0.001405, 0.001528, 0.001406, 0.001559, 0.001465, 0.001589, 0.001433, 0.001586, 0.001465, 0.001530, 0.001437, 0.001560, 0.001378, 0.001500, 0.001468, 0.001531, 0.001346, 0.001380, 0.001381, 0.001533, 0.001416, 0.001360, 0.001331, 0.001361, 0.001363, 0.001361, 0.001453, 0.001330, 0.001330, 0.001360, 0.001331, 0.001297, 0.001452, 0.001330, 0.001395, 0.001271, 0.001425, 0.001208, 0.001544, 0.001207, 0.001454, 0.001299, 0.001452, 0.001356, 0.001386, 0.001261, 0.001504, 0.001475, 0.001476, 0.001290, 0.001443, 0.001442, 0.001473, 0.001413, 0.001412, 0.001382, 0.001412, 0.001443, 0.001382, 0.001441, 0.001499, 0.001375, 0.001465, 0.001615, 0.001522, 0.001675, 0.001491, 0.001521, 0.001460, 0.001493, 0.001461, 0.001645, 0.001339, 0.001646, 0.001464, 0.001432, 0.001310, 0.001497, 0.001310, 0.001434, 0.001373, 0.001496, 0.001281, 0.001372, 0.001433, 0.001463, 0.001373
16 , 2, 2, 2, 1, 1, 1, 1
16 , 0.003675, 0.003404, 0.003357, 0.002797, 0.002670, 0.002892, 0.003112
