0 , 0.001611, 0.001707, 0.001775, 0.001674, 0.001794, 0.001612, 0.001857, 0.001808, 0.001780, 0.001899, 0.001725, 0.001819, 0.001695, 0.001829, 0.001867, 0.001986, 0.001778, 0.001799, 0.001867, 0.001796, 0.002070, 0.001885, 0.001973, 0.000551, 0.001733, 0.001451, 0.001671, 0.001422, 0.001457, 0.001362, 0.001454, 0.001361, 0.001516, 0.001362, 0.001514, 0.001297, 0.001574, 0.001388, 0.001600, 0.001386, 0.001569, 0.001416, 0.001569, 0.001503, 0.001538, 0.001408, 0.001069, 0.001494, 0.001745, 0.001897, 0.001695, 0.001697, 0.001794, 0.001669, 0.001989, 0.001768, 0.001898, 0.001819, 0.002072, 0.001999, 0.001930, 0.002042, 0.001835, 0.002067, 0.001893, 0.001999, 0.001974, 0.002015, 0.002065, 0.002084, 0.002214, 0.000433, 0.001331, 0.001584, 0.001516, 0.001516, 0.001390, 0.001482, 0.001326, 0.001541, 0.001355, 0.001569, 0.001355, 0.001508, 0.001415, 0.001570, 0.001538, 0.001540, 0.001296, 0.001511, 0.001389, 0.001480
0 , 1, 1, 1, 1, 1, 1, 1
0 , 0.011112, 0.012615, 0.016632, 0.019501, 0.018298, 0.015355, 0.014976
1 , 0.001897, 0.001695, 0.001697, 0.001794, 0.001669, 0.001989, 0.001768, 0.001898, 0.001819, 0.002072, 0.001999, 0.001930, 0.002042, 0.001835, 0.002067, 0.001893, 0.001999, 0.001974, 0.002015, 0.002065, 0.002084, 0.002214, 0.000433, 0.001331, 0.001584, 0.001516, 0.001516, 0.001390, 0.001482, 0.001326, 0.001541, 0.001355, 0.001569, 0.001355, 0.001508, 0.001415, 0.001570, 0.001538, 0.001540, 0.001296, 0.001511, 0.001389, 0.001480, 0.001416, 0.001508, 0.001444, 0.001447, 0.001296, 0.000690, 0.001819, 0.001678, 0.001863, 0.001949, 0.001880, 0.002012, 0.001877, 0.002056, 0.001866, 0.002090, 0.001974, 0.002117, 0.002209, 0.001987, 0.002173, 0.001967, 0.002258, 0.002147, 0.002219, 0.002040, 0.002004, 0.002142, 0.002098, 0.001345, 0.001198, 0.001398, 0.001635, 0.001540, 0.001477, 0.001447, 0.001415, 0.001444, 0.001566, 0.001504, 0.001472, 0.001531, 0.001469, 0.001590, 0.001619, 0.001710, 0.001526, 0.001619, 0.001709
1 , 1, 1, 1, 1, 1, 1, 1
1 , 0.013822, 0.016420, 0.018595, 0.020959, 0.019881, 0.020540, 0.019206
2 , 0.001819, 0.001678, 0.001863, 0.001949, 0.001880, 0.002012, 0.001877, 0.002056, 0.001866, 0.002090, 0.001974, 0.002117, 0.002209, 0.001987, 0.002173, 0.001967, 0.002258, 0.002147, 0.002219, 0.002040, 0.002004, 0.002142, 0.002098, 0.001345, 0.001198, 0.001398, 0.001635, 0.001540, 0.001477, 0.001447, 0.001415, 0.001444, 0.001566, 0.001504, 0.001472, 0.001531, 0.001469, 0.001590, 0.001619, 0.001710, 0.001526, 0.001619, 0.001709, 0.001649, 0.001619, 0.001562, 0.001770, 0.000170, 0.001371, 0.001603, 0.001616, 0.001502, 0.001867, 0.001830, 0.001962, 0.001852, 0.002040, 0.002093, 0.001927, 0.002024, 0.001941, 0.002092, 0.001932, 0.002133, 0.001882, 0.001834, 0.001928, 0.001985, 0.001971, 0.001789, 0.002178, 0.002062, 0.002151, 0.001953, 0.000202, 0.001340, 0.001471, 0.001331, 0.001121, 0.001103, 0.001140, 0.001213, 0.001164, 0.001108, 0.000848, 0.000946, 0.000856, 0.000929, 0.000958, 0.000981, 0.000880, 0.001026
2 , 1, 1, 1, 1, 1, 1, 1
2 , 0.016125, 0.018480, 0.020765, 0.024151, 0.029324, 0.030890, 0.031104
3 , 0.001867, 0.001830, 0.001962, 0.001852, 0.002040, 0.002093, 0.001927, 0.002024, 0.001941, 0.002092, 0.001932, 0.002133, 0.001882, 0.001834, 0.001928, 0.001985, 0.001971, 0.001789, 0.002178, 0.002062, 0.002151, 0.001953, 0.000202, 0.001340, 0.001471, 0.001331, 0.001121, 0.001103, 0.001140, 0.001213, 0.001164, 0.001108, 0.000848, 0.000946, 0.000856, 0.000929, 0.000958, 0.000981, 0.000880, 0.001026, 0.000988, 0.001006, 0.001017, 0.001185, 0.001069, 0.001161, 0.001258, 0.000705, 0.001488, 0.001963, 0.001626, 0.001724, 0.001720, 0.001900, 0.001616, 0.001736, 0.001811, 0.001656, 0.001848, 0.001687, 0.001897, 0.001784, 0.001825, 0.001582, 0.001629, 0.001838, 0.001668, 0.001780, 0.001737, 0.001910, 0.001715, 0.002089, 0.000351, 0.001445, 0.001611, 0.001552, 0.001406, 0.001408, 0.001506, 0.001263, 0.001299, 0.001177, 0.001336, 0.001273, 0.001486, 0.001300, 0.001363, 0.001236, 0.001481, 0.001327, 0.001420, 0.001263
3 , 1, 1, 1, 1, 1, 1, 1
3 , 0.022024, 0.024554, 0.027319, 0.029373, 0.029167, 0.026482, 0.025039
4 , 0.001963, 0.001626, 0.001724, 0.001720, 0.001900, 0.001616, 0.001736, 0.001811, 0.001656, 0.001848, 0.001687, 0.001897, 0.001784, 0.001825, 0.001582, 0.001629, 0.001838, 0.001668, 0.001780, 0.001737, 0.001910, 0.001715, 0.002089, 0.000351, 0.001445, 0.001611, 0.001552, 0.001406, 0.001408, 0.001506, 0.001263, 0.001299, 0.001177, 0.001336, 0.001273, 0.001486, 0.001300, 0.001363, 0.001236, 0.001481, 0.001327, 0.001420, 0.001263, 0.001512, 0.001262, 0.001387, 0.001289, 0.000736, 0.001808, 0.001841, 0.001862, 0.002015, 0.002134, 0.001970, 0.001998, 0.001876, 0.002059, 0.001929, 0.001979, 0.001827, 0.001979, 0.002076, 0.002007, 0.002103, 0.001822, 0.001979, 0.001941, 0.001935, 0.001889, 0.002060, 0.002412, 0.001605, 0.001209, 0.001317, 0.001234, 0.001179, 0.001240, 0.001044, 0.001345, 0.001182, 0.001392, 0.001259, 0.001499, 0.001400, 0.001461, 0.001242, 0.001486, 0.001300, 0.001486, 0.001392, 0.001397, 0.001310
4 , 1, 1, 1, 1, 1, 1, 1
4 , 0.014847, 0.016927, 0.019991, 0.022868, 0.025358, 0.021889, 0.020538
5 , 0.001862, 0.002015, 0.002134, 0.001970, 0.001998, 0.001876, 0.002059, 0.001929, 0.001979, 0.001827, 0.001979, 0.002076, 0.002007, 0.002103, 0.001822, 0.001979, 0.001941, 0.001935, 0.001889, 0.002060, 0.002412, 0.001605, 0.001209, 0.001317, 0.001234, 0.001179, 0.001240, 0.001044, 0.001345, 0.001182, 0.001392, 0.001259, 0.001499, 0.001400, 0.001461, 0.001242, 0.001486, 0.001300, 0.001486, 0.001392, 0.001397, 0.001310, 0.001465, 0.001345, 0.001470, 0.001208, 0.001530, 0.000102, 0.001792, 0.001990, 0.002059, 0.002015, 0.001984, 0.002054, 0.002106, 0.002242, 0.001957, 0.002224, 0.002011, 0.002127, 0.002103, 0.002160, 0.002242, 0.002184, 0.002208, 0.002028, 0.002222, 0.002112, 0.002128, 0.002082, 0.001826, 0.002031, 0.000282, 0.001771, 0.001520, 0.001463, 0.001308, 0.001398, 0.001364, 0.001584, 0.001369, 0.001402, 0.001309, 0.001461, 0.001369, 0.001463, 0.001338, 0.001431, 0.001339, 0.001372, 0.001397, 0.001493
5 , 1, 1, 1, 1, 1, 1, 1
5 , 0.021401, 0.024729, 0.028095, 0.028562, 0.031634, 0.027892, 0.026458
6 , 0.002059, 0.002015, 0.001984, 0.002054, 0.002106, 0.002242, 0.001957, 0.002224, 0.002011, 0.002127, 0.002103, 0.002160, 0.002242, 0.002184, 0.002208, 0.002028, 0.002222, 0.002112, 0.002128, 0.002082, 0.001826, 0.002031, 0.000282, 0.001771, 0.001520, 0.001463, 0.001308, 0.001398, 0.001364, 0.001584, 0.001369, 0.001402, 0.001309, 0.001461, 0.001369, 0.001463, 0.001338, 0.001431, 0.001339, 0.001372, 0.001397, 0.001493, 0.001340, 0.001342, 0.001330, 0.000992, 0.001557, 0.001672, 0.001899, 0.001860, 0.001946, 0.001937, 0.002031, 0.002017, 0.002008, 0.002188, 0.002027, 0.002206, 0.002209, 0.002327, 0.002069, 0.002215, 0.002354, 0.002214, 0.002241, 0.002195, 0.002335, 0.002196, 0.002299, 0.002453, 0.000757, 0.001331, 0.001445, 0.001318, 0.001291, 0.001381, 0.001349, 0.001259, 0.001257, 0.001099, 0.001193, 0.001132, 0.001288, 0.001218, 0.001307, 0.001303, 0.001359, 0.001324, 0.001354, 0.001348, 0.001413, 0.001499
6 , 1, 1, 1, 1, 1, 1, 1
6 , 0.027306, 0.031958, 0.035326, 0.034299, 0.030561, 0.029715, 0.028372
7 , 0.001899, 0.001860, 0.001946, 0.001937, 0.002031, 0.002017, 0.002008, 0.002188, 0.002027, 0.002206, 0.002209, 0.002327, 0.002069, 0.002215, 0.002354, 0.002214, 0.002241, 0.002195, 0.002335, 0.002196, 0.002299, 0.002453, 0.000757, 0.001331, 0.001445, 0.001318, 0.001291, 0.001381, 0.001349, 0.001259, 0.001257, 0.001099, 0.001193, 0.001132, 0.001288, 0.001218, 0.001307, 0.001303, 0.001359, 0.001324, 0.001354, 0.001348, 0.001413, 0.001499, 0.001560, 0.001465, 0.001315, 0.001374, 0.000514, 0.001957, 0.001698, 0.001941, 0.001824, 0.001891, 0.001838, 0.001724, 0.001953, 0.001793, 0.001915, 0.001879, 0.001978, 0.001874, 0.001885, 0.002004, 0.001877, 0.002106, 0.002029, 0.002090, 0.001758, 0.001966, 0.001912, 0.002095, 0.001346, 0.001162, 0.001606, 0.001842, 0.001692, 0.001477, 0.001569, 0.001569, 0.001570, 0.001569, 0.001508, 0.001416, 0.001418, 0.001418, 0.001543, 0.001454, 0.001548, 0.001486, 0.001425, 0.001271
7 , 1, 1, 1, 1, 1, 1, 1
7 , 0.018371, 0.020681, 0.023298, 0.026455, 0.025999, 0.027046, 0.025036
8 , 0.001941, 0.001824, 0.001891, 0.001838, 0.001724, 0.001953, 0.001793, 0.001915, 0.001879, 0.001978, 0.001874, 0.001885, 0.002004, 0.001877, 0.002106, 0.002029, 0.002090, 0.001758, 0.001966, 0.001912, 0.002095, 0.001346, 0.001162, 0.001606, 0.001842, 0.001692, 0.001477, 0.001569, 0.001569, 0.001570, 0.001569, 0.001508, 0.001416, 0.001418, 0.001418, 0.001543, 0.001454, 0.001548, 0.001486, 0.001425, 0.001271, 0.001514, 0.001418, 0.001364, 0.001628, 0.000146, 0.001695, 0.001872, 0.001805, 0.001869, 0.002101, 0.002062, 0.002084, 0.002006, 0.002245, 0.002065, 0.002026, 0.002034, 0.002136, 0.002255, 0.002135, 0.002257, 0.001986, 0.002238, 0.002306, 0.002351, 0.002133, 0.002163, 0.002215, 0.002075, 0.000422, 0.001515, 0.001351, 0.001415, 0.001379, 0.001344, 0.001437, 0.001368, 0.001491, 0.001425, 0.001635, 0.001389, 0.001511, 0.001420, 0.001543, 0.001388, 0.001634, 0.001481, 0.001545, 0.001329, 0.001511, 0.001418
8 , 1, 1, 1, 1, 1, 1, 1
8 , 0.018914, 0.022070, 0.026652, 0.023682, 0.021752, 0.020751, 0.019950
9 , 0.001805, 0.001869, 0.002101, 0.002062, 0.002084, 0.002006, 0.002245, 0.002065, 0.002026, 0.002034, 0.002136, 0.002255, 0.002135, 0.002257, 0.001986, 0.002238, 0.002306, 0.002351, 0.002133, 0.002163, 0.002215, 0.002075, 0.000422, 0.001515, 0.001351, 0.001415, 0.001379, 0.001344, 0.001437, 0.001368, 0.001491, 0.001425, 0.001635, 0.001389, 0.001511, 0.001420, 0.001543, 0.001388, 0.001634, 0.001481, 0.001545, 0.001329, 0.001511, 0.001418, 0.001600, 0.001480, 0.001687, 0.000899, 0.001035, 0.001706, 0.001656, 0.001777, 0.001661, 0.001925, 0.001862, 0.001885, 0.001836, 0.001915, 0.001849, 0.002052, 0.001915, 0.001835, 0.002089, 0.001951, 0.002037, 0.001966, 0.002015, 0.002040, 0.001960, 0.002021, 0.001868, 0.002196, 0.000634, 0.001645, 0.001600, 0.001539, 0.001335, 0.001396, 0.001155, 0.001346, 0.001222, 0.001320, 0.001229, 0.001354, 0.001075, 0.001265, 0.001042, 0.001318, 0.001099, 0.001253, 0.001156, 0.001425
9 , 1, 1, 1, 1, 1, 1, 1
9 , 0.019459, 0.023105, 0.025765, 0.026979, 0.027318, 0.026291, 0.025724
10 , 0.001656, 0.001777, 0.001661, 0.001925, 0.001862, 0.001885, 0.001836, 0.001915, 0.001849, 0.002052, 0.001915, 0.001835, 0.002089, 0.001951, 0.002037, 0.001966, 0.002015, 0.002040, 0.001960, 0.002021, 0.001868, 0.002196, 0.000634, 0.001645, 0.001600, 0.001539, 0.001335, 0.001396, 0.001155, 0.001346, 0.001222, 0.001320, 0.001229, 0.001354, 0.001075, 0.001265, 0.001042, 0.001318, 0.001099, 0.001253, 0.001156, 0.001425, 0.001295, 0.001385, 0.001047, 0.001532, 0.000802, 0.001884, 0.001797, 0.001828, 0.001835, 0.001689, 0.002010, 0.002087, 0.001932, 0.001963, 0.001908, 0.002139, 0.001962, 0.002061, 0.001769, 0.001896, 0.001956, 0.001849, 0.001965, 0.001757, 0.002014, 0.001874, 0.001917, 0.001843, 0.001725, 0.001996, 0.001425, 0.001471, 0.001765, 0.001636, 0.001398, 0.001457, 0.001335, 0.001461, 0.001309, 0.001463, 0.001275, 0.001494, 0.001398, 0.001435, 0.001371, 0.001496, 0.001249, 0.001407, 0.001225, 0.001441
10 , 1, 1, 1, 1, 1, 1, 1
10 , 0.017332, 0.020809, 0.022905, 0.025997, 0.024544, 0.023935, 0.023597
11 , 0.001828, 0.001835, 0.001689, 0.002010, 0.002087, 0.001932, 0.001963, 0.001908, 0.002139, 0.001962, 0.002061, 0.001769, 0.001896, 0.001956, 0.001849, 0.001965, 0.001757, 0.002014, 0.001874, 0.001917, 0.001843, 0.001725, 0.001996, 0.001425, 0.001471, 0.001765, 0.001636, 0.001398, 0.001457, 0.001335, 0.001461, 0.001309, 0.001463, 0.001275, 0.001494, 0.001398, 0.001435, 0.001371, 0.001496, 0.001249, 0.001407, 0.001225, 0.001441, 0.001289, 0.001379, 0.001162, 0.001439, 0.001436, 0.001347, 0.001195, 0.001411, 0.001320, 0.001383, 0.001230, 0.001357, 0.001292, 0.001352, 0.001316, 0.001407, 0.001342, 0.001338, 0.001307, 0.001395, 0.001453, 0.001513, 0.001423, 0.001392, 0.001422, 0.001391, 0.001361, 0.001390, 0.001482, 0.001512, 0.001514, 0.001456, 0.001546, 0.001420, 0.001512, 0.001361, 0.001513, 0.001392, 0.001483, 0.001452, 0.001636, 0.001391, 0.001665, 0.001419, 0.001515, 0.001423, 0.001518, 0.001273, 0.001584
11 , 2, 2, 2, 2, 2, 2, 2
11 , 0.011116, 0.012884, 0.013237, 0.013694, 0.014230, 0.013714, 0.013249
12 , 0.001411, 0.001320, 0.001383, 0.001230, 0.001357, 0.001292, 0.001352, 0.001316, 0.001407, 0.001342, 0.001338, 0.001307, 0.001395, 0.001453, 0.001513, 0.001423, 0.001392, 0.001422, 0.001391, 0.001361, 0.001390, 0.001482, 0.001512, 0.001514, 0.001456, 0.001546, 0.001420, 0.001512, 0.001361, 0.001513, 0.001392, 0.001483, 0.001452, 0.001636, 0.001391, 0.001665, 0.001419, 0.001515, 0.001423, 0.001518, 0.001273, 0.001584, 0.001337, 0.001492, 0.001310, 0.001374, 0.001251, 0.001494, 0.001431, 0.001526, 0.001400, 0.001494, 0.001341, 0.001433, 0.001401, 0.001492, 0.001400, 0.001554, 0.001311, 0.001343, 0.001340, 0.001464, 0.001559, 0.001466, 0.001404, 0.001375, 0.001406, 0.001312, 0.001406, 0.001373, 0.001526, 0.001341, 0.001464, 0.001431, 0.001527, 0.001373, 0.001559, 0.001374, 0.001437, 0.001345, 0.001379, 0.001255, 0.001441, 0.001344, 0.001433, 0.001402, 0.001495, 0.001248, 0.001465, 0.001401, 0.001614, 0.001396
12 , 3, 3, 0, 3, 0, 3, 0
12 , 0.002376, 0.002501, 0.002468, 0.002086, 0.001791, 0.001457, 0.001532
13 , 0.001494, 0.001431, 0.001526, 0.001400, 0.001494, 0.001341, 0.001433, 0.001401, 0.001492, 0.001400, 0.001554, 0.001311, 0.001343, 0.001340, 0.001464, 0.001559, 0.001466, 0.001404, 0.001375, 0.001406, 0.001312, 0.001406, 0.001373, 0.001526, 0.001341, 0.001464, 0.001431, 0.001527, 0.001373, 0.001559, 0.001374, 0.001437, 0.001345, 0.001379, 0.001255, 0.001441, 0.001344, 0.001433, 0.001402, 0.001495, 0.001248, 0.001465, 0.001401, 0.001614, 0.001396, 0.001551, 0.001366, 0.001487, 0.001364, 0.001483, 0.001330, 0.001454, 0.001482, 0.001484, 0.001547, 0.001577, 0.001519, 0.001430, 0.001398, 0.001428, 0.001370, 0.001403, 0.001403, 0.001316, 0.001441, 0.001350, 0.001413, 0.001442, 0.001381, 0.001286, 0.001416, 0.001256, 0.001436, 0.001282, 0.001435, 0.001310, 0.001464, 0.001368, 0.001522, 0.001395, 0.001520, 0.001336, 0.001489, 0.001306, 0.001455, 0.001330, 0.001482, 0.001390, 0.001485, 0.001422, 0.001516, 0.001303
13 , 1, 1, 3, 1, 0, 1, 0
13 , 0.000900, 0.000949, 0.000427, 0.000510, 0.000184, 0.000186, 0.000397
14 , 0.001487, 0.001364, 0.001483, 0.001330, 0.001454, 0.001482, 0.001484, 0.001547, 0.001577, 0.001519, 0.001430, 0.001398, 0.001428, 0.001370, 0.001403, 0.001403, 0.001316, 0.001441, 0.001350, 0.001413, 0.001442, 0.001381, 0.001286, 0.001416, 0.001256, 0.001436, 0.001282, 0.001435, 0.001310, 0.001464, 0.001368, 0.001522, 0.001395, 0.001520, 0.001336, 0.001489, 0.001306, 0.001455, 0.001330, 0.001482, 0.001390, 0.001485, 0.001422, 0.001516, 0.001303, 0.001485, 0.001393, 0.001337, 0.001374, 0.001498, 0.001528, 0.001406, 0.001349, 0.001351, 0.001350, 0.001410, 0.001469, 0.001225, 0.001408, 0.001409, 0.001379, 0.001318, 0.001501, 0.001377, 0.001499, 0.001404, 0.001467, 0.001401, 0.001524, 0.001369, 0.001583, 0.001396, 0.001551, 0.001336, 0.001491, 0.001334, 0.001515, 0.001452, 0.001544, 0.001420, 0.001511, 0.001450, 0.001454, 0.001390, 0.001484, 0.001336, 0.001461, 0.001400, 0.001434, 0.001406, 0.001256, 0.001259
14 , 2, 2, 2, 2, 2, 1, 1
14 , 0.001730, 0.001519, 0.001371, 0.000859, 0.000530, 0.000773, 0.000130
15 , 0.001393, 0.001337, 0.001374, 0.001498, 0.001528, 0.001406, 0.001349, 0.001351, 0.001350, 0.001410, 0.001469, 0.001225, 0.001408, 0.001409, 0.001379, 0.001318, 0.001501, 0.001377, 0.001499, 0.001404, 0.001467, 0.001401, 0.001524, 0.001369, 0.001583, 0.001396, 0.001551, 0.001336, 0.001491, 0.001334, 0.001515, 0.001452, 0.001544, 0.001420, 0.001511, 0.001450, 0.001454, 0.001390, 0.001484, 0.001336, 0.001461, 0.001400, 0.001434, 0.001406, 0.001256, 0.001259, 0.001378, 0.001346, 0.001351, 0.001320, 0.001346, 0.001498, 0.001344, 0.001470, 0.001315, 0.001379, 0.001315, 0.001531, 0.001255, 0.001470, 0.001439, 0.001503, 0.001316, 0.001471, 0.001377, 0.001411, 0.001407, 0.001528, 0.001311, 0.001402, 0.001308, 0.001490, 0.001455, 0.001429, 0.001458, 0.001519, 0.001394, 0.001429, 0.001335, 0.001486, 0.001391, 0.001512, 0.001422, 0.001513, 0.001452, 0.001485, 0.001489, 0.001427, 0.001459, 0.001335, 0.001519, 0.001332
15 , 0, 0, 0, 0, 0, 0, 2
15 , 0.002108, 0.002040, 0.001644, 0.001799, 0.001369, 0.001299, 0.001282
16 , 0.001378, 0.001346, 0.001351, 0.001320, 0.001346, 0.001498, 0.001344, 0.001470, 0.001315, 0.001379, 0.001315, 0.001531, 0.001255, 0.001470, 0.001439, 0.001503, 0.001316, 0.001471, 0.001377, 0.001411, 0.001407, 0.001528, 0.001311, 0.001402, 0.001308, 0.001490, 0.001455, 0.001429, 0.001458, 0.001519, 0.001394, 0.001429, 0.001335, 0.001486, 0.001391, 0.001512, 0.001422, 0.001513, 0.001452, 0.001485, 0.001489, 0.001427, 0.001459, 0.001335, 0.001519, 0.001332, 0.001512, 0.001538, 0.001569, 0.001505, 0.001656, 0.001442, 0.001718, 0.001503, 0.001567, 0.001534, 0.001595, 0.001473, 0.001534, 0.001503, 0.001626, 0.001472, 0.001533, 0.001470, 0.001626, 0.001412, 0.001475, 0.001447, 0.001540, 0.001511, 0.001545, 0.001516, 0.001548, 0.001457, 0.001518, 0.001429, 0.001465, 0.001437, 0.001345, 0.001349, 0.001409, 0.001557, 0.001374, 0.001405, 0.001311, 0.001461, 0.001338, 0.001401, 0.001398, 0.001552, 0.001429, 0.001493
16 , 3, 3, 3, 3, 3, 3, 3
16 , 0.003079, 0.003191, 0.003225, 0.003024, 0.003475, 0.003654, 0.003967
