0 , 0.002181, 0.001826, 0.002029, 0.002090, 0.002205, 0.002287, 0.001977, 0.002317, 0.002041, 0.002275, 0.002020, 0.002132, 0.002216, 0.002113, 0.002174, 0.002007, 0.002216, 0.002082, 0.002121, 0.001981, 0.002119, 0.002130, 0.002277, 0.000895, 0.001480, 0.001464, 0.001643, 0.001466, 0.001405, 0.001466, 0.001220, 0.001254, 0.001283, 0.001376, 0.001317, 0.001287, 0.001230, 0.001353, 0.001291, 0.001360, 0.001209, 0.001241, 0.001302, 0.001273, 0.001173, 0.001217, 0.001230, 0.000541, 0.001836, 0.002062, 0.001923, 0.001851, 0.002089, 0.001830, 0.002073, 0.001837, 0.002140, 0.001963, 0.001851, 0.001862, 0.001775, 0.002064, 0.001907, 0.001950, 0.001867, 0.001988, 0.001983, 0.001907, 0.001932, 0.001889, 0.002124, 0.001988, 0.002014, 0.001618, 0.000679, 0.001562, 0.001551, 0.001441, 0.001319, 0.001415, 0.001293, 0.001293, 0.001293, 0.001385, 0.001383, 0.001296, 0.001324, 0.001416, 0.001233, 0.001474, 0.001291, 0.001415
0 , 1, 1, 1, 1, 1, 1, 1
0 , 0.019065, 0.021698, 0.025036, 0.028387, 0.032334, 0.031213, 0.030031
1 , 0.001923, 0.001851, 0.002089, 0.001830, 0.002073, 0.001837, 0.002140, 0.001963, 0.001851, 0.001862, 0.001775, 0.002064, 0.001907, 0.001950, 0.001867, 0.001988, 0.001983, 0.001907, 0.001932, 0.001889, 0.002124, 0.001988, 0.002014, 0.001618, 0.000679, 0.001562, 0.001551, 0.001441, 0.001319, 0.001415, 0.001293, 0.001293, 0.001293, 0.001385, 0.001383, 0.001296, 0.001324, 0.001416, 0.001233, 0.001474, 0.001291, 0.001415, 0.001321, 0.001441, 0.001226, 0.001441, 0.001398, 0.001283, 0.001418, 0.000617, 0.001632, 0.001841, 0.001573, 0.001921, 0.001882, 0.001901, 0.001818, 0.001856, 0.001955, 0.001808, 0.001872, 0.001864, 0.002125, 0.001938, 0.001971, 0.001912, 0.001939, 0.002122, 0.001915, 0.002022, 0.001887, 0.002110, 0.001860, 0.002116, 0.000222, 0.001454, 0.001523, 0.001555, 0.001376, 0.001219, 0.001283, 0.001223, 0.001319, 0.001103, 0.001378, 0.001196, 0.001324, 0.001262, 0.001265, 0.001147, 0.001367, 0.001182
1 , 1, 1, 1, 1, 1, 1, 1
1 , 0.015474, 0.018942, 0.021150, 0.022860, 0.025342, 0.026522, 0.027544
2 , 0.001573, 0.001921, 0.001882, 0.001901, 0.001818, 0.001856, 0.001955, 0.001808, 0.001872, 0.001864, 0.002125, 0.001938, 0.001971, 0.001912, 0.001939, 0.002122, 0.001915, 0.002022, 0.001887, 0.002110, 0.001860, 0.002116, 0.000222, 0.001454, 0.001523, 0.001555, 0.001376, 0.001219, 0.001283, 0.001223, 0.001319, 0.001103, 0.001378, 0.001196, 0.001324, 0.001262, 0.001265, 0.001147, 0.001367, 0.001182, 0.001278, 0.001089, 0.001245, 0.001151, 0.001390, 0.000956, 0.001219, 0.001965, 0.002025, 0.001852, 0.001972, 0.002273, 0.002119, 0.002009, 0.002050, 0.002098, 0.002084, 0.002158, 0.001846, 0.002014, 0.002048, 0.002025, 0.002045, 0.001951, 0.002091, 0.001934, 0.001881, 0.001829, 0.002086, 0.002242, 0.001031, 0.001719, 0.001550, 0.001545, 0.001458, 0.001461, 0.001276, 0.001276, 0.001275, 0.001371, 0.001217, 0.001433, 0.001277, 0.001340, 0.001371, 0.001402, 0.001249, 0.001402, 0.001279, 0.001463, 0.001340, 0.001342
2 , 1, 1, 1, 1, 1, 1, 1
2 , 0.022700, 0.026231, 0.029549, 0.030222, 0.027351, 0.026053, 0.025413
3 , 0.001852, 0.001972, 0.002273, 0.002119, 0.002009, 0.002050, 0.002098, 0.002084, 0.002158, 0.001846, 0.002014, 0.002048, 0.002025, 0.002045, 0.001951, 0.002091, 0.001934, 0.001881, 0.001829, 0.002086, 0.002242, 0.001031, 0.001719, 0.001550, 0.001545, 0.001458, 0.001461, 0.001276, 0.001276, 0.001275, 0.001371, 0.001217, 0.001433, 0.001277, 0.001340, 0.001371, 0.001402, 0.001249, 0.001402, 0.001279, 0.001463, 0.001340, 0.001342, 0.001249, 0.001336, 0.001190, 0.001452, 0.000371, 0.001740, 0.001769, 0.001865, 0.001761, 0.001990, 0.001962, 0.001967, 0.001994, 0.001974, 0.002308, 0.002141, 0.002236, 0.002099, 0.002129, 0.002090, 0.002183, 0.002320, 0.002207, 0.002410, 0.002200, 0.002293, 0.002413, 0.002394, 0.002176, 0.000534, 0.001469, 0.001384, 0.001383, 0.001164, 0.001194, 0.001071, 0.001190, 0.001219, 0.001219, 0.001245, 0.001268, 0.001383, 0.001349, 0.001224, 0.001315, 0.001313, 0.001468, 0.001402, 0.001340
3 , 1, 1, 1, 1, 1, 1, 1
3 , 0.023328, 0.026728, 0.030290, 0.030871, 0.034610, 0.031891, 0.030596
4 , 0.001865, 0.001761, 0.001990, 0.001962, 0.001967, 0.001994, 0.001974, 0.002308, 0.002141, 0.002236, 0.002099, 0.002129, 0.002090, 0.002183, 0.002320, 0.002207, 0.002410, 0.002200, 0.002293, 0.002413, 0.002394, 0.002176, 0.000534, 0.001469, 0.001384, 0.001383, 0.001164, 0.001194, 0.001071, 0.001190, 0.001219, 0.001219, 0.001245, 0.001268, 0.001383, 0.001349, 0.001224, 0.001315, 0.001313, 0.001468, 0.001402, 0.001340, 0.001457, 0.001433, 0.001512, 0.000496, 0.001669, 0.001642, 0.001951, 0.001774, 0.001937, 0.001725, 0.002040, 0.002117, 0.002048, 0.002020, 0.001920, 0.002178, 0.002078, 0.002105, 0.001912, 0.002133, 0.002139, 0.001879, 0.002139, 0.001987, 0.002117, 0.002006, 0.002045, 0.002060, 0.000144, 0.001605, 0.001579, 0.001548, 0.001457, 0.001455, 0.001455, 0.001333, 0.001428, 0.001276, 0.001307, 0.001428, 0.001489, 0.001274, 0.001394, 0.001515, 0.001423, 0.001271, 0.001363, 0.001455, 0.001274, 0.001335
4 , 1, 1, 1, 1, 1, 1, 1
4 , 0.024673, 0.028738, 0.033640, 0.031837, 0.029663, 0.028610, 0.027486
5 , 0.001951, 0.001774, 0.001937, 0.001725, 0.002040, 0.002117, 0.002048, 0.002020, 0.001920, 0.002178, 0.002078, 0.002105, 0.001912, 0.002133, 0.002139, 0.001879, 0.002139, 0.001987, 0.002117, 0.002006, 0.002045, 0.002060, 0.000144, 0.001605, 0.001579, 0.001548, 0.001457, 0.001455, 0.001455, 0.001333, 0.001428, 0.001276, 0.001307, 0.001428, 0.001489, 0.001274, 0.001394, 0.001515, 0.001423, 0.001271, 0.001363, 0.001455, 0.001274, 0.001335, 0.001304, 0.001488, 0.001451, 0.001167, 0.000942, 0.001912, 0.001545, 0.001965, 0.001976, 0.001943, 0.001877, 0.001937, 0.002192, 0.002031, 0.002092, 0.001956, 0.002117, 0.002089, 0.002078, 0.002064, 0.002085, 0.002143, 0.002171, 0.002165, 0.001913, 0.002211, 0.002104, 0.002318, 0.001000, 0.001117, 0.001471, 0.001558, 0.001346, 0.001310, 0.001525, 0.001370, 0.001369, 0.001275, 0.001335, 0.001332, 0.001515, 0.001298, 0.001539, 0.001443, 0.001597, 0.001381, 0.001597, 0.001473
5 , 1, 1, 1, 1, 1, 1, 1
5 , 0.018828, 0.022181, 0.024451, 0.026761, 0.025862, 0.025943, 0.024035
6 , 0.001912, 0.001545, 0.001965, 0.001976, 0.001943, 0.001877, 0.001937, 0.002192, 0.002031, 0.002092, 0.001956, 0.002117, 0.002089, 0.002078, 0.002064, 0.002085, 0.002143, 0.002171, 0.002165, 0.001913, 0.002211, 0.002104, 0.002318, 0.001000, 0.001117, 0.001471, 0.001558, 0.001346, 0.001310, 0.001525, 0.001370, 0.001369, 0.001275, 0.001335, 0.001332, 0.001515, 0.001298, 0.001539, 0.001443, 0.001597, 0.001381, 0.001597, 0.001473, 0.001538, 0.001472, 0.001539, 0.001623, 0.000203, 0.001664, 0.001856, 0.001763, 0.001763, 0.001992, 0.002027, 0.002074, 0.001968, 0.002192, 0.002135, 0.002180, 0.002017, 0.002289, 0.002266, 0.002161, 0.002045, 0.001845, 0.002034, 0.001829, 0.001927, 0.001711, 0.001746, 0.001740, 0.001399, 0.001349, 0.002014, 0.002017, 0.001865, 0.001928, 0.001715, 0.001896, 0.001681, 0.001831, 0.001617, 0.001740, 0.001497, 0.001653, 0.001441, 0.001505, 0.001385, 0.001512, 0.001361, 0.001282, 0.001137
6 , 1, 1, 1, 1, 1, 1, 1
6 , 0.013587, 0.015079, 0.017466, 0.019830, 0.023647, 0.022350, 0.021624
7 , 0.001763, 0.001763, 0.001992, 0.002027, 0.002074, 0.001968, 0.002192, 0.002135, 0.002180, 0.002017, 0.002289, 0.002266, 0.002161, 0.002045, 0.001845, 0.002034, 0.001829, 0.001927, 0.001711, 0.001746, 0.001740, 0.001399, 0.001349, 0.002014, 0.002017, 0.001865, 0.001928, 0.001715, 0.001896, 0.001681, 0.001831, 0.001617, 0.001740, 0.001497, 0.001653, 0.001441, 0.001505, 0.001385, 0.001512, 0.001361, 0.001282, 0.001137, 0.001299, 0.001122, 0.001310, 0.000839, 0.001161, 0.000093, 0.001838, 0.002219, 0.002172, 0.002250, 0.002206, 0.002401, 0.002293, 0.002307, 0.002168, 0.002504, 0.002359, 0.002357, 0.002169, 0.002190, 0.002308, 0.002104, 0.002158, 0.002014, 0.002134, 0.001951, 0.001956, 0.001932, 0.001741, 0.002048, 0.000003, 0.001717, 0.001746, 0.001745, 0.001590, 0.001713, 0.001498, 0.001652, 0.001470, 0.001685, 0.001533, 0.001656, 0.001413, 0.001661, 0.001508, 0.001544, 0.001389, 0.001513, 0.001393, 0.001490
7 , 1, 1, 1, 1, 1, 1, 1
7 , 0.016516, 0.019585, 0.022194, 0.022806, 0.026284, 0.023448, 0.023151
8 , 0.002172, 0.002250, 0.002206, 0.002401, 0.002293, 0.002307, 0.002168, 0.002504, 0.002359, 0.002357, 0.002169, 0.002190, 0.002308, 0.002104, 0.002158, 0.002014, 0.002134, 0.001951, 0.001956, 0.001932, 0.001741, 0.002048, 0.000003, 0.001717, 0.001746, 0.001745, 0.001590, 0.001713, 0.001498, 0.001652, 0.001470, 0.001685, 0.001533, 0.001656, 0.001413, 0.001661, 0.001508, 0.001544, 0.001389, 0.001513, 0.001393, 0.001490, 0.001367, 0.001430, 0.001333, 0.001266, 0.001291, 0.001826, 0.001848, 0.001922, 0.001972, 0.001933, 0.002130, 0.002195, 0.002126, 0.002059, 0.002014, 0.002217, 0.002017, 0.002211, 0.002026, 0.002123, 0.002168, 0.002268, 0.002039, 0.001931, 0.002116, 0.002058, 0.002103, 0.001956, 0.001879, 0.002255, 0.001006, 0.001630, 0.001618, 0.001487, 0.001403, 0.001497, 0.001257, 0.001415, 0.001200, 0.001327, 0.001172, 0.001362, 0.001118, 0.001242, 0.001212, 0.001246, 0.001182, 0.001207, 0.001141, 0.001293
8 , 1, 1, 1, 1, 1, 1, 1
8 , 0.024230, 0.028335, 0.030218, 0.031978, 0.029502, 0.027674, 0.027151
9 , 0.001922, 0.001972, 0.001933, 0.002130, 0.002195, 0.002126, 0.002059, 0.002014, 0.002217, 0.002017, 0.002211, 0.002026, 0.002123, 0.002168, 0.002268, 0.002039, 0.001931, 0.002116, 0.002058, 0.002103, 0.001956, 0.001879, 0.002255, 0.001006, 0.001630, 0.001618, 0.001487, 0.001403, 0.001497, 0.001257, 0.001415, 0.001200, 0.001327, 0.001172, 0.001362, 0.001118, 0.001242, 0.001212, 0.001246, 0.001182, 0.001207, 0.001141, 0.001293, 0.001169, 0.001326, 0.001227, 0.001323, 0.001233, 0.001384, 0.001263, 0.001415, 0.001262, 0.001294, 0.001322, 0.001415, 0.001387, 0.001326, 0.001294, 0.001296, 0.001240, 0.001174, 0.001267, 0.001265, 0.001230, 0.001198, 0.001290, 0.001346, 0.001464, 0.001402, 0.001492, 0.001366, 0.001487, 0.001423, 0.001485, 0.001325, 0.001540, 0.001325, 0.001385, 0.001476, 0.001719, 0.001473, 0.001598, 0.001476, 0.001657, 0.001352, 0.001479, 0.001265, 0.001512, 0.001332, 0.001489, 0.001337, 0.001372
9 , 2, 2, 2, 2, 2, 2, 2
9 , 0.017610, 0.019209, 0.019650, 0.020201, 0.021040, 0.019708, 0.019266
10 , 0.001415, 0.001262, 0.001294, 0.001322, 0.001415, 0.001387, 0.001326, 0.001294, 0.001296, 0.001240, 0.001174, 0.001267, 0.001265, 0.001230, 0.001198, 0.001290, 0.001346, 0.001464, 0.001402, 0.001492, 0.001366, 0.001487, 0.001423, 0.001485, 0.001325, 0.001540, 0.001325, 0.001385, 0.001476, 0.001719, 0.001473, 0.001598, 0.001476, 0.001657, 0.001352, 0.001479, 0.001265, 0.001512, 0.001332, 0.001489, 0.001337, 0.001372, 0.001224, 0.001476, 0.001202, 0.001390, 0.001266, 0.001212, 0.001183, 0.001307, 0.001245, 0.001189, 0.001161, 0.001224, 0.001251, 0.001252, 0.001223, 0.001285, 0.001191, 0.001128, 0.001102, 0.001161, 0.001253, 0.001160, 0.001157, 0.001252, 0.001253, 0.001191, 0.001255, 0.001131, 0.001255, 0.001222, 0.001342, 0.001154, 0.001372, 0.001179, 0.001331, 0.001206, 0.001327, 0.001232, 0.001414, 0.001325, 0.001451, 0.001259, 0.001412, 0.001134, 0.001378, 0.001345, 0.001437, 0.001279, 0.001403, 0.001428
10 , 0, 0, 0, 0, 0, 0, 0
10 , 0.005226, 0.004647, 0.005222, 0.004960, 0.005027, 0.004362, 0.004767
11 , 0.001266, 0.001212, 0.001183, 0.001307, 0.001245, 0.001189, 0.001161, 0.001224, 0.001251, 0.001252, 0.001223, 0.001285, 0.001191, 0.001128, 0.001102, 0.001161, 0.001253, 0.001160, 0.001157, 0.001252, 0.001253, 0.001191, 0.001255, 0.001131, 0.001255, 0.001222, 0.001342, 0.001154, 0.001372, 0.001179, 0.001331, 0.001206, 0.001327, 0.001232, 0.001414, 0.001325, 0.001451, 0.001259, 0.001412, 0.001134, 0.001378, 0.001345, 0.001437, 0.001279, 0.001403, 0.001428, 0.001518, 0.001363, 0.001454, 0.001359, 0.001483, 0.001360, 0.001482, 0.001389, 0.001360, 0.001395, 0.001421, 0.001451, 0.001392, 0.001487, 0.001333, 0.001426, 0.001275, 0.001428, 0.001339, 0.001431, 0.001244, 0.001367, 0.001308, 0.001432, 0.001339, 0.001522, 0.001428, 0.001463, 0.001372, 0.001374, 0.001313, 0.001405, 0.001343, 0.001679, 0.001343, 0.001346, 0.001372, 0.001496, 0.001370, 0.001556, 0.001369, 0.001461, 0.001369, 0.001429, 0.001427, 0.001397
11 , 0, 0, 0, 0, 0, 0, 0
11 , 0.001191, 0.001782, 0.001898, 0.002662, 0.002526, 0.003012, 0.002924
12 , 0.001360, 0.001482, 0.001389, 0.001360, 0.001395, 0.001421, 0.001451, 0.001392, 0.001487, 0.001333, 0.001426, 0.001275, 0.001428, 0.001339, 0.001431, 0.001244, 0.001367, 0.001308, 0.001432, 0.001339, 0.001522, 0.001428, 0.001463, 0.001372, 0.001374, 0.001313, 0.001405, 0.001343, 0.001679, 0.001343, 0.001346, 0.001372, 0.001496, 0.001370, 0.001556, 0.001369, 0.001461, 0.001369, 0.001429, 0.001427, 0.001397, 0.001426, 0.001483, 0.001448, 0.001567, 0.001596, 0.001535, 0.001475, 0.001597, 0.001657, 0.001509, 0.001485, 0.001421, 0.001454, 0.001454, 0.001520, 0.001397, 0.001400, 0.001218, 0.001405, 0.001285, 0.001439, 0.001164, 0.001323, 0.001264, 0.001423, 0.001144, 0.001268, 0.001237, 0.001304, 0.001327, 0.001421, 0.001329, 0.001362, 0.001235, 0.001478, 0.001296, 0.001296, 0.001354, 0.001382, 0.001347, 0.001250, 0.001306, 0.001427, 0.001487, 0.001424, 0.001390, 0.001449, 0.001475, 0.001506, 0.001656, 0.001564
12 , 3, 3, 0, 0, 0, 0, 0
12 , 0.001881, 0.001627, 0.000990, 0.001597, 0.001763, 0.002507, 0.003331
13 , 0.001421, 0.001454, 0.001454, 0.001520, 0.001397, 0.001400, 0.001218, 0.001405, 0.001285, 0.001439, 0.001164, 0.001323, 0.001264, 0.001423, 0.001144, 0.001268, 0.001237, 0.001304, 0.001327, 0.001421, 0.001329, 0.001362, 0.001235, 0.001478, 0.001296, 0.001296, 0.001354, 0.001382, 0.001347, 0.001250, 0.001306, 0.001427, 0.001487, 0.001424, 0.001390, 0.001449, 0.001475, 0.001506, 0.001656, 0.001564, 0.001625, 0.001471, 0.001593, 0.001441, 0.001594, 0.001502, 0.001687, 0.001475, 0.001599, 0.001446, 0.001479, 0.001451, 0.001519, 0.001244, 0.001340, 0.001313, 0.001350, 0.001201, 0.001331, 0.001089, 0.001339, 0.001277, 0.001312, 0.001128, 0.001126, 0.001248, 0.001282, 0.001189, 0.001308, 0.001181, 0.001243, 0.001368, 0.001306, 0.001395, 0.001268, 0.001298, 0.001356, 0.001292, 0.001166, 0.001320, 0.001288, 0.001438, 0.001342, 0.001345, 0.001220, 0.001403, 0.001159, 0.001466, 0.001313, 0.001345, 0.001255, 0.001287
13 , 3, 3, 3, 0, 0, 0, 0
13 , 0.002342, 0.002428, 0.002386, 0.002836, 0.003196, 0.003627, 0.003907
14 , 0.001519, 0.001244, 0.001340, 0.001313, 0.001350, 0.001201, 0.001331, 0.001089, 0.001339, 0.001277, 0.001312, 0.001128, 0.001126, 0.001248, 0.001282, 0.001189, 0.001308, 0.001181, 0.001243, 0.001368, 0.001306, 0.001395, 0.001268, 0.001298, 0.001356, 0.001292, 0.001166, 0.001320, 0.001288, 0.001438, 0.001342, 0.001345, 0.001220, 0.001403, 0.001159, 0.001466, 0.001313, 0.001345, 0.001255, 0.001287, 0.001195, 0.001349, 0.001315, 0.001349, 0.001257, 0.001385, 0.001296, 0.001478, 0.001293, 0.001357, 0.001383, 0.001415, 0.001445, 0.001385, 0.001354, 0.001359, 0.001299, 0.001236, 0.001268, 0.001264, 0.001325, 0.001235, 0.001293, 0.001200, 0.001354, 0.001171, 0.001320, 0.001347, 0.001471, 0.001346, 0.001413, 0.001317, 0.001438, 0.001283, 0.001380, 0.001285, 0.001317, 0.001128, 0.001314, 0.001222, 0.001284, 0.001222, 0.001317, 0.001222, 0.001319, 0.001200, 0.001235, 0.001175, 0.001328, 0.001235, 0.001386, 0.001326
14 , 3, 3, 3, 3, 3, 3, 3
14 , 0.001122, 0.001538, 0.001711, 0.001873, 0.002289, 0.002554, 0.002490
15 , 0.001415, 0.001445, 0.001385, 0.001354, 0.001359, 0.001299, 0.001236, 0.001268, 0.001264, 0.001325, 0.001235, 0.001293, 0.001200, 0.001354, 0.001171, 0.001320, 0.001347, 0.001471, 0.001346, 0.001413, 0.001317, 0.001438, 0.001283, 0.001380, 0.001285, 0.001317, 0.001128, 0.001314, 0.001222, 0.001284, 0.001222, 0.001317, 0.001222, 0.001319, 0.001200, 0.001235, 0.001175, 0.001328, 0.001235, 0.001386, 0.001326, 0.001200, 0.001258, 0.001258, 0.001349, 0.001381, 0.001322, 0.001202, 0.001268, 0.001332, 0.001303, 0.001117, 0.001245, 0.001154, 0.001122, 0.001207, 0.001328, 0.001054, 0.001240, 0.001112, 0.001359, 0.001235, 0.001384, 0.001228, 0.001444, 0.001167, 0.001320, 0.001287, 0.001349, 0.001226, 0.001290, 0.001258, 0.001322, 0.001261, 0.001296, 0.001207, 0.001298, 0.001233, 0.001234, 0.001293, 0.001324, 0.001294, 0.001294, 0.001173, 0.001172, 0.001299, 0.001269, 0.001304, 0.001058, 0.001152, 0.001154, 0.001315
15 , 2, 1, 2, 2, 1, 1, 1
15 , 0.001008, 0.001148, 0.000973, 0.001200, 0.001142, 0.001274, 0.001208
16 , 0.001117, 0.001245, 0.001154, 0.001122, 0.001207, 0.001328, 0.001054, 0.001240, 0.001112, 0.001359, 0.001235, 0.001384, 0.001228, 0.001444, 0.001167, 0.001320, 0.001287, 0.001349, 0.001226, 0.001290, 0.001258, 0.001322, 0.001261, 0.001296, 0.001207, 0.001298, 0.001233, 0.001234, 0.001293, 0.001324, 0.001294, 0.001294, 0.001173, 0.001172, 0.001299, 0.001269, 0.001304, 0.001058, 0.001152, 0.001154, 0.001315, 0.001196, 0.001291, 0.001108, 0.001418, 0.001047, 0.001204, 0.001049, 0.001321, 0.001164, 0.001351, 0.001101, 0.001193, 0.001096, 0.001341, 0.001124, 0.001250, 0.001153, 0.001245, 0.001308, 0.001245, 0.001271, 0.001298, 0.001296, 0.001207, 0.001268, 0.001293, 0.001415, 0.001411, 0.001412, 0.001439, 0.001468, 0.001283, 0.001374, 0.001250, 0.001434, 0.001311, 0.001344, 0.001311, 0.001346, 0.001135, 0.001325, 0.001329, 0.001394, 0.001179, 0.001249, 0.001223, 0.001232, 0.001049, 0.001205, 0.000961, 0.001240
16 , 2, 2, 2, 2, 1, 1, 1
16 , 0.001734, 0.001431, 0.000752, 0.000455, 0.001200, 0.001266, 0.001835
