0 , 0.001865, 0.002074, 0.001941, 0.001960, 0.001999, 0.002327, 0.002066, 0.002199, 0.001890, 0.002062, 0.002096, 0.002114, 0.002060, 0.001838, 0.002123, 0.002078, 0.002087, 0.001929, 0.002022, 0.002105, 0.002040, 0.001923, 0.001875, 0.000003, 0.001795, 0.001698, 0.001640, 0.001396, 0.001485, 0.001453, 0.001485, 0.001452, 0.001545, 0.001484, 0.001543, 0.001423, 0.001546, 0.001424, 0.001548, 0.001424, 0.001430, 0.001364, 0.001489, 0.001393, 0.001582, 0.001360, 0.001125, 0.001021, 0.001752, 0.001639, 0.001946, 0.001849, 0.001901, 0.001844, 0.002026, 0.002075, 0.002042, 0.002032, 0.002057, 0.002181, 0.002139, 0.002193, 0.002008, 0.002136, 0.002199, 0.002069, 0.002072, 0.001950, 0.002184, 0.002054, 0.002231, 0.000614, 0.001271, 0.001592, 0.001460, 0.001522, 0.001549, 0.001492, 0.001306, 0.001489, 0.001426, 0.001454, 0.001421, 0.001606, 0.001481, 0.001637, 0.001451, 0.001574, 0.001448, 0.001601, 0.001417, 0.001635
0 , 1, 1, 1, 1, 1, 1, 1
0 , 0.017258, 0.019480, 0.023372, 0.025988, 0.025639, 0.021002, 0.021136
1 , 0.001639, 0.001946, 0.001849, 0.001901, 0.001844, 0.002026, 0.002075, 0.002042, 0.002032, 0.002057, 0.002181, 0.002139, 0.002193, 0.002008, 0.002136, 0.002199, 0.002069, 0.002072, 0.001950, 0.002184, 0.002054, 0.002231, 0.000614, 0.001271, 0.001592, 0.001460, 0.001522, 0.001549, 0.001492, 0.001306, 0.001489, 0.001426, 0.001454, 0.001421, 0.001606, 0.001481, 0.001637, 0.001451, 0.001574, 0.001448, 0.001601, 0.001417, 0.001635, 0.001420, 0.001606, 0.001422, 0.001430, 0.001421, 0.000475, 0.001874, 0.001804, 0.001756, 0.002044, 0.001987, 0.002060, 0.001883, 0.002168, 0.002141, 0.002162, 0.002101, 0.001798, 0.002175, 0.002083, 0.002220, 0.001987, 0.002008, 0.002117, 0.002020, 0.002090, 0.001983, 0.002278, 0.002211, 0.001739, 0.001004, 0.001529, 0.001544, 0.001394, 0.001510, 0.001265, 0.001478, 0.001323, 0.001450, 0.001211, 0.001400, 0.001284, 0.001350, 0.001258, 0.001233, 0.001113, 0.001395, 0.001278, 0.001280
1 , 1, 1, 1, 1, 1, 1, 1
1 , 0.017014, 0.019831, 0.022762, 0.025889, 0.025838, 0.027781, 0.026184
2 , 0.001756, 0.002044, 0.001987, 0.002060, 0.001883, 0.002168, 0.002141, 0.002162, 0.002101, 0.001798, 0.002175, 0.002083, 0.002220, 0.001987, 0.002008, 0.002117, 0.002020, 0.002090, 0.001983, 0.002278, 0.002211, 0.001739, 0.001004, 0.001529, 0.001544, 0.001394, 0.001510, 0.001265, 0.001478, 0.001323, 0.001450, 0.001211, 0.001400, 0.001284, 0.001350, 0.001258, 0.001233, 0.001113, 0.001395, 0.001278, 0.001280, 0.001220, 0.001181, 0.001192, 0.001502, 0.000008, 0.001708, 0.001946, 0.002057, 0.001872, 0.002097, 0.002063, 0.002143, 0.002143, 0.002034, 0.002168, 0.002125, 0.002138, 0.001956, 0.002181, 0.002120, 0.002059, 0.002114, 0.001941, 0.002090, 0.002002, 0.002045, 0.001838, 0.002020, 0.002009, 0.001975, 0.001983, 0.000194, 0.001645, 0.001709, 0.001525, 0.001372, 0.001460, 0.001490, 0.001341, 0.001525, 0.001461, 0.001493, 0.001432, 0.001556, 0.001373, 0.001409, 0.001380, 0.001383, 0.001353, 0.001327, 0.001267
2 , 1, 1, 1, 1, 1, 1, 1
2 , 0.022432, 0.026196, 0.031421, 0.032360, 0.031267, 0.027196, 0.026580
3 , 0.001872, 0.002097, 0.002063, 0.002143, 0.002143, 0.002034, 0.002168, 0.002125, 0.002138, 0.001956, 0.002181, 0.002120, 0.002059, 0.002114, 0.001941, 0.002090, 0.002002, 0.002045, 0.001838, 0.002020, 0.002009, 0.001975, 0.001983, 0.000194, 0.001645, 0.001709, 0.001525, 0.001372, 0.001460, 0.001490, 0.001341, 0.001525, 0.001461, 0.001493, 0.001432, 0.001556, 0.001373, 0.001409, 0.001380, 0.001383, 0.001353, 0.001327, 0.001267, 0.001419, 0.001359, 0.001265, 0.001205, 0.001348, 0.001050, 0.001078, 0.002004, 0.001804, 0.001986, 0.002069, 0.001989, 0.001919, 0.001970, 0.002245, 0.002095, 0.002253, 0.001961, 0.002026, 0.001974, 0.001920, 0.001969, 0.001896, 0.002096, 0.001990, 0.002041, 0.001820, 0.001962, 0.002001, 0.002096, 0.000620, 0.001538, 0.001555, 0.001578, 0.001553, 0.001486, 0.001490, 0.001492, 0.001523, 0.001339, 0.001462, 0.001344, 0.001375, 0.001347, 0.001318, 0.001288, 0.001447, 0.001202, 0.001449
3 , 1, 1, 1, 1, 1, 1, 1
3 , 0.018981, 0.021231, 0.023211, 0.025166, 0.027148, 0.026165, 0.025209
4 , 0.002004, 0.001804, 0.001986, 0.002069, 0.001989, 0.001919, 0.001970, 0.002245, 0.002095, 0.002253, 0.001961, 0.002026, 0.001974, 0.001920, 0.001969, 0.001896, 0.002096, 0.001990, 0.002041, 0.001820, 0.001962, 0.002001, 0.002096, 0.000620, 0.001538, 0.001555, 0.001578, 0.001553, 0.001486, 0.001490, 0.001492, 0.001523, 0.001339, 0.001462, 0.001344, 0.001375, 0.001347, 0.001318, 0.001288, 0.001447, 0.001202, 0.001449, 0.001417, 0.001366, 0.001267, 0.001309, 0.001233, 0.000564, 0.001912, 0.002020, 0.001992, 0.001951, 0.002170, 0.001996, 0.002272, 0.002060, 0.002393, 0.002279, 0.002286, 0.002121, 0.002185, 0.002347, 0.002161, 0.002278, 0.002134, 0.002370, 0.002256, 0.002194, 0.002053, 0.002138, 0.002235, 0.001735, 0.001213, 0.001803, 0.001510, 0.001389, 0.001534, 0.001406, 0.001410, 0.001315, 0.001528, 0.001342, 0.001466, 0.001280, 0.001552, 0.001338, 0.001525, 0.001369, 0.001490, 0.001302, 0.001457, 0.001300
4 , 1, 1, 1, 1, 1, 1, 1
4 , 0.019735, 0.022295, 0.025368, 0.028995, 0.032039, 0.028772, 0.027853
5 , 0.001992, 0.001951, 0.002170, 0.001996, 0.002272, 0.002060, 0.002393, 0.002279, 0.002286, 0.002121, 0.002185, 0.002347, 0.002161, 0.002278, 0.002134, 0.002370, 0.002256, 0.002194, 0.002053, 0.002138, 0.002235, 0.001735, 0.001213, 0.001803, 0.001510, 0.001389, 0.001534, 0.001406, 0.001410, 0.001315, 0.001528, 0.001342, 0.001466, 0.001280, 0.001552, 0.001338, 0.001525, 0.001369, 0.001490, 0.001302, 0.001457, 0.001300, 0.001485, 0.001304, 0.001577, 0.001277, 0.001662, 0.000414, 0.001446, 0.001818, 0.001795, 0.001721, 0.001658, 0.001979, 0.001940, 0.001951, 0.001600, 0.001973, 0.002116, 0.001953, 0.002071, 0.001947, 0.002227, 0.001963, 0.002072, 0.001973, 0.002216, 0.002247, 0.002195, 0.002339, 0.002242, 0.002521, 0.000339, 0.001311, 0.001250, 0.001339, 0.001116, 0.001273, 0.001175, 0.001261, 0.001285, 0.001470, 0.001253, 0.001382, 0.001222, 0.001345, 0.001128, 0.001286, 0.001187, 0.001282, 0.001211, 0.001428
5 , 1, 1, 1, 1, 1, 1, 1
5 , 0.022246, 0.025912, 0.029383, 0.030567, 0.033914, 0.032019, 0.030526
6 , 0.001795, 0.001721, 0.001658, 0.001979, 0.001940, 0.001951, 0.001600, 0.001973, 0.002116, 0.001953, 0.002071, 0.001947, 0.002227, 0.001963, 0.002072, 0.001973, 0.002216, 0.002247, 0.002195, 0.002339, 0.002242, 0.002521, 0.000339, 0.001311, 0.001250, 0.001339, 0.001116, 0.001273, 0.001175, 0.001261, 0.001285, 0.001470, 0.001253, 0.001382, 0.001222, 0.001345, 0.001128, 0.001286, 0.001187, 0.001282, 0.001211, 0.001428, 0.001300, 0.001335, 0.001327, 0.001003, 0.001425, 0.001922, 0.002058, 0.002053, 0.002184, 0.001972, 0.002117, 0.002356, 0.002320, 0.002360, 0.002131, 0.002397, 0.002275, 0.002360, 0.002147, 0.002285, 0.002400, 0.002298, 0.002314, 0.002052, 0.002341, 0.002301, 0.002159, 0.002251, 0.001096, 0.001103, 0.001564, 0.001459, 0.001467, 0.001344, 0.001381, 0.001135, 0.001255, 0.001128, 0.001251, 0.001309, 0.001280, 0.001120, 0.001273, 0.001243, 0.001333, 0.001177, 0.001330, 0.001150, 0.001305, 0.001216
6 , 1, 1, 1, 1, 1, 1, 1
6 , 0.028733, 0.033512, 0.037740, 0.039092, 0.035114, 0.033780, 0.032329
7 , 0.002053, 0.002184, 0.001972, 0.002117, 0.002356, 0.002320, 0.002360, 0.002131, 0.002397, 0.002275, 0.002360, 0.002147, 0.002285, 0.002400, 0.002298, 0.002314, 0.002052, 0.002341, 0.002301, 0.002159, 0.002251, 0.001096, 0.001103, 0.001564, 0.001459, 0.001467, 0.001344, 0.001381, 0.001135, 0.001255, 0.001128, 0.001251, 0.001309, 0.001280, 0.001120, 0.001273, 0.001243, 0.001333, 0.001177, 0.001330, 0.001150, 0.001305, 0.001216, 0.001223, 0.001246, 0.001105, 0.001363, 0.000319, 0.002017, 0.001803, 0.002131, 0.002076, 0.002130, 0.002031, 0.002076, 0.002314, 0.002156, 0.002299, 0.002068, 0.002217, 0.002193, 0.002163, 0.002044, 0.002017, 0.002215, 0.002014, 0.002214, 0.001938, 0.002090, 0.002192, 0.002217, 0.001708, 0.000836, 0.001539, 0.001566, 0.001512, 0.001358, 0.001303, 0.001363, 0.001364, 0.001309, 0.001218, 0.001187, 0.001188, 0.001309, 0.001244, 0.001246, 0.001184, 0.001090, 0.001211, 0.001297, 0.001147
7 , 1, 1, 1, 1, 1, 1, 1
7 , 0.030638, 0.034009, 0.037465, 0.038161, 0.039829, 0.037131, 0.036142
8 , 0.002131, 0.002076, 0.002130, 0.002031, 0.002076, 0.002314, 0.002156, 0.002299, 0.002068, 0.002217, 0.002193, 0.002163, 0.002044, 0.002017, 0.002215, 0.002014, 0.002214, 0.001938, 0.002090, 0.002192, 0.002217, 0.001708, 0.000836, 0.001539, 0.001566, 0.001512, 0.001358, 0.001303, 0.001363, 0.001364, 0.001309, 0.001218, 0.001187, 0.001188, 0.001309, 0.001244, 0.001246, 0.001184, 0.001090, 0.001211, 0.001297, 0.001147, 0.001266, 0.001280, 0.001409, 0.000211, 0.001786, 0.001978, 0.001858, 0.001926, 0.001996, 0.001911, 0.002108, 0.001905, 0.002157, 0.002014, 0.002032, 0.001996, 0.002187, 0.002224, 0.002154, 0.002287, 0.002111, 0.002227, 0.002150, 0.002126, 0.002010, 0.002099, 0.002183, 0.002210, 0.000004, 0.001564, 0.001376, 0.001435, 0.001490, 0.001491, 0.001430, 0.001302, 0.001457, 0.001394, 0.001487, 0.001364, 0.001454, 0.001334, 0.001426, 0.001246, 0.001495, 0.001283, 0.001444, 0.001258, 0.001417, 0.001140
8 , 1, 1, 1, 1, 1, 1, 1
8 , 0.027385, 0.031738, 0.036737, 0.033646, 0.030971, 0.029834, 0.028524
9 , 0.001858, 0.001926, 0.001996, 0.001911, 0.002108, 0.001905, 0.002157, 0.002014, 0.002032, 0.001996, 0.002187, 0.002224, 0.002154, 0.002287, 0.002111, 0.002227, 0.002150, 0.002126, 0.002010, 0.002099, 0.002183, 0.002210, 0.000004, 0.001564, 0.001376, 0.001435, 0.001490, 0.001491, 0.001430, 0.001302, 0.001457, 0.001394, 0.001487, 0.001364, 0.001454, 0.001334, 0.001426, 0.001246, 0.001495, 0.001283, 0.001444, 0.001258, 0.001417, 0.001140, 0.001388, 0.001177, 0.001329, 0.000893, 0.001170, 0.002073, 0.002101, 0.002015, 0.001930, 0.002152, 0.002018, 0.002140, 0.002032, 0.002296, 0.002293, 0.002356, 0.002209, 0.002256, 0.002451, 0.002232, 0.002275, 0.002077, 0.002373, 0.002386, 0.002132, 0.002098, 0.001978, 0.002388, 0.001198, 0.001484, 0.001504, 0.001581, 0.001396, 0.001484, 0.001298, 0.001543, 0.001326, 0.001511, 0.001240, 0.001335, 0.001271, 0.001428, 0.001277, 0.001556, 0.001373, 0.001467, 0.001347, 0.001355
9 , 1, 1, 1, 1, 1, 1, 1
9 , 0.022791, 0.026798, 0.029874, 0.032258, 0.032192, 0.032037, 0.030531
10 , 0.002073, 0.002101, 0.002015, 0.001930, 0.002152, 0.002018, 0.002140, 0.002032, 0.002296, 0.002293, 0.002356, 0.002209, 0.002256, 0.002451, 0.002232, 0.002275, 0.002077, 0.002373, 0.002386, 0.002132, 0.002098, 0.001978, 0.002388, 0.001198, 0.001484, 0.001504, 0.001581, 0.001396, 0.001484, 0.001298, 0.001543, 0.001326, 0.001511, 0.001240, 0.001335, 0.001271, 0.001428, 0.001277, 0.001556, 0.001373, 0.001467, 0.001347, 0.001355, 0.001204, 0.001414, 0.001086, 0.001471, 0.000390, 0.001615, 0.001914, 0.001807, 0.001920, 0.001777, 0.002023, 0.002054, 0.002142, 0.002020, 0.002069, 0.002278, 0.002168, 0.002287, 0.002119, 0.002338, 0.002213, 0.002156, 0.002104, 0.002104, 0.002211, 0.002044, 0.002230, 0.001989, 0.002166, 0.002156, 0.001999, 0.000873, 0.001519, 0.001448, 0.001393, 0.001449, 0.001202, 0.001386, 0.001232, 0.001264, 0.001286, 0.001417, 0.001138, 0.001384, 0.001193, 0.001440, 0.001289, 0.001442, 0.001288
10 , 1, 1, 1, 1, 1, 1, 1
10 , 0.020755, 0.023660, 0.027809, 0.030342, 0.035182, 0.035355, 0.035125
11 , 0.001920, 0.001777, 0.002023, 0.002054, 0.002142, 0.002020, 0.002069, 0.002278, 0.002168, 0.002287, 0.002119, 0.002338, 0.002213, 0.002156, 0.002104, 0.002104, 0.002211, 0.002044, 0.002230, 0.001989, 0.002166, 0.002156, 0.001999, 0.000873, 0.001519, 0.001448, 0.001393, 0.001449, 0.001202, 0.001386, 0.001232, 0.001264, 0.001286, 0.001417, 0.001138, 0.001384, 0.001193, 0.001440, 0.001289, 0.001442, 0.001288, 0.001415, 0.001204, 0.001354, 0.001228, 0.001233, 0.001118, 0.001365, 0.001241, 0.001364, 0.001244, 0.001280, 0.001156, 0.001220, 0.001039, 0.001159, 0.001277, 0.001309, 0.001273, 0.001238, 0.001265, 0.001323, 0.001228, 0.001195, 0.001379, 0.001195, 0.001318, 0.001380, 0.001440, 0.001255, 0.001380, 0.001287, 0.001413, 0.001196, 0.001289, 0.001257, 0.001470, 0.001376, 0.001405, 0.001098, 0.001340, 0.001185, 0.001401, 0.001219, 0.001317, 0.001164, 0.001378, 0.001283, 0.001440, 0.001318, 0.001444, 0.001198
11 , 2, 2, 2, 2, 2, 2, 2
11 , 0.016228, 0.017028, 0.018379, 0.019321, 0.020179, 0.018491, 0.018404
12 , 0.001244, 0.001280, 0.001156, 0.001220, 0.001039, 0.001159, 0.001277, 0.001309, 0.001273, 0.001238, 0.001265, 0.001323, 0.001228, 0.001195, 0.001379, 0.001195, 0.001318, 0.001380, 0.001440, 0.001255, 0.001380, 0.001287, 0.001413, 0.001196, 0.001289, 0.001257, 0.001470, 0.001376, 0.001405, 0.001098, 0.001340, 0.001185, 0.001401, 0.001219, 0.001317, 0.001164, 0.001378, 0.001283, 0.001440, 0.001318, 0.001444, 0.001198, 0.001354, 0.001168, 0.001291, 0.001260, 0.001330, 0.001178, 0.001333, 0.001239, 0.001243, 0.001149, 0.001248, 0.001223, 0.001193, 0.001074, 0.001138, 0.001142, 0.001237, 0.001148, 0.001063, 0.001189, 0.001186, 0.001160, 0.001151, 0.001183, 0.001089, 0.001210, 0.001051, 0.001204, 0.001134, 0.001287, 0.001094, 0.001309, 0.001214, 0.001280, 0.001124, 0.001307, 0.001090, 0.001363, 0.001173, 0.001473, 0.001341, 0.001495, 0.001278, 0.001466, 0.001369, 0.001434, 0.001373, 0.001466, 0.001341, 0.001434
12 , 0, 0, 0, 0, 0, 0, 0
12 , 0.002945, 0.003745, 0.003679, 0.004294, 0.003869, 0.004665, 0.004439
13 , 0.001149, 0.001248, 0.001223, 0.001193, 0.001074, 0.001138, 0.001142, 0.001237, 0.001148, 0.001063, 0.001189, 0.001186, 0.001160, 0.001151, 0.001183, 0.001089, 0.001210, 0.001051, 0.001204, 0.001134, 0.001287, 0.001094, 0.001309, 0.001214, 0.001280, 0.001124, 0.001307, 0.001090, 0.001363, 0.001173, 0.001473, 0.001341, 0.001495, 0.001278, 0.001466, 0.001369, 0.001434, 0.001373, 0.001466, 0.001341, 0.001434, 0.001374, 0.001432, 0.001338, 0.001337, 0.001340, 0.001435, 0.001374, 0.001376, 0.001316, 0.001317, 0.001410, 0.001377, 0.001377, 0.001318, 0.001383, 0.001232, 0.001233, 0.001141, 0.001359, 0.001144, 0.001331, 0.001267, 0.001360, 0.001235, 0.001357, 0.001286, 0.001467, 0.001341, 0.001249, 0.001247, 0.001461, 0.001428, 0.001402, 0.001247, 0.001372, 0.001310, 0.001464, 0.001281, 0.001436, 0.001251, 0.001526, 0.001461, 0.001461, 0.001277, 0.001399, 0.001428, 0.001336, 0.001426, 0.001485, 0.001456, 0.001457
13 , 0, 0, 0, 0, 0, 0, 0
13 , 0.004164, 0.004704, 0.005008, 0.005896, 0.005673, 0.005717, 0.005630
14 , 0.001316, 0.001317, 0.001410, 0.001377, 0.001377, 0.001318, 0.001383, 0.001232, 0.001233, 0.001141, 0.001359, 0.001144, 0.001331, 0.001267, 0.001360, 0.001235, 0.001357, 0.001286, 0.001467, 0.001341, 0.001249, 0.001247, 0.001461, 0.001428, 0.001402, 0.001247, 0.001372, 0.001310, 0.001464, 0.001281, 0.001436, 0.001251, 0.001526, 0.001461, 0.001461, 0.001277, 0.001399, 0.001428, 0.001336, 0.001426, 0.001485, 0.001456, 0.001457, 0.001421, 0.001330, 0.001421, 0.001298, 0.001485, 0.001422, 0.001426, 0.001394, 0.001489, 0.001305, 0.001340, 0.001372, 0.001436, 0.001317, 0.001475, 0.001169, 0.001355, 0.001289, 0.001289, 0.001350, 0.001412, 0.001254, 0.001469, 0.001283, 0.001373, 0.001405, 0.001527, 0.001403, 0.001471, 0.001322, 0.001293, 0.001203, 0.001297, 0.001268, 0.001275, 0.001284, 0.001228, 0.001105, 0.001194, 0.001258, 0.001166, 0.001251, 0.001065, 0.001369, 0.001145, 0.001296, 0.001200, 0.001290, 0.001284
14 , 3, 3, 3, 3, 3, 3, 3
14 , 0.003401, 0.003763, 0.004405, 0.004809, 0.004556, 0.004291, 0.003989
15 , 0.001426, 0.001394, 0.001489, 0.001305, 0.001340, 0.001372, 0.001436, 0.001317, 0.001475, 0.001169, 0.001355, 0.001289, 0.001289, 0.001350, 0.001412, 0.001254, 0.001469, 0.001283, 0.001373, 0.001405, 0.001527, 0.001403, 0.001471, 0.001322, 0.001293, 0.001203, 0.001297, 0.001268, 0.001275, 0.001284, 0.001228, 0.001105, 0.001194, 0.001258, 0.001166, 0.001251, 0.001065, 0.001369, 0.001145, 0.001296, 0.001200, 0.001290, 0.001284, 0.001589, 0.001371, 0.001493, 0.001398, 0.001550, 0.001425, 0.001395, 0.001422, 0.001482, 0.001508, 0.001511, 0.001416, 0.001634, 0.001481, 0.001513, 0.001360, 0.001514, 0.001393, 0.001454, 0.001395, 0.001518, 0.001398, 0.001338, 0.001433, 0.001251, 0.001315, 0.001284, 0.001383, 0.001324, 0.001388, 0.001299, 0.001480, 0.001265, 0.001331, 0.001236, 0.001388, 0.001234, 0.001299, 0.001145, 0.001391, 0.001177, 0.001331, 0.001266, 0.001330, 0.001176, 0.001362, 0.001179, 0.001334, 0.001178
15 , 1, 1, 1, 1, 1, 1, 1
15 , 0.005064, 0.005286, 0.005104, 0.005280, 0.005037, 0.004968, 0.004564
16 , 0.001550, 0.001425, 0.001395, 0.001422, 0.001482, 0.001508, 0.001511, 0.001416, 0.001634, 0.001481, 0.001513, 0.001360, 0.001514, 0.001393, 0.001454, 0.001395, 0.001518, 0.001398, 0.001338, 0.001433, 0.001251, 0.001315, 0.001284, 0.001383, 0.001324, 0.001388, 0.001299, 0.001480, 0.001265, 0.001331, 0.001236, 0.001388, 0.001234, 0.001299, 0.001145, 0.001391, 0.001177, 0.001331, 0.001266, 0.001330, 0.001176, 0.001362, 0.001179, 0.001334, 0.001178, 0.001307, 0.001244, 0.001308, 0.001159, 0.001313, 0.001274, 0.001245, 0.001183, 0.001275, 0.001242, 0.001301, 0.001360, 0.001233, 0.001383, 0.001347, 0.001439, 0.001222, 0.001317, 0.001500, 0.001495, 0.001343, 0.001556, 0.001341, 0.001409, 0.001439, 0.001473, 0.001256, 0.001349, 0.001381, 0.001477, 0.001292, 0.001479, 0.001208, 0.001276, 0.001248, 0.001378, 0.001199, 0.001382, 0.001348, 0.001266, 0.001111, 0.001235, 0.001146, 0.001270, 0.001048, 0.001050, 0.001271
16 , 2, 1, 1, 1, 1, 1, 1
16 , 0.003419, 0.004221, 0.004444, 0.004863, 0.004629, 0.005141, 0.005483
