0 , 0.001607, 0.001572, 0.001444, 0.001504, 0.001411, 0.001715, 0.001317, 0.001594, 0.001382, 0.001479, 0.001355, 0.001543, 0.001392, 0.001487, 0.001185, 0.001405, 0.001162, 0.001351, 0.001256, 0.001440, 0.001286, 0.001473, 0.001064, 0.000980, 0.001899, 0.001868, 0.001704, 0.001929, 0.001714, 0.001811, 0.001877, 0.001840, 0.001994, 0.001814, 0.001887, 0.001671, 0.001773, 0.001740, 0.001837, 0.001787, 0.001773, 0.001900, 0.001822, 0.001791, 0.001737, 0.001755, 0.002032, 0.001132, 0.001453, 0.001447, 0.001653, 0.001445, 0.001443, 0.001446, 0.001358, 0.001201, 0.001385, 0.001164, 0.001318, 0.001165, 0.001293, 0.001353, 0.001418, 0.001322, 0.001386, 0.001328, 0.001236, 0.001181, 0.001302, 0.001161, 0.001417, 0.000356, 0.001806, 0.001856, 0.002053, 0.001830, 0.001945, 0.002089, 0.002035, 0.002018, 0.001863, 0.002147, 0.001992, 0.001980, 0.001941, 0.002081, 0.002060, 0.001972, 0.002008, 0.001777, 0.002035, 0.001917
0 , 0, 0, 0, 0, 0, 0, 0
0 , 0.016843, 0.016647, 0.018668, 0.020391, 0.023416, 0.024208, 0.022945
1 , 0.001445, 0.001443, 0.001446, 0.001358, 0.001201, 0.001385, 0.001164, 0.001318, 0.001165, 0.001293, 0.001353, 0.001418, 0.001322, 0.001386, 0.001328, 0.001236, 0.001181, 0.001302, 0.001161, 0.001417, 0.000356, 0.001806, 0.001856, 0.002053, 0.001830, 0.001945, 0.002089, 0.002035, 0.002018, 0.001863, 0.002147, 0.001992, 0.001980, 0.001941, 0.002081, 0.002060, 0.001972, 0.002008, 0.001777, 0.002035, 0.001917, 0.001993, 0.001886, 0.001909, 0.001871, 0.000704, 0.001835, 0.001607, 0.001491, 0.001332, 0.001427, 0.001425, 0.001397, 0.001428, 0.001461, 0.001375, 0.001404, 0.001284, 0.001287, 0.001314, 0.001254, 0.001315, 0.001256, 0.001348, 0.001319, 0.001323, 0.001236, 0.001355, 0.001244, 0.001410, 0.000652, 0.001597, 0.001877, 0.001991, 0.001897, 0.001974, 0.001890, 0.002091, 0.002081, 0.002098, 0.001906, 0.001925, 0.001886, 0.001913, 0.002060, 0.001905, 0.001887, 0.001868, 0.001917, 0.001817, 0.001950, 0.002057
1 , 0, 0, 0, 0, 0, 0, 0
1 , 0.022528, 0.024219, 0.025491, 0.027954, 0.027651, 0.025939, 0.024213
2 , 0.001332, 0.001427, 0.001425, 0.001397, 0.001428, 0.001461, 0.001375, 0.001404, 0.001284, 0.001287, 0.001314, 0.001254, 0.001315, 0.001256, 0.001348, 0.001319, 0.001323, 0.001236, 0.001355, 0.001244, 0.001410, 0.000652, 0.001597, 0.001877, 0.001991, 0.001897, 0.001974, 0.001890, 0.002091, 0.002081, 0.002098, 0.001906, 0.001925, 0.001886, 0.001913, 0.002060, 0.001905, 0.001887, 0.001868, 0.001917, 0.001817, 0.001950, 0.002057, 0.001944, 0.001723, 0.001806, 0.000472, 0.001579, 0.001555, 0.001613, 0.001468, 0.001376, 0.001342, 0.001466, 0.001372, 0.001379, 0.001352, 0.001297, 0.001210, 0.001276, 0.001307, 0.001280, 0.001219, 0.001281, 0.001215, 0.001250, 0.001280, 0.001341, 0.001096, 0.001304, 0.000756, 0.001888, 0.001654, 0.001934, 0.001792, 0.001856, 0.001809, 0.001920, 0.001997, 0.001933, 0.002078, 0.001869, 0.001928, 0.001895, 0.001822, 0.001804, 0.001941, 0.001934, 0.001885, 0.001882, 0.001748, 0.002027
2 , 0, 0, 0, 0, 0, 0, 0
2 , 0.020000, 0.022481, 0.024022, 0.025668, 0.025221, 0.024838, 0.023643
3 , 0.001613, 0.001468, 0.001376, 0.001342, 0.001466, 0.001372, 0.001379, 0.001352, 0.001297, 0.001210, 0.001276, 0.001307, 0.001280, 0.001219, 0.001281, 0.001215, 0.001250, 0.001280, 0.001341, 0.001096, 0.001304, 0.000756, 0.001888, 0.001654, 0.001934, 0.001792, 0.001856, 0.001809, 0.001920, 0.001997, 0.001933, 0.002078, 0.001869, 0.001928, 0.001895, 0.001822, 0.001804, 0.001941, 0.001934, 0.001885, 0.001882, 0.001748, 0.002027, 0.002032, 0.002143, 0.002005, 0.002194, 0.001556, 0.001050, 0.001523, 0.001475, 0.001359, 0.001294, 0.001174, 0.001357, 0.001386, 0.001296, 0.001174, 0.001197, 0.001164, 0.001314, 0.001314, 0.001287, 0.001219, 0.001252, 0.001247, 0.001421, 0.001328, 0.001387, 0.001322, 0.001561, 0.001225, 0.001695, 0.000076, 0.001657, 0.001683, 0.001819, 0.001713, 0.001825, 0.001783, 0.002078, 0.002014, 0.002142, 0.001853, 0.001969, 0.001966, 0.001959, 0.001896, 0.001804, 0.002123, 0.001982, 0.001955
3 , 0, 0, 0, 0, 0, 0, 0
3 , 0.017549, 0.019464, 0.021784, 0.025049, 0.025492, 0.024469, 0.026986
4 , 0.001294, 0.001174, 0.001357, 0.001386, 0.001296, 0.001174, 0.001197, 0.001164, 0.001314, 0.001314, 0.001287, 0.001219, 0.001252, 0.001247, 0.001421, 0.001328, 0.001387, 0.001322, 0.001561, 0.001225, 0.001695, 0.000076, 0.001657, 0.001683, 0.001819, 0.001713, 0.001825, 0.001783, 0.002078, 0.002014, 0.002142, 0.001853, 0.001969, 0.001966, 0.001959, 0.001896, 0.001804, 0.002123, 0.001982, 0.001955, 0.001943, 0.002107, 0.002115, 0.002062, 0.002157, 0.001912, 0.000328, 0.001597, 0.001465, 0.001468, 0.001247, 0.001369, 0.001306, 0.001423, 0.001299, 0.001421, 0.001388, 0.001514, 0.001270, 0.001400, 0.001213, 0.001399, 0.001273, 0.001455, 0.001299, 0.001358, 0.001315, 0.001443, 0.001423, 0.000990, 0.001225, 0.001723, 0.001610, 0.001801, 0.001704, 0.001882, 0.001719, 0.001885, 0.001813, 0.001722, 0.001877, 0.001743, 0.001934, 0.001840, 0.002031, 0.001789, 0.001868, 0.001865, 0.001744, 0.001993, 0.001865, 0.002154
4 , 0, 0, 0, 0, 0, 0, 0
4 , 0.019263, 0.021797, 0.023591, 0.025160, 0.024794, 0.024490, 0.021975
5 , 0.001468, 0.001247, 0.001369, 0.001306, 0.001423, 0.001299, 0.001421, 0.001388, 0.001514, 0.001270, 0.001400, 0.001213, 0.001399, 0.001273, 0.001455, 0.001299, 0.001358, 0.001315, 0.001443, 0.001423, 0.000990, 0.001225, 0.001723, 0.001610, 0.001801, 0.001704, 0.001882, 0.001719, 0.001885, 0.001813, 0.001722, 0.001877, 0.001743, 0.001934, 0.001840, 0.002031, 0.001789, 0.001868, 0.001865, 0.001744, 0.001993, 0.001865, 0.002154, 0.001906, 0.002179, 0.000433, 0.001174, 0.001443, 0.001439, 0.001443, 0.001229, 0.001420, 0.001293, 0.001390, 0.001086, 0.001271, 0.000995, 0.001211, 0.000989, 0.001235, 0.001139, 0.001354, 0.001162, 0.001348, 0.001222, 0.001312, 0.001097, 0.001316, 0.001250, 0.001252, 0.001070, 0.000865, 0.002076, 0.001893, 0.001773, 0.001987, 0.001968, 0.002018, 0.001799, 0.002121, 0.002145, 0.002027, 0.002006, 0.001973, 0.002128, 0.002048, 0.002187, 0.002036, 0.002319, 0.002204, 0.002187, 0.002325
5 , 0, 0, 0, 0, 0, 0, 0
5 , 0.023618, 0.025162, 0.025328, 0.026877, 0.028169, 0.027229, 0.026650
6 , 0.001229, 0.001420, 0.001293, 0.001390, 0.001086, 0.001271, 0.000995, 0.001211, 0.000989, 0.001235, 0.001139, 0.001354, 0.001162, 0.001348, 0.001222, 0.001312, 0.001097, 0.001316, 0.001250, 0.001252, 0.001070, 0.000865, 0.002076, 0.001893, 0.001773, 0.001987, 0.001968, 0.002018, 0.001799, 0.002121, 0.002145, 0.002027, 0.002006, 0.001973, 0.002128, 0.002048, 0.002187, 0.002036, 0.002319, 0.002204, 0.002187, 0.002325, 0.002113, 0.002309, 0.002554, 0.001753, 0.000793, 0.000962, 0.001108, 0.000971, 0.000873, 0.000605, 0.000792, 0.000776, 0.000859, 0.000852, 0.000880, 0.000890, 0.000920, 0.000974, 0.001053, 0.001079, 0.001128, 0.001125, 0.001060, 0.001083, 0.001127, 0.001206, 0.001329, 0.000286, 0.001875, 0.001921, 0.002096, 0.001884, 0.002041, 0.001828, 0.001931, 0.001829, 0.001950, 0.002120, 0.001871, 0.001911, 0.001847, 0.002020, 0.001956, 0.001995, 0.001837, 0.001920, 0.001980, 0.001896, 0.001996, 0.001780
6 , 0, 0, 0, 0, 0, 0, 0
6 , 0.034191, 0.037478, 0.041707, 0.041036, 0.038118, 0.035710, 0.032201
7 , 0.001108, 0.000971, 0.000873, 0.000605, 0.000792, 0.000776, 0.000859, 0.000852, 0.000880, 0.000890, 0.000920, 0.000974, 0.001053, 0.001079, 0.001128, 0.001125, 0.001060, 0.001083, 0.001127, 0.001206, 0.001329, 0.000286, 0.001875, 0.001921, 0.002096, 0.001884, 0.002041, 0.001828, 0.001931, 0.001829, 0.001950, 0.002120, 0.001871, 0.001911, 0.001847, 0.002020, 0.001956, 0.001995, 0.001837, 0.001920, 0.001980, 0.001896, 0.001996, 0.001780, 0.001923, 0.001934, 0.000570, 0.001707, 0.001420, 0.001396, 0.001302, 0.001330, 0.001205, 0.001171, 0.001385, 0.001263, 0.001389, 0.001205, 0.001177, 0.001175, 0.001268, 0.001389, 0.001423, 0.001207, 0.001360, 0.001234, 0.001391, 0.001208, 0.001328, 0.001123, 0.001446, 0.000827, 0.001332, 0.001909, 0.001797, 0.001776, 0.001743, 0.001980, 0.001817, 0.001963, 0.001844, 0.001762, 0.002031, 0.001816, 0.001852, 0.001655, 0.001936, 0.001894, 0.001916, 0.001858, 0.001816, 0.002053
7 , 0, 0, 0, 0, 0, 0, 0
7 , 0.027361, 0.029751, 0.031325, 0.032015, 0.033004, 0.032274, 0.029654
8 , 0.001302, 0.001330, 0.001205, 0.001171, 0.001385, 0.001263, 0.001389, 0.001205, 0.001177, 0.001175, 0.001268, 0.001389, 0.001423, 0.001207, 0.001360, 0.001234, 0.001391, 0.001208, 0.001328, 0.001123, 0.001446, 0.000827, 0.001332, 0.001909, 0.001797, 0.001776, 0.001743, 0.001980, 0.001817, 0.001963, 0.001844, 0.001762, 0.002031, 0.001816, 0.001852, 0.001655, 0.001936, 0.001894, 0.001916, 0.001858, 0.001816, 0.002053, 0.001871, 0.001966, 0.001725, 0.002166, 0.000750, 0.001410, 0.001432, 0.001371, 0.001314, 0.001348, 0.001138, 0.001235, 0.001082, 0.001207, 0.001026, 0.001158, 0.000918, 0.001112, 0.000991, 0.001058, 0.000905, 0.001072, 0.000919, 0.001103, 0.000941, 0.001205, 0.000957, 0.001169, 0.001072, 0.002031, 0.002059, 0.002119, 0.002059, 0.002123, 0.002016, 0.002194, 0.002005, 0.002137, 0.002009, 0.002167, 0.002065, 0.001971, 0.002052, 0.002012, 0.002227, 0.002061, 0.002209, 0.001950, 0.001989, 0.002101
8 , 0, 0, 0, 0, 0, 0, 0
8 , 0.027182, 0.030130, 0.032639, 0.033838, 0.033198, 0.031449, 0.028980
9 , 0.001371, 0.001314, 0.001348, 0.001138, 0.001235, 0.001082, 0.001207, 0.001026, 0.001158, 0.000918, 0.001112, 0.000991, 0.001058, 0.000905, 0.001072, 0.000919, 0.001103, 0.000941, 0.001205, 0.000957, 0.001169, 0.001072, 0.002031, 0.002059, 0.002119, 0.002059, 0.002123, 0.002016, 0.002194, 0.002005, 0.002137, 0.002009, 0.002167, 0.002065, 0.001971, 0.002052, 0.002012, 0.002227, 0.002061, 0.002209, 0.001950, 0.001989, 0.002101, 0.001965, 0.001995, 0.001417, 0.000904, 0.001681, 0.001420, 0.001524, 0.001270, 0.001336, 0.001145, 0.001418, 0.001412, 0.001413, 0.001165, 0.001473, 0.001223, 0.001228, 0.001197, 0.001290, 0.001233, 0.001357, 0.001201, 0.001330, 0.001293, 0.001242, 0.001085, 0.001256, 0.001224, 0.000070, 0.001840, 0.001765, 0.001938, 0.002065, 0.001971, 0.001970, 0.001866, 0.002107, 0.001968, 0.002110, 0.001936, 0.002037, 0.002094, 0.002008, 0.002204, 0.002039, 0.002204, 0.002127, 0.002167, 0.002110
9 , 0, 0, 0, 0, 0, 0, 0
9 , 0.029616, 0.032399, 0.033960, 0.034716, 0.037375, 0.035863, 0.034552
10 , 0.001270, 0.001336, 0.001145, 0.001418, 0.001412, 0.001413, 0.001165, 0.001473, 0.001223, 0.001228, 0.001197, 0.001290, 0.001233, 0.001357, 0.001201, 0.001330, 0.001293, 0.001242, 0.001085, 0.001256, 0.001224, 0.000070, 0.001840, 0.001765, 0.001938, 0.002065, 0.001971, 0.001970, 0.001866, 0.002107, 0.001968, 0.002110, 0.001936, 0.002037, 0.002094, 0.002008, 0.002204, 0.002039, 0.002204, 0.002127, 0.002167, 0.002110, 0.002127, 0.002133, 0.002061, 0.002075, 0.000202, 0.001366, 0.001391, 0.001303, 0.001326, 0.001107, 0.001197, 0.001075, 0.001318, 0.001252, 0.001407, 0.001226, 0.001257, 0.001218, 0.001069, 0.001154, 0.001273, 0.001237, 0.001235, 0.001231, 0.001376, 0.001343, 0.001481, 0.000918, 0.001094, 0.001681, 0.001547, 0.001580, 0.001757, 0.001616, 0.001809, 0.001555, 0.001717, 0.001651, 0.001677, 0.001436, 0.001581, 0.001743, 0.001606, 0.001800, 0.001693, 0.001759, 0.001818, 0.001793, 0.001679, 0.001837
10 , 0, 0, 0, 0, 0, 0, 0
10 , 0.021222, 0.023344, 0.026308, 0.027746, 0.026716, 0.026167, 0.024868
11 , 0.001303, 0.001326, 0.001107, 0.001197, 0.001075, 0.001318, 0.001252, 0.001407, 0.001226, 0.001257, 0.001218, 0.001069, 0.001154, 0.001273, 0.001237, 0.001235, 0.001231, 0.001376, 0.001343, 0.001481, 0.000918, 0.001094, 0.001681, 0.001547, 0.001580, 0.001757, 0.001616, 0.001809, 0.001555, 0.001717, 0.001651, 0.001677, 0.001436, 0.001581, 0.001743, 0.001606, 0.001800, 0.001693, 0.001759, 0.001818, 0.001793, 0.001679, 0.001837, 0.002011, 0.001957, 0.001987, 0.002053, 0.000976, 0.001384, 0.001473, 0.001381, 0.001299, 0.001386, 0.001395, 0.001125, 0.001190, 0.001199, 0.001265, 0.001227, 0.001140, 0.001111, 0.001103, 0.001280, 0.001212, 0.001210, 0.001174, 0.001228, 0.001258, 0.001252, 0.001308, 0.001368, 0.001273, 0.001395, 0.001270, 0.001388, 0.001322, 0.001385, 0.001379, 0.001533, 0.001252, 0.001382, 0.001319, 0.001471, 0.001256, 0.001467, 0.001285, 0.001534, 0.001350, 0.001417, 0.001348, 0.001440, 0.001286
11 , 0, 0, 0, 0, 0, 0, 0
11 , 0.010867, 0.010864, 0.013192, 0.015053, 0.013809, 0.013339, 0.013136
12 , 0.001473, 0.001381, 0.001299, 0.001386, 0.001395, 0.001125, 0.001190, 0.001199, 0.001265, 0.001227, 0.001140, 0.001111, 0.001103, 0.001280, 0.001212, 0.001210, 0.001174, 0.001228, 0.001258, 0.001252, 0.001308, 0.001368, 0.001273, 0.001395, 0.001270, 0.001388, 0.001322, 0.001385, 0.001379, 0.001533, 0.001252, 0.001382, 0.001319, 0.001471, 0.001256, 0.001467, 0.001285, 0.001534, 0.001350, 0.001417, 0.001348, 0.001440, 0.001286, 0.001412, 0.001318, 0.001442, 0.001318, 0.001450, 0.001323, 0.001297, 0.001357, 0.001420, 0.001297, 0.001390, 0.001454, 0.001392, 0.001366, 0.001301, 0.001331, 0.001365, 0.001459, 0.001338, 0.001304, 0.001278, 0.001374, 0.001255, 0.001379, 0.001195, 0.001315, 0.001250, 0.001314, 0.001158, 0.001376, 0.001309, 0.001369, 0.001122, 0.001337, 0.001241, 0.001458, 0.001176, 0.001301, 0.001330, 0.001359, 0.001199, 0.001355, 0.001321, 0.001505, 0.001228, 0.001471, 0.001285, 0.001499, 0.001284
12 , 3, 3, 3, 3, 0, 0, 0
12 , 0.002949, 0.003843, 0.003204, 0.003197, 0.003116, 0.003010, 0.003124
13 , 0.001450, 0.001323, 0.001297, 0.001357, 0.001420, 0.001297, 0.001390, 0.001454, 0.001392, 0.001366, 0.001301, 0.001331, 0.001365, 0.001459, 0.001338, 0.001304, 0.001278, 0.001374, 0.001255, 0.001379, 0.001195, 0.001315, 0.001250, 0.001314, 0.001158, 0.001376, 0.001309, 0.001369, 0.001122, 0.001337, 0.001241, 0.001458, 0.001176, 0.001301, 0.001330, 0.001359, 0.001199, 0.001355, 0.001321, 0.001505, 0.001228, 0.001471, 0.001285, 0.001499, 0.001284, 0.001470, 0.001408, 0.001377, 0.001403, 0.001436, 0.001340, 0.001397, 0.001427, 0.001489, 0.001396, 0.001426, 0.001365, 0.001452, 0.001544, 0.001392, 0.001514, 0.001273, 0.001584, 0.001398, 0.001493, 0.001461, 0.001436, 0.001229, 0.001447, 0.001262, 0.001395, 0.001186, 0.001253, 0.001160, 0.001288, 0.001101, 0.001256, 0.001251, 0.001440, 0.001253, 0.001313, 0.001187, 0.001278, 0.001273, 0.001363, 0.001302, 0.001393, 0.001300, 0.001453, 0.001391, 0.001388, 0.001323
13 , 1, 1, 1, 1, 1, 1, 3
13 , 0.003822, 0.004198, 0.003342, 0.003304, 0.002589, 0.002208, 0.001795
14 , 0.001377, 0.001403, 0.001436, 0.001340, 0.001397, 0.001427, 0.001489, 0.001396, 0.001426, 0.001365, 0.001452, 0.001544, 0.001392, 0.001514, 0.001273, 0.001584, 0.001398, 0.001493, 0.001461, 0.001436, 0.001229, 0.001447, 0.001262, 0.001395, 0.001186, 0.001253, 0.001160, 0.001288, 0.001101, 0.001256, 0.001251, 0.001440, 0.001253, 0.001313, 0.001187, 0.001278, 0.001273, 0.001363, 0.001302, 0.001393, 0.001300, 0.001453, 0.001391, 0.001388, 0.001323, 0.001381, 0.001384, 0.001445, 0.001474, 0.001412, 0.001505, 0.001468, 0.001499, 0.001375, 0.001407, 0.001375, 0.001376, 0.001375, 0.001530, 0.001405, 0.001469, 0.001255, 0.001407, 0.001190, 0.001469, 0.001164, 0.001412, 0.001290, 0.001356, 0.001234, 0.001423, 0.001239, 0.001306, 0.001245, 0.001371, 0.001096, 0.001251, 0.001336, 0.001334, 0.001297, 0.001267, 0.001264, 0.001409, 0.001440, 0.001318, 0.001530, 0.001466, 0.001403, 0.001372, 0.001401, 0.001248, 0.001465
14 , 1, 1, 1, 1, 1, 1, 1
14 , 0.004166, 0.004418, 0.003864, 0.003964, 0.003293, 0.002748, 0.001999
15 , 0.001445, 0.001474, 0.001412, 0.001505, 0.001468, 0.001499, 0.001375, 0.001407, 0.001375, 0.001376, 0.001375, 0.001530, 0.001405, 0.001469, 0.001255, 0.001407, 0.001190, 0.001469, 0.001164, 0.001412, 0.001290, 0.001356, 0.001234, 0.001423, 0.001239, 0.001306, 0.001245, 0.001371, 0.001096, 0.001251, 0.001336, 0.001334, 0.001297, 0.001267, 0.001264, 0.001409, 0.001440, 0.001318, 0.001530, 0.001466, 0.001403, 0.001372, 0.001401, 0.001248, 0.001465, 0.001406, 0.001595, 0.001351, 0.001446, 0.001199, 0.001474, 0.001355, 0.001478, 0.001267, 0.001331, 0.001178, 0.001342, 0.001277, 0.001281, 0.001131, 0.001257, 0.001219, 0.001341, 0.001249, 0.001281, 0.001247, 0.001369, 0.001273, 0.001244, 0.001243, 0.001302, 0.001424, 0.001269, 0.001321, 0.001356, 0.001418, 0.001410, 0.001469, 0.001464, 0.001463, 0.001335, 0.001549, 0.001487, 0.001580, 0.001486, 0.001606, 0.001480, 0.001571, 0.001449, 0.001608, 0.001391, 0.001609
15 , 2, 2, 2, 2, 2, 2, 2
15 , 0.003733, 0.004355, 0.004461, 0.004793, 0.004241, 0.004596, 0.004452
16 , 0.001199, 0.001474, 0.001355, 0.001478, 0.001267, 0.001331, 0.001178, 0.001342, 0.001277, 0.001281, 0.001131, 0.001257, 0.001219, 0.001341, 0.001249, 0.001281, 0.001247, 0.001369, 0.001273, 0.001244, 0.001243, 0.001302, 0.001424, 0.001269, 0.001321, 0.001356, 0.001418, 0.001410, 0.001469, 0.001464, 0.001463, 0.001335, 0.001549, 0.001487, 0.001580, 0.001486, 0.001606, 0.001480, 0.001571, 0.001449, 0.001608, 0.001391, 0.001609, 0.001273, 0.001521, 0.001431, 0.001461, 0.001278, 0.001373, 0.001403, 0.001373, 0.001342, 0.001440, 0.001292, 0.001389, 0.001328, 0.001451, 0.001303, 0.001397, 0.001366, 0.001374, 0.001497, 0.001284, 0.001408, 0.001254, 0.001323, 0.001171, 0.001298, 0.001207, 0.001362, 0.001177, 0.001249, 0.001189, 0.001227, 0.001072, 0.001169, 0.001164, 0.001289, 0.001166, 0.001145, 0.000955, 0.001262, 0.001134, 0.001258, 0.001095, 0.001303, 0.001236, 0.001387, 0.001285, 0.001343, 0.001372, 0.001466
16 , 3, 3, 3, 3, 3, 3, 3
16 , 0.006278, 0.006456, 0.006674, 0.006404, 0.005946, 0.005927, 0.005819
