0 , 0.001590, 0.001492, 0.001339, 0.001375, 0.001438, 0.001501, 0.001476, 0.001408, 0.001501, 0.001437, 0.001503, 0.001467, 0.001456, 0.001427, 0.001698, 0.001540, 0.001625, 0.001589, 0.001676, 0.001485, 0.001647, 0.001662, 0.000067, 0.001256, 0.001275, 0.001206, 0.001421, 0.001673, 0.001536, 0.001600, 0.001375, 0.001641, 0.001500, 0.001558, 0.001513, 0.001650, 0.001829, 0.001692, 0.001762, 0.001552, 0.001846, 0.001814, 0.001803, 0.001717, 0.001635, 0.001913, 0.001524, 0.001312, 0.001760, 0.001646, 0.001598, 0.001567, 0.001389, 0.001581, 0.001363, 0.001492, 0.001340, 0.001473, 0.001320, 0.001510, 0.001325, 0.001271, 0.001148, 0.001402, 0.001281, 0.001502, 0.001254, 0.001397, 0.001105, 0.001441, 0.000282, 0.001487, 0.001766, 0.001865, 0.001848, 0.001714, 0.001996, 0.001757, 0.001915, 0.001771, 0.001903, 0.001727, 0.001899, 0.001727, 0.001555, 0.001787, 0.001601, 0.001675, 0.001628, 0.001766, 0.001761, 0.001648
0 , 2, 0, 0, 0, 0, 0, 0
0 , 0.004192, 0.005512, 0.006547, 0.009062, 0.011796, 0.012251, 0.012497
1 , 0.001389, 0.001581, 0.001363, 0.001492, 0.001340, 0.001473, 0.001320, 0.001510, 0.001325, 0.001271, 0.001148, 0.001402, 0.001281, 0.001502, 0.001254, 0.001397, 0.001105, 0.001441, 0.000282, 0.001487, 0.001766, 0.001865, 0.001848, 0.001714, 0.001996, 0.001757, 0.001915, 0.001771, 0.001903, 0.001727, 0.001899, 0.001727, 0.001555, 0.001787, 0.001601, 0.001675, 0.001628, 0.001766, 0.001761, 0.001648, 0.001627, 0.001488, 0.001895, 0.000239, 0.001973, 0.001796, 0.001770, 0.001611, 0.001645, 0.001364, 0.001524, 0.001460, 0.001524, 0.001490, 0.001441, 0.001381, 0.001539, 0.001359, 0.001516, 0.001456, 0.001520, 0.001459, 0.001490, 0.001269, 0.001360, 0.001477, 0.001391, 0.001409, 0.001194, 0.001231, 0.001702, 0.001663, 0.001646, 0.001747, 0.001568, 0.001949, 0.001942, 0.001902, 0.001781, 0.001781, 0.001936, 0.001768, 0.001741, 0.001690, 0.002125, 0.001849, 0.001926, 0.001973, 0.001859, 0.001993, 0.001872, 0.001866
1 , 0, 0, 0, 0, 0, 0, 0
1 , 0.013105, 0.015331, 0.016399, 0.016238, 0.015624, 0.014963, 0.012761
2 , 0.001645, 0.001364, 0.001524, 0.001460, 0.001524, 0.001490, 0.001441, 0.001381, 0.001539, 0.001359, 0.001516, 0.001456, 0.001520, 0.001459, 0.001490, 0.001269, 0.001360, 0.001477, 0.001391, 0.001409, 0.001194, 0.001231, 0.001702, 0.001663, 0.001646, 0.001747, 0.001568, 0.001949, 0.001942, 0.001902, 0.001781, 0.001781, 0.001936, 0.001768, 0.001741, 0.001690, 0.002125, 0.001849, 0.001926, 0.001973, 0.001859, 0.001993, 0.001872, 0.001866, 0.001798, 0.001188, 0.001192, 0.001597, 0.001474, 0.001457, 0.001361, 0.001367, 0.001134, 0.001291, 0.001194, 0.001307, 0.001274, 0.001425, 0.001212, 0.001363, 0.001352, 0.001292, 0.001323, 0.001385, 0.001438, 0.001469, 0.001399, 0.001283, 0.001502, 0.000194, 0.001796, 0.001585, 0.001948, 0.001726, 0.001804, 0.001656, 0.001768, 0.001835, 0.001721, 0.001758, 0.001697, 0.001939, 0.001724, 0.001828, 0.001629, 0.001585, 0.001750, 0.001730, 0.001741, 0.001640, 0.001886, 0.001855
2 , 0, 0, 0, 0, 0, 0, 0
2 , 0.013612, 0.014822, 0.018077, 0.017874, 0.018038, 0.016869, 0.016212
3 , 0.001474, 0.001457, 0.001361, 0.001367, 0.001134, 0.001291, 0.001194, 0.001307, 0.001274, 0.001425, 0.001212, 0.001363, 0.001352, 0.001292, 0.001323, 0.001385, 0.001438, 0.001469, 0.001399, 0.001283, 0.001502, 0.000194, 0.001796, 0.001585, 0.001948, 0.001726, 0.001804, 0.001656, 0.001768, 0.001835, 0.001721, 0.001758, 0.001697, 0.001939, 0.001724, 0.001828, 0.001629, 0.001585, 0.001750, 0.001730, 0.001741, 0.001640, 0.001886, 0.001855, 0.001899, 0.001740, 0.001649, 0.001666, 0.000935, 0.001932, 0.001705, 0.001598, 0.001505, 0.001603, 0.001507, 0.001538, 0.001352, 0.001442, 0.001471, 0.001440, 0.001564, 0.001594, 0.001405, 0.001437, 0.001528, 0.001470, 0.001528, 0.001530, 0.001593, 0.001382, 0.001716, 0.001427, 0.001587, 0.000502, 0.001475, 0.001484, 0.001803, 0.001707, 0.001862, 0.001545, 0.001882, 0.001862, 0.001838, 0.001710, 0.001747, 0.001983, 0.001875, 0.001996, 0.001719, 0.001959, 0.001915, 0.001965
3 , 0, 0, 0, 0, 0, 0, 0
3 , 0.009741, 0.010934, 0.011754, 0.014794, 0.015114, 0.014043, 0.016268
4 , 0.001505, 0.001603, 0.001507, 0.001538, 0.001352, 0.001442, 0.001471, 0.001440, 0.001564, 0.001594, 0.001405, 0.001437, 0.001528, 0.001470, 0.001528, 0.001530, 0.001593, 0.001382, 0.001716, 0.001427, 0.001587, 0.000502, 0.001475, 0.001484, 0.001803, 0.001707, 0.001862, 0.001545, 0.001882, 0.001862, 0.001838, 0.001710, 0.001747, 0.001983, 0.001875, 0.001996, 0.001719, 0.001959, 0.001915, 0.001965, 0.001958, 0.001946, 0.001899, 0.001859, 0.001746, 0.001870, 0.000224, 0.001637, 0.001611, 0.001701, 0.001522, 0.001457, 0.001335, 0.001333, 0.001423, 0.001459, 0.001479, 0.001481, 0.001481, 0.001450, 0.001512, 0.001512, 0.001365, 0.001462, 0.001338, 0.001434, 0.001306, 0.001492, 0.001422, 0.001256, 0.000871, 0.001663, 0.001399, 0.001757, 0.001605, 0.001791, 0.001771, 0.001804, 0.001768, 0.001737, 0.001859, 0.001562, 0.001751, 0.001791, 0.001774, 0.001501, 0.001624, 0.001774, 0.001722, 0.001638, 0.001434, 0.001631
4 , 0, 0, 0, 0, 0, 0, 0
4 , 0.009234, 0.010599, 0.011793, 0.012724, 0.012772, 0.013512, 0.011718
5 , 0.001457, 0.001335, 0.001333, 0.001423, 0.001459, 0.001479, 0.001481, 0.001481, 0.001450, 0.001512, 0.001512, 0.001365, 0.001462, 0.001338, 0.001434, 0.001306, 0.001492, 0.001422, 0.001256, 0.000871, 0.001663, 0.001399, 0.001757, 0.001605, 0.001791, 0.001771, 0.001804, 0.001768, 0.001737, 0.001859, 0.001562, 0.001751, 0.001791, 0.001774, 0.001501, 0.001624, 0.001774, 0.001722, 0.001638, 0.001434, 0.001631, 0.001546, 0.001680, 0.000417, 0.001546, 0.001994, 0.002077, 0.002023, 0.001805, 0.001775, 0.001686, 0.001784, 0.001574, 0.001679, 0.001561, 0.001751, 0.001484, 0.001676, 0.001469, 0.001599, 0.001507, 0.001612, 0.001462, 0.001538, 0.001436, 0.001535, 0.001437, 0.001422, 0.001301, 0.000205, 0.001786, 0.001736, 0.001557, 0.001868, 0.001682, 0.001908, 0.001669, 0.001717, 0.001902, 0.001754, 0.001875, 0.001653, 0.001795, 0.001784, 0.001838, 0.001669, 0.001851, 0.002030, 0.001978, 0.001942, 0.001743, 0.001933
5 , 0, 0, 0, 0, 0, 0, 0
5 , 0.004160, 0.006462, 0.010160, 0.011400, 0.011804, 0.012031, 0.010694
6 , 0.001784, 0.001574, 0.001679, 0.001561, 0.001751, 0.001484, 0.001676, 0.001469, 0.001599, 0.001507, 0.001612, 0.001462, 0.001538, 0.001436, 0.001535, 0.001437, 0.001422, 0.001301, 0.000205, 0.001786, 0.001736, 0.001557, 0.001868, 0.001682, 0.001908, 0.001669, 0.001717, 0.001902, 0.001754, 0.001875, 0.001653, 0.001795, 0.001784, 0.001838, 0.001669, 0.001851, 0.002030, 0.001978, 0.001942, 0.001743, 0.001933, 0.001886, 0.001606, 0.001097, 0.001662, 0.001764, 0.001704, 0.001638, 0.001575, 0.001545, 0.001478, 0.001570, 0.001415, 0.001631, 0.001535, 0.001721, 0.001502, 0.001630, 0.001540, 0.001543, 0.001576, 0.001643, 0.001499, 0.001496, 0.001415, 0.001605, 0.000578, 0.001336, 0.001566, 0.001731, 0.001549, 0.001737, 0.001795, 0.001822, 0.001693, 0.001899, 0.001842, 0.001717, 0.001683, 0.001578, 0.001784, 0.001633, 0.001818, 0.001656, 0.001831, 0.001983, 0.001703, 0.001713, 0.001667, 0.001709, 0.001846, 0.000241
6 , 0, 0, 0, 0, 0, 0, 0
6 , 0.010754, 0.010890, 0.011107, 0.010231, 0.009929, 0.009355, 0.008353
7 , 0.001575, 0.001545, 0.001478, 0.001570, 0.001415, 0.001631, 0.001535, 0.001721, 0.001502, 0.001630, 0.001540, 0.001543, 0.001576, 0.001643, 0.001499, 0.001496, 0.001415, 0.001605, 0.000578, 0.001336, 0.001566, 0.001731, 0.001549, 0.001737, 0.001795, 0.001822, 0.001693, 0.001899, 0.001842, 0.001717, 0.001683, 0.001578, 0.001784, 0.001633, 0.001818, 0.001656, 0.001831, 0.001983, 0.001703, 0.001713, 0.001667, 0.001709, 0.001846, 0.000241, 0.001848, 0.001656, 0.001688, 0.001590, 0.001558, 0.001585, 0.001648, 0.001587, 0.001616, 0.001587, 0.001613, 0.001645, 0.001584, 0.001469, 0.001443, 0.001604, 0.001483, 0.001581, 0.001365, 0.001522, 0.001432, 0.001406, 0.001399, 0.001550, 0.001122, 0.000763, 0.001625, 0.001689, 0.001729, 0.001533, 0.001830, 0.001729, 0.001773, 0.001766, 0.001786, 0.001932, 0.001770, 0.001969, 0.001696, 0.001838, 0.001878, 0.001773, 0.001793, 0.001836, 0.002066, 0.001896, 0.001852, 0.001805
7 , 0, 0, 0, 0, 0, 0, 0
7 , 0.006360, 0.008801, 0.011014, 0.011122, 0.011501, 0.010397, 0.009812
8 , 0.001648, 0.001587, 0.001616, 0.001587, 0.001613, 0.001645, 0.001584, 0.001469, 0.001443, 0.001604, 0.001483, 0.001581, 0.001365, 0.001522, 0.001432, 0.001406, 0.001399, 0.001550, 0.001122, 0.000763, 0.001625, 0.001689, 0.001729, 0.001533, 0.001830, 0.001729, 0.001773, 0.001766, 0.001786, 0.001932, 0.001770, 0.001969, 0.001696, 0.001838, 0.001878, 0.001773, 0.001793, 0.001836, 0.002066, 0.001896, 0.001852, 0.001805, 0.002099, 0.001167, 0.001420, 0.001686, 0.001573, 0.001490, 0.001457, 0.001395, 0.001503, 0.001489, 0.001603, 0.001474, 0.001499, 0.001493, 0.001651, 0.001521, 0.001761, 0.001603, 0.001819, 0.001696, 0.001661, 0.001476, 0.001775, 0.001475, 0.001853, 0.000082, 0.001447, 0.001270, 0.001515, 0.001394, 0.001493, 0.001491, 0.001643, 0.001484, 0.001754, 0.001673, 0.001886, 0.001906, 0.001709, 0.001659, 0.001698, 0.002009, 0.001816, 0.001903, 0.001787, 0.001832, 0.001935, 0.001928, 0.001945, 0.001544
8 , 0, 0, 0, 0, 0, 0, 0
8 , 0.009052, 0.010989, 0.012074, 0.011942, 0.010954, 0.011226, 0.010603
9 , 0.001457, 0.001395, 0.001503, 0.001489, 0.001603, 0.001474, 0.001499, 0.001493, 0.001651, 0.001521, 0.001761, 0.001603, 0.001819, 0.001696, 0.001661, 0.001476, 0.001775, 0.001475, 0.001853, 0.000082, 0.001447, 0.001270, 0.001515, 0.001394, 0.001493, 0.001491, 0.001643, 0.001484, 0.001754, 0.001673, 0.001886, 0.001906, 0.001709, 0.001659, 0.001698, 0.002009, 0.001816, 0.001903, 0.001787, 0.001832, 0.001935, 0.001928, 0.001945, 0.001544, 0.000628, 0.001823, 0.001613, 0.001504, 0.001465, 0.001619, 0.001433, 0.001647, 0.001426, 0.001631, 0.001469, 0.001597, 0.001461, 0.001580, 0.001574, 0.001783, 0.001496, 0.001739, 0.001549, 0.001766, 0.001603, 0.001791, 0.001723, 0.001738, 0.001718, 0.001061, 0.001167, 0.001351, 0.001349, 0.001657, 0.001494, 0.001633, 0.001481, 0.001788, 0.001768, 0.001801, 0.001717, 0.001822, 0.001963, 0.001734, 0.001970, 0.001714, 0.001835, 0.001700, 0.001791, 0.001734, 0.001633, 0.001761
9 , 0, 0, 0, 0, 0, 0, 0
9 , 0.002704, 0.003782, 0.005618, 0.007222, 0.007616, 0.008392, 0.006909
10 , 0.001647, 0.001426, 0.001631, 0.001469, 0.001597, 0.001461, 0.001580, 0.001574, 0.001783, 0.001496, 0.001739, 0.001549, 0.001766, 0.001603, 0.001791, 0.001723, 0.001738, 0.001718, 0.001061, 0.001167, 0.001351, 0.001349, 0.001657, 0.001494, 0.001633, 0.001481, 0.001788, 0.001768, 0.001801, 0.001717, 0.001822, 0.001963, 0.001734, 0.001970, 0.001714, 0.001835, 0.001700, 0.001791, 0.001734, 0.001633, 0.001761, 0.001660, 0.001937, 0.000077, 0.001486, 0.001655, 0.001590, 0.001772, 0.001671, 0.001702, 0.001580, 0.001678, 0.001524, 0.001593, 0.001499, 0.001532, 0.001408, 0.001681, 0.001520, 0.001585, 0.001524, 0.001770, 0.001558, 0.001650, 0.001552, 0.001618, 0.001277, 0.000653, 0.001689, 0.001468, 0.001565, 0.001741, 0.001582, 0.001754, 0.001555, 0.001687, 0.001704, 0.001825, 0.001734, 0.001667, 0.001859, 0.001721, 0.001775, 0.001781, 0.001953, 0.001832, 0.001852, 0.001784, 0.001778, 0.001946, 0.001687, 0.001812
10 , 0, 0, 0, 0, 0, 0, 0
10 , 0.004894, 0.005566, 0.006545, 0.007141, 0.007241, 0.007072, 0.006536
11 , 0.001580, 0.001678, 0.001524, 0.001593, 0.001499, 0.001532, 0.001408, 0.001681, 0.001520, 0.001585, 0.001524, 0.001770, 0.001558, 0.001650, 0.001552, 0.001618, 0.001277, 0.000653, 0.001689, 0.001468, 0.001565, 0.001741, 0.001582, 0.001754, 0.001555, 0.001687, 0.001704, 0.001825, 0.001734, 0.001667, 0.001859, 0.001721, 0.001775, 0.001781, 0.001953, 0.001832, 0.001852, 0.001784, 0.001778, 0.001946, 0.001687, 0.001812, 0.001707, 0.001217, 0.001202, 0.001832, 0.001628, 0.001695, 0.001623, 0.001623, 0.001619, 0.001645, 0.001514, 0.001697, 0.001576, 0.001663, 0.001445, 0.001687, 0.001592, 0.001653, 0.001709, 0.001711, 0.001558, 0.001679, 0.001710, 0.001652, 0.001618, 0.001527, 0.001594, 0.001686, 0.001718, 0.001686, 0.001598, 0.001478, 0.001633, 0.001510, 0.001602, 0.001539, 0.001636, 0.001573, 0.001671, 0.001576, 0.001616, 0.001465, 0.001652, 0.001496, 0.001739, 0.001551, 0.001587, 0.001466, 0.001677, 0.001453
11 , 3, 3, 3, 3, 3, 3, 3
11 , 0.004457, 0.005015, 0.005250, 0.005453, 0.005575, 0.005316, 0.004935
12 , 0.001619, 0.001645, 0.001514, 0.001697, 0.001576, 0.001663, 0.001445, 0.001687, 0.001592, 0.001653, 0.001709, 0.001711, 0.001558, 0.001679, 0.001710, 0.001652, 0.001618, 0.001527, 0.001594, 0.001686, 0.001718, 0.001686, 0.001598, 0.001478, 0.001633, 0.001510, 0.001602, 0.001539, 0.001636, 0.001573, 0.001671, 0.001576, 0.001616, 0.001465, 0.001652, 0.001496, 0.001739, 0.001551, 0.001587, 0.001466, 0.001677, 0.001453, 0.001665, 0.001626, 0.001751, 0.001599, 0.001752, 0.001564, 0.001751, 0.001536, 0.001691, 0.001570, 0.001755, 0.001536, 0.001684, 0.001682, 0.001772, 0.001589, 0.001773, 0.001619, 0.001741, 0.001740, 0.001675, 0.001678, 0.001615, 0.001648, 0.001557, 0.001644, 0.001673, 0.001739, 0.001616, 0.001769, 0.001613, 0.001769, 0.001681, 0.001685, 0.001503, 0.001815, 0.001536, 0.001753, 0.001600, 0.001635, 0.001508, 0.001632, 0.001505, 0.001605, 0.001458, 0.001585, 0.001495, 0.001716, 0.001506, 0.001544
12 , 1, 1, 1, 1, 1, 1, 1
12 , 0.001639, 0.001444, 0.002029, 0.001963, 0.002620, 0.002165, 0.003042
13 , 0.001755, 0.001536, 0.001684, 0.001682, 0.001772, 0.001589, 0.001773, 0.001619, 0.001741, 0.001740, 0.001675, 0.001678, 0.001615, 0.001648, 0.001557, 0.001644, 0.001673, 0.001739, 0.001616, 0.001769, 0.001613, 0.001769, 0.001681, 0.001685, 0.001503, 0.001815, 0.001536, 0.001753, 0.001600, 0.001635, 0.001508, 0.001632, 0.001505, 0.001605, 0.001458, 0.001585, 0.001495, 0.001716, 0.001506, 0.001544, 0.001332, 0.001489, 0.001339, 0.001433, 0.001432, 0.001492, 0.001484, 0.001520, 0.001372, 0.001433, 0.001427, 0.001487, 0.001489, 0.001422, 0.001574, 0.001365, 0.001340, 0.001337, 0.001606, 0.001417, 0.001421, 0.001416, 0.001507, 0.001472, 0.001568, 0.001443, 0.001563, 0.001442, 0.001502, 0.001397, 0.001612, 0.001543, 0.001671, 0.001485, 0.001696, 0.001538, 0.001663, 0.001542, 0.001689, 0.001560, 0.001560, 0.001461, 0.001644, 0.001642, 0.001706, 0.001648, 0.001652, 0.001565, 0.001600, 0.001634, 0.001644, 0.001461
13 , 2, 2, 2, 2, 2, 2, 2
13 , 0.004798, 0.005431, 0.005815, 0.006020, 0.006064, 0.006236, 0.006080
14 , 0.001487, 0.001489, 0.001422, 0.001574, 0.001365, 0.001340, 0.001337, 0.001606, 0.001417, 0.001421, 0.001416, 0.001507, 0.001472, 0.001568, 0.001443, 0.001563, 0.001442, 0.001502, 0.001397, 0.001612, 0.001543, 0.001671, 0.001485, 0.001696, 0.001538, 0.001663, 0.001542, 0.001689, 0.001560, 0.001560, 0.001461, 0.001644, 0.001642, 0.001706, 0.001648, 0.001652, 0.001565, 0.001600, 0.001634, 0.001644, 0.001461, 0.001522, 0.001679, 0.001493, 0.001640, 0.001659, 0.001626, 0.001560, 0.001711, 0.001551, 0.001821, 0.001752, 0.001837, 0.001800, 0.001889, 0.001790, 0.001971, 0.001842, 0.002085, 0.001930, 0.002020, 0.002080, 0.002080, 0.001958, 0.002141, 0.002018, 0.002232, 0.002079, 0.002232, 0.002141, 0.002202, 0.002171, 0.002049, 0.002019, 0.002081, 0.002022, 0.002056, 0.001815, 0.001852, 0.001800, 0.001784, 0.001706, 0.001625, 0.001678, 0.001449, 0.001522, 0.001409, 0.001487, 0.001399, 0.001378, 0.001209, 0.001281
14 , 3, 3, 3, 3, 3, 3, 3
14 , 0.004506, 0.005741, 0.007160, 0.008368, 0.010002, 0.010903, 0.012154
15 , 0.001837, 0.001800, 0.001889, 0.001790, 0.001971, 0.001842, 0.002085, 0.001930, 0.002020, 0.002080, 0.002080, 0.001958, 0.002141, 0.002018, 0.002232, 0.002079, 0.002232, 0.002141, 0.002202, 0.002171, 0.002049, 0.002019, 0.002081, 0.002022, 0.002056, 0.001815, 0.001852, 0.001800, 0.001784, 0.001706, 0.001625, 0.001678, 0.001449, 0.001522, 0.001409, 0.001487, 0.001399, 0.001378, 0.001209, 0.001281, 0.001224, 0.001293, 0.001133, 0.001348, 0.001305, 0.001363, 0.001236, 0.001485, 0.001319, 0.001407, 0.001349, 0.001495, 0.001413, 0.001439, 0.001401, 0.001459, 0.001448, 0.001379, 0.001469, 0.001616, 0.001612, 0.001482, 0.001600, 0.001625, 0.001802, 0.001615, 0.001744, 0.001680, 0.001618, 0.001647, 0.001711, 0.001648, 0.001625, 0.001597, 0.001663, 0.001421, 0.001578, 0.001547, 0.001618, 0.001432, 0.001682, 0.001504, 0.001663, 0.001389, 0.001542, 0.001355, 0.001545, 0.001455, 0.001517, 0.001452, 0.001459, 0.001372
15 , 2, 2, 2, 2, 1, 1, 1
15 , 0.009568, 0.010576, 0.011018, 0.011254, 0.011982, 0.013379, 0.014425
16 , 0.001413, 0.001439, 0.001401, 0.001459, 0.001448, 0.001379, 0.001469, 0.001616, 0.001612, 0.001482, 0.001600, 0.001625, 0.001802, 0.001615, 0.001744, 0.001680, 0.001618, 0.001647, 0.001711, 0.001648, 0.001625, 0.001597, 0.001663, 0.001421, 0.001578, 0.001547, 0.001618, 0.001432, 0.001682, 0.001504, 0.001663, 0.001389, 0.001542, 0.001355, 0.001545, 0.001455, 0.001517, 0.001452, 0.001459, 0.001372, 0.001527, 0.001461, 0.001558, 0.001465, 0.001488, 0.001482, 0.001445, 0.001624, 0.001590, 0.001680, 0.001555, 0.001527, 0.001585, 0.001645, 0.001671, 0.001706, 0.001542, 0.001720, 0.001383, 0.001660, 0.001628, 0.001661, 0.001531, 0.001683, 0.001525, 0.001681, 0.001677, 0.001830, 0.001764, 0.001856, 0.001786, 0.001876, 0.001662, 0.001817, 0.001692, 0.001937, 0.001750, 0.001782, 0.001724, 0.001756, 0.001663, 0.001665, 0.001635, 0.001578, 0.001702, 0.001768, 0.001735, 0.001673, 0.001677, 0.001524, 0.001738, 0.001707
16 , 2, 2, 2, 2, 2, 2, 2
16 , 0.003533, 0.003417, 0.003345, 0.003180, 0.003079, 0.002798, 0.002625
