0 , 0.001667, 0.001705, 0.001708, 0.001701, 0.002008, 0.001937, 0.002044, 0.002074, 0.001951, 0.002093, 0.002002, 0.002161, 0.001938, 0.002213, 0.002007, 0.002051, 0.001998, 0.001887, 0.002085, 0.001866, 0.001983, 0.001643, 0.002085, 0.000649, 0.001669, 0.001582, 0.001666, 0.001569, 0.001657, 0.001594, 0.001651, 0.001587, 0.001711, 0.001496, 0.001681, 0.001526, 0.001653, 0.001528, 0.001654, 0.001562, 0.001659, 0.001509, 0.001489, 0.001335, 0.001617, 0.001496, 0.001515, 0.000709, 0.001644, 0.001724, 0.001849, 0.001704, 0.001768, 0.001691, 0.001980, 0.001896, 0.001915, 0.001811, 0.001824, 0.001891, 0.001807, 0.001823, 0.001722, 0.002024, 0.001933, 0.001802, 0.001696, 0.001744, 0.001772, 0.001634, 0.001887, 0.000998, 0.001237, 0.001903, 0.001832, 0.001714, 0.001557, 0.001652, 0.001529, 0.001625, 0.001476, 0.001606, 0.001394, 0.001613, 0.001307, 0.001410, 0.001296, 0.001366, 0.001187, 0.001446, 0.001142, 0.001328
0 , 1, 1, 1, 1, 1, 1, 1
0 , 0.010307, 0.011286, 0.013634, 0.015218, 0.017040, 0.014491, 0.015127
1 , 0.001849, 0.001704, 0.001768, 0.001691, 0.001980, 0.001896, 0.001915, 0.001811, 0.001824, 0.001891, 0.001807, 0.001823, 0.001722, 0.002024, 0.001933, 0.001802, 0.001696, 0.001744, 0.001772, 0.001634, 0.001887, 0.000998, 0.001237, 0.001903, 0.001832, 0.001714, 0.001557, 0.001652, 0.001529, 0.001625, 0.001476, 0.001606, 0.001394, 0.001613, 0.001307, 0.001410, 0.001296, 0.001366, 0.001187, 0.001446, 0.001142, 0.001328, 0.001258, 0.001327, 0.001353, 0.001309, 0.001302, 0.000127, 0.001806, 0.001742, 0.001768, 0.001880, 0.001940, 0.001991, 0.001802, 0.001981, 0.002031, 0.001950, 0.001851, 0.001861, 0.002011, 0.001722, 0.001808, 0.001662, 0.001824, 0.001790, 0.001839, 0.001804, 0.001641, 0.001903, 0.001762, 0.001707, 0.000837, 0.001710, 0.001833, 0.001652, 0.001742, 0.001588, 0.001561, 0.001529, 0.001746, 0.001409, 0.001536, 0.001503, 0.001719, 0.001656, 0.001628, 0.001477, 0.001537, 0.001572, 0.001632, 0.001479
1 , 1, 1, 1, 1, 1, 1, 1
1 , 0.009488, 0.011050, 0.012735, 0.012449, 0.014631, 0.013339, 0.013455
2 , 0.001768, 0.001880, 0.001940, 0.001991, 0.001802, 0.001981, 0.002031, 0.001950, 0.001851, 0.001861, 0.002011, 0.001722, 0.001808, 0.001662, 0.001824, 0.001790, 0.001839, 0.001804, 0.001641, 0.001903, 0.001762, 0.001707, 0.000837, 0.001710, 0.001833, 0.001652, 0.001742, 0.001588, 0.001561, 0.001529, 0.001746, 0.001409, 0.001536, 0.001503, 0.001719, 0.001656, 0.001628, 0.001477, 0.001537, 0.001572, 0.001632, 0.001479, 0.001603, 0.001455, 0.001716, 0.000797, 0.001207, 0.001656, 0.001540, 0.001577, 0.001883, 0.001673, 0.001885, 0.001711, 0.001805, 0.002035, 0.002011, 0.001883, 0.001701, 0.002021, 0.001978, 0.001964, 0.001940, 0.002038, 0.002096, 0.001998, 0.001954, 0.001825, 0.002010, 0.002045, 0.001805, 0.001903, 0.000417, 0.001646, 0.001867, 0.001953, 0.001830, 0.001585, 0.001620, 0.001650, 0.001679, 0.001649, 0.001714, 0.001591, 0.001624, 0.001569, 0.001665, 0.001517, 0.001463, 0.001466, 0.001350, 0.001327
2 , 1, 1, 1, 1, 1, 1, 1
2 , 0.007152, 0.009951, 0.012815, 0.014356, 0.013418, 0.011429, 0.012097
3 , 0.001577, 0.001883, 0.001673, 0.001885, 0.001711, 0.001805, 0.002035, 0.002011, 0.001883, 0.001701, 0.002021, 0.001978, 0.001964, 0.001940, 0.002038, 0.002096, 0.001998, 0.001954, 0.001825, 0.002010, 0.002045, 0.001805, 0.001903, 0.000417, 0.001646, 0.001867, 0.001953, 0.001830, 0.001585, 0.001620, 0.001650, 0.001679, 0.001649, 0.001714, 0.001591, 0.001624, 0.001569, 0.001665, 0.001517, 0.001463, 0.001466, 0.001350, 0.001327, 0.001336, 0.001283, 0.001196, 0.001321, 0.001232, 0.001237, 0.000681, 0.001928, 0.001732, 0.001954, 0.001849, 0.001947, 0.001752, 0.001893, 0.002038, 0.001923, 0.002003, 0.001879, 0.001935, 0.001780, 0.001850, 0.001719, 0.001820, 0.001914, 0.001746, 0.001895, 0.001780, 0.001955, 0.001832, 0.002010, 0.001144, 0.001074, 0.001626, 0.001675, 0.001621, 0.001586, 0.001493, 0.001402, 0.001526, 0.001436, 0.001558, 0.001404, 0.001590, 0.001528, 0.001533, 0.001415, 0.001419, 0.001356, 0.001513
3 , 1, 1, 1, 1, 1, 1, 1
3 , 0.007630, 0.010247, 0.012492, 0.014317, 0.016379, 0.015469, 0.016739
4 , 0.001954, 0.001849, 0.001947, 0.001752, 0.001893, 0.002038, 0.001923, 0.002003, 0.001879, 0.001935, 0.001780, 0.001850, 0.001719, 0.001820, 0.001914, 0.001746, 0.001895, 0.001780, 0.001955, 0.001832, 0.002010, 0.001144, 0.001074, 0.001626, 0.001675, 0.001621, 0.001586, 0.001493, 0.001402, 0.001526, 0.001436, 0.001558, 0.001404, 0.001590, 0.001528, 0.001533, 0.001415, 0.001419, 0.001356, 0.001513, 0.001366, 0.001406, 0.001275, 0.001325, 0.001411, 0.000068, 0.001599, 0.001848, 0.001752, 0.001870, 0.001907, 0.001731, 0.001923, 0.001832, 0.001983, 0.001845, 0.001983, 0.001711, 0.002014, 0.001930, 0.001862, 0.001980, 0.001849, 0.001923, 0.001920, 0.001989, 0.001792, 0.001963, 0.001809, 0.001823, 0.000653, 0.001572, 0.001540, 0.001425, 0.001364, 0.001363, 0.001549, 0.001366, 0.001431, 0.001244, 0.001402, 0.001279, 0.001312, 0.001340, 0.001463, 0.001280, 0.001495, 0.001309, 0.001465, 0.001335, 0.001520, 0.001245
4 , 1, 1, 1, 1, 1, 1, 1
4 , 0.016062, 0.018505, 0.022585, 0.020004, 0.018222, 0.017901, 0.016885
5 , 0.001752, 0.001870, 0.001907, 0.001731, 0.001923, 0.001832, 0.001983, 0.001845, 0.001983, 0.001711, 0.002014, 0.001930, 0.001862, 0.001980, 0.001849, 0.001923, 0.001920, 0.001989, 0.001792, 0.001963, 0.001809, 0.001823, 0.000653, 0.001572, 0.001540, 0.001425, 0.001364, 0.001363, 0.001549, 0.001366, 0.001431, 0.001244, 0.001402, 0.001279, 0.001312, 0.001340, 0.001463, 0.001280, 0.001495, 0.001309, 0.001465, 0.001335, 0.001520, 0.001245, 0.001424, 0.001299, 0.001529, 0.000872, 0.001048, 0.001661, 0.001636, 0.001727, 0.001760, 0.001783, 0.001907, 0.001883, 0.001637, 0.001911, 0.001750, 0.001848, 0.001687, 0.001926, 0.001862, 0.001837, 0.001899, 0.001937, 0.002089, 0.001978, 0.002025, 0.001961, 0.001833, 0.002130, 0.000504, 0.001646, 0.001444, 0.001555, 0.001255, 0.001474, 0.001321, 0.001383, 0.001260, 0.001331, 0.001216, 0.001348, 0.001164, 0.001177, 0.001116, 0.001249, 0.001133, 0.001146, 0.001031, 0.001124
5 , 1, 1, 1, 1, 1, 1, 1
5 , 0.015129, 0.019043, 0.021355, 0.022637, 0.023639, 0.022704, 0.022903
6 , 0.001636, 0.001727, 0.001760, 0.001783, 0.001907, 0.001883, 0.001637, 0.001911, 0.001750, 0.001848, 0.001687, 0.001926, 0.001862, 0.001837, 0.001899, 0.001937, 0.002089, 0.001978, 0.002025, 0.001961, 0.001833, 0.002130, 0.000504, 0.001646, 0.001444, 0.001555, 0.001255, 0.001474, 0.001321, 0.001383, 0.001260, 0.001331, 0.001216, 0.001348, 0.001164, 0.001177, 0.001116, 0.001249, 0.001133, 0.001146, 0.001031, 0.001124, 0.001067, 0.001122, 0.000944, 0.001084, 0.000878, 0.001916, 0.001986, 0.001922, 0.001846, 0.001752, 0.001971, 0.001873, 0.001866, 0.001698, 0.001864, 0.001737, 0.001794, 0.001770, 0.001740, 0.001984, 0.001735, 0.001866, 0.001680, 0.001763, 0.001651, 0.001565, 0.001632, 0.001634, 0.001430, 0.001157, 0.001929, 0.001759, 0.001703, 0.001670, 0.001547, 0.001363, 0.001579, 0.001546, 0.001543, 0.001451, 0.001574, 0.001514, 0.001608, 0.001456, 0.001460, 0.001461, 0.001551, 0.001524, 0.001532, 0.001655
6 , 1, 1, 1, 1, 1, 1, 1
6 , 0.013990, 0.016892, 0.019078, 0.021127, 0.017408, 0.017293, 0.016638
7 , 0.001922, 0.001846, 0.001752, 0.001971, 0.001873, 0.001866, 0.001698, 0.001864, 0.001737, 0.001794, 0.001770, 0.001740, 0.001984, 0.001735, 0.001866, 0.001680, 0.001763, 0.001651, 0.001565, 0.001632, 0.001634, 0.001430, 0.001157, 0.001929, 0.001759, 0.001703, 0.001670, 0.001547, 0.001363, 0.001579, 0.001546, 0.001543, 0.001451, 0.001574, 0.001514, 0.001608, 0.001456, 0.001460, 0.001461, 0.001551, 0.001524, 0.001532, 0.001655, 0.001572, 0.001565, 0.001457, 0.001589, 0.000339, 0.001670, 0.001472, 0.001900, 0.001637, 0.001705, 0.001749, 0.001995, 0.001998, 0.001988, 0.001961, 0.001849, 0.002048, 0.001907, 0.001964, 0.001860, 0.002065, 0.001904, 0.001866, 0.002038, 0.001931, 0.001991, 0.001926, 0.002085, 0.001921, 0.000049, 0.001463, 0.001523, 0.001583, 0.001454, 0.001385, 0.001360, 0.001487, 0.001451, 0.001447, 0.001474, 0.001557, 0.001522, 0.001520, 0.001460, 0.001430, 0.001426, 0.001640, 0.001516, 0.001555
7 , 1, 1, 1, 1, 1, 1, 1
7 , 0.010946, 0.012546, 0.013321, 0.013634, 0.015699, 0.013033, 0.013264
8 , 0.001900, 0.001637, 0.001705, 0.001749, 0.001995, 0.001998, 0.001988, 0.001961, 0.001849, 0.002048, 0.001907, 0.001964, 0.001860, 0.002065, 0.001904, 0.001866, 0.002038, 0.001931, 0.001991, 0.001926, 0.002085, 0.001921, 0.000049, 0.001463, 0.001523, 0.001583, 0.001454, 0.001385, 0.001360, 0.001487, 0.001451, 0.001447, 0.001474, 0.001557, 0.001522, 0.001520, 0.001460, 0.001430, 0.001426, 0.001640, 0.001516, 0.001555, 0.001490, 0.001435, 0.001517, 0.001010, 0.001088, 0.001711, 0.001455, 0.001825, 0.001680, 0.001832, 0.001795, 0.001792, 0.001964, 0.001853, 0.001978, 0.001863, 0.002207, 0.002247, 0.002042, 0.001964, 0.001947, 0.002230, 0.002038, 0.002132, 0.001936, 0.002173, 0.001909, 0.002219, 0.000667, 0.001365, 0.001475, 0.001468, 0.001430, 0.001546, 0.001543, 0.001500, 0.001556, 0.001464, 0.001556, 0.001521, 0.001673, 0.001487, 0.001701, 0.001424, 0.001640, 0.001545, 0.001733, 0.001522, 0.001617, 0.001343
8 , 1, 1, 1, 1, 1, 1, 1
8 , 0.014534, 0.017311, 0.020611, 0.020796, 0.016731, 0.016645, 0.015783
9 , 0.001825, 0.001680, 0.001832, 0.001795, 0.001792, 0.001964, 0.001853, 0.001978, 0.001863, 0.002207, 0.002247, 0.002042, 0.001964, 0.001947, 0.002230, 0.002038, 0.002132, 0.001936, 0.002173, 0.001909, 0.002219, 0.000667, 0.001365, 0.001475, 0.001468, 0.001430, 0.001546, 0.001543, 0.001500, 0.001556, 0.001464, 0.001556, 0.001521, 0.001673, 0.001487, 0.001701, 0.001424, 0.001640, 0.001545, 0.001733, 0.001522, 0.001617, 0.001343, 0.001570, 0.001414, 0.001488, 0.001327, 0.000466, 0.001778, 0.001846, 0.001667, 0.001883, 0.002038, 0.001904, 0.001732, 0.001742, 0.002035, 0.001862, 0.001933, 0.001798, 0.001990, 0.001936, 0.001930, 0.001805, 0.001805, 0.001912, 0.001754, 0.001837, 0.001741, 0.001820, 0.001967, 0.001517, 0.001334, 0.001590, 0.001637, 0.001402, 0.001459, 0.001281, 0.001439, 0.001313, 0.001408, 0.001293, 0.001423, 0.001117, 0.001280, 0.001118, 0.001370, 0.001208, 0.001333, 0.001147, 0.001392, 0.001272
9 , 1, 1, 1, 1, 1, 1, 1
9 , 0.015108, 0.017346, 0.019344, 0.019231, 0.020884, 0.020143, 0.019215
10 , 0.001667, 0.001883, 0.002038, 0.001904, 0.001732, 0.001742, 0.002035, 0.001862, 0.001933, 0.001798, 0.001990, 0.001936, 0.001930, 0.001805, 0.001805, 0.001912, 0.001754, 0.001837, 0.001741, 0.001820, 0.001967, 0.001517, 0.001334, 0.001590, 0.001637, 0.001402, 0.001459, 0.001281, 0.001439, 0.001313, 0.001408, 0.001293, 0.001423, 0.001117, 0.001280, 0.001118, 0.001370, 0.001208, 0.001333, 0.001147, 0.001392, 0.001272, 0.001354, 0.001122, 0.001520, 0.000284, 0.001458, 0.001623, 0.001789, 0.001655, 0.001642, 0.001837, 0.001842, 0.001964, 0.001664, 0.002102, 0.001944, 0.001954, 0.001870, 0.001809, 0.002028, 0.001785, 0.001902, 0.001744, 0.001997, 0.001902, 0.001851, 0.001784, 0.001846, 0.001953, 0.001869, 0.001866, 0.000303, 0.001298, 0.001489, 0.001197, 0.001265, 0.001174, 0.001162, 0.001128, 0.001199, 0.001058, 0.001007, 0.000763, 0.001056, 0.000791, 0.000956, 0.000893, 0.000928, 0.000933, 0.000910, 0.000912
10 , 1, 1, 1, 1, 1, 1, 1
10 , 0.021550, 0.024441, 0.029026, 0.030123, 0.030612, 0.028038, 0.027588
11 , 0.001642, 0.001837, 0.001842, 0.001964, 0.001664, 0.002102, 0.001944, 0.001954, 0.001870, 0.001809, 0.002028, 0.001785, 0.001902, 0.001744, 0.001997, 0.001902, 0.001851, 0.001784, 0.001846, 0.001953, 0.001869, 0.001866, 0.000303, 0.001298, 0.001489, 0.001197, 0.001265, 0.001174, 0.001162, 0.001128, 0.001199, 0.001058, 0.001007, 0.000763, 0.001056, 0.000791, 0.000956, 0.000893, 0.000928, 0.000933, 0.000910, 0.000912, 0.000998, 0.000899, 0.000972, 0.001037, 0.001049, 0.001270, 0.001252, 0.001352, 0.001273, 0.001377, 0.001335, 0.001504, 0.001461, 0.001573, 0.001596, 0.001682, 0.001705, 0.001764, 0.001672, 0.001794, 0.001518, 0.001914, 0.001699, 0.001763, 0.001518, 0.001706, 0.001645, 0.001650, 0.001500, 0.001566, 0.001358, 0.001554, 0.001374, 0.001504, 0.001360, 0.001498, 0.001234, 0.001336, 0.001099, 0.001240, 0.001186, 0.001226, 0.001129, 0.001200, 0.001043, 0.001258, 0.001162, 0.001194, 0.001122, 0.001271
11 , 1, 1, 1, 1, 1, 1, 1
11 , 0.020196, 0.022633, 0.024684, 0.026392, 0.024742, 0.024415, 0.024780
12 , 0.001352, 0.001273, 0.001377, 0.001335, 0.001504, 0.001461, 0.001573, 0.001596, 0.001682, 0.001705, 0.001764, 0.001672, 0.001794, 0.001518, 0.001914, 0.001699, 0.001763, 0.001518, 0.001706, 0.001645, 0.001650, 0.001500, 0.001566, 0.001358, 0.001554, 0.001374, 0.001504, 0.001360, 0.001498, 0.001234, 0.001336, 0.001099, 0.001240, 0.001186, 0.001226, 0.001129, 0.001200, 0.001043, 0.001258, 0.001162, 0.001194, 0.001122, 0.001271, 0.001206, 0.001296, 0.001175, 0.001292, 0.001289, 0.001249, 0.001247, 0.001269, 0.001417, 0.001322, 0.001322, 0.001316, 0.001526, 0.001485, 0.001513, 0.001480, 0.001598, 0.001470, 0.001531, 0.001347, 0.001467, 0.001342, 0.001526, 0.001398, 0.001495, 0.001399, 0.001618, 0.001467, 0.001537, 0.001536, 0.001629, 0.001504, 0.001451, 0.001297, 0.001487, 0.001307, 0.001316, 0.001221, 0.001372, 0.001377, 0.001382, 0.001285, 0.001343, 0.001432, 0.001520, 0.001459, 0.001461, 0.001488, 0.001457
12 , 2, 2, 2, 2, 1, 1, 1
12 , 0.005917, 0.006821, 0.007102, 0.007374, 0.008197, 0.008908, 0.009979
13 , 0.001322, 0.001322, 0.001316, 0.001526, 0.001485, 0.001513, 0.001480, 0.001598, 0.001470, 0.001531, 0.001347, 0.001467, 0.001342, 0.001526, 0.001398, 0.001495, 0.001399, 0.001618, 0.001467, 0.001537, 0.001536, 0.001629, 0.001504, 0.001451, 0.001297, 0.001487, 0.001307, 0.001316, 0.001221, 0.001372, 0.001377, 0.001382, 0.001285, 0.001343, 0.001432, 0.001520, 0.001459, 0.001461, 0.001488, 0.001457, 0.001430, 0.001305, 0.001426, 0.001331, 0.001455, 0.001418, 0.001540, 0.001417, 0.001426, 0.001303, 0.001423, 0.001294, 0.001475, 0.001290, 0.001477, 0.001412, 0.001542, 0.001390, 0.001576, 0.001358, 0.001578, 0.001334, 0.001395, 0.001274, 0.001495, 0.001369, 0.001437, 0.001369, 0.001456, 0.001275, 0.001454, 0.001488, 0.001458, 0.001364, 0.001397, 0.001301, 0.001360, 0.001301, 0.001420, 0.001478, 0.001479, 0.001452, 0.001365, 0.001426, 0.001482, 0.001448, 0.001293, 0.001445, 0.001293, 0.001544, 0.001299, 0.001278
13 , 1, 1, 1, 1, 1, 1, 1
13 , 0.000812, 0.001097, 0.001317, 0.001710, 0.002297, 0.002569, 0.002655
14 , 0.001475, 0.001290, 0.001477, 0.001412, 0.001542, 0.001390, 0.001576, 0.001358, 0.001578, 0.001334, 0.001395, 0.001274, 0.001495, 0.001369, 0.001437, 0.001369, 0.001456, 0.001275, 0.001454, 0.001488, 0.001458, 0.001364, 0.001397, 0.001301, 0.001360, 0.001301, 0.001420, 0.001478, 0.001479, 0.001452, 0.001365, 0.001426, 0.001482, 0.001448, 0.001293, 0.001445, 0.001293, 0.001544, 0.001299, 0.001278, 0.001242, 0.001373, 0.001313, 0.001413, 0.001289, 0.001449, 0.001289, 0.001412, 0.001318, 0.001440, 0.001283, 0.001464, 0.001387, 0.001478, 0.001295, 0.001568, 0.001563, 0.001621, 0.001496, 0.001437, 0.001497, 0.001562, 0.001464, 0.001497, 0.001526, 0.001584, 0.001614, 0.001519, 0.001496, 0.001524, 0.001468, 0.001348, 0.001474, 0.001294, 0.001393, 0.001276, 0.001435, 0.001317, 0.001381, 0.001231, 0.001275, 0.001154, 0.001319, 0.001228, 0.001241, 0.001151, 0.001277, 0.001152, 0.001151, 0.001115, 0.001204, 0.001100
14 , 1, 1, 1, 1, 1, 1, 1
14 , 0.003733, 0.004707, 0.005147, 0.005839, 0.005659, 0.006035, 0.005654
15 , 0.001464, 0.001387, 0.001478, 0.001295, 0.001568, 0.001563, 0.001621, 0.001496, 0.001437, 0.001497, 0.001562, 0.001464, 0.001497, 0.001526, 0.001584, 0.001614, 0.001519, 0.001496, 0.001524, 0.001468, 0.001348, 0.001474, 0.001294, 0.001393, 0.001276, 0.001435, 0.001317, 0.001381, 0.001231, 0.001275, 0.001154, 0.001319, 0.001228, 0.001241, 0.001151, 0.001277, 0.001152, 0.001151, 0.001115, 0.001204, 0.001100, 0.001372, 0.001248, 0.001332, 0.001292, 0.001412, 0.001282, 0.001459, 0.001336, 0.001457, 0.001385, 0.001381, 0.001496, 0.001529, 0.001500, 0.001557, 0.001582, 0.001515, 0.001610, 0.001514, 0.001606, 0.001388, 0.001668, 0.001392, 0.001485, 0.001420, 0.001575, 0.001334, 0.001583, 0.001549, 0.001550, 0.001428, 0.001556, 0.001463, 0.001685, 0.001501, 0.001321, 0.001319, 0.001446, 0.001362, 0.001453, 0.001355, 0.001366, 0.001394, 0.001358, 0.001330, 0.001398, 0.001396, 0.001515, 0.001511, 0.001447, 0.001595
15 , 1, 1, 1, 1, 1, 1, 1
15 , 0.005547, 0.006236, 0.006319, 0.006925, 0.006515, 0.006855, 0.006539
16 , 0.001457, 0.001385, 0.001381, 0.001496, 0.001529, 0.001500, 0.001557, 0.001582, 0.001515, 0.001610, 0.001514, 0.001606, 0.001388, 0.001668, 0.001392, 0.001485, 0.001420, 0.001575, 0.001334, 0.001583, 0.001549, 0.001550, 0.001428, 0.001556, 0.001463, 0.001685, 0.001501, 0.001321, 0.001319, 0.001446, 0.001362, 0.001453, 0.001355, 0.001366, 0.001394, 0.001358, 0.001330, 0.001398, 0.001396, 0.001515, 0.001511, 0.001447, 0.001595, 0.001470, 0.001497, 0.001403, 0.001556, 0.001432, 0.001617, 0.001461, 0.001553, 0.001492, 0.001556, 0.001461, 0.001645, 0.001550, 0.001587, 0.001462, 0.001584, 0.001464, 0.001585, 0.001367, 0.001554, 0.001431, 0.001556, 0.001528, 0.001466, 0.001467, 0.001501, 0.001359, 0.001549, 0.001370, 0.001407, 0.001348, 0.001315, 0.001319, 0.001258, 0.001346, 0.001373, 0.001462, 0.001397, 0.001492, 0.001424, 0.001518, 0.001397, 0.001458, 0.001364, 0.001548, 0.001298, 0.001511, 0.001414, 0.001564
16 , 1, 1, 1, 1, 1, 1, 1
16 , 0.002890, 0.003271, 0.003407, 0.003591, 0.003399, 0.003177, 0.003067
