0 , 0.001932, 0.001864, 0.001978, 0.001944, 0.002069, 0.002000, 0.002121, 0.002057, 0.002072, 0.002175, 0.002167, 0.002148, 0.001936, 0.002228, 0.002121, 0.002212, 0.002106, 0.002000, 0.002216, 0.001965, 0.002124, 0.001794, 0.002185, 0.001229, 0.001359, 0.001513, 0.001495, 0.001429, 0.001515, 0.001326, 0.001507, 0.001475, 0.001418, 0.001379, 0.001531, 0.001340, 0.001556, 0.001339, 0.001493, 0.001367, 0.001557, 0.001435, 0.001529, 0.001474, 0.001627, 0.001242, 0.001745, 0.000259, 0.001586, 0.001718, 0.001851, 0.001778, 0.001683, 0.001673, 0.001881, 0.001878, 0.001848, 0.001787, 0.002122, 0.001889, 0.001883, 0.001751, 0.001731, 0.001937, 0.001863, 0.001886, 0.001566, 0.001829, 0.001748, 0.001724, 0.001657, 0.001767, 0.001980, 0.001791, 0.000899, 0.001801, 0.001628, 0.001572, 0.001566, 0.001327, 0.001485, 0.001267, 0.001453, 0.001383, 0.001412, 0.001284, 0.001465, 0.001372, 0.001496, 0.001279, 0.001527, 0.001282
0 , 1, 1, 1, 1, 1, 1, 1
0 , 0.013409, 0.014915, 0.017626, 0.018655, 0.022734, 0.022901, 0.022353
1 , 0.001778, 0.001683, 0.001673, 0.001881, 0.001878, 0.001848, 0.001787, 0.002122, 0.001889, 0.001883, 0.001751, 0.001731, 0.001937, 0.001863, 0.001886, 0.001566, 0.001829, 0.001748, 0.001724, 0.001657, 0.001767, 0.001980, 0.001791, 0.000899, 0.001801, 0.001628, 0.001572, 0.001566, 0.001327, 0.001485, 0.001267, 0.001453, 0.001383, 0.001412, 0.001284, 0.001465, 0.001372, 0.001496, 0.001279, 0.001527, 0.001282, 0.001374, 0.001218, 0.001436, 0.001257, 0.001589, 0.001229, 0.001581, 0.000565, 0.001178, 0.001725, 0.001627, 0.001748, 0.001721, 0.002081, 0.001848, 0.002044, 0.001862, 0.001858, 0.001929, 0.002003, 0.001972, 0.001898, 0.002124, 0.001992, 0.002013, 0.001824, 0.001990, 0.002072, 0.001889, 0.001923, 0.001785, 0.002191, 0.000397, 0.001670, 0.001549, 0.001578, 0.001329, 0.001419, 0.001292, 0.001472, 0.001338, 0.001489, 0.001336, 0.001616, 0.001308, 0.001502, 0.001383, 0.001394, 0.001249, 0.001346, 0.001158
1 , 1, 1, 1, 1, 1, 1, 1
1 , 0.012614, 0.014723, 0.015795, 0.018135, 0.018976, 0.021067, 0.020153
2 , 0.001627, 0.001748, 0.001721, 0.002081, 0.001848, 0.002044, 0.001862, 0.001858, 0.001929, 0.002003, 0.001972, 0.001898, 0.002124, 0.001992, 0.002013, 0.001824, 0.001990, 0.002072, 0.001889, 0.001923, 0.001785, 0.002191, 0.000397, 0.001670, 0.001549, 0.001578, 0.001329, 0.001419, 0.001292, 0.001472, 0.001338, 0.001489, 0.001336, 0.001616, 0.001308, 0.001502, 0.001383, 0.001394, 0.001249, 0.001346, 0.001158, 0.001372, 0.001277, 0.001281, 0.001298, 0.001419, 0.000996, 0.001535, 0.001650, 0.001575, 0.001563, 0.001585, 0.001393, 0.001647, 0.001573, 0.001535, 0.001402, 0.001409, 0.001334, 0.001385, 0.001085, 0.001212, 0.001420, 0.001420, 0.001373, 0.001258, 0.001593, 0.001535, 0.001565, 0.001664, 0.000869, 0.001357, 0.001728, 0.001663, 0.001590, 0.001347, 0.001479, 0.001242, 0.001317, 0.001079, 0.001150, 0.000968, 0.001278, 0.001102, 0.001148, 0.001025, 0.001160, 0.001042, 0.001235, 0.000997, 0.001149, 0.000991
2 , 1, 1, 1, 1, 1, 1, 1
2 , 0.011494, 0.014312, 0.016044, 0.017458, 0.015245, 0.015923, 0.016389
3 , 0.001575, 0.001563, 0.001585, 0.001393, 0.001647, 0.001573, 0.001535, 0.001402, 0.001409, 0.001334, 0.001385, 0.001085, 0.001212, 0.001420, 0.001420, 0.001373, 0.001258, 0.001593, 0.001535, 0.001565, 0.001664, 0.000869, 0.001357, 0.001728, 0.001663, 0.001590, 0.001347, 0.001479, 0.001242, 0.001317, 0.001079, 0.001150, 0.000968, 0.001278, 0.001102, 0.001148, 0.001025, 0.001160, 0.001042, 0.001235, 0.000997, 0.001149, 0.000991, 0.001024, 0.001070, 0.001087, 0.001287, 0.000062, 0.001886, 0.001678, 0.001902, 0.001885, 0.002029, 0.001883, 0.001723, 0.001936, 0.001809, 0.001880, 0.001694, 0.001937, 0.001933, 0.001805, 0.001832, 0.001761, 0.002058, 0.001859, 0.001923, 0.001667, 0.001832, 0.001909, 0.001862, 0.001738, 0.000597, 0.001473, 0.001589, 0.001559, 0.001432, 0.001398, 0.001400, 0.001405, 0.001314, 0.001225, 0.001379, 0.001257, 0.001289, 0.001220, 0.001228, 0.001347, 0.001374, 0.001407, 0.001341, 0.001347
3 , 1, 1, 1, 1, 1, 1, 1
3 , 0.011068, 0.013321, 0.015417, 0.015309, 0.018429, 0.016513, 0.016388
4 , 0.001902, 0.001885, 0.002029, 0.001883, 0.001723, 0.001936, 0.001809, 0.001880, 0.001694, 0.001937, 0.001933, 0.001805, 0.001832, 0.001761, 0.002058, 0.001859, 0.001923, 0.001667, 0.001832, 0.001909, 0.001862, 0.001738, 0.000597, 0.001473, 0.001589, 0.001559, 0.001432, 0.001398, 0.001400, 0.001405, 0.001314, 0.001225, 0.001379, 0.001257, 0.001289, 0.001220, 0.001228, 0.001347, 0.001374, 0.001407, 0.001341, 0.001347, 0.001372, 0.001232, 0.001457, 0.000596, 0.001308, 0.001703, 0.001691, 0.001791, 0.001781, 0.001815, 0.001798, 0.001745, 0.001900, 0.001677, 0.001792, 0.001670, 0.001775, 0.001818, 0.001734, 0.001871, 0.001670, 0.001929, 0.001734, 0.001706, 0.001640, 0.001872, 0.001802, 0.002185, 0.000241, 0.001590, 0.001571, 0.001544, 0.001488, 0.001210, 0.001270, 0.001213, 0.001314, 0.001286, 0.001292, 0.001253, 0.001347, 0.001167, 0.001415, 0.001319, 0.001420, 0.001084, 0.001272, 0.001236, 0.001215, 0.001177
4 , 1, 1, 1, 1, 1, 1, 1
4 , 0.016470, 0.019680, 0.023480, 0.021970, 0.019673, 0.019253, 0.018544
5 , 0.001691, 0.001791, 0.001781, 0.001815, 0.001798, 0.001745, 0.001900, 0.001677, 0.001792, 0.001670, 0.001775, 0.001818, 0.001734, 0.001871, 0.001670, 0.001929, 0.001734, 0.001706, 0.001640, 0.001872, 0.001802, 0.002185, 0.000241, 0.001590, 0.001571, 0.001544, 0.001488, 0.001210, 0.001270, 0.001213, 0.001314, 0.001286, 0.001292, 0.001253, 0.001347, 0.001167, 0.001415, 0.001319, 0.001420, 0.001084, 0.001272, 0.001236, 0.001215, 0.001177, 0.001363, 0.001240, 0.001365, 0.000987, 0.000985, 0.001750, 0.001755, 0.001726, 0.001812, 0.001891, 0.001851, 0.001942, 0.001874, 0.002027, 0.001905, 0.002006, 0.001864, 0.001864, 0.001922, 0.001878, 0.001908, 0.001803, 0.001979, 0.001787, 0.001912, 0.001901, 0.001933, 0.002131, 0.001172, 0.001451, 0.001644, 0.001625, 0.001326, 0.001414, 0.001223, 0.001413, 0.001350, 0.001442, 0.001196, 0.001259, 0.001257, 0.001375, 0.001252, 0.001407, 0.001285, 0.001348, 0.001314, 0.001533
5 , 1, 1, 1, 1, 1, 1, 1
5 , 0.013875, 0.016772, 0.019077, 0.021347, 0.021075, 0.021557, 0.021091
6 , 0.001726, 0.001812, 0.001891, 0.001851, 0.001942, 0.001874, 0.002027, 0.001905, 0.002006, 0.001864, 0.001864, 0.001922, 0.001878, 0.001908, 0.001803, 0.001979, 0.001787, 0.001912, 0.001901, 0.001933, 0.002131, 0.001172, 0.001451, 0.001644, 0.001625, 0.001326, 0.001414, 0.001223, 0.001413, 0.001350, 0.001442, 0.001196, 0.001259, 0.001257, 0.001375, 0.001252, 0.001407, 0.001285, 0.001348, 0.001314, 0.001533, 0.001352, 0.001283, 0.001228, 0.001456, 0.000122, 0.001417, 0.001724, 0.001712, 0.001508, 0.001585, 0.001704, 0.001613, 0.001869, 0.001613, 0.001836, 0.001687, 0.001667, 0.001600, 0.001782, 0.001937, 0.001694, 0.001789, 0.001634, 0.001920, 0.001748, 0.001754, 0.001724, 0.001618, 0.001972, 0.000537, 0.001687, 0.001610, 0.001677, 0.001361, 0.001544, 0.001391, 0.001335, 0.001304, 0.001543, 0.001357, 0.001571, 0.001505, 0.001388, 0.001327, 0.001479, 0.001470, 0.001475, 0.001474, 0.001503, 0.001350, 0.001445
6 , 1, 1, 1, 1, 1, 1, 1
6 , 0.013602, 0.015302, 0.020165, 0.017550, 0.017121, 0.016881, 0.017055
7 , 0.001712, 0.001508, 0.001585, 0.001704, 0.001613, 0.001869, 0.001613, 0.001836, 0.001687, 0.001667, 0.001600, 0.001782, 0.001937, 0.001694, 0.001789, 0.001634, 0.001920, 0.001748, 0.001754, 0.001724, 0.001618, 0.001972, 0.000537, 0.001687, 0.001610, 0.001677, 0.001361, 0.001544, 0.001391, 0.001335, 0.001304, 0.001543, 0.001357, 0.001571, 0.001505, 0.001388, 0.001327, 0.001479, 0.001470, 0.001475, 0.001474, 0.001503, 0.001350, 0.001445, 0.001532, 0.001512, 0.001522, 0.000788, 0.001276, 0.001482, 0.001681, 0.001522, 0.001603, 0.001481, 0.001789, 0.001873, 0.001745, 0.001603, 0.001714, 0.001886, 0.001754, 0.002024, 0.001714, 0.001889, 0.001822, 0.001906, 0.001842, 0.001754, 0.001866, 0.001657, 0.001656, 0.001773, 0.000380, 0.001541, 0.001585, 0.001549, 0.001517, 0.001476, 0.001412, 0.001472, 0.001591, 0.001557, 0.001529, 0.001557, 0.001497, 0.001463, 0.001522, 0.001646, 0.001671, 0.001668, 0.001546, 0.001664
7 , 1, 1, 1, 1, 1, 1, 1
7 , 0.007064, 0.009391, 0.009954, 0.010780, 0.010478, 0.008803, 0.009050
8 , 0.001482, 0.001681, 0.001522, 0.001603, 0.001481, 0.001789, 0.001873, 0.001745, 0.001603, 0.001714, 0.001886, 0.001754, 0.002024, 0.001714, 0.001889, 0.001822, 0.001906, 0.001842, 0.001754, 0.001866, 0.001657, 0.001656, 0.001773, 0.000380, 0.001541, 0.001585, 0.001549, 0.001517, 0.001476, 0.001412, 0.001472, 0.001591, 0.001557, 0.001529, 0.001557, 0.001497, 0.001463, 0.001522, 0.001646, 0.001671, 0.001668, 0.001546, 0.001664, 0.001634, 0.001749, 0.001506, 0.001552, 0.000360, 0.001428, 0.001191, 0.001568, 0.001443, 0.001537, 0.001451, 0.001633, 0.001719, 0.001564, 0.001632, 0.001561, 0.001786, 0.001632, 0.001686, 0.001609, 0.001761, 0.001690, 0.001694, 0.001637, 0.001566, 0.001900, 0.001704, 0.001822, 0.001654, 0.001901, 0.001294, 0.001280, 0.001847, 0.001674, 0.001528, 0.001586, 0.001501, 0.001408, 0.001473, 0.001475, 0.001387, 0.001508, 0.001418, 0.001413, 0.001313, 0.001375, 0.001399, 0.001578, 0.001487
8 , 2, 1, 1, 1, 1, 1, 1
8 , 0.003138, 0.003846, 0.005190, 0.006279, 0.009439, 0.008065, 0.008340
9 , 0.001568, 0.001443, 0.001537, 0.001451, 0.001633, 0.001719, 0.001564, 0.001632, 0.001561, 0.001786, 0.001632, 0.001686, 0.001609, 0.001761, 0.001690, 0.001694, 0.001637, 0.001566, 0.001900, 0.001704, 0.001822, 0.001654, 0.001901, 0.001294, 0.001280, 0.001847, 0.001674, 0.001528, 0.001586, 0.001501, 0.001408, 0.001473, 0.001475, 0.001387, 0.001508, 0.001418, 0.001413, 0.001313, 0.001375, 0.001399, 0.001578, 0.001487, 0.001490, 0.001401, 0.001493, 0.001428, 0.001520, 0.001422, 0.001367, 0.001333, 0.001574, 0.001481, 0.001603, 0.001438, 0.001533, 0.001408, 0.001656, 0.001439, 0.001563, 0.001315, 0.001560, 0.001521, 0.001733, 0.001455, 0.001610, 0.001482, 0.001518, 0.001344, 0.001530, 0.001442, 0.001542, 0.001269, 0.001432, 0.001340, 0.001375, 0.001287, 0.001382, 0.001384, 0.001357, 0.001424, 0.001328, 0.001287, 0.001378, 0.001467, 0.001253, 0.001223, 0.001279, 0.001522, 0.001427, 0.001424, 0.001298, 0.001607
9 , 1, 1, 1, 1, 1, 1, 1
9 , 0.002997, 0.004695, 0.005641, 0.006197, 0.006672, 0.006490, 0.006135
10 , 0.001574, 0.001481, 0.001603, 0.001438, 0.001533, 0.001408, 0.001656, 0.001439, 0.001563, 0.001315, 0.001560, 0.001521, 0.001733, 0.001455, 0.001610, 0.001482, 0.001518, 0.001344, 0.001530, 0.001442, 0.001542, 0.001269, 0.001432, 0.001340, 0.001375, 0.001287, 0.001382, 0.001384, 0.001357, 0.001424, 0.001328, 0.001287, 0.001378, 0.001467, 0.001253, 0.001223, 0.001279, 0.001522, 0.001427, 0.001424, 0.001298, 0.001607, 0.001453, 0.001456, 0.001391, 0.001568, 0.001418, 0.001543, 0.001382, 0.001477, 0.001349, 0.001540, 0.001387, 0.001543, 0.001271, 0.001433, 0.001341, 0.001554, 0.001363, 0.001456, 0.001369, 0.001653, 0.001313, 0.001354, 0.001351, 0.001414, 0.001324, 0.001293, 0.001329, 0.001332, 0.001267, 0.001356, 0.001264, 0.001389, 0.001330, 0.001329, 0.001451, 0.001297, 0.001379, 0.001376, 0.001504, 0.001350, 0.001500, 0.001338, 0.001457, 0.001357, 0.001480, 0.001289, 0.001539, 0.001374, 0.001523, 0.001455
10 , 1, 1, 1, 1, 2, 2, 2
10 , 0.003425, 0.003389, 0.003110, 0.002557, 0.002690, 0.002877, 0.002863
11 , 0.001418, 0.001543, 0.001382, 0.001477, 0.001349, 0.001540, 0.001387, 0.001543, 0.001271, 0.001433, 0.001341, 0.001554, 0.001363, 0.001456, 0.001369, 0.001653, 0.001313, 0.001354, 0.001351, 0.001414, 0.001324, 0.001293, 0.001329, 0.001332, 0.001267, 0.001356, 0.001264, 0.001389, 0.001330, 0.001329, 0.001451, 0.001297, 0.001379, 0.001376, 0.001504, 0.001350, 0.001500, 0.001338, 0.001457, 0.001357, 0.001480, 0.001289, 0.001539, 0.001374, 0.001523, 0.001455, 0.001610, 0.001517, 0.001616, 0.001459, 0.001495, 0.001373, 0.001588, 0.001378, 0.001656, 0.001354, 0.001451, 0.001477, 0.001540, 0.001448, 0.001425, 0.001396, 0.001395, 0.001333, 0.001332, 0.001327, 0.001426, 0.001367, 0.001306, 0.001435, 0.001372, 0.001342, 0.001286, 0.001380, 0.001222, 0.001500, 0.001283, 0.001379, 0.001344, 0.001498, 0.001247, 0.001494, 0.001244, 0.001518, 0.001390, 0.001544, 0.001357, 0.001605, 0.001417, 0.001573, 0.001420, 0.001513
11 , 1, 1, 1, 1, 1, 0, 0
11 , 0.002972, 0.002338, 0.002135, 0.001164, 0.000547, 0.000505, 0.000900
12 , 0.001610, 0.001517, 0.001616, 0.001459, 0.001495, 0.001373, 0.001588, 0.001378, 0.001656, 0.001354, 0.001451, 0.001477, 0.001540, 0.001448, 0.001425, 0.001396, 0.001395, 0.001333, 0.001332, 0.001327, 0.001426, 0.001367, 0.001306, 0.001435, 0.001372, 0.001342, 0.001286, 0.001380, 0.001222, 0.001500, 0.001283, 0.001379, 0.001344, 0.001498, 0.001247, 0.001494, 0.001244, 0.001518, 0.001390, 0.001544, 0.001357, 0.001605, 0.001417, 0.001573, 0.001420, 0.001513, 0.001507, 0.001512, 0.001389, 0.001513, 0.001485, 0.001488, 0.001311, 0.001348, 0.001317, 0.001341, 0.001319, 0.001225, 0.001378, 0.001289, 0.001315, 0.001254, 0.001500, 0.001402, 0.001348, 0.001229, 0.001381, 0.001350, 0.001361, 0.001240, 0.001316, 0.001227, 0.001475, 0.001169, 0.001298, 0.001169, 0.001482, 0.001272, 0.001335, 0.001418, 0.001386, 0.001159, 0.001430, 0.001258, 0.001344, 0.001393, 0.001452, 0.001534, 0.001434, 0.001494, 0.001647, 0.001586
12 , 1, 1, 2, 2, 2, 2, 2
12 , 0.002323, 0.001989, 0.001322, 0.001556, 0.001630, 0.001523, 0.001741
13 , 0.001507, 0.001512, 0.001389, 0.001513, 0.001485, 0.001488, 0.001311, 0.001348, 0.001317, 0.001341, 0.001319, 0.001225, 0.001378, 0.001289, 0.001315, 0.001254, 0.001500, 0.001402, 0.001348, 0.001229, 0.001381, 0.001350, 0.001361, 0.001240, 0.001316, 0.001227, 0.001475, 0.001169, 0.001298, 0.001169, 0.001482, 0.001272, 0.001335, 0.001418, 0.001386, 0.001159, 0.001430, 0.001258, 0.001344, 0.001393, 0.001452, 0.001534, 0.001434, 0.001494, 0.001647, 0.001586, 0.001526, 0.001490, 0.001427, 0.001643, 0.001548, 0.001547, 0.001487, 0.001549, 0.001548, 0.001585, 0.001468, 0.001628, 0.001511, 0.001489, 0.001367, 0.001529, 0.001230, 0.001330, 0.001384, 0.001422, 0.001386, 0.001507, 0.001267, 0.001457, 0.001363, 0.001282, 0.001224, 0.001224, 0.001282, 0.001469, 0.001379, 0.001404, 0.001280, 0.001335, 0.001393, 0.001427, 0.001518, 0.001419, 0.001457, 0.001393, 0.001367, 0.001328, 0.001534, 0.001434, 0.001530, 0.001342
13 , 1, 1, 1, 1, 3, 3, 3
13 , 0.004169, 0.002860, 0.002416, 0.001935, 0.001856, 0.001848, 0.001474
14 , 0.001526, 0.001490, 0.001427, 0.001643, 0.001548, 0.001547, 0.001487, 0.001549, 0.001548, 0.001585, 0.001468, 0.001628, 0.001511, 0.001489, 0.001367, 0.001529, 0.001230, 0.001330, 0.001384, 0.001422, 0.001386, 0.001507, 0.001267, 0.001457, 0.001363, 0.001282, 0.001224, 0.001224, 0.001282, 0.001469, 0.001379, 0.001404, 0.001280, 0.001335, 0.001393, 0.001427, 0.001518, 0.001419, 0.001457, 0.001393, 0.001367, 0.001328, 0.001534, 0.001434, 0.001530, 0.001342, 0.001400, 0.001488, 0.001579, 0.001426, 0.001518, 0.001418, 0.001607, 0.001457, 0.001429, 0.001396, 0.001524, 0.001366, 0.001435, 0.001398, 0.001432, 0.001341, 0.001460, 0.001432, 0.001520, 0.001490, 0.001521, 0.001544, 0.001485, 0.001421, 0.001452, 0.001572, 0.001448, 0.001424, 0.001426, 0.001488, 0.001334, 0.001582, 0.001452, 0.001457, 0.001298, 0.001488, 0.001394, 0.001522, 0.001393, 0.001636, 0.001478, 0.001480, 0.001442, 0.001563, 0.001410, 0.001560
14 , 1, 2, 2, 2, 1, 2, 2
14 , 0.002839, 0.002736, 0.002428, 0.002513, 0.002092, 0.001933, 0.001914
15 , 0.001400, 0.001488, 0.001579, 0.001426, 0.001518, 0.001418, 0.001607, 0.001457, 0.001429, 0.001396, 0.001524, 0.001366, 0.001435, 0.001398, 0.001432, 0.001341, 0.001460, 0.001432, 0.001520, 0.001490, 0.001521, 0.001544, 0.001485, 0.001421, 0.001452, 0.001572, 0.001448, 0.001424, 0.001426, 0.001488, 0.001334, 0.001582, 0.001452, 0.001457, 0.001298, 0.001488, 0.001394, 0.001522, 0.001393, 0.001636, 0.001478, 0.001480, 0.001442, 0.001563, 0.001410, 0.001560, 0.001464, 0.001562, 0.001530, 0.001594, 0.001524, 0.001617, 0.001521, 0.001553, 0.001555, 0.001613, 0.001615, 0.001516, 0.001547, 0.001486, 0.001578, 0.001575, 0.001611, 0.001579, 0.001642, 0.001529, 0.001723, 0.001421, 0.001394, 0.001308, 0.001437, 0.001340, 0.001500, 0.001374, 0.001411, 0.001259, 0.001451, 0.001268, 0.001277, 0.001282, 0.001386, 0.001145, 0.001211, 0.001151, 0.001177, 0.001118, 0.001213, 0.001206, 0.001147, 0.001260, 0.001317, 0.001343
15 , 3, 3, 3, 3, 3, 3, 3
15 , 0.006484, 0.006465, 0.006254, 0.006039, 0.005725, 0.005945, 0.006071
16 , 0.001464, 0.001562, 0.001530, 0.001594, 0.001524, 0.001617, 0.001521, 0.001553, 0.001555, 0.001613, 0.001615, 0.001516, 0.001547, 0.001486, 0.001578, 0.001575, 0.001611, 0.001579, 0.001642, 0.001529, 0.001723, 0.001421, 0.001394, 0.001308, 0.001437, 0.001340, 0.001500, 0.001374, 0.001411, 0.001259, 0.001451, 0.001268, 0.001277, 0.001282, 0.001386, 0.001145, 0.001211, 0.001151, 0.001177, 0.001118, 0.001213, 0.001206, 0.001147, 0.001260, 0.001317, 0.001343, 0.001424, 0.001424, 0.001299, 0.001417, 0.001376, 0.001613, 0.001567, 0.001596, 0.001466, 0.001645, 0.001546, 0.001543, 0.001509, 0.001694, 0.001452, 0.001695, 0.001452, 0.001580, 0.001482, 0.001611, 0.001430, 0.001589, 0.001471, 0.001572, 0.001424, 0.001366, 0.001338, 0.001435, 0.001382, 0.001354, 0.001325, 0.001328, 0.001451, 0.001299, 0.001393, 0.001215, 0.001312, 0.001280, 0.001352, 0.001191, 0.001313, 0.001104, 0.001324, 0.001163, 0.001252, 0.001219
16 , 1, 1, 1, 1, 1, 1, 1
16 , 0.009069, 0.009708, 0.010949, 0.011011, 0.010879, 0.010681, 0.010818
