0 , 0.001344, 0.001128, 0.001072, 0.001119, 0.001172, 0.001136, 0.001114, 0.001166, 0.001192, 0.001348, 0.001202, 0.001288, 0.001189, 0.001448, 0.001228, 0.001292, 0.001106, 0.001313, 0.001162, 0.001317, 0.001080, 0.001378, 0.000440, 0.000950, 0.001503, 0.001317, 0.001384, 0.001304, 0.001562, 0.001542, 0.001572, 0.001635, 0.001496, 0.001688, 0.001572, 0.001688, 0.001556, 0.001523, 0.001688, 0.001420, 0.001615, 0.001363, 0.001552, 0.001761, 0.001635, 0.001638, 0.001833, 0.000655, 0.001158, 0.001336, 0.001314, 0.001310, 0.001042, 0.001120, 0.001086, 0.001164, 0.000960, 0.001245, 0.001004, 0.001226, 0.000876, 0.001105, 0.000880, 0.001132, 0.000947, 0.001176, 0.000808, 0.001023, 0.000892, 0.001208, 0.000974, 0.000566, 0.001318, 0.001526, 0.001463, 0.001400, 0.001466, 0.001648, 0.001427, 0.001552, 0.001363, 0.001555, 0.001492, 0.001386, 0.001591, 0.001369, 0.001544, 0.001510, 0.001408, 0.001517, 0.001295, 0.001502
0 , 0, 0, 0, 0, 0, 0, 0
0 , 0.011011, 0.011465, 0.012930, 0.014702, 0.016767, 0.017018, 0.016191
1 , 0.001310, 0.001042, 0.001120, 0.001086, 0.001164, 0.000960, 0.001245, 0.001004, 0.001226, 0.000876, 0.001105, 0.000880, 0.001132, 0.000947, 0.001176, 0.000808, 0.001023, 0.000892, 0.001208, 0.000974, 0.000566, 0.001318, 0.001526, 0.001463, 0.001400, 0.001466, 0.001648, 0.001427, 0.001552, 0.001363, 0.001555, 0.001492, 0.001386, 0.001591, 0.001369, 0.001544, 0.001510, 0.001408, 0.001517, 0.001295, 0.001502, 0.001423, 0.001343, 0.001486, 0.001062, 0.000943, 0.001685, 0.001442, 0.001531, 0.001464, 0.001579, 0.001395, 0.001523, 0.001315, 0.001487, 0.001336, 0.001287, 0.001248, 0.001274, 0.001068, 0.001142, 0.001082, 0.000989, 0.001004, 0.000937, 0.000902, 0.000891, 0.001086, 0.000771, 0.001034, 0.000346, 0.001369, 0.001689, 0.001549, 0.001603, 0.001577, 0.001743, 0.001858, 0.001812, 0.001819, 0.001627, 0.001785, 0.001670, 0.001651, 0.001701, 0.001585, 0.001725, 0.001539, 0.001628, 0.001492, 0.001475, 0.001561
1 , 0, 0, 0, 0, 0, 0, 0
1 , 0.013522, 0.014806, 0.016303, 0.019221, 0.018971, 0.018189, 0.017999
2 , 0.001464, 0.001579, 0.001395, 0.001523, 0.001315, 0.001487, 0.001336, 0.001287, 0.001248, 0.001274, 0.001068, 0.001142, 0.001082, 0.000989, 0.001004, 0.000937, 0.000902, 0.000891, 0.001086, 0.000771, 0.001034, 0.000346, 0.001369, 0.001689, 0.001549, 0.001603, 0.001577, 0.001743, 0.001858, 0.001812, 0.001819, 0.001627, 0.001785, 0.001670, 0.001651, 0.001701, 0.001585, 0.001725, 0.001539, 0.001628, 0.001492, 0.001475, 0.001561, 0.001346, 0.001417, 0.001661, 0.000256, 0.001524, 0.001456, 0.001395, 0.001205, 0.001175, 0.001261, 0.001278, 0.001214, 0.001024, 0.001166, 0.000972, 0.001154, 0.001016, 0.001158, 0.000912, 0.001167, 0.000877, 0.001171, 0.001141, 0.001181, 0.000829, 0.001314, 0.000461, 0.001019, 0.001544, 0.001441, 0.001521, 0.001608, 0.001585, 0.001721, 0.001618, 0.001748, 0.001513, 0.001771, 0.001731, 0.001761, 0.001731, 0.001410, 0.001605, 0.001644, 0.001550, 0.001510, 0.001450, 0.001642, 0.001568
2 , 0, 0, 0, 0, 0, 0, 0
2 , 0.014485, 0.016284, 0.019699, 0.020581, 0.020691, 0.020426, 0.019710
3 , 0.001205, 0.001175, 0.001261, 0.001278, 0.001214, 0.001024, 0.001166, 0.000972, 0.001154, 0.001016, 0.001158, 0.000912, 0.001167, 0.000877, 0.001171, 0.001141, 0.001181, 0.000829, 0.001314, 0.000461, 0.001019, 0.001544, 0.001441, 0.001521, 0.001608, 0.001585, 0.001721, 0.001618, 0.001748, 0.001513, 0.001771, 0.001731, 0.001761, 0.001731, 0.001410, 0.001605, 0.001644, 0.001550, 0.001510, 0.001450, 0.001642, 0.001568, 0.001423, 0.001504, 0.001239, 0.001794, 0.000505, 0.001583, 0.001375, 0.001500, 0.001422, 0.001535, 0.001313, 0.001466, 0.001401, 0.001397, 0.001415, 0.001387, 0.001373, 0.001359, 0.001394, 0.001355, 0.001303, 0.001238, 0.001354, 0.001263, 0.001236, 0.001072, 0.001292, 0.001072, 0.001356, 0.001067, 0.000475, 0.001291, 0.001387, 0.001241, 0.001274, 0.001500, 0.001645, 0.001648, 0.001443, 0.001764, 0.001658, 0.001701, 0.001576, 0.001572, 0.001761, 0.001608, 0.001515, 0.001615, 0.001430, 0.001575
3 , 0, 0, 0, 0, 0, 0, 0
3 , 0.010058, 0.012170, 0.014463, 0.012641, 0.013559, 0.015232, 0.015150
4 , 0.001535, 0.001313, 0.001466, 0.001401, 0.001397, 0.001415, 0.001387, 0.001373, 0.001359, 0.001394, 0.001355, 0.001303, 0.001238, 0.001354, 0.001263, 0.001236, 0.001072, 0.001292, 0.001072, 0.001356, 0.001067, 0.000475, 0.001291, 0.001387, 0.001241, 0.001274, 0.001500, 0.001645, 0.001648, 0.001443, 0.001764, 0.001658, 0.001701, 0.001576, 0.001572, 0.001761, 0.001608, 0.001515, 0.001615, 0.001430, 0.001575, 0.001562, 0.001741, 0.001454, 0.001595, 0.001494, 0.000897, 0.001477, 0.001327, 0.001447, 0.001202, 0.001304, 0.001124, 0.001313, 0.001171, 0.001244, 0.001084, 0.001313, 0.001072, 0.001322, 0.000968, 0.001244, 0.001088, 0.001287, 0.001084, 0.001141, 0.001032, 0.001237, 0.001170, 0.000129, 0.001288, 0.001377, 0.001363, 0.001307, 0.001609, 0.001569, 0.001681, 0.001569, 0.001393, 0.001615, 0.001556, 0.001698, 0.001541, 0.001628, 0.001900, 0.001641, 0.001622, 0.001559, 0.001763, 0.001873, 0.001769, 0.001850
4 , 0, 0, 0, 0, 0, 0, 0
4 , 0.008853, 0.010236, 0.014100, 0.015640, 0.016374, 0.017129, 0.016572
5 , 0.001304, 0.001124, 0.001313, 0.001171, 0.001244, 0.001084, 0.001313, 0.001072, 0.001322, 0.000968, 0.001244, 0.001088, 0.001287, 0.001084, 0.001141, 0.001032, 0.001237, 0.001170, 0.000129, 0.001288, 0.001377, 0.001363, 0.001307, 0.001609, 0.001569, 0.001681, 0.001569, 0.001393, 0.001615, 0.001556, 0.001698, 0.001541, 0.001628, 0.001900, 0.001641, 0.001622, 0.001559, 0.001763, 0.001873, 0.001769, 0.001850, 0.001581, 0.002288, 0.000180, 0.001313, 0.001121, 0.001107, 0.001070, 0.001247, 0.001004, 0.001229, 0.001078, 0.001040, 0.000966, 0.000954, 0.000808, 0.001002, 0.001051, 0.000977, 0.001025, 0.000861, 0.001090, 0.000935, 0.000958, 0.000907, 0.001016, 0.000893, 0.001232, 0.000313, 0.001173, 0.001595, 0.001596, 0.001661, 0.001467, 0.001757, 0.001638, 0.001695, 0.001576, 0.001571, 0.001777, 0.001683, 0.001747, 0.001495, 0.001734, 0.001768, 0.001562, 0.001648, 0.001470, 0.001701, 0.001549, 0.001542, 0.001460
5 , 0, 0, 0, 0, 0, 0, 0
5 , 0.021664, 0.023962, 0.024094, 0.023054, 0.022392, 0.020267, 0.018826
6 , 0.001247, 0.001004, 0.001229, 0.001078, 0.001040, 0.000966, 0.000954, 0.000808, 0.001002, 0.001051, 0.000977, 0.001025, 0.000861, 0.001090, 0.000935, 0.000958, 0.000907, 0.001016, 0.000893, 0.001232, 0.000313, 0.001173, 0.001595, 0.001596, 0.001661, 0.001467, 0.001757, 0.001638, 0.001695, 0.001576, 0.001571, 0.001777, 0.001683, 0.001747, 0.001495, 0.001734, 0.001768, 0.001562, 0.001648, 0.001470, 0.001701, 0.001549, 0.001542, 0.001460, 0.001701, 0.000797, 0.001309, 0.001386, 0.001317, 0.001257, 0.001292, 0.001270, 0.001158, 0.001270, 0.001033, 0.001309, 0.001102, 0.001127, 0.000994, 0.001287, 0.001076, 0.001309, 0.000937, 0.001278, 0.001002, 0.001296, 0.001019, 0.001192, 0.000965, 0.000639, 0.001451, 0.001529, 0.001491, 0.001429, 0.001763, 0.001750, 0.001591, 0.001721, 0.001654, 0.001882, 0.001683, 0.001644, 0.001664, 0.001637, 0.001906, 0.001754, 0.001751, 0.001585, 0.001665, 0.001874, 0.001668, 0.001658
6 , 0, 0, 0, 0, 0, 0, 0
6 , 0.020513, 0.022517, 0.024981, 0.025080, 0.024530, 0.023674, 0.021800
7 , 0.001257, 0.001292, 0.001270, 0.001158, 0.001270, 0.001033, 0.001309, 0.001102, 0.001127, 0.000994, 0.001287, 0.001076, 0.001309, 0.000937, 0.001278, 0.001002, 0.001296, 0.001019, 0.001192, 0.000965, 0.000639, 0.001451, 0.001529, 0.001491, 0.001429, 0.001763, 0.001750, 0.001591, 0.001721, 0.001654, 0.001882, 0.001683, 0.001644, 0.001664, 0.001637, 0.001906, 0.001754, 0.001751, 0.001585, 0.001665, 0.001874, 0.001668, 0.001658, 0.001678, 0.001681, 0.000563, 0.001349, 0.001093, 0.001154, 0.001063, 0.001188, 0.000968, 0.001218, 0.001050, 0.001188, 0.001028, 0.001235, 0.001058, 0.001162, 0.001089, 0.001188, 0.001097, 0.001101, 0.001024, 0.001067, 0.001192, 0.001106, 0.001089, 0.000936, 0.001201, 0.000088, 0.001203, 0.001633, 0.001686, 0.001723, 0.001706, 0.001771, 0.001706, 0.001899, 0.001789, 0.001796, 0.001988, 0.001855, 0.001949, 0.001855, 0.001830, 0.001892, 0.001901, 0.001890, 0.001675, 0.001651, 0.001856
7 , 0, 0, 0, 0, 0, 0, 0
7 , 0.021160, 0.023706, 0.024189, 0.026985, 0.026658, 0.025756, 0.024746
8 , 0.001063, 0.001188, 0.000968, 0.001218, 0.001050, 0.001188, 0.001028, 0.001235, 0.001058, 0.001162, 0.001089, 0.001188, 0.001097, 0.001101, 0.001024, 0.001067, 0.001192, 0.001106, 0.001089, 0.000936, 0.001201, 0.000088, 0.001203, 0.001633, 0.001686, 0.001723, 0.001706, 0.001771, 0.001706, 0.001899, 0.001789, 0.001796, 0.001988, 0.001855, 0.001949, 0.001855, 0.001830, 0.001892, 0.001901, 0.001890, 0.001675, 0.001651, 0.001856, 0.001695, 0.001747, 0.001826, 0.000023, 0.001481, 0.001353, 0.001357, 0.001367, 0.001325, 0.001377, 0.001292, 0.001431, 0.001262, 0.001421, 0.001292, 0.001468, 0.001284, 0.001377, 0.001139, 0.001466, 0.001119, 0.001335, 0.000990, 0.001387, 0.001187, 0.001496, 0.000575, 0.000802, 0.001296, 0.001419, 0.001489, 0.001450, 0.001536, 0.001572, 0.001552, 0.001880, 0.001475, 0.001892, 0.002013, 0.001824, 0.001837, 0.001794, 0.002020, 0.001716, 0.001763, 0.001836, 0.001671, 0.001797, 0.001635
8 , 0, 0, 0, 0, 0, 0, 0
8 , 0.018402, 0.020052, 0.023043, 0.024097, 0.024629, 0.024064, 0.022148
9 , 0.001367, 0.001325, 0.001377, 0.001292, 0.001431, 0.001262, 0.001421, 0.001292, 0.001468, 0.001284, 0.001377, 0.001139, 0.001466, 0.001119, 0.001335, 0.000990, 0.001387, 0.001187, 0.001496, 0.000575, 0.000802, 0.001296, 0.001419, 0.001489, 0.001450, 0.001536, 0.001572, 0.001552, 0.001880, 0.001475, 0.001892, 0.002013, 0.001824, 0.001837, 0.001794, 0.002020, 0.001716, 0.001763, 0.001836, 0.001671, 0.001797, 0.001635, 0.001506, 0.001646, 0.000754, 0.001102, 0.001386, 0.001360, 0.001330, 0.001101, 0.001227, 0.001045, 0.001270, 0.000933, 0.001261, 0.001084, 0.001236, 0.001011, 0.001124, 0.000977, 0.001192, 0.000981, 0.001167, 0.000994, 0.001206, 0.001093, 0.001153, 0.001162, 0.001136, 0.001145, 0.000469, 0.001273, 0.001393, 0.001324, 0.001539, 0.001327, 0.001541, 0.001528, 0.001641, 0.001552, 0.001303, 0.001640, 0.001508, 0.001567, 0.001554, 0.001350, 0.001610, 0.001571, 0.001691, 0.001473, 0.001522, 0.001605
9 , 0, 0, 0, 0, 0, 0, 0
9 , 0.013306, 0.014347, 0.015530, 0.017733, 0.017978, 0.017979, 0.017408
10 , 0.001045, 0.001270, 0.000933, 0.001261, 0.001084, 0.001236, 0.001011, 0.001124, 0.000977, 0.001192, 0.000981, 0.001167, 0.000994, 0.001206, 0.001093, 0.001153, 0.001162, 0.001136, 0.001145, 0.000469, 0.001273, 0.001393, 0.001324, 0.001539, 0.001327, 0.001541, 0.001528, 0.001641, 0.001552, 0.001303, 0.001640, 0.001508, 0.001567, 0.001554, 0.001350, 0.001610, 0.001571, 0.001691, 0.001473, 0.001522, 0.001605, 0.001542, 0.001781, 0.001396, 0.000520, 0.001346, 0.001301, 0.001161, 0.001060, 0.001125, 0.001125, 0.001142, 0.001124, 0.001102, 0.001097, 0.001192, 0.001244, 0.001119, 0.001235, 0.001119, 0.001167, 0.001198, 0.001380, 0.001246, 0.001429, 0.001186, 0.001601, 0.000228, 0.000929, 0.001147, 0.001118, 0.001106, 0.000998, 0.001032, 0.001398, 0.001314, 0.001384, 0.001286, 0.001519, 0.001404, 0.001474, 0.001614, 0.001396, 0.001810, 0.001638, 0.001691, 0.001698, 0.001519, 0.001830, 0.001764, 0.001754, 0.001757
10 , 0, 0, 0, 0, 0, 0, 0
10 , 0.013732, 0.015068, 0.015775, 0.016339, 0.016331, 0.016672, 0.015217
11 , 0.001142, 0.001124, 0.001102, 0.001097, 0.001192, 0.001244, 0.001119, 0.001235, 0.001119, 0.001167, 0.001198, 0.001380, 0.001246, 0.001429, 0.001186, 0.001601, 0.000228, 0.000929, 0.001147, 0.001118, 0.001106, 0.000998, 0.001032, 0.001398, 0.001314, 0.001384, 0.001286, 0.001519, 0.001404, 0.001474, 0.001614, 0.001396, 0.001810, 0.001638, 0.001691, 0.001698, 0.001519, 0.001830, 0.001764, 0.001754, 0.001757, 0.001485, 0.002025, 0.000081, 0.001386, 0.001152, 0.001283, 0.000903, 0.001149, 0.001005, 0.001152, 0.000999, 0.001181, 0.001089, 0.001064, 0.000896, 0.001030, 0.000896, 0.000987, 0.000992, 0.000983, 0.001073, 0.001073, 0.001095, 0.001021, 0.001107, 0.001115, 0.001180, 0.001046, 0.001097, 0.000955, 0.001089, 0.000942, 0.001352, 0.001158, 0.001279, 0.001185, 0.001336, 0.001165, 0.001286, 0.001214, 0.001528, 0.001192, 0.001450, 0.001182, 0.001302, 0.001215, 0.001361, 0.001106, 0.001201, 0.000963, 0.001158
11 , 0, 0, 0, 0, 0, 0, 0
11 , 0.010530, 0.011234, 0.011218, 0.012162, 0.011784, 0.011565, 0.010231
12 , 0.001005, 0.001152, 0.000999, 0.001181, 0.001089, 0.001064, 0.000896, 0.001030, 0.000896, 0.000987, 0.000992, 0.000983, 0.001073, 0.001073, 0.001095, 0.001021, 0.001107, 0.001115, 0.001180, 0.001046, 0.001097, 0.000955, 0.001089, 0.000942, 0.001352, 0.001158, 0.001279, 0.001185, 0.001336, 0.001165, 0.001286, 0.001214, 0.001528, 0.001192, 0.001450, 0.001182, 0.001302, 0.001215, 0.001361, 0.001106, 0.001201, 0.000963, 0.001158, 0.000917, 0.001040, 0.000885, 0.001141, 0.000865, 0.001018, 0.000939, 0.000986, 0.000684, 0.000933, 0.000798, 0.001023, 0.000779, 0.000963, 0.000828, 0.000827, 0.000822, 0.001007, 0.000873, 0.000870, 0.000819, 0.001023, 0.000889, 0.000826, 0.000870, 0.000969, 0.000969, 0.001081, 0.000951, 0.001007, 0.000905, 0.000830, 0.000963, 0.000940, 0.000987, 0.000943, 0.001116, 0.000947, 0.000999, 0.000934, 0.001193, 0.001042, 0.001120, 0.000826, 0.001077, 0.000985, 0.001236, 0.000929, 0.001184
12 , 0, 0, 0, 0, 0, 0, 0
12 , 0.005484, 0.006052, 0.005520, 0.006063, 0.005734, 0.006252, 0.005672
13 , 0.000684, 0.000933, 0.000798, 0.001023, 0.000779, 0.000963, 0.000828, 0.000827, 0.000822, 0.001007, 0.000873, 0.000870, 0.000819, 0.001023, 0.000889, 0.000826, 0.000870, 0.000969, 0.000969, 0.001081, 0.000951, 0.001007, 0.000905, 0.000830, 0.000963, 0.000940, 0.000987, 0.000943, 0.001116, 0.000947, 0.000999, 0.000934, 0.001193, 0.001042, 0.001120, 0.000826, 0.001077, 0.000985, 0.001236, 0.000929, 0.001184, 0.001016, 0.001227, 0.001054, 0.001223, 0.001080, 0.001287, 0.001058, 0.001317, 0.001093, 0.001373, 0.001171, 0.001253, 0.001055, 0.001353, 0.001215, 0.001387, 0.001219, 0.001353, 0.001133, 0.001422, 0.001155, 0.001426, 0.001158, 0.001257, 0.001128, 0.001261, 0.001162, 0.001248, 0.001011, 0.001257, 0.001119, 0.001417, 0.001114, 0.001192, 0.001145, 0.001279, 0.001145, 0.001063, 0.001111, 0.001227, 0.001141, 0.001106, 0.001067, 0.001166, 0.001287, 0.001218, 0.001153, 0.001209, 0.001067, 0.001050, 0.001274
13 , 3, 3, 3, 3, 3, 3, 3
13 , 0.004141, 0.004427, 0.004436, 0.004647, 0.004610, 0.005571, 0.005639
14 , 0.001253, 0.001055, 0.001353, 0.001215, 0.001387, 0.001219, 0.001353, 0.001133, 0.001422, 0.001155, 0.001426, 0.001158, 0.001257, 0.001128, 0.001261, 0.001162, 0.001248, 0.001011, 0.001257, 0.001119, 0.001417, 0.001114, 0.001192, 0.001145, 0.001279, 0.001145, 0.001063, 0.001111, 0.001227, 0.001141, 0.001106, 0.001067, 0.001166, 0.001287, 0.001218, 0.001153, 0.001209, 0.001067, 0.001050, 0.001274, 0.001149, 0.001145, 0.001033, 0.001210, 0.001188, 0.001227, 0.001102, 0.001154, 0.001012, 0.001184, 0.001158, 0.001237, 0.001119, 0.001219, 0.001016, 0.001078, 0.000870, 0.001117, 0.000991, 0.001150, 0.000896, 0.001168, 0.001034, 0.001159, 0.000930, 0.001137, 0.000968, 0.001224, 0.000926, 0.001155, 0.000865, 0.001211, 0.001004, 0.001182, 0.001143, 0.001277, 0.000948, 0.001220, 0.001055, 0.001214, 0.001046, 0.001245, 0.001002, 0.001274, 0.001145, 0.001309, 0.001089, 0.001210, 0.001063, 0.001218, 0.001141, 0.001270
14 , 2, 2, 2, 2, 2, 2, 2
14 , 0.002171, 0.002682, 0.002972, 0.003570, 0.003373, 0.003801, 0.003743
15 , 0.001237, 0.001119, 0.001219, 0.001016, 0.001078, 0.000870, 0.001117, 0.000991, 0.001150, 0.000896, 0.001168, 0.001034, 0.001159, 0.000930, 0.001137, 0.000968, 0.001224, 0.000926, 0.001155, 0.000865, 0.001211, 0.001004, 0.001182, 0.001143, 0.001277, 0.000948, 0.001220, 0.001055, 0.001214, 0.001046, 0.001245, 0.001002, 0.001274, 0.001145, 0.001309, 0.001089, 0.001210, 0.001063, 0.001218, 0.001141, 0.001270, 0.001093, 0.001201, 0.001101, 0.001369, 0.001166, 0.001240, 0.001171, 0.001279, 0.001184, 0.001378, 0.001098, 0.001184, 0.001326, 0.001253, 0.001201, 0.001270, 0.001132, 0.001287, 0.001093, 0.001309, 0.001248, 0.001261, 0.001232, 0.001224, 0.001242, 0.001466, 0.001385, 0.001309, 0.001444, 0.001497, 0.001489, 0.001386, 0.001741, 0.001605, 0.001677, 0.001601, 0.001564, 0.001507, 0.001518, 0.001382, 0.001480, 0.001538, 0.001610, 0.001327, 0.001425, 0.001308, 0.001271, 0.001102, 0.001425, 0.001033, 0.001280
15 , 0, 0, 0, 0, 0, 0, 0
15 , 0.005560, 0.006387, 0.005627, 0.005544, 0.004863, 0.004655, 0.003059
16 , 0.001171, 0.001279, 0.001184, 0.001378, 0.001098, 0.001184, 0.001326, 0.001253, 0.001201, 0.001270, 0.001132, 0.001287, 0.001093, 0.001309, 0.001248, 0.001261, 0.001232, 0.001224, 0.001242, 0.001466, 0.001385, 0.001309, 0.001444, 0.001497, 0.001489, 0.001386, 0.001741, 0.001605, 0.001677, 0.001601, 0.001564, 0.001507, 0.001518, 0.001382, 0.001480, 0.001538, 0.001610, 0.001327, 0.001425, 0.001308, 0.001271, 0.001102, 0.001425, 0.001033, 0.001280, 0.001082, 0.001171, 0.000853, 0.000949, 0.000771, 0.000954, 0.000753, 0.000772, 0.000702, 0.000802, 0.000696, 0.000907, 0.000646, 0.000852, 0.000606, 0.000852, 0.000696, 0.000927, 0.000637, 0.000848, 0.000819, 0.000960, 0.000817, 0.001086, 0.000995, 0.001097, 0.000966, 0.001134, 0.001175, 0.001361, 0.001183, 0.001296, 0.001119, 0.001231, 0.001038, 0.001405, 0.001268, 0.001410, 0.001289, 0.001323, 0.001160, 0.001289, 0.001219, 0.001292, 0.001175, 0.001322, 0.001127
16 , 0, 0, 0, 0, 0, 0, 0
16 , 0.013929, 0.013931, 0.013824, 0.013722, 0.012890, 0.011821, 0.010541
