0 , 0.001621, 0.001863, 0.001843, 0.001836, 0.001788, 0.001886, 0.001937, 0.001694, 0.001876, 0.001862, 0.001896, 0.001886, 0.001867, 0.001902, 0.000143, 0.001580, 0.001620, 0.001619, 0.001618, 0.001435, 0.001432, 0.001489, 0.001454, 0.001480, 0.001540, 0.001534, 0.001472, 0.001567, 0.001531, 0.001497, 0.001490, 0.001517, 0.001455, 0.001700, 0.001419, 0.001513, 0.001475, 0.001530, 0.000575, 0.001342, 0.001325, 0.001562, 0.001288, 0.001595, 0.001394, 0.001643, 0.001573, 0.001685, 0.001663, 0.001589, 0.001851, 0.001747, 0.001819, 0.001715, 0.001789, 0.001634, 0.001859, 0.001876, 0.001917, 0.001957, 0.001728, 0.001978, 0.000980, 0.001305, 0.001744, 0.001607, 0.001614, 0.001605, 0.001574, 0.001322, 0.001533, 0.001494, 0.001586, 0.001490, 0.001700, 0.001631, 0.001600, 0.001475, 0.001627, 0.001561, 0.001655, 0.001658, 0.001597, 0.001503, 0.001600, 0.001661, 0.001549, 0.001657, 0.000156, 0.001354, 0.001329, 0.001634
0 , 1, 1, 1, 1, 1, 1, 1
0 , 0.010057, 0.010084, 0.009367, 0.008800, 0.008197, 0.007554, 0.007036
1 , 0.001685, 0.001663, 0.001589, 0.001851, 0.001747, 0.001819, 0.001715, 0.001789, 0.001634, 0.001859, 0.001876, 0.001917, 0.001957, 0.001728, 0.001978, 0.000980, 0.001305, 0.001744, 0.001607, 0.001614, 0.001605, 0.001574, 0.001322, 0.001533, 0.001494, 0.001586, 0.001490, 0.001700, 0.001631, 0.001600, 0.001475, 0.001627, 0.001561, 0.001655, 0.001658, 0.001597, 0.001503, 0.001600, 0.001661, 0.001549, 0.001657, 0.000156, 0.001354, 0.001329, 0.001634, 0.001508, 0.001586, 0.001556, 0.001735, 0.001745, 0.001688, 0.001715, 0.001708, 0.001921, 0.001806, 0.001843, 0.001657, 0.001983, 0.001932, 0.001743, 0.001755, 0.001686, 0.001932, 0.001711, 0.001858, 0.001689, 0.000475, 0.001604, 0.001495, 0.001593, 0.001438, 0.001447, 0.001289, 0.001353, 0.001233, 0.001359, 0.001204, 0.001390, 0.001147, 0.001303, 0.001114, 0.001274, 0.001095, 0.001287, 0.001135, 0.001293, 0.001254, 0.001338, 0.001188, 0.000566, 0.001715, 0.001765
1 , 1, 1, 1, 1, 1, 1, 1
1 , 0.012764, 0.013754, 0.013777, 0.013291, 0.012108, 0.010688, 0.009288
2 , 0.001735, 0.001745, 0.001688, 0.001715, 0.001708, 0.001921, 0.001806, 0.001843, 0.001657, 0.001983, 0.001932, 0.001743, 0.001755, 0.001686, 0.001932, 0.001711, 0.001858, 0.001689, 0.000475, 0.001604, 0.001495, 0.001593, 0.001438, 0.001447, 0.001289, 0.001353, 0.001233, 0.001359, 0.001204, 0.001390, 0.001147, 0.001303, 0.001114, 0.001274, 0.001095, 0.001287, 0.001135, 0.001293, 0.001254, 0.001338, 0.001188, 0.000566, 0.001715, 0.001765, 0.001923, 0.001931, 0.002014, 0.002060, 0.001898, 0.002173, 0.001783, 0.001905, 0.001696, 0.001836, 0.001816, 0.001880, 0.001647, 0.001634, 0.001707, 0.001442, 0.001741, 0.001640, 0.001690, 0.001612, 0.001562, 0.001672, 0.001573, 0.001943, 0.000012, 0.001832, 0.001568, 0.001722, 0.001539, 0.001455, 0.001392, 0.001639, 0.001367, 0.001383, 0.001292, 0.001420, 0.001327, 0.001363, 0.001335, 0.001430, 0.001253, 0.001375, 0.001376, 0.001460, 0.001519, 0.001283, 0.001344, 0.001253
2 , 1, 1, 1, 1, 1, 1, 1
2 , 0.018070, 0.014666, 0.014525, 0.014010, 0.013127, 0.012308, 0.010910
3 , 0.002014, 0.002060, 0.001898, 0.002173, 0.001783, 0.001905, 0.001696, 0.001836, 0.001816, 0.001880, 0.001647, 0.001634, 0.001707, 0.001442, 0.001741, 0.001640, 0.001690, 0.001612, 0.001562, 0.001672, 0.001573, 0.001943, 0.000012, 0.001832, 0.001568, 0.001722, 0.001539, 0.001455, 0.001392, 0.001639, 0.001367, 0.001383, 0.001292, 0.001420, 0.001327, 0.001363, 0.001335, 0.001430, 0.001253, 0.001375, 0.001376, 0.001460, 0.001519, 0.001283, 0.001344, 0.001253, 0.001347, 0.001251, 0.000852, 0.001712, 0.001605, 0.001696, 0.001687, 0.001716, 0.001737, 0.001774, 0.001717, 0.001633, 0.001846, 0.001675, 0.001745, 0.001533, 0.001839, 0.001779, 0.001769, 0.001748, 0.001529, 0.001677, 0.001583, 0.001778, 0.001463, 0.001787, 0.001103, 0.001434, 0.001865, 0.001765, 0.001623, 0.001709, 0.001467, 0.001527, 0.001581, 0.001648, 0.001466, 0.001592, 0.001553, 0.001530, 0.001405, 0.001622, 0.001438, 0.001562, 0.001352, 0.001627
3 , 1, 1, 1, 1, 1, 1, 1
3 , 0.009355, 0.009850, 0.010772, 0.011331, 0.008994, 0.009530, 0.008937
4 , 0.001712, 0.001605, 0.001696, 0.001687, 0.001716, 0.001737, 0.001774, 0.001717, 0.001633, 0.001846, 0.001675, 0.001745, 0.001533, 0.001839, 0.001779, 0.001769, 0.001748, 0.001529, 0.001677, 0.001583, 0.001778, 0.001463, 0.001787, 0.001103, 0.001434, 0.001865, 0.001765, 0.001623, 0.001709, 0.001467, 0.001527, 0.001581, 0.001648, 0.001466, 0.001592, 0.001553, 0.001530, 0.001405, 0.001622, 0.001438, 0.001562, 0.001352, 0.001627, 0.001419, 0.001569, 0.001275, 0.001657, 0.000055, 0.001361, 0.001607, 0.001516, 0.001479, 0.001469, 0.001620, 0.001639, 0.001618, 0.001576, 0.001467, 0.001614, 0.001340, 0.001553, 0.001316, 0.001571, 0.001553, 0.001617, 0.001632, 0.001555, 0.001820, 0.001530, 0.001544, 0.001550, 0.001624, 0.000668, 0.001784, 0.001593, 0.001611, 0.001308, 0.001500, 0.001291, 0.001397, 0.001240, 0.001305, 0.001212, 0.001404, 0.001277, 0.001367, 0.001270, 0.001355, 0.001170, 0.001408, 0.001308, 0.001498
4 , 1, 1, 1, 1, 1, 1, 1
4 , 0.003452, 0.003785, 0.005318, 0.005680, 0.009341, 0.007038, 0.006939
5 , 0.001516, 0.001479, 0.001469, 0.001620, 0.001639, 0.001618, 0.001576, 0.001467, 0.001614, 0.001340, 0.001553, 0.001316, 0.001571, 0.001553, 0.001617, 0.001632, 0.001555, 0.001820, 0.001530, 0.001544, 0.001550, 0.001624, 0.000668, 0.001784, 0.001593, 0.001611, 0.001308, 0.001500, 0.001291, 0.001397, 0.001240, 0.001305, 0.001212, 0.001404, 0.001277, 0.001367, 0.001270, 0.001355, 0.001170, 0.001408, 0.001308, 0.001498, 0.001340, 0.001519, 0.001625, 0.001482, 0.001549, 0.000823, 0.001378, 0.001398, 0.001566, 0.001533, 0.001637, 0.001418, 0.001545, 0.001578, 0.001575, 0.001586, 0.001620, 0.001781, 0.001634, 0.001849, 0.001695, 0.001816, 0.001813, 0.001725, 0.001648, 0.001661, 0.001910, 0.001745, 0.001714, 0.001732, 0.000473, 0.001579, 0.001563, 0.001620, 0.001497, 0.001404, 0.001398, 0.001448, 0.001359, 0.001418, 0.001502, 0.001433, 0.001343, 0.001551, 0.001578, 0.001542, 0.001390, 0.001604, 0.001513, 0.001514
5 , 1, 1, 1, 1, 1, 1, 1
5 , 0.004699, 0.006697, 0.007450, 0.007905, 0.008034, 0.006770, 0.007367
6 , 0.001566, 0.001533, 0.001637, 0.001418, 0.001545, 0.001578, 0.001575, 0.001586, 0.001620, 0.001781, 0.001634, 0.001849, 0.001695, 0.001816, 0.001813, 0.001725, 0.001648, 0.001661, 0.001910, 0.001745, 0.001714, 0.001732, 0.000473, 0.001579, 0.001563, 0.001620, 0.001497, 0.001404, 0.001398, 0.001448, 0.001359, 0.001418, 0.001502, 0.001433, 0.001343, 0.001551, 0.001578, 0.001542, 0.001390, 0.001604, 0.001513, 0.001514, 0.001510, 0.001543, 0.001481, 0.001653, 0.000414, 0.001476, 0.001249, 0.001458, 0.001434, 0.001664, 0.001438, 0.001717, 0.001653, 0.001687, 0.001717, 0.001693, 0.001605, 0.001632, 0.001626, 0.001640, 0.001929, 0.001600, 0.001704, 0.001661, 0.001677, 0.001849, 0.001660, 0.001819, 0.001014, 0.001107, 0.001673, 0.001510, 0.001525, 0.001337, 0.001532, 0.001258, 0.001331, 0.001211, 0.001376, 0.001134, 0.001350, 0.001319, 0.001265, 0.001195, 0.001386, 0.001226, 0.001225, 0.001225, 0.001318, 0.001281
6 , 1, 1, 1, 1, 1, 1, 1
6 , 0.007420, 0.009219, 0.010283, 0.012267, 0.009572, 0.010695, 0.011076
7 , 0.001458, 0.001434, 0.001664, 0.001438, 0.001717, 0.001653, 0.001687, 0.001717, 0.001693, 0.001605, 0.001632, 0.001626, 0.001640, 0.001929, 0.001600, 0.001704, 0.001661, 0.001677, 0.001849, 0.001660, 0.001819, 0.001014, 0.001107, 0.001673, 0.001510, 0.001525, 0.001337, 0.001532, 0.001258, 0.001331, 0.001211, 0.001376, 0.001134, 0.001350, 0.001319, 0.001265, 0.001195, 0.001386, 0.001226, 0.001225, 0.001225, 0.001318, 0.001281, 0.001338, 0.001350, 0.001212, 0.001388, 0.000173, 0.001582, 0.001351, 0.001724, 0.001695, 0.001705, 0.001587, 0.001641, 0.001670, 0.001616, 0.001720, 0.001434, 0.001743, 0.001632, 0.001575, 0.001559, 0.001589, 0.001725, 0.001755, 0.001796, 0.001482, 0.001883, 0.001789, 0.001728, 0.001574, 0.000693, 0.001627, 0.001620, 0.001505, 0.001465, 0.001507, 0.001503, 0.001537, 0.001480, 0.001380, 0.001442, 0.001594, 0.001432, 0.001584, 0.001393, 0.001635, 0.001599, 0.001597, 0.001531, 0.001533
7 , 1, 1, 1, 1, 1, 1, 1
7 , 0.005647, 0.008020, 0.009806, 0.009732, 0.011855, 0.010421, 0.010757
8 , 0.001724, 0.001695, 0.001705, 0.001587, 0.001641, 0.001670, 0.001616, 0.001720, 0.001434, 0.001743, 0.001632, 0.001575, 0.001559, 0.001589, 0.001725, 0.001755, 0.001796, 0.001482, 0.001883, 0.001789, 0.001728, 0.001574, 0.000693, 0.001627, 0.001620, 0.001505, 0.001465, 0.001507, 0.001503, 0.001537, 0.001480, 0.001380, 0.001442, 0.001594, 0.001432, 0.001584, 0.001393, 0.001635, 0.001599, 0.001597, 0.001531, 0.001533, 0.001434, 0.001567, 0.001574, 0.001109, 0.000932, 0.001313, 0.001287, 0.001711, 0.001370, 0.001541, 0.001468, 0.001578, 0.001541, 0.001639, 0.001524, 0.001602, 0.001783, 0.001513, 0.001676, 0.001529, 0.001754, 0.001650, 0.001640, 0.001553, 0.001563, 0.001944, 0.001812, 0.001981, 0.000076, 0.001410, 0.001670, 0.001700, 0.001606, 0.001480, 0.001605, 0.001479, 0.001603, 0.001384, 0.001600, 0.001477, 0.001476, 0.001317, 0.001533, 0.001444, 0.001474, 0.001562, 0.001628, 0.001473, 0.001446, 0.001445
8 , 1, 1, 1, 1, 1, 1, 1
8 , 0.002369, 0.004778, 0.006950, 0.005587, 0.003905, 0.004815, 0.004911
9 , 0.001287, 0.001711, 0.001370, 0.001541, 0.001468, 0.001578, 0.001541, 0.001639, 0.001524, 0.001602, 0.001783, 0.001513, 0.001676, 0.001529, 0.001754, 0.001650, 0.001640, 0.001553, 0.001563, 0.001944, 0.001812, 0.001981, 0.000076, 0.001410, 0.001670, 0.001700, 0.001606, 0.001480, 0.001605, 0.001479, 0.001603, 0.001384, 0.001600, 0.001477, 0.001476, 0.001317, 0.001533, 0.001444, 0.001474, 0.001562, 0.001628, 0.001473, 0.001446, 0.001445, 0.001537, 0.001416, 0.001418, 0.001400, 0.000529, 0.001489, 0.001304, 0.001563, 0.001539, 0.001607, 0.001519, 0.001634, 0.001707, 0.001637, 0.001701, 0.001523, 0.001845, 0.001707, 0.001707, 0.001546, 0.001728, 0.001829, 0.001620, 0.001724, 0.001559, 0.001761, 0.001511, 0.001670, 0.000866, 0.001246, 0.001853, 0.001809, 0.001818, 0.001628, 0.001719, 0.001595, 0.001628, 0.001596, 0.001720, 0.001537, 0.001753, 0.001566, 0.001625, 0.001566, 0.001815, 0.001538, 0.001724, 0.001631
9 , 2, 2, 2, 2, 2, 2, 2
9 , 0.001561, 0.002760, 0.003652, 0.004910, 0.002072, 0.003138, 0.004202
10 , 0.001489, 0.001304, 0.001563, 0.001539, 0.001607, 0.001519, 0.001634, 0.001707, 0.001637, 0.001701, 0.001523, 0.001845, 0.001707, 0.001707, 0.001546, 0.001728, 0.001829, 0.001620, 0.001724, 0.001559, 0.001761, 0.001511, 0.001670, 0.000866, 0.001246, 0.001853, 0.001809, 0.001818, 0.001628, 0.001719, 0.001595, 0.001628, 0.001596, 0.001720, 0.001537, 0.001753, 0.001566, 0.001625, 0.001566, 0.001815, 0.001538, 0.001724, 0.001631, 0.001638, 0.001689, 0.001588, 0.001565, 0.000328, 0.001395, 0.001278, 0.001226, 0.001383, 0.001485, 0.001556, 0.001465, 0.001623, 0.001529, 0.001650, 0.001414, 0.001647, 0.001727, 0.001636, 0.001672, 0.001503, 0.001719, 0.001533, 0.001643, 0.001452, 0.001492, 0.001601, 0.001525, 0.001428, 0.001275, 0.001697, 0.000563, 0.001915, 0.001752, 0.001758, 0.001634, 0.001634, 0.001507, 0.001721, 0.001475, 0.001536, 0.001569, 0.001663, 0.001566, 0.001720, 0.001658, 0.001723, 0.001696, 0.001701
10 , 0, 0, 0, 2, 2, 2, 2
10 , 0.003083, 0.003501, 0.003046, 0.002430, 0.002946, 0.002289, 0.001324
11 , 0.000328, 0.001395, 0.001278, 0.001226, 0.001383, 0.001485, 0.001556, 0.001465, 0.001623, 0.001529, 0.001650, 0.001414, 0.001647, 0.001727, 0.001636, 0.001672, 0.001503, 0.001719, 0.001533, 0.001643, 0.001452, 0.001492, 0.001601, 0.001525, 0.001428, 0.001275, 0.001697, 0.000563, 0.001915, 0.001752, 0.001758, 0.001634, 0.001634, 0.001507, 0.001721, 0.001475, 0.001536, 0.001569, 0.001663, 0.001566, 0.001720, 0.001658, 0.001723, 0.001696, 0.001701, 0.001520, 0.001465, 0.001500, 0.001600, 0.001485, 0.001421, 0.001489, 0.001451, 0.001629, 0.001501, 0.001553, 0.001672, 0.001732, 0.001544, 0.001752, 0.001652, 0.001834, 0.001675, 0.001829, 0.001671, 0.001825, 0.001640, 0.001762, 0.001704, 0.001832, 0.001682, 0.001809, 0.001596, 0.001632, 0.001541, 0.001547, 0.001525, 0.001562, 0.001536, 0.001510, 0.001447, 0.001541, 0.001388, 0.001456, 0.001366, 0.001465, 0.001375, 0.001220, 0.001436, 0.001405, 0.001442, 0.001310
11 , 3, 3, 3, 3, 3, 3, 3
11 , 0.004050, 0.004455, 0.005361, 0.005997, 0.005280, 0.005419, 0.005552
12 , 0.001485, 0.001421, 0.001489, 0.001451, 0.001629, 0.001501, 0.001553, 0.001672, 0.001732, 0.001544, 0.001752, 0.001652, 0.001834, 0.001675, 0.001829, 0.001671, 0.001825, 0.001640, 0.001762, 0.001704, 0.001832, 0.001682, 0.001809, 0.001596, 0.001632, 0.001541, 0.001547, 0.001525, 0.001562, 0.001536, 0.001510, 0.001447, 0.001541, 0.001388, 0.001456, 0.001366, 0.001465, 0.001375, 0.001220, 0.001436, 0.001405, 0.001442, 0.001310, 0.001461, 0.001397, 0.001553, 0.001461, 0.001554, 0.001427, 0.001401, 0.001365, 0.001583, 0.001360, 0.001540, 0.001387, 0.001448, 0.001345, 0.001529, 0.001436, 0.001588, 0.001462, 0.001671, 0.001515, 0.001516, 0.001544, 0.001480, 0.001450, 0.001542, 0.001599, 0.001572, 0.001542, 0.001572, 0.001602, 0.001570, 0.001570, 0.001453, 0.001460, 0.001454, 0.001517, 0.001392, 0.001608, 0.001483, 0.001674, 0.001404, 0.001465, 0.001346, 0.001569, 0.001353, 0.001484, 0.001302, 0.001390, 0.001354
12 , 2, 2, 1, 1, 1, 1, 1
12 , 0.003151, 0.003198, 0.003613, 0.004186, 0.004875, 0.005680, 0.006299
13 , 0.001360, 0.001540, 0.001387, 0.001448, 0.001345, 0.001529, 0.001436, 0.001588, 0.001462, 0.001671, 0.001515, 0.001516, 0.001544, 0.001480, 0.001450, 0.001542, 0.001599, 0.001572, 0.001542, 0.001572, 0.001602, 0.001570, 0.001570, 0.001453, 0.001460, 0.001454, 0.001517, 0.001392, 0.001608, 0.001483, 0.001674, 0.001404, 0.001465, 0.001346, 0.001569, 0.001353, 0.001484, 0.001302, 0.001390, 0.001354, 0.001480, 0.001315, 0.001495, 0.001461, 0.001402, 0.001429, 0.001458, 0.001393, 0.001337, 0.001456, 0.001487, 0.001305, 0.001308, 0.001462, 0.001365, 0.001519, 0.001490, 0.001461, 0.001336, 0.001522, 0.001336, 0.001489, 0.001427, 0.001490, 0.001273, 0.001487, 0.001451, 0.001479, 0.001386, 0.001573, 0.001325, 0.001602, 0.001449, 0.001364, 0.001365, 0.001371, 0.001306, 0.001462, 0.001313, 0.001374, 0.001527, 0.001376, 0.001463, 0.001399, 0.001365, 0.001272, 0.001426, 0.001304, 0.001392, 0.001396, 0.001361, 0.001358
13 , 1, 1, 1, 1, 1, 1, 1
13 , 0.000850, 0.001167, 0.001931, 0.001866, 0.002554, 0.002789, 0.002598
14 , 0.001305, 0.001308, 0.001462, 0.001365, 0.001519, 0.001490, 0.001461, 0.001336, 0.001522, 0.001336, 0.001489, 0.001427, 0.001490, 0.001273, 0.001487, 0.001451, 0.001479, 0.001386, 0.001573, 0.001325, 0.001602, 0.001449, 0.001364, 0.001365, 0.001371, 0.001306, 0.001462, 0.001313, 0.001374, 0.001527, 0.001376, 0.001463, 0.001399, 0.001365, 0.001272, 0.001426, 0.001304, 0.001392, 0.001396, 0.001361, 0.001358, 0.001511, 0.001355, 0.001538, 0.001447, 0.001482, 0.001327, 0.001579, 0.001334, 0.001400, 0.001398, 0.001402, 0.001249, 0.001378, 0.001313, 0.001440, 0.001200, 0.001352, 0.001380, 0.001356, 0.001257, 0.001375, 0.001493, 0.001460, 0.001428, 0.001304, 0.001396, 0.001334, 0.001457, 0.001393, 0.001455, 0.001420, 0.001453, 0.001267, 0.001387, 0.001292, 0.001507, 0.001353, 0.001590, 0.001432, 0.001497, 0.001401, 0.001587, 0.001461, 0.001646, 0.001523, 0.001556, 0.001371, 0.001525, 0.001497, 0.001437, 0.001497
14 , 2, 2, 2, 2, 2, 2, 2
14 , 0.002458, 0.002355, 0.002754, 0.002752, 0.002800, 0.002818, 0.003011
15 , 0.001249, 0.001378, 0.001313, 0.001440, 0.001200, 0.001352, 0.001380, 0.001356, 0.001257, 0.001375, 0.001493, 0.001460, 0.001428, 0.001304, 0.001396, 0.001334, 0.001457, 0.001393, 0.001455, 0.001420, 0.001453, 0.001267, 0.001387, 0.001292, 0.001507, 0.001353, 0.001590, 0.001432, 0.001497, 0.001401, 0.001587, 0.001461, 0.001646, 0.001523, 0.001556, 0.001371, 0.001525, 0.001497, 0.001437, 0.001497, 0.001467, 0.001503, 0.001446, 0.001447, 0.001327, 0.001358, 0.001267, 0.001366, 0.001304, 0.001431, 0.001273, 0.001430, 0.001244, 0.001432, 0.001308, 0.001410, 0.001225, 0.001322, 0.001231, 0.001239, 0.001176, 0.001211, 0.001144, 0.001325, 0.001168, 0.001353, 0.001324, 0.001289, 0.001342, 0.001344, 0.001369, 0.001304, 0.001271, 0.001325, 0.001353, 0.001409, 0.001408, 0.001315, 0.001559, 0.001436, 0.001468, 0.001311, 0.001587, 0.001372, 0.001496, 0.001277, 0.001372, 0.001373, 0.001530, 0.001408, 0.001406, 0.001406
15 , 0, 0, 0, 0, 0, 0, 0
15 , 0.004403, 0.004341, 0.004270, 0.004339, 0.004231, 0.004293, 0.004133
16 , 0.001267, 0.001366, 0.001304, 0.001431, 0.001273, 0.001430, 0.001244, 0.001432, 0.001308, 0.001410, 0.001225, 0.001322, 0.001231, 0.001239, 0.001176, 0.001211, 0.001144, 0.001325, 0.001168, 0.001353, 0.001324, 0.001289, 0.001342, 0.001344, 0.001369, 0.001304, 0.001271, 0.001325, 0.001353, 0.001409, 0.001408, 0.001315, 0.001559, 0.001436, 0.001468, 0.001311, 0.001587, 0.001372, 0.001496, 0.001277, 0.001372, 0.001373, 0.001530, 0.001408, 0.001406, 0.001406, 0.001294, 0.001204, 0.001329, 0.001297, 0.001356, 0.001235, 0.001240, 0.001308, 0.001282, 0.001251, 0.001223, 0.001290, 0.001200, 0.001321, 0.001166, 0.001198, 0.001223, 0.001314, 0.001154, 0.001186, 0.001155, 0.001304, 0.001243, 0.001368, 0.001152, 0.001273, 0.001148, 0.001335, 0.001299, 0.001239, 0.001152, 0.001245, 0.001183, 0.001307, 0.001283, 0.001255, 0.001227, 0.001262, 0.001262, 0.001262, 0.001294, 0.001173, 0.001240, 0.001114, 0.001201, 0.001077
16 , 3, 3, 3, 3, 3, 3, 3
16 , 0.002310, 0.002423, 0.002637, 0.002645, 0.002488, 0.002216, 0.002051
