0 , 0.001553, 0.001579, 0.001750, 0.001726, 0.001859, 0.001662, 0.001908, 0.001713, 0.001873, 0.001908, 0.001986, 0.002034, 0.002010, 0.002061, 0.001929, 0.002074, 0.002054, 0.002091, 0.001913, 0.002024, 0.001996, 0.002084, 0.001660, 0.000728, 0.001434, 0.001542, 0.001277, 0.001361, 0.001275, 0.001181, 0.001294, 0.001261, 0.001290, 0.001223, 0.001463, 0.001462, 0.001400, 0.001398, 0.001457, 0.001303, 0.001425, 0.001301, 0.001457, 0.001450, 0.001400, 0.001503, 0.000461, 0.001402, 0.001714, 0.001518, 0.001732, 0.001671, 0.001762, 0.001714, 0.001720, 0.001960, 0.001789, 0.001765, 0.001762, 0.001966, 0.001905, 0.001872, 0.001759, 0.001853, 0.001926, 0.001960, 0.001875, 0.001671, 0.001947, 0.001688, 0.001950, 0.000167, 0.001381, 0.001564, 0.001474, 0.001415, 0.001294, 0.001396, 0.001184, 0.001314, 0.001045, 0.001180, 0.001085, 0.001243, 0.001030, 0.001177, 0.001176, 0.001305, 0.001116, 0.001238, 0.001134, 0.001288
0 , 1, 1, 1, 1, 1, 1, 1
0 , 0.016853, 0.019392, 0.022319, 0.026455, 0.024623, 0.022671, 0.022655
1 , 0.001518, 0.001732, 0.001671, 0.001762, 0.001714, 0.001720, 0.001960, 0.001789, 0.001765, 0.001762, 0.001966, 0.001905, 0.001872, 0.001759, 0.001853, 0.001926, 0.001960, 0.001875, 0.001671, 0.001947, 0.001688, 0.001950, 0.000167, 0.001381, 0.001564, 0.001474, 0.001415, 0.001294, 0.001396, 0.001184, 0.001314, 0.001045, 0.001180, 0.001085, 0.001243, 0.001030, 0.001177, 0.001176, 0.001305, 0.001116, 0.001238, 0.001134, 0.001288, 0.001129, 0.001162, 0.001225, 0.001280, 0.000924, 0.001039, 0.001892, 0.001629, 0.001724, 0.001925, 0.001805, 0.001976, 0.001879, 0.002063, 0.001868, 0.001921, 0.001836, 0.001871, 0.001938, 0.001844, 0.001841, 0.001801, 0.002084, 0.001898, 0.002053, 0.001901, 0.001993, 0.001932, 0.002008, 0.000843, 0.001296, 0.001418, 0.001532, 0.001348, 0.001409, 0.001470, 0.001314, 0.001436, 0.001281, 0.001311, 0.001211, 0.001334, 0.001180, 0.001452, 0.001328, 0.001480, 0.001348, 0.001440, 0.001374
1 , 1, 1, 1, 1, 1, 1, 1
1 , 0.016833, 0.020398, 0.022467, 0.024584, 0.023980, 0.023220, 0.021987
2 , 0.001892, 0.001629, 0.001724, 0.001925, 0.001805, 0.001976, 0.001879, 0.002063, 0.001868, 0.001921, 0.001836, 0.001871, 0.001938, 0.001844, 0.001841, 0.001801, 0.002084, 0.001898, 0.002053, 0.001901, 0.001993, 0.001932, 0.002008, 0.000843, 0.001296, 0.001418, 0.001532, 0.001348, 0.001409, 0.001470, 0.001314, 0.001436, 0.001281, 0.001311, 0.001211, 0.001334, 0.001180, 0.001452, 0.001328, 0.001480, 0.001348, 0.001440, 0.001374, 0.001588, 0.001399, 0.001497, 0.001487, 0.000124, 0.001430, 0.001460, 0.001300, 0.001595, 0.001642, 0.001750, 0.001551, 0.001741, 0.001821, 0.001760, 0.001867, 0.001792, 0.002086, 0.001747, 0.001850, 0.001762, 0.001859, 0.001935, 0.001777, 0.001826, 0.001650, 0.002051, 0.001957, 0.001926, 0.001884, 0.001860, 0.000462, 0.001429, 0.001414, 0.001426, 0.001238, 0.001215, 0.001121, 0.001245, 0.001031, 0.001153, 0.001026, 0.001327, 0.001321, 0.001329, 0.001142, 0.001265, 0.001142, 0.001298
2 , 1, 1, 1, 1, 1, 1, 1
2 , 0.012716, 0.014476, 0.017503, 0.019968, 0.024434, 0.024078, 0.024484
3 , 0.001642, 0.001750, 0.001551, 0.001741, 0.001821, 0.001760, 0.001867, 0.001792, 0.002086, 0.001747, 0.001850, 0.001762, 0.001859, 0.001935, 0.001777, 0.001826, 0.001650, 0.002051, 0.001957, 0.001926, 0.001884, 0.001860, 0.000462, 0.001429, 0.001414, 0.001426, 0.001238, 0.001215, 0.001121, 0.001245, 0.001031, 0.001153, 0.001026, 0.001327, 0.001321, 0.001329, 0.001142, 0.001265, 0.001142, 0.001298, 0.001262, 0.001321, 0.001262, 0.001172, 0.001283, 0.001207, 0.001215, 0.000538, 0.001697, 0.001705, 0.001918, 0.001876, 0.001913, 0.001761, 0.001938, 0.001956, 0.001977, 0.001922, 0.001852, 0.002093, 0.001922, 0.002010, 0.001910, 0.002178, 0.002120, 0.001941, 0.001798, 0.001825, 0.002168, 0.001932, 0.002013, 0.002035, 0.000401, 0.001388, 0.001305, 0.001279, 0.001159, 0.001131, 0.001038, 0.001189, 0.001163, 0.001104, 0.001075, 0.001106, 0.001015, 0.001082, 0.000962, 0.001142, 0.001108, 0.001289, 0.001069, 0.001249
3 , 1, 1, 1, 1, 1, 1, 1
3 , 0.022270, 0.025144, 0.027993, 0.030465, 0.031470, 0.028745, 0.028397
4 , 0.001918, 0.001876, 0.001913, 0.001761, 0.001938, 0.001956, 0.001977, 0.001922, 0.001852, 0.002093, 0.001922, 0.002010, 0.001910, 0.002178, 0.002120, 0.001941, 0.001798, 0.001825, 0.002168, 0.001932, 0.002013, 0.002035, 0.000401, 0.001388, 0.001305, 0.001279, 0.001159, 0.001131, 0.001038, 0.001189, 0.001163, 0.001104, 0.001075, 0.001106, 0.001015, 0.001082, 0.000962, 0.001142, 0.001108, 0.001289, 0.001069, 0.001249, 0.001272, 0.001242, 0.000990, 0.001143, 0.001039, 0.001970, 0.001747, 0.002026, 0.001851, 0.002188, 0.001841, 0.002133, 0.001958, 0.002018, 0.001969, 0.001942, 0.002130, 0.002071, 0.002060, 0.001921, 0.002201, 0.002042, 0.002164, 0.002097, 0.002060, 0.002168, 0.002002, 0.002093, 0.001171, 0.000970, 0.001403, 0.001324, 0.001396, 0.001203, 0.001291, 0.001230, 0.001352, 0.001199, 0.001478, 0.001201, 0.001322, 0.001198, 0.001292, 0.001169, 0.001200, 0.001199, 0.001295, 0.001115, 0.001333, 0.001177
4 , 1, 1, 1, 1, 1, 1, 1
4 , 0.028011, 0.032246, 0.035143, 0.036593, 0.032321, 0.031355, 0.029546
5 , 0.002026, 0.001851, 0.002188, 0.001841, 0.002133, 0.001958, 0.002018, 0.001969, 0.001942, 0.002130, 0.002071, 0.002060, 0.001921, 0.002201, 0.002042, 0.002164, 0.002097, 0.002060, 0.002168, 0.002002, 0.002093, 0.001171, 0.000970, 0.001403, 0.001324, 0.001396, 0.001203, 0.001291, 0.001230, 0.001352, 0.001199, 0.001478, 0.001201, 0.001322, 0.001198, 0.001292, 0.001169, 0.001200, 0.001199, 0.001295, 0.001115, 0.001333, 0.001177, 0.001157, 0.001178, 0.001102, 0.001266, 0.000199, 0.001940, 0.001808, 0.001936, 0.001973, 0.002125, 0.001956, 0.001970, 0.002145, 0.001980, 0.002051, 0.001950, 0.002091, 0.002037, 0.002172, 0.001919, 0.001882, 0.002098, 0.002118, 0.002229, 0.002054, 0.002246, 0.002071, 0.002004, 0.001787, 0.000313, 0.001234, 0.001222, 0.001133, 0.001127, 0.001100, 0.001125, 0.001150, 0.001298, 0.001270, 0.001116, 0.001271, 0.001147, 0.001243, 0.001209, 0.001234, 0.001197, 0.001381, 0.001215, 0.001339
5 , 1, 1, 1, 1, 1, 1, 1
5 , 0.027505, 0.031226, 0.034166, 0.034900, 0.036610, 0.032835, 0.030754
6 , 0.001936, 0.001973, 0.002125, 0.001956, 0.001970, 0.002145, 0.001980, 0.002051, 0.001950, 0.002091, 0.002037, 0.002172, 0.001919, 0.001882, 0.002098, 0.002118, 0.002229, 0.002054, 0.002246, 0.002071, 0.002004, 0.001787, 0.000313, 0.001234, 0.001222, 0.001133, 0.001127, 0.001100, 0.001125, 0.001150, 0.001298, 0.001270, 0.001116, 0.001271, 0.001147, 0.001243, 0.001209, 0.001234, 0.001197, 0.001381, 0.001215, 0.001339, 0.001380, 0.001475, 0.001393, 0.000785, 0.001272, 0.001647, 0.001638, 0.001832, 0.001568, 0.001716, 0.001449, 0.001856, 0.001819, 0.001722, 0.001765, 0.001784, 0.002081, 0.001926, 0.001971, 0.001865, 0.002126, 0.001999, 0.001996, 0.001838, 0.001890, 0.002105, 0.001788, 0.002084, 0.000156, 0.001320, 0.001403, 0.001319, 0.001204, 0.001114, 0.001216, 0.000975, 0.001141, 0.000986, 0.000994, 0.000995, 0.001003, 0.000937, 0.001088, 0.000869, 0.001059, 0.000879, 0.000934, 0.000955, 0.001039, 0.001005
6 , 1, 1, 1, 1, 1, 1, 1
6 , 0.029419, 0.033197, 0.036824, 0.035353, 0.032421, 0.031364, 0.029609
7 , 0.001638, 0.001832, 0.001568, 0.001716, 0.001449, 0.001856, 0.001819, 0.001722, 0.001765, 0.001784, 0.002081, 0.001926, 0.001971, 0.001865, 0.002126, 0.001999, 0.001996, 0.001838, 0.001890, 0.002105, 0.001788, 0.002084, 0.000156, 0.001320, 0.001403, 0.001319, 0.001204, 0.001114, 0.001216, 0.000975, 0.001141, 0.000986, 0.000994, 0.000995, 0.001003, 0.000937, 0.001088, 0.000869, 0.001059, 0.000879, 0.000934, 0.000955, 0.001039, 0.001005, 0.000970, 0.001081, 0.001047, 0.000892, 0.000957, 0.001995, 0.001687, 0.001949, 0.001950, 0.002064, 0.001872, 0.001882, 0.002138, 0.001923, 0.001990, 0.001953, 0.002239, 0.002020, 0.002014, 0.001980, 0.002064, 0.002134, 0.001979, 0.002036, 0.001908, 0.002124, 0.001897, 0.001991, 0.001170, 0.000965, 0.001515, 0.001471, 0.001445, 0.001222, 0.001344, 0.001309, 0.001341, 0.001188, 0.001277, 0.001305, 0.001401, 0.001213, 0.001428, 0.001185, 0.001310, 0.001187, 0.001344, 0.001309
7 , 1, 1, 1, 1, 1, 1, 1
7 , 0.022785, 0.026900, 0.029945, 0.032857, 0.032320, 0.032269, 0.030234
8 , 0.001995, 0.001687, 0.001949, 0.001950, 0.002064, 0.001872, 0.001882, 0.002138, 0.001923, 0.001990, 0.001953, 0.002239, 0.002020, 0.002014, 0.001980, 0.002064, 0.002134, 0.001979, 0.002036, 0.001908, 0.002124, 0.001897, 0.001991, 0.001170, 0.000965, 0.001515, 0.001471, 0.001445, 0.001222, 0.001344, 0.001309, 0.001341, 0.001188, 0.001277, 0.001305, 0.001401, 0.001213, 0.001428, 0.001185, 0.001310, 0.001187, 0.001344, 0.001309, 0.001411, 0.001285, 0.001213, 0.001281, 0.000074, 0.001908, 0.001859, 0.001787, 0.002057, 0.002016, 0.002118, 0.001962, 0.002124, 0.002093, 0.002241, 0.002065, 0.001981, 0.002120, 0.002197, 0.002363, 0.001979, 0.002243, 0.002189, 0.002118, 0.001929, 0.001983, 0.002087, 0.002098, 0.001729, 0.000704, 0.001493, 0.001667, 0.001487, 0.001366, 0.001430, 0.001401, 0.001371, 0.001344, 0.001347, 0.001225, 0.001199, 0.001203, 0.001358, 0.001303, 0.001339, 0.001369, 0.001253, 0.001226, 0.001200
8 , 1, 1, 1, 1, 1, 1, 1
8 , 0.020203, 0.023115, 0.026993, 0.030262, 0.034453, 0.031488, 0.029685
9 , 0.001787, 0.002057, 0.002016, 0.002118, 0.001962, 0.002124, 0.002093, 0.002241, 0.002065, 0.001981, 0.002120, 0.002197, 0.002363, 0.001979, 0.002243, 0.002189, 0.002118, 0.001929, 0.001983, 0.002087, 0.002098, 0.001729, 0.000704, 0.001493, 0.001667, 0.001487, 0.001366, 0.001430, 0.001401, 0.001371, 0.001344, 0.001347, 0.001225, 0.001199, 0.001203, 0.001358, 0.001303, 0.001339, 0.001369, 0.001253, 0.001226, 0.001200, 0.001106, 0.001209, 0.001053, 0.001099, 0.001258, 0.000588, 0.001468, 0.001903, 0.001794, 0.001992, 0.001985, 0.002001, 0.001894, 0.001958, 0.002265, 0.002152, 0.002190, 0.001985, 0.002259, 0.002201, 0.002073, 0.001902, 0.002010, 0.002071, 0.002162, 0.002010, 0.001912, 0.002220, 0.001885, 0.002192, 0.000243, 0.001343, 0.001446, 0.001504, 0.001476, 0.001256, 0.001382, 0.001348, 0.001351, 0.001225, 0.001294, 0.001198, 0.001538, 0.001385, 0.001330, 0.001217, 0.001346, 0.001072, 0.001263, 0.001182
9 , 1, 1, 1, 1, 1, 1, 1
9 , 0.023069, 0.027814, 0.031080, 0.032752, 0.034335, 0.031722, 0.030699
10 , 0.001794, 0.001992, 0.001985, 0.002001, 0.001894, 0.001958, 0.002265, 0.002152, 0.002190, 0.001985, 0.002259, 0.002201, 0.002073, 0.001902, 0.002010, 0.002071, 0.002162, 0.002010, 0.001912, 0.002220, 0.001885, 0.002192, 0.000243, 0.001343, 0.001446, 0.001504, 0.001476, 0.001256, 0.001382, 0.001348, 0.001351, 0.001225, 0.001294, 0.001198, 0.001538, 0.001385, 0.001330, 0.001217, 0.001346, 0.001072, 0.001263, 0.001182, 0.001247, 0.001093, 0.001222, 0.000941, 0.001042, 0.001871, 0.001839, 0.001931, 0.002092, 0.002263, 0.002122, 0.002017, 0.002177, 0.002138, 0.002064, 0.001852, 0.002135, 0.002084, 0.001888, 0.001861, 0.001781, 0.001999, 0.002003, 0.002107, 0.001949, 0.002114, 0.002157, 0.002104, 0.001945, 0.002125, 0.001590, 0.001032, 0.001471, 0.001457, 0.001308, 0.001306, 0.001277, 0.001246, 0.001276, 0.001184, 0.001277, 0.001340, 0.001221, 0.001253, 0.001377, 0.001351, 0.001142, 0.001299, 0.001148, 0.001126
10 , 1, 1, 1, 1, 1, 1, 1
10 , 0.023794, 0.028216, 0.031697, 0.034858, 0.033087, 0.032194, 0.030283
11 , 0.001931, 0.002092, 0.002263, 0.002122, 0.002017, 0.002177, 0.002138, 0.002064, 0.001852, 0.002135, 0.002084, 0.001888, 0.001861, 0.001781, 0.001999, 0.002003, 0.002107, 0.001949, 0.002114, 0.002157, 0.002104, 0.001945, 0.002125, 0.001590, 0.001032, 0.001471, 0.001457, 0.001308, 0.001306, 0.001277, 0.001246, 0.001276, 0.001184, 0.001277, 0.001340, 0.001221, 0.001253, 0.001377, 0.001351, 0.001142, 0.001299, 0.001148, 0.001126, 0.000970, 0.001089, 0.001020, 0.001329, 0.001082, 0.001111, 0.001223, 0.001193, 0.001069, 0.001223, 0.001064, 0.001339, 0.001060, 0.001124, 0.001148, 0.001269, 0.001080, 0.001171, 0.001256, 0.001354, 0.001263, 0.001293, 0.001291, 0.001384, 0.001111, 0.001299, 0.001242, 0.001277, 0.001274, 0.001119, 0.001179, 0.001237, 0.001274, 0.001124, 0.001336, 0.001277, 0.001218, 0.001037, 0.001256, 0.000948, 0.001288, 0.001249, 0.001134, 0.001103, 0.001134, 0.001105, 0.001261, 0.001045, 0.001267
11 , 2, 2, 2, 2, 1, 2, 2
11 , 0.013434, 0.015369, 0.016266, 0.017031, 0.018193, 0.018082, 0.016686
12 , 0.001193, 0.001069, 0.001223, 0.001064, 0.001339, 0.001060, 0.001124, 0.001148, 0.001269, 0.001080, 0.001171, 0.001256, 0.001354, 0.001263, 0.001293, 0.001291, 0.001384, 0.001111, 0.001299, 0.001242, 0.001277, 0.001274, 0.001119, 0.001179, 0.001237, 0.001274, 0.001124, 0.001336, 0.001277, 0.001218, 0.001037, 0.001256, 0.000948, 0.001288, 0.001249, 0.001134, 0.001103, 0.001134, 0.001105, 0.001261, 0.001045, 0.001267, 0.001139, 0.001291, 0.001162, 0.001409, 0.001132, 0.001286, 0.001223, 0.001314, 0.001097, 0.001247, 0.001100, 0.001218, 0.001186, 0.001276, 0.001307, 0.001159, 0.001252, 0.001283, 0.001221, 0.001157, 0.001280, 0.001032, 0.001218, 0.001215, 0.001395, 0.001119, 0.001337, 0.001148, 0.001328, 0.001233, 0.001355, 0.001198, 0.001287, 0.001284, 0.001417, 0.001385, 0.001386, 0.001264, 0.001326, 0.001171, 0.001357, 0.001384, 0.001417, 0.001322, 0.001260, 0.001441, 0.001348, 0.001196, 0.001349, 0.001411
12 , 2, 2, 2, 2, 2, 2, 2
12 , 0.002368, 0.002292, 0.002789, 0.002869, 0.002799, 0.002700, 0.002845
13 , 0.001314, 0.001097, 0.001247, 0.001100, 0.001218, 0.001186, 0.001276, 0.001307, 0.001159, 0.001252, 0.001283, 0.001221, 0.001157, 0.001280, 0.001032, 0.001218, 0.001215, 0.001395, 0.001119, 0.001337, 0.001148, 0.001328, 0.001233, 0.001355, 0.001198, 0.001287, 0.001284, 0.001417, 0.001385, 0.001386, 0.001264, 0.001326, 0.001171, 0.001357, 0.001384, 0.001417, 0.001322, 0.001260, 0.001441, 0.001348, 0.001196, 0.001349, 0.001411, 0.001353, 0.001321, 0.001290, 0.001263, 0.001296, 0.001358, 0.001233, 0.001237, 0.001329, 0.001397, 0.001218, 0.001281, 0.001155, 0.001314, 0.001159, 0.001162, 0.001101, 0.001253, 0.001224, 0.001408, 0.001219, 0.001255, 0.001105, 0.001202, 0.001141, 0.001275, 0.001147, 0.001174, 0.001112, 0.001202, 0.001147, 0.001206, 0.001177, 0.001052, 0.001145, 0.001081, 0.001203, 0.001226, 0.001226, 0.001160, 0.001311, 0.001122, 0.001336, 0.001181, 0.001212, 0.001147, 0.001334, 0.001209, 0.001367
13 , 3, 3, 3, 3, 3, 3, 3
13 , 0.003857, 0.003532, 0.003608, 0.003156, 0.003046, 0.002560, 0.002548
14 , 0.001263, 0.001296, 0.001358, 0.001233, 0.001237, 0.001329, 0.001397, 0.001218, 0.001281, 0.001155, 0.001314, 0.001159, 0.001162, 0.001101, 0.001253, 0.001224, 0.001408, 0.001219, 0.001255, 0.001105, 0.001202, 0.001141, 0.001275, 0.001147, 0.001174, 0.001112, 0.001202, 0.001147, 0.001206, 0.001177, 0.001052, 0.001145, 0.001081, 0.001203, 0.001226, 0.001226, 0.001160, 0.001311, 0.001122, 0.001336, 0.001181, 0.001212, 0.001147, 0.001334, 0.001209, 0.001367, 0.001181, 0.001278, 0.001156, 0.001336, 0.001061, 0.001275, 0.001303, 0.001308, 0.001151, 0.001361, 0.001239, 0.001273, 0.001274, 0.001274, 0.001303, 0.001277, 0.001305, 0.001154, 0.001212, 0.001237, 0.001294, 0.001291, 0.001348, 0.001252, 0.001375, 0.001306, 0.001400, 0.001243, 0.001462, 0.001337, 0.001486, 0.001359, 0.001418, 0.001232, 0.001413, 0.001409, 0.001504, 0.001503, 0.001500, 0.001467, 0.001497, 0.001434, 0.001495, 0.001525, 0.001434, 0.001495
14 , 2, 2, 2, 2, 2, 2, 2
14 , 0.005237, 0.004923, 0.004936, 0.004674, 0.004786, 0.004517, 0.004494
15 , 0.001181, 0.001278, 0.001156, 0.001336, 0.001061, 0.001275, 0.001303, 0.001308, 0.001151, 0.001361, 0.001239, 0.001273, 0.001274, 0.001274, 0.001303, 0.001277, 0.001305, 0.001154, 0.001212, 0.001237, 0.001294, 0.001291, 0.001348, 0.001252, 0.001375, 0.001306, 0.001400, 0.001243, 0.001462, 0.001337, 0.001486, 0.001359, 0.001418, 0.001232, 0.001413, 0.001409, 0.001504, 0.001503, 0.001500, 0.001467, 0.001497, 0.001434, 0.001495, 0.001525, 0.001434, 0.001495, 0.001438, 0.001533, 0.001474, 0.001507, 0.001266, 0.001424, 0.001394, 0.001519, 0.001338, 0.001371, 0.001189, 0.001321, 0.001204, 0.001242, 0.001216, 0.001262, 0.001092, 0.001159, 0.001071, 0.001171, 0.000994, 0.000965, 0.001056, 0.001023, 0.001022, 0.001085, 0.001018, 0.001145, 0.001057, 0.001023, 0.001083, 0.000929, 0.001087, 0.000982, 0.001011, 0.001013, 0.001168, 0.000950, 0.001014, 0.001001, 0.000999, 0.001027, 0.001299, 0.001166, 0.001229, 0.001076
15 , 3, 3, 3, 3, 3, 3, 3
15 , 0.008750, 0.008555, 0.007991, 0.007744, 0.007228, 0.006902, 0.006342
16 , 0.001438, 0.001533, 0.001474, 0.001507, 0.001266, 0.001424, 0.001394, 0.001519, 0.001338, 0.001371, 0.001189, 0.001321, 0.001204, 0.001242, 0.001216, 0.001262, 0.001092, 0.001159, 0.001071, 0.001171, 0.000994, 0.000965, 0.001056, 0.001023, 0.001022, 0.001085, 0.001018, 0.001145, 0.001057, 0.001023, 0.001083, 0.000929, 0.001087, 0.000982, 0.001011, 0.001013, 0.001168, 0.000950, 0.001014, 0.001001, 0.000999, 0.001027, 0.001299, 0.001166, 0.001229, 0.001076, 0.001171, 0.001136, 0.001256, 0.001102, 0.001286, 0.001158, 0.001344, 0.001064, 0.001159, 0.001186, 0.001186, 0.001213, 0.001119, 0.001210, 0.001266, 0.001235, 0.001140, 0.001324, 0.001286, 0.001379, 0.001221, 0.001281, 0.001250, 0.001314, 0.001073, 0.001262, 0.001230, 0.001323, 0.001107, 0.001323, 0.001319, 0.001445, 0.001259, 0.001388, 0.001326, 0.001151, 0.001152, 0.001342, 0.001250, 0.001283, 0.001188, 0.001188, 0.001224, 0.001162, 0.001313, 0.001192
16 , 2, 2, 2, 2, 2, 2, 2
16 , 0.007809, 0.007288, 0.006526, 0.006007, 0.005347, 0.004499, 0.003707
