0 , 0.001554, 0.001413, 0.001618, 0.001618, 0.001594, 0.001591, 0.001601, 0.001655, 0.001622, 0.001746, 0.001480, 0.001780, 0.001777, 0.001679, 0.001537, 0.001662, 0.001706, 0.001551, 0.001574, 0.001514, 0.001752, 0.001622, 0.001895, 0.000019, 0.001554, 0.001748, 0.001802, 0.001767, 0.001645, 0.001740, 0.001616, 0.001864, 0.001618, 0.001741, 0.001645, 0.001710, 0.001462, 0.001713, 0.001587, 0.001773, 0.001533, 0.001600, 0.001449, 0.001602, 0.001513, 0.001529, 0.001272, 0.000547, 0.001694, 0.001512, 0.001538, 0.001789, 0.001744, 0.001899, 0.001616, 0.001826, 0.001792, 0.001783, 0.001715, 0.001793, 0.001841, 0.001753, 0.001820, 0.001624, 0.001841, 0.001642, 0.001790, 0.001699, 0.001804, 0.001756, 0.001759, 0.001081, 0.001228, 0.001525, 0.001630, 0.001540, 0.001435, 0.001620, 0.001525, 0.001500, 0.001504, 0.001437, 0.001556, 0.001624, 0.001434, 0.001586, 0.001525, 0.001493, 0.001455, 0.001575, 0.001541, 0.001573
0 , 3, 3, 1, 1, 1, 3, 3
0 , 0.003555, 0.004174, 0.003941, 0.005437, 0.007201, 0.003950, 0.003984
1 , 0.001538, 0.001789, 0.001744, 0.001899, 0.001616, 0.001826, 0.001792, 0.001783, 0.001715, 0.001793, 0.001841, 0.001753, 0.001820, 0.001624, 0.001841, 0.001642, 0.001790, 0.001699, 0.001804, 0.001756, 0.001759, 0.001081, 0.001228, 0.001525, 0.001630, 0.001540, 0.001435, 0.001620, 0.001525, 0.001500, 0.001504, 0.001437, 0.001556, 0.001624, 0.001434, 0.001586, 0.001525, 0.001493, 0.001455, 0.001575, 0.001541, 0.001573, 0.001539, 0.001691, 0.001526, 0.001754, 0.001731, 0.000317, 0.001402, 0.001408, 0.001355, 0.001540, 0.001463, 0.001641, 0.001519, 0.001556, 0.001574, 0.001537, 0.001661, 0.001591, 0.001760, 0.001544, 0.001665, 0.001500, 0.001655, 0.001820, 0.001773, 0.001716, 0.001578, 0.001782, 0.001557, 0.001735, 0.000745, 0.001785, 0.001777, 0.001720, 0.001748, 0.001565, 0.001752, 0.001537, 0.001628, 0.001471, 0.001654, 0.001598, 0.001654, 0.001465, 0.001650, 0.001500, 0.001531, 0.001649, 0.001675, 0.001613
1 , 2, 2, 2, 2, 1, 2, 2
1 , 0.004887, 0.006345, 0.006282, 0.005429, 0.004813, 0.006053, 0.005778
2 , 0.000317, 0.001402, 0.001408, 0.001355, 0.001540, 0.001463, 0.001641, 0.001519, 0.001556, 0.001574, 0.001537, 0.001661, 0.001591, 0.001760, 0.001544, 0.001665, 0.001500, 0.001655, 0.001820, 0.001773, 0.001716, 0.001578, 0.001782, 0.001557, 0.001735, 0.000745, 0.001785, 0.001777, 0.001720, 0.001748, 0.001565, 0.001752, 0.001537, 0.001628, 0.001471, 0.001654, 0.001598, 0.001654, 0.001465, 0.001650, 0.001500, 0.001531, 0.001649, 0.001675, 0.001613, 0.001762, 0.001641, 0.001780, 0.001097, 0.000939, 0.001310, 0.001285, 0.001331, 0.001455, 0.001473, 0.001482, 0.001373, 0.001722, 0.001558, 0.001625, 0.001569, 0.001657, 0.001745, 0.001661, 0.001631, 0.001574, 0.001729, 0.001588, 0.001689, 0.001484, 0.001699, 0.001760, 0.001800, 0.001564, 0.001844, 0.000595, 0.001745, 0.001823, 0.001726, 0.001542, 0.001506, 0.001472, 0.001527, 0.001555, 0.001611, 0.001606, 0.001789, 0.001755, 0.001725, 0.001569, 0.001754, 0.001601
2 , 0, 0, 0, 0, 0, 2, 2
2 , 0.003940, 0.003337, 0.003971, 0.004031, 0.002549, 0.001460, 0.002147
3 , 0.000939, 0.001310, 0.001285, 0.001331, 0.001455, 0.001473, 0.001482, 0.001373, 0.001722, 0.001558, 0.001625, 0.001569, 0.001657, 0.001745, 0.001661, 0.001631, 0.001574, 0.001729, 0.001588, 0.001689, 0.001484, 0.001699, 0.001760, 0.001800, 0.001564, 0.001844, 0.000595, 0.001745, 0.001823, 0.001726, 0.001542, 0.001506, 0.001472, 0.001527, 0.001555, 0.001611, 0.001606, 0.001789, 0.001755, 0.001725, 0.001569, 0.001754, 0.001601, 0.001723, 0.001659, 0.001753, 0.001603, 0.001698, 0.001544, 0.001731, 0.001611, 0.001652, 0.000476, 0.001362, 0.001337, 0.001460, 0.001506, 0.001429, 0.001503, 0.001671, 0.001567, 0.001759, 0.001476, 0.001765, 0.001652, 0.001709, 0.001662, 0.001750, 0.001857, 0.001605, 0.001739, 0.001564, 0.001928, 0.001834, 0.001746, 0.001861, 0.001342, 0.001034, 0.001718, 0.001543, 0.001579, 0.001532, 0.001592, 0.001404, 0.001521, 0.001546, 0.001787, 0.001538, 0.001688, 0.001594, 0.001746, 0.001740
3 , 0, 0, 0, 0, 0, 0, 0
3 , 0.003863, 0.003323, 0.004179, 0.003345, 0.002774, 0.001305, 0.001150
4 , 0.001544, 0.001731, 0.001611, 0.001652, 0.000476, 0.001362, 0.001337, 0.001460, 0.001506, 0.001429, 0.001503, 0.001671, 0.001567, 0.001759, 0.001476, 0.001765, 0.001652, 0.001709, 0.001662, 0.001750, 0.001857, 0.001605, 0.001739, 0.001564, 0.001928, 0.001834, 0.001746, 0.001861, 0.001342, 0.001034, 0.001718, 0.001543, 0.001579, 0.001532, 0.001592, 0.001404, 0.001521, 0.001546, 0.001787, 0.001538, 0.001688, 0.001594, 0.001746, 0.001740, 0.001743, 0.001589, 0.001896, 0.001710, 0.001687, 0.001713, 0.001601, 0.001767, 0.000640, 0.001301, 0.001182, 0.001542, 0.001445, 0.001539, 0.001472, 0.001623, 0.001742, 0.001685, 0.001780, 0.001628, 0.001861, 0.001686, 0.001773, 0.001686, 0.001790, 0.001908, 0.001821, 0.001854, 0.001676, 0.001821, 0.001726, 0.001835, 0.001724, 0.000269, 0.001540, 0.001532, 0.001531, 0.001430, 0.001493, 0.001398, 0.001606, 0.001539, 0.001604, 0.001567, 0.001562, 0.001467, 0.001559, 0.001496
4 , 3, 3, 3, 3, 3, 3, 3
4 , 0.002385, 0.002752, 0.002898, 0.003531, 0.003597, 0.003874, 0.003595
5 , 0.001767, 0.000640, 0.001301, 0.001182, 0.001542, 0.001445, 0.001539, 0.001472, 0.001623, 0.001742, 0.001685, 0.001780, 0.001628, 0.001861, 0.001686, 0.001773, 0.001686, 0.001790, 0.001908, 0.001821, 0.001854, 0.001676, 0.001821, 0.001726, 0.001835, 0.001724, 0.000269, 0.001540, 0.001532, 0.001531, 0.001430, 0.001493, 0.001398, 0.001606, 0.001539, 0.001604, 0.001567, 0.001562, 0.001467, 0.001559, 0.001496, 0.001709, 0.001677, 0.001675, 0.001489, 0.001618, 0.001488, 0.001675, 0.001516, 0.001619, 0.001575, 0.001340, 0.000939, 0.001390, 0.001441, 0.001548, 0.001369, 0.001531, 0.001321, 0.001632, 0.001465, 0.001613, 0.001501, 0.001477, 0.001568, 0.001714, 0.001595, 0.001477, 0.001689, 0.001592, 0.001668, 0.001582, 0.001658, 0.001703, 0.001672, 0.001699, 0.000395, 0.001441, 0.001870, 0.001707, 0.001622, 0.001556, 0.001559, 0.001437, 0.001494, 0.001459, 0.001615, 0.001515, 0.001635, 0.001477, 0.001598, 0.001535
5 , 2, 2, 2, 2, 2, 2, 2
5 , 0.001915, 0.001968, 0.002377, 0.002326, 0.002628, 0.003735, 0.004280
6 , 0.000939, 0.001390, 0.001441, 0.001548, 0.001369, 0.001531, 0.001321, 0.001632, 0.001465, 0.001613, 0.001501, 0.001477, 0.001568, 0.001714, 0.001595, 0.001477, 0.001689, 0.001592, 0.001668, 0.001582, 0.001658, 0.001703, 0.001672, 0.001699, 0.000395, 0.001441, 0.001870, 0.001707, 0.001622, 0.001556, 0.001559, 0.001437, 0.001494, 0.001459, 0.001615, 0.001515, 0.001635, 0.001477, 0.001598, 0.001535, 0.001592, 0.001612, 0.001581, 0.001699, 0.001665, 0.001778, 0.001723, 0.001752, 0.000066, 0.001328, 0.001161, 0.001404, 0.001386, 0.001474, 0.001419, 0.001434, 0.001619, 0.001519, 0.001452, 0.001406, 0.001671, 0.001422, 0.001583, 0.001470, 0.001579, 0.001681, 0.001658, 0.001615, 0.001541, 0.001760, 0.001631, 0.001820, 0.001179, 0.001032, 0.001666, 0.001709, 0.001685, 0.001376, 0.001625, 0.001410, 0.001564, 0.001559, 0.001591, 0.001552, 0.001614, 0.001490, 0.001611, 0.001483, 0.001634, 0.001476, 0.001655, 0.001710
6 , 0, 0, 0, 0, 0, 2, 0
6 , 0.002914, 0.003094, 0.003045, 0.002872, 0.002077, 0.002839, 0.002347
7 , 0.001752, 0.000066, 0.001328, 0.001161, 0.001404, 0.001386, 0.001474, 0.001419, 0.001434, 0.001619, 0.001519, 0.001452, 0.001406, 0.001671, 0.001422, 0.001583, 0.001470, 0.001579, 0.001681, 0.001658, 0.001615, 0.001541, 0.001760, 0.001631, 0.001820, 0.001179, 0.001032, 0.001666, 0.001709, 0.001685, 0.001376, 0.001625, 0.001410, 0.001564, 0.001559, 0.001591, 0.001552, 0.001614, 0.001490, 0.001611, 0.001483, 0.001634, 0.001476, 0.001655, 0.001710, 0.001745, 0.001584, 0.001676, 0.001602, 0.001610, 0.001710, 0.000748, 0.001238, 0.001079, 0.001361, 0.001343, 0.001221, 0.001324, 0.001312, 0.001576, 0.001489, 0.001497, 0.001358, 0.001537, 0.001537, 0.001449, 0.001537, 0.001449, 0.001607, 0.001665, 0.001613, 0.001443, 0.001649, 0.001522, 0.001557, 0.001606, 0.000621, 0.001691, 0.001750, 0.001608, 0.001638, 0.001633, 0.001724, 0.001566, 0.001571, 0.001600, 0.001597, 0.001591, 0.001655, 0.001716, 0.001713, 0.001623
7 , 0, 0, 0, 0, 0, 0, 0
7 , 0.005155, 0.005426, 0.005848, 0.006054, 0.006347, 0.004744, 0.004108
8 , 0.001710, 0.000748, 0.001238, 0.001079, 0.001361, 0.001343, 0.001221, 0.001324, 0.001312, 0.001576, 0.001489, 0.001497, 0.001358, 0.001537, 0.001537, 0.001449, 0.001537, 0.001449, 0.001607, 0.001665, 0.001613, 0.001443, 0.001649, 0.001522, 0.001557, 0.001606, 0.000621, 0.001691, 0.001750, 0.001608, 0.001638, 0.001633, 0.001724, 0.001566, 0.001571, 0.001600, 0.001597, 0.001591, 0.001655, 0.001716, 0.001713, 0.001623, 0.001594, 0.001687, 0.001501, 0.001594, 0.001469, 0.001598, 0.001555, 0.001173, 0.000798, 0.001470, 0.001312, 0.001534, 0.001598, 0.001686, 0.001588, 0.001733, 0.001834, 0.001735, 0.001641, 0.001452, 0.001721, 0.001627, 0.001636, 0.001405, 0.001633, 0.001697, 0.001606, 0.001667, 0.001579, 0.001753, 0.001603, 0.001810, 0.000233, 0.001540, 0.001895, 0.001859, 0.001745, 0.001619, 0.001653, 0.001560, 0.001776, 0.001498, 0.001597, 0.001411, 0.001595, 0.001588, 0.001590, 0.001498, 0.001689, 0.001570
8 , 0, 0, 0, 0, 0, 3, 3
8 , 0.004558, 0.004192, 0.004111, 0.004186, 0.003919, 0.003098, 0.003059
9 , 0.001469, 0.001598, 0.001555, 0.001173, 0.000798, 0.001470, 0.001312, 0.001534, 0.001598, 0.001686, 0.001588, 0.001733, 0.001834, 0.001735, 0.001641, 0.001452, 0.001721, 0.001627, 0.001636, 0.001405, 0.001633, 0.001697, 0.001606, 0.001667, 0.001579, 0.001753, 0.001603, 0.001810, 0.000233, 0.001540, 0.001895, 0.001859, 0.001745, 0.001619, 0.001653, 0.001560, 0.001776, 0.001498, 0.001597, 0.001411, 0.001595, 0.001588, 0.001590, 0.001498, 0.001689, 0.001570, 0.001630, 0.001448, 0.001783, 0.001602, 0.001515, 0.001450, 0.001575, 0.001565, 0.000106, 0.001534, 0.001256, 0.001486, 0.001436, 0.001336, 0.001561, 0.001534, 0.001728, 0.001585, 0.001606, 0.001445, 0.001558, 0.001545, 0.001687, 0.001547, 0.001564, 0.001783, 0.001632, 0.001820, 0.001574, 0.001780, 0.001648, 0.001844, 0.001254, 0.001030, 0.001620, 0.001672, 0.001556, 0.001518, 0.001582, 0.001579, 0.001576, 0.001452, 0.001483, 0.001446, 0.001542, 0.001447
9 , 0, 0, 0, 0, 0, 0, 0
9 , 0.003123, 0.003451, 0.003275, 0.003055, 0.002300, 0.002309, 0.001892
10 , 0.001448, 0.001783, 0.001602, 0.001515, 0.001450, 0.001575, 0.001565, 0.000106, 0.001534, 0.001256, 0.001486, 0.001436, 0.001336, 0.001561, 0.001534, 0.001728, 0.001585, 0.001606, 0.001445, 0.001558, 0.001545, 0.001687, 0.001547, 0.001564, 0.001783, 0.001632, 0.001820, 0.001574, 0.001780, 0.001648, 0.001844, 0.001254, 0.001030, 0.001620, 0.001672, 0.001556, 0.001518, 0.001582, 0.001579, 0.001576, 0.001452, 0.001483, 0.001446, 0.001542, 0.001447, 0.001658, 0.001440, 0.001622, 0.001464, 0.001678, 0.001704, 0.001796, 0.001542, 0.001643, 0.001774, 0.000629, 0.001168, 0.001313, 0.001243, 0.001528, 0.001380, 0.001604, 0.001380, 0.001538, 0.001580, 0.001567, 0.001555, 0.001603, 0.001754, 0.001604, 0.001783, 0.001591, 0.001807, 0.001719, 0.001753, 0.001662, 0.001804, 0.001884, 0.001778, 0.001995, 0.001729, 0.002047, 0.000175, 0.001684, 0.001522, 0.001618, 0.001424, 0.001551, 0.001361, 0.001506, 0.001378, 0.001595
10 , 0, 0, 0, 0, 0, 0, 0
10 , 0.005243, 0.004708, 0.004674, 0.003839, 0.003745, 0.003389, 0.002855
11 , 0.001440, 0.001622, 0.001464, 0.001678, 0.001704, 0.001796, 0.001542, 0.001643, 0.001774, 0.000629, 0.001168, 0.001313, 0.001243, 0.001528, 0.001380, 0.001604, 0.001380, 0.001538, 0.001580, 0.001567, 0.001555, 0.001603, 0.001754, 0.001604, 0.001783, 0.001591, 0.001807, 0.001719, 0.001753, 0.001662, 0.001804, 0.001884, 0.001778, 0.001995, 0.001729, 0.002047, 0.000175, 0.001684, 0.001522, 0.001618, 0.001424, 0.001551, 0.001361, 0.001506, 0.001378, 0.001595, 0.001491, 0.001675, 0.001511, 0.001479, 0.001473, 0.001597, 0.001569, 0.001603, 0.001566, 0.001653, 0.001620, 0.001713, 0.001626, 0.001630, 0.001600, 0.001576, 0.001604, 0.001573, 0.001639, 0.001550, 0.001519, 0.001493, 0.001376, 0.001464, 0.001587, 0.001436, 0.001618, 0.001403, 0.001526, 0.001552, 0.001519, 0.001429, 0.001582, 0.001390, 0.001605, 0.001570, 0.001637, 0.001482, 0.001574, 0.001536, 0.001692, 0.001626, 0.001628, 0.001626, 0.001564, 0.001472
11 , 3, 3, 3, 3, 3, 3, 3
11 , 0.003963, 0.003497, 0.003199, 0.003355, 0.002476, 0.002565, 0.001705
12 , 0.001491, 0.001675, 0.001511, 0.001479, 0.001473, 0.001597, 0.001569, 0.001603, 0.001566, 0.001653, 0.001620, 0.001713, 0.001626, 0.001630, 0.001600, 0.001576, 0.001604, 0.001573, 0.001639, 0.001550, 0.001519, 0.001493, 0.001376, 0.001464, 0.001587, 0.001436, 0.001618, 0.001403, 0.001526, 0.001552, 0.001519, 0.001429, 0.001582, 0.001390, 0.001605, 0.001570, 0.001637, 0.001482, 0.001574, 0.001536, 0.001692, 0.001626, 0.001628, 0.001626, 0.001564, 0.001472, 0.001683, 0.001561, 0.001564, 0.001597, 0.001624, 0.001652, 0.001562, 0.001473, 0.001467, 0.001532, 0.001567, 0.001632, 0.001445, 0.001722, 0.001505, 0.001658, 0.001533, 0.001751, 0.001594, 0.001686, 0.001564, 0.001625, 0.001589, 0.001648, 0.001493, 0.001676, 0.001580, 0.001734, 0.001610, 0.001828, 0.001703, 0.001702, 0.001640, 0.001704, 0.001611, 0.001766, 0.001680, 0.001621, 0.001624, 0.001509, 0.001572, 0.001574, 0.001699, 0.001540, 0.001510, 0.001575
12 , 2, 2, 2, 2, 2, 2, 2
12 , 0.002274, 0.002229, 0.002103, 0.002083, 0.001575, 0.001127, 0.000906
13 , 0.001683, 0.001561, 0.001564, 0.001597, 0.001624, 0.001652, 0.001562, 0.001473, 0.001467, 0.001532, 0.001567, 0.001632, 0.001445, 0.001722, 0.001505, 0.001658, 0.001533, 0.001751, 0.001594, 0.001686, 0.001564, 0.001625, 0.001589, 0.001648, 0.001493, 0.001676, 0.001580, 0.001734, 0.001610, 0.001828, 0.001703, 0.001702, 0.001640, 0.001704, 0.001611, 0.001766, 0.001680, 0.001621, 0.001624, 0.001509, 0.001572, 0.001574, 0.001699, 0.001540, 0.001510, 0.001575, 0.001582, 0.001458, 0.001583, 0.001370, 0.001404, 0.001346, 0.001534, 0.001477, 0.001516, 0.001324, 0.001574, 0.001483, 0.001489, 0.001301, 0.001484, 0.001417, 0.001504, 0.001521, 0.001642, 0.001601, 0.001598, 0.001537, 0.001621, 0.001616, 0.001706, 0.001674, 0.001701, 0.001701, 0.001609, 0.001703, 0.001613, 0.001711, 0.001531, 0.001629, 0.001536, 0.001598, 0.001442, 0.001661, 0.001440, 0.001710, 0.001613, 0.001554, 0.001582, 0.001741, 0.001644, 0.001738
13 , 0, 0, 0, 0, 0, 0, 0
13 , 0.004320, 0.004093, 0.004090, 0.003801, 0.003457, 0.003103, 0.002600
14 , 0.001582, 0.001458, 0.001583, 0.001370, 0.001404, 0.001346, 0.001534, 0.001477, 0.001516, 0.001324, 0.001574, 0.001483, 0.001489, 0.001301, 0.001484, 0.001417, 0.001504, 0.001521, 0.001642, 0.001601, 0.001598, 0.001537, 0.001621, 0.001616, 0.001706, 0.001674, 0.001701, 0.001701, 0.001609, 0.001703, 0.001613, 0.001711, 0.001531, 0.001629, 0.001536, 0.001598, 0.001442, 0.001661, 0.001440, 0.001710, 0.001613, 0.001554, 0.001582, 0.001741, 0.001644, 0.001738, 0.001583, 0.001617, 0.001581, 0.001705, 0.001650, 0.001711, 0.001562, 0.001623, 0.001624, 0.001596, 0.001539, 0.001600, 0.001754, 0.001601, 0.001695, 0.001505, 0.001687, 0.001500, 0.001589, 0.001616, 0.001648, 0.001671, 0.001796, 0.001580, 0.001767, 0.001548, 0.001606, 0.001543, 0.001606, 0.001664, 0.001756, 0.001665, 0.001640, 0.001577, 0.001608, 0.001641, 0.001651, 0.001686, 0.001626, 0.001689, 0.001572, 0.001515, 0.001505, 0.001689, 0.001535, 0.001600
14 , 3, 3, 3, 3, 3, 3, 3
14 , 0.003036, 0.003277, 0.003217, 0.003653, 0.003431, 0.003180, 0.002842
15 , 0.001705, 0.001650, 0.001711, 0.001562, 0.001623, 0.001624, 0.001596, 0.001539, 0.001600, 0.001754, 0.001601, 0.001695, 0.001505, 0.001687, 0.001500, 0.001589, 0.001616, 0.001648, 0.001671, 0.001796, 0.001580, 0.001767, 0.001548, 0.001606, 0.001543, 0.001606, 0.001664, 0.001756, 0.001665, 0.001640, 0.001577, 0.001608, 0.001641, 0.001651, 0.001686, 0.001626, 0.001689, 0.001572, 0.001515, 0.001505, 0.001689, 0.001535, 0.001600, 0.001659, 0.001688, 0.001596, 0.001661, 0.001441, 0.001654, 0.001529, 0.001686, 0.001650, 0.001679, 0.001645, 0.001713, 0.001623, 0.001652, 0.001560, 0.001684, 0.001652, 0.001593, 0.001561, 0.001685, 0.001594, 0.001592, 0.001590, 0.001748, 0.001599, 0.001598, 0.001718, 0.001623, 0.001746, 0.001622, 0.001712, 0.001648, 0.001741, 0.001436, 0.001561, 0.001620, 0.001593, 0.001498, 0.001623, 0.001495, 0.001708, 0.001492, 0.001770, 0.001493, 0.001679, 0.001676, 0.001680, 0.001557, 0.001565
15 , 3, 2, 1, 1, 1, 1, 1
15 , 0.000343, 0.000150, 0.000338, 0.000649, 0.001053, 0.000890, 0.000970
16 , 0.001686, 0.001650, 0.001679, 0.001645, 0.001713, 0.001623, 0.001652, 0.001560, 0.001684, 0.001652, 0.001593, 0.001561, 0.001685, 0.001594, 0.001592, 0.001590, 0.001748, 0.001599, 0.001598, 0.001718, 0.001623, 0.001746, 0.001622, 0.001712, 0.001648, 0.001741, 0.001436, 0.001561, 0.001620, 0.001593, 0.001498, 0.001623, 0.001495, 0.001708, 0.001492, 0.001770, 0.001493, 0.001679, 0.001676, 0.001680, 0.001557, 0.001565, 0.001597, 0.001660, 0.001661, 0.001754, 0.001605, 0.001606, 0.001481, 0.001565, 0.001561, 0.001437, 0.001589, 0.001582, 0.001764, 0.001610, 0.001759, 0.001755, 0.001939, 0.001540, 0.001787, 0.001784, 0.001844, 0.001723, 0.001816, 0.001659, 0.001757, 0.001694, 0.001634, 0.001607, 0.001790, 0.001666, 0.001667, 0.001788, 0.001761, 0.001730, 0.001730, 0.001699, 0.001635, 0.001756, 0.001631, 0.001750, 0.001686, 0.001871, 0.001776, 0.001747, 0.001804, 0.001989, 0.001714, 0.001748, 0.001684, 0.001872
16 , 2, 2, 2, 2, 2, 2, 2
16 , 0.001376, 0.001850, 0.001911, 0.002166, 0.002049, 0.002240, 0.001939
