0 , 0.001472, 0.001224, 0.001384, 0.001409, 0.001409, 0.001409, 0.001354, 0.001226, 0.001376, 0.001311, 0.001433, 0.001342, 0.001464, 0.001427, 0.001492, 0.001365, 0.001427, 0.001393, 0.001402, 0.001269, 0.001430, 0.001554, 0.000458, 0.001428, 0.001532, 0.001408, 0.001629, 0.001589, 0.001808, 0.001552, 0.001717, 0.001788, 0.001730, 0.001734, 0.001609, 0.001895, 0.001791, 0.001882, 0.001738, 0.001895, 0.001756, 0.001716, 0.001659, 0.001572, 0.001769, 0.001674, 0.001902, 0.000423, 0.001613, 0.001615, 0.001566, 0.001624, 0.001477, 0.001544, 0.001391, 0.001492, 0.001431, 0.001428, 0.001309, 0.001376, 0.001378, 0.001295, 0.001320, 0.001410, 0.001232, 0.001292, 0.001226, 0.001216, 0.001306, 0.001409, 0.000949, 0.001010, 0.001606, 0.001401, 0.001600, 0.001748, 0.001620, 0.001579, 0.001666, 0.001841, 0.001528, 0.001668, 0.001547, 0.001657, 0.001572, 0.001581, 0.001566, 0.001517, 0.001714, 0.001550, 0.001665, 0.001515
0 , 0, 0, 0, 0, 0, 0, 0
0 , 0.007916, 0.008797, 0.009617, 0.011487, 0.012689, 0.012821, 0.013553
1 , 0.001477, 0.001544, 0.001391, 0.001492, 0.001431, 0.001428, 0.001309, 0.001376, 0.001378, 0.001295, 0.001320, 0.001410, 0.001232, 0.001292, 0.001226, 0.001216, 0.001306, 0.001409, 0.000949, 0.001010, 0.001606, 0.001401, 0.001600, 0.001748, 0.001620, 0.001579, 0.001666, 0.001841, 0.001528, 0.001668, 0.001547, 0.001657, 0.001572, 0.001581, 0.001566, 0.001517, 0.001714, 0.001550, 0.001665, 0.001515, 0.001818, 0.001752, 0.001984, 0.000439, 0.001412, 0.001655, 0.001590, 0.001502, 0.001472, 0.001509, 0.001355, 0.001364, 0.001301, 0.001453, 0.001301, 0.001393, 0.001237, 0.001392, 0.001240, 0.001431, 0.001159, 0.001378, 0.001133, 0.001292, 0.001229, 0.001296, 0.001258, 0.001397, 0.001192, 0.000500, 0.001777, 0.001661, 0.001724, 0.001916, 0.001829, 0.001817, 0.001655, 0.002028, 0.001903, 0.002069, 0.001937, 0.001937, 0.001914, 0.001861, 0.002023, 0.001803, 0.001892, 0.001825, 0.001990, 0.001832, 0.001952, 0.001815
1 , 0, 0, 0, 0, 0, 0, 0
1 , 0.013362, 0.015230, 0.017844, 0.018107, 0.017965, 0.017001, 0.015177
2 , 0.001509, 0.001355, 0.001364, 0.001301, 0.001453, 0.001301, 0.001393, 0.001237, 0.001392, 0.001240, 0.001431, 0.001159, 0.001378, 0.001133, 0.001292, 0.001229, 0.001296, 0.001258, 0.001397, 0.001192, 0.000500, 0.001777, 0.001661, 0.001724, 0.001916, 0.001829, 0.001817, 0.001655, 0.002028, 0.001903, 0.002069, 0.001937, 0.001937, 0.001914, 0.001861, 0.002023, 0.001803, 0.001892, 0.001825, 0.001990, 0.001832, 0.001952, 0.001815, 0.001897, 0.001492, 0.000838, 0.001467, 0.001605, 0.001526, 0.001433, 0.001526, 0.001315, 0.001310, 0.001181, 0.001423, 0.001298, 0.001388, 0.001348, 0.001437, 0.001346, 0.001473, 0.001252, 0.001494, 0.001425, 0.001526, 0.001396, 0.001381, 0.001538, 0.000331, 0.001516, 0.001701, 0.001630, 0.001640, 0.001583, 0.001782, 0.001600, 0.001812, 0.001772, 0.001910, 0.001872, 0.001744, 0.001953, 0.001848, 0.001882, 0.001695, 0.001911, 0.001873, 0.001964, 0.001957, 0.001833, 0.002174, 0.001928
2 , 0, 0, 0, 0, 0, 0, 0
2 , 0.017624, 0.020986, 0.022305, 0.021683, 0.021809, 0.021276, 0.020852
3 , 0.001526, 0.001433, 0.001526, 0.001315, 0.001310, 0.001181, 0.001423, 0.001298, 0.001388, 0.001348, 0.001437, 0.001346, 0.001473, 0.001252, 0.001494, 0.001425, 0.001526, 0.001396, 0.001381, 0.001538, 0.000331, 0.001516, 0.001701, 0.001630, 0.001640, 0.001583, 0.001782, 0.001600, 0.001812, 0.001772, 0.001910, 0.001872, 0.001744, 0.001953, 0.001848, 0.001882, 0.001695, 0.001911, 0.001873, 0.001964, 0.001957, 0.001833, 0.002174, 0.001928, 0.001987, 0.001789, 0.002343, 0.000326, 0.001630, 0.001497, 0.001469, 0.001299, 0.001456, 0.001205, 0.001358, 0.001259, 0.001503, 0.001373, 0.001465, 0.001310, 0.001432, 0.001461, 0.001585, 0.001243, 0.001581, 0.001485, 0.001646, 0.001426, 0.001491, 0.001455, 0.001525, 0.001386, 0.001259, 0.001107, 0.001492, 0.001657, 0.001630, 0.001657, 0.001559, 0.001701, 0.001802, 0.001890, 0.001799, 0.001809, 0.001920, 0.001762, 0.001805, 0.001667, 0.001829, 0.001758, 0.001778, 0.001728
3 , 0, 0, 0, 0, 0, 0, 0
3 , 0.012133, 0.012647, 0.015898, 0.017834, 0.015539, 0.016432, 0.017362
4 , 0.001497, 0.001469, 0.001299, 0.001456, 0.001205, 0.001358, 0.001259, 0.001503, 0.001373, 0.001465, 0.001310, 0.001432, 0.001461, 0.001585, 0.001243, 0.001581, 0.001485, 0.001646, 0.001426, 0.001491, 0.001455, 0.001525, 0.001386, 0.001259, 0.001107, 0.001492, 0.001657, 0.001630, 0.001657, 0.001559, 0.001701, 0.001802, 0.001890, 0.001799, 0.001809, 0.001920, 0.001762, 0.001805, 0.001667, 0.001829, 0.001758, 0.001778, 0.001728, 0.001701, 0.001977, 0.001906, 0.001738, 0.001812, 0.001121, 0.001330, 0.001667, 0.001528, 0.001468, 0.001429, 0.001462, 0.001398, 0.001370, 0.001398, 0.001462, 0.001396, 0.001394, 0.001364, 0.001394, 0.001422, 0.001421, 0.001450, 0.001423, 0.001516, 0.001430, 0.001610, 0.001314, 0.001485, 0.000355, 0.001648, 0.001387, 0.001731, 0.001569, 0.001768, 0.001526, 0.001714, 0.001671, 0.001876, 0.001694, 0.001623, 0.001752, 0.001714, 0.001734, 0.001522, 0.001794, 0.001639, 0.001619, 0.001559
4 , 0, 0, 0, 0, 0, 0, 0
4 , 0.006890, 0.008986, 0.008613, 0.009599, 0.010592, 0.012962, 0.013166
5 , 0.001468, 0.001429, 0.001462, 0.001398, 0.001370, 0.001398, 0.001462, 0.001396, 0.001394, 0.001364, 0.001394, 0.001422, 0.001421, 0.001450, 0.001423, 0.001516, 0.001430, 0.001610, 0.001314, 0.001485, 0.000355, 0.001648, 0.001387, 0.001731, 0.001569, 0.001768, 0.001526, 0.001714, 0.001671, 0.001876, 0.001694, 0.001623, 0.001752, 0.001714, 0.001734, 0.001522, 0.001794, 0.001639, 0.001619, 0.001559, 0.001615, 0.001888, 0.001756, 0.001657, 0.001282, 0.000863, 0.001917, 0.001532, 0.001663, 0.001538, 0.001636, 0.001449, 0.001573, 0.001572, 0.001694, 0.001504, 0.001535, 0.001410, 0.001416, 0.001285, 0.001655, 0.001443, 0.001540, 0.001271, 0.001552, 0.001427, 0.001505, 0.001317, 0.001426, 0.001517, 0.000441, 0.001650, 0.001673, 0.001771, 0.001731, 0.001687, 0.001687, 0.001701, 0.001839, 0.001789, 0.001829, 0.001691, 0.002028, 0.001650, 0.001799, 0.001829, 0.001778, 0.001799, 0.001752, 0.001697, 0.001583, 0.001856
5 , 0, 0, 0, 0, 0, 0, 0
5 , 0.008144, 0.007913, 0.009144, 0.012183, 0.012375, 0.012112, 0.011873
6 , 0.001636, 0.001449, 0.001573, 0.001572, 0.001694, 0.001504, 0.001535, 0.001410, 0.001416, 0.001285, 0.001655, 0.001443, 0.001540, 0.001271, 0.001552, 0.001427, 0.001505, 0.001317, 0.001426, 0.001517, 0.000441, 0.001650, 0.001673, 0.001771, 0.001731, 0.001687, 0.001687, 0.001701, 0.001839, 0.001789, 0.001829, 0.001691, 0.002028, 0.001650, 0.001799, 0.001829, 0.001778, 0.001799, 0.001752, 0.001697, 0.001583, 0.001856, 0.001734, 0.001792, 0.001904, 0.000023, 0.001502, 0.001597, 0.001510, 0.001393, 0.001272, 0.001182, 0.001331, 0.001393, 0.001326, 0.001198, 0.001465, 0.001365, 0.001421, 0.001471, 0.001554, 0.001514, 0.001692, 0.001568, 0.001746, 0.001647, 0.001767, 0.001698, 0.001656, 0.000462, 0.001146, 0.000967, 0.001177, 0.000979, 0.001075, 0.001035, 0.001266, 0.001157, 0.001281, 0.001235, 0.001368, 0.001476, 0.001558, 0.001556, 0.001484, 0.001636, 0.001457, 0.001654, 0.001598, 0.001710, 0.001767, 0.001639
6 , 3, 3, 3, 3, 0, 0, 0
6 , 0.007730, 0.007831, 0.007768, 0.006659, 0.006515, 0.005902, 0.006099
7 , 0.001597, 0.001510, 0.001393, 0.001272, 0.001182, 0.001331, 0.001393, 0.001326, 0.001198, 0.001465, 0.001365, 0.001421, 0.001471, 0.001554, 0.001514, 0.001692, 0.001568, 0.001746, 0.001647, 0.001767, 0.001698, 0.001656, 0.000462, 0.001146, 0.000967, 0.001177, 0.000979, 0.001075, 0.001035, 0.001266, 0.001157, 0.001281, 0.001235, 0.001368, 0.001476, 0.001558, 0.001556, 0.001484, 0.001636, 0.001457, 0.001654, 0.001598, 0.001710, 0.001767, 0.001639, 0.001959, 0.000814, 0.001258, 0.001724, 0.001587, 0.001507, 0.001322, 0.001448, 0.001325, 0.001357, 0.001330, 0.001479, 0.001171, 0.001423, 0.001368, 0.001339, 0.001183, 0.001244, 0.001177, 0.001361, 0.001355, 0.001386, 0.001262, 0.001389, 0.001320, 0.001265, 0.001423, 0.000136, 0.001645, 0.001424, 0.001782, 0.001606, 0.001561, 0.001507, 0.001489, 0.001721, 0.001499, 0.001566, 0.001690, 0.001858, 0.001678, 0.001682, 0.001429, 0.001675, 0.001815, 0.001620, 0.001631
7 , 2, 2, 2, 2, 2, 2, 0
7 , 0.003788, 0.004454, 0.006807, 0.007718, 0.005759, 0.007973, 0.007611
8 , 0.001322, 0.001448, 0.001325, 0.001357, 0.001330, 0.001479, 0.001171, 0.001423, 0.001368, 0.001339, 0.001183, 0.001244, 0.001177, 0.001361, 0.001355, 0.001386, 0.001262, 0.001389, 0.001320, 0.001265, 0.001423, 0.000136, 0.001645, 0.001424, 0.001782, 0.001606, 0.001561, 0.001507, 0.001489, 0.001721, 0.001499, 0.001566, 0.001690, 0.001858, 0.001678, 0.001682, 0.001429, 0.001675, 0.001815, 0.001620, 0.001631, 0.001561, 0.001703, 0.001722, 0.001856, 0.001381, 0.000682, 0.001610, 0.001658, 0.001547, 0.001416, 0.001601, 0.001380, 0.001440, 0.001474, 0.001511, 0.001326, 0.001481, 0.001387, 0.001605, 0.001383, 0.001535, 0.001561, 0.001594, 0.001437, 0.001654, 0.001496, 0.001634, 0.001579, 0.000912, 0.001226, 0.001424, 0.001481, 0.001631, 0.001604, 0.001668, 0.001515, 0.001611, 0.001615, 0.001759, 0.001582, 0.001797, 0.001777, 0.001636, 0.001754, 0.001600, 0.001819, 0.001805, 0.001890, 0.001758, 0.001721, 0.001876
8 , 0, 0, 0, 0, 0, 0, 0
8 , 0.006666, 0.008173, 0.009572, 0.011597, 0.011888, 0.012817, 0.010580
9 , 0.001601, 0.001380, 0.001440, 0.001474, 0.001511, 0.001326, 0.001481, 0.001387, 0.001605, 0.001383, 0.001535, 0.001561, 0.001594, 0.001437, 0.001654, 0.001496, 0.001634, 0.001579, 0.000912, 0.001226, 0.001424, 0.001481, 0.001631, 0.001604, 0.001668, 0.001515, 0.001611, 0.001615, 0.001759, 0.001582, 0.001797, 0.001777, 0.001636, 0.001754, 0.001600, 0.001819, 0.001805, 0.001890, 0.001758, 0.001721, 0.001876, 0.001885, 0.001976, 0.000170, 0.001442, 0.001663, 0.001599, 0.001508, 0.001533, 0.001473, 0.001496, 0.001580, 0.001397, 0.001430, 0.001395, 0.001571, 0.001599, 0.001566, 0.001652, 0.001557, 0.001618, 0.001675, 0.001701, 0.001576, 0.001639, 0.001667, 0.001672, 0.001539, 0.001631, 0.000478, 0.001401, 0.001180, 0.001508, 0.001432, 0.001553, 0.001425, 0.001511, 0.001626, 0.001583, 0.001615, 0.001575, 0.001831, 0.001751, 0.001855, 0.001579, 0.001764, 0.001649, 0.001750, 0.001662, 0.001537, 0.001710, 0.001646
9 , 3, 3, 0, 0, 0, 0, 0
9 , 0.003852, 0.004783, 0.005928, 0.006424, 0.007420, 0.006471, 0.005821
10 , 0.001496, 0.001580, 0.001397, 0.001430, 0.001395, 0.001571, 0.001599, 0.001566, 0.001652, 0.001557, 0.001618, 0.001675, 0.001701, 0.001576, 0.001639, 0.001667, 0.001672, 0.001539, 0.001631, 0.000478, 0.001401, 0.001180, 0.001508, 0.001432, 0.001553, 0.001425, 0.001511, 0.001626, 0.001583, 0.001615, 0.001575, 0.001831, 0.001751, 0.001855, 0.001579, 0.001764, 0.001649, 0.001750, 0.001662, 0.001537, 0.001710, 0.001646, 0.002003, 0.000830, 0.001164, 0.001605, 0.001589, 0.001569, 0.001318, 0.001441, 0.001345, 0.001527, 0.001429, 0.001586, 0.001461, 0.001580, 0.001393, 0.001575, 0.001451, 0.001575, 0.001451, 0.001519, 0.001392, 0.001422, 0.001444, 0.001512, 0.001582, 0.000268, 0.001472, 0.001350, 0.001483, 0.001527, 0.001487, 0.001502, 0.001542, 0.001796, 0.001490, 0.001541, 0.001456, 0.001633, 0.001457, 0.001630, 0.001688, 0.001727, 0.001845, 0.001741, 0.001705, 0.001659, 0.001901, 0.001753, 0.001764, 0.001665
10 , 2, 0, 0, 0, 0, 0, 0
10 , 0.004640, 0.005101, 0.006106, 0.007096, 0.007260, 0.007397, 0.006344
11 , 0.001527, 0.001429, 0.001586, 0.001461, 0.001580, 0.001393, 0.001575, 0.001451, 0.001575, 0.001451, 0.001519, 0.001392, 0.001422, 0.001444, 0.001512, 0.001582, 0.000268, 0.001472, 0.001350, 0.001483, 0.001527, 0.001487, 0.001502, 0.001542, 0.001796, 0.001490, 0.001541, 0.001456, 0.001633, 0.001457, 0.001630, 0.001688, 0.001727, 0.001845, 0.001741, 0.001705, 0.001659, 0.001901, 0.001753, 0.001764, 0.001665, 0.001600, 0.001758, 0.000778, 0.001930, 0.001638, 0.001552, 0.001608, 0.001548, 0.001460, 0.001520, 0.001517, 0.001457, 0.001435, 0.001492, 0.001548, 0.001579, 0.001606, 0.001479, 0.001570, 0.001446, 0.001599, 0.001356, 0.001568, 0.001474, 0.001601, 0.001566, 0.001566, 0.001382, 0.001598, 0.001470, 0.001629, 0.001505, 0.001596, 0.001500, 0.001648, 0.001429, 0.001614, 0.001369, 0.001646, 0.001431, 0.001676, 0.001489, 0.001608, 0.001604, 0.001698, 0.001603, 0.001486, 0.001513, 0.001570, 0.001572, 0.001667
11 , 3, 0, 0, 0, 0, 0, 0
11 , 0.004445, 0.005429, 0.005469, 0.005669, 0.005847, 0.005829, 0.005130
12 , 0.001520, 0.001517, 0.001457, 0.001435, 0.001492, 0.001548, 0.001579, 0.001606, 0.001479, 0.001570, 0.001446, 0.001599, 0.001356, 0.001568, 0.001474, 0.001601, 0.001566, 0.001566, 0.001382, 0.001598, 0.001470, 0.001629, 0.001505, 0.001596, 0.001500, 0.001648, 0.001429, 0.001614, 0.001369, 0.001646, 0.001431, 0.001676, 0.001489, 0.001608, 0.001604, 0.001698, 0.001603, 0.001486, 0.001513, 0.001570, 0.001572, 0.001667, 0.001697, 0.001550, 0.001579, 0.001554, 0.001585, 0.001464, 0.001593, 0.001377, 0.001599, 0.001444, 0.001478, 0.001389, 0.001551, 0.001395, 0.001488, 0.001368, 0.001432, 0.001305, 0.001496, 0.001368, 0.001518, 0.001423, 0.001541, 0.001414, 0.001568, 0.001533, 0.001531, 0.001526, 0.001496, 0.001526, 0.001493, 0.001492, 0.001462, 0.001490, 0.001459, 0.001456, 0.001484, 0.001578, 0.001574, 0.001698, 0.001637, 0.001725, 0.001515, 0.001672, 0.001548, 0.001679, 0.001493, 0.001676, 0.001554, 0.001654
12 , 0, 0, 0, 0, 0, 0, 0
12 , 0.002862, 0.003046, 0.003262, 0.003295, 0.003092, 0.003152, 0.002790
13 , 0.001377, 0.001599, 0.001444, 0.001478, 0.001389, 0.001551, 0.001395, 0.001488, 0.001368, 0.001432, 0.001305, 0.001496, 0.001368, 0.001518, 0.001423, 0.001541, 0.001414, 0.001568, 0.001533, 0.001531, 0.001526, 0.001496, 0.001526, 0.001493, 0.001492, 0.001462, 0.001490, 0.001459, 0.001456, 0.001484, 0.001578, 0.001574, 0.001698, 0.001637, 0.001725, 0.001515, 0.001672, 0.001548, 0.001679, 0.001493, 0.001676, 0.001554, 0.001654, 0.001409, 0.001535, 0.001410, 0.001537, 0.001444, 0.001541, 0.001417, 0.001484, 0.001398, 0.001399, 0.001338, 0.001524, 0.001439, 0.001403, 0.001465, 0.001311, 0.001434, 0.001365, 0.001549, 0.001513, 0.001573, 0.001510, 0.001564, 0.001530, 0.001620, 0.001559, 0.001711, 0.001676, 0.001768, 0.001460, 0.001614, 0.001609, 0.001729, 0.001512, 0.001697, 0.001572, 0.001816, 0.001750, 0.001722, 0.001692, 0.001693, 0.001756, 0.001637, 0.001637, 0.001517, 0.001612, 0.001644, 0.001614, 0.001586
13 , 0, 0, 0, 0, 0, 0, 0
13 , 0.005935, 0.006053, 0.005477, 0.005386, 0.004711, 0.005010, 0.004820
14 , 0.001444, 0.001541, 0.001417, 0.001484, 0.001398, 0.001399, 0.001338, 0.001524, 0.001439, 0.001403, 0.001465, 0.001311, 0.001434, 0.001365, 0.001549, 0.001513, 0.001573, 0.001510, 0.001564, 0.001530, 0.001620, 0.001559, 0.001711, 0.001676, 0.001768, 0.001460, 0.001614, 0.001609, 0.001729, 0.001512, 0.001697, 0.001572, 0.001816, 0.001750, 0.001722, 0.001692, 0.001693, 0.001756, 0.001637, 0.001637, 0.001517, 0.001612, 0.001644, 0.001614, 0.001586, 0.001650, 0.001525, 0.001743, 0.001439, 0.001504, 0.001352, 0.001535, 0.001469, 0.001592, 0.001528, 0.001622, 0.001594, 0.001658, 0.001566, 0.001627, 0.001596, 0.001571, 0.001447, 0.001508, 0.001515, 0.001606, 0.001605, 0.001637, 0.001606, 0.001513, 0.001574, 0.001480, 0.001452, 0.001634, 0.001610, 0.001422, 0.001452, 0.001393, 0.001486, 0.001424, 0.001523, 0.001400, 0.001555, 0.001531, 0.001507, 0.001320, 0.001510, 0.001391, 0.001547, 0.001393, 0.001337, 0.001337
14 , 3, 3, 3, 3, 3, 3, 3
14 , 0.005940, 0.006236, 0.006095, 0.006324, 0.005936, 0.005777, 0.005521
15 , 0.001504, 0.001352, 0.001535, 0.001469, 0.001592, 0.001528, 0.001622, 0.001594, 0.001658, 0.001566, 0.001627, 0.001596, 0.001571, 0.001447, 0.001508, 0.001515, 0.001606, 0.001605, 0.001637, 0.001606, 0.001513, 0.001574, 0.001480, 0.001452, 0.001634, 0.001610, 0.001422, 0.001452, 0.001393, 0.001486, 0.001424, 0.001523, 0.001400, 0.001555, 0.001531, 0.001507, 0.001320, 0.001510, 0.001391, 0.001547, 0.001393, 0.001337, 0.001337, 0.001368, 0.001251, 0.001405, 0.001370, 0.001310, 0.001218, 0.001343, 0.001375, 0.001380, 0.001414, 0.001315, 0.001377, 0.001339, 0.001577, 0.001471, 0.001620, 0.001485, 0.001483, 0.001537, 0.001714, 0.001645, 0.001735, 0.001547, 0.001666, 0.001539, 0.001661, 0.001541, 0.001630, 0.001656, 0.001658, 0.001563, 0.001687, 0.001658, 0.001779, 0.001628, 0.001661, 0.001635, 0.001576, 0.001547, 0.001515, 0.001578, 0.001609, 0.001613, 0.001553, 0.001559, 0.001501, 0.001509, 0.001204, 0.001484
15 , 2, 2, 2, 2, 2, 2, 2
15 , 0.005255, 0.005130, 0.004534, 0.004468, 0.004070, 0.003832, 0.003810
16 , 0.001370, 0.001310, 0.001218, 0.001343, 0.001375, 0.001380, 0.001414, 0.001315, 0.001377, 0.001339, 0.001577, 0.001471, 0.001620, 0.001485, 0.001483, 0.001537, 0.001714, 0.001645, 0.001735, 0.001547, 0.001666, 0.001539, 0.001661, 0.001541, 0.001630, 0.001656, 0.001658, 0.001563, 0.001687, 0.001658, 0.001779, 0.001628, 0.001661, 0.001635, 0.001576, 0.001547, 0.001515, 0.001578, 0.001609, 0.001613, 0.001553, 0.001559, 0.001501, 0.001509, 0.001204, 0.001484, 0.001459, 0.001525, 0.001371, 0.001559, 0.001376, 0.001441, 0.001316, 0.001502, 0.001316, 0.001379, 0.001257, 0.001378, 0.001351, 0.001325, 0.001381, 0.001412, 0.001351, 0.001319, 0.001328, 0.001269, 0.001484, 0.001264, 0.001415, 0.001353, 0.001475, 0.001317, 0.001623, 0.001465, 0.001614, 0.001429, 0.001435, 0.001330, 0.001545, 0.001447, 0.001601, 0.001537, 0.001747, 0.001563, 0.001598, 0.001412, 0.001441, 0.001560, 0.001562, 0.001532, 0.001439, 0.001499
16 , 0, 0, 0, 0, 0, 0, 0
16 , 0.006754, 0.006138, 0.005758, 0.005553, 0.005675, 0.004932, 0.004489
