0 , 0.001572, 0.001698, 0.001654, 0.001762, 0.001631, 0.001900, 0.001728, 0.001879, 0.001761, 0.001828, 0.001925, 0.001853, 0.001777, 0.001737, 0.002014, 0.001783, 0.001904, 0.001837, 0.001959, 0.001967, 0.001871, 0.001998, 0.001516, 0.000796, 0.001633, 0.001409, 0.001512, 0.001233, 0.001424, 0.001209, 0.001276, 0.001241, 0.001304, 0.001027, 0.001306, 0.001243, 0.001372, 0.001182, 0.001334, 0.001209, 0.001362, 0.001231, 0.001271, 0.001322, 0.001275, 0.001339, 0.000333, 0.001765, 0.001513, 0.001820, 0.001840, 0.001726, 0.001780, 0.001813, 0.001928, 0.001752, 0.001823, 0.001671, 0.001855, 0.001801, 0.001825, 0.001745, 0.001775, 0.001943, 0.001679, 0.001999, 0.001868, 0.001892, 0.001714, 0.001664, 0.001673, 0.000361, 0.001637, 0.001664, 0.001540, 0.001412, 0.001562, 0.001531, 0.001440, 0.001499, 0.001648, 0.001556, 0.001498, 0.001465, 0.001527, 0.001468, 0.001505, 0.001356, 0.001600, 0.001476, 0.001480, 0.001327
0 , 1, 1, 1, 1, 1, 1, 1
0 , 0.012991, 0.014773, 0.017168, 0.020990, 0.018249, 0.016996, 0.016924
1 , 0.001820, 0.001840, 0.001726, 0.001780, 0.001813, 0.001928, 0.001752, 0.001823, 0.001671, 0.001855, 0.001801, 0.001825, 0.001745, 0.001775, 0.001943, 0.001679, 0.001999, 0.001868, 0.001892, 0.001714, 0.001664, 0.001673, 0.000361, 0.001637, 0.001664, 0.001540, 0.001412, 0.001562, 0.001531, 0.001440, 0.001499, 0.001648, 0.001556, 0.001498, 0.001465, 0.001527, 0.001468, 0.001505, 0.001356, 0.001600, 0.001476, 0.001480, 0.001327, 0.001394, 0.001394, 0.001373, 0.001300, 0.001033, 0.000963, 0.001628, 0.001523, 0.001727, 0.001781, 0.001767, 0.001657, 0.001863, 0.001671, 0.001880, 0.001759, 0.001877, 0.002022, 0.001823, 0.001952, 0.001908, 0.002046, 0.001908, 0.002076, 0.002012, 0.002032, 0.002093, 0.001762, 0.002153, 0.000753, 0.001151, 0.001499, 0.001275, 0.001275, 0.001237, 0.001231, 0.001164, 0.001347, 0.001248, 0.001453, 0.001384, 0.001443, 0.001312, 0.001433, 0.001338, 0.001427, 0.001209, 0.001452, 0.001417
1 , 1, 1, 1, 1, 1, 1, 1
1 , 0.012078, 0.015240, 0.016792, 0.018134, 0.017800, 0.017311, 0.016546
2 , 0.001628, 0.001523, 0.001727, 0.001781, 0.001767, 0.001657, 0.001863, 0.001671, 0.001880, 0.001759, 0.001877, 0.002022, 0.001823, 0.001952, 0.001908, 0.002046, 0.001908, 0.002076, 0.002012, 0.002032, 0.002093, 0.001762, 0.002153, 0.000753, 0.001151, 0.001499, 0.001275, 0.001275, 0.001237, 0.001231, 0.001164, 0.001347, 0.001248, 0.001453, 0.001384, 0.001443, 0.001312, 0.001433, 0.001338, 0.001427, 0.001209, 0.001452, 0.001417, 0.001477, 0.001503, 0.001415, 0.001473, 0.000214, 0.001596, 0.001292, 0.001647, 0.001632, 0.001696, 0.001520, 0.001513, 0.001875, 0.001735, 0.001668, 0.001495, 0.001793, 0.001653, 0.001641, 0.001574, 0.001692, 0.001860, 0.001638, 0.001677, 0.001516, 0.001799, 0.001623, 0.001577, 0.001656, 0.001690, 0.001564, 0.001123, 0.001745, 0.001521, 0.001476, 0.001351, 0.001356, 0.001419, 0.001450, 0.001330, 0.001266, 0.001419, 0.001239, 0.001299, 0.001419, 0.001503, 0.001381, 0.001353, 0.001349
2 , 1, 1, 1, 1, 1, 1, 1
2 , 0.009102, 0.011078, 0.013294, 0.014717, 0.018813, 0.017648, 0.017367
3 , 0.001647, 0.001632, 0.001696, 0.001520, 0.001513, 0.001875, 0.001735, 0.001668, 0.001495, 0.001793, 0.001653, 0.001641, 0.001574, 0.001692, 0.001860, 0.001638, 0.001677, 0.001516, 0.001799, 0.001623, 0.001577, 0.001656, 0.001690, 0.001564, 0.001123, 0.001745, 0.001521, 0.001476, 0.001351, 0.001356, 0.001419, 0.001450, 0.001330, 0.001266, 0.001419, 0.001239, 0.001299, 0.001419, 0.001503, 0.001381, 0.001353, 0.001349, 0.001466, 0.001338, 0.001402, 0.001370, 0.001516, 0.001368, 0.001778, 0.000339, 0.001517, 0.001567, 0.001563, 0.001639, 0.001475, 0.001603, 0.001812, 0.001660, 0.001740, 0.001700, 0.002083, 0.001746, 0.001746, 0.001639, 0.001832, 0.001951, 0.001749, 0.001934, 0.001810, 0.002011, 0.001796, 0.001900, 0.001685, 0.002072, 0.000140, 0.001693, 0.001596, 0.001482, 0.001323, 0.001442, 0.001225, 0.001441, 0.001346, 0.001441, 0.001282, 0.001412, 0.001258, 0.001444, 0.001319, 0.001446, 0.001264, 0.001508
3 , 1, 1, 1, 1, 1, 1, 1
3 , 0.006427, 0.008828, 0.010405, 0.011478, 0.012987, 0.013004, 0.015732
4 , 0.001563, 0.001639, 0.001475, 0.001603, 0.001812, 0.001660, 0.001740, 0.001700, 0.002083, 0.001746, 0.001746, 0.001639, 0.001832, 0.001951, 0.001749, 0.001934, 0.001810, 0.002011, 0.001796, 0.001900, 0.001685, 0.002072, 0.000140, 0.001693, 0.001596, 0.001482, 0.001323, 0.001442, 0.001225, 0.001441, 0.001346, 0.001441, 0.001282, 0.001412, 0.001258, 0.001444, 0.001319, 0.001446, 0.001264, 0.001508, 0.001288, 0.001294, 0.001290, 0.001480, 0.001311, 0.001097, 0.001233, 0.001669, 0.001860, 0.001732, 0.001742, 0.001631, 0.001633, 0.001754, 0.001927, 0.001815, 0.001647, 0.001909, 0.001738, 0.001778, 0.001633, 0.001797, 0.001895, 0.001825, 0.001804, 0.001643, 0.001956, 0.001869, 0.001887, 0.001901, 0.000968, 0.001156, 0.001613, 0.001540, 0.001451, 0.001291, 0.001353, 0.001316, 0.001259, 0.001315, 0.001437, 0.001461, 0.001487, 0.001395, 0.001428, 0.001333, 0.001395, 0.001607, 0.001482, 0.001453, 0.001392, 0.001513
4 , 1, 1, 1, 1, 1, 1, 1
4 , 0.012671, 0.015829, 0.017898, 0.018432, 0.014614, 0.014266, 0.014086
5 , 0.001732, 0.001742, 0.001631, 0.001633, 0.001754, 0.001927, 0.001815, 0.001647, 0.001909, 0.001738, 0.001778, 0.001633, 0.001797, 0.001895, 0.001825, 0.001804, 0.001643, 0.001956, 0.001869, 0.001887, 0.001901, 0.000968, 0.001156, 0.001613, 0.001540, 0.001451, 0.001291, 0.001353, 0.001316, 0.001259, 0.001315, 0.001437, 0.001461, 0.001487, 0.001395, 0.001428, 0.001333, 0.001395, 0.001607, 0.001482, 0.001453, 0.001392, 0.001513, 0.001510, 0.001600, 0.001511, 0.001594, 0.000199, 0.001553, 0.001450, 0.001826, 0.001604, 0.001644, 0.001531, 0.001802, 0.001738, 0.001835, 0.001686, 0.001623, 0.001714, 0.001693, 0.001665, 0.001626, 0.001759, 0.001711, 0.001856, 0.001658, 0.001625, 0.001964, 0.001834, 0.001861, 0.001503, 0.000617, 0.001584, 0.001481, 0.001523, 0.001275, 0.001286, 0.001223, 0.001415, 0.001110, 0.001175, 0.001020, 0.001210, 0.001082, 0.001179, 0.001086, 0.001330, 0.001139, 0.001110, 0.001261, 0.001263
5 , 1, 1, 1, 1, 1, 1, 1
5 , 0.013155, 0.015313, 0.016832, 0.016178, 0.018180, 0.016560, 0.016957
6 , 0.001826, 0.001604, 0.001644, 0.001531, 0.001802, 0.001738, 0.001835, 0.001686, 0.001623, 0.001714, 0.001693, 0.001665, 0.001626, 0.001759, 0.001711, 0.001856, 0.001658, 0.001625, 0.001964, 0.001834, 0.001861, 0.001503, 0.000617, 0.001584, 0.001481, 0.001523, 0.001275, 0.001286, 0.001223, 0.001415, 0.001110, 0.001175, 0.001020, 0.001210, 0.001082, 0.001179, 0.001086, 0.001330, 0.001139, 0.001110, 0.001261, 0.001263, 0.001186, 0.001231, 0.001319, 0.000429, 0.001651, 0.001578, 0.001719, 0.001709, 0.001797, 0.001847, 0.001780, 0.001981, 0.001802, 0.001949, 0.001710, 0.001773, 0.001820, 0.001877, 0.001746, 0.001658, 0.001941, 0.001789, 0.001820, 0.001713, 0.001892, 0.001808, 0.001772, 0.001897, 0.000125, 0.001638, 0.001670, 0.001491, 0.001400, 0.001340, 0.001398, 0.001304, 0.001307, 0.001310, 0.001222, 0.001434, 0.001369, 0.001428, 0.001362, 0.001243, 0.001303, 0.001486, 0.001486, 0.001454, 0.001327, 0.001422
6 , 1, 1, 1, 1, 1, 1, 1
6 , 0.015899, 0.018819, 0.022597, 0.019679, 0.017821, 0.017745, 0.017245
7 , 0.001719, 0.001709, 0.001797, 0.001847, 0.001780, 0.001981, 0.001802, 0.001949, 0.001710, 0.001773, 0.001820, 0.001877, 0.001746, 0.001658, 0.001941, 0.001789, 0.001820, 0.001713, 0.001892, 0.001808, 0.001772, 0.001897, 0.000125, 0.001638, 0.001670, 0.001491, 0.001400, 0.001340, 0.001398, 0.001304, 0.001307, 0.001310, 0.001222, 0.001434, 0.001369, 0.001428, 0.001362, 0.001243, 0.001303, 0.001486, 0.001486, 0.001454, 0.001327, 0.001422, 0.001388, 0.001540, 0.001382, 0.001274, 0.000981, 0.001408, 0.001348, 0.001834, 0.001499, 0.001708, 0.001604, 0.001860, 0.001796, 0.001930, 0.001711, 0.001805, 0.001983, 0.001725, 0.001817, 0.001696, 0.001841, 0.001650, 0.001507, 0.001598, 0.001695, 0.001734, 0.001460, 0.001782, 0.000679, 0.001387, 0.001950, 0.001759, 0.001764, 0.001579, 0.001642, 0.001580, 0.001581, 0.001431, 0.001681, 0.001376, 0.001536, 0.001449, 0.001518, 0.001341, 0.001415, 0.001326, 0.001328, 0.001275
7 , 1, 1, 1, 1, 1, 1, 1
7 , 0.009531, 0.012006, 0.012958, 0.014056, 0.012377, 0.012114, 0.012444
8 , 0.001408, 0.001348, 0.001834, 0.001499, 0.001708, 0.001604, 0.001860, 0.001796, 0.001930, 0.001711, 0.001805, 0.001983, 0.001725, 0.001817, 0.001696, 0.001841, 0.001650, 0.001507, 0.001598, 0.001695, 0.001734, 0.001460, 0.001782, 0.000679, 0.001387, 0.001950, 0.001759, 0.001764, 0.001579, 0.001642, 0.001580, 0.001581, 0.001431, 0.001681, 0.001376, 0.001536, 0.001449, 0.001518, 0.001341, 0.001415, 0.001326, 0.001328, 0.001275, 0.001225, 0.001224, 0.001173, 0.001222, 0.000345, 0.002000, 0.001718, 0.001913, 0.001779, 0.002025, 0.001833, 0.001753, 0.001982, 0.001884, 0.001982, 0.001753, 0.002019, 0.001844, 0.001935, 0.001722, 0.001874, 0.001984, 0.001759, 0.001981, 0.001809, 0.001896, 0.001740, 0.001834, 0.001372, 0.000890, 0.001606, 0.001497, 0.001534, 0.001527, 0.001465, 0.001407, 0.001346, 0.001375, 0.001531, 0.001164, 0.001408, 0.001407, 0.001438, 0.001252, 0.001348, 0.001281, 0.001314, 0.001128, 0.001402
8 , 1, 1, 1, 1, 1, 1, 1
8 , 0.009660, 0.011698, 0.013898, 0.015658, 0.018530, 0.014730, 0.014140
9 , 0.001913, 0.001779, 0.002025, 0.001833, 0.001753, 0.001982, 0.001884, 0.001982, 0.001753, 0.002019, 0.001844, 0.001935, 0.001722, 0.001874, 0.001984, 0.001759, 0.001981, 0.001809, 0.001896, 0.001740, 0.001834, 0.001372, 0.000890, 0.001606, 0.001497, 0.001534, 0.001527, 0.001465, 0.001407, 0.001346, 0.001375, 0.001531, 0.001164, 0.001408, 0.001407, 0.001438, 0.001252, 0.001348, 0.001281, 0.001314, 0.001128, 0.001402, 0.001338, 0.001590, 0.001305, 0.001409, 0.001319, 0.000657, 0.001404, 0.001416, 0.001413, 0.001641, 0.001422, 0.001516, 0.001465, 0.001659, 0.001614, 0.001735, 0.001635, 0.001784, 0.001899, 0.001756, 0.001834, 0.001660, 0.001770, 0.001758, 0.001802, 0.001792, 0.001833, 0.001893, 0.001891, 0.001845, 0.000114, 0.001537, 0.001603, 0.001606, 0.001506, 0.001352, 0.001410, 0.001437, 0.001436, 0.001403, 0.001467, 0.001336, 0.001368, 0.001425, 0.001578, 0.001486, 0.001391, 0.001450, 0.001449, 0.001573
9 , 1, 1, 1, 1, 1, 1, 1
9 , 0.011346, 0.014088, 0.015275, 0.015872, 0.016638, 0.014008, 0.013648
10 , 0.001413, 0.001641, 0.001422, 0.001516, 0.001465, 0.001659, 0.001614, 0.001735, 0.001635, 0.001784, 0.001899, 0.001756, 0.001834, 0.001660, 0.001770, 0.001758, 0.001802, 0.001792, 0.001833, 0.001893, 0.001891, 0.001845, 0.000114, 0.001537, 0.001603, 0.001606, 0.001506, 0.001352, 0.001410, 0.001437, 0.001436, 0.001403, 0.001467, 0.001336, 0.001368, 0.001425, 0.001578, 0.001486, 0.001391, 0.001450, 0.001449, 0.001573, 0.001477, 0.001482, 0.001569, 0.001182, 0.000981, 0.001535, 0.001403, 0.001692, 0.001674, 0.001704, 0.001598, 0.001834, 0.001906, 0.001930, 0.001855, 0.001661, 0.002002, 0.001860, 0.001864, 0.001746, 0.001810, 0.001904, 0.001901, 0.001901, 0.001786, 0.001951, 0.001813, 0.001962, 0.001793, 0.002085, 0.001019, 0.001398, 0.001548, 0.001556, 0.001463, 0.001460, 0.001368, 0.001553, 0.001361, 0.001485, 0.001330, 0.001394, 0.001303, 0.001400, 0.001366, 0.001403, 0.001244, 0.001613, 0.001403, 0.001501
10 , 1, 1, 1, 1, 1, 1, 1
10 , 0.008899, 0.010904, 0.013437, 0.015834, 0.014399, 0.013586, 0.013451
11 , 0.001692, 0.001674, 0.001704, 0.001598, 0.001834, 0.001906, 0.001930, 0.001855, 0.001661, 0.002002, 0.001860, 0.001864, 0.001746, 0.001810, 0.001904, 0.001901, 0.001901, 0.001786, 0.001951, 0.001813, 0.001962, 0.001793, 0.002085, 0.001019, 0.001398, 0.001548, 0.001556, 0.001463, 0.001460, 0.001368, 0.001553, 0.001361, 0.001485, 0.001330, 0.001394, 0.001303, 0.001400, 0.001366, 0.001403, 0.001244, 0.001613, 0.001403, 0.001501, 0.001349, 0.001479, 0.001330, 0.001429, 0.001220, 0.001284, 0.001167, 0.001324, 0.001227, 0.001163, 0.001284, 0.001192, 0.001308, 0.001390, 0.001415, 0.001474, 0.001408, 0.001368, 0.001490, 0.001454, 0.001455, 0.001420, 0.001536, 0.001351, 0.001541, 0.001388, 0.001484, 0.001421, 0.001579, 0.001424, 0.001526, 0.001375, 0.001407, 0.001284, 0.001503, 0.001409, 0.001417, 0.001288, 0.001503, 0.001315, 0.001407, 0.001319, 0.001350, 0.001316, 0.001406, 0.001314, 0.001350, 0.001314, 0.001344
11 , 2, 2, 2, 2, 2, 2, 1
11 , 0.006995, 0.008213, 0.008947, 0.009633, 0.010360, 0.009195, 0.009435
12 , 0.001324, 0.001227, 0.001163, 0.001284, 0.001192, 0.001308, 0.001390, 0.001415, 0.001474, 0.001408, 0.001368, 0.001490, 0.001454, 0.001455, 0.001420, 0.001536, 0.001351, 0.001541, 0.001388, 0.001484, 0.001421, 0.001579, 0.001424, 0.001526, 0.001375, 0.001407, 0.001284, 0.001503, 0.001409, 0.001417, 0.001288, 0.001503, 0.001315, 0.001407, 0.001319, 0.001350, 0.001316, 0.001406, 0.001314, 0.001350, 0.001314, 0.001344, 0.001408, 0.001319, 0.001414, 0.001323, 0.001299, 0.001242, 0.001423, 0.001293, 0.001419, 0.001323, 0.001443, 0.001251, 0.001467, 0.001289, 0.001505, 0.001292, 0.001385, 0.001322, 0.001600, 0.001229, 0.001296, 0.001233, 0.001539, 0.001409, 0.001466, 0.001401, 0.001521, 0.001488, 0.001488, 0.001485, 0.001336, 0.001544, 0.001543, 0.001512, 0.001542, 0.001543, 0.001388, 0.001540, 0.001449, 0.001480, 0.001537, 0.001630, 0.001448, 0.001666, 0.001542, 0.001516, 0.001449, 0.001544, 0.001508, 0.001600
12 , 0, 0, 0, 2, 2, 2, 2
12 , 0.003712, 0.003294, 0.002914, 0.003293, 0.003323, 0.004109, 0.004057
13 , 0.001323, 0.001443, 0.001251, 0.001467, 0.001289, 0.001505, 0.001292, 0.001385, 0.001322, 0.001600, 0.001229, 0.001296, 0.001233, 0.001539, 0.001409, 0.001466, 0.001401, 0.001521, 0.001488, 0.001488, 0.001485, 0.001336, 0.001544, 0.001543, 0.001512, 0.001542, 0.001543, 0.001388, 0.001540, 0.001449, 0.001480, 0.001537, 0.001630, 0.001448, 0.001666, 0.001542, 0.001516, 0.001449, 0.001544, 0.001508, 0.001600, 0.001476, 0.001632, 0.001450, 0.001636, 0.001536, 0.001477, 0.001447, 0.001571, 0.001449, 0.001514, 0.001483, 0.001420, 0.001573, 0.001420, 0.001507, 0.001507, 0.001541, 0.001541, 0.001573, 0.001513, 0.001546, 0.001452, 0.001552, 0.001308, 0.001494, 0.001400, 0.001439, 0.001414, 0.001571, 0.001326, 0.001487, 0.001455, 0.001519, 0.001329, 0.001451, 0.001389, 0.001454, 0.001300, 0.001481, 0.001391, 0.001482, 0.001451, 0.001425, 0.001365, 0.001364, 0.001308, 0.001250, 0.001246, 0.001310, 0.001337, 0.001307
13 , 3, 3, 3, 3, 3, 3, 3
13 , 0.005013, 0.004977, 0.005103, 0.005194, 0.004936, 0.004891, 0.004791
14 , 0.001449, 0.001514, 0.001483, 0.001420, 0.001573, 0.001420, 0.001507, 0.001507, 0.001541, 0.001541, 0.001573, 0.001513, 0.001546, 0.001452, 0.001552, 0.001308, 0.001494, 0.001400, 0.001439, 0.001414, 0.001571, 0.001326, 0.001487, 0.001455, 0.001519, 0.001329, 0.001451, 0.001389, 0.001454, 0.001300, 0.001481, 0.001391, 0.001482, 0.001451, 0.001425, 0.001365, 0.001364, 0.001308, 0.001250, 0.001246, 0.001310, 0.001337, 0.001307, 0.001467, 0.001311, 0.001366, 0.001366, 0.001459, 0.001389, 0.001512, 0.001357, 0.001538, 0.001292, 0.001508, 0.001378, 0.001589, 0.001436, 0.001585, 0.001488, 0.001579, 0.001456, 0.001547, 0.001357, 0.001510, 0.001541, 0.001477, 0.001597, 0.001507, 0.001478, 0.001477, 0.001539, 0.001417, 0.001539, 0.001388, 0.001510, 0.001415, 0.001513, 0.001391, 0.001603, 0.001448, 0.001661, 0.001475, 0.001692, 0.001475, 0.001447, 0.001446, 0.001575, 0.001390, 0.001546, 0.001366, 0.001492, 0.001337
14 , 2, 2, 2, 1, 2, 1, 2
14 , 0.002874, 0.002633, 0.002867, 0.002399, 0.002451, 0.002428, 0.002475
15 , 0.001366, 0.001459, 0.001389, 0.001512, 0.001357, 0.001538, 0.001292, 0.001508, 0.001378, 0.001589, 0.001436, 0.001585, 0.001488, 0.001579, 0.001456, 0.001547, 0.001357, 0.001510, 0.001541, 0.001477, 0.001597, 0.001507, 0.001478, 0.001477, 0.001539, 0.001417, 0.001539, 0.001388, 0.001510, 0.001415, 0.001513, 0.001391, 0.001603, 0.001448, 0.001661, 0.001475, 0.001692, 0.001475, 0.001447, 0.001446, 0.001575, 0.001390, 0.001546, 0.001366, 0.001492, 0.001337, 0.001552, 0.001554, 0.001372, 0.001524, 0.001499, 0.001473, 0.001322, 0.001327, 0.001383, 0.001381, 0.001165, 0.001315, 0.001342, 0.001376, 0.001345, 0.001374, 0.001279, 0.001437, 0.001341, 0.001407, 0.001255, 0.001353, 0.001175, 0.001329, 0.001235, 0.001238, 0.001206, 0.001304, 0.001147, 0.001208, 0.001265, 0.001452, 0.001183, 0.001123, 0.001245, 0.001150, 0.001310, 0.001209, 0.001391, 0.001268, 0.001330, 0.001297, 0.001329, 0.001234, 0.001391, 0.001206
15 , 3, 3, 3, 3, 3, 3, 3
15 , 0.003781, 0.003410, 0.002794, 0.002410, 0.001934, 0.001622, 0.001217
16 , 0.001552, 0.001554, 0.001372, 0.001524, 0.001499, 0.001473, 0.001322, 0.001327, 0.001383, 0.001381, 0.001165, 0.001315, 0.001342, 0.001376, 0.001345, 0.001374, 0.001279, 0.001437, 0.001341, 0.001407, 0.001255, 0.001353, 0.001175, 0.001329, 0.001235, 0.001238, 0.001206, 0.001304, 0.001147, 0.001208, 0.001265, 0.001452, 0.001183, 0.001123, 0.001245, 0.001150, 0.001310, 0.001209, 0.001391, 0.001268, 0.001330, 0.001297, 0.001329, 0.001234, 0.001391, 0.001206, 0.001360, 0.001231, 0.001324, 0.001199, 0.001477, 0.001167, 0.001350, 0.001322, 0.001325, 0.001171, 0.001329, 0.001301, 0.001271, 0.001208, 0.001332, 0.001238, 0.001267, 0.001360, 0.001207, 0.001269, 0.001305, 0.001423, 0.001267, 0.001326, 0.001267, 0.001448, 0.001323, 0.001389, 0.001295, 0.001512, 0.001205, 0.001307, 0.001184, 0.001342, 0.001246, 0.001312, 0.001189, 0.001314, 0.001256, 0.001164, 0.001073, 0.001224, 0.001281, 0.001189, 0.001156, 0.001215
16 , 1, 1, 1, 1, 1, 1, 1
16 , 0.003020, 0.003030, 0.003133, 0.003101, 0.003056, 0.002909, 0.003133
