0 , 0.001359, 0.001700, 0.001572, 0.001717, 0.001538, 0.001814, 0.001716, 0.001763, 0.001779, 0.001840, 0.001993, 0.001845, 0.001889, 0.001693, 0.002003, 0.001835, 0.001868, 0.001673, 0.001740, 0.001875, 0.001871, 0.001818, 0.001872, 0.000397, 0.001598, 0.001630, 0.001538, 0.001382, 0.001534, 0.001473, 0.001562, 0.001440, 0.001260, 0.001442, 0.001474, 0.001290, 0.001417, 0.001296, 0.001422, 0.001300, 0.001400, 0.001252, 0.001377, 0.001256, 0.001386, 0.001204, 0.001206, 0.000950, 0.001775, 0.001557, 0.001822, 0.001667, 0.001940, 0.001858, 0.001984, 0.001829, 0.001975, 0.001881, 0.001932, 0.001953, 0.001838, 0.001889, 0.001656, 0.001820, 0.001654, 0.001804, 0.001641, 0.001662, 0.001641, 0.001653, 0.001738, 0.000780, 0.001282, 0.001766, 0.001540, 0.001605, 0.001572, 0.001729, 0.001331, 0.001369, 0.001370, 0.001619, 0.001379, 0.001505, 0.001352, 0.001417, 0.001360, 0.001372, 0.001249, 0.001375, 0.001166, 0.001262
0 , 1, 1, 1, 1, 1, 1, 1
0 , 0.010941, 0.012362, 0.015097, 0.017212, 0.017995, 0.014771, 0.015615
1 , 0.001822, 0.001667, 0.001940, 0.001858, 0.001984, 0.001829, 0.001975, 0.001881, 0.001932, 0.001953, 0.001838, 0.001889, 0.001656, 0.001820, 0.001654, 0.001804, 0.001641, 0.001662, 0.001641, 0.001653, 0.001738, 0.000780, 0.001282, 0.001766, 0.001540, 0.001605, 0.001572, 0.001729, 0.001331, 0.001369, 0.001370, 0.001619, 0.001379, 0.001505, 0.001352, 0.001417, 0.001360, 0.001372, 0.001249, 0.001375, 0.001166, 0.001262, 0.001262, 0.001331, 0.001199, 0.001030, 0.001370, 0.000064, 0.001728, 0.001558, 0.001841, 0.001697, 0.001929, 0.001676, 0.001872, 0.001912, 0.001720, 0.001828, 0.001727, 0.001885, 0.001727, 0.001915, 0.001777, 0.001784, 0.001888, 0.001831, 0.001905, 0.001845, 0.001882, 0.001666, 0.001954, 0.001743, 0.000433, 0.001493, 0.001420, 0.001550, 0.001265, 0.001273, 0.001212, 0.001264, 0.001173, 0.001174, 0.001197, 0.001317, 0.001130, 0.001319, 0.001167, 0.001351, 0.001166, 0.001384, 0.001188, 0.001408
1 , 1, 1, 1, 1, 1, 1, 1
1 , 0.014906, 0.017245, 0.019029, 0.018793, 0.021525, 0.019366, 0.019119
2 , 0.001841, 0.001697, 0.001929, 0.001676, 0.001872, 0.001912, 0.001720, 0.001828, 0.001727, 0.001885, 0.001727, 0.001915, 0.001777, 0.001784, 0.001888, 0.001831, 0.001905, 0.001845, 0.001882, 0.001666, 0.001954, 0.001743, 0.000433, 0.001493, 0.001420, 0.001550, 0.001265, 0.001273, 0.001212, 0.001264, 0.001173, 0.001174, 0.001197, 0.001317, 0.001130, 0.001319, 0.001167, 0.001351, 0.001166, 0.001384, 0.001188, 0.001408, 0.001367, 0.001433, 0.001257, 0.000811, 0.001299, 0.001665, 0.001605, 0.001721, 0.001635, 0.001769, 0.001621, 0.001865, 0.001707, 0.001726, 0.001628, 0.001628, 0.001792, 0.001686, 0.001689, 0.001510, 0.001768, 0.001577, 0.001614, 0.001392, 0.001641, 0.001738, 0.001644, 0.001635, 0.001494, 0.001849, 0.000195, 0.001858, 0.001623, 0.001658, 0.001445, 0.001448, 0.001361, 0.001428, 0.001244, 0.001466, 0.001315, 0.001320, 0.001225, 0.001262, 0.001174, 0.001279, 0.001338, 0.001246, 0.001118, 0.001125
2 , 1, 1, 1, 1, 1, 1, 1
2 , 0.014030, 0.016826, 0.019537, 0.020730, 0.018998, 0.016282, 0.016341
3 , 0.001721, 0.001635, 0.001769, 0.001621, 0.001865, 0.001707, 0.001726, 0.001628, 0.001628, 0.001792, 0.001686, 0.001689, 0.001510, 0.001768, 0.001577, 0.001614, 0.001392, 0.001641, 0.001738, 0.001644, 0.001635, 0.001494, 0.001849, 0.000195, 0.001858, 0.001623, 0.001658, 0.001445, 0.001448, 0.001361, 0.001428, 0.001244, 0.001466, 0.001315, 0.001320, 0.001225, 0.001262, 0.001174, 0.001279, 0.001338, 0.001246, 0.001118, 0.001125, 0.001124, 0.001186, 0.001125, 0.001205, 0.001167, 0.001178, 0.000801, 0.001589, 0.001526, 0.001632, 0.001579, 0.001537, 0.001762, 0.001610, 0.001778, 0.001525, 0.001814, 0.001641, 0.001717, 0.001522, 0.001683, 0.001811, 0.001723, 0.001643, 0.001431, 0.001804, 0.001625, 0.001698, 0.001588, 0.001762, 0.001352, 0.001349, 0.001619, 0.001641, 0.001558, 0.001461, 0.001400, 0.001406, 0.001319, 0.001325, 0.001295, 0.001358, 0.001145, 0.001269, 0.001389, 0.001454, 0.001301, 0.001310, 0.001191
3 , 1, 1, 1, 1, 1, 1, 1
3 , 0.007773, 0.009695, 0.010988, 0.012166, 0.013643, 0.012430, 0.014190
4 , 0.001632, 0.001579, 0.001537, 0.001762, 0.001610, 0.001778, 0.001525, 0.001814, 0.001641, 0.001717, 0.001522, 0.001683, 0.001811, 0.001723, 0.001643, 0.001431, 0.001804, 0.001625, 0.001698, 0.001588, 0.001762, 0.001352, 0.001349, 0.001619, 0.001641, 0.001558, 0.001461, 0.001400, 0.001406, 0.001319, 0.001325, 0.001295, 0.001358, 0.001145, 0.001269, 0.001389, 0.001454, 0.001301, 0.001310, 0.001191, 0.001343, 0.001138, 0.001287, 0.000993, 0.001493, 0.000287, 0.001730, 0.001764, 0.001840, 0.001854, 0.001948, 0.001824, 0.002030, 0.001929, 0.001845, 0.001599, 0.001926, 0.001845, 0.001898, 0.001790, 0.001661, 0.001792, 0.001674, 0.001653, 0.001486, 0.001696, 0.001592, 0.001646, 0.001448, 0.001672, 0.000458, 0.001805, 0.001549, 0.001741, 0.001401, 0.001502, 0.001494, 0.001525, 0.001341, 0.001501, 0.001350, 0.001501, 0.001381, 0.001602, 0.001233, 0.001417, 0.001391, 0.001431, 0.001284, 0.001296, 0.001175, 0.001250
4 , 1, 1, 1, 1, 1, 1, 1
4 , 0.011973, 0.012962, 0.016493, 0.013876, 0.013892, 0.013846, 0.014294
5 , 0.001840, 0.001854, 0.001948, 0.001824, 0.002030, 0.001929, 0.001845, 0.001599, 0.001926, 0.001845, 0.001898, 0.001790, 0.001661, 0.001792, 0.001674, 0.001653, 0.001486, 0.001696, 0.001592, 0.001646, 0.001448, 0.001672, 0.000458, 0.001805, 0.001549, 0.001741, 0.001401, 0.001502, 0.001494, 0.001525, 0.001341, 0.001501, 0.001350, 0.001501, 0.001381, 0.001602, 0.001233, 0.001417, 0.001391, 0.001431, 0.001284, 0.001296, 0.001175, 0.001250, 0.001131, 0.001123, 0.001072, 0.000588, 0.001572, 0.001833, 0.002136, 0.001996, 0.002072, 0.002007, 0.002223, 0.002223, 0.002083, 0.002200, 0.002098, 0.002242, 0.002064, 0.002090, 0.001916, 0.002072, 0.001941, 0.001905, 0.001885, 0.001855, 0.001909, 0.001868, 0.001841, 0.001873, 0.000514, 0.001466, 0.001597, 0.001741, 0.001553, 0.001372, 0.001373, 0.001522, 0.001436, 0.001561, 0.001527, 0.001468, 0.001502, 0.001445, 0.001264, 0.001421, 0.001396, 0.001431, 0.001340, 0.001372
5 , 1, 1, 1, 1, 1, 1, 1
5 , 0.014945, 0.018074, 0.019390, 0.021137, 0.021596, 0.019889, 0.019078
6 , 0.002136, 0.001996, 0.002072, 0.002007, 0.002223, 0.002223, 0.002083, 0.002200, 0.002098, 0.002242, 0.002064, 0.002090, 0.001916, 0.002072, 0.001941, 0.001905, 0.001885, 0.001855, 0.001909, 0.001868, 0.001841, 0.001873, 0.000514, 0.001466, 0.001597, 0.001741, 0.001553, 0.001372, 0.001373, 0.001522, 0.001436, 0.001561, 0.001527, 0.001468, 0.001502, 0.001445, 0.001264, 0.001421, 0.001396, 0.001431, 0.001340, 0.001372, 0.001188, 0.001348, 0.001227, 0.001272, 0.000662, 0.001692, 0.001660, 0.001871, 0.001740, 0.001838, 0.001710, 0.001949, 0.001791, 0.001855, 0.001636, 0.001734, 0.001855, 0.001730, 0.001862, 0.001784, 0.001916, 0.001649, 0.001841, 0.001761, 0.001814, 0.001777, 0.001791, 0.001885, 0.001193, 0.000972, 0.001620, 0.001485, 0.001464, 0.001364, 0.001518, 0.001361, 0.001424, 0.001263, 0.001512, 0.001268, 0.001394, 0.001263, 0.001415, 0.001409, 0.001409, 0.001342, 0.001493, 0.001403, 0.001436, 0.001314
6 , 1, 1, 1, 1, 1, 1, 1
6 , 0.017271, 0.020143, 0.022045, 0.023704, 0.019778, 0.019201, 0.018010
7 , 0.001871, 0.001740, 0.001838, 0.001710, 0.001949, 0.001791, 0.001855, 0.001636, 0.001734, 0.001855, 0.001730, 0.001862, 0.001784, 0.001916, 0.001649, 0.001841, 0.001761, 0.001814, 0.001777, 0.001791, 0.001885, 0.001193, 0.000972, 0.001620, 0.001485, 0.001464, 0.001364, 0.001518, 0.001361, 0.001424, 0.001263, 0.001512, 0.001268, 0.001394, 0.001263, 0.001415, 0.001409, 0.001409, 0.001342, 0.001493, 0.001403, 0.001436, 0.001314, 0.001379, 0.001436, 0.001542, 0.001673, 0.000350, 0.001491, 0.001375, 0.001716, 0.001675, 0.001679, 0.001693, 0.001771, 0.001754, 0.001750, 0.001794, 0.001717, 0.001976, 0.001815, 0.001858, 0.001660, 0.001895, 0.001713, 0.001841, 0.001885, 0.001649, 0.001882, 0.001730, 0.001786, 0.001666, 0.000359, 0.001560, 0.001762, 0.001670, 0.001387, 0.001571, 0.001446, 0.001541, 0.001355, 0.001535, 0.001440, 0.001567, 0.001381, 0.001505, 0.001411, 0.001412, 0.001346, 0.001439, 0.001433, 0.001558
7 , 1, 1, 1, 1, 1, 1, 1
7 , 0.011148, 0.013521, 0.014544, 0.013937, 0.015271, 0.012885, 0.012903
8 , 0.001716, 0.001675, 0.001679, 0.001693, 0.001771, 0.001754, 0.001750, 0.001794, 0.001717, 0.001976, 0.001815, 0.001858, 0.001660, 0.001895, 0.001713, 0.001841, 0.001885, 0.001649, 0.001882, 0.001730, 0.001786, 0.001666, 0.000359, 0.001560, 0.001762, 0.001670, 0.001387, 0.001571, 0.001446, 0.001541, 0.001355, 0.001535, 0.001440, 0.001567, 0.001381, 0.001505, 0.001411, 0.001412, 0.001346, 0.001439, 0.001433, 0.001558, 0.001370, 0.001623, 0.001485, 0.001114, 0.001160, 0.001392, 0.001601, 0.001702, 0.001520, 0.001672, 0.001622, 0.001793, 0.001716, 0.001686, 0.001629, 0.001723, 0.001865, 0.001872, 0.001777, 0.001700, 0.001875, 0.001801, 0.001929, 0.001740, 0.001831, 0.001865, 0.001820, 0.001980, 0.000496, 0.001354, 0.001530, 0.001429, 0.001398, 0.001360, 0.001330, 0.001262, 0.001353, 0.001319, 0.001347, 0.001316, 0.001402, 0.001366, 0.001428, 0.001334, 0.001426, 0.001455, 0.001396, 0.001457, 0.001424, 0.001515
8 , 1, 1, 1, 1, 1, 1, 1
8 , 0.011060, 0.013383, 0.015773, 0.014886, 0.012449, 0.012270, 0.012141
9 , 0.001601, 0.001702, 0.001520, 0.001672, 0.001622, 0.001793, 0.001716, 0.001686, 0.001629, 0.001723, 0.001865, 0.001872, 0.001777, 0.001700, 0.001875, 0.001801, 0.001929, 0.001740, 0.001831, 0.001865, 0.001820, 0.001980, 0.000496, 0.001354, 0.001530, 0.001429, 0.001398, 0.001360, 0.001330, 0.001262, 0.001353, 0.001319, 0.001347, 0.001316, 0.001402, 0.001366, 0.001428, 0.001334, 0.001426, 0.001455, 0.001396, 0.001457, 0.001424, 0.001515, 0.001363, 0.001483, 0.001427, 0.001585, 0.000435, 0.001548, 0.001393, 0.001727, 0.001589, 0.001808, 0.001572, 0.001757, 0.001862, 0.001831, 0.001787, 0.001777, 0.001922, 0.001940, 0.002038, 0.001838, 0.001984, 0.002027, 0.002065, 0.001833, 0.001894, 0.002011, 0.001895, 0.001947, 0.001297, 0.000948, 0.001665, 0.001494, 0.001592, 0.001426, 0.001514, 0.001263, 0.001535, 0.001405, 0.001592, 0.001497, 0.001496, 0.001338, 0.001497, 0.001371, 0.001493, 0.001432, 0.001591, 0.001586
9 , 1, 1, 1, 1, 1, 1, 1
9 , 0.009782, 0.012026, 0.013971, 0.015888, 0.014352, 0.015407, 0.014179
10 , 0.001548, 0.001393, 0.001727, 0.001589, 0.001808, 0.001572, 0.001757, 0.001862, 0.001831, 0.001787, 0.001777, 0.001922, 0.001940, 0.002038, 0.001838, 0.001984, 0.002027, 0.002065, 0.001833, 0.001894, 0.002011, 0.001895, 0.001947, 0.001297, 0.000948, 0.001665, 0.001494, 0.001592, 0.001426, 0.001514, 0.001263, 0.001535, 0.001405, 0.001592, 0.001497, 0.001496, 0.001338, 0.001497, 0.001371, 0.001493, 0.001432, 0.001591, 0.001586, 0.001651, 0.001676, 0.001569, 0.001639, 0.000427, 0.001511, 0.001413, 0.001757, 0.001639, 0.001754, 0.001666, 0.001670, 0.001788, 0.001697, 0.001646, 0.001589, 0.001872, 0.001764, 0.001828, 0.001723, 0.001959, 0.001919, 0.001687, 0.001717, 0.001724, 0.001879, 0.001683, 0.001693, 0.001771, 0.001767, 0.001956, 0.000582, 0.001842, 0.001558, 0.001502, 0.001408, 0.001402, 0.001463, 0.001434, 0.001338, 0.001246, 0.001406, 0.001251, 0.001376, 0.001375, 0.001220, 0.001340, 0.001467, 0.001253
10 , 1, 1, 1, 1, 1, 1, 1
10 , 0.007796, 0.009222, 0.010420, 0.012630, 0.016255, 0.016684, 0.016508
11 , 0.001639, 0.001754, 0.001666, 0.001670, 0.001788, 0.001697, 0.001646, 0.001589, 0.001872, 0.001764, 0.001828, 0.001723, 0.001959, 0.001919, 0.001687, 0.001717, 0.001724, 0.001879, 0.001683, 0.001693, 0.001771, 0.001767, 0.001956, 0.000582, 0.001842, 0.001558, 0.001502, 0.001408, 0.001402, 0.001463, 0.001434, 0.001338, 0.001246, 0.001406, 0.001251, 0.001376, 0.001375, 0.001220, 0.001340, 0.001467, 0.001253, 0.001409, 0.001283, 0.001431, 0.001244, 0.001403, 0.001404, 0.001344, 0.001190, 0.001468, 0.001167, 0.001267, 0.001261, 0.001478, 0.001286, 0.001375, 0.001280, 0.001494, 0.001219, 0.001487, 0.001361, 0.001272, 0.001265, 0.001386, 0.001360, 0.001357, 0.001418, 0.001332, 0.001356, 0.001323, 0.001479, 0.001418, 0.001633, 0.001569, 0.001632, 0.001298, 0.001574, 0.001540, 0.001513, 0.001299, 0.001543, 0.001414, 0.001540, 0.001477, 0.001446, 0.001319, 0.001536, 0.001473, 0.001536, 0.001382, 0.001504, 0.001324
11 , 2, 2, 2, 2, 2, 2, 2
11 , 0.009807, 0.010353, 0.011340, 0.011482, 0.012306, 0.009895, 0.010346
12 , 0.001167, 0.001267, 0.001261, 0.001478, 0.001286, 0.001375, 0.001280, 0.001494, 0.001219, 0.001487, 0.001361, 0.001272, 0.001265, 0.001386, 0.001360, 0.001357, 0.001418, 0.001332, 0.001356, 0.001323, 0.001479, 0.001418, 0.001633, 0.001569, 0.001632, 0.001298, 0.001574, 0.001540, 0.001513, 0.001299, 0.001543, 0.001414, 0.001540, 0.001477, 0.001446, 0.001319, 0.001536, 0.001473, 0.001536, 0.001382, 0.001504, 0.001324, 0.001388, 0.001445, 0.001569, 0.001480, 0.001516, 0.001485, 0.001458, 0.001456, 0.001336, 0.001366, 0.001371, 0.001466, 0.001408, 0.001439, 0.001282, 0.001410, 0.001230, 0.001446, 0.001376, 0.001494, 0.001368, 0.001488, 0.001419, 0.001511, 0.001353, 0.001569, 0.001441, 0.001529, 0.001376, 0.001559, 0.001405, 0.001465, 0.001493, 0.001527, 0.001436, 0.001437, 0.001474, 0.001471, 0.001440, 0.001383, 0.001472, 0.001447, 0.001483, 0.001360, 0.001392, 0.001365, 0.001430, 0.001157, 0.001314, 0.001313
12 , 0, 0, 3, 3, 3, 3, 3
12 , 0.003269, 0.003380, 0.003009, 0.003080, 0.002749, 0.002370, 0.001884
13 , 0.001485, 0.001458, 0.001456, 0.001336, 0.001366, 0.001371, 0.001466, 0.001408, 0.001439, 0.001282, 0.001410, 0.001230, 0.001446, 0.001376, 0.001494, 0.001368, 0.001488, 0.001419, 0.001511, 0.001353, 0.001569, 0.001441, 0.001529, 0.001376, 0.001559, 0.001405, 0.001465, 0.001493, 0.001527, 0.001436, 0.001437, 0.001474, 0.001471, 0.001440, 0.001383, 0.001472, 0.001447, 0.001483, 0.001360, 0.001392, 0.001365, 0.001430, 0.001157, 0.001314, 0.001313, 0.001350, 0.001320, 0.001413, 0.001251, 0.001407, 0.001351, 0.001504, 0.001375, 0.001382, 0.001285, 0.001527, 0.001404, 0.001464, 0.001364, 0.001362, 0.001448, 0.001541, 0.001600, 0.001417, 0.001480, 0.001392, 0.001395, 0.001303, 0.001552, 0.001305, 0.001430, 0.001279, 0.001370, 0.001246, 0.001411, 0.001264, 0.001296, 0.001257, 0.001417, 0.001238, 0.001389, 0.001210, 0.001250, 0.001247, 0.001255, 0.001160, 0.001255, 0.001190, 0.001257, 0.001230, 0.001223, 0.001288
13 , 3, 3, 3, 3, 1, 1, 1
13 , 0.002478, 0.003215, 0.002943, 0.003149, 0.003014, 0.003326, 0.003505
14 , 0.001375, 0.001382, 0.001285, 0.001527, 0.001404, 0.001464, 0.001364, 0.001362, 0.001448, 0.001541, 0.001600, 0.001417, 0.001480, 0.001392, 0.001395, 0.001303, 0.001552, 0.001305, 0.001430, 0.001279, 0.001370, 0.001246, 0.001411, 0.001264, 0.001296, 0.001257, 0.001417, 0.001238, 0.001389, 0.001210, 0.001250, 0.001247, 0.001255, 0.001160, 0.001255, 0.001190, 0.001257, 0.001230, 0.001223, 0.001288, 0.001285, 0.001221, 0.001162, 0.001277, 0.001208, 0.001330, 0.001255, 0.001380, 0.001287, 0.001346, 0.001247, 0.001425, 0.001237, 0.001420, 0.001383, 0.001474, 0.001345, 0.001497, 0.001461, 0.001646, 0.001404, 0.001587, 0.001374, 0.001437, 0.001470, 0.001470, 0.001407, 0.001412, 0.001352, 0.001386, 0.001414, 0.001380, 0.001385, 0.001357, 0.001483, 0.001394, 0.001429, 0.001245, 0.001431, 0.001334, 0.001552, 0.001340, 0.001317, 0.001317, 0.001436, 0.001373, 0.001445, 0.001322, 0.001441, 0.001254, 0.001348, 0.001282
14 , 1, 1, 1, 1, 1, 1, 1
14 , 0.003980, 0.004166, 0.004319, 0.004344, 0.004387, 0.004298, 0.004137
15 , 0.001247, 0.001425, 0.001237, 0.001420, 0.001383, 0.001474, 0.001345, 0.001497, 0.001461, 0.001646, 0.001404, 0.001587, 0.001374, 0.001437, 0.001470, 0.001470, 0.001407, 0.001412, 0.001352, 0.001386, 0.001414, 0.001380, 0.001385, 0.001357, 0.001483, 0.001394, 0.001429, 0.001245, 0.001431, 0.001334, 0.001552, 0.001340, 0.001317, 0.001317, 0.001436, 0.001373, 0.001445, 0.001322, 0.001441, 0.001254, 0.001348, 0.001282, 0.001405, 0.001431, 0.001489, 0.001339, 0.001306, 0.001430, 0.001308, 0.001247, 0.001247, 0.001429, 0.001427, 0.001431, 0.001308, 0.001468, 0.001315, 0.001468, 0.001285, 0.001411, 0.001289, 0.001295, 0.001295, 0.001272, 0.001145, 0.001334, 0.001206, 0.001330, 0.001267, 0.001331, 0.001174, 0.001287, 0.001372, 0.001312, 0.001343, 0.001395, 0.001515, 0.001299, 0.001423, 0.001418, 0.001603, 0.001387, 0.001447, 0.001352, 0.001503, 0.001411, 0.001474, 0.001379, 0.001565, 0.001444, 0.001539, 0.001352
15 , 2, 2, 2, 2, 2, 2, 2
15 , 0.002046, 0.002347, 0.002766, 0.003185, 0.003701, 0.003597, 0.004181
16 , 0.001427, 0.001431, 0.001308, 0.001468, 0.001315, 0.001468, 0.001285, 0.001411, 0.001289, 0.001295, 0.001295, 0.001272, 0.001145, 0.001334, 0.001206, 0.001330, 0.001267, 0.001331, 0.001174, 0.001287, 0.001372, 0.001312, 0.001343, 0.001395, 0.001515, 0.001299, 0.001423, 0.001418, 0.001603, 0.001387, 0.001447, 0.001352, 0.001503, 0.001411, 0.001474, 0.001379, 0.001565, 0.001444, 0.001539, 0.001352, 0.001568, 0.001352, 0.001478, 0.001419, 0.001482, 0.001389, 0.001453, 0.001245, 0.001282, 0.001376, 0.001225, 0.001317, 0.001289, 0.001266, 0.001234, 0.001452, 0.001245, 0.001392, 0.001241, 0.001395, 0.001272, 0.001337, 0.001177, 0.001392, 0.001175, 0.001267, 0.001261, 0.001295, 0.001260, 0.001385, 0.001288, 0.001319, 0.001291, 0.001383, 0.001288, 0.001322, 0.001386, 0.001354, 0.001472, 0.001320, 0.001352, 0.001326, 0.001300, 0.001238, 0.001276, 0.001271, 0.001340, 0.001162, 0.001197, 0.000983, 0.001294, 0.001136
16 , 0, 0, 3, 3, 3, 3, 3
16 , 0.002734, 0.002834, 0.002775, 0.003019, 0.003099, 0.003178, 0.002957
