0 , 0.001918, 0.001990, 0.001948, 0.001854, 0.002081, 0.002016, 0.002008, 0.001926, 0.002133, 0.002125, 0.002082, 0.001964, 0.001779, 0.002040, 0.001855, 0.002037, 0.001771, 0.001825, 0.001851, 0.001919, 0.001844, 0.001704, 0.002057, 0.000040, 0.001681, 0.001460, 0.001640, 0.001359, 0.001486, 0.001364, 0.001456, 0.001364, 0.001554, 0.001307, 0.001371, 0.001402, 0.001523, 0.001312, 0.001348, 0.001256, 0.001414, 0.001351, 0.001291, 0.001283, 0.001317, 0.001312, 0.001052, 0.001008, 0.001508, 0.001578, 0.001653, 0.001727, 0.001609, 0.001943, 0.001828, 0.001882, 0.001521, 0.001869, 0.001960, 0.001936, 0.001808, 0.001757, 0.002050, 0.001922, 0.001966, 0.001871, 0.001996, 0.001992, 0.001992, 0.001868, 0.001963, 0.001297, 0.001166, 0.001384, 0.001369, 0.001337, 0.001385, 0.001378, 0.001379, 0.001318, 0.001406, 0.001372, 0.001277, 0.001309, 0.001399, 0.001274, 0.001454, 0.001298, 0.001421, 0.001294, 0.001420, 0.001395
0 , 1, 1, 1, 1, 1, 1, 1
0 , 0.015505, 0.018049, 0.021368, 0.023550, 0.025043, 0.021229, 0.020818
1 , 0.001653, 0.001727, 0.001609, 0.001943, 0.001828, 0.001882, 0.001521, 0.001869, 0.001960, 0.001936, 0.001808, 0.001757, 0.002050, 0.001922, 0.001966, 0.001871, 0.001996, 0.001992, 0.001992, 0.001868, 0.001963, 0.001297, 0.001166, 0.001384, 0.001369, 0.001337, 0.001385, 0.001378, 0.001379, 0.001318, 0.001406, 0.001372, 0.001277, 0.001309, 0.001399, 0.001274, 0.001454, 0.001298, 0.001421, 0.001294, 0.001420, 0.001395, 0.001280, 0.001220, 0.001435, 0.001201, 0.001561, 0.000372, 0.001632, 0.001640, 0.001767, 0.001774, 0.001730, 0.001777, 0.001955, 0.001871, 0.001935, 0.001911, 0.002076, 0.001952, 0.001898, 0.001834, 0.001851, 0.002070, 0.001915, 0.001986, 0.001800, 0.002003, 0.001884, 0.001872, 0.002028, 0.001888, 0.000461, 0.001498, 0.001170, 0.001396, 0.001228, 0.001292, 0.001107, 0.001321, 0.001100, 0.001313, 0.001273, 0.001366, 0.001242, 0.001336, 0.001269, 0.001449, 0.001171, 0.001359, 0.001108, 0.001329
1 , 1, 1, 1, 1, 1, 1, 1
1 , 0.018001, 0.020266, 0.022917, 0.023537, 0.026014, 0.023371, 0.022815
2 , 0.001767, 0.001774, 0.001730, 0.001777, 0.001955, 0.001871, 0.001935, 0.001911, 0.002076, 0.001952, 0.001898, 0.001834, 0.001851, 0.002070, 0.001915, 0.001986, 0.001800, 0.002003, 0.001884, 0.001872, 0.002028, 0.001888, 0.000461, 0.001498, 0.001170, 0.001396, 0.001228, 0.001292, 0.001107, 0.001321, 0.001100, 0.001313, 0.001273, 0.001366, 0.001242, 0.001336, 0.001269, 0.001449, 0.001171, 0.001359, 0.001108, 0.001329, 0.001234, 0.001341, 0.001400, 0.000549, 0.001534, 0.001565, 0.001737, 0.001740, 0.001892, 0.001730, 0.001810, 0.001985, 0.002021, 0.002068, 0.001834, 0.002087, 0.001905, 0.002030, 0.002122, 0.002016, 0.002061, 0.002070, 0.002043, 0.001922, 0.002282, 0.002176, 0.002221, 0.002134, 0.002005, 0.002444, 0.000323, 0.001530, 0.001279, 0.001306, 0.001259, 0.001315, 0.001188, 0.001279, 0.001274, 0.001271, 0.001208, 0.001299, 0.001323, 0.001381, 0.001347, 0.001380, 0.001467, 0.001283, 0.001372, 0.001433
2 , 1, 1, 1, 1, 1, 1, 1
2 , 0.020830, 0.024561, 0.028782, 0.030428, 0.029967, 0.026924, 0.025769
3 , 0.001740, 0.001892, 0.001730, 0.001810, 0.001985, 0.002021, 0.002068, 0.001834, 0.002087, 0.001905, 0.002030, 0.002122, 0.002016, 0.002061, 0.002070, 0.002043, 0.001922, 0.002282, 0.002176, 0.002221, 0.002134, 0.002005, 0.002444, 0.000323, 0.001530, 0.001279, 0.001306, 0.001259, 0.001315, 0.001188, 0.001279, 0.001274, 0.001271, 0.001208, 0.001299, 0.001323, 0.001381, 0.001347, 0.001380, 0.001467, 0.001283, 0.001372, 0.001433, 0.001374, 0.001436, 0.001344, 0.001313, 0.001517, 0.001085, 0.000811, 0.001579, 0.001578, 0.001710, 0.001511, 0.001632, 0.001781, 0.001808, 0.001734, 0.001936, 0.002061, 0.001781, 0.002024, 0.001730, 0.001906, 0.001835, 0.001828, 0.001946, 0.001810, 0.001915, 0.001869, 0.001997, 0.001781, 0.002149, 0.001170, 0.001287, 0.001528, 0.001598, 0.001293, 0.001472, 0.001373, 0.001434, 0.001278, 0.001459, 0.001336, 0.001428, 0.001396, 0.001495, 0.001314, 0.001352, 0.001326, 0.001394, 0.001130
3 , 1, 1, 1, 1, 1, 1, 1
3 , 0.014713, 0.017253, 0.019612, 0.022122, 0.024407, 0.024195, 0.024990
4 , 0.001710, 0.001511, 0.001632, 0.001781, 0.001808, 0.001734, 0.001936, 0.002061, 0.001781, 0.002024, 0.001730, 0.001906, 0.001835, 0.001828, 0.001946, 0.001810, 0.001915, 0.001869, 0.001997, 0.001781, 0.002149, 0.001170, 0.001287, 0.001528, 0.001598, 0.001293, 0.001472, 0.001373, 0.001434, 0.001278, 0.001459, 0.001336, 0.001428, 0.001396, 0.001495, 0.001314, 0.001352, 0.001326, 0.001394, 0.001130, 0.001391, 0.001092, 0.001253, 0.000873, 0.001221, 0.000607, 0.001804, 0.001937, 0.001900, 0.001917, 0.001948, 0.002010, 0.001920, 0.001984, 0.001968, 0.001789, 0.002050, 0.001989, 0.001973, 0.001693, 0.001970, 0.001855, 0.001805, 0.001815, 0.001771, 0.001989, 0.001687, 0.001799, 0.001720, 0.001897, 0.000578, 0.001631, 0.001471, 0.001575, 0.001333, 0.001336, 0.001121, 0.001280, 0.001095, 0.001285, 0.001102, 0.001292, 0.000986, 0.001236, 0.001171, 0.001290, 0.001097, 0.001229, 0.001195, 0.001171, 0.001108, 0.001264
4 , 1, 1, 1, 1, 1, 1, 1
4 , 0.020662, 0.023241, 0.027430, 0.024477, 0.023441, 0.022861, 0.022531
5 , 0.001900, 0.001917, 0.001948, 0.002010, 0.001920, 0.001984, 0.001968, 0.001789, 0.002050, 0.001989, 0.001973, 0.001693, 0.001970, 0.001855, 0.001805, 0.001815, 0.001771, 0.001989, 0.001687, 0.001799, 0.001720, 0.001897, 0.000578, 0.001631, 0.001471, 0.001575, 0.001333, 0.001336, 0.001121, 0.001280, 0.001095, 0.001285, 0.001102, 0.001292, 0.000986, 0.001236, 0.001171, 0.001290, 0.001097, 0.001229, 0.001195, 0.001171, 0.001108, 0.001264, 0.001289, 0.001266, 0.001209, 0.000477, 0.001504, 0.001520, 0.001854, 0.001631, 0.001679, 0.001588, 0.002006, 0.001989, 0.002066, 0.001891, 0.001878, 0.002050, 0.001811, 0.001956, 0.001710, 0.001839, 0.001791, 0.001903, 0.001875, 0.001761, 0.001973, 0.001798, 0.001733, 0.001957, 0.000367, 0.001486, 0.001460, 0.001365, 0.001238, 0.001298, 0.001235, 0.001268, 0.001267, 0.001356, 0.001350, 0.001410, 0.001289, 0.001350, 0.001377, 0.001443, 0.001318, 0.001444, 0.001290, 0.001384
5 , 1, 1, 1, 1, 1, 1, 1
5 , 0.019321, 0.022237, 0.023648, 0.025168, 0.026149, 0.023794, 0.023396
6 , 0.001854, 0.001631, 0.001679, 0.001588, 0.002006, 0.001989, 0.002066, 0.001891, 0.001878, 0.002050, 0.001811, 0.001956, 0.001710, 0.001839, 0.001791, 0.001903, 0.001875, 0.001761, 0.001973, 0.001798, 0.001733, 0.001957, 0.000367, 0.001486, 0.001460, 0.001365, 0.001238, 0.001298, 0.001235, 0.001268, 0.001267, 0.001356, 0.001350, 0.001410, 0.001289, 0.001350, 0.001377, 0.001443, 0.001318, 0.001444, 0.001290, 0.001384, 0.001237, 0.001426, 0.001324, 0.001302, 0.000847, 0.001631, 0.001622, 0.001955, 0.001720, 0.001844, 0.001652, 0.002003, 0.001942, 0.001915, 0.001878, 0.001824, 0.001999, 0.001978, 0.002076, 0.001927, 0.002096, 0.002059, 0.002044, 0.001871, 0.001962, 0.002019, 0.001969, 0.002139, 0.001183, 0.000970, 0.001510, 0.001218, 0.001287, 0.001179, 0.001269, 0.001198, 0.001381, 0.001283, 0.001283, 0.001125, 0.001367, 0.001299, 0.001396, 0.001213, 0.001405, 0.001187, 0.001339, 0.001278, 0.001248, 0.001244
6 , 1, 1, 1, 1, 1, 1, 1
6 , 0.019899, 0.023030, 0.025419, 0.027241, 0.023521, 0.023361, 0.021870
7 , 0.001955, 0.001720, 0.001844, 0.001652, 0.002003, 0.001942, 0.001915, 0.001878, 0.001824, 0.001999, 0.001978, 0.002076, 0.001927, 0.002096, 0.002059, 0.002044, 0.001871, 0.001962, 0.002019, 0.001969, 0.002139, 0.001183, 0.000970, 0.001510, 0.001218, 0.001287, 0.001179, 0.001269, 0.001198, 0.001381, 0.001283, 0.001283, 0.001125, 0.001367, 0.001299, 0.001396, 0.001213, 0.001405, 0.001187, 0.001339, 0.001278, 0.001248, 0.001244, 0.001279, 0.001278, 0.001259, 0.001360, 0.000103, 0.001672, 0.001625, 0.001768, 0.001722, 0.001813, 0.001772, 0.001914, 0.001925, 0.001934, 0.002018, 0.001832, 0.002107, 0.001941, 0.002059, 0.001882, 0.002044, 0.002098, 0.002034, 0.002140, 0.001971, 0.002168, 0.002151, 0.002168, 0.001832, 0.000444, 0.001420, 0.001331, 0.001466, 0.001158, 0.001188, 0.001144, 0.001237, 0.001202, 0.001357, 0.001229, 0.001380, 0.001162, 0.001256, 0.001064, 0.001313, 0.001191, 0.001317, 0.001162, 0.001357
7 , 1, 1, 1, 1, 1, 1, 1
7 , 0.021025, 0.024580, 0.027850, 0.028854, 0.031010, 0.028640, 0.027540
8 , 0.001768, 0.001722, 0.001813, 0.001772, 0.001914, 0.001925, 0.001934, 0.002018, 0.001832, 0.002107, 0.001941, 0.002059, 0.001882, 0.002044, 0.002098, 0.002034, 0.002140, 0.001971, 0.002168, 0.002151, 0.002168, 0.001832, 0.000444, 0.001420, 0.001331, 0.001466, 0.001158, 0.001188, 0.001144, 0.001237, 0.001202, 0.001357, 0.001229, 0.001380, 0.001162, 0.001256, 0.001064, 0.001313, 0.001191, 0.001317, 0.001162, 0.001357, 0.001286, 0.001214, 0.001282, 0.000702, 0.001498, 0.001736, 0.001759, 0.001902, 0.001864, 0.001914, 0.001801, 0.002126, 0.002008, 0.002064, 0.001845, 0.002101, 0.001912, 0.001855, 0.002007, 0.001932, 0.002085, 0.001896, 0.001866, 0.001905, 0.002078, 0.002083, 0.002072, 0.002162, 0.000275, 0.001229, 0.001456, 0.001392, 0.001388, 0.001295, 0.001326, 0.001205, 0.001179, 0.001176, 0.001236, 0.001169, 0.001297, 0.001231, 0.001202, 0.001173, 0.001238, 0.001240, 0.001179, 0.001275, 0.001128, 0.001225
8 , 1, 1, 1, 1, 1, 1, 1
8 , 0.024611, 0.029118, 0.033575, 0.031942, 0.029008, 0.028353, 0.027167
9 , 0.001759, 0.001902, 0.001864, 0.001914, 0.001801, 0.002126, 0.002008, 0.002064, 0.001845, 0.002101, 0.001912, 0.001855, 0.002007, 0.001932, 0.002085, 0.001896, 0.001866, 0.001905, 0.002078, 0.002083, 0.002072, 0.002162, 0.000275, 0.001229, 0.001456, 0.001392, 0.001388, 0.001295, 0.001326, 0.001205, 0.001179, 0.001176, 0.001236, 0.001169, 0.001297, 0.001231, 0.001202, 0.001173, 0.001238, 0.001240, 0.001179, 0.001275, 0.001128, 0.001225, 0.001041, 0.001168, 0.001017, 0.001055, 0.000999, 0.002051, 0.001911, 0.002157, 0.001956, 0.002040, 0.001892, 0.002214, 0.002100, 0.002070, 0.001919, 0.002096, 0.002175, 0.002005, 0.002046, 0.001948, 0.002280, 0.001980, 0.001996, 0.001978, 0.002034, 0.002007, 0.001850, 0.002174, 0.001022, 0.001036, 0.001685, 0.001513, 0.001431, 0.001360, 0.001452, 0.001260, 0.001408, 0.001312, 0.001497, 0.001281, 0.001348, 0.001282, 0.001442, 0.001317, 0.001295, 0.001294, 0.001359, 0.001177
9 , 1, 1, 1, 1, 1, 1, 1
9 , 0.021110, 0.025267, 0.028233, 0.031312, 0.031030, 0.030420, 0.028240
10 , 0.002051, 0.001911, 0.002157, 0.001956, 0.002040, 0.001892, 0.002214, 0.002100, 0.002070, 0.001919, 0.002096, 0.002175, 0.002005, 0.002046, 0.001948, 0.002280, 0.001980, 0.001996, 0.001978, 0.002034, 0.002007, 0.001850, 0.002174, 0.001022, 0.001036, 0.001685, 0.001513, 0.001431, 0.001360, 0.001452, 0.001260, 0.001408, 0.001312, 0.001497, 0.001281, 0.001348, 0.001282, 0.001442, 0.001317, 0.001295, 0.001294, 0.001359, 0.001177, 0.001312, 0.001213, 0.001198, 0.001359, 0.000011, 0.001680, 0.001613, 0.001925, 0.001855, 0.001894, 0.001962, 0.001935, 0.002151, 0.001932, 0.001928, 0.001721, 0.002144, 0.002129, 0.002133, 0.001940, 0.002115, 0.002338, 0.002016, 0.002091, 0.001977, 0.002116, 0.002018, 0.002098, 0.001939, 0.001906, 0.002051, 0.000549, 0.001670, 0.001496, 0.001352, 0.001351, 0.001253, 0.001254, 0.001259, 0.001317, 0.001280, 0.001250, 0.001217, 0.001099, 0.001100, 0.001286, 0.001320, 0.001381, 0.001324
10 , 1, 1, 1, 1, 1, 1, 1
10 , 0.018135, 0.021671, 0.024888, 0.027743, 0.032503, 0.031823, 0.031397
11 , 0.001925, 0.001855, 0.001894, 0.001962, 0.001935, 0.002151, 0.001932, 0.001928, 0.001721, 0.002144, 0.002129, 0.002133, 0.001940, 0.002115, 0.002338, 0.002016, 0.002091, 0.001977, 0.002116, 0.002018, 0.002098, 0.001939, 0.001906, 0.002051, 0.000549, 0.001670, 0.001496, 0.001352, 0.001351, 0.001253, 0.001254, 0.001259, 0.001317, 0.001280, 0.001250, 0.001217, 0.001099, 0.001100, 0.001286, 0.001320, 0.001381, 0.001324, 0.001393, 0.001266, 0.001217, 0.001091, 0.001255, 0.001068, 0.001148, 0.000942, 0.001247, 0.001092, 0.001198, 0.000982, 0.001050, 0.001078, 0.001169, 0.001044, 0.001018, 0.000974, 0.001160, 0.001034, 0.001205, 0.001255, 0.001310, 0.001214, 0.001209, 0.001264, 0.001259, 0.001262, 0.001223, 0.001405, 0.001309, 0.001397, 0.001332, 0.001569, 0.001412, 0.001417, 0.001380, 0.001504, 0.001381, 0.001562, 0.001315, 0.001527, 0.001371, 0.001615, 0.001314, 0.001439, 0.001343, 0.001440, 0.001323, 0.001454
11 , 2, 2, 2, 2, 2, 2, 2
11 , 0.016965, 0.019911, 0.021227, 0.022499, 0.022941, 0.023938, 0.021565
12 , 0.001092, 0.001198, 0.000982, 0.001050, 0.001078, 0.001169, 0.001044, 0.001018, 0.000974, 0.001160, 0.001034, 0.001205, 0.001255, 0.001310, 0.001214, 0.001209, 0.001264, 0.001259, 0.001262, 0.001223, 0.001405, 0.001309, 0.001397, 0.001332, 0.001569, 0.001412, 0.001417, 0.001380, 0.001504, 0.001381, 0.001562, 0.001315, 0.001527, 0.001371, 0.001615, 0.001314, 0.001439, 0.001343, 0.001440, 0.001323, 0.001454, 0.001363, 0.001369, 0.001217, 0.001380, 0.001259, 0.001234, 0.001181, 0.001147, 0.001203, 0.001270, 0.001275, 0.001250, 0.001250, 0.001275, 0.001279, 0.001127, 0.001249, 0.001123, 0.001221, 0.001092, 0.001339, 0.001116, 0.001331, 0.001124, 0.001344, 0.001127, 0.001284, 0.001193, 0.001254, 0.001221, 0.001226, 0.001246, 0.001306, 0.001298, 0.001385, 0.001320, 0.001314, 0.001345, 0.001371, 0.001362, 0.001422, 0.001422, 0.001297, 0.001359, 0.001326, 0.001449, 0.001322, 0.001352, 0.001348, 0.001471, 0.001251
12 , 0, 0, 0, 0, 0, 0, 0
12 , 0.008174, 0.008599, 0.008213, 0.008119, 0.007821, 0.007558, 0.006717
13 , 0.001181, 0.001147, 0.001203, 0.001270, 0.001275, 0.001250, 0.001250, 0.001275, 0.001279, 0.001127, 0.001249, 0.001123, 0.001221, 0.001092, 0.001339, 0.001116, 0.001331, 0.001124, 0.001344, 0.001127, 0.001284, 0.001193, 0.001254, 0.001221, 0.001226, 0.001246, 0.001306, 0.001298, 0.001385, 0.001320, 0.001314, 0.001345, 0.001371, 0.001362, 0.001422, 0.001422, 0.001297, 0.001359, 0.001326, 0.001449, 0.001322, 0.001352, 0.001348, 0.001471, 0.001251, 0.001494, 0.001400, 0.001521, 0.001399, 0.001340, 0.001186, 0.001494, 0.001491, 0.001618, 0.001432, 0.001438, 0.001349, 0.001419, 0.001242, 0.001245, 0.001306, 0.001248, 0.001161, 0.001196, 0.001296, 0.001234, 0.001207, 0.001298, 0.001306, 0.001247, 0.001250, 0.001152, 0.001335, 0.001175, 0.001392, 0.001265, 0.001324, 0.001258, 0.001410, 0.001195, 0.001441, 0.001312, 0.001434, 0.001309, 0.001548, 0.001335, 0.001399, 0.001334, 0.001423, 0.001325, 0.001389, 0.001394
13 , 3, 3, 3, 0, 0, 0, 0
13 , 0.002513, 0.002926, 0.002722, 0.002985, 0.003635, 0.003831, 0.004339
14 , 0.001491, 0.001618, 0.001432, 0.001438, 0.001349, 0.001419, 0.001242, 0.001245, 0.001306, 0.001248, 0.001161, 0.001196, 0.001296, 0.001234, 0.001207, 0.001298, 0.001306, 0.001247, 0.001250, 0.001152, 0.001335, 0.001175, 0.001392, 0.001265, 0.001324, 0.001258, 0.001410, 0.001195, 0.001441, 0.001312, 0.001434, 0.001309, 0.001548, 0.001335, 0.001399, 0.001334, 0.001423, 0.001325, 0.001389, 0.001394, 0.001238, 0.001362, 0.001426, 0.001303, 0.001247, 0.001399, 0.001275, 0.001340, 0.001155, 0.001371, 0.001280, 0.001408, 0.001192, 0.001319, 0.001226, 0.001378, 0.001219, 0.001253, 0.001252, 0.001384, 0.001087, 0.001180, 0.001151, 0.001278, 0.001131, 0.001141, 0.001198, 0.001201, 0.001168, 0.001198, 0.001168, 0.001137, 0.001240, 0.001118, 0.001086, 0.000986, 0.001265, 0.001259, 0.001324, 0.001137, 0.001347, 0.001193, 0.001349, 0.001162, 0.001161, 0.001214, 0.001247, 0.001061, 0.001247, 0.001157, 0.001223, 0.001160
14 , 3, 3, 3, 3, 3, 3, 3
14 , 0.001854, 0.002069, 0.001758, 0.002077, 0.001925, 0.002451, 0.002362
15 , 0.001408, 0.001192, 0.001319, 0.001226, 0.001378, 0.001219, 0.001253, 0.001252, 0.001384, 0.001087, 0.001180, 0.001151, 0.001278, 0.001131, 0.001141, 0.001198, 0.001201, 0.001168, 0.001198, 0.001168, 0.001137, 0.001240, 0.001118, 0.001086, 0.000986, 0.001265, 0.001259, 0.001324, 0.001137, 0.001347, 0.001193, 0.001349, 0.001162, 0.001161, 0.001214, 0.001247, 0.001061, 0.001247, 0.001157, 0.001223, 0.001160, 0.001133, 0.001042, 0.001110, 0.001201, 0.001140, 0.001110, 0.001172, 0.001232, 0.001226, 0.001227, 0.001196, 0.001347, 0.001188, 0.001412, 0.001168, 0.001262, 0.001222, 0.001282, 0.001184, 0.001335, 0.001303, 0.001339, 0.001213, 0.001367, 0.001234, 0.001356, 0.001253, 0.001348, 0.001195, 0.001350, 0.001250, 0.001278, 0.001250, 0.001308, 0.001301, 0.001327, 0.001296, 0.001390, 0.001337, 0.001219, 0.001440, 0.001170, 0.001268, 0.001113, 0.001275, 0.001053, 0.001213, 0.001125, 0.001318, 0.001107, 0.001301
15 , 2, 2, 1, 1, 1, 1, 3
15 , 0.001547, 0.001349, 0.001167, 0.001546, 0.001307, 0.001272, 0.000938
16 , 0.001110, 0.001172, 0.001232, 0.001226, 0.001227, 0.001196, 0.001347, 0.001188, 0.001412, 0.001168, 0.001262, 0.001222, 0.001282, 0.001184, 0.001335, 0.001303, 0.001339, 0.001213, 0.001367, 0.001234, 0.001356, 0.001253, 0.001348, 0.001195, 0.001350, 0.001250, 0.001278, 0.001250, 0.001308, 0.001301, 0.001327, 0.001296, 0.001390, 0.001337, 0.001219, 0.001440, 0.001170, 0.001268, 0.001113, 0.001275, 0.001053, 0.001213, 0.001125, 0.001318, 0.001107, 0.001301, 0.001222, 0.001108, 0.001055, 0.001120, 0.000995, 0.001181, 0.001026, 0.001087, 0.001137, 0.001188, 0.001299, 0.001283, 0.001271, 0.001282, 0.001484, 0.001410, 0.001522, 0.001451, 0.001596, 0.001439, 0.001649, 0.001610, 0.001670, 0.001570, 0.001843, 0.001718, 0.001809, 0.001776, 0.001745, 0.001594, 0.001719, 0.001690, 0.001757, 0.001581, 0.001559, 0.001479, 0.001431, 0.001558, 0.001358, 0.001395, 0.001350, 0.001367, 0.001316, 0.001275, 0.001008, 0.001177
16 , 0, 0, 0, 2, 2, 2, 1
16 , 0.006891, 0.005682, 0.004641, 0.003490, 0.002615, 0.001388, 0.001925
