0 , 0.000066, 0.000008, 0.000019, 0.000131, 0.000090, 0.000058, 0.000024, 0.000170, 0.000070, 0.000222, 0.000065, 0.000279, 0.000123, 0.000183, 0.000115, 0.000351, 0.000197, 0.000196, 0.000226, 0.000225, 0.000282, 0.000368, 0.000276, 0.000312, 0.000340, 0.000276, 0.000380, 0.000229, 0.000294, 0.000147, 0.000362, 0.000128, 0.000163, 0.000098, 0.000130, 0.000095, 0.000282, 0.000007, 0.000070, 0.000159, 0.000222, 0.000049, 0.000137, 0.000072, 0.000232, 0.000113, 0.000008, 0.000142, 0.000173, 0.000024, 0.000086, 0.000147, 0.000024, 0.000121, 0.000033, 0.000148, 0.000021, 0.000177, 0.000057, 0.000059, 0.000037, 0.000243, 0.000009, 0.000177, 0.000047, 0.000113, 0.000034, 0.000177, 0.000081, 0.000120, 0.000002, 0.000120, 0.000031, 0.000020, 0.000037, 0.000009, 0.000010, 0.000008, 0.000023, 0.000092, 0.000183, 0.000064, 0.000033, 0.000001, 0.000061, 0.000086, 0.000031, 0.000070, 0.000118, 0.000143, 0.000176, 0.000046
0 , 3, 3, 3, 3, 3, 1, 1
0 , 0.002613, 0.002362, 0.001952, 0.001239, 0.000758, 0.000302, 0.000761
1 , 0.000008, 0.000142, 0.000173, 0.000024, 0.000086, 0.000147, 0.000024, 0.000121, 0.000033, 0.000148, 0.000021, 0.000177, 0.000057, 0.000059, 0.000037, 0.000243, 0.000009, 0.000177, 0.000047, 0.000113, 0.000034, 0.000177, 0.000081, 0.000120, 0.000002, 0.000120, 0.000031, 0.000020, 0.000037, 0.000009, 0.000010, 0.000008, 0.000023, 0.000092, 0.000183, 0.000064, 0.000033, 0.000001, 0.000061, 0.000086, 0.000031, 0.000070, 0.000118, 0.000143, 0.000176, 0.000046, 0.000235, 0.000014, 0.000195, 0.000021, 0.000141, 0.000015, 0.000107, 0.000073, 0.000261, 0.000109, 0.000114, 0.000232, 0.000174, 0.000208, 0.000235, 0.000207, 0.000026, 0.000093, 0.000150, 0.000246, 0.000004, 0.000132, 0.000064, 0.000162, 0.000024, 0.000186, 0.000088, 0.000153, 0.000025, 0.000208, 0.000078, 0.000201, 0.000135, 0.000166, 0.000069, 0.000134, 0.000034, 0.000096, 0.000162, 0.000221, 0.000161, 0.000100, 0.000221, 0.000010, 0.000104, 0.000012
1 , 1, 1, 1, 1, 1, 1, 1
1 , 0.001009, 0.000928, 0.000891, 0.000699, 0.001062, 0.000907, 0.000811
2 , 0.000141, 0.000015, 0.000107, 0.000073, 0.000261, 0.000109, 0.000114, 0.000232, 0.000174, 0.000208, 0.000235, 0.000207, 0.000026, 0.000093, 0.000150, 0.000246, 0.000004, 0.000132, 0.000064, 0.000162, 0.000024, 0.000186, 0.000088, 0.000153, 0.000025, 0.000208, 0.000078, 0.000201, 0.000135, 0.000166, 0.000069, 0.000134, 0.000034, 0.000096, 0.000162, 0.000221, 0.000161, 0.000100, 0.000221, 0.000010, 0.000104, 0.000012, 0.000134, 0.000039, 0.000192, 0.000098, 0.000128, 0.000123, 0.000252, 0.000159, 0.000156, 0.000186, 0.000190, 0.000029, 0.000191, 0.000156, 0.000189, 0.000279, 0.000255, 0.000047, 0.000167, 0.000144, 0.000064, 0.000033, 0.000065, 0.000019, 0.000043, 0.000014, 0.000012, 0.000013, 0.000109, 0.000012, 0.000023, 0.000102, 0.000008, 0.000105, 0.000004, 0.000069, 0.000031, 0.000211, 0.000010, 0.000109, 0.000078, 0.000139, 0.000076, 0.000161, 0.000064, 0.000099, 0.000162, 0.000282, 0.000216, 0.000214
2 , 1, 1, 1, 1, 1, 2, 2
2 , 0.001478, 0.001146, 0.000613, 0.000713, 0.000311, 0.000657, 0.000580
3 , 0.000128, 0.000123, 0.000252, 0.000159, 0.000156, 0.000186, 0.000190, 0.000029, 0.000191, 0.000156, 0.000189, 0.000279, 0.000255, 0.000047, 0.000167, 0.000144, 0.000064, 0.000033, 0.000065, 0.000019, 0.000043, 0.000014, 0.000012, 0.000013, 0.000109, 0.000012, 0.000023, 0.000102, 0.000008, 0.000105, 0.000004, 0.000069, 0.000031, 0.000211, 0.000010, 0.000109, 0.000078, 0.000139, 0.000076, 0.000161, 0.000064, 0.000099, 0.000162, 0.000282, 0.000216, 0.000214, 0.000216, 0.000186, 0.000184, 0.000153, 0.000244, 0.000090, 0.000304, 0.000030, 0.000101, 0.000161, 0.000106, 0.000105, 0.000262, 0.000045, 0.000169, 0.000013, 0.000141, 0.000140, 0.000204, 0.000112, 0.000203, 0.000073, 0.000196, 0.000191, 0.000162, 0.000068, 0.000131, 0.000220, 0.000098, 0.000064, 0.000062, 0.000157, 0.000119, 0.000123, 0.000124, 0.000125, 0.000213, 0.000281, 0.000001, 0.000161, 0.000098, 0.000163, 0.000021, 0.000110, 0.000050, 0.000168
3 , 1, 1, 1, 1, 1, 1, 3
3 , 0.002077, 0.001925, 0.001722, 0.001378, 0.000989, 0.000769, 0.000916
4 , 0.000216, 0.000186, 0.000184, 0.000153, 0.000244, 0.000090, 0.000304, 0.000030, 0.000101, 0.000161, 0.000106, 0.000105, 0.000262, 0.000045, 0.000169, 0.000013, 0.000141, 0.000140, 0.000204, 0.000112, 0.000203, 0.000073, 0.000196, 0.000191, 0.000162, 0.000068, 0.000131, 0.000220, 0.000098, 0.000064, 0.000062, 0.000157, 0.000119, 0.000123, 0.000124, 0.000125, 0.000213, 0.000281, 0.000001, 0.000161, 0.000098, 0.000163, 0.000021, 0.000110, 0.000050, 0.000168, 0.000049, 0.000016, 0.000012, 0.000169, 0.000080, 0.000083, 0.000053, 0.000035, 0.000031, 0.000029, 0.000028, 0.000094, 0.000071, 0.000110, 0.000016, 0.000038, 0.000102, 0.000026, 0.000032, 0.000057, 0.000215, 0.000033, 0.000089, 0.000012, 0.000081, 0.000015, 0.000141, 0.000076, 0.000131, 0.000185, 0.000158, 0.000058, 0.000216, 0.000156, 0.000158, 0.000156, 0.000065, 0.000068, 0.000133, 0.000134, 0.000222, 0.000157, 0.000155, 0.000181, 0.000004, 0.000209
4 , 2, 2, 2, 2, 2, 2, 2
4 , 0.001989, 0.001933, 0.002104, 0.002083, 0.002308, 0.002482, 0.002692
5 , 0.000053, 0.000035, 0.000031, 0.000029, 0.000028, 0.000094, 0.000071, 0.000110, 0.000016, 0.000038, 0.000102, 0.000026, 0.000032, 0.000057, 0.000215, 0.000033, 0.000089, 0.000012, 0.000081, 0.000015, 0.000141, 0.000076, 0.000131, 0.000185, 0.000158, 0.000058, 0.000216, 0.000156, 0.000158, 0.000156, 0.000065, 0.000068, 0.000133, 0.000134, 0.000222, 0.000157, 0.000155, 0.000181, 0.000004, 0.000209, 0.000079, 0.000261, 0.000221, 0.000312, 0.000153, 0.000456, 0.000147, 0.000271, 0.000240, 0.000274, 0.000156, 0.000256, 0.000171, 0.000090, 0.000070, 0.000055, 0.000096, 0.000049, 0.000098, 0.000058, 0.000083, 0.000079, 0.000096, 0.000150, 0.000085, 0.000138, 0.000179, 0.000304, 0.000262, 0.000373, 0.000230, 0.000267, 0.000151, 0.000285, 0.000106, 0.000306, 0.000155, 0.000078, 0.000025, 0.000094, 0.000054, 0.000025, 0.000029, 0.000106, 0.000103, 0.000082, 0.000102, 0.000275, 0.000293, 0.000252, 0.000182, 0.000301
5 , 0, 3, 3, 3, 3, 0, 0
5 , 0.001817, 0.002069, 0.002432, 0.002521, 0.002546, 0.002595, 0.002523
6 , 0.000256, 0.000171, 0.000090, 0.000070, 0.000055, 0.000096, 0.000049, 0.000098, 0.000058, 0.000083, 0.000079, 0.000096, 0.000150, 0.000085, 0.000138, 0.000179, 0.000304, 0.000262, 0.000373, 0.000230, 0.000267, 0.000151, 0.000285, 0.000106, 0.000306, 0.000155, 0.000078, 0.000025, 0.000094, 0.000054, 0.000025, 0.000029, 0.000106, 0.000103, 0.000082, 0.000102, 0.000275, 0.000293, 0.000252, 0.000182, 0.000301, 0.000301, 0.000452, 0.000236, 0.000448, 0.000388, 0.000423, 0.000333, 0.000371, 0.000251, 0.000225, 0.000169, 0.000273, 0.000187, 0.000229, 0.000109, 0.000126, 0.000135, 0.000047, 0.000096, 0.000060, 0.000029, 0.000077, 0.000187, 0.000187, 0.000083, 0.000149, 0.000024, 0.000125, 0.000094, 0.000166, 0.000077, 0.000119, 0.000122, 0.000040, 0.000138, 0.000131, 0.000158, 0.000085, 0.000241, 0.000022, 0.000201, 0.000133, 0.000339, 0.000186, 0.000307, 0.000300, 0.000297, 0.000262, 0.000352, 0.000376, 0.000279
6 , 3, 0, 0, 0, 0, 0, 0
6 , 0.001093, 0.000845, 0.001549, 0.002196, 0.002796, 0.003512, 0.003591
7 , 0.000273, 0.000187, 0.000229, 0.000109, 0.000126, 0.000135, 0.000047, 0.000096, 0.000060, 0.000029, 0.000077, 0.000187, 0.000187, 0.000083, 0.000149, 0.000024, 0.000125, 0.000094, 0.000166, 0.000077, 0.000119, 0.000122, 0.000040, 0.000138, 0.000131, 0.000158, 0.000085, 0.000241, 0.000022, 0.000201, 0.000133, 0.000339, 0.000186, 0.000307, 0.000300, 0.000297, 0.000262, 0.000352, 0.000376, 0.000279, 0.000401, 0.000253, 0.000343, 0.000187, 0.000341, 0.000309, 0.000222, 0.000193, 0.000319, 0.000201, 0.000454, 0.000250, 0.000201, 0.000114, 0.000098, 0.000003, 0.000105, 0.000103, 0.000289, 0.000164, 0.000020, 0.000066, 0.000177, 0.000058, 0.000030, 0.000031, 0.000033, 0.000186, 0.000036, 0.000128, 0.000064, 0.000036, 0.000012, 0.000140, 0.000105, 0.000183, 0.000083, 0.000196, 0.000123, 0.000304, 0.000206, 0.000301, 0.000024, 0.000267, 0.000234, 0.000300, 0.000207, 0.000212, 0.000215, 0.000277, 0.000213, 0.000250
7 , 3, 0, 0, 0, 0, 0, 0
7 , 0.001858, 0.002712, 0.003274, 0.003766, 0.004556, 0.005277, 0.005619
8 , 0.000201, 0.000114, 0.000098, 0.000003, 0.000105, 0.000103, 0.000289, 0.000164, 0.000020, 0.000066, 0.000177, 0.000058, 0.000030, 0.000031, 0.000033, 0.000186, 0.000036, 0.000128, 0.000064, 0.000036, 0.000012, 0.000140, 0.000105, 0.000183, 0.000083, 0.000196, 0.000123, 0.000304, 0.000206, 0.000301, 0.000024, 0.000267, 0.000234, 0.000300, 0.000207, 0.000212, 0.000215, 0.000277, 0.000213, 0.000250, 0.000284, 0.000194, 0.000254, 0.000318, 0.000264, 0.000202, 0.000293, 0.000141, 0.000234, 0.000230, 0.000442, 0.000313, 0.000308, 0.000055, 0.000270, 0.000175, 0.000329, 0.000328, 0.000450, 0.000294, 0.000359, 0.000235, 0.000358, 0.000292, 0.000263, 0.000195, 0.000325, 0.000296, 0.000265, 0.000206, 0.000087, 0.000213, 0.000155, 0.000220, 0.000125, 0.000222, 0.000129, 0.000224, 0.000075, 0.000261, 0.000165, 0.000229, 0.000136, 0.000198, 0.000130, 0.000193, 0.000095, 0.000397, 0.000239, 0.000186, 0.000116, 0.000269
8 , 3, 3, 3, 3, 3, 3, 3
8 , 0.003603, 0.004075, 0.004801, 0.004674, 0.004820, 0.004604, 0.004645
9 , 0.000442, 0.000313, 0.000308, 0.000055, 0.000270, 0.000175, 0.000329, 0.000328, 0.000450, 0.000294, 0.000359, 0.000235, 0.000358, 0.000292, 0.000263, 0.000195, 0.000325, 0.000296, 0.000265, 0.000206, 0.000087, 0.000213, 0.000155, 0.000220, 0.000125, 0.000222, 0.000129, 0.000224, 0.000075, 0.000261, 0.000165, 0.000229, 0.000136, 0.000198, 0.000130, 0.000193, 0.000095, 0.000397, 0.000239, 0.000186, 0.000116, 0.000269, 0.000272, 0.000273, 0.000331, 0.000270, 0.000298, 0.000269, 0.000267, 0.000353, 0.000353, 0.000353, 0.000384, 0.000322, 0.000322, 0.000255, 0.000445, 0.000166, 0.000355, 0.000173, 0.000267, 0.000295, 0.000337, 0.000096, 0.000282, 0.000159, 0.000226, 0.000046, 0.000143, 0.000009, 0.000144, 0.000059, 0.000061, 0.000149, 0.000116, 0.000242, 0.000211, 0.000179, 0.000146, 0.000418, 0.000136, 0.000318, 0.000193, 0.000313, 0.000213, 0.000424, 0.000168, 0.000321, 0.000289, 0.000322, 0.000227, 0.000380
9 , 1, 1, 1, 1, 1, 2, 2
9 , 0.003713, 0.003287, 0.002479, 0.001986, 0.001212, 0.001483, 0.001380
10 , 0.000298, 0.000269, 0.000267, 0.000353, 0.000353, 0.000353, 0.000384, 0.000322, 0.000322, 0.000255, 0.000445, 0.000166, 0.000355, 0.000173, 0.000267, 0.000295, 0.000337, 0.000096, 0.000282, 0.000159, 0.000226, 0.000046, 0.000143, 0.000009, 0.000144, 0.000059, 0.000061, 0.000149, 0.000116, 0.000242, 0.000211, 0.000179, 0.000146, 0.000418, 0.000136, 0.000318, 0.000193, 0.000313, 0.000213, 0.000424, 0.000168, 0.000321, 0.000289, 0.000322, 0.000227, 0.000380, 0.000222, 0.000348, 0.000253, 0.000438, 0.000254, 0.000407, 0.000377, 0.000379, 0.000382, 0.000293, 0.000260, 0.000317, 0.000351, 0.000352, 0.000450, 0.000268, 0.000241, 0.000242, 0.000366, 0.000125, 0.000377, 0.000190, 0.000227, 0.000139, 0.000205, 0.000196, 0.000297, 0.000208, 0.000210, 0.000116, 0.000179, 0.000116, 0.000030, 0.000213, 0.000211, 0.000148, 0.000269, 0.000168, 0.000194, 0.000373, 0.000218, 0.000248, 0.000215, 0.000337, 0.000242, 0.000336
10 , 1, 1, 1, 1, 1, 1, 1
10 , 0.004778, 0.004487, 0.003882, 0.003335, 0.002810, 0.002282, 0.001575
11 , 0.000222, 0.000348, 0.000253, 0.000438, 0.000254, 0.000407, 0.000377, 0.000379, 0.000382, 0.000293, 0.000260, 0.000317, 0.000351, 0.000352, 0.000450, 0.000268, 0.000241, 0.000242, 0.000366, 0.000125, 0.000377, 0.000190, 0.000227, 0.000139, 0.000205, 0.000196, 0.000297, 0.000208, 0.000210, 0.000116, 0.000179, 0.000116, 0.000030, 0.000213, 0.000211, 0.000148, 0.000269, 0.000168, 0.000194, 0.000373, 0.000218, 0.000248, 0.000215, 0.000337, 0.000242, 0.000336, 0.000210, 0.000366, 0.000270, 0.000333, 0.000268, 0.000459, 0.000149, 0.000241, 0.000243, 0.000282, 0.000128, 0.000343, 0.000220, 0.000348, 0.000228, 0.000234, 0.000202, 0.000202, 0.000208, 0.000091, 0.000185, 0.000096, 0.000103, 0.000064, 0.000186, 0.000033, 0.000272, 0.000028, 0.000183, 0.000179, 0.000365, 0.000114, 0.000270, 0.000173, 0.000357, 0.000140, 0.000354, 0.000232, 0.000302, 0.000183, 0.000280, 0.000152, 0.000218, 0.000191, 0.000280, 0.000218
11 , 1, 1, 1, 1, 2, 2, 2
11 , 0.003612, 0.003072, 0.002776, 0.002510, 0.002398, 0.001937, 0.002218
12 , 0.000210, 0.000366, 0.000270, 0.000333, 0.000268, 0.000459, 0.000149, 0.000241, 0.000243, 0.000282, 0.000128, 0.000343, 0.000220, 0.000348, 0.000228, 0.000234, 0.000202, 0.000202, 0.000208, 0.000091, 0.000185, 0.000096, 0.000103, 0.000064, 0.000186, 0.000033, 0.000272, 0.000028, 0.000183, 0.000179, 0.000365, 0.000114, 0.000270, 0.000173, 0.000357, 0.000140, 0.000354, 0.000232, 0.000302, 0.000183, 0.000280, 0.000152, 0.000218, 0.000191, 0.000280, 0.000218, 0.000126, 0.000154, 0.000180, 0.000296, 0.000239, 0.000264, 0.000197, 0.000230, 0.000134, 0.000229, 0.000133, 0.000283, 0.000157, 0.000314, 0.000158, 0.000410, 0.000192, 0.000353, 0.000137, 0.000289, 0.000291, 0.000331, 0.000147, 0.000210, 0.000175, 0.000203, 0.000265, 0.000205, 0.000261, 0.000259, 0.000236, 0.000173, 0.000202, 0.000135, 0.000257, 0.000250, 0.000399, 0.000306, 0.000308, 0.000029, 0.000424, 0.000264, 0.000334, 0.000361, 0.000393, 0.000298
12 , 2, 2, 2, 2, 2, 2, 2
12 , 0.001969, 0.001881, 0.001980, 0.001784, 0.001767, 0.001269, 0.001297
13 , 0.000180, 0.000296, 0.000239, 0.000264, 0.000197, 0.000230, 0.000134, 0.000229, 0.000133, 0.000283, 0.000157, 0.000314, 0.000158, 0.000410, 0.000192, 0.000353, 0.000137, 0.000289, 0.000291, 0.000331, 0.000147, 0.000210, 0.000175, 0.000203, 0.000265, 0.000205, 0.000261, 0.000259, 0.000236, 0.000173, 0.000202, 0.000135, 0.000257, 0.000250, 0.000399, 0.000306, 0.000308, 0.000029, 0.000424, 0.000264, 0.000334, 0.000361, 0.000393, 0.000298, 0.000393, 0.000271, 0.000337, 0.000303, 0.000311, 0.000189, 0.000284, 0.000251, 0.000370, 0.000222, 0.000228, 0.000292, 0.000171, 0.000269, 0.000147, 0.000241, 0.000065, 0.000252, 0.000216, 0.000279, 0.000087, 0.000246, 0.000126, 0.000157, 0.000150, 0.000307, 0.000122, 0.000241, 0.000201, 0.000353, 0.000196, 0.000194, 0.000160, 0.000193, 0.000125, 0.000158, 0.000247, 0.000272, 0.000299, 0.000364, 0.000296, 0.000328, 0.000393, 0.000209, 0.000394, 0.000216, 0.000375, 0.000253
13 , 0, 0, 0, 0, 0, 0, 0
13 , 0.000938, 0.001194, 0.001329, 0.001744, 0.002082, 0.002422, 0.002129
14 , 0.000251, 0.000370, 0.000222, 0.000228, 0.000292, 0.000171, 0.000269, 0.000147, 0.000241, 0.000065, 0.000252, 0.000216, 0.000279, 0.000087, 0.000246, 0.000126, 0.000157, 0.000150, 0.000307, 0.000122, 0.000241, 0.000201, 0.000353, 0.000196, 0.000194, 0.000160, 0.000193, 0.000125, 0.000158, 0.000247, 0.000272, 0.000299, 0.000364, 0.000296, 0.000328, 0.000393, 0.000209, 0.000394, 0.000216, 0.000375, 0.000253, 0.000383, 0.000231, 0.000327, 0.000230, 0.000247, 0.000007, 0.000313, 0.000134, 0.000286, 0.000279, 0.000277, 0.000153, 0.000182, 0.000177, 0.000183, 0.000087, 0.000092, 0.000183, 0.000122, 0.000037, 0.000122, 0.000219, 0.000061, 0.000249, 0.000154, 0.000214, 0.000153, 0.000302, 0.000142, 0.000238, 0.000080, 0.000388, 0.000167, 0.000134, 0.000222, 0.000407, 0.000290, 0.000299, 0.000085, 0.000125, 0.000066, 0.000229, 0.000020, 0.000118, 0.000126, 0.000009, 0.000020, 0.000006, 0.000119, 0.000068, 0.000010
14 , 3, 3, 3, 3, 3, 3, 3
14 , 0.001178, 0.001728, 0.001652, 0.002001, 0.001686, 0.002393, 0.002546
15 , 0.000153, 0.000182, 0.000177, 0.000183, 0.000087, 0.000092, 0.000183, 0.000122, 0.000037, 0.000122, 0.000219, 0.000061, 0.000249, 0.000154, 0.000214, 0.000153, 0.000302, 0.000142, 0.000238, 0.000080, 0.000388, 0.000167, 0.000134, 0.000222, 0.000407, 0.000290, 0.000299, 0.000085, 0.000125, 0.000066, 0.000229, 0.000020, 0.000118, 0.000126, 0.000009, 0.000020, 0.000006, 0.000119, 0.000068, 0.000010, 0.000019, 0.000048, 0.000015, 0.000050, 0.000050, 0.000106, 0.000205, 0.000054, 0.000118, 0.000087, 0.000046, 0.000051, 0.000039, 0.000094, 0.000064, 0.000085, 0.000016, 0.000127, 0.000057, 0.000258, 0.000279, 0.000147, 0.000322, 0.000348, 0.000438, 0.000311, 0.000461, 0.000312, 0.000375, 0.000251, 0.000407, 0.000311, 0.000438, 0.000290, 0.000416, 0.000263, 0.000513, 0.000339, 0.000466, 0.000312, 0.000345, 0.000193, 0.000252, 0.000252, 0.000289, 0.000136, 0.000261, 0.000171, 0.000234, 0.000237, 0.000142, 0.000324
15 , 2, 2, 2, 2, 2, 2, 2
15 , 0.004389, 0.003750, 0.003889, 0.003455, 0.003175, 0.002762, 0.002953
16 , 0.000205, 0.000054, 0.000118, 0.000087, 0.000046, 0.000051, 0.000039, 0.000094, 0.000064, 0.000085, 0.000016, 0.000127, 0.000057, 0.000258, 0.000279, 0.000147, 0.000322, 0.000348, 0.000438, 0.000311, 0.000461, 0.000312, 0.000375, 0.000251, 0.000407, 0.000311, 0.000438, 0.000290, 0.000416, 0.000263, 0.000513, 0.000339, 0.000466, 0.000312, 0.000345, 0.000193, 0.000252, 0.000252, 0.000289, 0.000136, 0.000261, 0.000171, 0.000234, 0.000237, 0.000142, 0.000324, 0.000227, 0.000202, 0.000134, 0.000192, 0.000186, 0.000369, 0.000273, 0.000336, 0.000326, 0.000444, 0.000380, 0.000500, 0.000222, 0.000407, 0.000281, 0.000432, 0.000370, 0.000465, 0.000369, 0.000313, 0.000339, 0.000492, 0.000345, 0.000408, 0.000440, 0.000324, 0.000212, 0.000339, 0.000341, 0.000193, 0.000354, 0.000139, 0.000176, 0.000142, 0.000242, 0.000153, 0.000218, 0.000029, 0.000183, 0.000124, 0.000190, 0.000060, 0.000247, 0.000175, 0.000270, 0.000179
16 , 3, 3, 3, 3, 3, 3, 3
16 , 0.006165, 0.006108, 0.005781, 0.005965, 0.005853, 0.005733, 0.005664
