0 , 0.001546, 0.001588, 0.001747, 0.001554, 0.001789, 0.001634, 0.001774, 0.001816, 0.001865, 0.001838, 0.001808, 0.001948, 0.001913, 0.001992, 0.001795, 0.001978, 0.001947, 0.001981, 0.001740, 0.001804, 0.001966, 0.001876, 0.001789, 0.000473, 0.001491, 0.001692, 0.001571, 0.001472, 0.001288, 0.001344, 0.001314, 0.001433, 0.001429, 0.001393, 0.001398, 0.001488, 0.001397, 0.001368, 0.001521, 0.001284, 0.001504, 0.001378, 0.001382, 0.001313, 0.001291, 0.001397, 0.000825, 0.001122, 0.001559, 0.001444, 0.001727, 0.001592, 0.001716, 0.001804, 0.001800, 0.001910, 0.001834, 0.001846, 0.001815, 0.002035, 0.001894, 0.002023, 0.001829, 0.002042, 0.002118, 0.001940, 0.001990, 0.001842, 0.002019, 0.001725, 0.002040, 0.000400, 0.001221, 0.001516, 0.001477, 0.001538, 0.001411, 0.001437, 0.001280, 0.001347, 0.001306, 0.001485, 0.001326, 0.001293, 0.001258, 0.001470, 0.001291, 0.001387, 0.001294, 0.001449, 0.001358, 0.001390
0 , 1, 1, 1, 1, 1, 1, 1
0 , 0.012615, 0.014979, 0.018174, 0.021398, 0.020600, 0.017925, 0.017832
1 , 0.001444, 0.001727, 0.001592, 0.001716, 0.001804, 0.001800, 0.001910, 0.001834, 0.001846, 0.001815, 0.002035, 0.001894, 0.002023, 0.001829, 0.002042, 0.002118, 0.001940, 0.001990, 0.001842, 0.002019, 0.001725, 0.002040, 0.000400, 0.001221, 0.001516, 0.001477, 0.001538, 0.001411, 0.001437, 0.001280, 0.001347, 0.001306, 0.001485, 0.001326, 0.001293, 0.001258, 0.001470, 0.001291, 0.001387, 0.001294, 0.001449, 0.001358, 0.001390, 0.001387, 0.001356, 0.001472, 0.001502, 0.001302, 0.000415, 0.001634, 0.001410, 0.001665, 0.001622, 0.001652, 0.001547, 0.001567, 0.001863, 0.001717, 0.001808, 0.001780, 0.002006, 0.001818, 0.001845, 0.001853, 0.001872, 0.002009, 0.001895, 0.001831, 0.001834, 0.002024, 0.001716, 0.001963, 0.001268, 0.000888, 0.001461, 0.001442, 0.001358, 0.001277, 0.001374, 0.001097, 0.001341, 0.001183, 0.001272, 0.001178, 0.001456, 0.001327, 0.001479, 0.001259, 0.001446, 0.001201, 0.001327, 0.001205
1 , 1, 1, 1, 1, 1, 1, 1
1 , 0.013404, 0.016373, 0.018477, 0.020222, 0.019595, 0.020635, 0.019215
2 , 0.001665, 0.001622, 0.001652, 0.001547, 0.001567, 0.001863, 0.001717, 0.001808, 0.001780, 0.002006, 0.001818, 0.001845, 0.001853, 0.001872, 0.002009, 0.001895, 0.001831, 0.001834, 0.002024, 0.001716, 0.001963, 0.001268, 0.000888, 0.001461, 0.001442, 0.001358, 0.001277, 0.001374, 0.001097, 0.001341, 0.001183, 0.001272, 0.001178, 0.001456, 0.001327, 0.001479, 0.001259, 0.001446, 0.001201, 0.001327, 0.001205, 0.001304, 0.001381, 0.001369, 0.001365, 0.000309, 0.001490, 0.001402, 0.001560, 0.001798, 0.001761, 0.001742, 0.001640, 0.001869, 0.001696, 0.001871, 0.001656, 0.001913, 0.001966, 0.001989, 0.001860, 0.001833, 0.001984, 0.001829, 0.001806, 0.001572, 0.001886, 0.001815, 0.001865, 0.001936, 0.001599, 0.002284, 0.000067, 0.001481, 0.001249, 0.001265, 0.001165, 0.001199, 0.001135, 0.001254, 0.001136, 0.001342, 0.001222, 0.001225, 0.001125, 0.001302, 0.001295, 0.001234, 0.001167, 0.001251, 0.001159, 0.001275
2 , 1, 1, 1, 1, 1, 1, 1
2 , 0.017162, 0.019929, 0.024317, 0.024386, 0.024867, 0.021855, 0.020948
3 , 0.001761, 0.001742, 0.001640, 0.001869, 0.001696, 0.001871, 0.001656, 0.001913, 0.001966, 0.001989, 0.001860, 0.001833, 0.001984, 0.001829, 0.001806, 0.001572, 0.001886, 0.001815, 0.001865, 0.001936, 0.001599, 0.002284, 0.000067, 0.001481, 0.001249, 0.001265, 0.001165, 0.001199, 0.001135, 0.001254, 0.001136, 0.001342, 0.001222, 0.001225, 0.001125, 0.001302, 0.001295, 0.001234, 0.001167, 0.001251, 0.001159, 0.001275, 0.001394, 0.001326, 0.001505, 0.001359, 0.001557, 0.000921, 0.001052, 0.001400, 0.001548, 0.001530, 0.001387, 0.001576, 0.001753, 0.001678, 0.001674, 0.001648, 0.001817, 0.001674, 0.001833, 0.001614, 0.001713, 0.001762, 0.001694, 0.001883, 0.001755, 0.001951, 0.001774, 0.001951, 0.001717, 0.001988, 0.000855, 0.001386, 0.001357, 0.001295, 0.001112, 0.001143, 0.001051, 0.001200, 0.001070, 0.001286, 0.001044, 0.001231, 0.001045, 0.001258, 0.001249, 0.001373, 0.001126, 0.001312, 0.001155, 0.001310
3 , 1, 1, 1, 1, 1, 1, 1
3 , 0.017999, 0.019695, 0.021363, 0.023144, 0.022477, 0.021986, 0.021628
4 , 0.001400, 0.001548, 0.001530, 0.001387, 0.001576, 0.001753, 0.001678, 0.001674, 0.001648, 0.001817, 0.001674, 0.001833, 0.001614, 0.001713, 0.001762, 0.001694, 0.001883, 0.001755, 0.001951, 0.001774, 0.001951, 0.001717, 0.001988, 0.000855, 0.001386, 0.001357, 0.001295, 0.001112, 0.001143, 0.001051, 0.001200, 0.001070, 0.001286, 0.001044, 0.001231, 0.001045, 0.001258, 0.001249, 0.001373, 0.001126, 0.001312, 0.001155, 0.001310, 0.001173, 0.001318, 0.001188, 0.001347, 0.000756, 0.001516, 0.001534, 0.001445, 0.001628, 0.001359, 0.001528, 0.001703, 0.001710, 0.001622, 0.001423, 0.001838, 0.001568, 0.001642, 0.001504, 0.001683, 0.001757, 0.001575, 0.001737, 0.001673, 0.001838, 0.001622, 0.001450, 0.001497, 0.001447, 0.000989, 0.001717, 0.001543, 0.001531, 0.001468, 0.001443, 0.001265, 0.001329, 0.001267, 0.001362, 0.001182, 0.001369, 0.001216, 0.001432, 0.001336, 0.001397, 0.001215, 0.001333, 0.001357, 0.001423
4 , 1, 1, 1, 1, 1, 1, 1
4 , 0.010772, 0.012038, 0.014186, 0.015444, 0.018016, 0.015853, 0.016019
5 , 0.001445, 0.001628, 0.001359, 0.001528, 0.001703, 0.001710, 0.001622, 0.001423, 0.001838, 0.001568, 0.001642, 0.001504, 0.001683, 0.001757, 0.001575, 0.001737, 0.001673, 0.001838, 0.001622, 0.001450, 0.001497, 0.001447, 0.000989, 0.001717, 0.001543, 0.001531, 0.001468, 0.001443, 0.001265, 0.001329, 0.001267, 0.001362, 0.001182, 0.001369, 0.001216, 0.001432, 0.001336, 0.001397, 0.001215, 0.001333, 0.001357, 0.001423, 0.001388, 0.001271, 0.001444, 0.001304, 0.001457, 0.000239, 0.001452, 0.001388, 0.001564, 0.001521, 0.001643, 0.001601, 0.001858, 0.001589, 0.001562, 0.001643, 0.001673, 0.001903, 0.001775, 0.001725, 0.001589, 0.001860, 0.001567, 0.001787, 0.001560, 0.001665, 0.001803, 0.001713, 0.001628, 0.001656, 0.000211, 0.001718, 0.001614, 0.001614, 0.001432, 0.001410, 0.001282, 0.001503, 0.001286, 0.001351, 0.001262, 0.001336, 0.001101, 0.001298, 0.001146, 0.001190, 0.001013, 0.001179, 0.001050, 0.001184
5 , 1, 1, 1, 1, 1, 1, 1
5 , 0.009234, 0.010916, 0.012163, 0.012682, 0.015006, 0.013116, 0.014375
6 , 0.001564, 0.001521, 0.001643, 0.001601, 0.001858, 0.001589, 0.001562, 0.001643, 0.001673, 0.001903, 0.001775, 0.001725, 0.001589, 0.001860, 0.001567, 0.001787, 0.001560, 0.001665, 0.001803, 0.001713, 0.001628, 0.001656, 0.000211, 0.001718, 0.001614, 0.001614, 0.001432, 0.001410, 0.001282, 0.001503, 0.001286, 0.001351, 0.001262, 0.001336, 0.001101, 0.001298, 0.001146, 0.001190, 0.001013, 0.001179, 0.001050, 0.001184, 0.001045, 0.001215, 0.001130, 0.000913, 0.001308, 0.001676, 0.001870, 0.001910, 0.001850, 0.001838, 0.001947, 0.002152, 0.001955, 0.002023, 0.001813, 0.002005, 0.001934, 0.001870, 0.001821, 0.001826, 0.001899, 0.001721, 0.001864, 0.001610, 0.001810, 0.001728, 0.001634, 0.001770, 0.000599, 0.001446, 0.001657, 0.001709, 0.001527, 0.001368, 0.001433, 0.001337, 0.001523, 0.001460, 0.001519, 0.001428, 0.001456, 0.001452, 0.001516, 0.001432, 0.001460, 0.001430, 0.001369, 0.001466, 0.001283, 0.001378
6 , 1, 1, 1, 1, 1, 1, 1
6 , 0.014478, 0.017205, 0.019440, 0.018569, 0.015650, 0.015735, 0.015629
7 , 0.001870, 0.001910, 0.001850, 0.001838, 0.001947, 0.002152, 0.001955, 0.002023, 0.001813, 0.002005, 0.001934, 0.001870, 0.001821, 0.001826, 0.001899, 0.001721, 0.001864, 0.001610, 0.001810, 0.001728, 0.001634, 0.001770, 0.000599, 0.001446, 0.001657, 0.001709, 0.001527, 0.001368, 0.001433, 0.001337, 0.001523, 0.001460, 0.001519, 0.001428, 0.001456, 0.001452, 0.001516, 0.001432, 0.001460, 0.001430, 0.001369, 0.001466, 0.001283, 0.001378, 0.001315, 0.001405, 0.001289, 0.001436, 0.000332, 0.001425, 0.001355, 0.001701, 0.001517, 0.001649, 0.001544, 0.001696, 0.001594, 0.001806, 0.001785, 0.001735, 0.001756, 0.001591, 0.001726, 0.001594, 0.001679, 0.001686, 0.001730, 0.001558, 0.001565, 0.001722, 0.001740, 0.001856, 0.001205, 0.000874, 0.001510, 0.001443, 0.001407, 0.001077, 0.001210, 0.001028, 0.001214, 0.001024, 0.001234, 0.001099, 0.001277, 0.001132, 0.001302, 0.001314, 0.001521, 0.001315, 0.001518, 0.001500
7 , 1, 1, 1, 1, 1, 1, 1
7 , 0.012386, 0.014114, 0.015189, 0.016455, 0.014887, 0.015991, 0.014732
8 , 0.001425, 0.001355, 0.001701, 0.001517, 0.001649, 0.001544, 0.001696, 0.001594, 0.001806, 0.001785, 0.001735, 0.001756, 0.001591, 0.001726, 0.001594, 0.001679, 0.001686, 0.001730, 0.001558, 0.001565, 0.001722, 0.001740, 0.001856, 0.001205, 0.000874, 0.001510, 0.001443, 0.001407, 0.001077, 0.001210, 0.001028, 0.001214, 0.001024, 0.001234, 0.001099, 0.001277, 0.001132, 0.001302, 0.001314, 0.001521, 0.001315, 0.001518, 0.001500, 0.001737, 0.001621, 0.001622, 0.001811, 0.000923, 0.000891, 0.000647, 0.000985, 0.000975, 0.000983, 0.000912, 0.000940, 0.001082, 0.001073, 0.001179, 0.001048, 0.001487, 0.001421, 0.001526, 0.001470, 0.001686, 0.001805, 0.001804, 0.001981, 0.002021, 0.002233, 0.002190, 0.002262, 0.002127, 0.000328, 0.001034, 0.001055, 0.001124, 0.001000, 0.000913, 0.000955, 0.001039, 0.000991, 0.000977, 0.000902, 0.001074, 0.001083, 0.001335, 0.001183, 0.001356, 0.001310, 0.001426, 0.001351, 0.001524
8 , 1, 1, 1, 1, 1, 1, 1
8 , 0.005786, 0.007424, 0.009217, 0.011743, 0.014929, 0.013231, 0.012622
9 , 0.000985, 0.000975, 0.000983, 0.000912, 0.000940, 0.001082, 0.001073, 0.001179, 0.001048, 0.001487, 0.001421, 0.001526, 0.001470, 0.001686, 0.001805, 0.001804, 0.001981, 0.002021, 0.002233, 0.002190, 0.002262, 0.002127, 0.000328, 0.001034, 0.001055, 0.001124, 0.001000, 0.000913, 0.000955, 0.001039, 0.000991, 0.000977, 0.000902, 0.001074, 0.001083, 0.001335, 0.001183, 0.001356, 0.001310, 0.001426, 0.001351, 0.001524, 0.001509, 0.001627, 0.001430, 0.001610, 0.001501, 0.001379, 0.000734, 0.001144, 0.001092, 0.001324, 0.001302, 0.001545, 0.001415, 0.001534, 0.001528, 0.001632, 0.001486, 0.001767, 0.001806, 0.001925, 0.001834, 0.001895, 0.002043, 0.001936, 0.001951, 0.001859, 0.002022, 0.002064, 0.001932, 0.001974, 0.000853, 0.001069, 0.001493, 0.001593, 0.001618, 0.001387, 0.001472, 0.001404, 0.001431, 0.001458, 0.001518, 0.001416, 0.001600, 0.001415, 0.001391, 0.001478, 0.001534, 0.001571, 0.001392, 0.001481
9 , 1, 1, 1, 1, 1, 1, 1
9 , 0.002951, 0.006023, 0.009172, 0.012158, 0.011505, 0.011353, 0.010927
10 , 0.001144, 0.001092, 0.001324, 0.001302, 0.001545, 0.001415, 0.001534, 0.001528, 0.001632, 0.001486, 0.001767, 0.001806, 0.001925, 0.001834, 0.001895, 0.002043, 0.001936, 0.001951, 0.001859, 0.002022, 0.002064, 0.001932, 0.001974, 0.000853, 0.001069, 0.001493, 0.001593, 0.001618, 0.001387, 0.001472, 0.001404, 0.001431, 0.001458, 0.001518, 0.001416, 0.001600, 0.001415, 0.001391, 0.001478, 0.001534, 0.001571, 0.001392, 0.001481, 0.001513, 0.001483, 0.001403, 0.001515, 0.000162, 0.001491, 0.001366, 0.001767, 0.001490, 0.001547, 0.001519, 0.001739, 0.001751, 0.001824, 0.001769, 0.001747, 0.001951, 0.001921, 0.001951, 0.001796, 0.001917, 0.001815, 0.001974, 0.001751, 0.001770, 0.002031, 0.001850, 0.002001, 0.001895, 0.002109, 0.001775, 0.000993, 0.001665, 0.001429, 0.001313, 0.001309, 0.001183, 0.001187, 0.001152, 0.001239, 0.001146, 0.001325, 0.001167, 0.001321, 0.001280, 0.001491, 0.001239, 0.001479, 0.001317
10 , 1, 1, 1, 1, 1, 1, 1
10 , 0.005114, 0.007515, 0.009678, 0.012462, 0.017347, 0.018002, 0.018188
11 , 0.001547, 0.001519, 0.001739, 0.001751, 0.001824, 0.001769, 0.001747, 0.001951, 0.001921, 0.001951, 0.001796, 0.001917, 0.001815, 0.001974, 0.001751, 0.001770, 0.002031, 0.001850, 0.002001, 0.001895, 0.002109, 0.001775, 0.000993, 0.001665, 0.001429, 0.001313, 0.001309, 0.001183, 0.001187, 0.001152, 0.001239, 0.001146, 0.001325, 0.001167, 0.001321, 0.001280, 0.001491, 0.001239, 0.001479, 0.001317, 0.001383, 0.001195, 0.001445, 0.001378, 0.001506, 0.001375, 0.001498, 0.001375, 0.001436, 0.001464, 0.001432, 0.001337, 0.001458, 0.001304, 0.001520, 0.001427, 0.001341, 0.001554, 0.001401, 0.001377, 0.001140, 0.001317, 0.001311, 0.001349, 0.001403, 0.001499, 0.001280, 0.001403, 0.001305, 0.001455, 0.001358, 0.001569, 0.001441, 0.001538, 0.001443, 0.001538, 0.001507, 0.001666, 0.001452, 0.001573, 0.001362, 0.001553, 0.001365, 0.001456, 0.001400, 0.001369, 0.001394, 0.001436, 0.001409, 0.001389, 0.001460, 0.001281
11 , 2, 2, 2, 2, 2, 2, 2
11 , 0.010842, 0.012045, 0.013047, 0.013671, 0.012291, 0.012598, 0.011903
12 , 0.001464, 0.001432, 0.001337, 0.001458, 0.001304, 0.001520, 0.001427, 0.001341, 0.001554, 0.001401, 0.001377, 0.001140, 0.001317, 0.001311, 0.001349, 0.001403, 0.001499, 0.001280, 0.001403, 0.001305, 0.001455, 0.001358, 0.001569, 0.001441, 0.001538, 0.001443, 0.001538, 0.001507, 0.001666, 0.001452, 0.001573, 0.001362, 0.001553, 0.001365, 0.001456, 0.001400, 0.001369, 0.001394, 0.001436, 0.001409, 0.001389, 0.001460, 0.001281, 0.001320, 0.001378, 0.001261, 0.001166, 0.001358, 0.001117, 0.001273, 0.001235, 0.001328, 0.001138, 0.001267, 0.001266, 0.001419, 0.001202, 0.001302, 0.001206, 0.001325, 0.001140, 0.001299, 0.001198, 0.001389, 0.001404, 0.001366, 0.001306, 0.001369, 0.001362, 0.001354, 0.001376, 0.001496, 0.001496, 0.001462, 0.001429, 0.001336, 0.001521, 0.001307, 0.001499, 0.001378, 0.001351, 0.001360, 0.001399, 0.001184, 0.001341, 0.001270, 0.001487, 0.001150, 0.001359, 0.001262, 0.001356, 0.001235
12 , 0, 0, 0, 0, 0, 0, 0
12 , 0.003615, 0.003797, 0.003434, 0.002969, 0.002479, 0.001511, 0.000757
13 , 0.001358, 0.001117, 0.001273, 0.001235, 0.001328, 0.001138, 0.001267, 0.001266, 0.001419, 0.001202, 0.001302, 0.001206, 0.001325, 0.001140, 0.001299, 0.001198, 0.001389, 0.001404, 0.001366, 0.001306, 0.001369, 0.001362, 0.001354, 0.001376, 0.001496, 0.001496, 0.001462, 0.001429, 0.001336, 0.001521, 0.001307, 0.001499, 0.001378, 0.001351, 0.001360, 0.001399, 0.001184, 0.001341, 0.001270, 0.001487, 0.001150, 0.001359, 0.001262, 0.001356, 0.001235, 0.001458, 0.001239, 0.001362, 0.001296, 0.001331, 0.001321, 0.001348, 0.001248, 0.001276, 0.001366, 0.001392, 0.001394, 0.001397, 0.001457, 0.001426, 0.001490, 0.001402, 0.001470, 0.001257, 0.001323, 0.001148, 0.001251, 0.001131, 0.001298, 0.001186, 0.001289, 0.001012, 0.001074, 0.001042, 0.001106, 0.000981, 0.001229, 0.001086, 0.001121, 0.001027, 0.001144, 0.001147, 0.001213, 0.001146, 0.001115, 0.001086, 0.001117, 0.001141, 0.001133, 0.001315, 0.001149, 0.001245
13 , 3, 3, 3, 3, 3, 3, 3
13 , 0.006820, 0.006865, 0.006611, 0.006385, 0.005828, 0.005047, 0.004239
14 , 0.001362, 0.001296, 0.001331, 0.001321, 0.001348, 0.001248, 0.001276, 0.001366, 0.001392, 0.001394, 0.001397, 0.001457, 0.001426, 0.001490, 0.001402, 0.001470, 0.001257, 0.001323, 0.001148, 0.001251, 0.001131, 0.001298, 0.001186, 0.001289, 0.001012, 0.001074, 0.001042, 0.001106, 0.000981, 0.001229, 0.001086, 0.001121, 0.001027, 0.001144, 0.001147, 0.001213, 0.001146, 0.001115, 0.001086, 0.001117, 0.001141, 0.001133, 0.001315, 0.001149, 0.001245, 0.001231, 0.001295, 0.001174, 0.001389, 0.001234, 0.001266, 0.001104, 0.001386, 0.001349, 0.001289, 0.001227, 0.001320, 0.001282, 0.001463, 0.001305, 0.001318, 0.001194, 0.001343, 0.001338, 0.001304, 0.001301, 0.001324, 0.001326, 0.001328, 0.001390, 0.001234, 0.001479, 0.001388, 0.001334, 0.001237, 0.001420, 0.001321, 0.001512, 0.001413, 0.001415, 0.001317, 0.001593, 0.001435, 0.001520, 0.001336, 0.001464, 0.001426, 0.001454, 0.001388, 0.001483, 0.001357, 0.001597
14 , 2, 2, 2, 2, 2, 2, 2
14 , 0.007297, 0.007390, 0.006772, 0.007257, 0.006846, 0.006831, 0.006300
15 , 0.001174, 0.001389, 0.001234, 0.001266, 0.001104, 0.001386, 0.001349, 0.001289, 0.001227, 0.001320, 0.001282, 0.001463, 0.001305, 0.001318, 0.001194, 0.001343, 0.001338, 0.001304, 0.001301, 0.001324, 0.001326, 0.001328, 0.001390, 0.001234, 0.001479, 0.001388, 0.001334, 0.001237, 0.001420, 0.001321, 0.001512, 0.001413, 0.001415, 0.001317, 0.001593, 0.001435, 0.001520, 0.001336, 0.001464, 0.001426, 0.001454, 0.001388, 0.001483, 0.001357, 0.001597, 0.001539, 0.001479, 0.001446, 0.001414, 0.001534, 0.001445, 0.001448, 0.001358, 0.001394, 0.001393, 0.001523, 0.001343, 0.001473, 0.001263, 0.001270, 0.001149, 0.001374, 0.001162, 0.001264, 0.001180, 0.001422, 0.001325, 0.001421, 0.001237, 0.001234, 0.001288, 0.001465, 0.001306, 0.001329, 0.001416, 0.001350, 0.001410, 0.001310, 0.001429, 0.001397, 0.001337, 0.001398, 0.001550, 0.001452, 0.001579, 0.001485, 0.001521, 0.001485, 0.001492, 0.001283, 0.001468, 0.001289
15 , 0, 0, 0, 0, 0, 0, 0
15 , 0.002795, 0.003395, 0.004054, 0.004364, 0.004173, 0.004586, 0.004526
16 , 0.001448, 0.001358, 0.001394, 0.001393, 0.001523, 0.001343, 0.001473, 0.001263, 0.001270, 0.001149, 0.001374, 0.001162, 0.001264, 0.001180, 0.001422, 0.001325, 0.001421, 0.001237, 0.001234, 0.001288, 0.001465, 0.001306, 0.001329, 0.001416, 0.001350, 0.001410, 0.001310, 0.001429, 0.001397, 0.001337, 0.001398, 0.001550, 0.001452, 0.001579, 0.001485, 0.001521, 0.001485, 0.001492, 0.001283, 0.001468, 0.001289, 0.001455, 0.001277, 0.001256, 0.001260, 0.001239, 0.001088, 0.001216, 0.001252, 0.001205, 0.001179, 0.001205, 0.001118, 0.001088, 0.001140, 0.001015, 0.001167, 0.001165, 0.001318, 0.001130, 0.001290, 0.001130, 0.001319, 0.001016, 0.001266, 0.001016, 0.001168, 0.001197, 0.001231, 0.001109, 0.001263, 0.000986, 0.001261, 0.001249, 0.001280, 0.001271, 0.001292, 0.001281, 0.001279, 0.001270, 0.001233, 0.001507, 0.001376, 0.001348, 0.001253, 0.001493, 0.001394, 0.001484, 0.001355, 0.001601, 0.001503, 0.001476
16 , 0, 0, 0, 0, 0, 0, 0
16 , 0.004431, 0.004929, 0.005296, 0.005254, 0.005825, 0.005812, 0.005774
