0 , 0.001587, 0.001790, 0.001984, 0.001811, 0.001780, 0.001776, 0.001968, 0.001757, 0.001932, 0.001599, 0.001865, 0.001828, 0.001859, 0.001742, 0.001644, 0.001798, 0.001660, 0.001669, 0.001419, 0.001532, 0.001394, 0.001424, 0.001555, 0.001265, 0.001687, 0.000281, 0.001995, 0.001733, 0.001671, 0.001612, 0.001704, 0.001431, 0.001562, 0.001445, 0.001490, 0.001399, 0.001468, 0.001443, 0.001423, 0.001337, 0.001470, 0.001381, 0.001268, 0.001174, 0.001261, 0.001291, 0.001352, 0.001323, 0.001347, 0.001317, 0.001355, 0.000530, 0.001502, 0.001488, 0.001428, 0.001359, 0.001529, 0.001619, 0.001573, 0.001555, 0.001506, 0.001724, 0.001455, 0.001642, 0.001396, 0.001541, 0.001568, 0.001565, 0.001504, 0.001524, 0.001783, 0.001423, 0.001519, 0.001466, 0.001647, 0.001383, 0.001129, 0.001644, 0.001414, 0.001419, 0.001566, 0.001327, 0.001363, 0.001363, 0.001428, 0.001399, 0.001430, 0.001308, 0.001489, 0.001268, 0.001390, 0.001326
0 , 2, 2, 1, 1, 1, 1, 1
0 , 0.005830, 0.006007, 0.006498, 0.007554, 0.007894, 0.007658, 0.007895
1 , 0.001502, 0.001488, 0.001428, 0.001359, 0.001529, 0.001619, 0.001573, 0.001555, 0.001506, 0.001724, 0.001455, 0.001642, 0.001396, 0.001541, 0.001568, 0.001565, 0.001504, 0.001524, 0.001783, 0.001423, 0.001519, 0.001466, 0.001647, 0.001383, 0.001129, 0.001644, 0.001414, 0.001419, 0.001566, 0.001327, 0.001363, 0.001363, 0.001428, 0.001399, 0.001430, 0.001308, 0.001489, 0.001268, 0.001390, 0.001326, 0.001383, 0.001322, 0.001449, 0.001235, 0.001477, 0.001227, 0.001577, 0.000060, 0.001394, 0.001685, 0.001512, 0.001590, 0.001611, 0.001812, 0.001827, 0.001895, 0.001785, 0.001690, 0.001907, 0.001661, 0.001821, 0.001651, 0.001825, 0.001598, 0.001681, 0.001621, 0.001636, 0.001753, 0.001511, 0.001679, 0.001587, 0.001854, 0.000291, 0.001664, 0.001499, 0.001483, 0.001296, 0.001332, 0.001264, 0.001299, 0.001198, 0.001383, 0.001290, 0.001415, 0.001290, 0.001441, 0.001317, 0.001450, 0.001238, 0.001308, 0.001219, 0.001302
1 , 1, 1, 1, 1, 1, 1, 1
1 , 0.006894, 0.007182, 0.008550, 0.009670, 0.013686, 0.011364, 0.010842
2 , 0.001512, 0.001590, 0.001611, 0.001812, 0.001827, 0.001895, 0.001785, 0.001690, 0.001907, 0.001661, 0.001821, 0.001651, 0.001825, 0.001598, 0.001681, 0.001621, 0.001636, 0.001753, 0.001511, 0.001679, 0.001587, 0.001854, 0.000291, 0.001664, 0.001499, 0.001483, 0.001296, 0.001332, 0.001264, 0.001299, 0.001198, 0.001383, 0.001290, 0.001415, 0.001290, 0.001441, 0.001317, 0.001450, 0.001238, 0.001308, 0.001219, 0.001302, 0.001363, 0.001395, 0.001310, 0.001445, 0.001452, 0.000963, 0.001151, 0.001390, 0.001651, 0.001458, 0.001514, 0.001443, 0.001681, 0.001593, 0.001626, 0.001533, 0.001500, 0.001631, 0.001469, 0.001533, 0.001451, 0.001617, 0.001697, 0.001683, 0.001533, 0.001684, 0.001783, 0.001765, 0.001822, 0.001849, 0.000925, 0.001337, 0.001515, 0.001477, 0.001415, 0.001378, 0.001439, 0.001495, 0.001340, 0.001302, 0.001424, 0.001509, 0.001416, 0.001570, 0.001325, 0.001541, 0.001421, 0.001431, 0.001363, 0.001546
2 , 1, 1, 1, 1, 1, 1, 1
2 , 0.006637, 0.009451, 0.010507, 0.011722, 0.011236, 0.011042, 0.011059
3 , 0.001390, 0.001651, 0.001458, 0.001514, 0.001443, 0.001681, 0.001593, 0.001626, 0.001533, 0.001500, 0.001631, 0.001469, 0.001533, 0.001451, 0.001617, 0.001697, 0.001683, 0.001533, 0.001684, 0.001783, 0.001765, 0.001822, 0.001849, 0.000925, 0.001337, 0.001515, 0.001477, 0.001415, 0.001378, 0.001439, 0.001495, 0.001340, 0.001302, 0.001424, 0.001509, 0.001416, 0.001570, 0.001325, 0.001541, 0.001421, 0.001431, 0.001363, 0.001546, 0.001329, 0.001481, 0.001264, 0.001510, 0.000454, 0.001504, 0.001426, 0.001567, 0.001512, 0.001573, 0.001364, 0.001672, 0.001503, 0.001688, 0.001565, 0.001607, 0.001614, 0.001649, 0.001676, 0.001541, 0.001783, 0.001610, 0.001757, 0.001681, 0.001730, 0.001867, 0.001738, 0.001776, 0.001294, 0.000813, 0.001651, 0.001445, 0.001529, 0.001335, 0.001346, 0.001193, 0.001294, 0.001051, 0.001264, 0.001046, 0.001229, 0.001163, 0.001290, 0.001125, 0.001314, 0.001270, 0.001387, 0.001203, 0.001416
3 , 1, 1, 1, 1, 1, 1, 1
3 , 0.005239, 0.006738, 0.009050, 0.010658, 0.013272, 0.010689, 0.010934
4 , 0.001567, 0.001512, 0.001573, 0.001364, 0.001672, 0.001503, 0.001688, 0.001565, 0.001607, 0.001614, 0.001649, 0.001676, 0.001541, 0.001783, 0.001610, 0.001757, 0.001681, 0.001730, 0.001867, 0.001738, 0.001776, 0.001294, 0.000813, 0.001651, 0.001445, 0.001529, 0.001335, 0.001346, 0.001193, 0.001294, 0.001051, 0.001264, 0.001046, 0.001229, 0.001163, 0.001290, 0.001125, 0.001314, 0.001270, 0.001387, 0.001203, 0.001416, 0.001373, 0.001402, 0.001419, 0.001315, 0.001550, 0.000493, 0.001424, 0.001230, 0.001579, 0.001309, 0.001483, 0.001457, 0.001660, 0.001626, 0.001467, 0.001581, 0.001533, 0.001703, 0.001544, 0.001574, 0.001472, 0.001690, 0.001642, 0.001551, 0.001505, 0.001498, 0.001744, 0.001503, 0.001587, 0.001591, 0.000238, 0.001664, 0.001658, 0.001607, 0.001453, 0.001428, 0.001337, 0.001374, 0.001284, 0.001357, 0.001302, 0.001407, 0.001216, 0.001283, 0.001096, 0.001309, 0.001218, 0.001306, 0.001297, 0.001337
4 , 1, 1, 1, 1, 1, 1, 1
4 , 0.008046, 0.010411, 0.011539, 0.011438, 0.012561, 0.010553, 0.011372
5 , 0.001579, 0.001309, 0.001483, 0.001457, 0.001660, 0.001626, 0.001467, 0.001581, 0.001533, 0.001703, 0.001544, 0.001574, 0.001472, 0.001690, 0.001642, 0.001551, 0.001505, 0.001498, 0.001744, 0.001503, 0.001587, 0.001591, 0.000238, 0.001664, 0.001658, 0.001607, 0.001453, 0.001428, 0.001337, 0.001374, 0.001284, 0.001357, 0.001302, 0.001407, 0.001216, 0.001283, 0.001096, 0.001309, 0.001218, 0.001306, 0.001297, 0.001337, 0.001133, 0.001425, 0.001367, 0.001018, 0.001140, 0.001447, 0.001417, 0.001579, 0.001439, 0.001579, 0.001507, 0.001756, 0.001570, 0.001658, 0.001605, 0.001752, 0.001706, 0.001638, 0.001745, 0.001621, 0.001851, 0.001662, 0.001848, 0.001617, 0.001814, 0.001886, 0.001674, 0.001810, 0.000706, 0.001290, 0.001634, 0.001502, 0.001389, 0.001273, 0.001363, 0.001148, 0.001186, 0.001122, 0.001303, 0.001354, 0.001351, 0.001232, 0.001376, 0.001488, 0.001428, 0.001335, 0.001391, 0.001453, 0.001359, 0.001361
5 , 1, 1, 1, 1, 1, 1, 1
5 , 0.009225, 0.010898, 0.012872, 0.012595, 0.009851, 0.010825, 0.011167
6 , 0.001417, 0.001579, 0.001439, 0.001579, 0.001507, 0.001756, 0.001570, 0.001658, 0.001605, 0.001752, 0.001706, 0.001638, 0.001745, 0.001621, 0.001851, 0.001662, 0.001848, 0.001617, 0.001814, 0.001886, 0.001674, 0.001810, 0.000706, 0.001290, 0.001634, 0.001502, 0.001389, 0.001273, 0.001363, 0.001148, 0.001186, 0.001122, 0.001303, 0.001354, 0.001351, 0.001232, 0.001376, 0.001488, 0.001428, 0.001335, 0.001391, 0.001453, 0.001359, 0.001361, 0.001329, 0.001480, 0.001335, 0.001506, 0.000296, 0.001455, 0.001218, 0.001545, 0.001424, 0.001526, 0.001556, 0.001677, 0.001594, 0.001628, 0.001579, 0.001757, 0.001981, 0.001738, 0.001655, 0.001557, 0.001837, 0.001719, 0.001659, 0.001659, 0.001598, 0.001776, 0.001647, 0.001666, 0.001373, 0.000823, 0.001793, 0.001795, 0.001683, 0.001471, 0.001538, 0.001354, 0.001513, 0.001293, 0.001484, 0.001427, 0.001438, 0.001313, 0.001409, 0.001317, 0.001470, 0.001376, 0.001376, 0.001281
6 , 1, 1, 1, 1, 1, 1, 1
6 , 0.006088, 0.008005, 0.009430, 0.010944, 0.009905, 0.011712, 0.010904
7 , 0.001545, 0.001424, 0.001526, 0.001556, 0.001677, 0.001594, 0.001628, 0.001579, 0.001757, 0.001981, 0.001738, 0.001655, 0.001557, 0.001837, 0.001719, 0.001659, 0.001659, 0.001598, 0.001776, 0.001647, 0.001666, 0.001373, 0.000823, 0.001793, 0.001795, 0.001683, 0.001471, 0.001538, 0.001354, 0.001513, 0.001293, 0.001484, 0.001427, 0.001438, 0.001313, 0.001409, 0.001317, 0.001470, 0.001376, 0.001376, 0.001281, 0.001354, 0.001347, 0.001373, 0.001392, 0.000369, 0.001432, 0.001394, 0.001786, 0.001639, 0.001641, 0.001609, 0.001934, 0.002037, 0.001801, 0.001948, 0.001744, 0.001898, 0.001849, 0.001885, 0.001649, 0.001798, 0.001738, 0.001663, 0.001776, 0.001557, 0.001776, 0.001643, 0.001586, 0.001528, 0.001496, 0.001804, 0.000415, 0.001983, 0.001544, 0.001580, 0.001489, 0.001552, 0.001458, 0.001460, 0.001494, 0.001410, 0.001372, 0.001373, 0.001460, 0.001399, 0.001550, 0.001458, 0.001487, 0.001369, 0.001472, 0.001298
7 , 1, 1, 1, 1, 1, 1, 1
7 , 0.007582, 0.009597, 0.012321, 0.012679, 0.012290, 0.010512, 0.011909
8 , 0.001639, 0.001641, 0.001609, 0.001934, 0.002037, 0.001801, 0.001948, 0.001744, 0.001898, 0.001849, 0.001885, 0.001649, 0.001798, 0.001738, 0.001663, 0.001776, 0.001557, 0.001776, 0.001643, 0.001586, 0.001528, 0.001496, 0.001804, 0.000415, 0.001983, 0.001544, 0.001580, 0.001489, 0.001552, 0.001458, 0.001460, 0.001494, 0.001410, 0.001372, 0.001373, 0.001460, 0.001399, 0.001550, 0.001458, 0.001487, 0.001369, 0.001472, 0.001298, 0.001310, 0.001198, 0.001355, 0.001259, 0.001267, 0.001116, 0.001422, 0.001258, 0.001409, 0.001252, 0.001381, 0.001334, 0.001521, 0.001274, 0.001312, 0.001369, 0.001399, 0.001216, 0.001402, 0.001369, 0.001361, 0.001326, 0.001491, 0.001340, 0.001310, 0.001438, 0.001347, 0.001351, 0.001287, 0.001348, 0.001258, 0.001326, 0.001294, 0.001386, 0.001225, 0.001284, 0.001345, 0.001377, 0.001308, 0.001496, 0.001341, 0.001402, 0.001331, 0.001394, 0.001359, 0.001542, 0.001443, 0.001508, 0.001323
8 , 2, 2, 2, 2, 2, 2, 2
8 , 0.007121, 0.007429, 0.007906, 0.007733, 0.008516, 0.006331, 0.007591
9 , 0.001258, 0.001409, 0.001252, 0.001381, 0.001334, 0.001521, 0.001274, 0.001312, 0.001369, 0.001399, 0.001216, 0.001402, 0.001369, 0.001361, 0.001326, 0.001491, 0.001340, 0.001310, 0.001438, 0.001347, 0.001351, 0.001287, 0.001348, 0.001258, 0.001326, 0.001294, 0.001386, 0.001225, 0.001284, 0.001345, 0.001377, 0.001308, 0.001496, 0.001341, 0.001402, 0.001331, 0.001394, 0.001359, 0.001542, 0.001443, 0.001508, 0.001323, 0.001387, 0.001322, 0.001420, 0.001391, 0.001334, 0.001334, 0.001463, 0.001371, 0.001281, 0.001374, 0.001337, 0.001334, 0.001401, 0.001463, 0.001342, 0.001370, 0.001331, 0.001431, 0.001331, 0.001399, 0.001218, 0.001317, 0.001252, 0.001412, 0.001257, 0.001380, 0.001310, 0.001434, 0.001302, 0.001418, 0.001388, 0.001383, 0.001346, 0.001406, 0.001434, 0.001462, 0.001432, 0.001402, 0.001516, 0.001515, 0.001429, 0.001399, 0.001490, 0.001401, 0.001528, 0.001466, 0.001534, 0.001562, 0.001537, 0.001325
9 , 0, 0, 0, 0, 0, 0, 0
9 , 0.001868, 0.002224, 0.002089, 0.002325, 0.002175, 0.002522, 0.002473
10 , 0.001374, 0.001337, 0.001334, 0.001401, 0.001463, 0.001342, 0.001370, 0.001331, 0.001431, 0.001331, 0.001399, 0.001218, 0.001317, 0.001252, 0.001412, 0.001257, 0.001380, 0.001310, 0.001434, 0.001302, 0.001418, 0.001388, 0.001383, 0.001346, 0.001406, 0.001434, 0.001462, 0.001432, 0.001402, 0.001516, 0.001515, 0.001429, 0.001399, 0.001490, 0.001401, 0.001528, 0.001466, 0.001534, 0.001562, 0.001537, 0.001325, 0.001455, 0.001305, 0.001374, 0.001249, 0.001434, 0.001276, 0.001432, 0.001183, 0.001369, 0.001373, 0.001377, 0.001399, 0.001557, 0.001401, 0.001401, 0.001369, 0.001435, 0.001370, 0.001369, 0.001452, 0.001448, 0.001543, 0.001300, 0.001363, 0.001398, 0.001464, 0.001308, 0.001524, 0.001391, 0.001606, 0.001477, 0.001600, 0.001407, 0.001527, 0.001434, 0.001618, 0.001611, 0.001707, 0.001496, 0.001597, 0.001477, 0.001472, 0.001415, 0.001415, 0.001506, 0.001479, 0.001355, 0.001509, 0.001537, 0.001357, 0.001386
10 , 0, 0, 0, 0, 0, 0, 0
10 , 0.004355, 0.004201, 0.004180, 0.003410, 0.003196, 0.002495, 0.002218
11 , 0.001276, 0.001432, 0.001183, 0.001369, 0.001373, 0.001377, 0.001399, 0.001557, 0.001401, 0.001401, 0.001369, 0.001435, 0.001370, 0.001369, 0.001452, 0.001448, 0.001543, 0.001300, 0.001363, 0.001398, 0.001464, 0.001308, 0.001524, 0.001391, 0.001606, 0.001477, 0.001600, 0.001407, 0.001527, 0.001434, 0.001618, 0.001611, 0.001707, 0.001496, 0.001597, 0.001477, 0.001472, 0.001415, 0.001415, 0.001506, 0.001479, 0.001355, 0.001509, 0.001537, 0.001357, 0.001386, 0.001268, 0.001489, 0.001279, 0.001437, 0.001316, 0.001326, 0.001193, 0.001467, 0.001351, 0.001425, 0.001334, 0.001396, 0.001399, 0.001410, 0.001285, 0.001469, 0.001369, 0.001402, 0.001302, 0.001454, 0.001545, 0.001548, 0.001361, 0.001390, 0.001480, 0.001349, 0.001383, 0.001437, 0.001439, 0.001374, 0.001503, 0.001286, 0.001468, 0.001431, 0.001378, 0.001374, 0.001524, 0.001280, 0.001432, 0.001373, 0.001556, 0.001399, 0.001549, 0.001273, 0.001310, 0.001435
11 , 0, 0, 0, 0, 0, 0, 0
11 , 0.003419, 0.003261, 0.002884, 0.002713, 0.002699, 0.002438, 0.001835
12 , 0.001268, 0.001489, 0.001279, 0.001437, 0.001316, 0.001326, 0.001193, 0.001467, 0.001351, 0.001425, 0.001334, 0.001396, 0.001399, 0.001410, 0.001285, 0.001469, 0.001369, 0.001402, 0.001302, 0.001454, 0.001545, 0.001548, 0.001361, 0.001390, 0.001480, 0.001349, 0.001383, 0.001437, 0.001439, 0.001374, 0.001503, 0.001286, 0.001468, 0.001431, 0.001378, 0.001374, 0.001524, 0.001280, 0.001432, 0.001373, 0.001556, 0.001399, 0.001549, 0.001273, 0.001310, 0.001435, 0.001479, 0.001297, 0.001425, 0.001393, 0.001404, 0.001352, 0.001349, 0.001410, 0.001280, 0.001401, 0.001338, 0.001338, 0.001328, 0.001454, 0.001370, 0.001520, 0.001326, 0.001541, 0.001370, 0.001611, 0.001416, 0.001473, 0.001442, 0.001530, 0.001406, 0.001567, 0.001541, 0.001547, 0.001546, 0.001363, 0.001401, 0.001403, 0.001401, 0.001320, 0.001509, 0.001410, 0.001438, 0.001493, 0.001498, 0.001342, 0.001560, 0.001313, 0.001498, 0.001493, 0.001582, 0.001390
12 , 0, 0, 0, 0, 0, 0, 0
12 , 0.002302, 0.002162, 0.001819, 0.001643, 0.001083, 0.000963, 0.000589
13 , 0.001479, 0.001297, 0.001425, 0.001393, 0.001404, 0.001352, 0.001349, 0.001410, 0.001280, 0.001401, 0.001338, 0.001338, 0.001328, 0.001454, 0.001370, 0.001520, 0.001326, 0.001541, 0.001370, 0.001611, 0.001416, 0.001473, 0.001442, 0.001530, 0.001406, 0.001567, 0.001541, 0.001547, 0.001546, 0.001363, 0.001401, 0.001403, 0.001401, 0.001320, 0.001509, 0.001410, 0.001438, 0.001493, 0.001498, 0.001342, 0.001560, 0.001313, 0.001498, 0.001493, 0.001582, 0.001390, 0.001435, 0.001402, 0.001617, 0.001395, 0.001525, 0.001467, 0.001524, 0.001374, 0.001473, 0.001499, 0.001415, 0.001450, 0.001447, 0.001392, 0.001331, 0.001390, 0.001328, 0.001390, 0.001325, 0.001509, 0.001387, 0.001518, 0.001392, 0.001515, 0.001387, 0.001450, 0.001320, 0.001563, 0.001405, 0.001442, 0.001345, 0.001499, 0.001432, 0.001495, 0.001369, 0.001405, 0.001460, 0.001432, 0.001491, 0.001527, 0.001376, 0.001373, 0.001467, 0.001308, 0.001466, 0.001409
13 , 3, 3, 3, 3, 3, 0, 3
13 , 0.001971, 0.001497, 0.001540, 0.001394, 0.001469, 0.001186, 0.001200
14 , 0.001435, 0.001402, 0.001617, 0.001395, 0.001525, 0.001467, 0.001524, 0.001374, 0.001473, 0.001499, 0.001415, 0.001450, 0.001447, 0.001392, 0.001331, 0.001390, 0.001328, 0.001390, 0.001325, 0.001509, 0.001387, 0.001518, 0.001392, 0.001515, 0.001387, 0.001450, 0.001320, 0.001563, 0.001405, 0.001442, 0.001345, 0.001499, 0.001432, 0.001495, 0.001369, 0.001405, 0.001460, 0.001432, 0.001491, 0.001527, 0.001376, 0.001373, 0.001467, 0.001308, 0.001466, 0.001409, 0.001419, 0.001302, 0.001584, 0.001312, 0.001319, 0.001311, 0.001445, 0.001206, 0.001368, 0.001214, 0.001250, 0.001152, 0.001196, 0.001106, 0.001319, 0.001258, 0.001280, 0.001282, 0.001214, 0.001270, 0.001274, 0.001169, 0.001283, 0.001367, 0.001232, 0.001293, 0.001315, 0.001521, 0.001395, 0.001488, 0.001452, 0.001549, 0.001485, 0.001517, 0.001296, 0.001543, 0.001482, 0.001581, 0.001432, 0.001439, 0.001378, 0.001387, 0.001305, 0.001401, 0.001311, 0.001327
14 , 0, 2, 0, 2, 2, 2, 0
14 , 0.002839, 0.003097, 0.003281, 0.003375, 0.003503, 0.003779, 0.003261
15 , 0.001311, 0.001445, 0.001206, 0.001368, 0.001214, 0.001250, 0.001152, 0.001196, 0.001106, 0.001319, 0.001258, 0.001280, 0.001282, 0.001214, 0.001270, 0.001274, 0.001169, 0.001283, 0.001367, 0.001232, 0.001293, 0.001315, 0.001521, 0.001395, 0.001488, 0.001452, 0.001549, 0.001485, 0.001517, 0.001296, 0.001543, 0.001482, 0.001581, 0.001432, 0.001439, 0.001378, 0.001387, 0.001305, 0.001401, 0.001311, 0.001327, 0.001365, 0.001277, 0.001279, 0.001257, 0.001211, 0.001190, 0.001193, 0.001104, 0.001241, 0.001122, 0.001218, 0.001121, 0.001185, 0.001056, 0.001151, 0.001134, 0.001281, 0.001115, 0.001385, 0.001219, 0.001373, 0.001412, 0.001375, 0.001306, 0.001444, 0.001348, 0.001461, 0.001300, 0.001444, 0.001499, 0.001495, 0.001522, 0.001519, 0.001638, 0.001416, 0.001543, 0.001476, 0.001602, 0.001504, 0.001602, 0.001451, 0.001549, 0.001490, 0.001630, 0.001325, 0.001550, 0.001370, 0.001466, 0.001313, 0.001376, 0.001316
15 , 0, 0, 0, 0, 0, 0, 0
15 , 0.008356, 0.008703, 0.008340, 0.007727, 0.006778, 0.006012, 0.005102
16 , 0.001193, 0.001104, 0.001241, 0.001122, 0.001218, 0.001121, 0.001185, 0.001056, 0.001151, 0.001134, 0.001281, 0.001115, 0.001385, 0.001219, 0.001373, 0.001412, 0.001375, 0.001306, 0.001444, 0.001348, 0.001461, 0.001300, 0.001444, 0.001499, 0.001495, 0.001522, 0.001519, 0.001638, 0.001416, 0.001543, 0.001476, 0.001602, 0.001504, 0.001602, 0.001451, 0.001549, 0.001490, 0.001630, 0.001325, 0.001550, 0.001370, 0.001466, 0.001313, 0.001376, 0.001316, 0.001386, 0.001415, 0.001418, 0.001428, 0.001253, 0.001341, 0.001412, 0.001296, 0.001258, 0.001386, 0.001169, 0.001296, 0.001331, 0.001275, 0.001243, 0.001243, 0.001181, 0.001370, 0.001248, 0.001343, 0.001243, 0.001484, 0.001238, 0.001242, 0.001227, 0.001229, 0.001283, 0.001372, 0.001282, 0.001221, 0.001187, 0.001378, 0.001402, 0.001367, 0.001306, 0.001297, 0.001424, 0.001267, 0.001390, 0.001287, 0.001525, 0.001369, 0.001441, 0.001259, 0.001444, 0.001257, 0.001412
16 , 0, 0, 0, 0, 0, 0, 0
16 , 0.005977, 0.006130, 0.005992, 0.006367, 0.006261, 0.005924, 0.005611
