0 , 0.001294, 0.001472, 0.001486, 0.001563, 0.001560, 0.001381, 0.001722, 0.001561, 0.001697, 0.001695, 0.001816, 0.001824, 0.001825, 0.001662, 0.001753, 0.001901, 0.001741, 0.001923, 0.001768, 0.002047, 0.001907, 0.001943, 0.001914, 0.000500, 0.001306, 0.001375, 0.001362, 0.001266, 0.001198, 0.001291, 0.001250, 0.001314, 0.001331, 0.001299, 0.001266, 0.001353, 0.001381, 0.001224, 0.001375, 0.001308, 0.001459, 0.001336, 0.001400, 0.001243, 0.001519, 0.001329, 0.001387, 0.000511, 0.001399, 0.001253, 0.001587, 0.001388, 0.001513, 0.001496, 0.001601, 0.001610, 0.001627, 0.001488, 0.001686, 0.001804, 0.001561, 0.001599, 0.001513, 0.001891, 0.001744, 0.001730, 0.001730, 0.001753, 0.001972, 0.001810, 0.001870, 0.001127, 0.000981, 0.001566, 0.001478, 0.001370, 0.001330, 0.001393, 0.001333, 0.001369, 0.001113, 0.001303, 0.001239, 0.001279, 0.001160, 0.001226, 0.001100, 0.001349, 0.001338, 0.001364, 0.001271, 0.001394
0 , 1, 1, 1, 1, 1, 1, 1
0 , 0.008631, 0.010835, 0.013422, 0.015612, 0.018083, 0.015569, 0.015915
1 , 0.001587, 0.001388, 0.001513, 0.001496, 0.001601, 0.001610, 0.001627, 0.001488, 0.001686, 0.001804, 0.001561, 0.001599, 0.001513, 0.001891, 0.001744, 0.001730, 0.001730, 0.001753, 0.001972, 0.001810, 0.001870, 0.001127, 0.000981, 0.001566, 0.001478, 0.001370, 0.001330, 0.001393, 0.001333, 0.001369, 0.001113, 0.001303, 0.001239, 0.001279, 0.001160, 0.001226, 0.001100, 0.001349, 0.001338, 0.001364, 0.001271, 0.001394, 0.001295, 0.001206, 0.001404, 0.001301, 0.001384, 0.000085, 0.001509, 0.001393, 0.001723, 0.001563, 0.001643, 0.001423, 0.001741, 0.001782, 0.001714, 0.001520, 0.001509, 0.001754, 0.001561, 0.001697, 0.001595, 0.001693, 0.001784, 0.001656, 0.001551, 0.001471, 0.001736, 0.001699, 0.001673, 0.001583, 0.000425, 0.001677, 0.001665, 0.001502, 0.001341, 0.001412, 0.001290, 0.001420, 0.001116, 0.001262, 0.001284, 0.001322, 0.001433, 0.001519, 0.001330, 0.001485, 0.001389, 0.001510, 0.001327, 0.001465
1 , 1, 1, 1, 1, 1, 1, 1
1 , 0.008092, 0.010354, 0.012163, 0.012277, 0.014374, 0.012566, 0.013114
2 , 0.001723, 0.001563, 0.001643, 0.001423, 0.001741, 0.001782, 0.001714, 0.001520, 0.001509, 0.001754, 0.001561, 0.001697, 0.001595, 0.001693, 0.001784, 0.001656, 0.001551, 0.001471, 0.001736, 0.001699, 0.001673, 0.001583, 0.000425, 0.001677, 0.001665, 0.001502, 0.001341, 0.001412, 0.001290, 0.001420, 0.001116, 0.001262, 0.001284, 0.001322, 0.001433, 0.001519, 0.001330, 0.001485, 0.001389, 0.001510, 0.001327, 0.001465, 0.001274, 0.001382, 0.001464, 0.000968, 0.001231, 0.001518, 0.001461, 0.001518, 0.001563, 0.001571, 0.001529, 0.001794, 0.001677, 0.001733, 0.001651, 0.001753, 0.001673, 0.001734, 0.001597, 0.001586, 0.001722, 0.001628, 0.001692, 0.001492, 0.001753, 0.001779, 0.001681, 0.001612, 0.001545, 0.001972, 0.000239, 0.001812, 0.001633, 0.001601, 0.001360, 0.001422, 0.001418, 0.001518, 0.001391, 0.001361, 0.001330, 0.001421, 0.001332, 0.001397, 0.001363, 0.001356, 0.001477, 0.001428, 0.001421, 0.001306
2 , 1, 1, 1, 1, 1, 1, 1
2 , 0.007167, 0.009485, 0.011191, 0.012286, 0.010954, 0.008929, 0.009831
3 , 0.001518, 0.001563, 0.001571, 0.001529, 0.001794, 0.001677, 0.001733, 0.001651, 0.001753, 0.001673, 0.001734, 0.001597, 0.001586, 0.001722, 0.001628, 0.001692, 0.001492, 0.001753, 0.001779, 0.001681, 0.001612, 0.001545, 0.001972, 0.000239, 0.001812, 0.001633, 0.001601, 0.001360, 0.001422, 0.001418, 0.001518, 0.001391, 0.001361, 0.001330, 0.001421, 0.001332, 0.001397, 0.001363, 0.001356, 0.001477, 0.001428, 0.001421, 0.001306, 0.001368, 0.001371, 0.001374, 0.001341, 0.001371, 0.001213, 0.000706, 0.001498, 0.001567, 0.001624, 0.001605, 0.001817, 0.001734, 0.001863, 0.001666, 0.001624, 0.001832, 0.001775, 0.001889, 0.001609, 0.001729, 0.001707, 0.001805, 0.001529, 0.001592, 0.001615, 0.001652, 0.001599, 0.001533, 0.001893, 0.001166, 0.001387, 0.001764, 0.001624, 0.001449, 0.001600, 0.001415, 0.001539, 0.001361, 0.001550, 0.001399, 0.001585, 0.001304, 0.001461, 0.001367, 0.001468, 0.001408, 0.001567, 0.001262
3 , 1, 1, 1, 1, 1, 1, 1
3 , 0.005999, 0.007210, 0.007907, 0.008790, 0.010186, 0.009190, 0.010803
4 , 0.001624, 0.001605, 0.001817, 0.001734, 0.001863, 0.001666, 0.001624, 0.001832, 0.001775, 0.001889, 0.001609, 0.001729, 0.001707, 0.001805, 0.001529, 0.001592, 0.001615, 0.001652, 0.001599, 0.001533, 0.001893, 0.001166, 0.001387, 0.001764, 0.001624, 0.001449, 0.001600, 0.001415, 0.001539, 0.001361, 0.001550, 0.001399, 0.001585, 0.001304, 0.001461, 0.001367, 0.001468, 0.001408, 0.001567, 0.001262, 0.001355, 0.001270, 0.001360, 0.001226, 0.001593, 0.000098, 0.001366, 0.001620, 0.001496, 0.001533, 0.001461, 0.001767, 0.001605, 0.001631, 0.001555, 0.001885, 0.001677, 0.001809, 0.001733, 0.001688, 0.001729, 0.001577, 0.001732, 0.001577, 0.001747, 0.001633, 0.001693, 0.001570, 0.001643, 0.001768, 0.000586, 0.001825, 0.001563, 0.001563, 0.001463, 0.001501, 0.001382, 0.001447, 0.001449, 0.001452, 0.001269, 0.001360, 0.001391, 0.001265, 0.001361, 0.001517, 0.001334, 0.001316, 0.001322, 0.001267, 0.001360, 0.001241
4 , 1, 1, 1, 1, 1, 1, 1
4 , 0.007722, 0.008913, 0.013181, 0.011144, 0.011431, 0.012387, 0.012516
5 , 0.001496, 0.001533, 0.001461, 0.001767, 0.001605, 0.001631, 0.001555, 0.001885, 0.001677, 0.001809, 0.001733, 0.001688, 0.001729, 0.001577, 0.001732, 0.001577, 0.001747, 0.001633, 0.001693, 0.001570, 0.001643, 0.001768, 0.000586, 0.001825, 0.001563, 0.001563, 0.001463, 0.001501, 0.001382, 0.001447, 0.001449, 0.001452, 0.001269, 0.001360, 0.001391, 0.001265, 0.001361, 0.001517, 0.001334, 0.001316, 0.001322, 0.001267, 0.001360, 0.001241, 0.001273, 0.001102, 0.001363, 0.000588, 0.001265, 0.001752, 0.001801, 0.001889, 0.001726, 0.001730, 0.001783, 0.001806, 0.001749, 0.001719, 0.002010, 0.001847, 0.002025, 0.001802, 0.002052, 0.001878, 0.001969, 0.001832, 0.001923, 0.001961, 0.001779, 0.001817, 0.001548, 0.001980, 0.000744, 0.001505, 0.001477, 0.001477, 0.001380, 0.001464, 0.001189, 0.001318, 0.001193, 0.001416, 0.001139, 0.001322, 0.001259, 0.001326, 0.001132, 0.001408, 0.001299, 0.001483, 0.001264, 0.001570
5 , 1, 1, 1, 1, 1, 1, 1
5 , 0.011069, 0.013642, 0.015727, 0.016444, 0.017674, 0.017280, 0.017023
6 , 0.001801, 0.001889, 0.001726, 0.001730, 0.001783, 0.001806, 0.001749, 0.001719, 0.002010, 0.001847, 0.002025, 0.001802, 0.002052, 0.001878, 0.001969, 0.001832, 0.001923, 0.001961, 0.001779, 0.001817, 0.001548, 0.001980, 0.000744, 0.001505, 0.001477, 0.001477, 0.001380, 0.001464, 0.001189, 0.001318, 0.001193, 0.001416, 0.001139, 0.001322, 0.001259, 0.001326, 0.001132, 0.001408, 0.001299, 0.001483, 0.001264, 0.001570, 0.001229, 0.001469, 0.001426, 0.001405, 0.000561, 0.001306, 0.001433, 0.001322, 0.001318, 0.001123, 0.001385, 0.001557, 0.001598, 0.001538, 0.001414, 0.001677, 0.001578, 0.001682, 0.001610, 0.001978, 0.001911, 0.001882, 0.001791, 0.001794, 0.002070, 0.002072, 0.002112, 0.001955, 0.001799, 0.000678, 0.001334, 0.001296, 0.001311, 0.001181, 0.001237, 0.001179, 0.001145, 0.001139, 0.001198, 0.001099, 0.001165, 0.001100, 0.001126, 0.001146, 0.001177, 0.001227, 0.001194, 0.001213, 0.001393, 0.001391
6 , 1, 1, 1, 1, 1, 1, 1
6 , 0.015114, 0.018316, 0.019855, 0.023149, 0.020373, 0.019795, 0.019704
7 , 0.001322, 0.001318, 0.001123, 0.001385, 0.001557, 0.001598, 0.001538, 0.001414, 0.001677, 0.001578, 0.001682, 0.001610, 0.001978, 0.001911, 0.001882, 0.001791, 0.001794, 0.002070, 0.002072, 0.002112, 0.001955, 0.001799, 0.000678, 0.001334, 0.001296, 0.001311, 0.001181, 0.001237, 0.001179, 0.001145, 0.001139, 0.001198, 0.001099, 0.001165, 0.001100, 0.001126, 0.001146, 0.001177, 0.001227, 0.001194, 0.001213, 0.001393, 0.001391, 0.001208, 0.001501, 0.001266, 0.001594, 0.000202, 0.001314, 0.001381, 0.001629, 0.001476, 0.001604, 0.001426, 0.001652, 0.001618, 0.001713, 0.001486, 0.001554, 0.001622, 0.001588, 0.001733, 0.001631, 0.001841, 0.001672, 0.001649, 0.001465, 0.001674, 0.001672, 0.001731, 0.001658, 0.001639, 0.000160, 0.001754, 0.001462, 0.001416, 0.001352, 0.001396, 0.001229, 0.001416, 0.001233, 0.001353, 0.001137, 0.001297, 0.001221, 0.001221, 0.001184, 0.001368, 0.001214, 0.001339, 0.001299, 0.001451
7 , 1, 1, 1, 1, 1, 1, 1
7 , 0.010773, 0.013438, 0.015674, 0.016517, 0.018163, 0.015835, 0.016740
8 , 0.001629, 0.001476, 0.001604, 0.001426, 0.001652, 0.001618, 0.001713, 0.001486, 0.001554, 0.001622, 0.001588, 0.001733, 0.001631, 0.001841, 0.001672, 0.001649, 0.001465, 0.001674, 0.001672, 0.001731, 0.001658, 0.001639, 0.000160, 0.001754, 0.001462, 0.001416, 0.001352, 0.001396, 0.001229, 0.001416, 0.001233, 0.001353, 0.001137, 0.001297, 0.001221, 0.001221, 0.001184, 0.001368, 0.001214, 0.001339, 0.001299, 0.001451, 0.001262, 0.001371, 0.001310, 0.001009, 0.001157, 0.001385, 0.001382, 0.001396, 0.001552, 0.001533, 0.001579, 0.001711, 0.001473, 0.001855, 0.001612, 0.001859, 0.001859, 0.001942, 0.001706, 0.001793, 0.001952, 0.001785, 0.001896, 0.001797, 0.001980, 0.001817, 0.001698, 0.001841, 0.000587, 0.001282, 0.001556, 0.001394, 0.001298, 0.001356, 0.001233, 0.001353, 0.001266, 0.001195, 0.001442, 0.001285, 0.001282, 0.001314, 0.001311, 0.001364, 0.001360, 0.001387, 0.001320, 0.001377, 0.001247, 0.001365
8 , 1, 1, 1, 1, 1, 1, 1
8 , 0.011647, 0.014306, 0.016726, 0.016117, 0.013327, 0.014250, 0.014290
9 , 0.001382, 0.001396, 0.001552, 0.001533, 0.001579, 0.001711, 0.001473, 0.001855, 0.001612, 0.001859, 0.001859, 0.001942, 0.001706, 0.001793, 0.001952, 0.001785, 0.001896, 0.001797, 0.001980, 0.001817, 0.001698, 0.001841, 0.000587, 0.001282, 0.001556, 0.001394, 0.001298, 0.001356, 0.001233, 0.001353, 0.001266, 0.001195, 0.001442, 0.001285, 0.001282, 0.001314, 0.001311, 0.001364, 0.001360, 0.001387, 0.001320, 0.001377, 0.001247, 0.001365, 0.001276, 0.001458, 0.001277, 0.001405, 0.000533, 0.001484, 0.001517, 0.001624, 0.001415, 0.001604, 0.001458, 0.001722, 0.001601, 0.001793, 0.001570, 0.001624, 0.001715, 0.001677, 0.001731, 0.001483, 0.001841, 0.001695, 0.001809, 0.001696, 0.001755, 0.001812, 0.001626, 0.001767, 0.001241, 0.000975, 0.001621, 0.001506, 0.001485, 0.001295, 0.001447, 0.001322, 0.001388, 0.001253, 0.001475, 0.001383, 0.001417, 0.001379, 0.001601, 0.001262, 0.001475, 0.001360, 0.001359, 0.001324
9 , 1, 1, 1, 1, 1, 1, 1
9 , 0.008802, 0.011025, 0.012616, 0.014286, 0.013445, 0.014588, 0.013764
10 , 0.001624, 0.001415, 0.001604, 0.001458, 0.001722, 0.001601, 0.001793, 0.001570, 0.001624, 0.001715, 0.001677, 0.001731, 0.001483, 0.001841, 0.001695, 0.001809, 0.001696, 0.001755, 0.001812, 0.001626, 0.001767, 0.001241, 0.000975, 0.001621, 0.001506, 0.001485, 0.001295, 0.001447, 0.001322, 0.001388, 0.001253, 0.001475, 0.001383, 0.001417, 0.001379, 0.001601, 0.001262, 0.001475, 0.001360, 0.001359, 0.001324, 0.001357, 0.001440, 0.001368, 0.001492, 0.000401, 0.001536, 0.001306, 0.001620, 0.001547, 0.001506, 0.001538, 0.001660, 0.001697, 0.001462, 0.001729, 0.001560, 0.001645, 0.001642, 0.001567, 0.001508, 0.001720, 0.001838, 0.001770, 0.001638, 0.001502, 0.001781, 0.001740, 0.001654, 0.001478, 0.001571, 0.001923, 0.000342, 0.001743, 0.001486, 0.001492, 0.001451, 0.001456, 0.001334, 0.001456, 0.001481, 0.001330, 0.001300, 0.001429, 0.001483, 0.001380, 0.001531, 0.001559, 0.001497, 0.001374, 0.001496, 0.001371
10 , 1, 1, 1, 1, 1, 1, 1
10 , 0.007064, 0.008732, 0.011440, 0.011103, 0.011259, 0.009250, 0.009463
11 , 0.001620, 0.001547, 0.001506, 0.001538, 0.001660, 0.001697, 0.001462, 0.001729, 0.001560, 0.001645, 0.001642, 0.001567, 0.001508, 0.001720, 0.001838, 0.001770, 0.001638, 0.001502, 0.001781, 0.001740, 0.001654, 0.001478, 0.001571, 0.001923, 0.000342, 0.001743, 0.001486, 0.001492, 0.001451, 0.001456, 0.001334, 0.001456, 0.001481, 0.001330, 0.001300, 0.001429, 0.001483, 0.001380, 0.001531, 0.001559, 0.001497, 0.001374, 0.001496, 0.001371, 0.001405, 0.001280, 0.001586, 0.001428, 0.001492, 0.001302, 0.001517, 0.001455, 0.001432, 0.001343, 0.001507, 0.001294, 0.001414, 0.001447, 0.001421, 0.001389, 0.001453, 0.001391, 0.001572, 0.001453, 0.001363, 0.001420, 0.001360, 0.001296, 0.001414, 0.001445, 0.001416, 0.001444, 0.001348, 0.001502, 0.001405, 0.001464, 0.001404, 0.001469, 0.001221, 0.001469, 0.001342, 0.001463, 0.001334, 0.001583, 0.001303, 0.001491, 0.001517, 0.001521, 0.001366, 0.001529, 0.001346, 0.001440
11 , 2, 2, 2, 2, 2, 2, 2
11 , 0.002467, 0.004245, 0.004472, 0.004730, 0.004684, 0.005707, 0.003267
12 , 0.001455, 0.001432, 0.001343, 0.001507, 0.001294, 0.001414, 0.001447, 0.001421, 0.001389, 0.001453, 0.001391, 0.001572, 0.001453, 0.001363, 0.001420, 0.001360, 0.001296, 0.001414, 0.001445, 0.001416, 0.001444, 0.001348, 0.001502, 0.001405, 0.001464, 0.001404, 0.001469, 0.001221, 0.001469, 0.001342, 0.001463, 0.001334, 0.001583, 0.001303, 0.001491, 0.001517, 0.001521, 0.001366, 0.001529, 0.001346, 0.001440, 0.001319, 0.001420, 0.001385, 0.001418, 0.001270, 0.001365, 0.001395, 0.001309, 0.001248, 0.001223, 0.001326, 0.001265, 0.001320, 0.001342, 0.001322, 0.001136, 0.001263, 0.001052, 0.001362, 0.001113, 0.001355, 0.001226, 0.001382, 0.001310, 0.001313, 0.001246, 0.001281, 0.001219, 0.001378, 0.001246, 0.001397, 0.001244, 0.001402, 0.001420, 0.001393, 0.001365, 0.001517, 0.001335, 0.001334, 0.001428, 0.001332, 0.001453, 0.001389, 0.001421, 0.001262, 0.001418, 0.001385, 0.001506, 0.001332, 0.001274, 0.001363
12 , 0, 0, 2, 0, 0, 2, 2
12 , 0.002321, 0.002713, 0.002249, 0.002607, 0.002516, 0.002653, 0.002788
13 , 0.001265, 0.001320, 0.001342, 0.001322, 0.001136, 0.001263, 0.001052, 0.001362, 0.001113, 0.001355, 0.001226, 0.001382, 0.001310, 0.001313, 0.001246, 0.001281, 0.001219, 0.001378, 0.001246, 0.001397, 0.001244, 0.001402, 0.001420, 0.001393, 0.001365, 0.001517, 0.001335, 0.001334, 0.001428, 0.001332, 0.001453, 0.001389, 0.001421, 0.001262, 0.001418, 0.001385, 0.001506, 0.001332, 0.001274, 0.001363, 0.001462, 0.001246, 0.001353, 0.001266, 0.001577, 0.001277, 0.001405, 0.001250, 0.001463, 0.001271, 0.001330, 0.001380, 0.001262, 0.001223, 0.001370, 0.001299, 0.001381, 0.001436, 0.001620, 0.001526, 0.001458, 0.001608, 0.001546, 0.001554, 0.001394, 0.001460, 0.001403, 0.001440, 0.001227, 0.001445, 0.001320, 0.001360, 0.001126, 0.001320, 0.001343, 0.001390, 0.001269, 0.001394, 0.001157, 0.001285, 0.001160, 0.001378, 0.001187, 0.001198, 0.001078, 0.001262, 0.001269, 0.001061, 0.001187, 0.001174, 0.001205, 0.001165
13 , 3, 3, 3, 3, 3, 3, 3
13 , 0.005933, 0.005667, 0.006088, 0.006086, 0.005942, 0.005611, 0.005498
14 , 0.001463, 0.001271, 0.001330, 0.001380, 0.001262, 0.001223, 0.001370, 0.001299, 0.001381, 0.001436, 0.001620, 0.001526, 0.001458, 0.001608, 0.001546, 0.001554, 0.001394, 0.001460, 0.001403, 0.001440, 0.001227, 0.001445, 0.001320, 0.001360, 0.001126, 0.001320, 0.001343, 0.001390, 0.001269, 0.001394, 0.001157, 0.001285, 0.001160, 0.001378, 0.001187, 0.001198, 0.001078, 0.001262, 0.001269, 0.001061, 0.001187, 0.001174, 0.001205, 0.001165, 0.001290, 0.001117, 0.001364, 0.001221, 0.001346, 0.001209, 0.001384, 0.001409, 0.001534, 0.001371, 0.001492, 0.001424, 0.001575, 0.001411, 0.001654, 0.001496, 0.001649, 0.001583, 0.001641, 0.001611, 0.001554, 0.001556, 0.001531, 0.001596, 0.001378, 0.001505, 0.001501, 0.001507, 0.001357, 0.001489, 0.001313, 0.001532, 0.001380, 0.001479, 0.001447, 0.001505, 0.001292, 0.001451, 0.001270, 0.001487, 0.001246, 0.001219, 0.001190, 0.001371, 0.001239, 0.001269, 0.001265, 0.001353
14 , 1, 1, 1, 1, 1, 1, 1
14 , 0.005371, 0.005882, 0.006442, 0.007003, 0.007460, 0.007637, 0.007699
15 , 0.001534, 0.001371, 0.001492, 0.001424, 0.001575, 0.001411, 0.001654, 0.001496, 0.001649, 0.001583, 0.001641, 0.001611, 0.001554, 0.001556, 0.001531, 0.001596, 0.001378, 0.001505, 0.001501, 0.001507, 0.001357, 0.001489, 0.001313, 0.001532, 0.001380, 0.001479, 0.001447, 0.001505, 0.001292, 0.001451, 0.001270, 0.001487, 0.001246, 0.001219, 0.001190, 0.001371, 0.001239, 0.001269, 0.001265, 0.001353, 0.001292, 0.001292, 0.001420, 0.001416, 0.001505, 0.001323, 0.001506, 0.001352, 0.001380, 0.001437, 0.001470, 0.001347, 0.001501, 0.001459, 0.001541, 0.001329, 0.001415, 0.001349, 0.001505, 0.001500, 0.001475, 0.001385, 0.001483, 0.001418, 0.001480, 0.001478, 0.001482, 0.001398, 0.001427, 0.001397, 0.001305, 0.001399, 0.001370, 0.001430, 0.001333, 0.001493, 0.001337, 0.001453, 0.001360, 0.001300, 0.001268, 0.001552, 0.001360, 0.001489, 0.001280, 0.001374, 0.001245, 0.001463, 0.001306, 0.001521, 0.001367, 0.001435
15 , 1, 1, 1, 1, 1, 1, 1
15 , 0.004555, 0.004684, 0.004794, 0.004528, 0.004251, 0.004641, 0.004494
16 , 0.001380, 0.001437, 0.001470, 0.001347, 0.001501, 0.001459, 0.001541, 0.001329, 0.001415, 0.001349, 0.001505, 0.001500, 0.001475, 0.001385, 0.001483, 0.001418, 0.001480, 0.001478, 0.001482, 0.001398, 0.001427, 0.001397, 0.001305, 0.001399, 0.001370, 0.001430, 0.001333, 0.001493, 0.001337, 0.001453, 0.001360, 0.001300, 0.001268, 0.001552, 0.001360, 0.001489, 0.001280, 0.001374, 0.001245, 0.001463, 0.001306, 0.001521, 0.001367, 0.001435, 0.001463, 0.001283, 0.001400, 0.001489, 0.001431, 0.001463, 0.001432, 0.001339, 0.001526, 0.001464, 0.001469, 0.001435, 0.001466, 0.001225, 0.001381, 0.001322, 0.001517, 0.001244, 0.001435, 0.001258, 0.001327, 0.001274, 0.001193, 0.001155, 0.001261, 0.001022, 0.001083, 0.001201, 0.001149, 0.001088, 0.001099, 0.001044, 0.001203, 0.001110, 0.001054, 0.001151, 0.000938, 0.001153, 0.000957, 0.001024, 0.001085, 0.001203, 0.001033, 0.001252, 0.001112, 0.001262, 0.001245, 0.001394
16 , 1, 1, 1, 1, 1, 1, 1
16 , 0.006724, 0.006531, 0.006111, 0.005523, 0.004825, 0.004218, 0.003441
