0 , 0.001674, 0.001251, 0.001193, 0.001258, 0.001230, 0.001227, 0.001166, 0.001105, 0.001200, 0.001198, 0.001035, 0.001128, 0.001064, 0.001189, 0.001100, 0.001195, 0.001092, 0.001251, 0.001250, 0.001282, 0.001070, 0.001312, 0.001072, 0.001376, 0.000742, 0.001225, 0.001573, 0.001604, 0.001706, 0.001452, 0.001725, 0.001634, 0.001653, 0.001441, 0.001618, 0.001569, 0.001678, 0.001583, 0.001527, 0.001818, 0.001629, 0.001652, 0.001584, 0.001796, 0.001710, 0.001763, 0.001797, 0.001709, 0.002045, 0.000752, 0.001600, 0.001381, 0.001335, 0.001184, 0.001250, 0.001033, 0.001306, 0.001277, 0.001309, 0.001144, 0.001300, 0.001137, 0.001359, 0.001298, 0.001303, 0.001213, 0.001179, 0.001089, 0.001147, 0.001240, 0.001256, 0.001019, 0.001143, 0.000549, 0.001453, 0.001600, 0.001660, 0.001418, 0.001668, 0.001751, 0.001615, 0.001694, 0.001671, 0.001856, 0.001549, 0.001628, 0.001503, 0.001653, 0.001593, 0.001562, 0.001566, 0.001630
0 , 0, 0, 0, 0, 0, 0, 0
0 , 0.008623, 0.010559, 0.013012, 0.013395, 0.016037, 0.017901, 0.019549
1 , 0.001335, 0.001184, 0.001250, 0.001033, 0.001306, 0.001277, 0.001309, 0.001144, 0.001300, 0.001137, 0.001359, 0.001298, 0.001303, 0.001213, 0.001179, 0.001089, 0.001147, 0.001240, 0.001256, 0.001019, 0.001143, 0.000549, 0.001453, 0.001600, 0.001660, 0.001418, 0.001668, 0.001751, 0.001615, 0.001694, 0.001671, 0.001856, 0.001549, 0.001628, 0.001503, 0.001653, 0.001593, 0.001562, 0.001566, 0.001630, 0.001732, 0.001560, 0.001532, 0.001456, 0.001662, 0.001421, 0.001171, 0.001747, 0.001490, 0.001356, 0.001419, 0.001243, 0.001355, 0.001182, 0.001230, 0.001083, 0.001217, 0.001012, 0.001024, 0.001005, 0.001164, 0.001012, 0.001109, 0.000885, 0.001132, 0.000919, 0.001005, 0.000793, 0.001144, 0.000949, 0.001215, 0.000056, 0.001585, 0.001807, 0.001796, 0.001769, 0.001704, 0.001986, 0.001943, 0.001977, 0.001806, 0.001915, 0.001862, 0.001947, 0.001830, 0.001709, 0.001925, 0.001804, 0.001850, 0.001717, 0.001838, 0.001910
1 , 0, 0, 0, 0, 0, 0, 0
1 , 0.016916, 0.018382, 0.020478, 0.022583, 0.026298, 0.026029, 0.024761
2 , 0.001419, 0.001243, 0.001355, 0.001182, 0.001230, 0.001083, 0.001217, 0.001012, 0.001024, 0.001005, 0.001164, 0.001012, 0.001109, 0.000885, 0.001132, 0.000919, 0.001005, 0.000793, 0.001144, 0.000949, 0.001215, 0.000056, 0.001585, 0.001807, 0.001796, 0.001769, 0.001704, 0.001986, 0.001943, 0.001977, 0.001806, 0.001915, 0.001862, 0.001947, 0.001830, 0.001709, 0.001925, 0.001804, 0.001850, 0.001717, 0.001838, 0.001910, 0.001904, 0.001936, 0.001704, 0.002257, 0.000090, 0.001591, 0.001333, 0.001318, 0.001161, 0.001098, 0.001030, 0.001102, 0.000975, 0.001127, 0.001093, 0.001123, 0.001146, 0.001215, 0.001202, 0.001176, 0.001107, 0.001256, 0.001250, 0.001242, 0.001274, 0.001195, 0.001253, 0.000871, 0.001203, 0.001473, 0.001588, 0.001554, 0.001615, 0.001587, 0.001827, 0.001705, 0.001800, 0.001777, 0.001910, 0.001902, 0.001795, 0.001844, 0.001782, 0.002082, 0.001869, 0.001925, 0.001810, 0.001977, 0.001899, 0.001919
2 , 0, 0, 0, 0, 0, 0, 0
2 , 0.023321, 0.026050, 0.029781, 0.030719, 0.031013, 0.030186, 0.028612
3 , 0.001161, 0.001098, 0.001030, 0.001102, 0.000975, 0.001127, 0.001093, 0.001123, 0.001146, 0.001215, 0.001202, 0.001176, 0.001107, 0.001256, 0.001250, 0.001242, 0.001274, 0.001195, 0.001253, 0.000871, 0.001203, 0.001473, 0.001588, 0.001554, 0.001615, 0.001587, 0.001827, 0.001705, 0.001800, 0.001777, 0.001910, 0.001902, 0.001795, 0.001844, 0.001782, 0.002082, 0.001869, 0.001925, 0.001810, 0.001977, 0.001899, 0.001919, 0.001810, 0.002054, 0.001135, 0.001138, 0.001383, 0.001332, 0.001207, 0.001292, 0.001292, 0.001291, 0.001257, 0.001224, 0.001277, 0.001298, 0.001290, 0.001384, 0.001344, 0.001286, 0.001220, 0.001461, 0.001340, 0.001503, 0.001316, 0.001387, 0.001270, 0.001426, 0.001167, 0.001463, 0.000614, 0.001467, 0.001604, 0.001614, 0.001652, 0.001783, 0.001654, 0.002033, 0.001820, 0.001889, 0.001772, 0.001945, 0.001869, 0.001963, 0.001913, 0.001834, 0.001929, 0.001869, 0.001901, 0.001794, 0.001981, 0.001858
3 , 0, 0, 0, 0, 0, 0, 0
3 , 0.021713, 0.023291, 0.023550, 0.025317, 0.024849, 0.023847, 0.022662
4 , 0.001292, 0.001292, 0.001291, 0.001257, 0.001224, 0.001277, 0.001298, 0.001290, 0.001384, 0.001344, 0.001286, 0.001220, 0.001461, 0.001340, 0.001503, 0.001316, 0.001387, 0.001270, 0.001426, 0.001167, 0.001463, 0.000614, 0.001467, 0.001604, 0.001614, 0.001652, 0.001783, 0.001654, 0.002033, 0.001820, 0.001889, 0.001772, 0.001945, 0.001869, 0.001963, 0.001913, 0.001834, 0.001929, 0.001869, 0.001901, 0.001794, 0.001981, 0.001858, 0.001819, 0.001802, 0.001657, 0.000524, 0.001427, 0.001367, 0.001322, 0.001097, 0.001314, 0.001125, 0.001347, 0.001038, 0.001198, 0.000982, 0.001259, 0.001160, 0.001165, 0.001132, 0.001230, 0.001099, 0.001075, 0.001128, 0.001315, 0.001155, 0.001176, 0.001308, 0.000342, 0.001568, 0.001425, 0.001633, 0.001517, 0.001589, 0.001482, 0.001710, 0.001630, 0.001694, 0.001641, 0.001425, 0.001735, 0.001614, 0.001609, 0.001477, 0.001658, 0.001742, 0.001617, 0.001584, 0.001652, 0.001796, 0.001656
4 , 0, 0, 0, 0, 0, 0, 0
4 , 0.017034, 0.018723, 0.021555, 0.021100, 0.021166, 0.020420, 0.018222
5 , 0.001367, 0.001322, 0.001097, 0.001314, 0.001125, 0.001347, 0.001038, 0.001198, 0.000982, 0.001259, 0.001160, 0.001165, 0.001132, 0.001230, 0.001099, 0.001075, 0.001128, 0.001315, 0.001155, 0.001176, 0.001308, 0.000342, 0.001568, 0.001425, 0.001633, 0.001517, 0.001589, 0.001482, 0.001710, 0.001630, 0.001694, 0.001641, 0.001425, 0.001735, 0.001614, 0.001609, 0.001477, 0.001658, 0.001742, 0.001617, 0.001584, 0.001652, 0.001796, 0.001656, 0.001705, 0.001703, 0.000128, 0.001543, 0.001355, 0.001399, 0.001301, 0.001187, 0.001129, 0.001338, 0.001189, 0.001309, 0.001184, 0.001275, 0.001210, 0.001231, 0.001201, 0.001230, 0.001219, 0.001262, 0.001079, 0.001301, 0.001056, 0.001379, 0.001120, 0.001288, 0.001204, 0.001023, 0.001149, 0.001541, 0.001497, 0.001600, 0.001623, 0.001562, 0.001562, 0.001854, 0.001638, 0.001653, 0.001649, 0.001808, 0.001831, 0.001869, 0.001706, 0.001770, 0.001933, 0.001823, 0.001827, 0.001642
5 , 0, 0, 0, 0, 0, 0, 0
5 , 0.015134, 0.017434, 0.017998, 0.018232, 0.019273, 0.019951, 0.019165
6 , 0.001187, 0.001129, 0.001338, 0.001189, 0.001309, 0.001184, 0.001275, 0.001210, 0.001231, 0.001201, 0.001230, 0.001219, 0.001262, 0.001079, 0.001301, 0.001056, 0.001379, 0.001120, 0.001288, 0.001204, 0.001023, 0.001149, 0.001541, 0.001497, 0.001600, 0.001623, 0.001562, 0.001562, 0.001854, 0.001638, 0.001653, 0.001649, 0.001808, 0.001831, 0.001869, 0.001706, 0.001770, 0.001933, 0.001823, 0.001827, 0.001642, 0.001770, 0.001797, 0.001668, 0.001902, 0.000903, 0.001137, 0.001522, 0.001410, 0.001385, 0.001198, 0.001364, 0.001181, 0.001243, 0.001280, 0.001352, 0.001206, 0.001195, 0.001166, 0.001109, 0.001024, 0.001110, 0.001117, 0.001091, 0.001119, 0.001051, 0.001041, 0.001053, 0.001212, 0.000402, 0.001727, 0.001548, 0.001790, 0.001662, 0.001766, 0.001520, 0.001725, 0.001725, 0.001679, 0.001610, 0.001515, 0.001737, 0.001635, 0.001798, 0.001526, 0.001726, 0.001640, 0.001581, 0.001527, 0.001649, 0.001823, 0.001694
6 , 0, 0, 0, 0, 0, 0, 0
6 , 0.017650, 0.019627, 0.021804, 0.021321, 0.021069, 0.020092, 0.019580
7 , 0.001410, 0.001385, 0.001198, 0.001364, 0.001181, 0.001243, 0.001280, 0.001352, 0.001206, 0.001195, 0.001166, 0.001109, 0.001024, 0.001110, 0.001117, 0.001091, 0.001119, 0.001051, 0.001041, 0.001053, 0.001212, 0.000402, 0.001727, 0.001548, 0.001790, 0.001662, 0.001766, 0.001520, 0.001725, 0.001725, 0.001679, 0.001610, 0.001515, 0.001737, 0.001635, 0.001798, 0.001526, 0.001726, 0.001640, 0.001581, 0.001527, 0.001649, 0.001823, 0.001694, 0.001695, 0.001649, 0.001904, 0.001695, 0.000851, 0.001627, 0.001391, 0.001193, 0.001312, 0.001253, 0.001315, 0.001278, 0.001303, 0.001298, 0.001309, 0.001208, 0.001275, 0.001128, 0.001314, 0.001189, 0.001230, 0.001083, 0.001215, 0.001100, 0.001159, 0.000969, 0.001186, 0.001096, 0.001094, 0.001017, 0.001223, 0.001122, 0.001171, 0.001131, 0.001141, 0.001136, 0.001158, 0.001092, 0.001213, 0.001207, 0.001144, 0.001170, 0.001317, 0.001286, 0.001195, 0.001350, 0.001346, 0.001292
7 , 3, 3, 3, 3, 3, 3, 0
7 , 0.012739, 0.012504, 0.011810, 0.013608, 0.012579, 0.011662, 0.011139
8 , 0.001627, 0.001391, 0.001193, 0.001312, 0.001253, 0.001315, 0.001278, 0.001303, 0.001298, 0.001309, 0.001208, 0.001275, 0.001128, 0.001314, 0.001189, 0.001230, 0.001083, 0.001215, 0.001100, 0.001159, 0.000969, 0.001186, 0.001096, 0.001094, 0.001017, 0.001223, 0.001122, 0.001171, 0.001131, 0.001141, 0.001136, 0.001158, 0.001092, 0.001213, 0.001207, 0.001144, 0.001170, 0.001317, 0.001286, 0.001195, 0.001350, 0.001346, 0.001292, 0.001176, 0.001396, 0.001211, 0.001225, 0.001190, 0.001347, 0.001136, 0.001206, 0.001149, 0.001215, 0.000975, 0.001196, 0.001071, 0.001207, 0.001152, 0.001153, 0.001053, 0.001207, 0.001196, 0.001327, 0.001202, 0.001170, 0.001157, 0.001303, 0.001108, 0.001222, 0.001393, 0.001352, 0.001324, 0.001414, 0.001375, 0.001183, 0.001340, 0.001302, 0.001430, 0.001183, 0.001399, 0.001180, 0.001336, 0.001241, 0.001428, 0.001392, 0.001485, 0.001355, 0.001362, 0.001245, 0.001370, 0.001219, 0.001499
8 , 2, 2, 2, 2, 2, 0, 0
8 , 0.005947, 0.005286, 0.003963, 0.004279, 0.003424, 0.002680, 0.002554
9 , 0.001225, 0.001190, 0.001347, 0.001136, 0.001206, 0.001149, 0.001215, 0.000975, 0.001196, 0.001071, 0.001207, 0.001152, 0.001153, 0.001053, 0.001207, 0.001196, 0.001327, 0.001202, 0.001170, 0.001157, 0.001303, 0.001108, 0.001222, 0.001393, 0.001352, 0.001324, 0.001414, 0.001375, 0.001183, 0.001340, 0.001302, 0.001430, 0.001183, 0.001399, 0.001180, 0.001336, 0.001241, 0.001428, 0.001392, 0.001485, 0.001355, 0.001362, 0.001245, 0.001370, 0.001219, 0.001499, 0.001227, 0.001266, 0.001193, 0.001300, 0.001243, 0.001239, 0.001333, 0.001246, 0.001333, 0.001333, 0.001268, 0.001275, 0.001306, 0.001213, 0.001280, 0.001336, 0.001365, 0.001280, 0.001248, 0.001214, 0.001339, 0.001153, 0.001368, 0.001175, 0.001336, 0.001204, 0.001378, 0.001306, 0.001553, 0.001388, 0.001509, 0.001379, 0.001385, 0.001354, 0.001356, 0.001417, 0.001535, 0.001385, 0.001390, 0.001330, 0.001360, 0.001430, 0.001311, 0.001375, 0.001253, 0.001412
9 , 0, 0, 0, 0, 0, 0, 0
9 , 0.004858, 0.004796, 0.005489, 0.005676, 0.005888, 0.005300, 0.005067
10 , 0.001243, 0.001239, 0.001333, 0.001246, 0.001333, 0.001333, 0.001268, 0.001275, 0.001306, 0.001213, 0.001280, 0.001336, 0.001365, 0.001280, 0.001248, 0.001214, 0.001339, 0.001153, 0.001368, 0.001175, 0.001336, 0.001204, 0.001378, 0.001306, 0.001553, 0.001388, 0.001509, 0.001379, 0.001385, 0.001354, 0.001356, 0.001417, 0.001535, 0.001385, 0.001390, 0.001330, 0.001360, 0.001430, 0.001311, 0.001375, 0.001253, 0.001412, 0.001306, 0.001376, 0.001136, 0.001239, 0.001146, 0.001235, 0.001258, 0.001264, 0.001171, 0.001415, 0.001216, 0.001364, 0.001327, 0.001419, 0.001292, 0.001318, 0.001285, 0.001163, 0.001305, 0.001453, 0.001356, 0.001419, 0.001449, 0.001383, 0.001286, 0.001342, 0.001354, 0.001290, 0.001415, 0.001348, 0.001385, 0.001327, 0.001451, 0.001352, 0.001390, 0.001204, 0.001423, 0.001294, 0.001424, 0.001302, 0.001372, 0.001250, 0.001343, 0.001340, 0.001376, 0.001224, 0.001216, 0.001132, 0.001136, 0.001147
10 , 0, 0, 0, 3, 3, 3, 3
10 , 0.002910, 0.002523, 0.002077, 0.002398, 0.002405, 0.002685, 0.002503
11 , 0.001146, 0.001235, 0.001258, 0.001264, 0.001171, 0.001415, 0.001216, 0.001364, 0.001327, 0.001419, 0.001292, 0.001318, 0.001285, 0.001163, 0.001305, 0.001453, 0.001356, 0.001419, 0.001449, 0.001383, 0.001286, 0.001342, 0.001354, 0.001290, 0.001415, 0.001348, 0.001385, 0.001327, 0.001451, 0.001352, 0.001390, 0.001204, 0.001423, 0.001294, 0.001424, 0.001302, 0.001372, 0.001250, 0.001343, 0.001340, 0.001376, 0.001224, 0.001216, 0.001132, 0.001136, 0.001147, 0.001178, 0.001117, 0.001063, 0.001308, 0.001212, 0.001206, 0.001113, 0.001296, 0.001200, 0.001261, 0.001218, 0.001333, 0.001208, 0.001391, 0.001356, 0.001449, 0.001280, 0.001378, 0.001189, 0.001282, 0.001214, 0.001434, 0.001315, 0.001321, 0.001292, 0.001393, 0.001274, 0.001250, 0.001280, 0.001288, 0.001291, 0.001227, 0.001357, 0.001165, 0.001224, 0.001222, 0.001343, 0.001400, 0.001400, 0.001393, 0.001396, 0.001355, 0.001449, 0.001289, 0.001469, 0.001399
11 , 0, 0, 0, 2, 2, 2, 2
11 , 0.002284, 0.001825, 0.001510, 0.001449, 0.001776, 0.001907, 0.002376
12 , 0.001113, 0.001296, 0.001200, 0.001261, 0.001218, 0.001333, 0.001208, 0.001391, 0.001356, 0.001449, 0.001280, 0.001378, 0.001189, 0.001282, 0.001214, 0.001434, 0.001315, 0.001321, 0.001292, 0.001393, 0.001274, 0.001250, 0.001280, 0.001288, 0.001291, 0.001227, 0.001357, 0.001165, 0.001224, 0.001222, 0.001343, 0.001400, 0.001400, 0.001393, 0.001396, 0.001355, 0.001449, 0.001289, 0.001469, 0.001399, 0.001550, 0.001334, 0.001397, 0.001481, 0.001417, 0.001385, 0.001442, 0.001351, 0.001506, 0.001477, 0.001390, 0.001476, 0.001374, 0.001533, 0.001445, 0.001539, 0.001359, 0.001473, 0.001293, 0.001390, 0.001319, 0.001539, 0.001203, 0.001391, 0.001322, 0.001412, 0.001295, 0.001423, 0.001140, 0.001301, 0.001214, 0.001254, 0.001187, 0.001160, 0.001317, 0.001315, 0.001288, 0.001283, 0.001314, 0.001308, 0.001373, 0.001340, 0.001338, 0.001302, 0.001421, 0.001330, 0.001514, 0.001352, 0.001478, 0.001315, 0.001497, 0.001435
12 , 3, 3, 3, 3, 3, 3, 0
12 , 0.003519, 0.003007, 0.002776, 0.002476, 0.001980, 0.001648, 0.002273
13 , 0.001442, 0.001351, 0.001506, 0.001477, 0.001390, 0.001476, 0.001374, 0.001533, 0.001445, 0.001539, 0.001359, 0.001473, 0.001293, 0.001390, 0.001319, 0.001539, 0.001203, 0.001391, 0.001322, 0.001412, 0.001295, 0.001423, 0.001140, 0.001301, 0.001214, 0.001254, 0.001187, 0.001160, 0.001317, 0.001315, 0.001288, 0.001283, 0.001314, 0.001308, 0.001373, 0.001340, 0.001338, 0.001302, 0.001421, 0.001330, 0.001514, 0.001352, 0.001478, 0.001315, 0.001497, 0.001435, 0.001558, 0.001427, 0.001464, 0.001497, 0.001501, 0.001401, 0.001469, 0.001381, 0.001316, 0.001320, 0.001502, 0.001411, 0.001359, 0.001301, 0.001304, 0.001427, 0.001314, 0.001318, 0.001273, 0.001437, 0.001279, 0.001382, 0.001294, 0.001447, 0.001330, 0.001371, 0.001274, 0.001368, 0.001271, 0.001338, 0.001185, 0.001303, 0.001201, 0.001292, 0.001256, 0.001309, 0.001367, 0.001392, 0.001415, 0.001440, 0.001462, 0.001492, 0.001433, 0.001344, 0.001478, 0.001315
13 , 1, 1, 1, 1, 1, 1, 1
13 , 0.003460, 0.003052, 0.002773, 0.002462, 0.001780, 0.001339, 0.000564
14 , 0.001558, 0.001427, 0.001464, 0.001497, 0.001501, 0.001401, 0.001469, 0.001381, 0.001316, 0.001320, 0.001502, 0.001411, 0.001359, 0.001301, 0.001304, 0.001427, 0.001314, 0.001318, 0.001273, 0.001437, 0.001279, 0.001382, 0.001294, 0.001447, 0.001330, 0.001371, 0.001274, 0.001368, 0.001271, 0.001338, 0.001185, 0.001303, 0.001201, 0.001292, 0.001256, 0.001309, 0.001367, 0.001392, 0.001415, 0.001440, 0.001462, 0.001492, 0.001433, 0.001344, 0.001478, 0.001315, 0.001409, 0.001313, 0.001438, 0.001409, 0.001541, 0.001258, 0.001388, 0.001362, 0.001367, 0.001218, 0.001222, 0.001224, 0.001412, 0.001268, 0.001367, 0.001364, 0.001312, 0.001258, 0.001230, 0.001330, 0.001213, 0.001254, 0.001157, 0.001105, 0.001170, 0.001171, 0.001076, 0.001302, 0.001204, 0.001238, 0.001136, 0.001143, 0.000976, 0.001190, 0.001146, 0.001328, 0.001254, 0.001378, 0.001218, 0.001211, 0.001236, 0.001295, 0.001286, 0.001437, 0.001398, 0.001394
14 , 1, 1, 1, 1, 1, 1, 1
14 , 0.003839, 0.003319, 0.002561, 0.002018, 0.001401, 0.000796, 0.000399
15 , 0.001409, 0.001313, 0.001438, 0.001409, 0.001541, 0.001258, 0.001388, 0.001362, 0.001367, 0.001218, 0.001222, 0.001224, 0.001412, 0.001268, 0.001367, 0.001364, 0.001312, 0.001258, 0.001230, 0.001330, 0.001213, 0.001254, 0.001157, 0.001105, 0.001170, 0.001171, 0.001076, 0.001302, 0.001204, 0.001238, 0.001136, 0.001143, 0.000976, 0.001190, 0.001146, 0.001328, 0.001254, 0.001378, 0.001218, 0.001211, 0.001236, 0.001295, 0.001286, 0.001437, 0.001398, 0.001394, 0.001363, 0.001350, 0.001379, 0.001257, 0.001440, 0.001342, 0.001441, 0.001351, 0.001413, 0.001259, 0.001358, 0.001352, 0.001391, 0.001151, 0.001367, 0.001241, 0.001311, 0.001280, 0.001441, 0.001198, 0.001204, 0.001236, 0.001268, 0.001117, 0.001242, 0.001208, 0.001213, 0.001236, 0.001300, 0.001336, 0.001301, 0.001307, 0.001117, 0.001245, 0.001094, 0.001192, 0.001192, 0.001169, 0.001128, 0.001365, 0.001199, 0.001291, 0.001126, 0.001283, 0.001306, 0.001451
15 , 1, 1, 1, 1, 1, 1, 1
15 , 0.005317, 0.005089, 0.004176, 0.003676, 0.003071, 0.002136, 0.001590
16 , 0.001363, 0.001350, 0.001379, 0.001257, 0.001440, 0.001342, 0.001441, 0.001351, 0.001413, 0.001259, 0.001358, 0.001352, 0.001391, 0.001151, 0.001367, 0.001241, 0.001311, 0.001280, 0.001441, 0.001198, 0.001204, 0.001236, 0.001268, 0.001117, 0.001242, 0.001208, 0.001213, 0.001236, 0.001300, 0.001336, 0.001301, 0.001307, 0.001117, 0.001245, 0.001094, 0.001192, 0.001192, 0.001169, 0.001128, 0.001365, 0.001199, 0.001291, 0.001126, 0.001283, 0.001306, 0.001451, 0.001228, 0.001501, 0.001404, 0.001499, 0.001372, 0.001433, 0.001460, 0.001484, 0.001576, 0.001460, 0.001460, 0.001394, 0.001520, 0.001400, 0.001494, 0.001307, 0.001462, 0.001488, 0.001588, 0.001488, 0.001531, 0.001350, 0.001535, 0.001301, 0.001407, 0.001254, 0.001361, 0.001185, 0.001283, 0.001225, 0.001317, 0.001227, 0.001298, 0.001198, 0.001232, 0.001261, 0.001139, 0.001235, 0.001110, 0.001293, 0.001285, 0.001193, 0.001195, 0.001349, 0.001307, 0.001343
16 , 1, 1, 1, 1, 1, 1, 1
16 , 0.007273, 0.007340, 0.006742, 0.006835, 0.006333, 0.005736, 0.004974
