0 , 0.001474, 0.001738, 0.001746, 0.001785, 0.001806, 0.002022, 0.002078, 0.002031, 0.002009, 0.001862, 0.002177, 0.002155, 0.002194, 0.001939, 0.002173, 0.002181, 0.002103, 0.002087, 0.002026, 0.002112, 0.002061, 0.002100, 0.002080, 0.000639, 0.001254, 0.001175, 0.001256, 0.001146, 0.001165, 0.001250, 0.001207, 0.001112, 0.001141, 0.001076, 0.001288, 0.001198, 0.001168, 0.001141, 0.001235, 0.001168, 0.001296, 0.001029, 0.001156, 0.001128, 0.001321, 0.001069, 0.001038, 0.000800, 0.001561, 0.001621, 0.001781, 0.001694, 0.001919, 0.001617, 0.001793, 0.001720, 0.001832, 0.001802, 0.001879, 0.001901, 0.001831, 0.001749, 0.001702, 0.001834, 0.001765, 0.002007, 0.001805, 0.001822, 0.001969, 0.001792, 0.001881, 0.001179, 0.000896, 0.001433, 0.001375, 0.001350, 0.001093, 0.001169, 0.000982, 0.001020, 0.000950, 0.001075, 0.000974, 0.001125, 0.001108, 0.001226, 0.001063, 0.001190, 0.001034, 0.001192, 0.001147, 0.001164
0 , 1, 1, 1, 1, 1, 1, 1
0 , 0.021984, 0.025144, 0.029115, 0.032453, 0.034944, 0.031990, 0.031217
1 , 0.001781, 0.001694, 0.001919, 0.001617, 0.001793, 0.001720, 0.001832, 0.001802, 0.001879, 0.001901, 0.001831, 0.001749, 0.001702, 0.001834, 0.001765, 0.002007, 0.001805, 0.001822, 0.001969, 0.001792, 0.001881, 0.001179, 0.000896, 0.001433, 0.001375, 0.001350, 0.001093, 0.001169, 0.000982, 0.001020, 0.000950, 0.001075, 0.000974, 0.001125, 0.001108, 0.001226, 0.001063, 0.001190, 0.001034, 0.001192, 0.001147, 0.001164, 0.000952, 0.001165, 0.001160, 0.001112, 0.001239, 0.000106, 0.001673, 0.001541, 0.001814, 0.001632, 0.001808, 0.001588, 0.001776, 0.001800, 0.001748, 0.001653, 0.001649, 0.001824, 0.001649, 0.001816, 0.001663, 0.001905, 0.001875, 0.001810, 0.001798, 0.001889, 0.001851, 0.001810, 0.001671, 0.001578, 0.000297, 0.001562, 0.001419, 0.001464, 0.001180, 0.001424, 0.001268, 0.001396, 0.001236, 0.001427, 0.001210, 0.001345, 0.001186, 0.001193, 0.001074, 0.001232, 0.001080, 0.001402, 0.001146, 0.001310
1 , 1, 1, 1, 1, 1, 1, 1
1 , 0.019495, 0.022258, 0.024709, 0.024998, 0.026894, 0.024201, 0.023855
2 , 0.001814, 0.001632, 0.001808, 0.001588, 0.001776, 0.001800, 0.001748, 0.001653, 0.001649, 0.001824, 0.001649, 0.001816, 0.001663, 0.001905, 0.001875, 0.001810, 0.001798, 0.001889, 0.001851, 0.001810, 0.001671, 0.001578, 0.000297, 0.001562, 0.001419, 0.001464, 0.001180, 0.001424, 0.001268, 0.001396, 0.001236, 0.001427, 0.001210, 0.001345, 0.001186, 0.001193, 0.001074, 0.001232, 0.001080, 0.001402, 0.001146, 0.001310, 0.001060, 0.001114, 0.001218, 0.000703, 0.001456, 0.001459, 0.001501, 0.001504, 0.001453, 0.001568, 0.001474, 0.001774, 0.001724, 0.001706, 0.001508, 0.001737, 0.001556, 0.001616, 0.001620, 0.001568, 0.001678, 0.001602, 0.001561, 0.001493, 0.001761, 0.001568, 0.001687, 0.001594, 0.001617, 0.002087, 0.000323, 0.001687, 0.001501, 0.001474, 0.001174, 0.001237, 0.001210, 0.001217, 0.001092, 0.001124, 0.001156, 0.001164, 0.001070, 0.001260, 0.001139, 0.001106, 0.001171, 0.001069, 0.001282, 0.001217
2 , 1, 1, 1, 1, 1, 1, 1
2 , 0.014505, 0.017888, 0.020056, 0.020774, 0.019578, 0.017543, 0.017648
3 , 0.001504, 0.001453, 0.001568, 0.001474, 0.001774, 0.001724, 0.001706, 0.001508, 0.001737, 0.001556, 0.001616, 0.001620, 0.001568, 0.001678, 0.001602, 0.001561, 0.001493, 0.001761, 0.001568, 0.001687, 0.001594, 0.001617, 0.002087, 0.000323, 0.001687, 0.001501, 0.001474, 0.001174, 0.001237, 0.001210, 0.001217, 0.001092, 0.001124, 0.001156, 0.001164, 0.001070, 0.001260, 0.001139, 0.001106, 0.001171, 0.001069, 0.001282, 0.001217, 0.001232, 0.001171, 0.001291, 0.001218, 0.001342, 0.001097, 0.000648, 0.001437, 0.001469, 0.001536, 0.001374, 0.001663, 0.001470, 0.001595, 0.001357, 0.001663, 0.001633, 0.001516, 0.001750, 0.001542, 0.001758, 0.001564, 0.001583, 0.001574, 0.001741, 0.001687, 0.001538, 0.001627, 0.001496, 0.001945, 0.001281, 0.001371, 0.001563, 0.001420, 0.001241, 0.001153, 0.001093, 0.001140, 0.001075, 0.001179, 0.001015, 0.001268, 0.001072, 0.001220, 0.001020, 0.001230, 0.001189, 0.001343, 0.001020
3 , 1, 1, 1, 1, 1, 1, 1
3 , 0.010358, 0.012121, 0.013001, 0.014529, 0.016246, 0.015973, 0.017806
4 , 0.001536, 0.001374, 0.001663, 0.001470, 0.001595, 0.001357, 0.001663, 0.001633, 0.001516, 0.001750, 0.001542, 0.001758, 0.001564, 0.001583, 0.001574, 0.001741, 0.001687, 0.001538, 0.001627, 0.001496, 0.001945, 0.001281, 0.001371, 0.001563, 0.001420, 0.001241, 0.001153, 0.001093, 0.001140, 0.001075, 0.001179, 0.001015, 0.001268, 0.001072, 0.001220, 0.001020, 0.001230, 0.001189, 0.001343, 0.001020, 0.001261, 0.001163, 0.001239, 0.001227, 0.001469, 0.000115, 0.001387, 0.001537, 0.001494, 0.001364, 0.001497, 0.001527, 0.001372, 0.001554, 0.001588, 0.001823, 0.001630, 0.001565, 0.001444, 0.001599, 0.001618, 0.001652, 0.001697, 0.001447, 0.001750, 0.001508, 0.001685, 0.001603, 0.001673, 0.001851, 0.000609, 0.001698, 0.001308, 0.001291, 0.001132, 0.001155, 0.001137, 0.001173, 0.001180, 0.001152, 0.000995, 0.001121, 0.001220, 0.001153, 0.001129, 0.001068, 0.001273, 0.001094, 0.001165, 0.000908, 0.001129, 0.001028
4 , 1, 1, 1, 1, 1, 1, 1
4 , 0.012853, 0.014698, 0.019496, 0.018004, 0.018414, 0.018845, 0.018568
5 , 0.001494, 0.001364, 0.001497, 0.001527, 0.001372, 0.001554, 0.001588, 0.001823, 0.001630, 0.001565, 0.001444, 0.001599, 0.001618, 0.001652, 0.001697, 0.001447, 0.001750, 0.001508, 0.001685, 0.001603, 0.001673, 0.001851, 0.000609, 0.001698, 0.001308, 0.001291, 0.001132, 0.001155, 0.001137, 0.001173, 0.001180, 0.001152, 0.000995, 0.001121, 0.001220, 0.001153, 0.001129, 0.001068, 0.001273, 0.001094, 0.001165, 0.000908, 0.001129, 0.001028, 0.001115, 0.000950, 0.001309, 0.000541, 0.001267, 0.001646, 0.001577, 0.001640, 0.001455, 0.001716, 0.001651, 0.001824, 0.001796, 0.001797, 0.001900, 0.001814, 0.001875, 0.001724, 0.002103, 0.001861, 0.001892, 0.001797, 0.001779, 0.001776, 0.001595, 0.001677, 0.001516, 0.001866, 0.000342, 0.001636, 0.001693, 0.001741, 0.001725, 0.001813, 0.001590, 0.001832, 0.001639, 0.001820, 0.001543, 0.001666, 0.001667, 0.001731, 0.001527, 0.001632, 0.001572, 0.001610, 0.001549, 0.001602
5 , 1, 1, 1, 1, 1, 1, 1
5 , 0.007592, 0.010032, 0.011897, 0.012875, 0.013917, 0.012656, 0.012418
6 , 0.001577, 0.001640, 0.001455, 0.001716, 0.001651, 0.001824, 0.001796, 0.001797, 0.001900, 0.001814, 0.001875, 0.001724, 0.002103, 0.001861, 0.001892, 0.001797, 0.001779, 0.001776, 0.001595, 0.001677, 0.001516, 0.001866, 0.000342, 0.001636, 0.001693, 0.001741, 0.001725, 0.001813, 0.001590, 0.001832, 0.001639, 0.001820, 0.001543, 0.001666, 0.001667, 0.001731, 0.001527, 0.001632, 0.001572, 0.001610, 0.001549, 0.001602, 0.001331, 0.001442, 0.001337, 0.001176, 0.000932, 0.001568, 0.001647, 0.001714, 0.001731, 0.001577, 0.001862, 0.001897, 0.001909, 0.001789, 0.001845, 0.001966, 0.001832, 0.001914, 0.001884, 0.001979, 0.001824, 0.001832, 0.001724, 0.001746, 0.001831, 0.001827, 0.001743, 0.001849, 0.001656, 0.000929, 0.001447, 0.001305, 0.001223, 0.001087, 0.001230, 0.001139, 0.001239, 0.001234, 0.001151, 0.001244, 0.001219, 0.001108, 0.001156, 0.001210, 0.001142, 0.001201, 0.001195, 0.001190, 0.001257, 0.001322
6 , 1, 1, 1, 1, 1, 1, 1
6 , 0.011902, 0.014337, 0.016190, 0.018402, 0.015182, 0.015159, 0.015305
7 , 0.001714, 0.001731, 0.001577, 0.001862, 0.001897, 0.001909, 0.001789, 0.001845, 0.001966, 0.001832, 0.001914, 0.001884, 0.001979, 0.001824, 0.001832, 0.001724, 0.001746, 0.001831, 0.001827, 0.001743, 0.001849, 0.001656, 0.000929, 0.001447, 0.001305, 0.001223, 0.001087, 0.001230, 0.001139, 0.001239, 0.001234, 0.001151, 0.001244, 0.001219, 0.001108, 0.001156, 0.001210, 0.001142, 0.001201, 0.001195, 0.001190, 0.001257, 0.001322, 0.001049, 0.001254, 0.000966, 0.001351, 0.000062, 0.001430, 0.001473, 0.001649, 0.001612, 0.001631, 0.001524, 0.001877, 0.001804, 0.001804, 0.001595, 0.001899, 0.001843, 0.001873, 0.001772, 0.001580, 0.001721, 0.001679, 0.001709, 0.001414, 0.001626, 0.001508, 0.001625, 0.001417, 0.001590, 0.000397, 0.001847, 0.001675, 0.001799, 0.001691, 0.001844, 0.001624, 0.001781, 0.001571, 0.001705, 0.001530, 0.001517, 0.001411, 0.001468, 0.001118, 0.001297, 0.001095, 0.001173, 0.001056, 0.001140
7 , 1, 1, 1, 1, 1, 1, 1
7 , 0.012942, 0.014833, 0.017224, 0.017880, 0.020030, 0.017900, 0.018643
8 , 0.001649, 0.001612, 0.001631, 0.001524, 0.001877, 0.001804, 0.001804, 0.001595, 0.001899, 0.001843, 0.001873, 0.001772, 0.001580, 0.001721, 0.001679, 0.001709, 0.001414, 0.001626, 0.001508, 0.001625, 0.001417, 0.001590, 0.000397, 0.001847, 0.001675, 0.001799, 0.001691, 0.001844, 0.001624, 0.001781, 0.001571, 0.001705, 0.001530, 0.001517, 0.001411, 0.001468, 0.001118, 0.001297, 0.001095, 0.001173, 0.001056, 0.001140, 0.001049, 0.001228, 0.001038, 0.000605, 0.001479, 0.001586, 0.001923, 0.001888, 0.001940, 0.001932, 0.002109, 0.002061, 0.001738, 0.001971, 0.001785, 0.002040, 0.002010, 0.002066, 0.001971, 0.001979, 0.002066, 0.001971, 0.002018, 0.001880, 0.001956, 0.001890, 0.001810, 0.002061, 0.000635, 0.001249, 0.001477, 0.001425, 0.001387, 0.001287, 0.001310, 0.001368, 0.001321, 0.001346, 0.001345, 0.001332, 0.001302, 0.001387, 0.001293, 0.001355, 0.001416, 0.001484, 0.001364, 0.001393, 0.001244, 0.001490
8 , 1, 1, 1, 1, 1, 1, 1
8 , 0.014381, 0.017720, 0.020795, 0.019324, 0.016486, 0.016306, 0.015824
9 , 0.001923, 0.001888, 0.001940, 0.001932, 0.002109, 0.002061, 0.001738, 0.001971, 0.001785, 0.002040, 0.002010, 0.002066, 0.001971, 0.001979, 0.002066, 0.001971, 0.002018, 0.001880, 0.001956, 0.001890, 0.001810, 0.002061, 0.000635, 0.001249, 0.001477, 0.001425, 0.001387, 0.001287, 0.001310, 0.001368, 0.001321, 0.001346, 0.001345, 0.001332, 0.001302, 0.001387, 0.001293, 0.001355, 0.001416, 0.001484, 0.001364, 0.001393, 0.001244, 0.001490, 0.001309, 0.001370, 0.001275, 0.001362, 0.000504, 0.001469, 0.001323, 0.001429, 0.001399, 0.001516, 0.001357, 0.001667, 0.001606, 0.001703, 0.001581, 0.001722, 0.001887, 0.001720, 0.001679, 0.001663, 0.001881, 0.001702, 0.001849, 0.001655, 0.001808, 0.001645, 0.001643, 0.001756, 0.001376, 0.000764, 0.001520, 0.001339, 0.001469, 0.001239, 0.001462, 0.001266, 0.001368, 0.001144, 0.001330, 0.001290, 0.001382, 0.001196, 0.001377, 0.001220, 0.001347, 0.001397, 0.001430, 0.001414
9 , 1, 1, 1, 1, 1, 1, 1
9 , 0.013683, 0.016461, 0.017723, 0.019580, 0.018204, 0.019266, 0.017689
10 , 0.001469, 0.001323, 0.001429, 0.001399, 0.001516, 0.001357, 0.001667, 0.001606, 0.001703, 0.001581, 0.001722, 0.001887, 0.001720, 0.001679, 0.001663, 0.001881, 0.001702, 0.001849, 0.001655, 0.001808, 0.001645, 0.001643, 0.001756, 0.001376, 0.000764, 0.001520, 0.001339, 0.001469, 0.001239, 0.001462, 0.001266, 0.001368, 0.001144, 0.001330, 0.001290, 0.001382, 0.001196, 0.001377, 0.001220, 0.001347, 0.001397, 0.001430, 0.001414, 0.001511, 0.001291, 0.001182, 0.001474, 0.000341, 0.001318, 0.001141, 0.001554, 0.001406, 0.001531, 0.001537, 0.001644, 0.001693, 0.001752, 0.001766, 0.001681, 0.001931, 0.001756, 0.001863, 0.001731, 0.001989, 0.001842, 0.001792, 0.001930, 0.001697, 0.001899, 0.001794, 0.001851, 0.001770, 0.001835, 0.001979, 0.000375, 0.001655, 0.001464, 0.001496, 0.001391, 0.001295, 0.001348, 0.001377, 0.001413, 0.001348, 0.001532, 0.001522, 0.001497, 0.001287, 0.001410, 0.001321, 0.001475, 0.001253
10 , 1, 1, 1, 1, 1, 1, 1
10 , 0.005560, 0.007796, 0.009473, 0.011753, 0.015191, 0.016230, 0.016570
11 , 0.001531, 0.001537, 0.001644, 0.001693, 0.001752, 0.001766, 0.001681, 0.001931, 0.001756, 0.001863, 0.001731, 0.001989, 0.001842, 0.001792, 0.001930, 0.001697, 0.001899, 0.001794, 0.001851, 0.001770, 0.001835, 0.001979, 0.000375, 0.001655, 0.001464, 0.001496, 0.001391, 0.001295, 0.001348, 0.001377, 0.001413, 0.001348, 0.001532, 0.001522, 0.001497, 0.001287, 0.001410, 0.001321, 0.001475, 0.001253, 0.001462, 0.001425, 0.001435, 0.001309, 0.001496, 0.001429, 0.001523, 0.001334, 0.001485, 0.001395, 0.001458, 0.001396, 0.001468, 0.001464, 0.001490, 0.001317, 0.001356, 0.001266, 0.001330, 0.001392, 0.001184, 0.001188, 0.001281, 0.001315, 0.001254, 0.001313, 0.001245, 0.001339, 0.001369, 0.001560, 0.001342, 0.001315, 0.001197, 0.001417, 0.001109, 0.001452, 0.001237, 0.001337, 0.001183, 0.001278, 0.001097, 0.001227, 0.001071, 0.001237, 0.001112, 0.001271, 0.001176, 0.001219, 0.001162, 0.001203, 0.001053, 0.001153
11 , 1, 1, 1, 1, 1, 1, 1
11 , 0.008456, 0.009399, 0.010725, 0.011761, 0.009758, 0.009857, 0.010113
12 , 0.001395, 0.001458, 0.001396, 0.001468, 0.001464, 0.001490, 0.001317, 0.001356, 0.001266, 0.001330, 0.001392, 0.001184, 0.001188, 0.001281, 0.001315, 0.001254, 0.001313, 0.001245, 0.001339, 0.001369, 0.001560, 0.001342, 0.001315, 0.001197, 0.001417, 0.001109, 0.001452, 0.001237, 0.001337, 0.001183, 0.001278, 0.001097, 0.001227, 0.001071, 0.001237, 0.001112, 0.001271, 0.001176, 0.001219, 0.001162, 0.001203, 0.001053, 0.001153, 0.001184, 0.001098, 0.001074, 0.001230, 0.001156, 0.000941, 0.001038, 0.000939, 0.001051, 0.001020, 0.001013, 0.000995, 0.001230, 0.001061, 0.001151, 0.001139, 0.001249, 0.001153, 0.001424, 0.001251, 0.001339, 0.001243, 0.001514, 0.001449, 0.001414, 0.001314, 0.001324, 0.001390, 0.001452, 0.001332, 0.001274, 0.001333, 0.001248, 0.001252, 0.001376, 0.001448, 0.001233, 0.001327, 0.001212, 0.001262, 0.001081, 0.001235, 0.001171, 0.001300, 0.001087, 0.001280, 0.001033, 0.001160, 0.001103
12 , 2, 2, 2, 2, 2, 1, 1
12 , 0.005096, 0.004716, 0.005014, 0.004536, 0.004007, 0.003476, 0.004211
13 , 0.001230, 0.001156, 0.000941, 0.001038, 0.000939, 0.001051, 0.001020, 0.001013, 0.000995, 0.001230, 0.001061, 0.001151, 0.001139, 0.001249, 0.001153, 0.001424, 0.001251, 0.001339, 0.001243, 0.001514, 0.001449, 0.001414, 0.001314, 0.001324, 0.001390, 0.001452, 0.001332, 0.001274, 0.001333, 0.001248, 0.001252, 0.001376, 0.001448, 0.001233, 0.001327, 0.001212, 0.001262, 0.001081, 0.001235, 0.001171, 0.001300, 0.001087, 0.001280, 0.001033, 0.001160, 0.001103, 0.001140, 0.001160, 0.001173, 0.001083, 0.001268, 0.001104, 0.001319, 0.001095, 0.001239, 0.001114, 0.001146, 0.001201, 0.001286, 0.001284, 0.001329, 0.001337, 0.001156, 0.001190, 0.001307, 0.001300, 0.001112, 0.001207, 0.001144, 0.001368, 0.001236, 0.001205, 0.001165, 0.001351, 0.001199, 0.001411, 0.001315, 0.001388, 0.001202, 0.001390, 0.001229, 0.001356, 0.001237, 0.001329, 0.001294, 0.001327, 0.001327, 0.001178, 0.001210, 0.001266, 0.001303, 0.001156
13 , 0, 0, 0, 0, 0, 0, 0
13 , 0.005411, 0.004864, 0.003837, 0.003047, 0.002813, 0.002466, 0.001444
14 , 0.001140, 0.001160, 0.001173, 0.001083, 0.001268, 0.001104, 0.001319, 0.001095, 0.001239, 0.001114, 0.001146, 0.001201, 0.001286, 0.001284, 0.001329, 0.001337, 0.001156, 0.001190, 0.001307, 0.001300, 0.001112, 0.001207, 0.001144, 0.001368, 0.001236, 0.001205, 0.001165, 0.001351, 0.001199, 0.001411, 0.001315, 0.001388, 0.001202, 0.001390, 0.001229, 0.001356, 0.001237, 0.001329, 0.001294, 0.001327, 0.001327, 0.001178, 0.001210, 0.001266, 0.001303, 0.001156, 0.001256, 0.001130, 0.001352, 0.001176, 0.001246, 0.001126, 0.001235, 0.000984, 0.001079, 0.001043, 0.001173, 0.001020, 0.001089, 0.001140, 0.001239, 0.001055, 0.001201, 0.001253, 0.001187, 0.001081, 0.001171, 0.001163, 0.001337, 0.001308, 0.001385, 0.001414, 0.001201, 0.001446, 0.001258, 0.001319, 0.001286, 0.001286, 0.001219, 0.001403, 0.001300, 0.001420, 0.001231, 0.001433, 0.001219, 0.001492, 0.001387, 0.001445, 0.001534, 0.001566, 0.001321, 0.001380
14 , 0, 0, 0, 0, 0, 0, 0
14 , 0.005984, 0.005915, 0.005866, 0.005677, 0.005395, 0.005646, 0.005335
15 , 0.001256, 0.001130, 0.001352, 0.001176, 0.001246, 0.001126, 0.001235, 0.000984, 0.001079, 0.001043, 0.001173, 0.001020, 0.001089, 0.001140, 0.001239, 0.001055, 0.001201, 0.001253, 0.001187, 0.001081, 0.001171, 0.001163, 0.001337, 0.001308, 0.001385, 0.001414, 0.001201, 0.001446, 0.001258, 0.001319, 0.001286, 0.001286, 0.001219, 0.001403, 0.001300, 0.001420, 0.001231, 0.001433, 0.001219, 0.001492, 0.001387, 0.001445, 0.001534, 0.001566, 0.001321, 0.001380, 0.001434, 0.001523, 0.001528, 0.001495, 0.001464, 0.001501, 0.001509, 0.001454, 0.001461, 0.001436, 0.001411, 0.001391, 0.001427, 0.001243, 0.001377, 0.001167, 0.001420, 0.001258, 0.001353, 0.001271, 0.001403, 0.001161, 0.001256, 0.001168, 0.001257, 0.001242, 0.001400, 0.001307, 0.001261, 0.001288, 0.001342, 0.001222, 0.001198, 0.001249, 0.001213, 0.001294, 0.001226, 0.001319, 0.001366, 0.001482, 0.001323, 0.001356, 0.001291, 0.001350, 0.001291, 0.001332
15 , 3, 3, 3, 3, 3, 3, 3
15 , 0.006125, 0.006389, 0.006395, 0.006409, 0.006181, 0.006103, 0.006060
16 , 0.001495, 0.001464, 0.001501, 0.001509, 0.001454, 0.001461, 0.001436, 0.001411, 0.001391, 0.001427, 0.001243, 0.001377, 0.001167, 0.001420, 0.001258, 0.001353, 0.001271, 0.001403, 0.001161, 0.001256, 0.001168, 0.001257, 0.001242, 0.001400, 0.001307, 0.001261, 0.001288, 0.001342, 0.001222, 0.001198, 0.001249, 0.001213, 0.001294, 0.001226, 0.001319, 0.001366, 0.001482, 0.001323, 0.001356, 0.001291, 0.001350, 0.001291, 0.001332, 0.001294, 0.001391, 0.001239, 0.001371, 0.001332, 0.001487, 0.001342, 0.001322, 0.001263, 0.001205, 0.001273, 0.001283, 0.001223, 0.001257, 0.001242, 0.001241, 0.001302, 0.001198, 0.001376, 0.001259, 0.001264, 0.001166, 0.001352, 0.001212, 0.001339, 0.001212, 0.001419, 0.001315, 0.001491, 0.001363, 0.001575, 0.001388, 0.001514, 0.001453, 0.001394, 0.001416, 0.001475, 0.001475, 0.001440, 0.001297, 0.001305, 0.001312, 0.001307, 0.001337, 0.001316, 0.001441, 0.001254, 0.001351, 0.001294
16 , 2, 2, 2, 2, 2, 2, 2
16 , 0.004704, 0.004611, 0.003938, 0.003589, 0.003021, 0.002868, 0.002256
