0 , 0.001419, 0.001222, 0.001404, 0.001246, 0.001487, 0.001268, 0.001420, 0.001318, 0.001562, 0.001403, 0.001436, 0.001345, 0.001383, 0.001357, 0.001553, 0.001296, 0.001323, 0.001353, 0.000526, 0.001373, 0.001326, 0.001594, 0.001591, 0.001617, 0.001450, 0.001587, 0.001750, 0.001651, 0.001621, 0.001545, 0.001833, 0.001703, 0.001778, 0.001649, 0.001827, 0.001815, 0.001795, 0.001873, 0.001867, 0.002018, 0.001816, 0.001963, 0.001877, 0.001920, 0.002292, 0.000073, 0.001580, 0.001077, 0.001134, 0.001206, 0.001225, 0.001121, 0.001171, 0.001162, 0.001181, 0.001425, 0.001235, 0.001290, 0.001250, 0.001279, 0.001245, 0.001338, 0.001268, 0.001362, 0.001268, 0.001483, 0.001285, 0.001373, 0.001259, 0.001583, 0.001078, 0.000692, 0.001250, 0.001372, 0.001417, 0.001326, 0.001557, 0.001542, 0.001459, 0.001371, 0.001629, 0.001636, 0.001695, 0.001712, 0.001773, 0.001863, 0.001839, 0.001930, 0.001688, 0.001851, 0.001674, 0.001815
0 , 0, 0, 0, 0, 0, 0, 0
0 , 0.014676, 0.017336, 0.014713, 0.015673, 0.016421, 0.015849, 0.016054
1 , 0.001077, 0.001134, 0.001206, 0.001225, 0.001121, 0.001171, 0.001162, 0.001181, 0.001425, 0.001235, 0.001290, 0.001250, 0.001279, 0.001245, 0.001338, 0.001268, 0.001362, 0.001268, 0.001483, 0.001285, 0.001373, 0.001259, 0.001583, 0.001078, 0.000692, 0.001250, 0.001372, 0.001417, 0.001326, 0.001557, 0.001542, 0.001459, 0.001371, 0.001629, 0.001636, 0.001695, 0.001712, 0.001773, 0.001863, 0.001839, 0.001930, 0.001688, 0.001851, 0.001674, 0.001815, 0.001742, 0.001672, 0.002033, 0.000743, 0.001712, 0.001533, 0.001503, 0.001266, 0.001295, 0.001169, 0.001325, 0.001100, 0.001224, 0.001182, 0.001390, 0.001323, 0.001390, 0.001391, 0.001359, 0.001329, 0.001340, 0.001214, 0.001274, 0.001341, 0.001370, 0.001197, 0.001248, 0.000343, 0.001532, 0.001532, 0.001623, 0.001537, 0.001730, 0.001722, 0.001783, 0.001571, 0.001553, 0.001815, 0.001841, 0.001847, 0.001589, 0.001861, 0.001917, 0.001935, 0.001699, 0.001832, 0.001927
1 , 0, 0, 0, 0, 0, 0, 0
1 , 0.009752, 0.012121, 0.012024, 0.013963, 0.015260, 0.016785, 0.018557
2 , 0.001266, 0.001295, 0.001169, 0.001325, 0.001100, 0.001224, 0.001182, 0.001390, 0.001323, 0.001390, 0.001391, 0.001359, 0.001329, 0.001340, 0.001214, 0.001274, 0.001341, 0.001370, 0.001197, 0.001248, 0.000343, 0.001532, 0.001532, 0.001623, 0.001537, 0.001730, 0.001722, 0.001783, 0.001571, 0.001553, 0.001815, 0.001841, 0.001847, 0.001589, 0.001861, 0.001917, 0.001935, 0.001699, 0.001832, 0.001927, 0.001814, 0.001746, 0.001591, 0.001842, 0.001648, 0.001015, 0.001599, 0.001503, 0.001393, 0.001327, 0.001234, 0.001357, 0.001259, 0.001391, 0.001166, 0.001449, 0.001206, 0.001335, 0.001256, 0.001469, 0.001246, 0.001466, 0.001224, 0.001291, 0.001173, 0.001295, 0.001262, 0.001468, 0.001267, 0.001477, 0.000519, 0.001214, 0.001532, 0.001563, 0.001537, 0.001643, 0.001774, 0.001615, 0.001740, 0.001635, 0.001783, 0.001620, 0.001768, 0.001476, 0.001723, 0.001587, 0.001579, 0.001723, 0.001466, 0.001712, 0.001704, 0.001715
2 , 0, 0, 0, 0, 0, 0, 0
2 , 0.012412, 0.014101, 0.015729, 0.018045, 0.018435, 0.017724, 0.017323
3 , 0.001234, 0.001357, 0.001259, 0.001391, 0.001166, 0.001449, 0.001206, 0.001335, 0.001256, 0.001469, 0.001246, 0.001466, 0.001224, 0.001291, 0.001173, 0.001295, 0.001262, 0.001468, 0.001267, 0.001477, 0.000519, 0.001214, 0.001532, 0.001563, 0.001537, 0.001643, 0.001774, 0.001615, 0.001740, 0.001635, 0.001783, 0.001620, 0.001768, 0.001476, 0.001723, 0.001587, 0.001579, 0.001723, 0.001466, 0.001712, 0.001704, 0.001715, 0.001610, 0.001520, 0.001974, 0.000148, 0.001774, 0.001553, 0.001526, 0.001336, 0.001370, 0.001400, 0.001458, 0.001397, 0.001298, 0.001414, 0.001416, 0.001425, 0.001332, 0.001338, 0.001312, 0.001373, 0.001300, 0.001242, 0.001298, 0.001481, 0.001243, 0.001346, 0.001037, 0.000708, 0.001482, 0.001495, 0.001457, 0.001252, 0.001627, 0.001502, 0.001661, 0.001565, 0.001742, 0.001801, 0.001702, 0.001734, 0.001648, 0.001863, 0.001674, 0.001835, 0.001752, 0.001873, 0.001777, 0.001807, 0.001781, 0.001587
3 , 0, 0, 0, 0, 0, 0, 0
3 , 0.010629, 0.012859, 0.013875, 0.014946, 0.015199, 0.014585, 0.014333
4 , 0.001370, 0.001400, 0.001458, 0.001397, 0.001298, 0.001414, 0.001416, 0.001425, 0.001332, 0.001338, 0.001312, 0.001373, 0.001300, 0.001242, 0.001298, 0.001481, 0.001243, 0.001346, 0.001037, 0.000708, 0.001482, 0.001495, 0.001457, 0.001252, 0.001627, 0.001502, 0.001661, 0.001565, 0.001742, 0.001801, 0.001702, 0.001734, 0.001648, 0.001863, 0.001674, 0.001835, 0.001752, 0.001873, 0.001777, 0.001807, 0.001781, 0.001587, 0.001969, 0.001018, 0.001393, 0.001464, 0.001322, 0.001261, 0.001322, 0.001166, 0.001408, 0.001179, 0.001338, 0.001268, 0.001365, 0.001227, 0.001344, 0.001190, 0.001346, 0.001307, 0.001369, 0.001305, 0.001402, 0.001368, 0.001368, 0.001275, 0.001454, 0.001189, 0.001630, 0.000042, 0.001272, 0.001352, 0.001432, 0.001409, 0.001375, 0.001576, 0.001583, 0.001707, 0.001551, 0.001948, 0.001700, 0.001787, 0.001788, 0.001893, 0.002027, 0.001881, 0.002106, 0.001804, 0.002102, 0.001938, 0.001917, 0.001743
4 , 0, 0, 0, 0, 0, 0, 0
4 , 0.012751, 0.014352, 0.017673, 0.017862, 0.018115, 0.018934, 0.017202
5 , 0.001179, 0.001338, 0.001268, 0.001365, 0.001227, 0.001344, 0.001190, 0.001346, 0.001307, 0.001369, 0.001305, 0.001402, 0.001368, 0.001368, 0.001275, 0.001454, 0.001189, 0.001630, 0.000042, 0.001272, 0.001352, 0.001432, 0.001409, 0.001375, 0.001576, 0.001583, 0.001707, 0.001551, 0.001948, 0.001700, 0.001787, 0.001788, 0.001893, 0.002027, 0.001881, 0.002106, 0.001804, 0.002102, 0.001938, 0.001917, 0.001743, 0.001981, 0.002143, 0.000550, 0.001370, 0.001209, 0.001281, 0.001082, 0.001164, 0.001213, 0.001203, 0.001282, 0.001311, 0.001236, 0.001262, 0.001372, 0.001369, 0.001461, 0.001336, 0.001371, 0.001334, 0.001483, 0.001271, 0.001447, 0.001312, 0.001505, 0.000401, 0.001222, 0.001432, 0.001423, 0.001522, 0.001544, 0.001598, 0.001779, 0.001612, 0.001689, 0.001586, 0.001696, 0.001564, 0.001678, 0.001544, 0.001670, 0.001814, 0.001602, 0.001655, 0.001470, 0.001701, 0.001659, 0.001765, 0.001408, 0.001904, 0.000200
5 , 0, 0, 0, 0, 0, 0, 0
5 , 0.018213, 0.018276, 0.018212, 0.016474, 0.015700, 0.015084, 0.013761
6 , 0.001082, 0.001164, 0.001213, 0.001203, 0.001282, 0.001311, 0.001236, 0.001262, 0.001372, 0.001369, 0.001461, 0.001336, 0.001371, 0.001334, 0.001483, 0.001271, 0.001447, 0.001312, 0.001505, 0.000401, 0.001222, 0.001432, 0.001423, 0.001522, 0.001544, 0.001598, 0.001779, 0.001612, 0.001689, 0.001586, 0.001696, 0.001564, 0.001678, 0.001544, 0.001670, 0.001814, 0.001602, 0.001655, 0.001470, 0.001701, 0.001659, 0.001765, 0.001408, 0.001904, 0.000200, 0.001790, 0.001664, 0.001693, 0.001387, 0.001447, 0.001441, 0.001542, 0.001473, 0.001544, 0.001388, 0.001372, 0.001368, 0.001497, 0.001341, 0.001556, 0.001188, 0.001410, 0.001402, 0.001385, 0.001346, 0.001507, 0.001321, 0.001480, 0.001260, 0.001178, 0.000965, 0.001319, 0.001556, 0.001569, 0.001615, 0.001557, 0.001625, 0.001625, 0.001678, 0.001829, 0.001615, 0.001934, 0.001752, 0.001770, 0.001645, 0.001813, 0.001809, 0.001791, 0.001817, 0.001631, 0.001944, 0.001758
6 , 0, 0, 0, 0, 0, 0, 0
6 , 0.010046, 0.010124, 0.012058, 0.013631, 0.014297, 0.013701, 0.012869
7 , 0.001441, 0.001542, 0.001473, 0.001544, 0.001388, 0.001372, 0.001368, 0.001497, 0.001341, 0.001556, 0.001188, 0.001410, 0.001402, 0.001385, 0.001346, 0.001507, 0.001321, 0.001480, 0.001260, 0.001178, 0.000965, 0.001319, 0.001556, 0.001569, 0.001615, 0.001557, 0.001625, 0.001625, 0.001678, 0.001829, 0.001615, 0.001934, 0.001752, 0.001770, 0.001645, 0.001813, 0.001809, 0.001791, 0.001817, 0.001631, 0.001944, 0.001758, 0.001681, 0.001620, 0.001288, 0.001035, 0.001394, 0.001405, 0.001505, 0.001336, 0.001279, 0.001397, 0.001498, 0.001370, 0.001340, 0.001301, 0.001272, 0.001303, 0.001300, 0.001230, 0.001295, 0.001368, 0.001431, 0.001376, 0.001325, 0.001290, 0.001181, 0.001362, 0.000110, 0.001501, 0.001347, 0.001599, 0.001544, 0.001631, 0.001339, 0.001691, 0.001680, 0.001668, 0.001682, 0.001815, 0.001805, 0.001607, 0.001706, 0.001609, 0.001785, 0.001631, 0.001726, 0.001645, 0.001680, 0.001692, 0.001730, 0.001843
7 , 0, 0, 0, 0, 0, 0, 0
7 , 0.010664, 0.014049, 0.014305, 0.015053, 0.014686, 0.014797, 0.014299
8 , 0.001336, 0.001279, 0.001397, 0.001498, 0.001370, 0.001340, 0.001301, 0.001272, 0.001303, 0.001300, 0.001230, 0.001295, 0.001368, 0.001431, 0.001376, 0.001325, 0.001290, 0.001181, 0.001362, 0.000110, 0.001501, 0.001347, 0.001599, 0.001544, 0.001631, 0.001339, 0.001691, 0.001680, 0.001668, 0.001682, 0.001815, 0.001805, 0.001607, 0.001706, 0.001609, 0.001785, 0.001631, 0.001726, 0.001645, 0.001680, 0.001692, 0.001730, 0.001843, 0.001691, 0.001785, 0.001848, 0.000791, 0.001754, 0.001556, 0.001295, 0.001351, 0.001251, 0.001349, 0.001354, 0.001298, 0.001147, 0.001272, 0.001159, 0.001225, 0.001090, 0.001428, 0.001272, 0.001401, 0.001239, 0.001416, 0.001227, 0.001384, 0.001373, 0.001408, 0.001314, 0.001383, 0.001218, 0.001466, 0.001396, 0.001335, 0.001146, 0.001387, 0.001381, 0.001405, 0.001429, 0.001431, 0.001429, 0.001366, 0.001275, 0.001365, 0.001517, 0.001452, 0.001404, 0.001439, 0.001503, 0.001350, 0.001507
8 , 0, 0, 0, 0, 0, 0, 0
8 , 0.006875, 0.010307, 0.011128, 0.010264, 0.010922, 0.010711, 0.009943
9 , 0.001556, 0.001295, 0.001351, 0.001251, 0.001349, 0.001354, 0.001298, 0.001147, 0.001272, 0.001159, 0.001225, 0.001090, 0.001428, 0.001272, 0.001401, 0.001239, 0.001416, 0.001227, 0.001384, 0.001373, 0.001408, 0.001314, 0.001383, 0.001218, 0.001466, 0.001396, 0.001335, 0.001146, 0.001387, 0.001381, 0.001405, 0.001429, 0.001431, 0.001429, 0.001366, 0.001275, 0.001365, 0.001517, 0.001452, 0.001404, 0.001439, 0.001503, 0.001350, 0.001507, 0.001448, 0.001419, 0.001300, 0.001429, 0.001336, 0.001410, 0.001285, 0.001383, 0.001242, 0.001283, 0.001101, 0.001366, 0.001123, 0.001220, 0.001243, 0.001243, 0.001125, 0.001164, 0.001243, 0.001266, 0.001295, 0.001295, 0.001295, 0.001266, 0.001377, 0.001276, 0.001401, 0.001240, 0.001445, 0.001433, 0.001433, 0.001335, 0.001510, 0.001535, 0.001606, 0.001358, 0.001568, 0.001477, 0.001659, 0.001376, 0.001471, 0.001402, 0.001556, 0.001398, 0.001648, 0.001562, 0.001474, 0.001329
9 , 0, 0, 0, 0, 0, 0, 0
9 , 0.005296, 0.006100, 0.005834, 0.006086, 0.006681, 0.006661, 0.006478
10 , 0.001285, 0.001383, 0.001242, 0.001283, 0.001101, 0.001366, 0.001123, 0.001220, 0.001243, 0.001243, 0.001125, 0.001164, 0.001243, 0.001266, 0.001295, 0.001295, 0.001295, 0.001266, 0.001377, 0.001276, 0.001401, 0.001240, 0.001445, 0.001433, 0.001433, 0.001335, 0.001510, 0.001535, 0.001606, 0.001358, 0.001568, 0.001477, 0.001659, 0.001376, 0.001471, 0.001402, 0.001556, 0.001398, 0.001648, 0.001562, 0.001474, 0.001329, 0.001426, 0.001338, 0.001444, 0.001291, 0.001208, 0.001210, 0.001168, 0.001317, 0.001220, 0.001252, 0.001270, 0.001254, 0.001075, 0.001254, 0.001103, 0.001297, 0.001139, 0.001195, 0.001123, 0.001185, 0.001203, 0.001408, 0.001210, 0.001335, 0.001206, 0.001389, 0.001293, 0.001408, 0.001372, 0.001373, 0.001304, 0.001474, 0.001315, 0.001520, 0.001549, 0.001429, 0.001375, 0.001500, 0.001498, 0.001259, 0.001448, 0.001448, 0.001510, 0.001358, 0.001455, 0.001186, 0.001399, 0.001245, 0.001356, 0.001211
10 , 0, 0, 0, 0, 0, 0, 0
10 , 0.007982, 0.008406, 0.008062, 0.007876, 0.007234, 0.006682, 0.006020
11 , 0.001210, 0.001168, 0.001317, 0.001220, 0.001252, 0.001270, 0.001254, 0.001075, 0.001254, 0.001103, 0.001297, 0.001139, 0.001195, 0.001123, 0.001185, 0.001203, 0.001408, 0.001210, 0.001335, 0.001206, 0.001389, 0.001293, 0.001408, 0.001372, 0.001373, 0.001304, 0.001474, 0.001315, 0.001520, 0.001549, 0.001429, 0.001375, 0.001500, 0.001498, 0.001259, 0.001448, 0.001448, 0.001510, 0.001358, 0.001455, 0.001186, 0.001399, 0.001245, 0.001356, 0.001211, 0.001291, 0.001203, 0.001275, 0.001100, 0.001233, 0.001198, 0.001233, 0.001082, 0.001200, 0.001162, 0.001259, 0.001125, 0.001207, 0.001259, 0.001315, 0.001313, 0.001154, 0.001184, 0.001271, 0.001328, 0.001301, 0.001388, 0.001229, 0.001301, 0.001088, 0.001342, 0.001157, 0.001406, 0.001193, 0.001408, 0.001225, 0.001379, 0.001227, 0.001386, 0.001139, 0.001259, 0.001198, 0.001114, 0.001209, 0.001229, 0.001164, 0.001291, 0.001259, 0.001252, 0.001406, 0.001134, 0.001320
11 , 0, 0, 0, 0, 0, 0, 0
11 , 0.004212, 0.004470, 0.004523, 0.004188, 0.004071, 0.003192, 0.003083
12 , 0.001100, 0.001233, 0.001198, 0.001233, 0.001082, 0.001200, 0.001162, 0.001259, 0.001125, 0.001207, 0.001259, 0.001315, 0.001313, 0.001154, 0.001184, 0.001271, 0.001328, 0.001301, 0.001388, 0.001229, 0.001301, 0.001088, 0.001342, 0.001157, 0.001406, 0.001193, 0.001408, 0.001225, 0.001379, 0.001227, 0.001386, 0.001139, 0.001259, 0.001198, 0.001114, 0.001209, 0.001229, 0.001164, 0.001291, 0.001259, 0.001252, 0.001406, 0.001134, 0.001320, 0.001254, 0.001310, 0.001242, 0.001315, 0.001100, 0.001286, 0.001196, 0.001350, 0.001161, 0.001288, 0.001137, 0.001356, 0.001242, 0.001393, 0.001244, 0.001296, 0.001413, 0.001431, 0.001352, 0.001486, 0.001385, 0.001439, 0.001498, 0.001400, 0.001375, 0.001366, 0.001577, 0.001368, 0.001341, 0.001398, 0.001434, 0.001286, 0.001530, 0.001462, 0.001398, 0.001461, 0.001620, 0.001468, 0.001623, 0.001405, 0.001465, 0.001423, 0.001520, 0.001433, 0.001462, 0.001400, 0.001400, 0.001372
12 , 0, 0, 0, 0, 0, 0, 0
12 , 0.003078, 0.003069, 0.002956, 0.002758, 0.002505, 0.002406, 0.001945
13 , 0.001242, 0.001315, 0.001100, 0.001286, 0.001196, 0.001350, 0.001161, 0.001288, 0.001137, 0.001356, 0.001242, 0.001393, 0.001244, 0.001296, 0.001413, 0.001431, 0.001352, 0.001486, 0.001385, 0.001439, 0.001498, 0.001400, 0.001375, 0.001366, 0.001577, 0.001368, 0.001341, 0.001398, 0.001434, 0.001286, 0.001530, 0.001462, 0.001398, 0.001461, 0.001620, 0.001468, 0.001623, 0.001405, 0.001465, 0.001423, 0.001520, 0.001433, 0.001462, 0.001400, 0.001400, 0.001372, 0.001437, 0.001466, 0.001378, 0.001378, 0.001436, 0.001590, 0.001491, 0.001561, 0.001522, 0.001610, 0.001301, 0.001520, 0.001301, 0.001546, 0.001388, 0.001311, 0.001346, 0.001561, 0.001282, 0.001376, 0.001466, 0.001480, 0.001358, 0.001399, 0.001365, 0.001367, 0.001336, 0.001367, 0.001279, 0.001315, 0.001405, 0.001368, 0.001458, 0.001457, 0.001518, 0.001246, 0.001433, 0.001307, 0.001336, 0.001274, 0.001439, 0.001344, 0.001471, 0.001282, 0.001370, 0.001373
13 , 3, 3, 3, 3, 3, 3, 3
13 , 0.004939, 0.004815, 0.004501, 0.004369, 0.004159, 0.004131, 0.003521
14 , 0.001437, 0.001466, 0.001378, 0.001378, 0.001436, 0.001590, 0.001491, 0.001561, 0.001522, 0.001610, 0.001301, 0.001520, 0.001301, 0.001546, 0.001388, 0.001311, 0.001346, 0.001561, 0.001282, 0.001376, 0.001466, 0.001480, 0.001358, 0.001399, 0.001365, 0.001367, 0.001336, 0.001367, 0.001279, 0.001315, 0.001405, 0.001368, 0.001458, 0.001457, 0.001518, 0.001246, 0.001433, 0.001307, 0.001336, 0.001274, 0.001439, 0.001344, 0.001471, 0.001282, 0.001370, 0.001373, 0.001436, 0.001283, 0.001290, 0.001258, 0.001375, 0.001364, 0.001335, 0.001368, 0.001370, 0.001301, 0.001358, 0.001452, 0.001358, 0.001420, 0.001423, 0.001489, 0.001336, 0.001458, 0.001236, 0.001272, 0.001240, 0.001311, 0.001336, 0.001490, 0.001245, 0.001489, 0.001218, 0.001436, 0.001280, 0.001277, 0.001329, 0.001417, 0.001387, 0.001509, 0.001393, 0.001365, 0.001431, 0.001400, 0.001400, 0.001311, 0.001314, 0.001219, 0.001351, 0.001251, 0.001501, 0.001317
14 , 2, 2, 2, 2, 2, 2, 2
14 , 0.001552, 0.001483, 0.001537, 0.001951, 0.001638, 0.001831, 0.001737
15 , 0.001258, 0.001375, 0.001364, 0.001335, 0.001368, 0.001370, 0.001301, 0.001358, 0.001452, 0.001358, 0.001420, 0.001423, 0.001489, 0.001336, 0.001458, 0.001236, 0.001272, 0.001240, 0.001311, 0.001336, 0.001490, 0.001245, 0.001489, 0.001218, 0.001436, 0.001280, 0.001277, 0.001329, 0.001417, 0.001387, 0.001509, 0.001393, 0.001365, 0.001431, 0.001400, 0.001400, 0.001311, 0.001314, 0.001219, 0.001351, 0.001251, 0.001501, 0.001317, 0.001386, 0.001296, 0.001425, 0.001306, 0.001335, 0.001202, 0.001364, 0.001240, 0.001298, 0.001242, 0.001369, 0.001242, 0.001394, 0.001235, 0.001357, 0.001234, 0.001286, 0.001442, 0.001352, 0.001319, 0.001338, 0.001343, 0.001333, 0.001521, 0.001341, 0.001457, 0.001330, 0.001368, 0.001245, 0.001439, 0.001370, 0.001493, 0.001314, 0.001381, 0.001341, 0.001487, 0.001333, 0.001434, 0.001375, 0.001440, 0.001407, 0.001256, 0.001282, 0.001254, 0.001410, 0.001375, 0.001352, 0.001349, 0.001440
15 , 0, 0, 0, 0, 2, 2, 2
15 , 0.001297, 0.001091, 0.000932, 0.001048, 0.001319, 0.000973, 0.001002
16 , 0.001240, 0.001298, 0.001242, 0.001369, 0.001242, 0.001394, 0.001235, 0.001357, 0.001234, 0.001286, 0.001442, 0.001352, 0.001319, 0.001338, 0.001343, 0.001333, 0.001521, 0.001341, 0.001457, 0.001330, 0.001368, 0.001245, 0.001439, 0.001370, 0.001493, 0.001314, 0.001381, 0.001341, 0.001487, 0.001333, 0.001434, 0.001375, 0.001440, 0.001407, 0.001256, 0.001282, 0.001254, 0.001410, 0.001375, 0.001352, 0.001349, 0.001440, 0.001346, 0.001471, 0.001261, 0.001354, 0.001293, 0.001410, 0.001258, 0.001325, 0.001295, 0.001362, 0.001269, 0.001484, 0.001272, 0.001315, 0.001272, 0.001421, 0.001300, 0.001327, 0.001319, 0.001349, 0.001293, 0.001376, 0.001410, 0.001312, 0.001465, 0.001347, 0.001359, 0.001259, 0.001391, 0.001235, 0.001449, 0.001264, 0.001356, 0.001197, 0.001361, 0.001312, 0.001437, 0.001283, 0.001319, 0.001261, 0.001291, 0.001253, 0.001442, 0.001195, 0.001344, 0.001431, 0.001333, 0.001388, 0.001539, 0.001420
16 , 3, 3, 0, 3, 0, 0, 0
16 , 0.001298, 0.001302, 0.000793, 0.000981, 0.001022, 0.000593, 0.000215
