0 , 0.001245, 0.001412, 0.001613, 0.001414, 0.001691, 0.001558, 0.001794, 0.001675, 0.001600, 0.001794, 0.001565, 0.001753, 0.001584, 0.001627, 0.001561, 0.001547, 0.001769, 0.001570, 0.001680, 0.001524, 0.001449, 0.001682, 0.001766, 0.001204, 0.001219, 0.001248, 0.001285, 0.000990, 0.001210, 0.001176, 0.001359, 0.001135, 0.001299, 0.001029, 0.001301, 0.001170, 0.001442, 0.001290, 0.001485, 0.001191, 0.001394, 0.001243, 0.001437, 0.001239, 0.001498, 0.001161, 0.001433, 0.000018, 0.001196, 0.001102, 0.001281, 0.001277, 0.001357, 0.001188, 0.001492, 0.001515, 0.001349, 0.001608, 0.001457, 0.001597, 0.001610, 0.001524, 0.001537, 0.001414, 0.001599, 0.001625, 0.001714, 0.001586, 0.001542, 0.001759, 0.001620, 0.001701, 0.000661, 0.001197, 0.001304, 0.001150, 0.001285, 0.001097, 0.001262, 0.001123, 0.001229, 0.000944, 0.001138, 0.000999, 0.001087, 0.000967, 0.001160, 0.000985, 0.001036, 0.000965, 0.001225, 0.001050
0 , 1, 1, 1, 1, 1, 1, 1
0 , 0.008316, 0.009533, 0.011391, 0.013310, 0.017921, 0.016837, 0.016803
1 , 0.001281, 0.001277, 0.001357, 0.001188, 0.001492, 0.001515, 0.001349, 0.001608, 0.001457, 0.001597, 0.001610, 0.001524, 0.001537, 0.001414, 0.001599, 0.001625, 0.001714, 0.001586, 0.001542, 0.001759, 0.001620, 0.001701, 0.000661, 0.001197, 0.001304, 0.001150, 0.001285, 0.001097, 0.001262, 0.001123, 0.001229, 0.000944, 0.001138, 0.000999, 0.001087, 0.000967, 0.001160, 0.000985, 0.001036, 0.000965, 0.001225, 0.001050, 0.001041, 0.001009, 0.001049, 0.000965, 0.001108, 0.000377, 0.001475, 0.001345, 0.001626, 0.001597, 0.001714, 0.001683, 0.001558, 0.001793, 0.001628, 0.001782, 0.001450, 0.001563, 0.001739, 0.001600, 0.001783, 0.001380, 0.001521, 0.001564, 0.001448, 0.001575, 0.001317, 0.001635, 0.001383, 0.001750, 0.000103, 0.001558, 0.001390, 0.001537, 0.001455, 0.001334, 0.001351, 0.001282, 0.001446, 0.001437, 0.001165, 0.001221, 0.001178, 0.001244, 0.001076, 0.001263, 0.001168, 0.001211, 0.001061, 0.001064
1 , 1, 1, 1, 1, 1, 1, 1
1 , 0.009630, 0.012454, 0.014776, 0.016560, 0.018477, 0.015677, 0.016519
2 , 0.001626, 0.001597, 0.001714, 0.001683, 0.001558, 0.001793, 0.001628, 0.001782, 0.001450, 0.001563, 0.001739, 0.001600, 0.001783, 0.001380, 0.001521, 0.001564, 0.001448, 0.001575, 0.001317, 0.001635, 0.001383, 0.001750, 0.000103, 0.001558, 0.001390, 0.001537, 0.001455, 0.001334, 0.001351, 0.001282, 0.001446, 0.001437, 0.001165, 0.001221, 0.001178, 0.001244, 0.001076, 0.001263, 0.001168, 0.001211, 0.001061, 0.001064, 0.000869, 0.001171, 0.000835, 0.000984, 0.000966, 0.001345, 0.001396, 0.001611, 0.001417, 0.001520, 0.001270, 0.001556, 0.001588, 0.001536, 0.001520, 0.001581, 0.001666, 0.001469, 0.001540, 0.001394, 0.001508, 0.001694, 0.001554, 0.001748, 0.001462, 0.001595, 0.001764, 0.001695, 0.001768, 0.001821, 0.001526, 0.000774, 0.001280, 0.001137, 0.001176, 0.000991, 0.001185, 0.000844, 0.000919, 0.000904, 0.001013, 0.000893, 0.000958, 0.000747, 0.000948, 0.000803, 0.001068, 0.000888, 0.001003, 0.000853
2 , 1, 1, 1, 1, 1, 1, 1
2 , 0.012708, 0.016572, 0.018280, 0.021186, 0.019732, 0.020708, 0.019086
3 , 0.001611, 0.001417, 0.001520, 0.001270, 0.001556, 0.001588, 0.001536, 0.001520, 0.001581, 0.001666, 0.001469, 0.001540, 0.001394, 0.001508, 0.001694, 0.001554, 0.001748, 0.001462, 0.001595, 0.001764, 0.001695, 0.001768, 0.001821, 0.001526, 0.000774, 0.001280, 0.001137, 0.001176, 0.000991, 0.001185, 0.000844, 0.000919, 0.000904, 0.001013, 0.000893, 0.000958, 0.000747, 0.000948, 0.000803, 0.001068, 0.000888, 0.001003, 0.000853, 0.000983, 0.000803, 0.001014, 0.000941, 0.001079, 0.001076, 0.000235, 0.001349, 0.001396, 0.001450, 0.001298, 0.001497, 0.001529, 0.001389, 0.001497, 0.001433, 0.001695, 0.001586, 0.001599, 0.001526, 0.001401, 0.001700, 0.001487, 0.001455, 0.001531, 0.001418, 0.001648, 0.001415, 0.001549, 0.001384, 0.001775, 0.000259, 0.001637, 0.001437, 0.001507, 0.001243, 0.001386, 0.001265, 0.001334, 0.001217, 0.001291, 0.001209, 0.001287, 0.001283, 0.001114, 0.001136, 0.001176, 0.001236, 0.001237
3 , 1, 1, 1, 1, 1, 1, 1
3 , 0.009164, 0.011781, 0.013856, 0.015709, 0.017422, 0.018592, 0.020506
4 , 0.001450, 0.001298, 0.001497, 0.001529, 0.001389, 0.001497, 0.001433, 0.001695, 0.001586, 0.001599, 0.001526, 0.001401, 0.001700, 0.001487, 0.001455, 0.001531, 0.001418, 0.001648, 0.001415, 0.001549, 0.001384, 0.001775, 0.000259, 0.001637, 0.001437, 0.001507, 0.001243, 0.001386, 0.001265, 0.001334, 0.001217, 0.001291, 0.001209, 0.001287, 0.001283, 0.001114, 0.001136, 0.001176, 0.001236, 0.001237, 0.001255, 0.001083, 0.001195, 0.001048, 0.001323, 0.000393, 0.000919, 0.001296, 0.001410, 0.001336, 0.001432, 0.001645, 0.001604, 0.001728, 0.001492, 0.001696, 0.001716, 0.001703, 0.001851, 0.001588, 0.001741, 0.001803, 0.001721, 0.001812, 0.001452, 0.001864, 0.001840, 0.001857, 0.001605, 0.001975, 0.000968, 0.001191, 0.001181, 0.001120, 0.001052, 0.001023, 0.001174, 0.001025, 0.001058, 0.000953, 0.001018, 0.000852, 0.001042, 0.000828, 0.001150, 0.000946, 0.001197, 0.000923, 0.001234, 0.000995, 0.001173, 0.000944
4 , 1, 1, 1, 1, 1, 1, 1
4 , 0.013696, 0.016128, 0.019538, 0.020848, 0.018491, 0.019055, 0.018852
5 , 0.001336, 0.001432, 0.001645, 0.001604, 0.001728, 0.001492, 0.001696, 0.001716, 0.001703, 0.001851, 0.001588, 0.001741, 0.001803, 0.001721, 0.001812, 0.001452, 0.001864, 0.001840, 0.001857, 0.001605, 0.001975, 0.000968, 0.001191, 0.001181, 0.001120, 0.001052, 0.001023, 0.001174, 0.001025, 0.001058, 0.000953, 0.001018, 0.000852, 0.001042, 0.000828, 0.001150, 0.000946, 0.001197, 0.000923, 0.001234, 0.000995, 0.001173, 0.000944, 0.001215, 0.000955, 0.001148, 0.000758, 0.000631, 0.001309, 0.001369, 0.001392, 0.001221, 0.001453, 0.001334, 0.001456, 0.001357, 0.001350, 0.001582, 0.001360, 0.001463, 0.001406, 0.001473, 0.001529, 0.001393, 0.001535, 0.001327, 0.001363, 0.001545, 0.001528, 0.001449, 0.001392, 0.001419, 0.000876, 0.001496, 0.001264, 0.001352, 0.001092, 0.001236, 0.001136, 0.001315, 0.001032, 0.001060, 0.000920, 0.001296, 0.001097, 0.001130, 0.001011, 0.001262, 0.000957, 0.001073, 0.001111, 0.001271
5 , 1, 1, 1, 1, 1, 1, 1
5 , 0.014053, 0.016415, 0.018561, 0.019085, 0.020629, 0.019513, 0.019150
6 , 0.001392, 0.001221, 0.001453, 0.001334, 0.001456, 0.001357, 0.001350, 0.001582, 0.001360, 0.001463, 0.001406, 0.001473, 0.001529, 0.001393, 0.001535, 0.001327, 0.001363, 0.001545, 0.001528, 0.001449, 0.001392, 0.001419, 0.000876, 0.001496, 0.001264, 0.001352, 0.001092, 0.001236, 0.001136, 0.001315, 0.001032, 0.001060, 0.000920, 0.001296, 0.001097, 0.001130, 0.001011, 0.001262, 0.000957, 0.001073, 0.001111, 0.001271, 0.001079, 0.001178, 0.001211, 0.000188, 0.001250, 0.001408, 0.001583, 0.001448, 0.001501, 0.001677, 0.001535, 0.001556, 0.001396, 0.001728, 0.001572, 0.001623, 0.001739, 0.001535, 0.001746, 0.001643, 0.001838, 0.001629, 0.001623, 0.001938, 0.001744, 0.001824, 0.001529, 0.001865, 0.000035, 0.001475, 0.001296, 0.001329, 0.001062, 0.001197, 0.001083, 0.001166, 0.001102, 0.001118, 0.001060, 0.001060, 0.001069, 0.001166, 0.001153, 0.001127, 0.001150, 0.001134, 0.001224, 0.001069, 0.001220, 0.001111
6 , 1, 1, 1, 1, 1, 1, 1
6 , 0.013406, 0.015238, 0.018849, 0.016777, 0.016110, 0.016399, 0.015961
7 , 0.001583, 0.001448, 0.001501, 0.001677, 0.001535, 0.001556, 0.001396, 0.001728, 0.001572, 0.001623, 0.001739, 0.001535, 0.001746, 0.001643, 0.001838, 0.001629, 0.001623, 0.001938, 0.001744, 0.001824, 0.001529, 0.001865, 0.000035, 0.001475, 0.001296, 0.001329, 0.001062, 0.001197, 0.001083, 0.001166, 0.001102, 0.001118, 0.001060, 0.001060, 0.001069, 0.001166, 0.001153, 0.001127, 0.001150, 0.001134, 0.001224, 0.001069, 0.001220, 0.001111, 0.001162, 0.000909, 0.001275, 0.000358, 0.000868, 0.001307, 0.001410, 0.001414, 0.001241, 0.001540, 0.001456, 0.001476, 0.001479, 0.001620, 0.001787, 0.001657, 0.001643, 0.001544, 0.001807, 0.001763, 0.001817, 0.001886, 0.001563, 0.001949, 0.001944, 0.002106, 0.001908, 0.002128, 0.001130, 0.000834, 0.000932, 0.000862, 0.000736, 0.000608, 0.000747, 0.000767, 0.000932, 0.000803, 0.000989, 0.000807, 0.001125, 0.000927, 0.001162, 0.000961, 0.001335, 0.001097, 0.001316, 0.001265
7 , 1, 1, 1, 1, 1, 1, 1
7 , 0.015464, 0.019391, 0.022277, 0.024601, 0.025120, 0.025946, 0.024671
8 , 0.001414, 0.001241, 0.001540, 0.001456, 0.001476, 0.001479, 0.001620, 0.001787, 0.001657, 0.001643, 0.001544, 0.001807, 0.001763, 0.001817, 0.001886, 0.001563, 0.001949, 0.001944, 0.002106, 0.001908, 0.002128, 0.001130, 0.000834, 0.000932, 0.000862, 0.000736, 0.000608, 0.000747, 0.000767, 0.000932, 0.000803, 0.000989, 0.000807, 0.001125, 0.000927, 0.001162, 0.000961, 0.001335, 0.001097, 0.001316, 0.001265, 0.001506, 0.001201, 0.001421, 0.001001, 0.000247, 0.000929, 0.000948, 0.001053, 0.001004, 0.001464, 0.001421, 0.001323, 0.001307, 0.001251, 0.001595, 0.001508, 0.001684, 0.001616, 0.001798, 0.001941, 0.001820, 0.001975, 0.001815, 0.001809, 0.001987, 0.001929, 0.002136, 0.002085, 0.001909, 0.000422, 0.001075, 0.000963, 0.001083, 0.000877, 0.001018, 0.000757, 0.001048, 0.000963, 0.001078, 0.000833, 0.001105, 0.000866, 0.001209, 0.001083, 0.001180, 0.001011, 0.001146, 0.001018, 0.001246, 0.001163, 0.001230
8 , 1, 1, 1, 1, 1, 1, 1
8 , 0.020610, 0.024481, 0.029590, 0.028196, 0.027518, 0.026864, 0.025954
9 , 0.001053, 0.001004, 0.001464, 0.001421, 0.001323, 0.001307, 0.001251, 0.001595, 0.001508, 0.001684, 0.001616, 0.001798, 0.001941, 0.001820, 0.001975, 0.001815, 0.001809, 0.001987, 0.001929, 0.002136, 0.002085, 0.001909, 0.000422, 0.001075, 0.000963, 0.001083, 0.000877, 0.001018, 0.000757, 0.001048, 0.000963, 0.001078, 0.000833, 0.001105, 0.000866, 0.001209, 0.001083, 0.001180, 0.001011, 0.001146, 0.001018, 0.001246, 0.001163, 0.001230, 0.001186, 0.001097, 0.001253, 0.000031, 0.001155, 0.001263, 0.001327, 0.001319, 0.001267, 0.001631, 0.001304, 0.001436, 0.001281, 0.001413, 0.001473, 0.001509, 0.001413, 0.001340, 0.001582, 0.001459, 0.001605, 0.001506, 0.001359, 0.001605, 0.001494, 0.001640, 0.001564, 0.001873, 0.000017, 0.001304, 0.001127, 0.001245, 0.000962, 0.001150, 0.001020, 0.001150, 0.001092, 0.001127, 0.001139, 0.001067, 0.001144, 0.001127, 0.001076, 0.000997, 0.001180, 0.001041, 0.001085, 0.001025
9 , 1, 1, 1, 1, 1, 1, 1
9 , 0.011235, 0.014837, 0.018080, 0.020546, 0.022880, 0.020776, 0.020130
10 , 0.001327, 0.001319, 0.001267, 0.001631, 0.001304, 0.001436, 0.001281, 0.001413, 0.001473, 0.001509, 0.001413, 0.001340, 0.001582, 0.001459, 0.001605, 0.001506, 0.001359, 0.001605, 0.001494, 0.001640, 0.001564, 0.001873, 0.000017, 0.001304, 0.001127, 0.001245, 0.000962, 0.001150, 0.001020, 0.001150, 0.001092, 0.001127, 0.001139, 0.001067, 0.001144, 0.001127, 0.001076, 0.000997, 0.001180, 0.001041, 0.001085, 0.001025, 0.001141, 0.000974, 0.001190, 0.000280, 0.001059, 0.001597, 0.001672, 0.001613, 0.001482, 0.001711, 0.001571, 0.001859, 0.001646, 0.001658, 0.001842, 0.001644, 0.001910, 0.001623, 0.001779, 0.001905, 0.001676, 0.001822, 0.001653, 0.001843, 0.001878, 0.001684, 0.001803, 0.001645, 0.001627, 0.001967, 0.000629, 0.001415, 0.001213, 0.001259, 0.001067, 0.001218, 0.001039, 0.001139, 0.000964, 0.001267, 0.001030, 0.001204, 0.001014, 0.001204, 0.000935, 0.001248, 0.000923, 0.001190, 0.000978, 0.001181
10 , 1, 1, 1, 1, 1, 1, 1
10 , 0.014286, 0.017570, 0.021296, 0.023734, 0.022040, 0.020054, 0.019569
11 , 0.001613, 0.001482, 0.001711, 0.001571, 0.001859, 0.001646, 0.001658, 0.001842, 0.001644, 0.001910, 0.001623, 0.001779, 0.001905, 0.001676, 0.001822, 0.001653, 0.001843, 0.001878, 0.001684, 0.001803, 0.001645, 0.001627, 0.001967, 0.000629, 0.001415, 0.001213, 0.001259, 0.001067, 0.001218, 0.001039, 0.001139, 0.000964, 0.001267, 0.001030, 0.001204, 0.001014, 0.001204, 0.000935, 0.001248, 0.000923, 0.001190, 0.000978, 0.001181, 0.001141, 0.001189, 0.001076, 0.001240, 0.001145, 0.001331, 0.001088, 0.001257, 0.001136, 0.001201, 0.001050, 0.001193, 0.001176, 0.001189, 0.001017, 0.001098, 0.001129, 0.001180, 0.001305, 0.001202, 0.001202, 0.001198, 0.001221, 0.001184, 0.001340, 0.001215, 0.001296, 0.001192, 0.001227, 0.001166, 0.001295, 0.001187, 0.001253, 0.001140, 0.001236, 0.001206, 0.001310, 0.001098, 0.001337, 0.001005, 0.001269, 0.001062, 0.001266, 0.001046, 0.001187, 0.000914, 0.001117, 0.000917, 0.001137
11 , 2, 2, 1, 1, 1, 1, 1
11 , 0.011141, 0.012376, 0.012966, 0.013313, 0.014858, 0.013265, 0.013888
12 , 0.001257, 0.001136, 0.001201, 0.001050, 0.001193, 0.001176, 0.001189, 0.001017, 0.001098, 0.001129, 0.001180, 0.001305, 0.001202, 0.001202, 0.001198, 0.001221, 0.001184, 0.001340, 0.001215, 0.001296, 0.001192, 0.001227, 0.001166, 0.001295, 0.001187, 0.001253, 0.001140, 0.001236, 0.001206, 0.001310, 0.001098, 0.001337, 0.001005, 0.001269, 0.001062, 0.001266, 0.001046, 0.001187, 0.000914, 0.001117, 0.000917, 0.001137, 0.000941, 0.001040, 0.000909, 0.001009, 0.000834, 0.001039, 0.000779, 0.001044, 0.000879, 0.001119, 0.000975, 0.001100, 0.000804, 0.001046, 0.000947, 0.001042, 0.000949, 0.001081, 0.001060, 0.001343, 0.001112, 0.001302, 0.001283, 0.001407, 0.001213, 0.001407, 0.001247, 0.001372, 0.001368, 0.001356, 0.001334, 0.001291, 0.001295, 0.001335, 0.001379, 0.001228, 0.001228, 0.001091, 0.001216, 0.001100, 0.001097, 0.001127, 0.001138, 0.000971, 0.001090, 0.001000, 0.001112, 0.000880, 0.001136, 0.000931
12 , 2, 2, 2, 2, 2, 1, 1
12 , 0.003749, 0.003582, 0.003027, 0.002586, 0.002024, 0.003301, 0.004048
13 , 0.000975, 0.001100, 0.000804, 0.001046, 0.000947, 0.001042, 0.000949, 0.001081, 0.001060, 0.001343, 0.001112, 0.001302, 0.001283, 0.001407, 0.001213, 0.001407, 0.001247, 0.001372, 0.001368, 0.001356, 0.001334, 0.001291, 0.001295, 0.001335, 0.001379, 0.001228, 0.001228, 0.001091, 0.001216, 0.001100, 0.001097, 0.001127, 0.001138, 0.000971, 0.001090, 0.001000, 0.001112, 0.000880, 0.001136, 0.000931, 0.001075, 0.000809, 0.000919, 0.000729, 0.001005, 0.000835, 0.001071, 0.001014, 0.001095, 0.000872, 0.001224, 0.001039, 0.001341, 0.001091, 0.001311, 0.001172, 0.001337, 0.000944, 0.001210, 0.000981, 0.001319, 0.001094, 0.001152, 0.000911, 0.001352, 0.001218, 0.001325, 0.001197, 0.001339, 0.001287, 0.001368, 0.001152, 0.001502, 0.001321, 0.001472, 0.001291, 0.001427, 0.001507, 0.001731, 0.001478, 0.001616, 0.001438, 0.001610, 0.001383, 0.001485, 0.001355, 0.001429, 0.001282, 0.001305, 0.001219, 0.001230, 0.001118
13 , 2, 2, 2, 2, 2, 2, 2
13 , 0.007042, 0.007250, 0.007695, 0.007539, 0.007973, 0.007537, 0.007950
14 , 0.001224, 0.001039, 0.001341, 0.001091, 0.001311, 0.001172, 0.001337, 0.000944, 0.001210, 0.000981, 0.001319, 0.001094, 0.001152, 0.000911, 0.001352, 0.001218, 0.001325, 0.001197, 0.001339, 0.001287, 0.001368, 0.001152, 0.001502, 0.001321, 0.001472, 0.001291, 0.001427, 0.001507, 0.001731, 0.001478, 0.001616, 0.001438, 0.001610, 0.001383, 0.001485, 0.001355, 0.001429, 0.001282, 0.001305, 0.001219, 0.001230, 0.001118, 0.001122, 0.000998, 0.001101, 0.000885, 0.000889, 0.000803, 0.000909, 0.000935, 0.000976, 0.000952, 0.000991, 0.001058, 0.000963, 0.000960, 0.001062, 0.001027, 0.001062, 0.001022, 0.001166, 0.001159, 0.001097, 0.001153, 0.001135, 0.001193, 0.001163, 0.001189, 0.001158, 0.001253, 0.001144, 0.001404, 0.001252, 0.001381, 0.001118, 0.001338, 0.001217, 0.001355, 0.001269, 0.001243, 0.001126, 0.001291, 0.001045, 0.001253, 0.001105, 0.001257, 0.001257, 0.001254, 0.000928, 0.001150, 0.001004, 0.001201
14 , 0, 0, 0, 0, 0, 0, 0
14 , 0.009383, 0.008860, 0.007487, 0.006744, 0.004578, 0.003388, 0.001790
15 , 0.000889, 0.000803, 0.000909, 0.000935, 0.000976, 0.000952, 0.000991, 0.001058, 0.000963, 0.000960, 0.001062, 0.001027, 0.001062, 0.001022, 0.001166, 0.001159, 0.001097, 0.001153, 0.001135, 0.001193, 0.001163, 0.001189, 0.001158, 0.001253, 0.001144, 0.001404, 0.001252, 0.001381, 0.001118, 0.001338, 0.001217, 0.001355, 0.001269, 0.001243, 0.001126, 0.001291, 0.001045, 0.001253, 0.001105, 0.001257, 0.001257, 0.001254, 0.000928, 0.001150, 0.001004, 0.001201, 0.000814, 0.001098, 0.000898, 0.001091, 0.000831, 0.001112, 0.000988, 0.000990, 0.000795, 0.001035, 0.000966, 0.001172, 0.000801, 0.001072, 0.000817, 0.001130, 0.001004, 0.001164, 0.001111, 0.001201, 0.001026, 0.001328, 0.001154, 0.001280, 0.001102, 0.001321, 0.001165, 0.001304, 0.001217, 0.001399, 0.001226, 0.001455, 0.001282, 0.001343, 0.001167, 0.001296, 0.001094, 0.001258, 0.001073, 0.001237, 0.001086, 0.001355, 0.001079, 0.001251, 0.001160, 0.001213
15 , 0, 0, 0, 0, 0, 0, 0
15 , 0.009287, 0.008847, 0.008625, 0.007770, 0.007057, 0.006007, 0.005345
16 , 0.000814, 0.001098, 0.000898, 0.001091, 0.000831, 0.001112, 0.000988, 0.000990, 0.000795, 0.001035, 0.000966, 0.001172, 0.000801, 0.001072, 0.000817, 0.001130, 0.001004, 0.001164, 0.001111, 0.001201, 0.001026, 0.001328, 0.001154, 0.001280, 0.001102, 0.001321, 0.001165, 0.001304, 0.001217, 0.001399, 0.001226, 0.001455, 0.001282, 0.001343, 0.001167, 0.001296, 0.001094, 0.001258, 0.001073, 0.001237, 0.001086, 0.001355, 0.001079, 0.001251, 0.001160, 0.001213, 0.001160, 0.001187, 0.001144, 0.001157, 0.001067, 0.001134, 0.001013, 0.001053, 0.000957, 0.001043, 0.001071, 0.001053, 0.001067, 0.001218, 0.001148, 0.001272, 0.001375, 0.001201, 0.001205, 0.001153, 0.001221, 0.001299, 0.001338, 0.001265, 0.001386, 0.001252, 0.001334, 0.001206, 0.001388, 0.001267, 0.001328, 0.001224, 0.001405, 0.001154, 0.001319, 0.001227, 0.001300, 0.001368, 0.001601, 0.001347, 0.001520, 0.001391, 0.001490, 0.001520, 0.001546, 0.001425
16 , 0, 0, 0, 0, 0, 0, 0
16 , 0.008993, 0.008906, 0.009301, 0.008821, 0.008790, 0.008194, 0.008216
