0 , 0.001718, 0.001662, 0.001581, 0.000506, 0.001775, 0.001508, 0.001583, 0.001510, 0.001569, 0.001356, 0.001478, 0.001351, 0.001513, 0.001316, 0.001560, 0.001244, 0.001464, 0.001398, 0.001554, 0.001455, 0.001485, 0.001323, 0.001509, 0.001464, 0.001415, 0.001534, 0.001093, 0.001017, 0.001126, 0.001258, 0.001242, 0.001314, 0.001290, 0.001358, 0.001442, 0.001355, 0.001469, 0.001353, 0.001620, 0.001433, 0.001513, 0.001456, 0.001468, 0.001661, 0.001673, 0.001518, 0.001472, 0.001748, 0.001620, 0.001606, 0.001766, 0.000340, 0.001381, 0.001426, 0.001460, 0.001336, 0.001277, 0.001235, 0.001296, 0.001331, 0.001270, 0.001238, 0.001324, 0.001198, 0.001320, 0.001288, 0.001299, 0.001167, 0.001313, 0.001219, 0.001308, 0.001188, 0.001376, 0.001305, 0.001341, 0.001296, 0.001368, 0.000791, 0.001388, 0.001403, 0.001535, 0.001452, 0.001468, 0.001358, 0.001484, 0.001238, 0.001510, 0.001325, 0.001518, 0.001491, 0.001435, 0.001533
0 , 1, 2, 2, 2, 2, 2, 0
0 , 0.002047, 0.001881, 0.002328, 0.002289, 0.002737, 0.003007, 0.003514
1 , 0.001381, 0.001426, 0.001460, 0.001336, 0.001277, 0.001235, 0.001296, 0.001331, 0.001270, 0.001238, 0.001324, 0.001198, 0.001320, 0.001288, 0.001299, 0.001167, 0.001313, 0.001219, 0.001308, 0.001188, 0.001376, 0.001305, 0.001341, 0.001296, 0.001368, 0.000791, 0.001388, 0.001403, 0.001535, 0.001452, 0.001468, 0.001358, 0.001484, 0.001238, 0.001510, 0.001325, 0.001518, 0.001491, 0.001435, 0.001533, 0.001525, 0.001756, 0.001661, 0.001600, 0.001437, 0.001638, 0.001577, 0.001688, 0.001717, 0.001214, 0.001106, 0.001689, 0.001569, 0.001677, 0.001391, 0.001427, 0.001430, 0.001376, 0.001315, 0.001352, 0.001289, 0.001329, 0.001357, 0.001259, 0.001236, 0.001329, 0.001318, 0.001283, 0.001388, 0.001315, 0.001399, 0.001327, 0.001470, 0.000284, 0.001369, 0.001272, 0.001609, 0.001446, 0.001450, 0.001416, 0.001536, 0.001578, 0.001539, 0.001491, 0.001589, 0.001657, 0.001498, 0.001570, 0.001328, 0.001627, 0.001460, 0.001430
1 , 3, 3, 0, 0, 0, 0, 0
1 , 0.003071, 0.003449, 0.004549, 0.004064, 0.005034, 0.005856, 0.007977
2 , 0.001569, 0.001677, 0.001391, 0.001427, 0.001430, 0.001376, 0.001315, 0.001352, 0.001289, 0.001329, 0.001357, 0.001259, 0.001236, 0.001329, 0.001318, 0.001283, 0.001388, 0.001315, 0.001399, 0.001327, 0.001470, 0.000284, 0.001369, 0.001272, 0.001609, 0.001446, 0.001450, 0.001416, 0.001536, 0.001578, 0.001539, 0.001491, 0.001589, 0.001657, 0.001498, 0.001570, 0.001328, 0.001627, 0.001460, 0.001430, 0.001548, 0.001495, 0.001537, 0.001495, 0.001608, 0.001654, 0.001656, 0.001758, 0.000670, 0.001597, 0.001392, 0.001250, 0.001304, 0.001126, 0.001216, 0.001101, 0.001269, 0.001172, 0.001271, 0.000986, 0.001169, 0.001077, 0.001328, 0.001138, 0.001192, 0.001001, 0.001268, 0.001251, 0.001334, 0.001208, 0.001351, 0.001269, 0.001485, 0.000747, 0.000870, 0.001253, 0.001400, 0.001355, 0.001643, 0.001540, 0.001495, 0.001397, 0.001446, 0.001643, 0.001506, 0.001714, 0.001483, 0.001559, 0.001687, 0.001596, 0.001577, 0.001675
2 , 0, 0, 0, 0, 0, 0, 0
2 , 0.004903, 0.005607, 0.006241, 0.009647, 0.011204, 0.010377, 0.011964
3 , 0.001304, 0.001126, 0.001216, 0.001101, 0.001269, 0.001172, 0.001271, 0.000986, 0.001169, 0.001077, 0.001328, 0.001138, 0.001192, 0.001001, 0.001268, 0.001251, 0.001334, 0.001208, 0.001351, 0.001269, 0.001485, 0.000747, 0.000870, 0.001253, 0.001400, 0.001355, 0.001643, 0.001540, 0.001495, 0.001397, 0.001446, 0.001643, 0.001506, 0.001714, 0.001483, 0.001559, 0.001687, 0.001596, 0.001577, 0.001675, 0.001748, 0.001668, 0.001714, 0.001631, 0.001622, 0.001897, 0.000267, 0.001716, 0.001357, 0.001414, 0.001353, 0.001223, 0.001193, 0.001307, 0.001246, 0.001363, 0.001415, 0.001322, 0.001405, 0.001289, 0.001347, 0.001334, 0.001367, 0.001234, 0.001450, 0.001384, 0.001502, 0.001315, 0.001625, 0.001354, 0.000292, 0.001264, 0.001381, 0.001185, 0.001203, 0.001601, 0.001517, 0.001517, 0.001347, 0.001661, 0.001563, 0.001499, 0.001366, 0.001427, 0.001677, 0.001487, 0.001449, 0.001363, 0.001631, 0.001551, 0.001426, 0.001374
3 , 0, 0, 0, 0, 0, 0, 0
3 , 0.007186, 0.007789, 0.008723, 0.009801, 0.011688, 0.012040, 0.012070
4 , 0.001193, 0.001307, 0.001246, 0.001363, 0.001415, 0.001322, 0.001405, 0.001289, 0.001347, 0.001334, 0.001367, 0.001234, 0.001450, 0.001384, 0.001502, 0.001315, 0.001625, 0.001354, 0.000292, 0.001264, 0.001381, 0.001185, 0.001203, 0.001601, 0.001517, 0.001517, 0.001347, 0.001661, 0.001563, 0.001499, 0.001366, 0.001427, 0.001677, 0.001487, 0.001449, 0.001363, 0.001631, 0.001551, 0.001426, 0.001374, 0.001419, 0.001779, 0.001155, 0.001545, 0.001665, 0.001472, 0.001246, 0.001336, 0.001243, 0.001397, 0.001177, 0.001365, 0.001259, 0.001382, 0.001259, 0.001384, 0.001220, 0.001289, 0.001196, 0.001260, 0.001289, 0.001291, 0.001233, 0.001345, 0.001219, 0.001426, 0.001329, 0.001446, 0.000041, 0.001330, 0.001436, 0.001561, 0.001370, 0.001708, 0.001610, 0.001625, 0.001557, 0.001653, 0.001676, 0.001665, 0.001612, 0.001435, 0.001661, 0.001480, 0.001604, 0.001453, 0.001525, 0.001412, 0.001532, 0.001446, 0.001361, 0.001510
4 , 0, 0, 0, 0, 0, 0, 0
4 , 0.006870, 0.010450, 0.010686, 0.010671, 0.010575, 0.009165, 0.008562
5 , 0.001243, 0.001397, 0.001177, 0.001365, 0.001259, 0.001382, 0.001259, 0.001384, 0.001220, 0.001289, 0.001196, 0.001260, 0.001289, 0.001291, 0.001233, 0.001345, 0.001219, 0.001426, 0.001329, 0.001446, 0.000041, 0.001330, 0.001436, 0.001561, 0.001370, 0.001708, 0.001610, 0.001625, 0.001557, 0.001653, 0.001676, 0.001665, 0.001612, 0.001435, 0.001661, 0.001480, 0.001604, 0.001453, 0.001525, 0.001412, 0.001532, 0.001446, 0.001361, 0.001510, 0.001567, 0.000738, 0.001808, 0.001611, 0.001467, 0.001409, 0.001350, 0.001385, 0.001449, 0.001449, 0.001382, 0.001391, 0.001235, 0.001386, 0.001295, 0.001449, 0.001319, 0.001481, 0.001350, 0.001517, 0.001266, 0.001382, 0.001205, 0.001511, 0.000853, 0.000905, 0.001272, 0.001400, 0.001215, 0.001256, 0.001389, 0.001449, 0.001457, 0.001366, 0.001502, 0.001437, 0.001520, 0.001313, 0.001562, 0.001437, 0.001616, 0.001378, 0.001392, 0.001464, 0.001430, 0.001585, 0.001521, 0.001567
5 , 3, 0, 0, 0, 0, 0, 0
5 , 0.004559, 0.004898, 0.007252, 0.008568, 0.009138, 0.008150, 0.008786
6 , 0.001350, 0.001385, 0.001449, 0.001449, 0.001382, 0.001391, 0.001235, 0.001386, 0.001295, 0.001449, 0.001319, 0.001481, 0.001350, 0.001517, 0.001266, 0.001382, 0.001205, 0.001511, 0.000853, 0.000905, 0.001272, 0.001400, 0.001215, 0.001256, 0.001389, 0.001449, 0.001457, 0.001366, 0.001502, 0.001437, 0.001520, 0.001313, 0.001562, 0.001437, 0.001616, 0.001378, 0.001392, 0.001464, 0.001430, 0.001585, 0.001521, 0.001567, 0.001777, 0.000233, 0.001892, 0.001684, 0.001592, 0.001408, 0.001505, 0.001384, 0.001354, 0.001301, 0.001273, 0.001338, 0.001229, 0.001290, 0.001356, 0.001304, 0.001331, 0.001397, 0.001273, 0.001424, 0.001296, 0.001363, 0.001357, 0.001327, 0.001258, 0.001380, 0.001289, 0.000473, 0.001289, 0.001382, 0.001207, 0.001309, 0.001650, 0.001495, 0.001540, 0.001336, 0.001703, 0.001461, 0.001499, 0.001457, 0.001472, 0.001699, 0.001540, 0.001627, 0.001419, 0.001643, 0.001643, 0.001680, 0.001612, 0.001612
6 , 0, 0, 0, 0, 0, 0, 0
6 , 0.001119, 0.003808, 0.006765, 0.007593, 0.008281, 0.009015, 0.009225
7 , 0.001273, 0.001338, 0.001229, 0.001290, 0.001356, 0.001304, 0.001331, 0.001397, 0.001273, 0.001424, 0.001296, 0.001363, 0.001357, 0.001327, 0.001258, 0.001380, 0.001289, 0.000473, 0.001289, 0.001382, 0.001207, 0.001309, 0.001650, 0.001495, 0.001540, 0.001336, 0.001703, 0.001461, 0.001499, 0.001457, 0.001472, 0.001699, 0.001540, 0.001627, 0.001419, 0.001643, 0.001643, 0.001680, 0.001612, 0.001612, 0.001714, 0.001266, 0.001389, 0.001544, 0.001429, 0.001379, 0.001284, 0.001193, 0.001379, 0.001156, 0.001254, 0.001193, 0.001249, 0.001241, 0.001344, 0.001196, 0.001329, 0.001201, 0.001208, 0.001067, 0.001169, 0.001110, 0.001163, 0.000936, 0.001255, 0.000028, 0.001371, 0.001499, 0.001656, 0.001469, 0.001571, 0.001648, 0.001708, 0.001674, 0.001656, 0.001829, 0.001749, 0.001821, 0.001598, 0.001954, 0.001779, 0.001761, 0.001696, 0.001781, 0.001942, 0.001731, 0.001817, 0.001710, 0.001787, 0.001985, 0.000480, 0.001736
7 , 0, 0, 0, 0, 0, 0, 0
7 , 0.017320, 0.017472, 0.016713, 0.016557, 0.014903, 0.013756, 0.012146
8 , 0.001193, 0.001379, 0.001156, 0.001254, 0.001193, 0.001249, 0.001241, 0.001344, 0.001196, 0.001329, 0.001201, 0.001208, 0.001067, 0.001169, 0.001110, 0.001163, 0.000936, 0.001255, 0.000028, 0.001371, 0.001499, 0.001656, 0.001469, 0.001571, 0.001648, 0.001708, 0.001674, 0.001656, 0.001829, 0.001749, 0.001821, 0.001598, 0.001954, 0.001779, 0.001761, 0.001696, 0.001781, 0.001942, 0.001731, 0.001817, 0.001710, 0.001787, 0.001985, 0.000480, 0.001736, 0.001283, 0.001162, 0.001278, 0.001214, 0.001339, 0.001272, 0.001305, 0.001209, 0.001324, 0.001263, 0.001333, 0.001241, 0.001392, 0.001214, 0.001408, 0.001129, 0.001238, 0.001172, 0.001177, 0.001064, 0.001228, 0.001086, 0.001346, 0.000568, 0.001094, 0.001634, 0.001759, 0.001716, 0.001724, 0.001844, 0.001836, 0.001901, 0.001715, 0.001917, 0.001801, 0.001799, 0.001682, 0.001858, 0.001761, 0.001797, 0.001719, 0.001620, 0.001735, 0.001603, 0.001720, 0.001611, 0.001539
8 , 0, 0, 0, 0, 0, 0, 0
8 , 0.020581, 0.023323, 0.023694, 0.022261, 0.021479, 0.019128, 0.017825
9 , 0.001214, 0.001339, 0.001272, 0.001305, 0.001209, 0.001324, 0.001263, 0.001333, 0.001241, 0.001392, 0.001214, 0.001408, 0.001129, 0.001238, 0.001172, 0.001177, 0.001064, 0.001228, 0.001086, 0.001346, 0.000568, 0.001094, 0.001634, 0.001759, 0.001716, 0.001724, 0.001844, 0.001836, 0.001901, 0.001715, 0.001917, 0.001801, 0.001799, 0.001682, 0.001858, 0.001761, 0.001797, 0.001719, 0.001620, 0.001735, 0.001603, 0.001720, 0.001611, 0.001539, 0.001925, 0.000417, 0.001607, 0.001323, 0.001283, 0.001198, 0.001320, 0.001264, 0.001262, 0.001198, 0.001315, 0.001283, 0.001254, 0.001193, 0.001350, 0.001249, 0.001307, 0.001244, 0.001155, 0.001193, 0.001288, 0.001254, 0.001230, 0.001272, 0.001143, 0.000459, 0.001387, 0.001662, 0.001712, 0.001400, 0.001745, 0.001676, 0.001757, 0.001650, 0.001737, 0.001741, 0.001864, 0.001868, 0.001670, 0.001958, 0.001986, 0.001952, 0.001745, 0.001891, 0.001887, 0.001888, 0.001927, 0.001641
9 , 0, 0, 0, 0, 0, 0, 0
9 , 0.018479, 0.020521, 0.022390, 0.023562, 0.022846, 0.021648, 0.020984
10 , 0.001198, 0.001320, 0.001264, 0.001262, 0.001198, 0.001315, 0.001283, 0.001254, 0.001193, 0.001350, 0.001249, 0.001307, 0.001244, 0.001155, 0.001193, 0.001288, 0.001254, 0.001230, 0.001272, 0.001143, 0.000459, 0.001387, 0.001662, 0.001712, 0.001400, 0.001745, 0.001676, 0.001757, 0.001650, 0.001737, 0.001741, 0.001864, 0.001868, 0.001670, 0.001958, 0.001986, 0.001952, 0.001745, 0.001891, 0.001887, 0.001888, 0.001927, 0.001641, 0.002016, 0.001842, 0.001901, 0.001521, 0.000749, 0.001415, 0.001226, 0.001319, 0.001329, 0.001385, 0.001219, 0.001357, 0.001399, 0.001517, 0.001291, 0.001492, 0.001444, 0.001745, 0.001549, 0.001728, 0.001595, 0.001778, 0.001617, 0.001705, 0.001731, 0.001823, 0.001731, 0.001704, 0.001553, 0.001570, 0.001494, 0.001545, 0.001287, 0.001343, 0.001266, 0.001312, 0.001208, 0.001162, 0.001233, 0.001043, 0.000942, 0.000924, 0.001096, 0.001017, 0.001026, 0.000882, 0.001002, 0.000958, 0.001060
10 , 3, 3, 3, 3, 3, 3, 3
10 , 0.014493, 0.016457, 0.019366, 0.020222, 0.020292, 0.020288, 0.020871
11 , 0.001385, 0.001219, 0.001357, 0.001399, 0.001517, 0.001291, 0.001492, 0.001444, 0.001745, 0.001549, 0.001728, 0.001595, 0.001778, 0.001617, 0.001705, 0.001731, 0.001823, 0.001731, 0.001704, 0.001553, 0.001570, 0.001494, 0.001545, 0.001287, 0.001343, 0.001266, 0.001312, 0.001208, 0.001162, 0.001233, 0.001043, 0.000942, 0.000924, 0.001096, 0.001017, 0.001026, 0.000882, 0.001002, 0.000958, 0.001060, 0.000910, 0.001038, 0.000869, 0.000991, 0.001007, 0.001149, 0.000948, 0.001158, 0.001057, 0.001114, 0.000973, 0.001212, 0.001018, 0.001321, 0.001246, 0.001264, 0.001159, 0.001254, 0.001278, 0.001248, 0.001275, 0.001299, 0.001301, 0.001273, 0.001302, 0.001255, 0.001505, 0.001296, 0.001391, 0.001296, 0.001296, 0.001177, 0.001365, 0.001177, 0.001310, 0.001248, 0.001355, 0.001152, 0.001262, 0.001027, 0.001104, 0.001045, 0.001146, 0.001057, 0.001101, 0.000977, 0.001103, 0.001015, 0.001139, 0.001173, 0.001151, 0.000964
11 , 1, 1, 1, 1, 1, 1, 1
11 , 0.009123, 0.010598, 0.011562, 0.012953, 0.013805, 0.014683, 0.015071
12 , 0.001018, 0.001321, 0.001246, 0.001264, 0.001159, 0.001254, 0.001278, 0.001248, 0.001275, 0.001299, 0.001301, 0.001273, 0.001302, 0.001255, 0.001505, 0.001296, 0.001391, 0.001296, 0.001296, 0.001177, 0.001365, 0.001177, 0.001310, 0.001248, 0.001355, 0.001152, 0.001262, 0.001027, 0.001104, 0.001045, 0.001146, 0.001057, 0.001101, 0.000977, 0.001103, 0.001015, 0.001139, 0.001173, 0.001151, 0.000964, 0.000893, 0.001095, 0.001066, 0.001213, 0.001083, 0.001125, 0.001051, 0.001203, 0.001042, 0.001226, 0.001095, 0.001310, 0.001117, 0.001226, 0.001221, 0.001307, 0.001180, 0.001367, 0.001142, 0.001268, 0.001153, 0.001241, 0.001296, 0.001487, 0.001448, 0.001204, 0.001175, 0.001235, 0.001161, 0.001167, 0.001238, 0.001052, 0.001180, 0.001179, 0.001334, 0.001206, 0.001299, 0.001204, 0.001365, 0.001211, 0.001297, 0.001291, 0.001367, 0.001203, 0.001323, 0.001231, 0.001299, 0.001230, 0.001334, 0.001150, 0.001250, 0.001097
12 , 2, 2, 2, 2, 2, 2, 2
12 , 0.003472, 0.003542, 0.004213, 0.003978, 0.004668, 0.004525, 0.004923
13 , 0.001117, 0.001226, 0.001221, 0.001307, 0.001180, 0.001367, 0.001142, 0.001268, 0.001153, 0.001241, 0.001296, 0.001487, 0.001448, 0.001204, 0.001175, 0.001235, 0.001161, 0.001167, 0.001238, 0.001052, 0.001180, 0.001179, 0.001334, 0.001206, 0.001299, 0.001204, 0.001365, 0.001211, 0.001297, 0.001291, 0.001367, 0.001203, 0.001323, 0.001231, 0.001299, 0.001230, 0.001334, 0.001150, 0.001250, 0.001097, 0.001192, 0.001043, 0.001292, 0.001339, 0.001124, 0.001120, 0.001154, 0.001133, 0.001106, 0.001230, 0.001139, 0.001144, 0.001070, 0.001076, 0.001036, 0.001192, 0.001032, 0.001219, 0.001043, 0.001162, 0.001122, 0.001274, 0.001176, 0.001238, 0.001144, 0.001298, 0.001174, 0.001197, 0.001158, 0.001250, 0.001238, 0.001324, 0.001321, 0.001316, 0.001320, 0.001464, 0.001400, 0.001214, 0.001609, 0.001299, 0.001366, 0.001363, 0.001426, 0.001307, 0.001437, 0.001164, 0.001324, 0.001203, 0.001301, 0.001174, 0.001279, 0.001157
13 , 0, 0, 0, 0, 2, 2, 2
13 , 0.003904, 0.004132, 0.003885, 0.003827, 0.003534, 0.003207, 0.003274
14 , 0.001133, 0.001106, 0.001230, 0.001139, 0.001144, 0.001070, 0.001076, 0.001036, 0.001192, 0.001032, 0.001219, 0.001043, 0.001162, 0.001122, 0.001274, 0.001176, 0.001238, 0.001144, 0.001298, 0.001174, 0.001197, 0.001158, 0.001250, 0.001238, 0.001324, 0.001321, 0.001316, 0.001320, 0.001464, 0.001400, 0.001214, 0.001609, 0.001299, 0.001366, 0.001363, 0.001426, 0.001307, 0.001437, 0.001164, 0.001324, 0.001203, 0.001301, 0.001174, 0.001279, 0.001157, 0.001223, 0.001130, 0.001323, 0.001257, 0.001174, 0.001115, 0.001299, 0.001298, 0.001181, 0.001188, 0.001151, 0.001221, 0.001135, 0.001192, 0.001004, 0.001174, 0.001169, 0.001326, 0.001136, 0.001330, 0.001228, 0.001230, 0.001199, 0.001439, 0.001092, 0.001289, 0.001106, 0.001312, 0.001179, 0.001245, 0.001158, 0.001104, 0.001104, 0.001269, 0.001307, 0.001101, 0.001142, 0.001114, 0.001207, 0.001119, 0.001173, 0.001127, 0.001162, 0.000998, 0.001151, 0.001013, 0.001372
14 , 3, 3, 3, 3, 3, 3, 3
14 , 0.004219, 0.004723, 0.004620, 0.004664, 0.004369, 0.004338, 0.003996
15 , 0.001323, 0.001257, 0.001174, 0.001115, 0.001299, 0.001298, 0.001181, 0.001188, 0.001151, 0.001221, 0.001135, 0.001192, 0.001004, 0.001174, 0.001169, 0.001326, 0.001136, 0.001330, 0.001228, 0.001230, 0.001199, 0.001439, 0.001092, 0.001289, 0.001106, 0.001312, 0.001179, 0.001245, 0.001158, 0.001104, 0.001104, 0.001269, 0.001307, 0.001101, 0.001142, 0.001114, 0.001207, 0.001119, 0.001173, 0.001127, 0.001162, 0.000998, 0.001151, 0.001013, 0.001372, 0.001140, 0.001286, 0.001281, 0.001334, 0.001321, 0.001563, 0.001367, 0.001518, 0.001334, 0.001546, 0.001421, 0.001388, 0.001329, 0.001421, 0.001331, 0.001306, 0.001435, 0.001335, 0.001344, 0.001289, 0.001263, 0.001150, 0.001342, 0.001347, 0.001236, 0.001089, 0.001273, 0.001218, 0.001292, 0.001011, 0.001260, 0.001128, 0.001372, 0.001358, 0.001334, 0.001231, 0.001260, 0.001323, 0.001355, 0.001203, 0.001326, 0.001236, 0.001236, 0.001296, 0.001231, 0.001326, 0.001213
15 , 1, 1, 1, 1, 1, 1, 1
15 , 0.003101, 0.003123, 0.003165, 0.003308, 0.002999, 0.002813, 0.002453
16 , 0.001321, 0.001563, 0.001367, 0.001518, 0.001334, 0.001546, 0.001421, 0.001388, 0.001329, 0.001421, 0.001331, 0.001306, 0.001435, 0.001335, 0.001344, 0.001289, 0.001263, 0.001150, 0.001342, 0.001347, 0.001236, 0.001089, 0.001273, 0.001218, 0.001292, 0.001011, 0.001260, 0.001128, 0.001372, 0.001358, 0.001334, 0.001231, 0.001260, 0.001323, 0.001355, 0.001203, 0.001326, 0.001236, 0.001236, 0.001296, 0.001231, 0.001326, 0.001213, 0.001155, 0.001273, 0.001341, 0.001108, 0.001326, 0.001213, 0.001188, 0.001002, 0.001199, 0.000979, 0.001188, 0.001090, 0.001190, 0.000979, 0.001137, 0.001043, 0.001079, 0.001076, 0.001135, 0.001106, 0.001215, 0.001174, 0.001203, 0.001165, 0.001079, 0.001115, 0.001133, 0.001251, 0.001199, 0.001226, 0.001130, 0.001169, 0.001136, 0.001191, 0.001084, 0.001275, 0.001116, 0.001336, 0.001182, 0.001422, 0.001204, 0.001280, 0.001194, 0.001167, 0.001142, 0.001063, 0.000975, 0.001036, 0.001059
16 , 2, 2, 2, 2, 2, 2, 2
16 , 0.003487, 0.003641, 0.003602, 0.003002, 0.003011, 0.002601, 0.002725
