0 , 0.000996, 0.000844, 0.001437, 0.001462, 0.001260, 0.001474, 0.001474, 0.001550, 0.001550, 0.001498, 0.001677, 0.001540, 0.001522, 0.001439, 0.001625, 0.001500, 0.001538, 0.001379, 0.001330, 0.001447, 0.001300, 0.001387, 0.001292, 0.001417, 0.001647, 0.000379, 0.001957, 0.001686, 0.001713, 0.001506, 0.001390, 0.001461, 0.001576, 0.001465, 0.001323, 0.001385, 0.001328, 0.001456, 0.001281, 0.001348, 0.001374, 0.001418, 0.001298, 0.001361, 0.001296, 0.001587, 0.001490, 0.001505, 0.001363, 0.000353, 0.001411, 0.001521, 0.001410, 0.001457, 0.001675, 0.001520, 0.001627, 0.001371, 0.001694, 0.001462, 0.001637, 0.001565, 0.001468, 0.001581, 0.001663, 0.001577, 0.001534, 0.001679, 0.001613, 0.001663, 0.001494, 0.001520, 0.001676, 0.001299, 0.001258, 0.001596, 0.001631, 0.001509, 0.001441, 0.001343, 0.001438, 0.001318, 0.001530, 0.001406, 0.001530, 0.001404, 0.001534, 0.001372, 0.001526, 0.001404, 0.001467, 0.001428
0 , 2, 1, 1, 1, 1, 1, 1
0 , 0.000996, 0.001483, 0.001359, 0.001004, 0.001166, 0.002421, 0.004658
1 , 0.001410, 0.001457, 0.001675, 0.001520, 0.001627, 0.001371, 0.001694, 0.001462, 0.001637, 0.001565, 0.001468, 0.001581, 0.001663, 0.001577, 0.001534, 0.001679, 0.001613, 0.001663, 0.001494, 0.001520, 0.001676, 0.001299, 0.001258, 0.001596, 0.001631, 0.001509, 0.001441, 0.001343, 0.001438, 0.001318, 0.001530, 0.001406, 0.001530, 0.001404, 0.001534, 0.001372, 0.001526, 0.001404, 0.001467, 0.001428, 0.001456, 0.001363, 0.001512, 0.001488, 0.001511, 0.001357, 0.001568, 0.000319, 0.001238, 0.001502, 0.001445, 0.001389, 0.001682, 0.001583, 0.001781, 0.001514, 0.001729, 0.001664, 0.001768, 0.001609, 0.001665, 0.001820, 0.001756, 0.001726, 0.001635, 0.001946, 0.001812, 0.001842, 0.001656, 0.001808, 0.001751, 0.001852, 0.000388, 0.001591, 0.001513, 0.001467, 0.001602, 0.001438, 0.001587, 0.001355, 0.001500, 0.001545, 0.001661, 0.001445, 0.001657, 0.001461, 0.001623, 0.001529, 0.001564, 0.001495, 0.001657, 0.001531
1 , 1, 1, 1, 1, 1, 1, 1
1 , 0.002388, 0.003871, 0.005059, 0.004969, 0.007549, 0.006134, 0.006211
2 , 0.001445, 0.001389, 0.001682, 0.001583, 0.001781, 0.001514, 0.001729, 0.001664, 0.001768, 0.001609, 0.001665, 0.001820, 0.001756, 0.001726, 0.001635, 0.001946, 0.001812, 0.001842, 0.001656, 0.001808, 0.001751, 0.001852, 0.000388, 0.001591, 0.001513, 0.001467, 0.001602, 0.001438, 0.001587, 0.001355, 0.001500, 0.001545, 0.001661, 0.001445, 0.001657, 0.001461, 0.001623, 0.001529, 0.001564, 0.001495, 0.001657, 0.001531, 0.001591, 0.001451, 0.001688, 0.001083, 0.000679, 0.001197, 0.001235, 0.001177, 0.001439, 0.001445, 0.001514, 0.001385, 0.001365, 0.001538, 0.001460, 0.001524, 0.001387, 0.001675, 0.001546, 0.001732, 0.001587, 0.001645, 0.001682, 0.001647, 0.001557, 0.001448, 0.001522, 0.001754, 0.000515, 0.001681, 0.001494, 0.001692, 0.001539, 0.001535, 0.001469, 0.001435, 0.001522, 0.001549, 0.001599, 0.001433, 0.001522, 0.001550, 0.001701, 0.001572, 0.001794, 0.001610, 0.001648, 0.001498, 0.001749, 0.001747
2 , 2, 2, 2, 2, 2, 2, 2
2 , 0.003679, 0.005429, 0.005933, 0.008852, 0.006424, 0.006705, 0.006291
3 , 0.001177, 0.001439, 0.001445, 0.001514, 0.001385, 0.001365, 0.001538, 0.001460, 0.001524, 0.001387, 0.001675, 0.001546, 0.001732, 0.001587, 0.001645, 0.001682, 0.001647, 0.001557, 0.001448, 0.001522, 0.001754, 0.000515, 0.001681, 0.001494, 0.001692, 0.001539, 0.001535, 0.001469, 0.001435, 0.001522, 0.001549, 0.001599, 0.001433, 0.001522, 0.001550, 0.001701, 0.001572, 0.001794, 0.001610, 0.001648, 0.001498, 0.001749, 0.001747, 0.001603, 0.001477, 0.001625, 0.001406, 0.000113, 0.001284, 0.001371, 0.001343, 0.001382, 0.001401, 0.001461, 0.001355, 0.001385, 0.001522, 0.001491, 0.001473, 0.001408, 0.001549, 0.001522, 0.001499, 0.001476, 0.001661, 0.001487, 0.001486, 0.001574, 0.001292, 0.001428, 0.001520, 0.001274, 0.001244, 0.001705, 0.001594, 0.001570, 0.001470, 0.001469, 0.001374, 0.001260, 0.001655, 0.001555, 0.001536, 0.001496, 0.001579, 0.001421, 0.001450, 0.001517, 0.001491, 0.001469, 0.001497, 0.001568
3 , 0, 0, 0, 0, 0, 0, 2
3 , 0.004020, 0.003492, 0.003072, 0.004615, 0.001567, 0.001608, 0.001596
4 , 0.001371, 0.001343, 0.001382, 0.001401, 0.001461, 0.001355, 0.001385, 0.001522, 0.001491, 0.001473, 0.001408, 0.001549, 0.001522, 0.001499, 0.001476, 0.001661, 0.001487, 0.001486, 0.001574, 0.001292, 0.001428, 0.001520, 0.001274, 0.001244, 0.001705, 0.001594, 0.001570, 0.001470, 0.001469, 0.001374, 0.001260, 0.001655, 0.001555, 0.001536, 0.001496, 0.001579, 0.001421, 0.001450, 0.001517, 0.001491, 0.001469, 0.001497, 0.001568, 0.001459, 0.001511, 0.001747, 0.000523, 0.001167, 0.001435, 0.001337, 0.001332, 0.001541, 0.001487, 0.001401, 0.001367, 0.001651, 0.001488, 0.001527, 0.001420, 0.001523, 0.001466, 0.001508, 0.001443, 0.001394, 0.001493, 0.001330, 0.001542, 0.001224, 0.001455, 0.001315, 0.001548, 0.000534, 0.001863, 0.001674, 0.001710, 0.001687, 0.001596, 0.001543, 0.001354, 0.001554, 0.001408, 0.001499, 0.001366, 0.001552, 0.001464, 0.001653, 0.001497, 0.001621, 0.001401, 0.001592, 0.001555, 0.001554
4 , 0, 0, 0, 0, 2, 0, 2
4 , 0.003678, 0.004203, 0.003879, 0.001628, 0.003165, 0.002761, 0.002377
5 , 0.001167, 0.001435, 0.001337, 0.001332, 0.001541, 0.001487, 0.001401, 0.001367, 0.001651, 0.001488, 0.001527, 0.001420, 0.001523, 0.001466, 0.001508, 0.001443, 0.001394, 0.001493, 0.001330, 0.001542, 0.001224, 0.001455, 0.001315, 0.001548, 0.000534, 0.001863, 0.001674, 0.001710, 0.001687, 0.001596, 0.001543, 0.001354, 0.001554, 0.001408, 0.001499, 0.001366, 0.001552, 0.001464, 0.001653, 0.001497, 0.001621, 0.001401, 0.001592, 0.001555, 0.001554, 0.001433, 0.001611, 0.001499, 0.001575, 0.001218, 0.000653, 0.001472, 0.001265, 0.001280, 0.001443, 0.001458, 0.001568, 0.001356, 0.001542, 0.001417, 0.001485, 0.001190, 0.001542, 0.001478, 0.001421, 0.001436, 0.001330, 0.001595, 0.001334, 0.001451, 0.001277, 0.001599, 0.001364, 0.001570, 0.000450, 0.001551, 0.001742, 0.001786, 0.001699, 0.001545, 0.001614, 0.001556, 0.001585, 0.001392, 0.001702, 0.001602, 0.001782, 0.001562, 0.001688, 0.001562, 0.001656, 0.001526
5 , 0, 0, 0, 0, 0, 0, 0
5 , 0.004144, 0.004571, 0.005489, 0.005297, 0.005288, 0.005597, 0.006852
6 , 0.001265, 0.001280, 0.001443, 0.001458, 0.001568, 0.001356, 0.001542, 0.001417, 0.001485, 0.001190, 0.001542, 0.001478, 0.001421, 0.001436, 0.001330, 0.001595, 0.001334, 0.001451, 0.001277, 0.001599, 0.001364, 0.001570, 0.000450, 0.001551, 0.001742, 0.001786, 0.001699, 0.001545, 0.001614, 0.001556, 0.001585, 0.001392, 0.001702, 0.001602, 0.001782, 0.001562, 0.001688, 0.001562, 0.001656, 0.001526, 0.001653, 0.001550, 0.001690, 0.001591, 0.001551, 0.001531, 0.000071, 0.001320, 0.001194, 0.001235, 0.001565, 0.001432, 0.001466, 0.001344, 0.001606, 0.001465, 0.001662, 0.001367, 0.001405, 0.001550, 0.001568, 0.001561, 0.001515, 0.001651, 0.001443, 0.001640, 0.001461, 0.001515, 0.001599, 0.001473, 0.001330, 0.001302, 0.001393, 0.001098, 0.001960, 0.001779, 0.001660, 0.001592, 0.001656, 0.001558, 0.001653, 0.001584, 0.001558, 0.001525, 0.001584, 0.001555, 0.001497, 0.001591, 0.001652, 0.001686, 0.001631, 0.001664
6 , 0, 0, 0, 0, 0, 0, 0
6 , 0.007284, 0.006895, 0.006566, 0.004041, 0.005928, 0.005204, 0.004849
7 , 0.000071, 0.001320, 0.001194, 0.001235, 0.001565, 0.001432, 0.001466, 0.001344, 0.001606, 0.001465, 0.001662, 0.001367, 0.001405, 0.001550, 0.001568, 0.001561, 0.001515, 0.001651, 0.001443, 0.001640, 0.001461, 0.001515, 0.001599, 0.001473, 0.001330, 0.001302, 0.001393, 0.001098, 0.001960, 0.001779, 0.001660, 0.001592, 0.001656, 0.001558, 0.001653, 0.001584, 0.001558, 0.001525, 0.001584, 0.001555, 0.001497, 0.001591, 0.001652, 0.001686, 0.001631, 0.001664, 0.001484, 0.001497, 0.001411, 0.001430, 0.001363, 0.001501, 0.001352, 0.001445, 0.001352, 0.001480, 0.001350, 0.001445, 0.001411, 0.001562, 0.001313, 0.001587, 0.001424, 0.001607, 0.001421, 0.001507, 0.001442, 0.001474, 0.001469, 0.001378, 0.001435, 0.001530, 0.001392, 0.001539, 0.001564, 0.001533, 0.001652, 0.001550, 0.001549, 0.001605, 0.001578, 0.001495, 0.001563, 0.001481, 0.001549, 0.001374, 0.001427, 0.001282, 0.001390, 0.001270, 0.001388, 0.001295
7 , 0, 0, 0, 0, 0, 0, 0
7 , 0.003992, 0.003896, 0.004484, 0.004379, 0.002676, 0.002372, 0.001958
8 , 0.001411, 0.001430, 0.001363, 0.001501, 0.001352, 0.001445, 0.001352, 0.001480, 0.001350, 0.001445, 0.001411, 0.001562, 0.001313, 0.001587, 0.001424, 0.001607, 0.001421, 0.001507, 0.001442, 0.001474, 0.001469, 0.001378, 0.001435, 0.001530, 0.001392, 0.001539, 0.001564, 0.001533, 0.001652, 0.001550, 0.001549, 0.001605, 0.001578, 0.001495, 0.001563, 0.001481, 0.001549, 0.001374, 0.001427, 0.001282, 0.001390, 0.001270, 0.001388, 0.001295, 0.001490, 0.001284, 0.001271, 0.001206, 0.001518, 0.001244, 0.001246, 0.001240, 0.001298, 0.001286, 0.001304, 0.001443, 0.001519, 0.001592, 0.001377, 0.001497, 0.001398, 0.001550, 0.001564, 0.001497, 0.001506, 0.001684, 0.001560, 0.001680, 0.001549, 0.001729, 0.001635, 0.001824, 0.001606, 0.001770, 0.001588, 0.001682, 0.001628, 0.001571, 0.001456, 0.001561, 0.001443, 0.001575, 0.001457, 0.001435, 0.001438, 0.001347, 0.001387, 0.001394, 0.001270, 0.001247, 0.001308, 0.001313
8 , 0, 0, 0, 0, 3, 3, 1
8 , 0.002805, 0.002651, 0.001614, 0.000940, 0.000675, 0.000997, 0.002005
9 , 0.001271, 0.001206, 0.001518, 0.001244, 0.001246, 0.001240, 0.001298, 0.001286, 0.001304, 0.001443, 0.001519, 0.001592, 0.001377, 0.001497, 0.001398, 0.001550, 0.001564, 0.001497, 0.001506, 0.001684, 0.001560, 0.001680, 0.001549, 0.001729, 0.001635, 0.001824, 0.001606, 0.001770, 0.001588, 0.001682, 0.001628, 0.001571, 0.001456, 0.001561, 0.001443, 0.001575, 0.001457, 0.001435, 0.001438, 0.001347, 0.001387, 0.001394, 0.001270, 0.001247, 0.001308, 0.001313, 0.001330, 0.001259, 0.001438, 0.001281, 0.001535, 0.001286, 0.001467, 0.001367, 0.001577, 0.001418, 0.001536, 0.001377, 0.001565, 0.001400, 0.001464, 0.001479, 0.001536, 0.001448, 0.001501, 0.001530, 0.001559, 0.001684, 0.001559, 0.001591, 0.001445, 0.001415, 0.001443, 0.001564, 0.001442, 0.001654, 0.001408, 0.001599, 0.001437, 0.001602, 0.001392, 0.001549, 0.001425, 0.001465, 0.001164, 0.001469, 0.001488, 0.001546, 0.001482, 0.001453, 0.001415, 0.001623
9 , 0, 0, 0, 0, 0, 0, 1
9 , 0.004371, 0.003247, 0.002474, 0.001793, 0.001183, 0.000510, 0.000314
10 , 0.001330, 0.001259, 0.001438, 0.001281, 0.001535, 0.001286, 0.001467, 0.001367, 0.001577, 0.001418, 0.001536, 0.001377, 0.001565, 0.001400, 0.001464, 0.001479, 0.001536, 0.001448, 0.001501, 0.001530, 0.001559, 0.001684, 0.001559, 0.001591, 0.001445, 0.001415, 0.001443, 0.001564, 0.001442, 0.001654, 0.001408, 0.001599, 0.001437, 0.001602, 0.001392, 0.001549, 0.001425, 0.001465, 0.001164, 0.001469, 0.001488, 0.001546, 0.001482, 0.001453, 0.001415, 0.001623, 0.001527, 0.001590, 0.001494, 0.001439, 0.001472, 0.001464, 0.001522, 0.001549, 0.001699, 0.001485, 0.001600, 0.001592, 0.001692, 0.001503, 0.001667, 0.001480, 0.001483, 0.001412, 0.001621, 0.001462, 0.001704, 0.001577, 0.001766, 0.001521, 0.001707, 0.001677, 0.001654, 0.001685, 0.001692, 0.001604, 0.001519, 0.001577, 0.001575, 0.001495, 0.001495, 0.001588, 0.001558, 0.001567, 0.001440, 0.001559, 0.001464, 0.001501, 0.001401, 0.001500, 0.001372, 0.001642
10 , 0, 3, 3, 3, 3, 1, 1
10 , 0.002213, 0.001433, 0.001291, 0.001008, 0.001119, 0.000923, 0.001350
11 , 0.001527, 0.001590, 0.001494, 0.001439, 0.001472, 0.001464, 0.001522, 0.001549, 0.001699, 0.001485, 0.001600, 0.001592, 0.001692, 0.001503, 0.001667, 0.001480, 0.001483, 0.001412, 0.001621, 0.001462, 0.001704, 0.001577, 0.001766, 0.001521, 0.001707, 0.001677, 0.001654, 0.001685, 0.001692, 0.001604, 0.001519, 0.001577, 0.001575, 0.001495, 0.001495, 0.001588, 0.001558, 0.001567, 0.001440, 0.001559, 0.001464, 0.001501, 0.001401, 0.001500, 0.001372, 0.001642, 0.001455, 0.001641, 0.001517, 0.001610, 0.001481, 0.001604, 0.001534, 0.001628, 0.001564, 0.001600, 0.001506, 0.001533, 0.001501, 0.001559, 0.001624, 0.001478, 0.001534, 0.001474, 0.001474, 0.001507, 0.001602, 0.001573, 0.001639, 0.001392, 0.001559, 0.001379, 0.001550, 0.001313, 0.001501, 0.001440, 0.001394, 0.001313, 0.001381, 0.001316, 0.001447, 0.001205, 0.001230, 0.001402, 0.001354, 0.001322, 0.001401, 0.001421, 0.001394, 0.001484, 0.001252, 0.001607
11 , 3, 3, 3, 3, 3, 3, 1
11 , 0.004077, 0.004400, 0.003940, 0.003923, 0.003177, 0.003156, 0.002640
12 , 0.001641, 0.001517, 0.001610, 0.001481, 0.001604, 0.001534, 0.001628, 0.001564, 0.001600, 0.001506, 0.001533, 0.001501, 0.001559, 0.001624, 0.001478, 0.001534, 0.001474, 0.001474, 0.001507, 0.001602, 0.001573, 0.001639, 0.001392, 0.001559, 0.001379, 0.001550, 0.001313, 0.001501, 0.001440, 0.001394, 0.001313, 0.001381, 0.001316, 0.001447, 0.001205, 0.001230, 0.001402, 0.001354, 0.001322, 0.001401, 0.001421, 0.001394, 0.001484, 0.001252, 0.001607, 0.001500, 0.001671, 0.001564, 0.001677, 0.001577, 0.001668, 0.001716, 0.001835, 0.001680, 0.001688, 0.001627, 0.001842, 0.001656, 0.001785, 0.001625, 0.001597, 0.001570, 0.001701, 0.001589, 0.001587, 0.001558, 0.001562, 0.001562, 0.001467, 0.001657, 0.001535, 0.001512, 0.001422, 0.001546, 0.001517, 0.001612, 0.001397, 0.001648, 0.001525, 0.001646, 0.001374, 0.001588, 0.001488, 0.001622, 0.001498, 0.001655, 0.001493, 0.001587, 0.001619, 0.001648, 0.001556, 0.001526
12 , 1, 1, 1, 1, 1, 1, 1
12 , 0.005613, 0.005518, 0.005779, 0.005805, 0.005315, 0.004844, 0.004372
13 , 0.001577, 0.001668, 0.001716, 0.001835, 0.001680, 0.001688, 0.001627, 0.001842, 0.001656, 0.001785, 0.001625, 0.001597, 0.001570, 0.001701, 0.001589, 0.001587, 0.001558, 0.001562, 0.001562, 0.001467, 0.001657, 0.001535, 0.001512, 0.001422, 0.001546, 0.001517, 0.001612, 0.001397, 0.001648, 0.001525, 0.001646, 0.001374, 0.001588, 0.001488, 0.001622, 0.001498, 0.001655, 0.001493, 0.001587, 0.001619, 0.001648, 0.001556, 0.001526, 0.001529, 0.001561, 0.001561, 0.001565, 0.001541, 0.001415, 0.001668, 0.001474, 0.001605, 0.001424, 0.001544, 0.001511, 0.001610, 0.001453, 0.001663, 0.001386, 0.001565, 0.001491, 0.001580, 0.001426, 0.001546, 0.001476, 0.001501, 0.001559, 0.001715, 0.001559, 0.001555, 0.001738, 0.001552, 0.001704, 0.001579, 0.001697, 0.001577, 0.001673, 0.001645, 0.001628, 0.001538, 0.001757, 0.001631, 0.001763, 0.001483, 0.001613, 0.001459, 0.001613, 0.001549, 0.001574, 0.001599, 0.001661, 0.001596
13 , 2, 2, 2, 2, 2, 2, 2
13 , 0.004233, 0.003978, 0.004279, 0.003793, 0.003637, 0.003094, 0.002942
14 , 0.001415, 0.001668, 0.001474, 0.001605, 0.001424, 0.001544, 0.001511, 0.001610, 0.001453, 0.001663, 0.001386, 0.001565, 0.001491, 0.001580, 0.001426, 0.001546, 0.001476, 0.001501, 0.001559, 0.001715, 0.001559, 0.001555, 0.001738, 0.001552, 0.001704, 0.001579, 0.001697, 0.001577, 0.001673, 0.001645, 0.001628, 0.001538, 0.001757, 0.001631, 0.001763, 0.001483, 0.001613, 0.001459, 0.001613, 0.001549, 0.001574, 0.001599, 0.001661, 0.001596, 0.001502, 0.001689, 0.001629, 0.001505, 0.001533, 0.001533, 0.001628, 0.001631, 0.001531, 0.001600, 0.001509, 0.001613, 0.001645, 0.001587, 0.001465, 0.001654, 0.001561, 0.001716, 0.001474, 0.001600, 0.001466, 0.001623, 0.001623, 0.001561, 0.001533, 0.001538, 0.001483, 0.001497, 0.001534, 0.001387, 0.001368, 0.001467, 0.001440, 0.001325, 0.001332, 0.001237, 0.001309, 0.001252, 0.001379, 0.001338, 0.001486, 0.001296, 0.001365, 0.001320, 0.001526, 0.001357, 0.001509, 0.001433
14 , 3, 3, 3, 3, 3, 3, 3
14 , 0.006183, 0.006023, 0.006038, 0.006002, 0.005443, 0.005775, 0.005109
15 , 0.001629, 0.001505, 0.001533, 0.001533, 0.001628, 0.001631, 0.001531, 0.001600, 0.001509, 0.001613, 0.001645, 0.001587, 0.001465, 0.001654, 0.001561, 0.001716, 0.001474, 0.001600, 0.001466, 0.001623, 0.001623, 0.001561, 0.001533, 0.001538, 0.001483, 0.001497, 0.001534, 0.001387, 0.001368, 0.001467, 0.001440, 0.001325, 0.001332, 0.001237, 0.001309, 0.001252, 0.001379, 0.001338, 0.001486, 0.001296, 0.001365, 0.001320, 0.001526, 0.001357, 0.001509, 0.001433, 0.001493, 0.001299, 0.001507, 0.001564, 0.001562, 0.001585, 0.001634, 0.001507, 0.001542, 0.001612, 0.001546, 0.001668, 0.001542, 0.001573, 0.001446, 0.001688, 0.001465, 0.001653, 0.001647, 0.001765, 0.001451, 0.001793, 0.001574, 0.001724, 0.001691, 0.001720, 0.001751, 0.001756, 0.001662, 0.001868, 0.001774, 0.001658, 0.001717, 0.001659, 0.001786, 0.001700, 0.001579, 0.001586, 0.001807, 0.001623, 0.001689, 0.001535, 0.001577, 0.001517, 0.001591, 0.001406
15 , 2, 2, 2, 2, 2, 2, 1
15 , 0.006346, 0.006366, 0.006254, 0.005710, 0.005150, 0.004538, 0.004413
16 , 0.001299, 0.001507, 0.001564, 0.001562, 0.001585, 0.001634, 0.001507, 0.001542, 0.001612, 0.001546, 0.001668, 0.001542, 0.001573, 0.001446, 0.001688, 0.001465, 0.001653, 0.001647, 0.001765, 0.001451, 0.001793, 0.001574, 0.001724, 0.001691, 0.001720, 0.001751, 0.001756, 0.001662, 0.001868, 0.001774, 0.001658, 0.001717, 0.001659, 0.001786, 0.001700, 0.001579, 0.001586, 0.001807, 0.001623, 0.001689, 0.001535, 0.001577, 0.001517, 0.001591, 0.001406, 0.001443, 0.001319, 0.001539, 0.001352, 0.001515, 0.001396, 0.001549, 0.001457, 0.001421, 0.001511, 0.001511, 0.001562, 0.001590, 0.001464, 0.001490, 0.001588, 0.001578, 0.001629, 0.001529, 0.001681, 0.001525, 0.001671, 0.001542, 0.001732, 0.001664, 0.001757, 0.001547, 0.001819, 0.001633, 0.001696, 0.001483, 0.001636, 0.001661, 0.001725, 0.001634, 0.001753, 0.001779, 0.001658, 0.001812, 0.001607, 0.001729, 0.001702, 0.001742, 0.001649, 0.001659, 0.001602, 0.001612
16 , 0, 0, 0, 0, 0, 0, 0
16 , 0.006700, 0.006313, 0.005322, 0.004401, 0.003821, 0.002635, 0.001911
