0 , 0.001293, 0.001379, 0.001369, 0.001523, 0.001331, 0.001423, 0.001266, 0.001396, 0.001390, 0.001290, 0.001354, 0.000797, 0.001264, 0.001446, 0.001707, 0.001525, 0.001525, 0.001480, 0.001669, 0.001737, 0.001650, 0.001741, 0.001635, 0.001760, 0.001597, 0.001772, 0.001488, 0.001741, 0.001703, 0.001677, 0.001828, 0.001703, 0.001817, 0.001669, 0.001612, 0.001756, 0.000488, 0.001466, 0.001567, 0.001562, 0.001350, 0.001403, 0.001314, 0.001347, 0.001343, 0.001495, 0.001371, 0.001443, 0.001380, 0.001346, 0.001321, 0.001329, 0.001265, 0.001358, 0.001360, 0.001395, 0.001202, 0.001324, 0.001279, 0.001342, 0.000735, 0.001487, 0.001461, 0.001571, 0.001586, 0.001620, 0.001483, 0.001717, 0.001524, 0.001660, 0.001442, 0.001592, 0.001658, 0.001695, 0.001597, 0.001646, 0.001893, 0.001628, 0.001737, 0.001594, 0.001696, 0.001787, 0.001662, 0.001707, 0.001182, 0.000951, 0.001679, 0.001536, 0.001602, 0.001378, 0.001434, 0.001309
0 , 0, 0, 0, 0, 0, 0, 0
0 , 0.009093, 0.008089, 0.007194, 0.006239, 0.005364, 0.003917, 0.002770
1 , 0.001371, 0.001443, 0.001380, 0.001346, 0.001321, 0.001329, 0.001265, 0.001358, 0.001360, 0.001395, 0.001202, 0.001324, 0.001279, 0.001342, 0.000735, 0.001487, 0.001461, 0.001571, 0.001586, 0.001620, 0.001483, 0.001717, 0.001524, 0.001660, 0.001442, 0.001592, 0.001658, 0.001695, 0.001597, 0.001646, 0.001893, 0.001628, 0.001737, 0.001594, 0.001696, 0.001787, 0.001662, 0.001707, 0.001182, 0.000951, 0.001679, 0.001536, 0.001602, 0.001378, 0.001434, 0.001309, 0.001401, 0.001249, 0.001376, 0.001339, 0.001523, 0.001430, 0.001489, 0.001487, 0.001487, 0.001421, 0.001453, 0.001452, 0.001446, 0.001503, 0.001387, 0.001443, 0.001368, 0.001517, 0.000248, 0.001382, 0.001167, 0.001452, 0.001447, 0.001523, 0.001331, 0.001632, 0.001466, 0.001520, 0.001418, 0.001528, 0.001641, 0.001562, 0.001676, 0.001505, 0.001644, 0.001546, 0.001644, 0.001562, 0.001623, 0.001730, 0.001612, 0.001616, 0.001555, 0.000455, 0.001568, 0.001454
1 , 0, 0, 0, 0, 0, 0, 0
1 , 0.009942, 0.008481, 0.007996, 0.007653, 0.006729, 0.005934, 0.005606
2 , 0.001401, 0.001249, 0.001376, 0.001339, 0.001523, 0.001430, 0.001489, 0.001487, 0.001487, 0.001421, 0.001453, 0.001452, 0.001446, 0.001503, 0.001387, 0.001443, 0.001368, 0.001517, 0.000248, 0.001382, 0.001167, 0.001452, 0.001447, 0.001523, 0.001331, 0.001632, 0.001466, 0.001520, 0.001418, 0.001528, 0.001641, 0.001562, 0.001676, 0.001505, 0.001644, 0.001546, 0.001644, 0.001562, 0.001623, 0.001730, 0.001612, 0.001616, 0.001555, 0.000455, 0.001568, 0.001454, 0.001521, 0.001263, 0.001537, 0.001347, 0.001408, 0.001401, 0.001554, 0.001281, 0.001500, 0.001378, 0.001472, 0.001193, 0.001466, 0.001428, 0.001523, 0.001269, 0.001401, 0.001269, 0.001526, 0.001443, 0.000933, 0.001230, 0.001344, 0.001541, 0.001488, 0.001590, 0.001491, 0.001415, 0.001726, 0.001654, 0.001638, 0.001677, 0.001824, 0.001601, 0.001616, 0.001620, 0.001832, 0.001783, 0.001647, 0.001783, 0.001627, 0.001806, 0.001620, 0.001673, 0.001737, 0.001668
2 , 0, 0, 0, 0, 0, 0, 0
2 , 0.008052, 0.008788, 0.009453, 0.009592, 0.009441, 0.008017, 0.008421
3 , 0.001347, 0.001408, 0.001401, 0.001554, 0.001281, 0.001500, 0.001378, 0.001472, 0.001193, 0.001466, 0.001428, 0.001523, 0.001269, 0.001401, 0.001269, 0.001526, 0.001443, 0.000933, 0.001230, 0.001344, 0.001541, 0.001488, 0.001590, 0.001491, 0.001415, 0.001726, 0.001654, 0.001638, 0.001677, 0.001824, 0.001601, 0.001616, 0.001620, 0.001832, 0.001783, 0.001647, 0.001783, 0.001627, 0.001806, 0.001620, 0.001673, 0.001737, 0.001668, 0.001995, 0.000282, 0.001826, 0.001539, 0.001528, 0.001405, 0.001352, 0.001199, 0.001286, 0.001294, 0.001327, 0.001231, 0.001294, 0.001297, 0.001294, 0.001385, 0.001291, 0.001352, 0.001259, 0.001315, 0.001250, 0.001431, 0.001332, 0.001337, 0.001268, 0.001367, 0.001212, 0.000586, 0.001459, 0.001548, 0.001446, 0.001442, 0.001677, 0.001567, 0.001612, 0.001465, 0.001706, 0.001547, 0.001623, 0.001476, 0.001626, 0.001596, 0.001460, 0.001644, 0.001379, 0.001596, 0.001421, 0.001348, 0.001411
3 , 0, 0, 0, 0, 0, 0, 0
3 , 0.010718, 0.008802, 0.009559, 0.011437, 0.011060, 0.010736, 0.010189
4 , 0.001352, 0.001199, 0.001286, 0.001294, 0.001327, 0.001231, 0.001294, 0.001297, 0.001294, 0.001385, 0.001291, 0.001352, 0.001259, 0.001315, 0.001250, 0.001431, 0.001332, 0.001337, 0.001268, 0.001367, 0.001212, 0.000586, 0.001459, 0.001548, 0.001446, 0.001442, 0.001677, 0.001567, 0.001612, 0.001465, 0.001706, 0.001547, 0.001623, 0.001476, 0.001626, 0.001596, 0.001460, 0.001644, 0.001379, 0.001596, 0.001421, 0.001348, 0.001411, 0.001317, 0.001538, 0.001070, 0.001499, 0.001697, 0.001802, 0.001502, 0.001504, 0.001444, 0.001634, 0.001507, 0.001456, 0.001367, 0.001500, 0.001227, 0.001415, 0.001235, 0.001389, 0.001299, 0.001242, 0.001367, 0.001241, 0.001303, 0.001444, 0.001274, 0.001576, 0.000129, 0.001290, 0.001419, 0.001370, 0.001279, 0.001669, 0.001441, 0.001478, 0.001400, 0.001698, 0.001693, 0.001595, 0.001538, 0.001579, 0.001737, 0.001609, 0.001666, 0.001584, 0.001641, 0.001482, 0.001571, 0.001532, 0.001583
4 , 0, 0, 0, 0, 0, 0, 0
4 , 0.004187, 0.004486, 0.007005, 0.009239, 0.009833, 0.010450, 0.010062
5 , 0.001444, 0.001634, 0.001507, 0.001456, 0.001367, 0.001500, 0.001227, 0.001415, 0.001235, 0.001389, 0.001299, 0.001242, 0.001367, 0.001241, 0.001303, 0.001444, 0.001274, 0.001576, 0.000129, 0.001290, 0.001419, 0.001370, 0.001279, 0.001669, 0.001441, 0.001478, 0.001400, 0.001698, 0.001693, 0.001595, 0.001538, 0.001579, 0.001737, 0.001609, 0.001666, 0.001584, 0.001641, 0.001482, 0.001571, 0.001532, 0.001583, 0.001604, 0.001652, 0.000772, 0.001706, 0.001503, 0.001512, 0.001533, 0.001438, 0.001618, 0.001463, 0.001557, 0.001396, 0.001587, 0.001465, 0.001537, 0.001349, 0.001594, 0.001444, 0.001573, 0.001420, 0.001460, 0.001369, 0.001439, 0.001299, 0.001509, 0.001274, 0.001536, 0.000775, 0.000965, 0.001491, 0.001351, 0.001370, 0.001669, 0.001465, 0.001643, 0.001567, 0.001794, 0.001760, 0.001730, 0.001760, 0.001650, 0.001696, 0.001631, 0.001768, 0.001593, 0.001772, 0.001662, 0.001669, 0.001597, 0.001575, 0.001673
5 , 0, 0, 0, 0, 0, 0, 0
5 , 0.005228, 0.007910, 0.009223, 0.009700, 0.010745, 0.009450, 0.009637
6 , 0.001463, 0.001557, 0.001396, 0.001587, 0.001465, 0.001537, 0.001349, 0.001594, 0.001444, 0.001573, 0.001420, 0.001460, 0.001369, 0.001439, 0.001299, 0.001509, 0.001274, 0.001536, 0.000775, 0.000965, 0.001491, 0.001351, 0.001370, 0.001669, 0.001465, 0.001643, 0.001567, 0.001794, 0.001760, 0.001730, 0.001760, 0.001650, 0.001696, 0.001631, 0.001768, 0.001593, 0.001772, 0.001662, 0.001669, 0.001597, 0.001575, 0.001673, 0.001796, 0.000273, 0.001666, 0.001411, 0.001464, 0.001368, 0.001393, 0.001419, 0.001319, 0.001436, 0.001363, 0.001513, 0.001354, 0.001508, 0.001415, 0.001476, 0.001407, 0.001507, 0.001388, 0.001513, 0.001358, 0.001477, 0.001381, 0.001632, 0.001355, 0.000327, 0.001215, 0.001261, 0.001252, 0.001514, 0.001496, 0.001470, 0.001390, 0.001427, 0.001562, 0.001404, 0.001586, 0.001393, 0.001502, 0.001493, 0.001482, 0.001543, 0.001623, 0.001649, 0.001601, 0.001544, 0.001469, 0.001680, 0.001749, 0.001213
6 , 0, 0, 0, 0, 0, 0, 0
6 , 0.004709, 0.006894, 0.007398, 0.007951, 0.007763, 0.007245, 0.007122
7 , 0.001419, 0.001319, 0.001436, 0.001363, 0.001513, 0.001354, 0.001508, 0.001415, 0.001476, 0.001407, 0.001507, 0.001388, 0.001513, 0.001358, 0.001477, 0.001381, 0.001632, 0.001355, 0.000327, 0.001215, 0.001261, 0.001252, 0.001514, 0.001496, 0.001470, 0.001390, 0.001427, 0.001562, 0.001404, 0.001586, 0.001393, 0.001502, 0.001493, 0.001482, 0.001543, 0.001623, 0.001649, 0.001601, 0.001544, 0.001469, 0.001680, 0.001749, 0.001213, 0.001382, 0.001470, 0.001512, 0.001428, 0.001522, 0.001429, 0.001368, 0.001241, 0.001329, 0.001264, 0.001418, 0.001351, 0.001317, 0.001372, 0.001336, 0.001297, 0.001330, 0.001388, 0.001418, 0.001514, 0.001359, 0.001427, 0.001355, 0.001411, 0.001558, 0.000385, 0.001275, 0.001506, 0.001382, 0.001435, 0.001503, 0.001548, 0.001556, 0.001526, 0.001745, 0.001552, 0.001722, 0.001563, 0.001605, 0.001590, 0.001639, 0.001522, 0.001548, 0.001855, 0.001539, 0.001786, 0.001626, 0.001874, 0.001700
7 , 0, 0, 0, 0, 0, 0, 0
7 , 0.004891, 0.007722, 0.008917, 0.009350, 0.009864, 0.008665, 0.008348
8 , 0.001241, 0.001329, 0.001264, 0.001418, 0.001351, 0.001317, 0.001372, 0.001336, 0.001297, 0.001330, 0.001388, 0.001418, 0.001514, 0.001359, 0.001427, 0.001355, 0.001411, 0.001558, 0.000385, 0.001275, 0.001506, 0.001382, 0.001435, 0.001503, 0.001548, 0.001556, 0.001526, 0.001745, 0.001552, 0.001722, 0.001563, 0.001605, 0.001590, 0.001639, 0.001522, 0.001548, 0.001855, 0.001539, 0.001786, 0.001626, 0.001874, 0.001700, 0.001842, 0.000485, 0.001456, 0.001446, 0.001364, 0.001451, 0.001292, 0.001364, 0.001148, 0.001331, 0.001141, 0.001242, 0.001181, 0.001220, 0.001279, 0.001281, 0.001092, 0.001181, 0.001177, 0.001327, 0.001111, 0.001250, 0.001311, 0.001342, 0.000669, 0.001007, 0.001499, 0.001397, 0.001427, 0.001653, 0.001418, 0.001482, 0.001426, 0.001637, 0.001445, 0.001668, 0.001520, 0.001493, 0.001698, 0.001550, 0.001562, 0.001585, 0.001732, 0.001570, 0.001794, 0.001651, 0.001673, 0.001563, 0.001842, 0.000393
8 , 0, 0, 0, 0, 0, 0, 0
8 , 0.012752, 0.013202, 0.013560, 0.012433, 0.011836, 0.011508, 0.010937
9 , 0.001292, 0.001364, 0.001148, 0.001331, 0.001141, 0.001242, 0.001181, 0.001220, 0.001279, 0.001281, 0.001092, 0.001181, 0.001177, 0.001327, 0.001111, 0.001250, 0.001311, 0.001342, 0.000669, 0.001007, 0.001499, 0.001397, 0.001427, 0.001653, 0.001418, 0.001482, 0.001426, 0.001637, 0.001445, 0.001668, 0.001520, 0.001493, 0.001698, 0.001550, 0.001562, 0.001585, 0.001732, 0.001570, 0.001794, 0.001651, 0.001673, 0.001563, 0.001842, 0.000393, 0.001436, 0.001599, 0.001498, 0.001440, 0.001372, 0.001588, 0.001432, 0.001468, 0.001379, 0.001376, 0.001283, 0.001527, 0.001274, 0.001396, 0.001293, 0.001505, 0.001378, 0.001413, 0.001464, 0.001433, 0.001337, 0.001459, 0.001360, 0.001516, 0.001417, 0.000187, 0.001337, 0.000973, 0.001143, 0.001314, 0.001298, 0.001469, 0.001352, 0.001584, 0.001537, 0.001496, 0.001471, 0.001666, 0.001614, 0.001546, 0.001562, 0.001563, 0.001658, 0.001627, 0.001824, 0.001726, 0.001855, 0.001741
9 , 3, 3, 0, 0, 0, 0, 0
9 , 0.006604, 0.007144, 0.010139, 0.010859, 0.012170, 0.012119, 0.011879
10 , 0.001432, 0.001468, 0.001379, 0.001376, 0.001283, 0.001527, 0.001274, 0.001396, 0.001293, 0.001505, 0.001378, 0.001413, 0.001464, 0.001433, 0.001337, 0.001459, 0.001360, 0.001516, 0.001417, 0.000187, 0.001337, 0.000973, 0.001143, 0.001314, 0.001298, 0.001469, 0.001352, 0.001584, 0.001537, 0.001496, 0.001471, 0.001666, 0.001614, 0.001546, 0.001562, 0.001563, 0.001658, 0.001627, 0.001824, 0.001726, 0.001855, 0.001741, 0.001939, 0.001431, 0.000900, 0.001515, 0.001492, 0.001388, 0.001317, 0.001288, 0.001286, 0.001251, 0.001195, 0.001251, 0.001245, 0.001346, 0.001274, 0.001224, 0.001067, 0.001326, 0.001201, 0.001231, 0.001076, 0.001268, 0.001283, 0.001249, 0.001200, 0.000178, 0.001633, 0.001574, 0.001518, 0.001741, 0.001725, 0.001877, 0.001547, 0.001805, 0.001748, 0.001627, 0.001597, 0.001756, 0.001840, 0.001734, 0.001874, 0.001662, 0.001756, 0.001620, 0.001783, 0.001609, 0.001559, 0.001827, 0.001597, 0.001712
10 , 0, 0, 0, 0, 0, 0, 0
10 , 0.012340, 0.013768, 0.013945, 0.015246, 0.015070, 0.014923, 0.012691
11 , 0.001288, 0.001286, 0.001251, 0.001195, 0.001251, 0.001245, 0.001346, 0.001274, 0.001224, 0.001067, 0.001326, 0.001201, 0.001231, 0.001076, 0.001268, 0.001283, 0.001249, 0.001200, 0.000178, 0.001633, 0.001574, 0.001518, 0.001741, 0.001725, 0.001877, 0.001547, 0.001805, 0.001748, 0.001627, 0.001597, 0.001756, 0.001840, 0.001734, 0.001874, 0.001662, 0.001756, 0.001620, 0.001783, 0.001609, 0.001559, 0.001827, 0.001597, 0.001712, 0.001382, 0.001832, 0.000163, 0.001706, 0.001531, 0.001569, 0.001531, 0.001513, 0.001504, 0.001569, 0.001296, 0.001424, 0.001358, 0.001363, 0.001453, 0.001339, 0.001327, 0.001453, 0.001367, 0.001346, 0.001326, 0.001480, 0.001393, 0.001338, 0.001225, 0.001382, 0.001231, 0.001201, 0.001268, 0.001239, 0.001194, 0.001052, 0.001222, 0.001130, 0.001204, 0.001019, 0.001197, 0.001066, 0.001181, 0.001044, 0.001249, 0.001198, 0.001286, 0.001277, 0.001396, 0.001144, 0.001332, 0.001180, 0.001196
11 , 3, 3, 3, 3, 3, 3, 3
11 , 0.015451, 0.015109, 0.014633, 0.014118, 0.013289, 0.012303, 0.011019
12 , 0.001706, 0.001531, 0.001569, 0.001531, 0.001513, 0.001504, 0.001569, 0.001296, 0.001424, 0.001358, 0.001363, 0.001453, 0.001339, 0.001327, 0.001453, 0.001367, 0.001346, 0.001326, 0.001480, 0.001393, 0.001338, 0.001225, 0.001382, 0.001231, 0.001201, 0.001268, 0.001239, 0.001194, 0.001052, 0.001222, 0.001130, 0.001204, 0.001019, 0.001197, 0.001066, 0.001181, 0.001044, 0.001249, 0.001198, 0.001286, 0.001277, 0.001396, 0.001144, 0.001332, 0.001180, 0.001196, 0.001172, 0.001300, 0.001169, 0.001062, 0.001104, 0.001029, 0.001044, 0.000960, 0.001021, 0.001011, 0.001070, 0.000994, 0.001170, 0.001184, 0.001377, 0.001116, 0.001346, 0.001117, 0.001267, 0.001193, 0.001439, 0.001313, 0.001344, 0.001340, 0.001490, 0.001266, 0.001396, 0.001396, 0.001430, 0.001342, 0.001460, 0.001339, 0.001311, 0.001279, 0.001468, 0.001415, 0.001293, 0.001295, 0.001202, 0.001456, 0.001308, 0.001335, 0.001251, 0.001282, 0.001189, 0.001417
12 , 2, 2, 2, 2, 2, 2, 2
12 , 0.008619, 0.008616, 0.007969, 0.008693, 0.008451, 0.007920, 0.007291
13 , 0.001062, 0.001104, 0.001029, 0.001044, 0.000960, 0.001021, 0.001011, 0.001070, 0.000994, 0.001170, 0.001184, 0.001377, 0.001116, 0.001346, 0.001117, 0.001267, 0.001193, 0.001439, 0.001313, 0.001344, 0.001340, 0.001490, 0.001266, 0.001396, 0.001396, 0.001430, 0.001342, 0.001460, 0.001339, 0.001311, 0.001279, 0.001468, 0.001415, 0.001293, 0.001295, 0.001202, 0.001456, 0.001308, 0.001335, 0.001251, 0.001282, 0.001189, 0.001417, 0.001233, 0.001329, 0.001331, 0.001369, 0.001156, 0.001291, 0.001071, 0.001144, 0.001081, 0.001177, 0.001081, 0.001211, 0.001179, 0.001061, 0.001125, 0.001186, 0.001240, 0.001084, 0.001120, 0.001116, 0.001199, 0.001230, 0.001254, 0.001181, 0.001327, 0.001227, 0.001374, 0.001244, 0.001342, 0.001219, 0.001381, 0.001126, 0.001276, 0.001053, 0.001274, 0.001180, 0.001306, 0.001334, 0.001280, 0.001158, 0.001193, 0.001318, 0.001320, 0.001138, 0.001170, 0.001236, 0.001231, 0.001228, 0.001373
13 , 0, 0, 0, 0, 0, 0, 0
13 , 0.005685, 0.005604, 0.005364, 0.005176, 0.004676, 0.004385, 0.003348
14 , 0.001369, 0.001156, 0.001291, 0.001071, 0.001144, 0.001081, 0.001177, 0.001081, 0.001211, 0.001179, 0.001061, 0.001125, 0.001186, 0.001240, 0.001084, 0.001120, 0.001116, 0.001199, 0.001230, 0.001254, 0.001181, 0.001327, 0.001227, 0.001374, 0.001244, 0.001342, 0.001219, 0.001381, 0.001126, 0.001276, 0.001053, 0.001274, 0.001180, 0.001306, 0.001334, 0.001280, 0.001158, 0.001193, 0.001318, 0.001320, 0.001138, 0.001170, 0.001236, 0.001231, 0.001228, 0.001373, 0.001344, 0.001254, 0.001346, 0.001219, 0.001320, 0.001247, 0.001228, 0.001164, 0.001262, 0.001106, 0.001359, 0.001289, 0.001413, 0.001227, 0.001265, 0.001233, 0.001442, 0.001342, 0.001285, 0.001286, 0.001341, 0.001238, 0.001200, 0.001257, 0.001317, 0.001343, 0.001334, 0.001460, 0.001363, 0.001575, 0.001423, 0.001451, 0.001421, 0.001521, 0.001336, 0.001498, 0.001281, 0.001443, 0.001224, 0.001353, 0.001295, 0.001486, 0.001334, 0.001376, 0.001234, 0.001384
14 , 0, 0, 0, 0, 0, 0, 0
14 , 0.003232, 0.003389, 0.003822, 0.003936, 0.004001, 0.003650, 0.003102
15 , 0.001320, 0.001247, 0.001228, 0.001164, 0.001262, 0.001106, 0.001359, 0.001289, 0.001413, 0.001227, 0.001265, 0.001233, 0.001442, 0.001342, 0.001285, 0.001286, 0.001341, 0.001238, 0.001200, 0.001257, 0.001317, 0.001343, 0.001334, 0.001460, 0.001363, 0.001575, 0.001423, 0.001451, 0.001421, 0.001521, 0.001336, 0.001498, 0.001281, 0.001443, 0.001224, 0.001353, 0.001295, 0.001486, 0.001334, 0.001376, 0.001234, 0.001384, 0.001327, 0.001218, 0.001130, 0.001228, 0.001137, 0.001176, 0.001281, 0.001096, 0.001061, 0.001167, 0.001259, 0.001037, 0.001223, 0.001183, 0.001209, 0.001193, 0.001370, 0.001241, 0.001331, 0.001236, 0.001383, 0.001311, 0.001434, 0.001368, 0.001397, 0.001393, 0.001428, 0.001340, 0.001401, 0.001366, 0.001368, 0.001522, 0.001309, 0.001522, 0.001368, 0.001314, 0.001200, 0.001390, 0.001329, 0.001514, 0.001268, 0.001331, 0.001337, 0.001374, 0.001222, 0.001390, 0.001204, 0.001393, 0.001202, 0.001416
15 , 0, 0, 0, 0, 0, 0, 0
15 , 0.004839, 0.004377, 0.004067, 0.003486, 0.002992, 0.002403, 0.001248
16 , 0.001137, 0.001176, 0.001281, 0.001096, 0.001061, 0.001167, 0.001259, 0.001037, 0.001223, 0.001183, 0.001209, 0.001193, 0.001370, 0.001241, 0.001331, 0.001236, 0.001383, 0.001311, 0.001434, 0.001368, 0.001397, 0.001393, 0.001428, 0.001340, 0.001401, 0.001366, 0.001368, 0.001522, 0.001309, 0.001522, 0.001368, 0.001314, 0.001200, 0.001390, 0.001329, 0.001514, 0.001268, 0.001331, 0.001337, 0.001374, 0.001222, 0.001390, 0.001204, 0.001393, 0.001202, 0.001416, 0.001233, 0.001259, 0.001193, 0.001295, 0.001266, 0.001266, 0.001297, 0.001239, 0.001249, 0.001282, 0.001279, 0.001122, 0.001193, 0.001111, 0.001184, 0.000939, 0.001007, 0.001009, 0.001139, 0.001014, 0.001134, 0.001088, 0.001281, 0.001086, 0.001172, 0.001135, 0.001193, 0.001157, 0.001250, 0.001340, 0.001249, 0.001180, 0.001241, 0.001242, 0.001145, 0.001239, 0.001215, 0.001305, 0.001181, 0.001241, 0.001292, 0.001289, 0.001257, 0.001384, 0.001256, 0.001350
16 , 0, 0, 0, 0, 0, 0, 0
16 , 0.004418, 0.004126, 0.004377, 0.004289, 0.003984, 0.003742, 0.003724
