0 , 0.001515, 0.001395, 0.001661, 0.001509, 0.001664, 0.001431, 0.001731, 0.001811, 0.001818, 0.001705, 0.001695, 0.001751, 0.001680, 0.001828, 0.001631, 0.002021, 0.001821, 0.001726, 0.001851, 0.001817, 0.001991, 0.001748, 0.001955, 0.000184, 0.001292, 0.001429, 0.001360, 0.001481, 0.001291, 0.001381, 0.001288, 0.001345, 0.001248, 0.001377, 0.001277, 0.001424, 0.001270, 0.001363, 0.001294, 0.001357, 0.001383, 0.001510, 0.001444, 0.001386, 0.001477, 0.001466, 0.001346, 0.000661, 0.001537, 0.001376, 0.001732, 0.001584, 0.001723, 0.001511, 0.001485, 0.001572, 0.001629, 0.001645, 0.001596, 0.001834, 0.001581, 0.001668, 0.001687, 0.001918, 0.001827, 0.001725, 0.001695, 0.001516, 0.001793, 0.001581, 0.001811, 0.000933, 0.001019, 0.001560, 0.001486, 0.001432, 0.001368, 0.001318, 0.001226, 0.001288, 0.001199, 0.001362, 0.001152, 0.001372, 0.001156, 0.001258, 0.001103, 0.001344, 0.001165, 0.001146, 0.001077, 0.001088
0 , 1, 1, 1, 1, 1, 1, 1
0 , 0.010626, 0.012356, 0.014719, 0.016804, 0.018572, 0.015391, 0.015684
1 , 0.001732, 0.001584, 0.001723, 0.001511, 0.001485, 0.001572, 0.001629, 0.001645, 0.001596, 0.001834, 0.001581, 0.001668, 0.001687, 0.001918, 0.001827, 0.001725, 0.001695, 0.001516, 0.001793, 0.001581, 0.001811, 0.000933, 0.001019, 0.001560, 0.001486, 0.001432, 0.001368, 0.001318, 0.001226, 0.001288, 0.001199, 0.001362, 0.001152, 0.001372, 0.001156, 0.001258, 0.001103, 0.001344, 0.001165, 0.001146, 0.001077, 0.001088, 0.001173, 0.001119, 0.000998, 0.001124, 0.001146, 0.000171, 0.001821, 0.001707, 0.001929, 0.001735, 0.001921, 0.001842, 0.001881, 0.001969, 0.001908, 0.001859, 0.001715, 0.001865, 0.001885, 0.001858, 0.001752, 0.001907, 0.001896, 0.001771, 0.001869, 0.001599, 0.001691, 0.001716, 0.001714, 0.001482, 0.000600, 0.001896, 0.001632, 0.001756, 0.001538, 0.001636, 0.001508, 0.001570, 0.001640, 0.001649, 0.001497, 0.001565, 0.001322, 0.001481, 0.001210, 0.001400, 0.001218, 0.001435, 0.001220, 0.001503
1 , 1, 1, 1, 1, 1, 1, 1
1 , 0.011961, 0.014411, 0.016462, 0.016588, 0.018149, 0.015853, 0.016113
2 , 0.001929, 0.001735, 0.001921, 0.001842, 0.001881, 0.001969, 0.001908, 0.001859, 0.001715, 0.001865, 0.001885, 0.001858, 0.001752, 0.001907, 0.001896, 0.001771, 0.001869, 0.001599, 0.001691, 0.001716, 0.001714, 0.001482, 0.000600, 0.001896, 0.001632, 0.001756, 0.001538, 0.001636, 0.001508, 0.001570, 0.001640, 0.001649, 0.001497, 0.001565, 0.001322, 0.001481, 0.001210, 0.001400, 0.001218, 0.001435, 0.001220, 0.001503, 0.001367, 0.001388, 0.001367, 0.000871, 0.001401, 0.001605, 0.001605, 0.001764, 0.001813, 0.001763, 0.001846, 0.002047, 0.001826, 0.001929, 0.001796, 0.002114, 0.001939, 0.002012, 0.001897, 0.002032, 0.002183, 0.002085, 0.001980, 0.001877, 0.002139, 0.002048, 0.002010, 0.001921, 0.001812, 0.002170, 0.000341, 0.001810, 0.001289, 0.001336, 0.001269, 0.001379, 0.001251, 0.001342, 0.001303, 0.001302, 0.001334, 0.001392, 0.001351, 0.001348, 0.001287, 0.001405, 0.001495, 0.001314, 0.001322, 0.001405
2 , 1, 1, 1, 1, 1, 1, 1
2 , 0.015396, 0.018630, 0.021014, 0.021689, 0.020772, 0.019013, 0.019158
3 , 0.001764, 0.001813, 0.001763, 0.001846, 0.002047, 0.001826, 0.001929, 0.001796, 0.002114, 0.001939, 0.002012, 0.001897, 0.002032, 0.002183, 0.002085, 0.001980, 0.001877, 0.002139, 0.002048, 0.002010, 0.001921, 0.001812, 0.002170, 0.000341, 0.001810, 0.001289, 0.001336, 0.001269, 0.001379, 0.001251, 0.001342, 0.001303, 0.001302, 0.001334, 0.001392, 0.001351, 0.001348, 0.001287, 0.001405, 0.001495, 0.001314, 0.001322, 0.001405, 0.001318, 0.001288, 0.001290, 0.001204, 0.001427, 0.001202, 0.000722, 0.001476, 0.001635, 0.001594, 0.001491, 0.001900, 0.001684, 0.001737, 0.001491, 0.001698, 0.001766, 0.001632, 0.001595, 0.001538, 0.001691, 0.001674, 0.001798, 0.001599, 0.001782, 0.001775, 0.001685, 0.001566, 0.001527, 0.001862, 0.001061, 0.001688, 0.001644, 0.001468, 0.001382, 0.001448, 0.001147, 0.001309, 0.001220, 0.001326, 0.001115, 0.001372, 0.001071, 0.001175, 0.001146, 0.001066, 0.001035, 0.001133, 0.001101
3 , 1, 1, 1, 1, 1, 1, 1
3 , 0.014055, 0.016614, 0.018507, 0.020150, 0.021823, 0.020936, 0.022323
4 , 0.001594, 0.001491, 0.001900, 0.001684, 0.001737, 0.001491, 0.001698, 0.001766, 0.001632, 0.001595, 0.001538, 0.001691, 0.001674, 0.001798, 0.001599, 0.001782, 0.001775, 0.001685, 0.001566, 0.001527, 0.001862, 0.001061, 0.001688, 0.001644, 0.001468, 0.001382, 0.001448, 0.001147, 0.001309, 0.001220, 0.001326, 0.001115, 0.001372, 0.001071, 0.001175, 0.001146, 0.001066, 0.001035, 0.001133, 0.001101, 0.001105, 0.001076, 0.001147, 0.001061, 0.001236, 0.000277, 0.001536, 0.001651, 0.001745, 0.001685, 0.001783, 0.001616, 0.001725, 0.001709, 0.001606, 0.001661, 0.001520, 0.001641, 0.001399, 0.001592, 0.001676, 0.001629, 0.001433, 0.001592, 0.001649, 0.001622, 0.001648, 0.001504, 0.001652, 0.001701, 0.000937, 0.001854, 0.001653, 0.001390, 0.001309, 0.001220, 0.001201, 0.001175, 0.001279, 0.001066, 0.001366, 0.001083, 0.001251, 0.001097, 0.001318, 0.001104, 0.001111, 0.001133, 0.001257, 0.001060, 0.001337, 0.001173
4 , 1, 1, 1, 1, 1, 1, 1
4 , 0.013822, 0.015927, 0.019685, 0.017799, 0.018675, 0.019097, 0.018134
5 , 0.001745, 0.001685, 0.001783, 0.001616, 0.001725, 0.001709, 0.001606, 0.001661, 0.001520, 0.001641, 0.001399, 0.001592, 0.001676, 0.001629, 0.001433, 0.001592, 0.001649, 0.001622, 0.001648, 0.001504, 0.001652, 0.001701, 0.000937, 0.001854, 0.001653, 0.001390, 0.001309, 0.001220, 0.001201, 0.001175, 0.001279, 0.001066, 0.001366, 0.001083, 0.001251, 0.001097, 0.001318, 0.001104, 0.001111, 0.001133, 0.001257, 0.001060, 0.001337, 0.001173, 0.001313, 0.001190, 0.001410, 0.000605, 0.001025, 0.001520, 0.001542, 0.001377, 0.001466, 0.001615, 0.001625, 0.001575, 0.001511, 0.001649, 0.001507, 0.001565, 0.001389, 0.001685, 0.001652, 0.001685, 0.001627, 0.001700, 0.001946, 0.001705, 0.001759, 0.001641, 0.001642, 0.001860, 0.000200, 0.001663, 0.001457, 0.001459, 0.001307, 0.001341, 0.001366, 0.001306, 0.001236, 0.001353, 0.001348, 0.001401, 0.001279, 0.001312, 0.001495, 0.001373, 0.001528, 0.001372, 0.001437, 0.001405
5 , 1, 1, 1, 1, 1, 1, 1
5 , 0.008721, 0.010971, 0.012206, 0.013017, 0.014183, 0.013239, 0.013730
6 , 0.001542, 0.001377, 0.001466, 0.001615, 0.001625, 0.001575, 0.001511, 0.001649, 0.001507, 0.001565, 0.001389, 0.001685, 0.001652, 0.001685, 0.001627, 0.001700, 0.001946, 0.001705, 0.001759, 0.001641, 0.001642, 0.001860, 0.000200, 0.001663, 0.001457, 0.001459, 0.001307, 0.001341, 0.001366, 0.001306, 0.001236, 0.001353, 0.001348, 0.001401, 0.001279, 0.001312, 0.001495, 0.001373, 0.001528, 0.001372, 0.001437, 0.001405, 0.001473, 0.001315, 0.001317, 0.001207, 0.000358, 0.001381, 0.001525, 0.001554, 0.001477, 0.001766, 0.001695, 0.001702, 0.001593, 0.001868, 0.001743, 0.001834, 0.001615, 0.001846, 0.001796, 0.001680, 0.001718, 0.001570, 0.001861, 0.001773, 0.001818, 0.001604, 0.001677, 0.001862, 0.001202, 0.001392, 0.001553, 0.001444, 0.001264, 0.001404, 0.001339, 0.001373, 0.001368, 0.001404, 0.001215, 0.001493, 0.001310, 0.001442, 0.001420, 0.001423, 0.001362, 0.001334, 0.001301, 0.001346, 0.001323, 0.001295
6 , 1, 1, 1, 1, 1, 1, 1
6 , 0.007881, 0.009932, 0.012179, 0.014771, 0.012406, 0.013199, 0.013405
7 , 0.001554, 0.001477, 0.001766, 0.001695, 0.001702, 0.001593, 0.001868, 0.001743, 0.001834, 0.001615, 0.001846, 0.001796, 0.001680, 0.001718, 0.001570, 0.001861, 0.001773, 0.001818, 0.001604, 0.001677, 0.001862, 0.001202, 0.001392, 0.001553, 0.001444, 0.001264, 0.001404, 0.001339, 0.001373, 0.001368, 0.001404, 0.001215, 0.001493, 0.001310, 0.001442, 0.001420, 0.001423, 0.001362, 0.001334, 0.001301, 0.001346, 0.001323, 0.001295, 0.001244, 0.001210, 0.001022, 0.001220, 0.000258, 0.001594, 0.001684, 0.001822, 0.001622, 0.001820, 0.001862, 0.001961, 0.001764, 0.001885, 0.001897, 0.001844, 0.001779, 0.001639, 0.001907, 0.001804, 0.001761, 0.001652, 0.001846, 0.001711, 0.001709, 0.001741, 0.001716, 0.001757, 0.001776, 0.000712, 0.001695, 0.001536, 0.001447, 0.001445, 0.001413, 0.001506, 0.001379, 0.001439, 0.001375, 0.001447, 0.001325, 0.001449, 0.001295, 0.001431, 0.001221, 0.001442, 0.001208, 0.001309, 0.001108
7 , 1, 1, 1, 1, 1, 1, 1
7 , 0.009712, 0.012563, 0.014984, 0.015829, 0.018738, 0.017505, 0.017440
8 , 0.001822, 0.001622, 0.001820, 0.001862, 0.001961, 0.001764, 0.001885, 0.001897, 0.001844, 0.001779, 0.001639, 0.001907, 0.001804, 0.001761, 0.001652, 0.001846, 0.001711, 0.001709, 0.001741, 0.001716, 0.001757, 0.001776, 0.000712, 0.001695, 0.001536, 0.001447, 0.001445, 0.001413, 0.001506, 0.001379, 0.001439, 0.001375, 0.001447, 0.001325, 0.001449, 0.001295, 0.001431, 0.001221, 0.001442, 0.001208, 0.001309, 0.001108, 0.001356, 0.001097, 0.001210, 0.000401, 0.001373, 0.001758, 0.001844, 0.001798, 0.002004, 0.002012, 0.001990, 0.001925, 0.002016, 0.002145, 0.001877, 0.002191, 0.002145, 0.002127, 0.002004, 0.002013, 0.001903, 0.001850, 0.002043, 0.001918, 0.001926, 0.001907, 0.001987, 0.002197, 0.000526, 0.001593, 0.001298, 0.001442, 0.001317, 0.001244, 0.001242, 0.001238, 0.001384, 0.001232, 0.001409, 0.001222, 0.001316, 0.001438, 0.001404, 0.001336, 0.001372, 0.001343, 0.001311, 0.001314, 0.001504, 0.001318
8 , 1, 1, 1, 1, 1, 1, 1
8 , 0.018205, 0.021620, 0.025629, 0.024485, 0.022468, 0.021801, 0.020865
9 , 0.001844, 0.001798, 0.002004, 0.002012, 0.001990, 0.001925, 0.002016, 0.002145, 0.001877, 0.002191, 0.002145, 0.002127, 0.002004, 0.002013, 0.001903, 0.001850, 0.002043, 0.001918, 0.001926, 0.001907, 0.001987, 0.002197, 0.000526, 0.001593, 0.001298, 0.001442, 0.001317, 0.001244, 0.001242, 0.001238, 0.001384, 0.001232, 0.001409, 0.001222, 0.001316, 0.001438, 0.001404, 0.001336, 0.001372, 0.001343, 0.001311, 0.001314, 0.001504, 0.001318, 0.001290, 0.001342, 0.001476, 0.001205, 0.000599, 0.001423, 0.001525, 0.001472, 0.001497, 0.001686, 0.001638, 0.001728, 0.001669, 0.001898, 0.001702, 0.001766, 0.001648, 0.001682, 0.001632, 0.001652, 0.001690, 0.001550, 0.001859, 0.001709, 0.001807, 0.001695, 0.001684, 0.001865, 0.001204, 0.001296, 0.001464, 0.001658, 0.001268, 0.001451, 0.001313, 0.001378, 0.001318, 0.001390, 0.001240, 0.001278, 0.001147, 0.001244, 0.001121, 0.001147, 0.001228, 0.001323, 0.001199, 0.001217
9 , 1, 1, 1, 1, 1, 1, 1
9 , 0.014510, 0.017634, 0.019742, 0.021578, 0.020823, 0.022125, 0.021275
10 , 0.001472, 0.001497, 0.001686, 0.001638, 0.001728, 0.001669, 0.001898, 0.001702, 0.001766, 0.001648, 0.001682, 0.001632, 0.001652, 0.001690, 0.001550, 0.001859, 0.001709, 0.001807, 0.001695, 0.001684, 0.001865, 0.001204, 0.001296, 0.001464, 0.001658, 0.001268, 0.001451, 0.001313, 0.001378, 0.001318, 0.001390, 0.001240, 0.001278, 0.001147, 0.001244, 0.001121, 0.001147, 0.001228, 0.001323, 0.001199, 0.001217, 0.001284, 0.001296, 0.001188, 0.001465, 0.000082, 0.001389, 0.001672, 0.001605, 0.001347, 0.001691, 0.001676, 0.001763, 0.001620, 0.001806, 0.001878, 0.001870, 0.001802, 0.001749, 0.002067, 0.001730, 0.001741, 0.001575, 0.001866, 0.001723, 0.001889, 0.001749, 0.001756, 0.001972, 0.001894, 0.001741, 0.001703, 0.000154, 0.001700, 0.001589, 0.001567, 0.001437, 0.001472, 0.001379, 0.001415, 0.001260, 0.001360, 0.001209, 0.001395, 0.001209, 0.001305, 0.001154, 0.001429, 0.001303, 0.001410, 0.001166, 0.001266
10 , 1, 1, 1, 1, 1, 1, 1
10 , 0.012186, 0.014560, 0.019327, 0.019648, 0.019695, 0.016926, 0.018211
11 , 0.001691, 0.001676, 0.001763, 0.001620, 0.001806, 0.001878, 0.001870, 0.001802, 0.001749, 0.002067, 0.001730, 0.001741, 0.001575, 0.001866, 0.001723, 0.001889, 0.001749, 0.001756, 0.001972, 0.001894, 0.001741, 0.001703, 0.000154, 0.001700, 0.001589, 0.001567, 0.001437, 0.001472, 0.001379, 0.001415, 0.001260, 0.001360, 0.001209, 0.001395, 0.001209, 0.001305, 0.001154, 0.001429, 0.001303, 0.001410, 0.001166, 0.001266, 0.001137, 0.001298, 0.001051, 0.001146, 0.001170, 0.001256, 0.001098, 0.001368, 0.001392, 0.001272, 0.001317, 0.001377, 0.001411, 0.001289, 0.001349, 0.001374, 0.001342, 0.001192, 0.001406, 0.001400, 0.001465, 0.001340, 0.001371, 0.001281, 0.001466, 0.001348, 0.001386, 0.001296, 0.001421, 0.001268, 0.001334, 0.001215, 0.001337, 0.001116, 0.001395, 0.001249, 0.001291, 0.001236, 0.001269, 0.001210, 0.001214, 0.001181, 0.001214, 0.001149, 0.001121, 0.001150, 0.001233, 0.001331, 0.001219, 0.001252
11 , 1, 1, 1, 1, 1, 1, 1
11 , 0.009791, 0.011245, 0.012205, 0.013515, 0.010970, 0.011911, 0.011882
12 , 0.001368, 0.001392, 0.001272, 0.001317, 0.001377, 0.001411, 0.001289, 0.001349, 0.001374, 0.001342, 0.001192, 0.001406, 0.001400, 0.001465, 0.001340, 0.001371, 0.001281, 0.001466, 0.001348, 0.001386, 0.001296, 0.001421, 0.001268, 0.001334, 0.001215, 0.001337, 0.001116, 0.001395, 0.001249, 0.001291, 0.001236, 0.001269, 0.001210, 0.001214, 0.001181, 0.001214, 0.001149, 0.001121, 0.001150, 0.001233, 0.001331, 0.001219, 0.001252, 0.001185, 0.001254, 0.001136, 0.001231, 0.001104, 0.001290, 0.001100, 0.001197, 0.001243, 0.001301, 0.001263, 0.001388, 0.001227, 0.001285, 0.001309, 0.001339, 0.001207, 0.001424, 0.001200, 0.001265, 0.001256, 0.001440, 0.001410, 0.001381, 0.001263, 0.001236, 0.001330, 0.001367, 0.001368, 0.001341, 0.001348, 0.001318, 0.001358, 0.001201, 0.001359, 0.001213, 0.001194, 0.001126, 0.001403, 0.001098, 0.001255, 0.001091, 0.001242, 0.001207, 0.001326, 0.001138, 0.001314, 0.001284, 0.001289
12 , 1, 1, 1, 1, 1, 1, 1
12 , 0.002012, 0.002264, 0.002702, 0.003430, 0.003874, 0.003880, 0.004165
13 , 0.001301, 0.001263, 0.001388, 0.001227, 0.001285, 0.001309, 0.001339, 0.001207, 0.001424, 0.001200, 0.001265, 0.001256, 0.001440, 0.001410, 0.001381, 0.001263, 0.001236, 0.001330, 0.001367, 0.001368, 0.001341, 0.001348, 0.001318, 0.001358, 0.001201, 0.001359, 0.001213, 0.001194, 0.001126, 0.001403, 0.001098, 0.001255, 0.001091, 0.001242, 0.001207, 0.001326, 0.001138, 0.001314, 0.001284, 0.001289, 0.001251, 0.001371, 0.001368, 0.001337, 0.001272, 0.001305, 0.001364, 0.001330, 0.001301, 0.001325, 0.001326, 0.001142, 0.001329, 0.001238, 0.001392, 0.001207, 0.001303, 0.001307, 0.001402, 0.001371, 0.001398, 0.001268, 0.001421, 0.001269, 0.001366, 0.001242, 0.001403, 0.001307, 0.001338, 0.001245, 0.001398, 0.001330, 0.001269, 0.001213, 0.001217, 0.001402, 0.001313, 0.001265, 0.001147, 0.001211, 0.001239, 0.001372, 0.001214, 0.001339, 0.001147, 0.001272, 0.001176, 0.001330, 0.001138, 0.001349, 0.001187, 0.001435
13 , 1, 1, 1, 1, 1, 1, 1
13 , 0.001646, 0.002067, 0.002245, 0.002328, 0.002324, 0.002431, 0.002004
14 , 0.001142, 0.001329, 0.001238, 0.001392, 0.001207, 0.001303, 0.001307, 0.001402, 0.001371, 0.001398, 0.001268, 0.001421, 0.001269, 0.001366, 0.001242, 0.001403, 0.001307, 0.001338, 0.001245, 0.001398, 0.001330, 0.001269, 0.001213, 0.001217, 0.001402, 0.001313, 0.001265, 0.001147, 0.001211, 0.001239, 0.001372, 0.001214, 0.001339, 0.001147, 0.001272, 0.001176, 0.001330, 0.001138, 0.001349, 0.001187, 0.001435, 0.001341, 0.001281, 0.001217, 0.001307, 0.001245, 0.001436, 0.001162, 0.001320, 0.001413, 0.001350, 0.001356, 0.001298, 0.001327, 0.001292, 0.001289, 0.001288, 0.001288, 0.001256, 0.001417, 0.001146, 0.001369, 0.001190, 0.001268, 0.001221, 0.001381, 0.001017, 0.001115, 0.001072, 0.001198, 0.001026, 0.001194, 0.001263, 0.001431, 0.001468, 0.001453, 0.001651, 0.001639, 0.001749, 0.001709, 0.001806, 0.001651, 0.001592, 0.001692, 0.001548, 0.001395, 0.001533, 0.001454, 0.001472, 0.001334, 0.001511, 0.001278
14 , 2, 2, 2, 2, 2, 2, 2
14 , 0.005318, 0.006001, 0.006452, 0.006891, 0.007081, 0.006816, 0.006722
15 , 0.001350, 0.001356, 0.001298, 0.001327, 0.001292, 0.001289, 0.001288, 0.001288, 0.001256, 0.001417, 0.001146, 0.001369, 0.001190, 0.001268, 0.001221, 0.001381, 0.001017, 0.001115, 0.001072, 0.001198, 0.001026, 0.001194, 0.001263, 0.001431, 0.001468, 0.001453, 0.001651, 0.001639, 0.001749, 0.001709, 0.001806, 0.001651, 0.001592, 0.001692, 0.001548, 0.001395, 0.001533, 0.001454, 0.001472, 0.001334, 0.001511, 0.001278, 0.001293, 0.001156, 0.001203, 0.001012, 0.001201, 0.000995, 0.001156, 0.001133, 0.001083, 0.001060, 0.001060, 0.000934, 0.001024, 0.001016, 0.001065, 0.001122, 0.001024, 0.001139, 0.001123, 0.001234, 0.001152, 0.001358, 0.001291, 0.001381, 0.001309, 0.001489, 0.001294, 0.001447, 0.001471, 0.001500, 0.001382, 0.001420, 0.001235, 0.001443, 0.001382, 0.001410, 0.001379, 0.001296, 0.001355, 0.001263, 0.001443, 0.001419, 0.001425, 0.001240, 0.001463, 0.001248, 0.001409, 0.001210, 0.001345, 0.001196
15 , 0, 0, 0, 0, 0, 0, 0
15 , 0.010025, 0.009818, 0.009561, 0.009242, 0.008325, 0.007422, 0.006457
16 , 0.001201, 0.000995, 0.001156, 0.001133, 0.001083, 0.001060, 0.001060, 0.000934, 0.001024, 0.001016, 0.001065, 0.001122, 0.001024, 0.001139, 0.001123, 0.001234, 0.001152, 0.001358, 0.001291, 0.001381, 0.001309, 0.001489, 0.001294, 0.001447, 0.001471, 0.001500, 0.001382, 0.001420, 0.001235, 0.001443, 0.001382, 0.001410, 0.001379, 0.001296, 0.001355, 0.001263, 0.001443, 0.001419, 0.001425, 0.001240, 0.001463, 0.001248, 0.001409, 0.001210, 0.001345, 0.001196, 0.001269, 0.001054, 0.001249, 0.001096, 0.001250, 0.001271, 0.001284, 0.001161, 0.001338, 0.001161, 0.001140, 0.001135, 0.001135, 0.001110, 0.001034, 0.000978, 0.001152, 0.001295, 0.001103, 0.001249, 0.001205, 0.001381, 0.001377, 0.001464, 0.001326, 0.001477, 0.001226, 0.001532, 0.001405, 0.001466, 0.001250, 0.001471, 0.001378, 0.001377, 0.001379, 0.001353, 0.001292, 0.001363, 0.001273, 0.001342, 0.001313, 0.001288, 0.001327, 0.001297, 0.001242, 0.001179
16 , 0, 0, 0, 0, 0, 0, 0
16 , 0.009861, 0.009488, 0.008779, 0.007878, 0.006894, 0.006112, 0.004652
