0 , 0.001692, 0.001413, 0.001593, 0.001541, 0.001596, 0.001575, 0.001662, 0.001844, 0.001712, 0.001875, 0.001679, 0.002015, 0.001932, 0.001966, 0.001898, 0.001788, 0.002042, 0.001792, 0.001879, 0.001796, 0.001913, 0.001883, 0.001969, 0.001432, 0.000767, 0.001442, 0.001271, 0.001275, 0.001175, 0.001235, 0.001106, 0.001323, 0.001196, 0.001290, 0.001106, 0.001264, 0.001233, 0.001300, 0.001145, 0.001220, 0.001064, 0.001193, 0.001053, 0.001243, 0.001162, 0.001272, 0.001294, 0.000177, 0.001557, 0.001510, 0.001606, 0.001705, 0.001669, 0.001569, 0.001451, 0.001690, 0.001502, 0.001677, 0.001488, 0.001734, 0.001741, 0.001738, 0.001677, 0.001744, 0.001824, 0.001757, 0.001814, 0.001611, 0.001903, 0.001853, 0.001928, 0.001958, 0.000223, 0.001345, 0.001433, 0.001416, 0.001352, 0.001261, 0.001140, 0.001111, 0.001113, 0.001172, 0.001196, 0.001194, 0.001192, 0.001279, 0.001182, 0.001332, 0.001172, 0.001296, 0.001258, 0.001351
0 , 1, 1, 1, 1, 1, 1, 1
0 , 0.013097, 0.015411, 0.017738, 0.021002, 0.025492, 0.022893, 0.021254
1 , 0.001606, 0.001705, 0.001669, 0.001569, 0.001451, 0.001690, 0.001502, 0.001677, 0.001488, 0.001734, 0.001741, 0.001738, 0.001677, 0.001744, 0.001824, 0.001757, 0.001814, 0.001611, 0.001903, 0.001853, 0.001928, 0.001958, 0.000223, 0.001345, 0.001433, 0.001416, 0.001352, 0.001261, 0.001140, 0.001111, 0.001113, 0.001172, 0.001196, 0.001194, 0.001192, 0.001279, 0.001182, 0.001332, 0.001172, 0.001296, 0.001258, 0.001351, 0.001318, 0.001383, 0.001250, 0.001350, 0.001232, 0.000981, 0.001254, 0.001666, 0.001585, 0.001716, 0.001762, 0.001678, 0.001489, 0.001864, 0.001775, 0.001892, 0.001756, 0.001812, 0.001903, 0.001938, 0.001799, 0.001693, 0.001947, 0.001981, 0.002007, 0.001811, 0.001818, 0.001973, 0.001891, 0.002094, 0.000802, 0.001218, 0.001406, 0.001254, 0.001161, 0.001184, 0.001185, 0.001024, 0.001059, 0.001116, 0.001265, 0.001107, 0.001230, 0.001107, 0.001203, 0.001177, 0.001110, 0.001257, 0.001253, 0.001192
1 , 1, 1, 1, 1, 1, 1, 1
1 , 0.015440, 0.018849, 0.021143, 0.023675, 0.023549, 0.022390, 0.021546
2 , 0.001666, 0.001585, 0.001716, 0.001762, 0.001678, 0.001489, 0.001864, 0.001775, 0.001892, 0.001756, 0.001812, 0.001903, 0.001938, 0.001799, 0.001693, 0.001947, 0.001981, 0.002007, 0.001811, 0.001818, 0.001973, 0.001891, 0.002094, 0.000802, 0.001218, 0.001406, 0.001254, 0.001161, 0.001184, 0.001185, 0.001024, 0.001059, 0.001116, 0.001265, 0.001107, 0.001230, 0.001107, 0.001203, 0.001177, 0.001110, 0.001257, 0.001253, 0.001192, 0.001190, 0.001240, 0.001145, 0.001272, 0.000627, 0.001678, 0.001338, 0.001701, 0.001551, 0.001636, 0.001552, 0.001694, 0.001704, 0.001869, 0.001542, 0.001701, 0.001748, 0.001673, 0.001727, 0.001717, 0.001832, 0.001690, 0.001768, 0.001740, 0.001753, 0.001810, 0.001750, 0.001698, 0.001625, 0.001824, 0.001463, 0.001260, 0.001621, 0.001421, 0.001284, 0.001377, 0.001192, 0.001138, 0.001169, 0.001294, 0.001236, 0.001251, 0.001077, 0.001230, 0.000975, 0.001161, 0.001125, 0.001189, 0.001059
2 , 1, 1, 1, 1, 1, 1, 1
2 , 0.014309, 0.016729, 0.019714, 0.022033, 0.025299, 0.024491, 0.024225
3 , 0.001701, 0.001551, 0.001636, 0.001552, 0.001694, 0.001704, 0.001869, 0.001542, 0.001701, 0.001748, 0.001673, 0.001727, 0.001717, 0.001832, 0.001690, 0.001768, 0.001740, 0.001753, 0.001810, 0.001750, 0.001698, 0.001625, 0.001824, 0.001463, 0.001260, 0.001621, 0.001421, 0.001284, 0.001377, 0.001192, 0.001138, 0.001169, 0.001294, 0.001236, 0.001251, 0.001077, 0.001230, 0.000975, 0.001161, 0.001125, 0.001189, 0.001059, 0.001251, 0.001119, 0.001236, 0.001139, 0.001311, 0.001108, 0.001496, 0.000174, 0.001326, 0.001543, 0.001746, 0.001555, 0.001671, 0.001712, 0.001635, 0.001608, 0.001518, 0.001815, 0.001676, 0.001740, 0.001642, 0.001787, 0.001760, 0.001817, 0.001712, 0.001776, 0.001880, 0.001751, 0.001844, 0.001660, 0.001807, 0.001969, 0.000456, 0.001608, 0.001318, 0.001201, 0.001077, 0.001140, 0.001203, 0.001107, 0.001197, 0.001138, 0.001232, 0.000985, 0.001103, 0.001063, 0.001286, 0.001070, 0.001225, 0.001136
3 , 1, 1, 1, 1, 1, 1, 1
3 , 0.011745, 0.014835, 0.016553, 0.018394, 0.020160, 0.020996, 0.024247
4 , 0.001746, 0.001555, 0.001671, 0.001712, 0.001635, 0.001608, 0.001518, 0.001815, 0.001676, 0.001740, 0.001642, 0.001787, 0.001760, 0.001817, 0.001712, 0.001776, 0.001880, 0.001751, 0.001844, 0.001660, 0.001807, 0.001969, 0.000456, 0.001608, 0.001318, 0.001201, 0.001077, 0.001140, 0.001203, 0.001107, 0.001197, 0.001138, 0.001232, 0.000985, 0.001103, 0.001063, 0.001286, 0.001070, 0.001225, 0.001136, 0.001286, 0.001160, 0.001223, 0.001070, 0.001298, 0.000552, 0.001311, 0.001716, 0.001701, 0.001856, 0.001769, 0.001970, 0.001788, 0.001879, 0.001819, 0.001928, 0.001822, 0.001942, 0.001908, 0.001869, 0.001864, 0.001876, 0.001917, 0.001748, 0.001837, 0.001759, 0.001725, 0.001691, 0.001855, 0.002031, 0.000487, 0.001597, 0.001315, 0.001222, 0.001168, 0.001267, 0.001329, 0.001272, 0.001123, 0.001100, 0.001035, 0.001270, 0.001139, 0.001084, 0.001020, 0.001100, 0.001157, 0.001153, 0.001084, 0.001169, 0.001292, 0.001256
4 , 1, 1, 1, 1, 1, 1, 1
4 , 0.020709, 0.023801, 0.027754, 0.027245, 0.024921, 0.024497, 0.022808
5 , 0.001701, 0.001856, 0.001769, 0.001970, 0.001788, 0.001879, 0.001819, 0.001928, 0.001822, 0.001942, 0.001908, 0.001869, 0.001864, 0.001876, 0.001917, 0.001748, 0.001837, 0.001759, 0.001725, 0.001691, 0.001855, 0.002031, 0.000487, 0.001597, 0.001315, 0.001222, 0.001168, 0.001267, 0.001329, 0.001272, 0.001123, 0.001100, 0.001035, 0.001270, 0.001139, 0.001084, 0.001020, 0.001100, 0.001157, 0.001153, 0.001084, 0.001169, 0.001292, 0.001256, 0.001252, 0.001312, 0.001384, 0.001311, 0.000432, 0.001485, 0.001713, 0.001611, 0.001564, 0.001764, 0.001662, 0.001844, 0.001611, 0.001880, 0.001787, 0.001874, 0.001844, 0.001939, 0.001932, 0.001796, 0.001955, 0.001868, 0.002091, 0.001969, 0.002053, 0.002036, 0.001901, 0.002189, 0.001682, 0.001027, 0.001354, 0.001262, 0.001024, 0.001052, 0.001039, 0.001157, 0.000971, 0.001251, 0.001151, 0.001210, 0.001081, 0.001232, 0.001100, 0.001221, 0.001096, 0.001222, 0.001218, 0.001186
5 , 1, 1, 1, 1, 1, 1, 1
5 , 0.019133, 0.022341, 0.024968, 0.027162, 0.027062, 0.029657, 0.028493
6 , 0.001611, 0.001564, 0.001764, 0.001662, 0.001844, 0.001611, 0.001880, 0.001787, 0.001874, 0.001844, 0.001939, 0.001932, 0.001796, 0.001955, 0.001868, 0.002091, 0.001969, 0.002053, 0.002036, 0.001901, 0.002189, 0.001682, 0.001027, 0.001354, 0.001262, 0.001024, 0.001052, 0.001039, 0.001157, 0.000971, 0.001251, 0.001151, 0.001210, 0.001081, 0.001232, 0.001100, 0.001221, 0.001096, 0.001222, 0.001218, 0.001186, 0.001129, 0.001244, 0.001108, 0.001400, 0.000011, 0.001395, 0.001630, 0.001794, 0.001532, 0.001691, 0.001709, 0.001639, 0.001673, 0.001596, 0.001835, 0.001582, 0.001741, 0.001565, 0.001832, 0.001804, 0.001790, 0.001589, 0.001687, 0.001781, 0.001717, 0.001734, 0.001768, 0.001808, 0.001883, 0.000483, 0.001716, 0.001431, 0.001376, 0.001395, 0.001331, 0.001244, 0.001306, 0.001307, 0.001312, 0.001286, 0.001070, 0.001317, 0.001222, 0.001254, 0.001073, 0.001318, 0.001186, 0.001311, 0.001275, 0.001397, 0.001178
6 , 1, 1, 1, 1, 1, 1, 1
6 , 0.018466, 0.021378, 0.026617, 0.025267, 0.024428, 0.023699, 0.022614
7 , 0.001794, 0.001532, 0.001691, 0.001709, 0.001639, 0.001673, 0.001596, 0.001835, 0.001582, 0.001741, 0.001565, 0.001832, 0.001804, 0.001790, 0.001589, 0.001687, 0.001781, 0.001717, 0.001734, 0.001768, 0.001808, 0.001883, 0.000483, 0.001716, 0.001431, 0.001376, 0.001395, 0.001331, 0.001244, 0.001306, 0.001307, 0.001312, 0.001286, 0.001070, 0.001317, 0.001222, 0.001254, 0.001073, 0.001318, 0.001186, 0.001311, 0.001275, 0.001397, 0.001178, 0.001453, 0.001148, 0.001533, 0.000843, 0.000956, 0.001580, 0.001706, 0.001557, 0.001541, 0.001744, 0.001687, 0.001740, 0.001615, 0.001741, 0.001602, 0.001842, 0.001642, 0.001767, 0.001746, 0.001769, 0.001716, 0.001725, 0.001926, 0.001912, 0.001901, 0.001818, 0.001777, 0.002117, 0.000668, 0.001531, 0.001272, 0.001318, 0.001262, 0.001376, 0.001185, 0.001192, 0.001092, 0.001215, 0.001215, 0.001274, 0.001243, 0.001279, 0.001213, 0.001183, 0.001301, 0.001263, 0.001266, 0.001257
7 , 1, 1, 1, 1, 1, 1, 1
7 , 0.012139, 0.015296, 0.017593, 0.018957, 0.019301, 0.019321, 0.019060
8 , 0.001557, 0.001541, 0.001744, 0.001687, 0.001740, 0.001615, 0.001741, 0.001602, 0.001842, 0.001642, 0.001767, 0.001746, 0.001769, 0.001716, 0.001725, 0.001926, 0.001912, 0.001901, 0.001818, 0.001777, 0.002117, 0.000668, 0.001531, 0.001272, 0.001318, 0.001262, 0.001376, 0.001185, 0.001192, 0.001092, 0.001215, 0.001215, 0.001274, 0.001243, 0.001279, 0.001213, 0.001183, 0.001301, 0.001263, 0.001266, 0.001257, 0.001376, 0.001304, 0.001334, 0.001502, 0.000242, 0.001304, 0.001400, 0.001451, 0.001360, 0.001656, 0.001531, 0.001572, 0.001475, 0.001751, 0.001653, 0.001637, 0.001744, 0.001666, 0.001757, 0.001671, 0.001839, 0.001776, 0.001859, 0.001901, 0.001935, 0.001841, 0.001743, 0.002040, 0.001701, 0.001107, 0.001359, 0.001239, 0.001105, 0.001135, 0.000924, 0.001112, 0.000986, 0.001054, 0.000959, 0.001147, 0.000963, 0.000972, 0.000965, 0.001049, 0.000887, 0.001022, 0.001009, 0.001125, 0.001102, 0.001152, 0.001033
8 , 1, 1, 1, 1, 1, 1, 1
8 , 0.019126, 0.021698, 0.026117, 0.024319, 0.024543, 0.023916, 0.022948
9 , 0.001451, 0.001360, 0.001656, 0.001531, 0.001572, 0.001475, 0.001751, 0.001653, 0.001637, 0.001744, 0.001666, 0.001757, 0.001671, 0.001839, 0.001776, 0.001859, 0.001901, 0.001935, 0.001841, 0.001743, 0.002040, 0.001701, 0.001107, 0.001359, 0.001239, 0.001105, 0.001135, 0.000924, 0.001112, 0.000986, 0.001054, 0.000959, 0.001147, 0.000963, 0.000972, 0.000965, 0.001049, 0.000887, 0.001022, 0.001009, 0.001125, 0.001102, 0.001152, 0.001033, 0.001199, 0.001207, 0.001350, 0.000117, 0.001447, 0.001575, 0.001613, 0.001514, 0.001664, 0.001675, 0.001689, 0.001682, 0.001591, 0.001776, 0.001735, 0.001800, 0.001596, 0.001746, 0.001789, 0.001907, 0.001808, 0.001849, 0.001826, 0.001685, 0.001798, 0.001762, 0.001781, 0.001993, 0.000328, 0.001722, 0.001369, 0.001372, 0.001218, 0.001129, 0.001259, 0.001161, 0.001201, 0.001114, 0.001149, 0.001145, 0.001271, 0.001120, 0.001303, 0.001026, 0.001210, 0.001017, 0.001199, 0.001101
9 , 1, 1, 1, 1, 1, 1, 1
9 , 0.016541, 0.019966, 0.022652, 0.024416, 0.027651, 0.025583, 0.025278
10 , 0.001613, 0.001514, 0.001664, 0.001675, 0.001689, 0.001682, 0.001591, 0.001776, 0.001735, 0.001800, 0.001596, 0.001746, 0.001789, 0.001907, 0.001808, 0.001849, 0.001826, 0.001685, 0.001798, 0.001762, 0.001781, 0.001993, 0.000328, 0.001722, 0.001369, 0.001372, 0.001218, 0.001129, 0.001259, 0.001161, 0.001201, 0.001114, 0.001149, 0.001145, 0.001271, 0.001120, 0.001303, 0.001026, 0.001210, 0.001017, 0.001199, 0.001101, 0.001278, 0.001187, 0.001423, 0.000705, 0.001031, 0.001572, 0.001715, 0.001670, 0.001681, 0.001808, 0.001710, 0.001673, 0.001537, 0.001899, 0.001794, 0.001873, 0.001733, 0.001812, 0.001940, 0.001821, 0.001847, 0.001833, 0.002093, 0.002015, 0.002102, 0.001796, 0.001955, 0.002110, 0.001887, 0.002116, 0.000857, 0.001145, 0.001525, 0.001477, 0.001423, 0.001203, 0.001362, 0.001233, 0.001294, 0.001200, 0.001262, 0.001219, 0.001280, 0.001214, 0.001309, 0.001207, 0.001209, 0.001056, 0.001243, 0.001218
10 , 1, 1, 1, 1, 1, 1, 1
10 , 0.016063, 0.019477, 0.023158, 0.026062, 0.024856, 0.023823, 0.022718
11 , 0.001670, 0.001681, 0.001808, 0.001710, 0.001673, 0.001537, 0.001899, 0.001794, 0.001873, 0.001733, 0.001812, 0.001940, 0.001821, 0.001847, 0.001833, 0.002093, 0.002015, 0.002102, 0.001796, 0.001955, 0.002110, 0.001887, 0.002116, 0.000857, 0.001145, 0.001525, 0.001477, 0.001423, 0.001203, 0.001362, 0.001233, 0.001294, 0.001200, 0.001262, 0.001219, 0.001280, 0.001214, 0.001309, 0.001207, 0.001209, 0.001056, 0.001243, 0.001218, 0.001336, 0.001247, 0.001129, 0.001311, 0.001218, 0.001278, 0.001223, 0.001168, 0.001110, 0.001210, 0.001059, 0.001397, 0.001087, 0.001281, 0.001125, 0.001193, 0.001128, 0.001328, 0.001228, 0.001257, 0.001064, 0.001275, 0.001267, 0.001353, 0.001258, 0.001414, 0.001291, 0.001327, 0.001237, 0.001182, 0.001154, 0.001279, 0.001193, 0.001232, 0.001294, 0.001203, 0.001326, 0.001199, 0.001230, 0.001189, 0.001196, 0.001196, 0.001194, 0.001104, 0.001290, 0.001196, 0.001287, 0.001192, 0.001289
11 , 2, 2, 2, 2, 2, 2, 2
11 , 0.009644, 0.010981, 0.012238, 0.012932, 0.014121, 0.013042, 0.012216
12 , 0.001168, 0.001110, 0.001210, 0.001059, 0.001397, 0.001087, 0.001281, 0.001125, 0.001193, 0.001128, 0.001328, 0.001228, 0.001257, 0.001064, 0.001275, 0.001267, 0.001353, 0.001258, 0.001414, 0.001291, 0.001327, 0.001237, 0.001182, 0.001154, 0.001279, 0.001193, 0.001232, 0.001294, 0.001203, 0.001326, 0.001199, 0.001230, 0.001189, 0.001196, 0.001196, 0.001194, 0.001104, 0.001290, 0.001196, 0.001287, 0.001192, 0.001289, 0.001100, 0.001253, 0.001000, 0.001164, 0.001067, 0.001254, 0.001158, 0.001187, 0.001161, 0.001280, 0.001158, 0.001287, 0.001261, 0.001199, 0.001233, 0.001206, 0.001270, 0.001178, 0.001181, 0.001243, 0.001125, 0.001178, 0.001265, 0.001084, 0.001239, 0.001175, 0.001126, 0.001091, 0.001214, 0.001094, 0.001281, 0.001032, 0.001249, 0.001125, 0.001332, 0.001107, 0.001287, 0.001222, 0.001289, 0.001280, 0.001183, 0.001238, 0.001413, 0.001324, 0.001414, 0.001348, 0.001323, 0.001385, 0.001237, 0.001361
12 , 0, 2, 2, 2, 2, 2, 2
12 , 0.001130, 0.001552, 0.001983, 0.002164, 0.002441, 0.002444, 0.003005
13 , 0.001158, 0.001287, 0.001261, 0.001199, 0.001233, 0.001206, 0.001270, 0.001178, 0.001181, 0.001243, 0.001125, 0.001178, 0.001265, 0.001084, 0.001239, 0.001175, 0.001126, 0.001091, 0.001214, 0.001094, 0.001281, 0.001032, 0.001249, 0.001125, 0.001332, 0.001107, 0.001287, 0.001222, 0.001289, 0.001280, 0.001183, 0.001238, 0.001413, 0.001324, 0.001414, 0.001348, 0.001323, 0.001385, 0.001237, 0.001361, 0.001268, 0.001368, 0.001276, 0.001402, 0.001309, 0.001320, 0.001197, 0.001261, 0.001165, 0.001408, 0.001189, 0.001312, 0.001280, 0.001370, 0.001337, 0.001401, 0.001305, 0.001398, 0.001213, 0.001214, 0.001219, 0.001257, 0.001230, 0.001289, 0.001238, 0.001297, 0.001326, 0.001113, 0.001152, 0.001149, 0.001120, 0.001181, 0.001220, 0.001103, 0.001228, 0.001062, 0.001248, 0.001061, 0.001274, 0.001053, 0.001235, 0.001171, 0.001386, 0.001167, 0.001286, 0.001218, 0.001309, 0.001331, 0.001211, 0.001271, 0.001239, 0.001422
13 , 3, 3, 3, 3, 3, 3, 3
13 , 0.003526, 0.003559, 0.003216, 0.003251, 0.002939, 0.003175, 0.002709
14 , 0.001261, 0.001165, 0.001408, 0.001189, 0.001312, 0.001280, 0.001370, 0.001337, 0.001401, 0.001305, 0.001398, 0.001213, 0.001214, 0.001219, 0.001257, 0.001230, 0.001289, 0.001238, 0.001297, 0.001326, 0.001113, 0.001152, 0.001149, 0.001120, 0.001181, 0.001220, 0.001103, 0.001228, 0.001062, 0.001248, 0.001061, 0.001274, 0.001053, 0.001235, 0.001171, 0.001386, 0.001167, 0.001286, 0.001218, 0.001309, 0.001331, 0.001211, 0.001271, 0.001239, 0.001422, 0.001333, 0.001243, 0.001270, 0.001416, 0.001325, 0.001267, 0.001081, 0.001393, 0.001309, 0.001355, 0.001350, 0.001389, 0.001203, 0.001328, 0.001114, 0.001189, 0.001003, 0.001283, 0.001163, 0.001201, 0.001052, 0.001119, 0.001114, 0.001210, 0.001117, 0.001090, 0.001095, 0.001153, 0.001127, 0.001095, 0.001212, 0.001148, 0.001140, 0.001161, 0.001225, 0.001123, 0.001307, 0.001180, 0.001236, 0.001135, 0.001377, 0.001372, 0.001400, 0.001270, 0.001237, 0.001268, 0.001361
14 , 1, 1, 1, 1, 2, 2, 2
14 , 0.002844, 0.002527, 0.001732, 0.001172, 0.001305, 0.001499, 0.001528
15 , 0.001243, 0.001270, 0.001416, 0.001325, 0.001267, 0.001081, 0.001393, 0.001309, 0.001355, 0.001350, 0.001389, 0.001203, 0.001328, 0.001114, 0.001189, 0.001003, 0.001283, 0.001163, 0.001201, 0.001052, 0.001119, 0.001114, 0.001210, 0.001117, 0.001090, 0.001095, 0.001153, 0.001127, 0.001095, 0.001212, 0.001148, 0.001140, 0.001161, 0.001225, 0.001123, 0.001307, 0.001180, 0.001236, 0.001135, 0.001377, 0.001372, 0.001400, 0.001270, 0.001237, 0.001268, 0.001361, 0.001295, 0.001425, 0.001329, 0.001385, 0.001356, 0.001324, 0.001416, 0.001384, 0.001408, 0.001315, 0.001465, 0.001433, 0.001464, 0.001435, 0.001470, 0.001463, 0.001492, 0.001461, 0.001468, 0.001342, 0.001533, 0.001406, 0.001352, 0.001323, 0.001417, 0.001169, 0.001332, 0.001244, 0.001370, 0.001311, 0.001200, 0.001174, 0.001206, 0.001270, 0.001120, 0.001148, 0.001300, 0.001272, 0.001212, 0.001249, 0.001152, 0.001225, 0.001073, 0.001230, 0.001079, 0.001231
15 , 1, 1, 1, 1, 1, 1, 3
15 , 0.005762, 0.005564, 0.005224, 0.005132, 0.004673, 0.004358, 0.004768
16 , 0.001295, 0.001425, 0.001329, 0.001385, 0.001356, 0.001324, 0.001416, 0.001384, 0.001408, 0.001315, 0.001465, 0.001433, 0.001464, 0.001435, 0.001470, 0.001463, 0.001492, 0.001461, 0.001468, 0.001342, 0.001533, 0.001406, 0.001352, 0.001323, 0.001417, 0.001169, 0.001332, 0.001244, 0.001370, 0.001311, 0.001200, 0.001174, 0.001206, 0.001270, 0.001120, 0.001148, 0.001300, 0.001272, 0.001212, 0.001249, 0.001152, 0.001225, 0.001073, 0.001230, 0.001079, 0.001231, 0.001126, 0.001285, 0.001246, 0.001342, 0.001190, 0.001256, 0.001108, 0.001151, 0.001058, 0.001093, 0.001153, 0.001156, 0.001154, 0.001207, 0.001234, 0.001132, 0.001246, 0.001206, 0.001329, 0.001286, 0.001320, 0.001259, 0.001313, 0.001211, 0.001364, 0.001235, 0.001417, 0.001264, 0.001445, 0.001378, 0.001419, 0.001264, 0.001358, 0.001262, 0.001266, 0.001217, 0.001308, 0.001370, 0.001311, 0.001254, 0.001316, 0.001374, 0.001315, 0.001345, 0.001283, 0.001370
16 , 2, 2, 2, 2, 2, 2, 2
16 , 0.005597, 0.005764, 0.006421, 0.006514, 0.006730, 0.006523, 0.006718
