0 , 0.001641, 0.001508, 0.001478, 0.001413, 0.001525, 0.001400, 0.001612, 0.001422, 0.001568, 0.001452, 0.001577, 0.001337, 0.001530, 0.001379, 0.001573, 0.001337, 0.001539, 0.001323, 0.001551, 0.001448, 0.001499, 0.001271, 0.001525, 0.001365, 0.000112, 0.001014, 0.001101, 0.001233, 0.001203, 0.001461, 0.001311, 0.001469, 0.001467, 0.001501, 0.001842, 0.001666, 0.001712, 0.001634, 0.001661, 0.001705, 0.001572, 0.001623, 0.001469, 0.001707, 0.001755, 0.001421, 0.001634, 0.001508, 0.001679, 0.000685, 0.001669, 0.001460, 0.001565, 0.001231, 0.001369, 0.001240, 0.001309, 0.001214, 0.001395, 0.001175, 0.001546, 0.001378, 0.001460, 0.001248, 0.001343, 0.001287, 0.001309, 0.001291, 0.001309, 0.001438, 0.001271, 0.001343, 0.000384, 0.000952, 0.001220, 0.001401, 0.001174, 0.001210, 0.001462, 0.001313, 0.001372, 0.001243, 0.001505, 0.001392, 0.001511, 0.001455, 0.001293, 0.001438, 0.001270, 0.001362, 0.001283, 0.001170
0 , 1, 1, 1, 1, 1, 0, 0
0 , 0.002599, 0.001736, 0.002642, 0.001843, 0.001441, 0.001312, 0.003554
1 , 0.001565, 0.001231, 0.001369, 0.001240, 0.001309, 0.001214, 0.001395, 0.001175, 0.001546, 0.001378, 0.001460, 0.001248, 0.001343, 0.001287, 0.001309, 0.001291, 0.001309, 0.001438, 0.001271, 0.001343, 0.000384, 0.000952, 0.001220, 0.001401, 0.001174, 0.001210, 0.001462, 0.001313, 0.001372, 0.001243, 0.001505, 0.001392, 0.001511, 0.001455, 0.001293, 0.001438, 0.001270, 0.001362, 0.001283, 0.001170, 0.001481, 0.001385, 0.001524, 0.001282, 0.001767, 0.000259, 0.001585, 0.001598, 0.001598, 0.001404, 0.001473, 0.001347, 0.001210, 0.001274, 0.001309, 0.001336, 0.001185, 0.001297, 0.001125, 0.001401, 0.001211, 0.001299, 0.001211, 0.001306, 0.001172, 0.001353, 0.001180, 0.001469, 0.001188, 0.001546, 0.000866, 0.000498, 0.001078, 0.001065, 0.001147, 0.000992, 0.001376, 0.001339, 0.001488, 0.001356, 0.001266, 0.001604, 0.001333, 0.001409, 0.001425, 0.001432, 0.001564, 0.001451, 0.001646, 0.001375, 0.001546, 0.001622
1 , 1, 2, 3, 0, 0, 0, 0
1 , 0.001065, 0.001393, 0.001053, 0.001955, 0.004824, 0.005931, 0.007387
2 , 0.001210, 0.001274, 0.001309, 0.001336, 0.001185, 0.001297, 0.001125, 0.001401, 0.001211, 0.001299, 0.001211, 0.001306, 0.001172, 0.001353, 0.001180, 0.001469, 0.001188, 0.001546, 0.000866, 0.000498, 0.001078, 0.001065, 0.001147, 0.000992, 0.001376, 0.001339, 0.001488, 0.001356, 0.001266, 0.001604, 0.001333, 0.001409, 0.001425, 0.001432, 0.001564, 0.001451, 0.001646, 0.001375, 0.001546, 0.001622, 0.001545, 0.001639, 0.001756, 0.001198, 0.001118, 0.001425, 0.001293, 0.001397, 0.001205, 0.001291, 0.001074, 0.001217, 0.001030, 0.001297, 0.001197, 0.001356, 0.001114, 0.001309, 0.001236, 0.001508, 0.001311, 0.001609, 0.001489, 0.001649, 0.001616, 0.001628, 0.001551, 0.000018, 0.000940, 0.000945, 0.000942, 0.000794, 0.000972, 0.001200, 0.001030, 0.001211, 0.000927, 0.001168, 0.001145, 0.001126, 0.001286, 0.001075, 0.001405, 0.001226, 0.001277, 0.001275, 0.001176, 0.001400, 0.001282, 0.001271, 0.001213, 0.001389
2 , 3, 3, 3, 3, 3, 0, 0
2 , 0.005492, 0.006509, 0.006503, 0.006217, 0.006119, 0.005869, 0.006026
3 , 0.001397, 0.001205, 0.001291, 0.001074, 0.001217, 0.001030, 0.001297, 0.001197, 0.001356, 0.001114, 0.001309, 0.001236, 0.001508, 0.001311, 0.001609, 0.001489, 0.001649, 0.001616, 0.001628, 0.001551, 0.000018, 0.000940, 0.000945, 0.000942, 0.000794, 0.000972, 0.001200, 0.001030, 0.001211, 0.000927, 0.001168, 0.001145, 0.001126, 0.001286, 0.001075, 0.001405, 0.001226, 0.001277, 0.001275, 0.001176, 0.001400, 0.001282, 0.001271, 0.001213, 0.001389, 0.000602, 0.001707, 0.001417, 0.001598, 0.001412, 0.001473, 0.001464, 0.001357, 0.001176, 0.001301, 0.001297, 0.001306, 0.001146, 0.001264, 0.001306, 0.001186, 0.001398, 0.001260, 0.001368, 0.001208, 0.001251, 0.001263, 0.001374, 0.001116, 0.001576, 0.000374, 0.000808, 0.001223, 0.001184, 0.001223, 0.000988, 0.001221, 0.001232, 0.001251, 0.001158, 0.001166, 0.001479, 0.001096, 0.001291, 0.001289, 0.001312, 0.001417, 0.001302, 0.001388, 0.001227, 0.001435, 0.001518
3 , 1, 1, 1, 1, 2, 2, 0
3 , 0.007944, 0.008158, 0.007282, 0.003687, 0.002047, 0.001641, 0.001524
4 , 0.001417, 0.001598, 0.001412, 0.001473, 0.001464, 0.001357, 0.001176, 0.001301, 0.001297, 0.001306, 0.001146, 0.001264, 0.001306, 0.001186, 0.001398, 0.001260, 0.001368, 0.001208, 0.001251, 0.001263, 0.001374, 0.001116, 0.001576, 0.000374, 0.000808, 0.001223, 0.001184, 0.001223, 0.000988, 0.001221, 0.001232, 0.001251, 0.001158, 0.001166, 0.001479, 0.001096, 0.001291, 0.001289, 0.001312, 0.001417, 0.001302, 0.001388, 0.001227, 0.001435, 0.001518, 0.001368, 0.001362, 0.001524, 0.000118, 0.001525, 0.001546, 0.001516, 0.001546, 0.001317, 0.001374, 0.001274, 0.001383, 0.001240, 0.001374, 0.001279, 0.001369, 0.001084, 0.001387, 0.001209, 0.001322, 0.001227, 0.001490, 0.001218, 0.001417, 0.001140, 0.001460, 0.000961, 0.000617, 0.001250, 0.001336, 0.001405, 0.001200, 0.001369, 0.001524, 0.001468, 0.001415, 0.001322, 0.001713, 0.001736, 0.001583, 0.001573, 0.001464, 0.001570, 0.001468, 0.001554, 0.001432, 0.001210
4 , 2, 2, 2, 2, 2, 2, 0
4 , 0.003774, 0.003632, 0.004929, 0.003746, 0.005044, 0.004415, 0.003725
5 , 0.001546, 0.001516, 0.001546, 0.001317, 0.001374, 0.001274, 0.001383, 0.001240, 0.001374, 0.001279, 0.001369, 0.001084, 0.001387, 0.001209, 0.001322, 0.001227, 0.001490, 0.001218, 0.001417, 0.001140, 0.001460, 0.000961, 0.000617, 0.001250, 0.001336, 0.001405, 0.001200, 0.001369, 0.001524, 0.001468, 0.001415, 0.001322, 0.001713, 0.001736, 0.001583, 0.001573, 0.001464, 0.001570, 0.001468, 0.001554, 0.001432, 0.001210, 0.001485, 0.001455, 0.001422, 0.001484, 0.000779, 0.001092, 0.001658, 0.001517, 0.001663, 0.001410, 0.001634, 0.001431, 0.001638, 0.001374, 0.001568, 0.001335, 0.001481, 0.001387, 0.001521, 0.001396, 0.001445, 0.001324, 0.001294, 0.001333, 0.001463, 0.001238, 0.001258, 0.001212, 0.001087, 0.001184, 0.000375, 0.001232, 0.001375, 0.001351, 0.001375, 0.001363, 0.001586, 0.001465, 0.001435, 0.001330, 0.001204, 0.001592, 0.001345, 0.001388, 0.001305, 0.001257, 0.001418, 0.001329, 0.001374, 0.001170
5 , 3, 3, 3, 3, 3, 0, 0
5 , 0.004620, 0.005052, 0.003299, 0.003905, 0.005228, 0.003866, 0.004509
6 , 0.001663, 0.001410, 0.001634, 0.001431, 0.001638, 0.001374, 0.001568, 0.001335, 0.001481, 0.001387, 0.001521, 0.001396, 0.001445, 0.001324, 0.001294, 0.001333, 0.001463, 0.001238, 0.001258, 0.001212, 0.001087, 0.001184, 0.000375, 0.001232, 0.001375, 0.001351, 0.001375, 0.001363, 0.001586, 0.001465, 0.001435, 0.001330, 0.001204, 0.001592, 0.001345, 0.001388, 0.001305, 0.001257, 0.001418, 0.001329, 0.001374, 0.001170, 0.001358, 0.001404, 0.001198, 0.001285, 0.001178, 0.000666, 0.001771, 0.001625, 0.001607, 0.001490, 0.001503, 0.001421, 0.001378, 0.001421, 0.001343, 0.001400, 0.001257, 0.001470, 0.001181, 0.001403, 0.001143, 0.001379, 0.001189, 0.001258, 0.001012, 0.001438, 0.001124, 0.001490, 0.000502, 0.000843, 0.001197, 0.001131, 0.001120, 0.001004, 0.001055, 0.001177, 0.001058, 0.001136, 0.001032, 0.001266, 0.001313, 0.001215, 0.001193, 0.001104, 0.001382, 0.001247, 0.001233, 0.001396, 0.001333, 0.001402
6 , 1, 1, 1, 1, 1, 3, 3
6 , 0.007142, 0.006930, 0.006523, 0.004620, 0.002669, 0.002158, 0.001904
7 , 0.001178, 0.000666, 0.001771, 0.001625, 0.001607, 0.001490, 0.001503, 0.001421, 0.001378, 0.001421, 0.001343, 0.001400, 0.001257, 0.001470, 0.001181, 0.001403, 0.001143, 0.001379, 0.001189, 0.001258, 0.001012, 0.001438, 0.001124, 0.001490, 0.000502, 0.000843, 0.001197, 0.001131, 0.001120, 0.001004, 0.001055, 0.001177, 0.001058, 0.001136, 0.001032, 0.001266, 0.001313, 0.001215, 0.001193, 0.001104, 0.001382, 0.001247, 0.001233, 0.001396, 0.001333, 0.001402, 0.001392, 0.001207, 0.001398, 0.001174, 0.001427, 0.000217, 0.001943, 0.001728, 0.001727, 0.001360, 0.001477, 0.001244, 0.001408, 0.001266, 0.001396, 0.001310, 0.001272, 0.001177, 0.001371, 0.001238, 0.001226, 0.001184, 0.001193, 0.001242, 0.001084, 0.001145, 0.001059, 0.001177, 0.001161, 0.001212, 0.001108, 0.001145, 0.000922, 0.001168, 0.001057, 0.001261, 0.001003, 0.001242, 0.001094, 0.001221, 0.001064, 0.001305, 0.001125, 0.001362, 0.001180, 0.001379
7 , 1, 1, 1, 1, 1, 1, 1
7 , 0.008675, 0.008147, 0.007473, 0.007069, 0.006860, 0.007024, 0.004887
8 , 0.001392, 0.001207, 0.001398, 0.001174, 0.001427, 0.000217, 0.001943, 0.001728, 0.001727, 0.001360, 0.001477, 0.001244, 0.001408, 0.001266, 0.001396, 0.001310, 0.001272, 0.001177, 0.001371, 0.001238, 0.001226, 0.001184, 0.001193, 0.001242, 0.001084, 0.001145, 0.001059, 0.001177, 0.001161, 0.001212, 0.001108, 0.001145, 0.000922, 0.001168, 0.001057, 0.001261, 0.001003, 0.001242, 0.001094, 0.001221, 0.001064, 0.001305, 0.001125, 0.001362, 0.001180, 0.001379, 0.001154, 0.001473, 0.001378, 0.001460, 0.001265, 0.001555, 0.001296, 0.001594, 0.001258, 0.001525, 0.001352, 0.001508, 0.001348, 0.001685, 0.001440, 0.001577, 0.001517, 0.001655, 0.001499, 0.001598, 0.001378, 0.001460, 0.001235, 0.001438, 0.001477, 0.001408, 0.001408, 0.001632, 0.001481, 0.001481, 0.001533, 0.001516, 0.001408, 0.001473, 0.001481, 0.001326, 0.001468, 0.001369, 0.001421, 0.001283, 0.001482, 0.001323, 0.001349, 0.001241, 0.001483, 0.001233
8 , 1, 1, 1, 1, 1, 1, 1
8 , 0.005163, 0.005114, 0.004869, 0.005249, 0.004788, 0.004987, 0.004829
9 , 0.001460, 0.001265, 0.001555, 0.001296, 0.001594, 0.001258, 0.001525, 0.001352, 0.001508, 0.001348, 0.001685, 0.001440, 0.001577, 0.001517, 0.001655, 0.001499, 0.001598, 0.001378, 0.001460, 0.001235, 0.001438, 0.001477, 0.001408, 0.001408, 0.001632, 0.001481, 0.001481, 0.001533, 0.001516, 0.001408, 0.001473, 0.001481, 0.001326, 0.001468, 0.001369, 0.001421, 0.001283, 0.001482, 0.001323, 0.001349, 0.001241, 0.001483, 0.001233, 0.001324, 0.001139, 0.001275, 0.000994, 0.001275, 0.001133, 0.001242, 0.001089, 0.001191, 0.001121, 0.001270, 0.001077, 0.001314, 0.001001, 0.001347, 0.001164, 0.001320, 0.001112, 0.001539, 0.001289, 0.001483, 0.001283, 0.001534, 0.001482, 0.001576, 0.001335, 0.001646, 0.001399, 0.001512, 0.001330, 0.001408, 0.001317, 0.001477, 0.001330, 0.001503, 0.001300, 0.001464, 0.001347, 0.001438, 0.001361, 0.001478, 0.001271, 0.001310, 0.001236, 0.001263, 0.001285, 0.001333, 0.001226, 0.001279
9 , 2, 2, 2, 2, 2, 2, 2
9 , 0.003672, 0.003653, 0.002991, 0.003048, 0.002759, 0.002812, 0.002947
10 , 0.000994, 0.001275, 0.001133, 0.001242, 0.001089, 0.001191, 0.001121, 0.001270, 0.001077, 0.001314, 0.001001, 0.001347, 0.001164, 0.001320, 0.001112, 0.001539, 0.001289, 0.001483, 0.001283, 0.001534, 0.001482, 0.001576, 0.001335, 0.001646, 0.001399, 0.001512, 0.001330, 0.001408, 0.001317, 0.001477, 0.001330, 0.001503, 0.001300, 0.001464, 0.001347, 0.001438, 0.001361, 0.001478, 0.001271, 0.001310, 0.001236, 0.001263, 0.001285, 0.001333, 0.001226, 0.001279, 0.001379, 0.001163, 0.001242, 0.001251, 0.001189, 0.001089, 0.001124, 0.001179, 0.001224, 0.001179, 0.001145, 0.001070, 0.001307, 0.001258, 0.001302, 0.001064, 0.001296, 0.001083, 0.001389, 0.001211, 0.001311, 0.001091, 0.001342, 0.001178, 0.001394, 0.001204, 0.001222, 0.001131, 0.001395, 0.001106, 0.001261, 0.001155, 0.001488, 0.001331, 0.001439, 0.001154, 0.001470, 0.001305, 0.001534, 0.001369, 0.001551, 0.001257, 0.001451, 0.001343, 0.001481, 0.001382
10 , 0, 0, 0, 0, 0, 0, 0
10 , 0.006639, 0.006007, 0.005867, 0.005341, 0.005126, 0.004489, 0.004605
11 , 0.001379, 0.001163, 0.001242, 0.001251, 0.001189, 0.001089, 0.001124, 0.001179, 0.001224, 0.001179, 0.001145, 0.001070, 0.001307, 0.001258, 0.001302, 0.001064, 0.001296, 0.001083, 0.001389, 0.001211, 0.001311, 0.001091, 0.001342, 0.001178, 0.001394, 0.001204, 0.001222, 0.001131, 0.001395, 0.001106, 0.001261, 0.001155, 0.001488, 0.001331, 0.001439, 0.001154, 0.001470, 0.001305, 0.001534, 0.001369, 0.001551, 0.001257, 0.001451, 0.001343, 0.001481, 0.001382, 0.001542, 0.001339, 0.001542, 0.001399, 0.001624, 0.001322, 0.001468, 0.001400, 0.001516, 0.001339, 0.001525, 0.001335, 0.001546, 0.001430, 0.001546, 0.001287, 0.001404, 0.001274, 0.001451, 0.001330, 0.001581, 0.001429, 0.001438, 0.001278, 0.001421, 0.001391, 0.001447, 0.001434, 0.001447, 0.001481, 0.001429, 0.001486, 0.001473, 0.001404, 0.001468, 0.001408, 0.001408, 0.001447, 0.001360, 0.001369, 0.001373, 0.001499, 0.001464, 0.001503, 0.001304, 0.001468
11 , 3, 3, 3, 3, 3, 3, 3
11 , 0.002377, 0.002661, 0.002518, 0.002989, 0.003087, 0.003277, 0.003157
12 , 0.001322, 0.001468, 0.001400, 0.001516, 0.001339, 0.001525, 0.001335, 0.001546, 0.001430, 0.001546, 0.001287, 0.001404, 0.001274, 0.001451, 0.001330, 0.001581, 0.001429, 0.001438, 0.001278, 0.001421, 0.001391, 0.001447, 0.001434, 0.001447, 0.001481, 0.001429, 0.001486, 0.001473, 0.001404, 0.001468, 0.001408, 0.001408, 0.001447, 0.001360, 0.001369, 0.001373, 0.001499, 0.001464, 0.001503, 0.001304, 0.001468, 0.001378, 0.001511, 0.001443, 0.001533, 0.001430, 0.001577, 0.001426, 0.001650, 0.001473, 0.001594, 0.001395, 0.001538, 0.001512, 0.001702, 0.001534, 0.001607, 0.001357, 0.001620, 0.001410, 0.001650, 0.001440, 0.001620, 0.001482, 0.001654, 0.001378, 0.001658, 0.001451, 0.001590, 0.001201, 0.001379, 0.001044, 0.001447, 0.001192, 0.001449, 0.001077, 0.001377, 0.001200, 0.001379, 0.001070, 0.001224, 0.001117, 0.001337, 0.000980, 0.001280, 0.000996, 0.001207, 0.001105, 0.001330, 0.001112, 0.001388, 0.001273
12 , 3, 3, 3, 3, 3, 3, 3
12 , 0.006616, 0.007383, 0.007016, 0.007231, 0.006435, 0.006623, 0.005858
13 , 0.001426, 0.001650, 0.001473, 0.001594, 0.001395, 0.001538, 0.001512, 0.001702, 0.001534, 0.001607, 0.001357, 0.001620, 0.001410, 0.001650, 0.001440, 0.001620, 0.001482, 0.001654, 0.001378, 0.001658, 0.001451, 0.001590, 0.001201, 0.001379, 0.001044, 0.001447, 0.001192, 0.001449, 0.001077, 0.001377, 0.001200, 0.001379, 0.001070, 0.001224, 0.001117, 0.001337, 0.000980, 0.001280, 0.000996, 0.001207, 0.001105, 0.001330, 0.001112, 0.001388, 0.001273, 0.001337, 0.001280, 0.001585, 0.001520, 0.001581, 0.001478, 0.001548, 0.001570, 0.001668, 0.001616, 0.001603, 0.001443, 0.001568, 0.001369, 0.001537, 0.001395, 0.001503, 0.001438, 0.001292, 0.001270, 0.001369, 0.001442, 0.001568, 0.001464, 0.001499, 0.001589, 0.001529, 0.001559, 0.001529, 0.001486, 0.001399, 0.001469, 0.001434, 0.001447, 0.001341, 0.001438, 0.001300, 0.001349, 0.001254, 0.001474, 0.001270, 0.001261, 0.001183, 0.001342, 0.001332, 0.001519, 0.001359
13 , 1, 1, 1, 1, 1, 1, 1
13 , 0.007628, 0.008461, 0.008738, 0.009601, 0.009022, 0.008974, 0.008104
14 , 0.001581, 0.001478, 0.001548, 0.001570, 0.001668, 0.001616, 0.001603, 0.001443, 0.001568, 0.001369, 0.001537, 0.001395, 0.001503, 0.001438, 0.001292, 0.001270, 0.001369, 0.001442, 0.001568, 0.001464, 0.001499, 0.001589, 0.001529, 0.001559, 0.001529, 0.001486, 0.001399, 0.001469, 0.001434, 0.001447, 0.001341, 0.001438, 0.001300, 0.001349, 0.001254, 0.001474, 0.001270, 0.001261, 0.001183, 0.001342, 0.001332, 0.001519, 0.001359, 0.001442, 0.001234, 0.001380, 0.001314, 0.001479, 0.001249, 0.001392, 0.001284, 0.001513, 0.001340, 0.001565, 0.001339, 0.001461, 0.001366, 0.001487, 0.001395, 0.001698, 0.001387, 0.001495, 0.001300, 0.001629, 0.001288, 0.001503, 0.001369, 0.001603, 0.001322, 0.001595, 0.001358, 0.001560, 0.001344, 0.001426, 0.001249, 0.001598, 0.001408, 0.001456, 0.001369, 0.001676, 0.001425, 0.001529, 0.001430, 0.001598, 0.001313, 0.001516, 0.001309, 0.001645, 0.001438, 0.001412, 0.001322, 0.001563
14 , 2, 2, 2, 2, 2, 2, 2
14 , 0.002515, 0.002931, 0.002475, 0.002981, 0.002926, 0.003399, 0.003364
15 , 0.001513, 0.001340, 0.001565, 0.001339, 0.001461, 0.001366, 0.001487, 0.001395, 0.001698, 0.001387, 0.001495, 0.001300, 0.001629, 0.001288, 0.001503, 0.001369, 0.001603, 0.001322, 0.001595, 0.001358, 0.001560, 0.001344, 0.001426, 0.001249, 0.001598, 0.001408, 0.001456, 0.001369, 0.001676, 0.001425, 0.001529, 0.001430, 0.001598, 0.001313, 0.001516, 0.001309, 0.001645, 0.001438, 0.001412, 0.001322, 0.001563, 0.001589, 0.001520, 0.001309, 0.001585, 0.001490, 0.001503, 0.001378, 0.001572, 0.001443, 0.001447, 0.001400, 0.001478, 0.001469, 0.001521, 0.001457, 0.001453, 0.001285, 0.001380, 0.001264, 0.001190, 0.001196, 0.001308, 0.001326, 0.001212, 0.001200, 0.001182, 0.001235, 0.001256, 0.001342, 0.001254, 0.001263, 0.001323, 0.001275, 0.001131, 0.001175, 0.001195, 0.001432, 0.001430, 0.001529, 0.001352, 0.001490, 0.001360, 0.001538, 0.001335, 0.001404, 0.001369, 0.001559, 0.001356, 0.001594, 0.001413, 0.001715
15 , 3, 0, 0, 0, 0, 0, 0
15 , 0.000897, 0.000959, 0.000940, 0.001750, 0.002119, 0.003092, 0.003313
16 , 0.001478, 0.001469, 0.001521, 0.001457, 0.001453, 0.001285, 0.001380, 0.001264, 0.001190, 0.001196, 0.001308, 0.001326, 0.001212, 0.001200, 0.001182, 0.001235, 0.001256, 0.001342, 0.001254, 0.001263, 0.001323, 0.001275, 0.001131, 0.001175, 0.001195, 0.001432, 0.001430, 0.001529, 0.001352, 0.001490, 0.001360, 0.001538, 0.001335, 0.001404, 0.001369, 0.001559, 0.001356, 0.001594, 0.001413, 0.001715, 0.001478, 0.001633, 0.001517, 0.001771, 0.001478, 0.001741, 0.001557, 0.001767, 0.001370, 0.001633, 0.001495, 0.001655, 0.001525, 0.001658, 0.001357, 0.001667, 0.001339, 0.001602, 0.001283, 0.001516, 0.001412, 0.001555, 0.001378, 0.001563, 0.001399, 0.001563, 0.001291, 0.001542, 0.001322, 0.001589, 0.001296, 0.001529, 0.001309, 0.001399, 0.001309, 0.001425, 0.001244, 0.001508, 0.001257, 0.001310, 0.001150, 0.001370, 0.001236, 0.001249, 0.001171, 0.001452, 0.001257, 0.001288, 0.001304, 0.001477, 0.001339, 0.001421
16 , 3, 3, 3, 3, 3, 3, 3
16 , 0.006273, 0.006356, 0.006996, 0.007017, 0.007856, 0.008128, 0.008624
