0 , 0.001190, 0.000650, 0.001398, 0.001553, 0.001596, 0.001704, 0.001832, 0.001784, 0.001925, 0.001728, 0.001954, 0.001913, 0.001959, 0.001820, 0.001877, 0.001952, 0.001891, 0.002038, 0.001663, 0.001931, 0.001849, 0.001785, 0.001876, 0.001806, 0.002112, 0.000758, 0.001555, 0.001519, 0.001532, 0.001287, 0.001405, 0.001426, 0.001452, 0.001325, 0.001482, 0.001384, 0.001481, 0.001353, 0.001414, 0.001383, 0.001475, 0.001383, 0.001443, 0.001439, 0.001466, 0.001501, 0.001438, 0.001447, 0.001492, 0.000222, 0.001414, 0.001397, 0.001597, 0.001391, 0.001644, 0.001755, 0.001724, 0.001700, 0.001646, 0.001737, 0.001633, 0.001590, 0.001607, 0.001721, 0.001559, 0.001741, 0.001657, 0.001853, 0.001866, 0.001839, 0.001815, 0.001691, 0.001861, 0.001547, 0.001007, 0.001758, 0.001555, 0.001409, 0.001472, 0.001351, 0.001506, 0.001472, 0.001443, 0.001223, 0.001402, 0.001272, 0.001539, 0.001385, 0.001567, 0.001381, 0.001480, 0.001328
0 , 1, 1, 1, 1, 1, 1, 1
0 , 0.004375, 0.006000, 0.007356, 0.008692, 0.010281, 0.012637, 0.016668
1 , 0.001597, 0.001391, 0.001644, 0.001755, 0.001724, 0.001700, 0.001646, 0.001737, 0.001633, 0.001590, 0.001607, 0.001721, 0.001559, 0.001741, 0.001657, 0.001853, 0.001866, 0.001839, 0.001815, 0.001691, 0.001861, 0.001547, 0.001007, 0.001758, 0.001555, 0.001409, 0.001472, 0.001351, 0.001506, 0.001472, 0.001443, 0.001223, 0.001402, 0.001272, 0.001539, 0.001385, 0.001567, 0.001381, 0.001480, 0.001328, 0.001461, 0.001344, 0.001444, 0.001267, 0.001306, 0.001100, 0.001471, 0.000311, 0.001454, 0.001718, 0.001692, 0.001730, 0.001817, 0.001999, 0.001806, 0.001893, 0.001828, 0.002066, 0.001793, 0.001787, 0.001708, 0.001885, 0.001754, 0.001771, 0.001586, 0.001684, 0.001819, 0.001698, 0.001788, 0.001704, 0.001811, 0.002031, 0.000214, 0.001743, 0.001373, 0.001432, 0.001338, 0.001340, 0.001397, 0.001296, 0.001384, 0.001384, 0.001292, 0.001259, 0.001593, 0.001370, 0.001521, 0.001363, 0.001517, 0.001362, 0.001605, 0.001365
1 , 1, 1, 1, 1, 1, 1, 1
1 , 0.008463, 0.011224, 0.013135, 0.014147, 0.016544, 0.014822, 0.014915
2 , 0.001692, 0.001730, 0.001817, 0.001999, 0.001806, 0.001893, 0.001828, 0.002066, 0.001793, 0.001787, 0.001708, 0.001885, 0.001754, 0.001771, 0.001586, 0.001684, 0.001819, 0.001698, 0.001788, 0.001704, 0.001811, 0.002031, 0.000214, 0.001743, 0.001373, 0.001432, 0.001338, 0.001340, 0.001397, 0.001296, 0.001384, 0.001384, 0.001292, 0.001259, 0.001593, 0.001370, 0.001521, 0.001363, 0.001517, 0.001362, 0.001605, 0.001365, 0.001461, 0.001369, 0.001423, 0.001010, 0.000739, 0.001439, 0.001515, 0.001574, 0.001651, 0.001844, 0.001765, 0.001799, 0.001546, 0.001917, 0.001800, 0.001986, 0.001861, 0.001838, 0.001917, 0.001751, 0.001856, 0.001720, 0.001783, 0.001810, 0.001703, 0.001656, 0.001660, 0.002018, 0.000831, 0.001606, 0.001628, 0.001551, 0.001438, 0.001557, 0.001429, 0.001553, 0.001395, 0.001548, 0.001452, 0.001460, 0.001305, 0.001461, 0.001402, 0.001499, 0.001286, 0.001355, 0.001324, 0.001296, 0.001328, 0.001302
2 , 1, 1, 1, 1, 1, 1, 1
2 , 0.011202, 0.013475, 0.016332, 0.017558, 0.015385, 0.015983, 0.015648
3 , 0.001574, 0.001651, 0.001844, 0.001765, 0.001799, 0.001546, 0.001917, 0.001800, 0.001986, 0.001861, 0.001838, 0.001917, 0.001751, 0.001856, 0.001720, 0.001783, 0.001810, 0.001703, 0.001656, 0.001660, 0.002018, 0.000831, 0.001606, 0.001628, 0.001551, 0.001438, 0.001557, 0.001429, 0.001553, 0.001395, 0.001548, 0.001452, 0.001460, 0.001305, 0.001461, 0.001402, 0.001499, 0.001286, 0.001355, 0.001324, 0.001296, 0.001328, 0.001302, 0.001244, 0.001385, 0.001217, 0.001326, 0.000359, 0.001582, 0.001665, 0.001758, 0.001507, 0.001740, 0.001693, 0.001704, 0.001680, 0.001620, 0.001761, 0.001724, 0.001725, 0.001563, 0.001833, 0.001694, 0.001748, 0.001738, 0.001664, 0.001903, 0.001684, 0.001765, 0.001688, 0.001817, 0.001640, 0.001066, 0.001852, 0.001622, 0.001449, 0.001477, 0.001326, 0.001478, 0.001324, 0.001478, 0.001360, 0.001367, 0.001155, 0.001437, 0.001256, 0.001439, 0.001255, 0.001389, 0.001173, 0.001425, 0.001119
3 , 1, 1, 1, 1, 1, 1, 1
3 , 0.009173, 0.011338, 0.013451, 0.013461, 0.016392, 0.015927, 0.016061
4 , 0.001758, 0.001507, 0.001740, 0.001693, 0.001704, 0.001680, 0.001620, 0.001761, 0.001724, 0.001725, 0.001563, 0.001833, 0.001694, 0.001748, 0.001738, 0.001664, 0.001903, 0.001684, 0.001765, 0.001688, 0.001817, 0.001640, 0.001066, 0.001852, 0.001622, 0.001449, 0.001477, 0.001326, 0.001478, 0.001324, 0.001478, 0.001360, 0.001367, 0.001155, 0.001437, 0.001256, 0.001439, 0.001255, 0.001389, 0.001173, 0.001425, 0.001119, 0.001270, 0.001037, 0.001498, 0.000406, 0.001483, 0.001794, 0.001779, 0.001859, 0.001734, 0.001976, 0.001772, 0.001855, 0.001794, 0.001865, 0.001811, 0.001697, 0.001758, 0.001867, 0.001906, 0.001717, 0.001838, 0.001558, 0.001707, 0.001755, 0.001731, 0.001768, 0.001649, 0.001934, 0.000064, 0.001744, 0.001566, 0.001561, 0.001433, 0.001441, 0.001324, 0.001470, 0.001376, 0.001537, 0.001322, 0.001301, 0.001241, 0.001336, 0.001245, 0.001277, 0.001305, 0.001247, 0.001338, 0.001312, 0.001441, 0.001196
4 , 1, 1, 1, 1, 1, 1, 1
4 , 0.013423, 0.015430, 0.019096, 0.016676, 0.015725, 0.016232, 0.015797
5 , 0.001779, 0.001859, 0.001734, 0.001976, 0.001772, 0.001855, 0.001794, 0.001865, 0.001811, 0.001697, 0.001758, 0.001867, 0.001906, 0.001717, 0.001838, 0.001558, 0.001707, 0.001755, 0.001731, 0.001768, 0.001649, 0.001934, 0.000064, 0.001744, 0.001566, 0.001561, 0.001433, 0.001441, 0.001324, 0.001470, 0.001376, 0.001537, 0.001322, 0.001301, 0.001241, 0.001336, 0.001245, 0.001277, 0.001305, 0.001247, 0.001338, 0.001312, 0.001441, 0.001196, 0.001226, 0.001264, 0.001345, 0.000993, 0.001027, 0.001643, 0.001603, 0.001738, 0.001637, 0.001788, 0.001834, 0.001903, 0.002013, 0.001931, 0.002067, 0.001934, 0.002135, 0.001851, 0.001972, 0.002040, 0.001862, 0.001781, 0.001792, 0.002107, 0.001825, 0.001890, 0.001472, 0.001837, 0.001007, 0.001588, 0.001879, 0.001895, 0.001741, 0.001831, 0.001709, 0.001740, 0.001561, 0.001600, 0.001544, 0.001648, 0.001323, 0.001520, 0.001345, 0.001397, 0.001132, 0.001184, 0.001072, 0.001240
5 , 1, 1, 1, 1, 1, 1, 1
5 , 0.011235, 0.014380, 0.016374, 0.017460, 0.016435, 0.016748, 0.017048
6 , 0.001643, 0.001603, 0.001738, 0.001637, 0.001788, 0.001834, 0.001903, 0.002013, 0.001931, 0.002067, 0.001934, 0.002135, 0.001851, 0.001972, 0.002040, 0.001862, 0.001781, 0.001792, 0.002107, 0.001825, 0.001890, 0.001472, 0.001837, 0.001007, 0.001588, 0.001879, 0.001895, 0.001741, 0.001831, 0.001709, 0.001740, 0.001561, 0.001600, 0.001544, 0.001648, 0.001323, 0.001520, 0.001345, 0.001397, 0.001132, 0.001184, 0.001072, 0.001240, 0.001061, 0.001278, 0.000989, 0.001265, 0.000663, 0.001847, 0.001892, 0.001855, 0.002040, 0.001888, 0.001980, 0.001931, 0.001953, 0.001912, 0.001976, 0.001976, 0.001801, 0.002070, 0.001759, 0.001936, 0.001920, 0.001754, 0.001687, 0.001731, 0.001878, 0.001685, 0.001808, 0.001655, 0.001876, 0.001822, 0.001653, 0.000943, 0.001509, 0.001553, 0.001432, 0.001525, 0.001459, 0.001588, 0.001339, 0.001406, 0.001346, 0.001439, 0.001348, 0.001445, 0.001258, 0.001503, 0.001410, 0.001387, 0.001350
6 , 1, 1, 1, 1, 1, 1, 1
6 , 0.011346, 0.013055, 0.016093, 0.017437, 0.020482, 0.019367, 0.018912
7 , 0.001855, 0.002040, 0.001888, 0.001980, 0.001931, 0.001953, 0.001912, 0.001976, 0.001976, 0.001801, 0.002070, 0.001759, 0.001936, 0.001920, 0.001754, 0.001687, 0.001731, 0.001878, 0.001685, 0.001808, 0.001655, 0.001876, 0.001822, 0.001653, 0.000943, 0.001509, 0.001553, 0.001432, 0.001525, 0.001459, 0.001588, 0.001339, 0.001406, 0.001346, 0.001439, 0.001348, 0.001445, 0.001258, 0.001503, 0.001410, 0.001387, 0.001350, 0.001412, 0.001477, 0.001415, 0.001419, 0.001387, 0.001328, 0.001333, 0.001274, 0.001246, 0.001364, 0.001275, 0.001405, 0.001184, 0.001254, 0.001223, 0.001229, 0.001168, 0.001287, 0.001104, 0.001262, 0.001231, 0.001412, 0.001161, 0.001437, 0.001396, 0.001368, 0.001245, 0.001455, 0.001349, 0.001473, 0.001376, 0.001435, 0.001338, 0.001337, 0.001307, 0.001456, 0.001509, 0.001356, 0.001356, 0.001351, 0.001380, 0.001532, 0.001467, 0.001312, 0.001466, 0.001372, 0.001380, 0.001352, 0.001510, 0.001389
7 , 2, 2, 2, 2, 2, 2, 2
7 , 0.010217, 0.012032, 0.012095, 0.012646, 0.012947, 0.012831, 0.011338
8 , 0.001246, 0.001364, 0.001275, 0.001405, 0.001184, 0.001254, 0.001223, 0.001229, 0.001168, 0.001287, 0.001104, 0.001262, 0.001231, 0.001412, 0.001161, 0.001437, 0.001396, 0.001368, 0.001245, 0.001455, 0.001349, 0.001473, 0.001376, 0.001435, 0.001338, 0.001337, 0.001307, 0.001456, 0.001509, 0.001356, 0.001356, 0.001351, 0.001380, 0.001532, 0.001467, 0.001312, 0.001466, 0.001372, 0.001380, 0.001352, 0.001510, 0.001389, 0.001459, 0.001370, 0.001380, 0.001355, 0.001360, 0.001210, 0.001278, 0.001128, 0.001198, 0.001105, 0.001237, 0.001147, 0.001115, 0.001143, 0.001174, 0.001145, 0.001184, 0.001145, 0.001263, 0.001168, 0.001166, 0.001254, 0.001312, 0.001342, 0.001206, 0.001273, 0.001328, 0.001482, 0.001208, 0.001274, 0.001210, 0.001451, 0.001351, 0.001387, 0.001344, 0.001493, 0.001339, 0.001400, 0.001304, 0.001546, 0.001357, 0.001541, 0.001531, 0.001502, 0.001467, 0.001532, 0.001384, 0.001418, 0.001420, 0.001420
8 , 0, 0, 0, 0, 0, 0, 0
8 , 0.007046, 0.006986, 0.006787, 0.006837, 0.006564, 0.006591, 0.005972
9 , 0.001360, 0.001210, 0.001278, 0.001128, 0.001198, 0.001105, 0.001237, 0.001147, 0.001115, 0.001143, 0.001174, 0.001145, 0.001184, 0.001145, 0.001263, 0.001168, 0.001166, 0.001254, 0.001312, 0.001342, 0.001206, 0.001273, 0.001328, 0.001482, 0.001208, 0.001274, 0.001210, 0.001451, 0.001351, 0.001387, 0.001344, 0.001493, 0.001339, 0.001400, 0.001304, 0.001546, 0.001357, 0.001541, 0.001531, 0.001502, 0.001467, 0.001532, 0.001384, 0.001418, 0.001420, 0.001420, 0.001362, 0.001396, 0.001427, 0.001429, 0.001400, 0.001281, 0.001441, 0.001285, 0.001412, 0.001350, 0.001349, 0.001227, 0.001560, 0.001434, 0.001406, 0.001373, 0.001470, 0.001283, 0.001382, 0.001415, 0.001445, 0.001231, 0.001416, 0.001387, 0.001327, 0.001229, 0.001349, 0.001355, 0.001261, 0.001357, 0.001326, 0.001418, 0.001326, 0.001355, 0.001326, 0.001393, 0.001233, 0.001348, 0.001316, 0.001467, 0.001310, 0.001521, 0.001427, 0.001458, 0.001303, 0.001457
9 , 3, 3, 3, 3, 3, 0, 0
9 , 0.004520, 0.004580, 0.005018, 0.005023, 0.004758, 0.004298, 0.004764
10 , 0.001429, 0.001400, 0.001281, 0.001441, 0.001285, 0.001412, 0.001350, 0.001349, 0.001227, 0.001560, 0.001434, 0.001406, 0.001373, 0.001470, 0.001283, 0.001382, 0.001415, 0.001445, 0.001231, 0.001416, 0.001387, 0.001327, 0.001229, 0.001349, 0.001355, 0.001261, 0.001357, 0.001326, 0.001418, 0.001326, 0.001355, 0.001326, 0.001393, 0.001233, 0.001348, 0.001316, 0.001467, 0.001310, 0.001521, 0.001427, 0.001458, 0.001303, 0.001457, 0.001427, 0.001520, 0.001457, 0.001431, 0.001275, 0.001493, 0.001461, 0.001432, 0.001460, 0.001485, 0.001452, 0.001451, 0.001514, 0.001449, 0.001510, 0.001475, 0.001543, 0.001358, 0.001535, 0.001440, 0.001505, 0.001384, 0.001476, 0.001323, 0.001658, 0.001471, 0.001600, 0.001449, 0.001547, 0.001425, 0.001521, 0.001370, 0.001429, 0.001371, 0.001433, 0.001375, 0.001347, 0.001285, 0.001206, 0.001275, 0.001215, 0.001245, 0.001245, 0.001343, 0.001223, 0.001348, 0.001229, 0.001300, 0.001208
10 , 1, 1, 1, 1, 3, 3, 3
10 , 0.002633, 0.002775, 0.003138, 0.003193, 0.003840, 0.004213, 0.004498
11 , 0.001485, 0.001452, 0.001451, 0.001514, 0.001449, 0.001510, 0.001475, 0.001543, 0.001358, 0.001535, 0.001440, 0.001505, 0.001384, 0.001476, 0.001323, 0.001658, 0.001471, 0.001600, 0.001449, 0.001547, 0.001425, 0.001521, 0.001370, 0.001429, 0.001371, 0.001433, 0.001375, 0.001347, 0.001285, 0.001206, 0.001275, 0.001215, 0.001245, 0.001245, 0.001343, 0.001223, 0.001348, 0.001229, 0.001300, 0.001208, 0.001244, 0.001180, 0.001328, 0.001197, 0.001378, 0.001194, 0.001376, 0.001306, 0.001424, 0.001330, 0.001212, 0.001416, 0.001324, 0.001260, 0.001322, 0.001407, 0.001315, 0.001290, 0.001380, 0.001500, 0.001410, 0.001377, 0.001286, 0.001444, 0.001197, 0.001414, 0.001263, 0.001387, 0.001204, 0.001421, 0.001389, 0.001399, 0.001244, 0.001393, 0.001272, 0.001369, 0.001427, 0.001305, 0.001362, 0.001356, 0.001322, 0.001439, 0.001375, 0.001559, 0.001470, 0.001438, 0.001498, 0.001400, 0.001496, 0.001255, 0.001443, 0.001288
11 , 2, 2, 2, 2, 2, 2, 2
11 , 0.004728, 0.005209, 0.005230, 0.005322, 0.005221, 0.005453, 0.005426
12 , 0.001416, 0.001324, 0.001260, 0.001322, 0.001407, 0.001315, 0.001290, 0.001380, 0.001500, 0.001410, 0.001377, 0.001286, 0.001444, 0.001197, 0.001414, 0.001263, 0.001387, 0.001204, 0.001421, 0.001389, 0.001399, 0.001244, 0.001393, 0.001272, 0.001369, 0.001427, 0.001305, 0.001362, 0.001356, 0.001322, 0.001439, 0.001375, 0.001559, 0.001470, 0.001438, 0.001498, 0.001400, 0.001496, 0.001255, 0.001443, 0.001288, 0.001442, 0.001314, 0.001468, 0.001375, 0.001349, 0.001346, 0.001570, 0.001327, 0.001385, 0.001328, 0.001299, 0.001208, 0.001357, 0.001301, 0.001239, 0.001327, 0.001424, 0.001336, 0.001343, 0.001434, 0.001373, 0.001378, 0.001324, 0.001359, 0.001267, 0.001335, 0.001234, 0.001449, 0.001345, 0.001473, 0.001192, 0.001345, 0.001401, 0.001394, 0.001322, 0.001443, 0.001434, 0.001495, 0.001399, 0.001578, 0.001543, 0.001484, 0.001430, 0.001373, 0.001525, 0.001494, 0.001496, 0.001468, 0.001376, 0.001251, 0.001409
12 , 0, 0, 0, 0, 0, 0, 0
12 , 0.003004, 0.002879, 0.002671, 0.002550, 0.003197, 0.003328, 0.003167
13 , 0.001299, 0.001208, 0.001357, 0.001301, 0.001239, 0.001327, 0.001424, 0.001336, 0.001343, 0.001434, 0.001373, 0.001378, 0.001324, 0.001359, 0.001267, 0.001335, 0.001234, 0.001449, 0.001345, 0.001473, 0.001192, 0.001345, 0.001401, 0.001394, 0.001322, 0.001443, 0.001434, 0.001495, 0.001399, 0.001578, 0.001543, 0.001484, 0.001430, 0.001373, 0.001525, 0.001494, 0.001496, 0.001468, 0.001376, 0.001251, 0.001409, 0.001260, 0.001388, 0.001349, 0.001509, 0.001297, 0.001396, 0.001245, 0.001439, 0.001316, 0.001351, 0.001237, 0.001331, 0.001296, 0.001427, 0.001299, 0.001271, 0.001147, 0.001210, 0.001278, 0.001183, 0.001339, 0.001278, 0.001278, 0.001213, 0.001327, 0.001144, 0.001296, 0.001199, 0.001356, 0.001202, 0.001260, 0.001342, 0.001495, 0.001250, 0.001308, 0.001391, 0.001393, 0.001233, 0.001358, 0.001419, 0.001385, 0.001357, 0.001391, 0.001304, 0.001271, 0.001357, 0.001322, 0.001382, 0.001259, 0.001323, 0.001382
13 , 0, 0, 0, 0, 0, 0, 0
13 , 0.002816, 0.003075, 0.003283, 0.003691, 0.003633, 0.003659, 0.003548
14 , 0.001316, 0.001351, 0.001237, 0.001331, 0.001296, 0.001427, 0.001299, 0.001271, 0.001147, 0.001210, 0.001278, 0.001183, 0.001339, 0.001278, 0.001278, 0.001213, 0.001327, 0.001144, 0.001296, 0.001199, 0.001356, 0.001202, 0.001260, 0.001342, 0.001495, 0.001250, 0.001308, 0.001391, 0.001393, 0.001233, 0.001358, 0.001419, 0.001385, 0.001357, 0.001391, 0.001304, 0.001271, 0.001357, 0.001322, 0.001382, 0.001259, 0.001323, 0.001382, 0.001477, 0.001409, 0.001534, 0.001317, 0.001500, 0.001314, 0.001437, 0.001190, 0.001527, 0.001461, 0.001491, 0.001514, 0.001547, 0.001362, 0.001484, 0.001392, 0.001399, 0.001453, 0.001364, 0.001515, 0.001516, 0.001422, 0.001475, 0.001537, 0.001321, 0.001413, 0.001379, 0.001625, 0.001412, 0.001507, 0.001350, 0.001654, 0.001384, 0.001476, 0.001417, 0.001511, 0.001447, 0.001516, 0.001333, 0.001399, 0.001400, 0.001373, 0.001348, 0.001410, 0.001356, 0.001355, 0.001421, 0.001244, 0.001347
14 , 3, 3, 3, 3, 3, 3, 3
14 , 0.001320, 0.001722, 0.001770, 0.002709, 0.003012, 0.003376, 0.003057
15 , 0.001527, 0.001461, 0.001491, 0.001514, 0.001547, 0.001362, 0.001484, 0.001392, 0.001399, 0.001453, 0.001364, 0.001515, 0.001516, 0.001422, 0.001475, 0.001537, 0.001321, 0.001413, 0.001379, 0.001625, 0.001412, 0.001507, 0.001350, 0.001654, 0.001384, 0.001476, 0.001417, 0.001511, 0.001447, 0.001516, 0.001333, 0.001399, 0.001400, 0.001373, 0.001348, 0.001410, 0.001356, 0.001355, 0.001421, 0.001244, 0.001347, 0.001315, 0.001317, 0.001264, 0.001245, 0.001119, 0.001223, 0.001098, 0.001255, 0.001104, 0.001345, 0.001129, 0.001193, 0.001151, 0.001271, 0.001294, 0.001353, 0.001190, 0.001304, 0.001269, 0.001296, 0.001262, 0.001316, 0.001407, 0.001376, 0.001435, 0.001433, 0.001432, 0.001488, 0.001494, 0.001427, 0.001458, 0.001424, 0.001452, 0.001423, 0.001521, 0.001339, 0.001528, 0.001317, 0.001505, 0.001353, 0.001328, 0.001239, 0.001368, 0.001213, 0.001155, 0.001190, 0.001258, 0.001189, 0.001222, 0.001288, 0.001287
15 , 2, 2, 2, 2, 2, 1, 1
15 , 0.002677, 0.002859, 0.002545, 0.002801, 0.002318, 0.002746, 0.003372
16 , 0.001193, 0.001151, 0.001271, 0.001294, 0.001353, 0.001190, 0.001304, 0.001269, 0.001296, 0.001262, 0.001316, 0.001407, 0.001376, 0.001435, 0.001433, 0.001432, 0.001488, 0.001494, 0.001427, 0.001458, 0.001424, 0.001452, 0.001423, 0.001521, 0.001339, 0.001528, 0.001317, 0.001505, 0.001353, 0.001328, 0.001239, 0.001368, 0.001213, 0.001155, 0.001190, 0.001258, 0.001189, 0.001222, 0.001288, 0.001287, 0.001260, 0.001229, 0.001347, 0.001164, 0.001323, 0.001221, 0.001319, 0.001223, 0.001342, 0.001283, 0.001404, 0.001340, 0.001466, 0.001306, 0.001373, 0.001218, 0.001244, 0.001272, 0.001430, 0.001278, 0.001369, 0.001369, 0.001277, 0.001302, 0.001240, 0.001334, 0.001272, 0.001307, 0.001272, 0.001334, 0.001269, 0.001391, 0.001206, 0.001297, 0.001261, 0.001450, 0.001262, 0.001417, 0.001262, 0.001477, 0.001324, 0.001295, 0.001354, 0.001509, 0.001353, 0.001411, 0.001316, 0.001256, 0.001317, 0.001411, 0.001407, 0.001433
16 , 0, 2, 2, 2, 2, 2, 2
16 , 0.000610, 0.001076, 0.001319, 0.001988, 0.002328, 0.003157, 0.003376
