0 , 0.001584, 0.001648, 0.001792, 0.001675, 0.001766, 0.001747, 0.001917, 0.001933, 0.001952, 0.001812, 0.002005, 0.001974, 0.002027, 0.001842, 0.001861, 0.002149, 0.002016, 0.001789, 0.001759, 0.002053, 0.001901, 0.001757, 0.001869, 0.000791, 0.001390, 0.001636, 0.001436, 0.001501, 0.001441, 0.001323, 0.001284, 0.001497, 0.001462, 0.001363, 0.001452, 0.001451, 0.001334, 0.001485, 0.001452, 0.001300, 0.001394, 0.001459, 0.001374, 0.001346, 0.001557, 0.001230, 0.001407, 0.000464, 0.001649, 0.001575, 0.001723, 0.001639, 0.001649, 0.001535, 0.001832, 0.001636, 0.001771, 0.001626, 0.001751, 0.001970, 0.001751, 0.001680, 0.001518, 0.001835, 0.001663, 0.001667, 0.001676, 0.001740, 0.001798, 0.001740, 0.001762, 0.001801, 0.001859, 0.001529, 0.001263, 0.001752, 0.001489, 0.001409, 0.001351, 0.001174, 0.001236, 0.001142, 0.001241, 0.001080, 0.001328, 0.001261, 0.001392, 0.001146, 0.001085, 0.001087, 0.001301, 0.001113
0 , 1, 1, 1, 1, 1, 1, 1
0 , 0.010760, 0.012955, 0.015383, 0.017335, 0.021008, 0.020240, 0.019993
1 , 0.001723, 0.001639, 0.001649, 0.001535, 0.001832, 0.001636, 0.001771, 0.001626, 0.001751, 0.001970, 0.001751, 0.001680, 0.001518, 0.001835, 0.001663, 0.001667, 0.001676, 0.001740, 0.001798, 0.001740, 0.001762, 0.001801, 0.001859, 0.001529, 0.001263, 0.001752, 0.001489, 0.001409, 0.001351, 0.001174, 0.001236, 0.001142, 0.001241, 0.001080, 0.001328, 0.001261, 0.001392, 0.001146, 0.001085, 0.001087, 0.001301, 0.001113, 0.001155, 0.001123, 0.001145, 0.001053, 0.001288, 0.001089, 0.001516, 0.000181, 0.001518, 0.001778, 0.001778, 0.001577, 0.001849, 0.001924, 0.001901, 0.001773, 0.001830, 0.001848, 0.001792, 0.002022, 0.001811, 0.001977, 0.001860, 0.001974, 0.001811, 0.001833, 0.001951, 0.001917, 0.001830, 0.001810, 0.002009, 0.002031, 0.000419, 0.001685, 0.001423, 0.001492, 0.001427, 0.001334, 0.001243, 0.001265, 0.001441, 0.001190, 0.001248, 0.001304, 0.001545, 0.001443, 0.001503, 0.001318, 0.001472, 0.001409
1 , 1, 1, 1, 1, 1, 1, 1
1 , 0.009947, 0.013258, 0.015389, 0.017093, 0.019022, 0.020106, 0.023179
2 , 0.001778, 0.001577, 0.001849, 0.001924, 0.001901, 0.001773, 0.001830, 0.001848, 0.001792, 0.002022, 0.001811, 0.001977, 0.001860, 0.001974, 0.001811, 0.001833, 0.001951, 0.001917, 0.001830, 0.001810, 0.002009, 0.002031, 0.000419, 0.001685, 0.001423, 0.001492, 0.001427, 0.001334, 0.001243, 0.001265, 0.001441, 0.001190, 0.001248, 0.001304, 0.001545, 0.001443, 0.001503, 0.001318, 0.001472, 0.001409, 0.001507, 0.001321, 0.001504, 0.001260, 0.001529, 0.000985, 0.000769, 0.001417, 0.001538, 0.001454, 0.001525, 0.001662, 0.001721, 0.001742, 0.001743, 0.002092, 0.001838, 0.001955, 0.001921, 0.002077, 0.002091, 0.002057, 0.001959, 0.001902, 0.002160, 0.002035, 0.002024, 0.001993, 0.001940, 0.002206, 0.000836, 0.001460, 0.001326, 0.001371, 0.001254, 0.001289, 0.001172, 0.001207, 0.001139, 0.001229, 0.001288, 0.001193, 0.001193, 0.001338, 0.001206, 0.001195, 0.001380, 0.001276, 0.001451, 0.001388, 0.001386, 0.001315
2 , 1, 1, 1, 1, 1, 1, 1
2 , 0.017369, 0.020244, 0.023798, 0.024900, 0.022701, 0.022674, 0.022044
3 , 0.001454, 0.001525, 0.001662, 0.001721, 0.001742, 0.001743, 0.002092, 0.001838, 0.001955, 0.001921, 0.002077, 0.002091, 0.002057, 0.001959, 0.001902, 0.002160, 0.002035, 0.002024, 0.001993, 0.001940, 0.002206, 0.000836, 0.001460, 0.001326, 0.001371, 0.001254, 0.001289, 0.001172, 0.001207, 0.001139, 0.001229, 0.001288, 0.001193, 0.001193, 0.001338, 0.001206, 0.001195, 0.001380, 0.001276, 0.001451, 0.001388, 0.001386, 0.001315, 0.001344, 0.001397, 0.001462, 0.001450, 0.000176, 0.001272, 0.001362, 0.001330, 0.001404, 0.001566, 0.001542, 0.001798, 0.001454, 0.001832, 0.001707, 0.001869, 0.001666, 0.001720, 0.001774, 0.001689, 0.001789, 0.001623, 0.001982, 0.001760, 0.001976, 0.001857, 0.001866, 0.001971, 0.001629, 0.001028, 0.001509, 0.001457, 0.001401, 0.001333, 0.001175, 0.001277, 0.001240, 0.001395, 0.001178, 0.001394, 0.001174, 0.001269, 0.001416, 0.001417, 0.001229, 0.001261, 0.001230, 0.001414, 0.001256
3 , 1, 1, 1, 1, 1, 1, 1
3 , 0.014416, 0.017218, 0.019607, 0.019526, 0.022466, 0.021782, 0.021617
4 , 0.001330, 0.001404, 0.001566, 0.001542, 0.001798, 0.001454, 0.001832, 0.001707, 0.001869, 0.001666, 0.001720, 0.001774, 0.001689, 0.001789, 0.001623, 0.001982, 0.001760, 0.001976, 0.001857, 0.001866, 0.001971, 0.001629, 0.001028, 0.001509, 0.001457, 0.001401, 0.001333, 0.001175, 0.001277, 0.001240, 0.001395, 0.001178, 0.001394, 0.001174, 0.001269, 0.001416, 0.001417, 0.001229, 0.001261, 0.001230, 0.001414, 0.001256, 0.001433, 0.001323, 0.001539, 0.000296, 0.001402, 0.001649, 0.001493, 0.001356, 0.001632, 0.001641, 0.001705, 0.001675, 0.001796, 0.001837, 0.001821, 0.001700, 0.001564, 0.001885, 0.001639, 0.001825, 0.001592, 0.001804, 0.001841, 0.001693, 0.001700, 0.001846, 0.001925, 0.002099, 0.000146, 0.001447, 0.001354, 0.001096, 0.001019, 0.001038, 0.000938, 0.000713, 0.000761, 0.000675, 0.000848, 0.000750, 0.000815, 0.000653, 0.000828, 0.000846, 0.001027, 0.000880, 0.000995, 0.000941, 0.001133, 0.001017
4 , 1, 1, 1, 1, 1, 1, 1
4 , 0.018953, 0.022341, 0.027484, 0.025853, 0.025049, 0.025340, 0.024750
5 , 0.001493, 0.001356, 0.001632, 0.001641, 0.001705, 0.001675, 0.001796, 0.001837, 0.001821, 0.001700, 0.001564, 0.001885, 0.001639, 0.001825, 0.001592, 0.001804, 0.001841, 0.001693, 0.001700, 0.001846, 0.001925, 0.002099, 0.000146, 0.001447, 0.001354, 0.001096, 0.001019, 0.001038, 0.000938, 0.000713, 0.000761, 0.000675, 0.000848, 0.000750, 0.000815, 0.000653, 0.000828, 0.000846, 0.001027, 0.000880, 0.000995, 0.000941, 0.001133, 0.001017, 0.001124, 0.001046, 0.001419, 0.000798, 0.000969, 0.001741, 0.001649, 0.001514, 0.001677, 0.001744, 0.001703, 0.001542, 0.001572, 0.001758, 0.001714, 0.001727, 0.001626, 0.001778, 0.001674, 0.001697, 0.001663, 0.001653, 0.001865, 0.001819, 0.001923, 0.001985, 0.001977, 0.002119, 0.000919, 0.001344, 0.001112, 0.001370, 0.001223, 0.001249, 0.000984, 0.001234, 0.001109, 0.001136, 0.001127, 0.001184, 0.001120, 0.001092, 0.001203, 0.001041, 0.001281, 0.001184, 0.001329, 0.001208
5 , 1, 1, 1, 1, 1, 1, 1
5 , 0.019499, 0.023308, 0.026305, 0.028762, 0.028840, 0.028986, 0.027964
6 , 0.001514, 0.001677, 0.001744, 0.001703, 0.001542, 0.001572, 0.001758, 0.001714, 0.001727, 0.001626, 0.001778, 0.001674, 0.001697, 0.001663, 0.001653, 0.001865, 0.001819, 0.001923, 0.001985, 0.001977, 0.002119, 0.000919, 0.001344, 0.001112, 0.001370, 0.001223, 0.001249, 0.000984, 0.001234, 0.001109, 0.001136, 0.001127, 0.001184, 0.001120, 0.001092, 0.001203, 0.001041, 0.001281, 0.001184, 0.001329, 0.001208, 0.001363, 0.001292, 0.001306, 0.001289, 0.000487, 0.001694, 0.001641, 0.001636, 0.001554, 0.001777, 0.001625, 0.001659, 0.001591, 0.001838, 0.001744, 0.001778, 0.001635, 0.001764, 0.001885, 0.001764, 0.001784, 0.001602, 0.001886, 0.001687, 0.001758, 0.001578, 0.001795, 0.001816, 0.001582, 0.000943, 0.001539, 0.001464, 0.001409, 0.001439, 0.001163, 0.001381, 0.001236, 0.001328, 0.001169, 0.001387, 0.001234, 0.001330, 0.001324, 0.001361, 0.001298, 0.001273, 0.001207, 0.001418, 0.001265, 0.001298, 0.001358
6 , 1, 1, 1, 1, 1, 1, 1
6 , 0.016633, 0.019407, 0.022797, 0.020124, 0.019690, 0.018629, 0.017827
7 , 0.001636, 0.001554, 0.001777, 0.001625, 0.001659, 0.001591, 0.001838, 0.001744, 0.001778, 0.001635, 0.001764, 0.001885, 0.001764, 0.001784, 0.001602, 0.001886, 0.001687, 0.001758, 0.001578, 0.001795, 0.001816, 0.001582, 0.000943, 0.001539, 0.001464, 0.001409, 0.001439, 0.001163, 0.001381, 0.001236, 0.001328, 0.001169, 0.001387, 0.001234, 0.001330, 0.001324, 0.001361, 0.001298, 0.001273, 0.001207, 0.001418, 0.001265, 0.001298, 0.001358, 0.001404, 0.001264, 0.001508, 0.000379, 0.001326, 0.001598, 0.001620, 0.001586, 0.001828, 0.001680, 0.001809, 0.001654, 0.001850, 0.001817, 0.001840, 0.001875, 0.001845, 0.002053, 0.001913, 0.002004, 0.001725, 0.002023, 0.002008, 0.002031, 0.001842, 0.001955, 0.001974, 0.002087, 0.000022, 0.001450, 0.001347, 0.001294, 0.001257, 0.001244, 0.001301, 0.001325, 0.001363, 0.001112, 0.001353, 0.001229, 0.001231, 0.001286, 0.001438, 0.001345, 0.001374, 0.001218, 0.001430, 0.001268
7 , 1, 1, 1, 1, 1, 1, 1
7 , 0.014157, 0.016918, 0.018808, 0.019995, 0.022085, 0.019691, 0.019066
8 , 0.001620, 0.001586, 0.001828, 0.001680, 0.001809, 0.001654, 0.001850, 0.001817, 0.001840, 0.001875, 0.001845, 0.002053, 0.001913, 0.002004, 0.001725, 0.002023, 0.002008, 0.002031, 0.001842, 0.001955, 0.001974, 0.002087, 0.000022, 0.001450, 0.001347, 0.001294, 0.001257, 0.001244, 0.001301, 0.001325, 0.001363, 0.001112, 0.001353, 0.001229, 0.001231, 0.001286, 0.001438, 0.001345, 0.001374, 0.001218, 0.001430, 0.001268, 0.001575, 0.001308, 0.001479, 0.001008, 0.000851, 0.001577, 0.001623, 0.001466, 0.001669, 0.001771, 0.001683, 0.001555, 0.001457, 0.001801, 0.001686, 0.001723, 0.001557, 0.001848, 0.001837, 0.001736, 0.001630, 0.001846, 0.001809, 0.001802, 0.001823, 0.001607, 0.001874, 0.001830, 0.001796, 0.001862, 0.000950, 0.001325, 0.001676, 0.001474, 0.001356, 0.001345, 0.001529, 0.001372, 0.001438, 0.001256, 0.001442, 0.001351, 0.001359, 0.001262, 0.001386, 0.001476, 0.001505, 0.001499, 0.001373, 0.001377
8 , 1, 1, 1, 1, 1, 1, 1
8 , 0.012497, 0.015322, 0.018215, 0.021306, 0.018951, 0.017572, 0.016921
9 , 0.001466, 0.001669, 0.001771, 0.001683, 0.001555, 0.001457, 0.001801, 0.001686, 0.001723, 0.001557, 0.001848, 0.001837, 0.001736, 0.001630, 0.001846, 0.001809, 0.001802, 0.001823, 0.001607, 0.001874, 0.001830, 0.001796, 0.001862, 0.000950, 0.001325, 0.001676, 0.001474, 0.001356, 0.001345, 0.001529, 0.001372, 0.001438, 0.001256, 0.001442, 0.001351, 0.001359, 0.001262, 0.001386, 0.001476, 0.001505, 0.001499, 0.001373, 0.001377, 0.001347, 0.001347, 0.001235, 0.001445, 0.001353, 0.001420, 0.001211, 0.001309, 0.001192, 0.001319, 0.001073, 0.001331, 0.001148, 0.001214, 0.001120, 0.001254, 0.001103, 0.001144, 0.001071, 0.001191, 0.001167, 0.001220, 0.001219, 0.001249, 0.001236, 0.001261, 0.001196, 0.001314, 0.001245, 0.001236, 0.001381, 0.001255, 0.001343, 0.001333, 0.001415, 0.001407, 0.001525, 0.001397, 0.001458, 0.001394, 0.001607, 0.001541, 0.001789, 0.001485, 0.001515, 0.001424, 0.001582, 0.001277, 0.001465
9 , 2, 2, 2, 2, 2, 2, 2
9 , 0.008449, 0.010407, 0.011376, 0.012183, 0.013351, 0.012610, 0.012116
10 , 0.001309, 0.001192, 0.001319, 0.001073, 0.001331, 0.001148, 0.001214, 0.001120, 0.001254, 0.001103, 0.001144, 0.001071, 0.001191, 0.001167, 0.001220, 0.001219, 0.001249, 0.001236, 0.001261, 0.001196, 0.001314, 0.001245, 0.001236, 0.001381, 0.001255, 0.001343, 0.001333, 0.001415, 0.001407, 0.001525, 0.001397, 0.001458, 0.001394, 0.001607, 0.001541, 0.001789, 0.001485, 0.001515, 0.001424, 0.001582, 0.001277, 0.001465, 0.001402, 0.001500, 0.001389, 0.001521, 0.001248, 0.001379, 0.001359, 0.001309, 0.001376, 0.001260, 0.001048, 0.001264, 0.001235, 0.001081, 0.001270, 0.001239, 0.001367, 0.001145, 0.001294, 0.001229, 0.001319, 0.001163, 0.001257, 0.001164, 0.001288, 0.001276, 0.001450, 0.001172, 0.001483, 0.001324, 0.001411, 0.001288, 0.001414, 0.001346, 0.001444, 0.001296, 0.001335, 0.001281, 0.001289, 0.001233, 0.001178, 0.001159, 0.000958, 0.001121, 0.001036, 0.001139, 0.000999, 0.001031, 0.000872, 0.001114
10 , 3, 3, 3, 3, 3, 3, 3
10 , 0.005120, 0.005950, 0.006214, 0.006786, 0.007230, 0.007268, 0.007519
11 , 0.001048, 0.001264, 0.001235, 0.001081, 0.001270, 0.001239, 0.001367, 0.001145, 0.001294, 0.001229, 0.001319, 0.001163, 0.001257, 0.001164, 0.001288, 0.001276, 0.001450, 0.001172, 0.001483, 0.001324, 0.001411, 0.001288, 0.001414, 0.001346, 0.001444, 0.001296, 0.001335, 0.001281, 0.001289, 0.001233, 0.001178, 0.001159, 0.000958, 0.001121, 0.001036, 0.001139, 0.000999, 0.001031, 0.000872, 0.001114, 0.001040, 0.001213, 0.001135, 0.001287, 0.001091, 0.001211, 0.001168, 0.001322, 0.001220, 0.001273, 0.001264, 0.001475, 0.001256, 0.001339, 0.001397, 0.001457, 0.001394, 0.001451, 0.001471, 0.001439, 0.001440, 0.001472, 0.001441, 0.001414, 0.001502, 0.001410, 0.001564, 0.001409, 0.001448, 0.001361, 0.001518, 0.001275, 0.001384, 0.001207, 0.001367, 0.001182, 0.001342, 0.001195, 0.001319, 0.001167, 0.001261, 0.001116, 0.001210, 0.001207, 0.001241, 0.001177, 0.001213, 0.001145, 0.001168, 0.001168, 0.001223, 0.001339
11 , 1, 1, 1, 1, 1, 1, 1
11 , 0.004123, 0.005009, 0.005530, 0.006205, 0.006677, 0.007147, 0.007565
12 , 0.001256, 0.001339, 0.001397, 0.001457, 0.001394, 0.001451, 0.001471, 0.001439, 0.001440, 0.001472, 0.001441, 0.001414, 0.001502, 0.001410, 0.001564, 0.001409, 0.001448, 0.001361, 0.001518, 0.001275, 0.001384, 0.001207, 0.001367, 0.001182, 0.001342, 0.001195, 0.001319, 0.001167, 0.001261, 0.001116, 0.001210, 0.001207, 0.001241, 0.001177, 0.001213, 0.001145, 0.001168, 0.001168, 0.001223, 0.001339, 0.001215, 0.001286, 0.001102, 0.001196, 0.001166, 0.001286, 0.001098, 0.001309, 0.001304, 0.001363, 0.001207, 0.001302, 0.001265, 0.001395, 0.001272, 0.001461, 0.001294, 0.001423, 0.001237, 0.001300, 0.001359, 0.001501, 0.001343, 0.001250, 0.001488, 0.001427, 0.001457, 0.001394, 0.001544, 0.001422, 0.001452, 0.001421, 0.001428, 0.001247, 0.001375, 0.001192, 0.001356, 0.001319, 0.001416, 0.001112, 0.001396, 0.001243, 0.001367, 0.001217, 0.001256, 0.001263, 0.001303, 0.001207, 0.001243, 0.001180, 0.001238, 0.001246
12 , 1, 1, 1, 1, 1, 1, 1
12 , 0.004612, 0.005466, 0.006003, 0.006405, 0.006971, 0.007144, 0.007056
13 , 0.001302, 0.001265, 0.001395, 0.001272, 0.001461, 0.001294, 0.001423, 0.001237, 0.001300, 0.001359, 0.001501, 0.001343, 0.001250, 0.001488, 0.001427, 0.001457, 0.001394, 0.001544, 0.001422, 0.001452, 0.001421, 0.001428, 0.001247, 0.001375, 0.001192, 0.001356, 0.001319, 0.001416, 0.001112, 0.001396, 0.001243, 0.001367, 0.001217, 0.001256, 0.001263, 0.001303, 0.001207, 0.001243, 0.001180, 0.001238, 0.001246, 0.001136, 0.001101, 0.001141, 0.001235, 0.001165, 0.001258, 0.001162, 0.001231, 0.001135, 0.001251, 0.001119, 0.001387, 0.001160, 0.001374, 0.001267, 0.001353, 0.001298, 0.001444, 0.001318, 0.001374, 0.001278, 0.001248, 0.001340, 0.001248, 0.001273, 0.001344, 0.001314, 0.001348, 0.001351, 0.001200, 0.001348, 0.001288, 0.001412, 0.001314, 0.001289, 0.001222, 0.001439, 0.001316, 0.001502, 0.001250, 0.001466, 0.001252, 0.001435, 0.001405, 0.001284, 0.001220, 0.001491, 0.001363, 0.001361, 0.001330, 0.001426
13 , 2, 2, 2, 2, 2, 2, 2
13 , 0.003661, 0.003926, 0.004033, 0.004710, 0.004568, 0.004840, 0.004403
14 , 0.001119, 0.001387, 0.001160, 0.001374, 0.001267, 0.001353, 0.001298, 0.001444, 0.001318, 0.001374, 0.001278, 0.001248, 0.001340, 0.001248, 0.001273, 0.001344, 0.001314, 0.001348, 0.001351, 0.001200, 0.001348, 0.001288, 0.001412, 0.001314, 0.001289, 0.001222, 0.001439, 0.001316, 0.001502, 0.001250, 0.001466, 0.001252, 0.001435, 0.001405, 0.001284, 0.001220, 0.001491, 0.001363, 0.001361, 0.001330, 0.001426, 0.001363, 0.001362, 0.001397, 0.001338, 0.001283, 0.001222, 0.001408, 0.001259, 0.001416, 0.001294, 0.001291, 0.001353, 0.001422, 0.001175, 0.001366, 0.001203, 0.001366, 0.001183, 0.001302, 0.001243, 0.001338, 0.001127, 0.001252, 0.001273, 0.001280, 0.001199, 0.001229, 0.001227, 0.001281, 0.001217, 0.001305, 0.001241, 0.001116, 0.001328, 0.001356, 0.001442, 0.001346, 0.001435, 0.001367, 0.001524, 0.001244, 0.001311, 0.001367, 0.001431, 0.001153, 0.001434, 0.001343, 0.001375, 0.001311, 0.001492, 0.001307
14 , 0, 0, 0, 0, 0, 0, 0
14 , 0.002303, 0.002669, 0.002602, 0.002594, 0.002487, 0.002703, 0.003402
15 , 0.001353, 0.001422, 0.001175, 0.001366, 0.001203, 0.001366, 0.001183, 0.001302, 0.001243, 0.001338, 0.001127, 0.001252, 0.001273, 0.001280, 0.001199, 0.001229, 0.001227, 0.001281, 0.001217, 0.001305, 0.001241, 0.001116, 0.001328, 0.001356, 0.001442, 0.001346, 0.001435, 0.001367, 0.001524, 0.001244, 0.001311, 0.001367, 0.001431, 0.001153, 0.001434, 0.001343, 0.001375, 0.001311, 0.001492, 0.001307, 0.001391, 0.001422, 0.001516, 0.001481, 0.001419, 0.001414, 0.001360, 0.001450, 0.001418, 0.001516, 0.001424, 0.001460, 0.001404, 0.001472, 0.001261, 0.001418, 0.001207, 0.001281, 0.001310, 0.001347, 0.001290, 0.001328, 0.001074, 0.001168, 0.001164, 0.001167, 0.001220, 0.001249, 0.001246, 0.001342, 0.001221, 0.001278, 0.001395, 0.001265, 0.001413, 0.001257, 0.001493, 0.001310, 0.001496, 0.001398, 0.001399, 0.001275, 0.001555, 0.001488, 0.001457, 0.001335, 0.001458, 0.001277, 0.001460, 0.001399, 0.001409, 0.001348
15 , 0, 0, 0, 0, 0, 0, 0
15 , 0.003004, 0.003553, 0.003917, 0.004603, 0.005089, 0.005165, 0.005304
16 , 0.001404, 0.001472, 0.001261, 0.001418, 0.001207, 0.001281, 0.001310, 0.001347, 0.001290, 0.001328, 0.001074, 0.001168, 0.001164, 0.001167, 0.001220, 0.001249, 0.001246, 0.001342, 0.001221, 0.001278, 0.001395, 0.001265, 0.001413, 0.001257, 0.001493, 0.001310, 0.001496, 0.001398, 0.001399, 0.001275, 0.001555, 0.001488, 0.001457, 0.001335, 0.001458, 0.001277, 0.001460, 0.001399, 0.001409, 0.001348, 0.001444, 0.001320, 0.001348, 0.001351, 0.001323, 0.001445, 0.001322, 0.001362, 0.001276, 0.001313, 0.001152, 0.001249, 0.001221, 0.001224, 0.001126, 0.001285, 0.001219, 0.001191, 0.001243, 0.001398, 0.001277, 0.001311, 0.001182, 0.001344, 0.001288, 0.001350, 0.001267, 0.001238, 0.001213, 0.001188, 0.001039, 0.001065, 0.001153, 0.001155, 0.001193, 0.001213, 0.001156, 0.001213, 0.001306, 0.001114, 0.001354, 0.001254, 0.001465, 0.001273, 0.001423, 0.001234, 0.001237, 0.001208, 0.001425, 0.001241, 0.001396, 0.001304
16 , 3, 3, 3, 0, 0, 0, 0
16 , 0.002983, 0.003127, 0.002741, 0.003104, 0.003579, 0.003969, 0.003810
