0 , 0.001509, 0.001273, 0.001583, 0.001519, 0.001583, 0.001505, 0.001534, 0.001440, 0.001440, 0.001460, 0.001393, 0.001676, 0.001538, 0.001562, 0.001344, 0.001607, 0.001718, 0.001704, 0.001674, 0.001708, 0.001925, 0.001858, 0.001713, 0.000708, 0.001238, 0.001448, 0.001307, 0.001241, 0.001092, 0.001190, 0.001220, 0.001315, 0.001101, 0.001145, 0.001147, 0.001113, 0.001069, 0.001191, 0.001098, 0.001058, 0.001267, 0.001201, 0.001206, 0.001188, 0.001168, 0.001342, 0.000384, 0.001434, 0.001759, 0.001601, 0.001695, 0.001805, 0.001763, 0.001756, 0.001714, 0.001937, 0.001847, 0.001903, 0.001786, 0.001926, 0.001896, 0.001903, 0.001937, 0.001896, 0.001937, 0.001796, 0.001861, 0.001733, 0.001893, 0.001862, 0.001975, 0.000041, 0.001343, 0.001471, 0.001345, 0.001370, 0.001356, 0.001483, 0.001409, 0.001500, 0.001284, 0.001436, 0.001371, 0.001469, 0.001249, 0.001374, 0.001342, 0.001378, 0.001290, 0.001355, 0.001416, 0.001384
0 , 1, 1, 1, 1, 1, 1, 1
0 , 0.011965, 0.014078, 0.017383, 0.021350, 0.019095, 0.017013, 0.016278
1 , 0.001601, 0.001695, 0.001805, 0.001763, 0.001756, 0.001714, 0.001937, 0.001847, 0.001903, 0.001786, 0.001926, 0.001896, 0.001903, 0.001937, 0.001896, 0.001937, 0.001796, 0.001861, 0.001733, 0.001893, 0.001862, 0.001975, 0.000041, 0.001343, 0.001471, 0.001345, 0.001370, 0.001356, 0.001483, 0.001409, 0.001500, 0.001284, 0.001436, 0.001371, 0.001469, 0.001249, 0.001374, 0.001342, 0.001378, 0.001290, 0.001355, 0.001416, 0.001384, 0.001388, 0.001393, 0.001367, 0.001517, 0.001072, 0.000902, 0.001850, 0.001604, 0.001741, 0.001877, 0.001790, 0.001691, 0.001661, 0.001930, 0.001828, 0.001888, 0.001782, 0.002002, 0.001744, 0.001850, 0.001847, 0.001972, 0.002206, 0.001847, 0.001919, 0.001703, 0.001991, 0.001756, 0.002074, 0.001118, 0.001027, 0.001439, 0.001457, 0.001364, 0.001168, 0.001228, 0.001337, 0.001428, 0.001299, 0.001450, 0.001255, 0.001441, 0.001325, 0.001450, 0.001353, 0.001570, 0.001293, 0.001331, 0.001328
1 , 1, 1, 1, 1, 1, 1, 1
1 , 0.014533, 0.017263, 0.019469, 0.020809, 0.019864, 0.019986, 0.018148
2 , 0.001850, 0.001604, 0.001741, 0.001877, 0.001790, 0.001691, 0.001661, 0.001930, 0.001828, 0.001888, 0.001782, 0.002002, 0.001744, 0.001850, 0.001847, 0.001972, 0.002206, 0.001847, 0.001919, 0.001703, 0.001991, 0.001756, 0.002074, 0.001118, 0.001027, 0.001439, 0.001457, 0.001364, 0.001168, 0.001228, 0.001337, 0.001428, 0.001299, 0.001450, 0.001255, 0.001441, 0.001325, 0.001450, 0.001353, 0.001570, 0.001293, 0.001331, 0.001328, 0.001431, 0.001300, 0.001328, 0.001422, 0.000183, 0.001774, 0.001596, 0.001570, 0.001748, 0.001740, 0.001797, 0.001665, 0.001956, 0.001896, 0.002035, 0.001931, 0.002030, 0.002082, 0.002001, 0.002044, 0.001814, 0.002164, 0.001956, 0.002062, 0.001839, 0.001839, 0.001853, 0.001717, 0.001817, 0.001744, 0.001905, 0.000667, 0.001726, 0.001679, 0.001621, 0.001521, 0.001583, 0.001517, 0.001582, 0.001371, 0.001530, 0.001494, 0.001586, 0.001464, 0.001470, 0.001473, 0.001418, 0.001333, 0.001272
2 , 1, 1, 1, 1, 1, 1, 1
2 , 0.011683, 0.013231, 0.015858, 0.017786, 0.021982, 0.021311, 0.020820
3 , 0.001570, 0.001748, 0.001740, 0.001797, 0.001665, 0.001956, 0.001896, 0.002035, 0.001931, 0.002030, 0.002082, 0.002001, 0.002044, 0.001814, 0.002164, 0.001956, 0.002062, 0.001839, 0.001839, 0.001853, 0.001717, 0.001817, 0.001744, 0.001905, 0.000667, 0.001726, 0.001679, 0.001621, 0.001521, 0.001583, 0.001517, 0.001582, 0.001371, 0.001530, 0.001494, 0.001586, 0.001464, 0.001470, 0.001473, 0.001418, 0.001333, 0.001272, 0.001367, 0.001243, 0.001421, 0.001315, 0.001431, 0.001210, 0.001519, 0.000613, 0.001437, 0.001661, 0.001706, 0.001789, 0.001918, 0.001800, 0.001911, 0.001793, 0.001918, 0.001910, 0.002036, 0.001945, 0.002020, 0.001831, 0.001748, 0.002017, 0.002005, 0.002025, 0.001801, 0.001877, 0.001888, 0.001934, 0.001657, 0.002122, 0.000521, 0.001430, 0.001287, 0.001442, 0.001218, 0.001319, 0.001162, 0.001365, 0.001278, 0.001340, 0.001242, 0.001362, 0.001170, 0.001422, 0.001292, 0.001355, 0.001286, 0.001433
3 , 1, 1, 1, 1, 1, 1, 1
3 , 0.012615, 0.015544, 0.017041, 0.018560, 0.020591, 0.021438, 0.022783
4 , 0.001706, 0.001789, 0.001918, 0.001800, 0.001911, 0.001793, 0.001918, 0.001910, 0.002036, 0.001945, 0.002020, 0.001831, 0.001748, 0.002017, 0.002005, 0.002025, 0.001801, 0.001877, 0.001888, 0.001934, 0.001657, 0.002122, 0.000521, 0.001430, 0.001287, 0.001442, 0.001218, 0.001319, 0.001162, 0.001365, 0.001278, 0.001340, 0.001242, 0.001362, 0.001170, 0.001422, 0.001292, 0.001355, 0.001286, 0.001433, 0.001334, 0.001492, 0.001267, 0.001432, 0.001271, 0.001278, 0.000912, 0.001494, 0.001681, 0.001681, 0.001558, 0.001635, 0.001662, 0.001722, 0.001622, 0.001663, 0.001562, 0.001777, 0.001660, 0.001667, 0.001592, 0.001791, 0.001825, 0.001754, 0.001751, 0.001660, 0.001752, 0.001670, 0.001751, 0.001763, 0.001014, 0.001297, 0.001677, 0.001610, 0.001380, 0.001351, 0.001393, 0.001239, 0.001281, 0.001245, 0.001401, 0.001160, 0.001317, 0.001339, 0.001391, 0.001390, 0.001279, 0.001422, 0.001236, 0.001416, 0.001404, 0.001461
4 , 1, 1, 1, 1, 1, 1, 1
4 , 0.015184, 0.017982, 0.019425, 0.020752, 0.018207, 0.017769, 0.016891
5 , 0.001681, 0.001558, 0.001635, 0.001662, 0.001722, 0.001622, 0.001663, 0.001562, 0.001777, 0.001660, 0.001667, 0.001592, 0.001791, 0.001825, 0.001754, 0.001751, 0.001660, 0.001752, 0.001670, 0.001751, 0.001763, 0.001014, 0.001297, 0.001677, 0.001610, 0.001380, 0.001351, 0.001393, 0.001239, 0.001281, 0.001245, 0.001401, 0.001160, 0.001317, 0.001339, 0.001391, 0.001390, 0.001279, 0.001422, 0.001236, 0.001416, 0.001404, 0.001461, 0.001484, 0.001503, 0.001392, 0.001642, 0.000044, 0.001471, 0.001387, 0.001685, 0.001517, 0.001615, 0.001392, 0.001747, 0.001656, 0.001677, 0.001478, 0.001686, 0.001767, 0.001696, 0.001635, 0.001621, 0.001813, 0.001735, 0.001860, 0.001758, 0.001890, 0.001713, 0.001656, 0.001623, 0.001673, 0.000521, 0.001680, 0.001536, 0.001578, 0.001476, 0.001540, 0.001380, 0.001557, 0.001462, 0.001554, 0.001487, 0.001583, 0.001456, 0.001581, 0.001420, 0.001607, 0.001484, 0.001604, 0.001509, 0.001637
5 , 1, 1, 1, 1, 1, 1, 1
5 , 0.007487, 0.008892, 0.009944, 0.008617, 0.011285, 0.009664, 0.010216
6 , 0.001685, 0.001517, 0.001615, 0.001392, 0.001747, 0.001656, 0.001677, 0.001478, 0.001686, 0.001767, 0.001696, 0.001635, 0.001621, 0.001813, 0.001735, 0.001860, 0.001758, 0.001890, 0.001713, 0.001656, 0.001623, 0.001673, 0.000521, 0.001680, 0.001536, 0.001578, 0.001476, 0.001540, 0.001380, 0.001557, 0.001462, 0.001554, 0.001487, 0.001583, 0.001456, 0.001581, 0.001420, 0.001607, 0.001484, 0.001604, 0.001509, 0.001637, 0.001502, 0.001518, 0.001620, 0.000902, 0.001302, 0.001367, 0.001481, 0.001401, 0.001603, 0.001555, 0.001562, 0.001688, 0.001670, 0.001750, 0.001816, 0.001872, 0.001729, 0.001887, 0.001672, 0.001744, 0.001941, 0.001835, 0.001801, 0.001687, 0.001949, 0.001850, 0.001850, 0.001909, 0.000348, 0.001561, 0.001602, 0.001481, 0.001293, 0.001476, 0.001376, 0.001343, 0.001437, 0.001339, 0.001245, 0.001360, 0.001361, 0.001336, 0.001304, 0.001484, 0.001326, 0.001568, 0.001351, 0.001449, 0.001382, 0.001566
6 , 1, 1, 1, 1, 1, 1, 1
6 , 0.007549, 0.009829, 0.012236, 0.010722, 0.009093, 0.009676, 0.009858
7 , 0.001481, 0.001401, 0.001603, 0.001555, 0.001562, 0.001688, 0.001670, 0.001750, 0.001816, 0.001872, 0.001729, 0.001887, 0.001672, 0.001744, 0.001941, 0.001835, 0.001801, 0.001687, 0.001949, 0.001850, 0.001850, 0.001909, 0.000348, 0.001561, 0.001602, 0.001481, 0.001293, 0.001476, 0.001376, 0.001343, 0.001437, 0.001339, 0.001245, 0.001360, 0.001361, 0.001336, 0.001304, 0.001484, 0.001326, 0.001568, 0.001351, 0.001449, 0.001382, 0.001566, 0.001375, 0.001502, 0.001435, 0.001467, 0.000732, 0.001475, 0.001430, 0.001655, 0.001521, 0.001581, 0.001487, 0.001815, 0.001713, 0.001885, 0.001621, 0.001658, 0.001754, 0.001761, 0.001826, 0.001754, 0.001765, 0.001672, 0.001880, 0.001604, 0.001792, 0.001845, 0.001745, 0.001735, 0.001174, 0.001119, 0.001659, 0.001481, 0.001547, 0.001321, 0.001351, 0.001374, 0.001497, 0.001461, 0.001488, 0.001363, 0.001544, 0.001510, 0.001576, 0.001452, 0.001546, 0.001581, 0.001521, 0.001420
7 , 1, 1, 1, 1, 1, 1, 1
7 , 0.007399, 0.009449, 0.011014, 0.012667, 0.010870, 0.011904, 0.011330
8 , 0.001475, 0.001430, 0.001655, 0.001521, 0.001581, 0.001487, 0.001815, 0.001713, 0.001885, 0.001621, 0.001658, 0.001754, 0.001761, 0.001826, 0.001754, 0.001765, 0.001672, 0.001880, 0.001604, 0.001792, 0.001845, 0.001745, 0.001735, 0.001174, 0.001119, 0.001659, 0.001481, 0.001547, 0.001321, 0.001351, 0.001374, 0.001497, 0.001461, 0.001488, 0.001363, 0.001544, 0.001510, 0.001576, 0.001452, 0.001546, 0.001581, 0.001521, 0.001420, 0.001547, 0.001571, 0.001463, 0.001684, 0.000090, 0.001524, 0.001195, 0.001596, 0.001536, 0.001738, 0.001390, 0.001721, 0.001687, 0.001566, 0.001452, 0.001543, 0.001705, 0.001526, 0.001681, 0.001509, 0.001721, 0.001633, 0.001693, 0.001521, 0.001605, 0.001724, 0.001756, 0.001809, 0.001663, 0.000460, 0.001769, 0.001685, 0.001809, 0.001490, 0.001578, 0.001477, 0.001626, 0.001490, 0.001700, 0.001538, 0.001836, 0.001798, 0.001767, 0.001823, 0.001913, 0.001666, 0.001818, 0.001787, 0.001998
8 , 2, 2, 2, 2, 2, 2, 2
8 , 0.005355, 0.005874, 0.006372, 0.007512, 0.008083, 0.009985, 0.008749
9 , 0.001536, 0.001738, 0.001390, 0.001721, 0.001687, 0.001566, 0.001452, 0.001543, 0.001705, 0.001526, 0.001681, 0.001509, 0.001721, 0.001633, 0.001693, 0.001521, 0.001605, 0.001724, 0.001756, 0.001809, 0.001663, 0.000460, 0.001769, 0.001685, 0.001809, 0.001490, 0.001578, 0.001477, 0.001626, 0.001490, 0.001700, 0.001538, 0.001836, 0.001798, 0.001767, 0.001823, 0.001913, 0.001666, 0.001818, 0.001787, 0.001998, 0.001904, 0.001904, 0.001719, 0.001877, 0.001870, 0.001270, 0.000765, 0.001076, 0.001210, 0.001268, 0.001425, 0.001315, 0.001427, 0.001542, 0.001495, 0.001452, 0.001415, 0.001705, 0.001613, 0.001747, 0.001540, 0.001621, 0.001899, 0.001915, 0.001832, 0.001854, 0.001979, 0.002009, 0.001918, 0.001863, 0.000616, 0.001476, 0.001551, 0.001573, 0.001380, 0.001500, 0.001369, 0.001367, 0.001389, 0.001414, 0.001256, 0.001370, 0.001389, 0.001473, 0.001467, 0.001648, 0.001523, 0.001554, 0.001426, 0.001581, 0.001487
9 , 3, 3, 3, 3, 3, 3, 3
9 , 0.003565, 0.004064, 0.004187, 0.007100, 0.004781, 0.004652, 0.003965
10 , 0.001210, 0.001268, 0.001425, 0.001315, 0.001427, 0.001542, 0.001495, 0.001452, 0.001415, 0.001705, 0.001613, 0.001747, 0.001540, 0.001621, 0.001899, 0.001915, 0.001832, 0.001854, 0.001979, 0.002009, 0.001918, 0.001863, 0.000616, 0.001476, 0.001551, 0.001573, 0.001380, 0.001500, 0.001369, 0.001367, 0.001389, 0.001414, 0.001256, 0.001370, 0.001389, 0.001473, 0.001467, 0.001648, 0.001523, 0.001554, 0.001426, 0.001581, 0.001487, 0.001549, 0.001449, 0.001560, 0.000600, 0.001380, 0.001405, 0.001508, 0.001545, 0.001565, 0.001531, 0.001711, 0.001538, 0.001620, 0.001383, 0.001741, 0.001667, 0.001543, 0.001559, 0.001519, 0.001805, 0.001681, 0.001667, 0.001515, 0.001640, 0.001717, 0.001667, 0.001647, 0.001722, 0.001940, 0.001116, 0.001532, 0.001640, 0.001623, 0.001444, 0.001444, 0.001354, 0.001422, 0.001329, 0.001423, 0.001269, 0.001328, 0.001163, 0.001410, 0.001371, 0.001430, 0.001334, 0.001487, 0.001392, 0.001453
10 , 1, 1, 1, 1, 1, 1, 1
10 , 0.002462, 0.004158, 0.006011, 0.009452, 0.009210, 0.008931, 0.009124
11 , 0.001508, 0.001545, 0.001565, 0.001531, 0.001711, 0.001538, 0.001620, 0.001383, 0.001741, 0.001667, 0.001543, 0.001559, 0.001519, 0.001805, 0.001681, 0.001667, 0.001515, 0.001640, 0.001717, 0.001667, 0.001647, 0.001722, 0.001940, 0.001116, 0.001532, 0.001640, 0.001623, 0.001444, 0.001444, 0.001354, 0.001422, 0.001329, 0.001423, 0.001269, 0.001328, 0.001163, 0.001410, 0.001371, 0.001430, 0.001334, 0.001487, 0.001392, 0.001453, 0.001384, 0.001384, 0.001531, 0.001497, 0.001608, 0.001573, 0.001574, 0.001482, 0.001540, 0.001535, 0.001507, 0.001356, 0.001538, 0.001477, 0.001511, 0.001296, 0.001484, 0.001356, 0.001575, 0.001432, 0.001525, 0.001366, 0.001533, 0.001227, 0.001386, 0.001360, 0.001366, 0.001270, 0.001400, 0.001300, 0.001362, 0.001364, 0.001398, 0.001365, 0.001373, 0.001310, 0.001342, 0.001281, 0.001284, 0.001374, 0.001306, 0.001215, 0.001212, 0.001395, 0.001389, 0.001458, 0.001333, 0.001450, 0.001348
11 , 1, 1, 1, 1, 1, 1, 1
11 , 0.004688, 0.006039, 0.006174, 0.006411, 0.006898, 0.005731, 0.005319
12 , 0.001482, 0.001540, 0.001535, 0.001507, 0.001356, 0.001538, 0.001477, 0.001511, 0.001296, 0.001484, 0.001356, 0.001575, 0.001432, 0.001525, 0.001366, 0.001533, 0.001227, 0.001386, 0.001360, 0.001366, 0.001270, 0.001400, 0.001300, 0.001362, 0.001364, 0.001398, 0.001365, 0.001373, 0.001310, 0.001342, 0.001281, 0.001284, 0.001374, 0.001306, 0.001215, 0.001212, 0.001395, 0.001389, 0.001458, 0.001333, 0.001450, 0.001348, 0.001469, 0.001307, 0.001487, 0.001418, 0.001541, 0.001444, 0.001622, 0.001436, 0.001465, 0.001462, 0.001735, 0.001673, 0.001675, 0.001674, 0.001647, 0.001615, 0.001525, 0.001524, 0.001648, 0.001683, 0.001683, 0.001629, 0.001569, 0.001512, 0.001425, 0.001706, 0.001529, 0.001570, 0.001454, 0.001406, 0.001248, 0.001353, 0.001257, 0.001445, 0.001232, 0.001451, 0.001207, 0.001367, 0.001152, 0.001314, 0.001314, 0.001380, 0.001218, 0.001333, 0.001292, 0.001406, 0.001342, 0.001451, 0.001469, 0.001498
12 , 1, 1, 1, 1, 1, 1, 1
12 , 0.008098, 0.007854, 0.007655, 0.007210, 0.006666, 0.005678, 0.005106
13 , 0.001541, 0.001444, 0.001622, 0.001436, 0.001465, 0.001462, 0.001735, 0.001673, 0.001675, 0.001674, 0.001647, 0.001615, 0.001525, 0.001524, 0.001648, 0.001683, 0.001683, 0.001629, 0.001569, 0.001512, 0.001425, 0.001706, 0.001529, 0.001570, 0.001454, 0.001406, 0.001248, 0.001353, 0.001257, 0.001445, 0.001232, 0.001451, 0.001207, 0.001367, 0.001152, 0.001314, 0.001314, 0.001380, 0.001218, 0.001333, 0.001292, 0.001406, 0.001342, 0.001451, 0.001469, 0.001498, 0.001585, 0.001425, 0.001599, 0.001468, 0.001590, 0.001498, 0.001676, 0.001545, 0.001729, 0.001605, 0.001787, 0.001690, 0.001781, 0.001688, 0.001812, 0.001660, 0.001666, 0.001546, 0.001673, 0.001525, 0.001564, 0.001420, 0.001519, 0.001522, 0.001402, 0.001565, 0.001444, 0.001478, 0.001572, 0.001421, 0.001272, 0.001397, 0.001332, 0.001423, 0.001367, 0.001427, 0.001300, 0.001428, 0.001365, 0.001374, 0.001332, 0.001461, 0.001329, 0.001450, 0.001298, 0.001426
13 , 1, 1, 1, 1, 1, 1, 1
13 , 0.008864, 0.009231, 0.009344, 0.009547, 0.010041, 0.009999, 0.009878
14 , 0.001590, 0.001498, 0.001676, 0.001545, 0.001729, 0.001605, 0.001787, 0.001690, 0.001781, 0.001688, 0.001812, 0.001660, 0.001666, 0.001546, 0.001673, 0.001525, 0.001564, 0.001420, 0.001519, 0.001522, 0.001402, 0.001565, 0.001444, 0.001478, 0.001572, 0.001421, 0.001272, 0.001397, 0.001332, 0.001423, 0.001367, 0.001427, 0.001300, 0.001428, 0.001365, 0.001374, 0.001332, 0.001461, 0.001329, 0.001450, 0.001298, 0.001426, 0.001303, 0.001427, 0.001427, 0.001403, 0.001319, 0.001166, 0.001248, 0.001336, 0.001397, 0.001337, 0.001428, 0.001510, 0.001573, 0.001509, 0.001531, 0.001495, 0.001559, 0.001548, 0.001582, 0.001387, 0.001630, 0.001502, 0.001622, 0.001552, 0.001673, 0.001637, 0.001666, 0.001568, 0.001722, 0.001750, 0.001782, 0.001719, 0.001812, 0.001814, 0.001755, 0.001786, 0.001695, 0.001755, 0.001604, 0.001759, 0.001639, 0.001668, 0.001612, 0.001709, 0.001682, 0.001714, 0.001406, 0.001623, 0.001562, 0.001630
14 , 2, 2, 2, 2, 2, 2, 2
14 , 0.009830, 0.009740, 0.009373, 0.009222, 0.008472, 0.007915, 0.007431
15 , 0.001319, 0.001166, 0.001248, 0.001336, 0.001397, 0.001337, 0.001428, 0.001510, 0.001573, 0.001509, 0.001531, 0.001495, 0.001559, 0.001548, 0.001582, 0.001387, 0.001630, 0.001502, 0.001622, 0.001552, 0.001673, 0.001637, 0.001666, 0.001568, 0.001722, 0.001750, 0.001782, 0.001719, 0.001812, 0.001814, 0.001755, 0.001786, 0.001695, 0.001755, 0.001604, 0.001759, 0.001639, 0.001668, 0.001612, 0.001709, 0.001682, 0.001714, 0.001406, 0.001623, 0.001562, 0.001630, 0.001451, 0.001548, 0.001485, 0.001613, 0.001401, 0.001443, 0.001347, 0.001411, 0.001321, 0.001383, 0.001356, 0.001503, 0.001563, 0.001526, 0.001490, 0.001514, 0.001580, 0.001459, 0.001551, 0.001424, 0.001545, 0.001482, 0.001580, 0.001547, 0.001672, 0.001399, 0.001496, 0.001461, 0.001491, 0.001581, 0.001646, 0.001549, 0.001610, 0.001396, 0.001491, 0.001341, 0.001467, 0.001439, 0.001407, 0.001560, 0.001436, 0.001498, 0.001408, 0.001436, 0.001463, 0.001616
15 , 0, 0, 0, 0, 0, 0, 0
15 , 0.006051, 0.005775, 0.005486, 0.004789, 0.004561, 0.004182, 0.003718
16 , 0.001451, 0.001548, 0.001485, 0.001613, 0.001401, 0.001443, 0.001347, 0.001411, 0.001321, 0.001383, 0.001356, 0.001503, 0.001563, 0.001526, 0.001490, 0.001514, 0.001580, 0.001459, 0.001551, 0.001424, 0.001545, 0.001482, 0.001580, 0.001547, 0.001672, 0.001399, 0.001496, 0.001461, 0.001491, 0.001581, 0.001646, 0.001549, 0.001610, 0.001396, 0.001491, 0.001341, 0.001467, 0.001439, 0.001407, 0.001560, 0.001436, 0.001498, 0.001408, 0.001436, 0.001463, 0.001616, 0.001486, 0.001612, 0.001426, 0.001465, 0.001442, 0.001473, 0.001348, 0.001622, 0.001559, 0.001503, 0.001313, 0.001565, 0.001506, 0.001484, 0.001454, 0.001582, 0.001496, 0.001433, 0.001435, 0.001366, 0.001456, 0.001487, 0.001515, 0.001477, 0.001467, 0.001460, 0.001581, 0.001510, 0.001721, 0.001679, 0.001704, 0.001609, 0.001728, 0.001627, 0.001843, 0.001751, 0.001812, 0.001780, 0.001783, 0.001752, 0.001875, 0.001844, 0.001665, 0.001727, 0.001730, 0.001762
16 , 2, 0, 0, 0, 0, 0, 2
16 , 0.004243, 0.004586, 0.005066, 0.005534, 0.005837, 0.005692, 0.005682
