0 , 0.000040, 0.000082, 0.000079, 0.000100, 0.000130, 0.000189, 0.000002, 0.000181, 0.000088, 0.000273, 0.000181, 0.000364, 0.000213, 0.000247, 0.000187, 0.000161, 0.000167, 0.000050, 0.000023, 0.000037, 0.000028, 0.000092, 0.000062, 0.000086, 0.000018, 0.000043, 0.000097, 0.000127, 0.000095, 0.000155, 0.000057, 0.000178, 0.000140, 0.000298, 0.000050, 0.000173, 0.000078, 0.000139, 0.000162, 0.000253, 0.000160, 0.000132, 0.000126, 0.000247, 0.000187, 0.000162, 0.000099, 0.000101, 0.000261, 0.000235, 0.000174, 0.000176, 0.000284, 0.000044, 0.000171, 0.000112, 0.000215, 0.000053, 0.000018, 0.000203, 0.000042, 0.000283, 0.000068, 0.000251, 0.000156, 0.000160, 0.000193, 0.000223, 0.000135, 0.000226, 0.000077, 0.000111, 0.000098, 0.000064, 0.000090, 0.000177, 0.000015, 0.000041, 0.000029, 0.000088, 0.000020, 0.000107, 0.000097, 0.000125, 0.000152, 0.000280, 0.000151, 0.000285, 0.000097, 0.000191, 0.000036, 0.000192
0 , 1, 1, 1, 3, 3, 3, 3
0 , 0.001387, 0.001158, 0.001151, 0.001013, 0.000990, 0.000960, 0.000997
1 , 0.000099, 0.000101, 0.000261, 0.000235, 0.000174, 0.000176, 0.000284, 0.000044, 0.000171, 0.000112, 0.000215, 0.000053, 0.000018, 0.000203, 0.000042, 0.000283, 0.000068, 0.000251, 0.000156, 0.000160, 0.000193, 0.000223, 0.000135, 0.000226, 0.000077, 0.000111, 0.000098, 0.000064, 0.000090, 0.000177, 0.000015, 0.000041, 0.000029, 0.000088, 0.000020, 0.000107, 0.000097, 0.000125, 0.000152, 0.000280, 0.000151, 0.000285, 0.000097, 0.000191, 0.000036, 0.000192, 0.000162, 0.000136, 0.000134, 0.000231, 0.000261, 0.000168, 0.000141, 0.000204, 0.000175, 0.000008, 0.000118, 0.000061, 0.000041, 0.000017, 0.000014, 0.000111, 0.000015, 0.000164, 0.000057, 0.000061, 0.000069, 0.000068, 0.000099, 0.000026, 0.000009, 0.000146, 0.000099, 0.000023, 0.000113, 0.000005, 0.000098, 0.000119, 0.000028, 0.000030, 0.000055, 0.000051, 0.000041, 0.000011, 0.000016, 0.000136, 0.000010, 0.000165, 0.000105, 0.000048, 0.000047, 0.000232
1 , 1, 1, 1, 1, 1, 1, 1
1 , 0.001570, 0.001720, 0.001540, 0.001287, 0.001459, 0.001509, 0.000971
2 , 0.000136, 0.000134, 0.000231, 0.000261, 0.000168, 0.000141, 0.000204, 0.000175, 0.000008, 0.000118, 0.000061, 0.000041, 0.000017, 0.000014, 0.000111, 0.000015, 0.000164, 0.000057, 0.000061, 0.000069, 0.000068, 0.000099, 0.000026, 0.000009, 0.000146, 0.000099, 0.000023, 0.000113, 0.000005, 0.000098, 0.000119, 0.000028, 0.000030, 0.000055, 0.000051, 0.000041, 0.000011, 0.000016, 0.000136, 0.000010, 0.000165, 0.000105, 0.000048, 0.000047, 0.000232, 0.000018, 0.000232, 0.000015, 0.000076, 0.000103, 0.000197, 0.000099, 0.000258, 0.000100, 0.000215, 0.000210, 0.000301, 0.000147, 0.000118, 0.000092, 0.000067, 0.000007, 0.000096, 0.000188, 0.000027, 0.000102, 0.000072, 0.000082, 0.000068, 0.000034, 0.000141, 0.000014, 0.000109, 0.000013, 0.000110, 0.000015, 0.000049, 0.000104, 0.000041, 0.000098, 0.000219, 0.000305, 0.000274, 0.000273, 0.000276, 0.000156, 0.000162, 0.000108, 0.000081, 0.000157, 0.000044, 0.000039
2 , 1, 2, 2, 2, 2, 2, 2
2 , 0.001290, 0.001259, 0.001180, 0.000972, 0.001105, 0.000880, 0.001112
3 , 0.000232, 0.000015, 0.000076, 0.000103, 0.000197, 0.000099, 0.000258, 0.000100, 0.000215, 0.000210, 0.000301, 0.000147, 0.000118, 0.000092, 0.000067, 0.000007, 0.000096, 0.000188, 0.000027, 0.000102, 0.000072, 0.000082, 0.000068, 0.000034, 0.000141, 0.000014, 0.000109, 0.000013, 0.000110, 0.000015, 0.000049, 0.000104, 0.000041, 0.000098, 0.000219, 0.000305, 0.000274, 0.000273, 0.000276, 0.000156, 0.000162, 0.000108, 0.000081, 0.000157, 0.000044, 0.000039, 0.000245, 0.000108, 0.000197, 0.000094, 0.000358, 0.000108, 0.000415, 0.000194, 0.000354, 0.000197, 0.000359, 0.000115, 0.000220, 0.000131, 0.000141, 0.000001, 0.000133, 0.000048, 0.000007, 0.000029, 0.000087, 0.000056, 0.000115, 0.000137, 0.000081, 0.000070, 0.000057, 0.000068, 0.000003, 0.000004, 0.000117, 0.000011, 0.000111, 0.000045, 0.000140, 0.000049, 0.000117, 0.000068, 0.000000, 0.000057, 0.000123, 0.000032, 0.000094, 0.000089, 0.000061, 0.000031
3 , 1, 1, 1, 1, 3, 3, 3
3 , 0.001963, 0.002171, 0.002219, 0.002004, 0.002184, 0.002215, 0.002144
4 , 0.000197, 0.000094, 0.000358, 0.000108, 0.000415, 0.000194, 0.000354, 0.000197, 0.000359, 0.000115, 0.000220, 0.000131, 0.000141, 0.000001, 0.000133, 0.000048, 0.000007, 0.000029, 0.000087, 0.000056, 0.000115, 0.000137, 0.000081, 0.000070, 0.000057, 0.000068, 0.000003, 0.000004, 0.000117, 0.000011, 0.000111, 0.000045, 0.000140, 0.000049, 0.000117, 0.000068, 0.000000, 0.000057, 0.000123, 0.000032, 0.000094, 0.000089, 0.000061, 0.000031, 0.000031, 0.000030, 0.000001, 0.000030, 0.000036, 0.000084, 0.000081, 0.000204, 0.000139, 0.000201, 0.000044, 0.000113, 0.000014, 0.000018, 0.000104, 0.000113, 0.000011, 0.000206, 0.000082, 0.000178, 0.000009, 0.000143, 0.000022, 0.000117, 0.000099, 0.000009, 0.000054, 0.000068, 0.000025, 0.000058, 0.000030, 0.000061, 0.000092, 0.000122, 0.000066, 0.000091, 0.000034, 0.000120, 0.000054, 0.000145, 0.000013, 0.000045, 0.000009, 0.000105, 0.000036, 0.000132, 0.000092, 0.000127
4 , 1, 1, 1, 1, 1, 1, 1
4 , 0.002519, 0.002596, 0.002447, 0.002591, 0.002571, 0.002563, 0.002118
5 , 0.000030, 0.000036, 0.000084, 0.000081, 0.000204, 0.000139, 0.000201, 0.000044, 0.000113, 0.000014, 0.000018, 0.000104, 0.000113, 0.000011, 0.000206, 0.000082, 0.000178, 0.000009, 0.000143, 0.000022, 0.000117, 0.000099, 0.000009, 0.000054, 0.000068, 0.000025, 0.000058, 0.000030, 0.000061, 0.000092, 0.000122, 0.000066, 0.000091, 0.000034, 0.000120, 0.000054, 0.000145, 0.000013, 0.000045, 0.000009, 0.000105, 0.000036, 0.000132, 0.000092, 0.000127, 0.000062, 0.000032, 0.000151, 0.000057, 0.000121, 0.000153, 0.000094, 0.000186, 0.000067, 0.000026, 0.000064, 0.000005, 0.000158, 0.000125, 0.000224, 0.000086, 0.000105, 0.000078, 0.000041, 0.000080, 0.000072, 0.000003, 0.000219, 0.000084, 0.000105, 0.000017, 0.000046, 0.000102, 0.000068, 0.000069, 0.000127, 0.000098, 0.000133, 0.000074, 0.000048, 0.000142, 0.000020, 0.000039, 0.000039, 0.000058, 0.000122, 0.000143, 0.000227, 0.000065, 0.000305, 0.000120, 0.000330
5 , 1, 2, 2, 2, 2, 2, 2
5 , 0.000677, 0.000388, 0.000503, 0.000996, 0.001215, 0.001494, 0.001576
6 , 0.000186, 0.000067, 0.000026, 0.000064, 0.000005, 0.000158, 0.000125, 0.000224, 0.000086, 0.000105, 0.000078, 0.000041, 0.000080, 0.000072, 0.000003, 0.000219, 0.000084, 0.000105, 0.000017, 0.000046, 0.000102, 0.000068, 0.000069, 0.000127, 0.000098, 0.000133, 0.000074, 0.000048, 0.000142, 0.000020, 0.000039, 0.000039, 0.000058, 0.000122, 0.000143, 0.000227, 0.000065, 0.000305, 0.000120, 0.000330, 0.000324, 0.000412, 0.000165, 0.000287, 0.000348, 0.000533, 0.000350, 0.000387, 0.000300, 0.000246, 0.000164, 0.000009, 0.000030, 0.000040, 0.000131, 0.000120, 0.000076, 0.000183, 0.000207, 0.000290, 0.000281, 0.000276, 0.000177, 0.000300, 0.000201, 0.000392, 0.000299, 0.000280, 0.000155, 0.000345, 0.000139, 0.000322, 0.000203, 0.000301, 0.000114, 0.000240, 0.000235, 0.000209, 0.000062, 0.000220, 0.000165, 0.000141, 0.000088, 0.000119, 0.000128, 0.000083, 0.000015, 0.000077, 0.000067, 0.000095, 0.000004, 0.000186
6 , 3, 3, 3, 3, 3, 3, 3
6 , 0.002706, 0.002949, 0.003584, 0.003635, 0.004298, 0.004360, 0.004700
7 , 0.000030, 0.000040, 0.000131, 0.000120, 0.000076, 0.000183, 0.000207, 0.000290, 0.000281, 0.000276, 0.000177, 0.000300, 0.000201, 0.000392, 0.000299, 0.000280, 0.000155, 0.000345, 0.000139, 0.000322, 0.000203, 0.000301, 0.000114, 0.000240, 0.000235, 0.000209, 0.000062, 0.000220, 0.000165, 0.000141, 0.000088, 0.000119, 0.000128, 0.000083, 0.000015, 0.000077, 0.000067, 0.000095, 0.000004, 0.000186, 0.000029, 0.000156, 0.000091, 0.000101, 0.000039, 0.000135, 0.000136, 0.000023, 0.000126, 0.000036, 0.000066, 0.000033, 0.000184, 0.000151, 0.000001, 0.000120, 0.000206, 0.000324, 0.000264, 0.000174, 0.000043, 0.000142, 0.000082, 0.000201, 0.000108, 0.000143, 0.000046, 0.000323, 0.000174, 0.000208, 0.000052, 0.000180, 0.000032, 0.000004, 0.000059, 0.000190, 0.000006, 0.000052, 0.000007, 0.000021, 0.000043, 0.000077, 0.000137, 0.000050, 0.000006, 0.000100, 0.000025, 0.000072, 0.000048, 0.000014, 0.000042, 0.000169
7 , 1, 1, 1, 1, 1, 1, 1
7 , 0.002452, 0.003106, 0.003452, 0.003708, 0.004172, 0.004409, 0.004452
8 , 0.000184, 0.000151, 0.000001, 0.000120, 0.000206, 0.000324, 0.000264, 0.000174, 0.000043, 0.000142, 0.000082, 0.000201, 0.000108, 0.000143, 0.000046, 0.000323, 0.000174, 0.000208, 0.000052, 0.000180, 0.000032, 0.000004, 0.000059, 0.000190, 0.000006, 0.000052, 0.000007, 0.000021, 0.000043, 0.000077, 0.000137, 0.000050, 0.000006, 0.000100, 0.000025, 0.000072, 0.000048, 0.000014, 0.000042, 0.000169, 0.000047, 0.000016, 0.000229, 0.000044, 0.000080, 0.000046, 0.000111, 0.000080, 0.000017, 0.000056, 0.000094, 0.000117, 0.000140, 0.000190, 0.000187, 0.000093, 0.000179, 0.000326, 0.000293, 0.000286, 0.000219, 0.000400, 0.000271, 0.000397, 0.000329, 0.000360, 0.000271, 0.000371, 0.000167, 0.000337, 0.000162, 0.000233, 0.000045, 0.000206, 0.000117, 0.000153, 0.000008, 0.000076, 0.000042, 0.000148, 0.000001, 0.000177, 0.000038, 0.000021, 0.000020, 0.000017, 0.000110, 0.000082, 0.000040, 0.000029, 0.000152, 0.000068
8 , 1, 1, 1, 1, 1, 1, 1
8 , 0.004129, 0.004597, 0.005024, 0.005031, 0.005244, 0.005456, 0.005753
9 , 0.000140, 0.000190, 0.000187, 0.000093, 0.000179, 0.000326, 0.000293, 0.000286, 0.000219, 0.000400, 0.000271, 0.000397, 0.000329, 0.000360, 0.000271, 0.000371, 0.000167, 0.000337, 0.000162, 0.000233, 0.000045, 0.000206, 0.000117, 0.000153, 0.000008, 0.000076, 0.000042, 0.000148, 0.000001, 0.000177, 0.000038, 0.000021, 0.000020, 0.000017, 0.000110, 0.000082, 0.000040, 0.000029, 0.000152, 0.000068, 0.000026, 0.000074, 0.000013, 0.000103, 0.000041, 0.000151, 0.000151, 0.000151, 0.000184, 0.000003, 0.000087, 0.000172, 0.000208, 0.000051, 0.000146, 0.000208, 0.000182, 0.000004, 0.000066, 0.000128, 0.000026, 0.000040, 0.000047, 0.000111, 0.000136, 0.000054, 0.000072, 0.000032, 0.000121, 0.000053, 0.000144, 0.000083, 0.000113, 0.000053, 0.000149, 0.000003, 0.000065, 0.000002, 0.000067, 0.000117, 0.000022, 0.000115, 0.000141, 0.000047, 0.000132, 0.000057, 0.000065, 0.000003, 0.000008, 0.000135, 0.000228, 0.000075
9 , 1, 1, 1, 1, 1, 2, 2
9 , 0.004138, 0.004572, 0.004144, 0.004351, 0.003955, 0.003862, 0.003851
10 , 0.000151, 0.000184, 0.000003, 0.000087, 0.000172, 0.000208, 0.000051, 0.000146, 0.000208, 0.000182, 0.000004, 0.000066, 0.000128, 0.000026, 0.000040, 0.000047, 0.000111, 0.000136, 0.000054, 0.000072, 0.000032, 0.000121, 0.000053, 0.000144, 0.000083, 0.000113, 0.000053, 0.000149, 0.000003, 0.000065, 0.000002, 0.000067, 0.000117, 0.000022, 0.000115, 0.000141, 0.000047, 0.000132, 0.000057, 0.000065, 0.000003, 0.000008, 0.000135, 0.000228, 0.000075, 0.000356, 0.000074, 0.000265, 0.000019, 0.000051, 0.000104, 0.000203, 0.000081, 0.000087, 0.000081, 0.000213, 0.000030, 0.000121, 0.000092, 0.000189, 0.000036, 0.000041, 0.000041, 0.000103, 0.000069, 0.000005, 0.000072, 0.000036, 0.000122, 0.000065, 0.000123, 0.000066, 0.000133, 0.000043, 0.000072, 0.000022, 0.000044, 0.000079, 0.000038, 0.000043, 0.000142, 0.000049, 0.000026, 0.000006, 0.000026, 0.000156, 0.000000, 0.000001, 0.000001, 0.000120, 0.000059, 0.000054
10 , 1, 1, 1, 1, 3, 3, 1
10 , 0.001505, 0.001582, 0.000856, 0.000993, 0.000749, 0.000902, 0.000795
11 , 0.000265, 0.000019, 0.000051, 0.000104, 0.000203, 0.000081, 0.000087, 0.000081, 0.000213, 0.000030, 0.000121, 0.000092, 0.000189, 0.000036, 0.000041, 0.000041, 0.000103, 0.000069, 0.000005, 0.000072, 0.000036, 0.000122, 0.000065, 0.000123, 0.000066, 0.000133, 0.000043, 0.000072, 0.000022, 0.000044, 0.000079, 0.000038, 0.000043, 0.000142, 0.000049, 0.000026, 0.000006, 0.000026, 0.000156, 0.000000, 0.000001, 0.000001, 0.000120, 0.000059, 0.000054, 0.000053, 0.000009, 0.000174, 0.000033, 0.000034, 0.000064, 0.000064, 0.000025, 0.000016, 0.000070, 0.000032, 0.000184, 0.000079, 0.000219, 0.000029, 0.000273, 0.000203, 0.000286, 0.000165, 0.000204, 0.000226, 0.000225, 0.000242, 0.000247, 0.000157, 0.000283, 0.000312, 0.000312, 0.000257, 0.000258, 0.000383, 0.000198, 0.000358, 0.000272, 0.000304, 0.000005, 0.000253, 0.000155, 0.000280, 0.000097, 0.000070, 0.000068, 0.000253, 0.000065, 0.000253, 0.000069, 0.000221
11 , 2, 2, 2, 2, 2, 2, 2
11 , 0.003163, 0.002992, 0.002465, 0.002292, 0.001555, 0.001325, 0.001001
12 , 0.000009, 0.000174, 0.000033, 0.000034, 0.000064, 0.000064, 0.000025, 0.000016, 0.000070, 0.000032, 0.000184, 0.000079, 0.000219, 0.000029, 0.000273, 0.000203, 0.000286, 0.000165, 0.000204, 0.000226, 0.000225, 0.000242, 0.000247, 0.000157, 0.000283, 0.000312, 0.000312, 0.000257, 0.000258, 0.000383, 0.000198, 0.000358, 0.000272, 0.000304, 0.000005, 0.000253, 0.000155, 0.000280, 0.000097, 0.000070, 0.000068, 0.000253, 0.000065, 0.000253, 0.000069, 0.000221, 0.000021, 0.000167, 0.000108, 0.000206, 0.000212, 0.000215, 0.000123, 0.000090, 0.000156, 0.000021, 0.000014, 0.000046, 0.000044, 0.000082, 0.000050, 0.000222, 0.000110, 0.000071, 0.000058, 0.000037, 0.000038, 0.000069, 0.000031, 0.000184, 0.000056, 0.000039, 0.000056, 0.000024, 0.000040, 0.000016, 0.000172, 0.000046, 0.000078, 0.000108, 0.000072, 0.000016, 0.000011, 0.000041, 0.000019, 0.000106, 0.000043, 0.000112, 0.000105, 0.000047, 0.000106, 0.000105
12 , 3, 3, 3, 3, 3, 3, 3
12 , 0.003531, 0.003153, 0.003019, 0.002595, 0.002150, 0.002055, 0.001453
13 , 0.000021, 0.000167, 0.000108, 0.000206, 0.000212, 0.000215, 0.000123, 0.000090, 0.000156, 0.000021, 0.000014, 0.000046, 0.000044, 0.000082, 0.000050, 0.000222, 0.000110, 0.000071, 0.000058, 0.000037, 0.000038, 0.000069, 0.000031, 0.000184, 0.000056, 0.000039, 0.000056, 0.000024, 0.000040, 0.000016, 0.000172, 0.000046, 0.000078, 0.000108, 0.000072, 0.000016, 0.000011, 0.000041, 0.000019, 0.000106, 0.000043, 0.000112, 0.000105, 0.000047, 0.000106, 0.000105, 0.000040, 0.000068, 0.000117, 0.000126, 0.000005, 0.000145, 0.000010, 0.000178, 0.000009, 0.000036, 0.000090, 0.000096, 0.000100, 0.000138, 0.000173, 0.000024, 0.000069, 0.000069, 0.000039, 0.000134, 0.000048, 0.000014, 0.000168, 0.000073, 0.000079, 0.000046, 0.000142, 0.000075, 0.000047, 0.000019, 0.000052, 0.000128, 0.000027, 0.000066, 0.000007, 0.000068, 0.000003, 0.000063, 0.000003, 0.000029, 0.000089, 0.000091, 0.000127, 0.000002, 0.000069, 0.000045
13 , 1, 1, 1, 1, 1, 1, 1
13 , 0.001529, 0.001472, 0.001348, 0.001297, 0.001276, 0.001515, 0.001335
14 , 0.000040, 0.000068, 0.000117, 0.000126, 0.000005, 0.000145, 0.000010, 0.000178, 0.000009, 0.000036, 0.000090, 0.000096, 0.000100, 0.000138, 0.000173, 0.000024, 0.000069, 0.000069, 0.000039, 0.000134, 0.000048, 0.000014, 0.000168, 0.000073, 0.000079, 0.000046, 0.000142, 0.000075, 0.000047, 0.000019, 0.000052, 0.000128, 0.000027, 0.000066, 0.000007, 0.000068, 0.000003, 0.000063, 0.000003, 0.000029, 0.000089, 0.000091, 0.000127, 0.000002, 0.000069, 0.000045, 0.000019, 0.000011, 0.000083, 0.000101, 0.000086, 0.000072, 0.000040, 0.000166, 0.000049, 0.000133, 0.000005, 0.000097, 0.000090, 0.000176, 0.000206, 0.000147, 0.000147, 0.000209, 0.000051, 0.000087, 0.000170, 0.000225, 0.000048, 0.000050, 0.000203, 0.000101, 0.000289, 0.000131, 0.000258, 0.000134, 0.000259, 0.000140, 0.000178, 0.000004, 0.000123, 0.000064, 0.000071, 0.000036, 0.000038, 0.000023, 0.000131, 0.000042, 0.000018, 0.000071, 0.000054, 0.000084
14 , 2, 2, 2, 1, 1, 1, 1
14 , 0.000572, 0.000767, 0.000712, 0.000596, 0.001018, 0.001425, 0.001517
15 , 0.000040, 0.000166, 0.000049, 0.000133, 0.000005, 0.000097, 0.000090, 0.000176, 0.000206, 0.000147, 0.000147, 0.000209, 0.000051, 0.000087, 0.000170, 0.000225, 0.000048, 0.000050, 0.000203, 0.000101, 0.000289, 0.000131, 0.000258, 0.000134, 0.000259, 0.000140, 0.000178, 0.000004, 0.000123, 0.000064, 0.000071, 0.000036, 0.000038, 0.000023, 0.000131, 0.000042, 0.000018, 0.000071, 0.000054, 0.000084, 0.000052, 0.000083, 0.000009, 0.000100, 0.000105, 0.000041, 0.000043, 0.000047, 0.000076, 0.000051, 0.000130, 0.000004, 0.000122, 0.000092, 0.000090, 0.000091, 0.000060, 0.000025, 0.000125, 0.000061, 0.000065, 0.000057, 0.000095, 0.000024, 0.000058, 0.000055, 0.000085, 0.000059, 0.000059, 0.000130, 0.000071, 0.000080, 0.000137, 0.000053, 0.000091, 0.000023, 0.000247, 0.000027, 0.000117, 0.000113, 0.000114, 0.000109, 0.000202, 0.000051, 0.000114, 0.000112, 0.000239, 0.000151, 0.000161, 0.000082, 0.000044, 0.000075
15 , 2, 2, 2, 2, 2, 2, 2
15 , 0.001374, 0.001438, 0.001714, 0.001837, 0.002170, 0.002009, 0.002390
16 , 0.000122, 0.000092, 0.000090, 0.000091, 0.000060, 0.000025, 0.000125, 0.000061, 0.000065, 0.000057, 0.000095, 0.000024, 0.000058, 0.000055, 0.000085, 0.000059, 0.000059, 0.000130, 0.000071, 0.000080, 0.000137, 0.000053, 0.000091, 0.000023, 0.000247, 0.000027, 0.000117, 0.000113, 0.000114, 0.000109, 0.000202, 0.000051, 0.000114, 0.000112, 0.000239, 0.000151, 0.000161, 0.000082, 0.000044, 0.000075, 0.000016, 0.000011, 0.000017, 0.000108, 0.000045, 0.000044, 0.000018, 0.000081, 0.000047, 0.000021, 0.000065, 0.000117, 0.000025, 0.000060, 0.000095, 0.000031, 0.000006, 0.000152, 0.000097, 0.000064, 0.000034, 0.000056, 0.000123, 0.000028, 0.000008, 0.000006, 0.000053, 0.000004, 0.000124, 0.000096, 0.000027, 0.000063, 0.000033, 0.000002, 0.000034, 0.000057, 0.000024, 0.000060, 0.000002, 0.000163, 0.000170, 0.000021, 0.000182, 0.000011, 0.000253, 0.000143, 0.000379, 0.000244, 0.000323, 0.000272, 0.000389, 0.000399
16 , 0, 0, 0, 0, 0, 0, 0
16 , 0.002013, 0.002019, 0.002160, 0.002439, 0.002836, 0.003381, 0.003414
