0 , 0.001591, 0.001500, 0.001826, 0.001759, 0.001881, 0.001594, 0.001942, 0.001908, 0.001999, 0.001814, 0.001897, 0.001965, 0.001844, 0.001851, 0.001791, 0.001896, 0.001923, 0.001919, 0.001795, 0.001894, 0.001909, 0.001901, 0.002034, 0.001211, 0.000882, 0.001512, 0.001367, 0.001498, 0.001298, 0.001395, 0.001264, 0.001318, 0.001278, 0.001580, 0.001384, 0.001444, 0.001469, 0.001506, 0.001499, 0.001623, 0.001558, 0.001494, 0.001517, 0.001549, 0.001574, 0.001573, 0.001595, 0.001452, 0.001712, 0.000393, 0.001225, 0.001148, 0.001548, 0.001359, 0.001545, 0.001515, 0.001713, 0.001742, 0.001684, 0.001828, 0.001887, 0.001989, 0.001966, 0.002131, 0.002018, 0.002278, 0.002211, 0.002151, 0.002204, 0.002303, 0.002450, 0.002247, 0.002450, 0.002125, 0.000057, 0.001208, 0.001115, 0.001174, 0.001084, 0.001222, 0.001139, 0.001396, 0.001095, 0.001330, 0.001318, 0.001403, 0.001361, 0.001360, 0.001321, 0.001530, 0.001404, 0.001558
0 , 1, 1, 1, 1, 1, 1, 1
0 , 0.009492, 0.011731, 0.014182, 0.017531, 0.020133, 0.021026, 0.023119
1 , 0.001548, 0.001359, 0.001545, 0.001515, 0.001713, 0.001742, 0.001684, 0.001828, 0.001887, 0.001989, 0.001966, 0.002131, 0.002018, 0.002278, 0.002211, 0.002151, 0.002204, 0.002303, 0.002450, 0.002247, 0.002450, 0.002125, 0.000057, 0.001208, 0.001115, 0.001174, 0.001084, 0.001222, 0.001139, 0.001396, 0.001095, 0.001330, 0.001318, 0.001403, 0.001361, 0.001360, 0.001321, 0.001530, 0.001404, 0.001558, 0.001466, 0.001505, 0.001311, 0.001507, 0.001576, 0.000978, 0.001228, 0.001346, 0.001481, 0.001633, 0.001615, 0.001612, 0.001666, 0.001951, 0.001874, 0.001946, 0.001780, 0.002120, 0.001972, 0.001972, 0.001946, 0.001795, 0.002011, 0.001962, 0.001925, 0.001861, 0.002220, 0.002019, 0.001898, 0.001856, 0.001826, 0.002194, 0.000287, 0.001823, 0.001524, 0.001584, 0.001273, 0.001297, 0.001179, 0.001269, 0.001237, 0.001361, 0.001266, 0.001112, 0.001289, 0.001347, 0.001377, 0.001321, 0.001408, 0.001504, 0.001467, 0.001157
1 , 1, 1, 1, 1, 1, 1, 1
1 , 0.017368, 0.020609, 0.024572, 0.027714, 0.026573, 0.023782, 0.023326
2 , 0.001633, 0.001615, 0.001612, 0.001666, 0.001951, 0.001874, 0.001946, 0.001780, 0.002120, 0.001972, 0.001972, 0.001946, 0.001795, 0.002011, 0.001962, 0.001925, 0.001861, 0.002220, 0.002019, 0.001898, 0.001856, 0.001826, 0.002194, 0.000287, 0.001823, 0.001524, 0.001584, 0.001273, 0.001297, 0.001179, 0.001269, 0.001237, 0.001361, 0.001266, 0.001112, 0.001289, 0.001347, 0.001377, 0.001321, 0.001408, 0.001504, 0.001467, 0.001157, 0.001402, 0.001460, 0.001522, 0.001392, 0.001489, 0.001314, 0.000635, 0.001518, 0.001653, 0.001652, 0.001473, 0.001790, 0.001817, 0.001753, 0.001607, 0.001931, 0.001891, 0.001816, 0.001801, 0.001806, 0.002028, 0.001883, 0.001833, 0.001655, 0.001737, 0.001821, 0.001817, 0.001807, 0.001713, 0.002053, 0.001360, 0.001355, 0.001640, 0.001469, 0.001290, 0.001377, 0.001194, 0.001412, 0.001100, 0.001256, 0.001191, 0.001410, 0.001135, 0.001256, 0.001278, 0.001348, 0.001195, 0.001321, 0.001227
2 , 1, 1, 1, 1, 1, 1, 1
2 , 0.013854, 0.015949, 0.017584, 0.019358, 0.021271, 0.020475, 0.022636
3 , 0.001652, 0.001473, 0.001790, 0.001817, 0.001753, 0.001607, 0.001931, 0.001891, 0.001816, 0.001801, 0.001806, 0.002028, 0.001883, 0.001833, 0.001655, 0.001737, 0.001821, 0.001817, 0.001807, 0.001713, 0.002053, 0.001360, 0.001355, 0.001640, 0.001469, 0.001290, 0.001377, 0.001194, 0.001412, 0.001100, 0.001256, 0.001191, 0.001410, 0.001135, 0.001256, 0.001278, 0.001348, 0.001195, 0.001321, 0.001227, 0.001290, 0.001233, 0.001324, 0.001125, 0.001400, 0.000218, 0.001497, 0.001539, 0.001545, 0.001570, 0.001702, 0.001757, 0.001742, 0.001821, 0.001723, 0.001845, 0.001643, 0.001876, 0.001609, 0.001768, 0.001764, 0.001670, 0.001700, 0.001656, 0.001805, 0.001741, 0.001797, 0.001592, 0.001771, 0.001885, 0.000703, 0.001728, 0.001465, 0.001384, 0.001322, 0.001289, 0.001347, 0.001318, 0.001345, 0.001288, 0.001410, 0.001374, 0.001499, 0.001310, 0.001459, 0.001359, 0.001544, 0.001479, 0.001508, 0.001414, 0.001595, 0.001408
3 , 1, 1, 1, 1, 1, 1, 1
3 , 0.013362, 0.015482, 0.019809, 0.017880, 0.017695, 0.017996, 0.017107
4 , 0.001545, 0.001570, 0.001702, 0.001757, 0.001742, 0.001821, 0.001723, 0.001845, 0.001643, 0.001876, 0.001609, 0.001768, 0.001764, 0.001670, 0.001700, 0.001656, 0.001805, 0.001741, 0.001797, 0.001592, 0.001771, 0.001885, 0.000703, 0.001728, 0.001465, 0.001384, 0.001322, 0.001289, 0.001347, 0.001318, 0.001345, 0.001288, 0.001410, 0.001374, 0.001499, 0.001310, 0.001459, 0.001359, 0.001544, 0.001479, 0.001508, 0.001414, 0.001595, 0.001408, 0.001621, 0.001346, 0.001665, 0.000926, 0.000943, 0.001405, 0.001314, 0.001344, 0.001254, 0.001644, 0.001574, 0.001689, 0.001403, 0.001483, 0.001662, 0.001652, 0.001612, 0.001687, 0.001872, 0.001630, 0.001805, 0.001649, 0.001815, 0.001841, 0.001750, 0.001790, 0.001680, 0.002113, 0.000571, 0.001504, 0.001514, 0.001508, 0.001388, 0.001392, 0.001233, 0.001356, 0.001167, 0.001470, 0.001310, 0.001377, 0.001366, 0.001485, 0.001357, 0.001600, 0.001351, 0.001473, 0.001416, 0.001387
4 , 1, 1, 1, 1, 1, 1, 1
4 , 0.006744, 0.008496, 0.010012, 0.010885, 0.011613, 0.011220, 0.011321
5 , 0.001314, 0.001344, 0.001254, 0.001644, 0.001574, 0.001689, 0.001403, 0.001483, 0.001662, 0.001652, 0.001612, 0.001687, 0.001872, 0.001630, 0.001805, 0.001649, 0.001815, 0.001841, 0.001750, 0.001790, 0.001680, 0.002113, 0.000571, 0.001504, 0.001514, 0.001508, 0.001388, 0.001392, 0.001233, 0.001356, 0.001167, 0.001470, 0.001310, 0.001377, 0.001366, 0.001485, 0.001357, 0.001600, 0.001351, 0.001473, 0.001416, 0.001387, 0.001506, 0.001535, 0.001325, 0.001337, 0.000689, 0.001472, 0.001643, 0.001615, 0.001636, 0.001528, 0.001859, 0.001683, 0.001730, 0.001571, 0.001814, 0.001905, 0.001857, 0.001873, 0.001684, 0.001903, 0.001817, 0.001995, 0.001795, 0.001947, 0.001863, 0.001788, 0.001874, 0.001925, 0.001612, 0.000970, 0.001540, 0.001460, 0.001438, 0.001392, 0.001475, 0.001470, 0.001473, 0.001375, 0.001367, 0.001334, 0.001386, 0.001478, 0.001416, 0.001445, 0.001442, 0.001474, 0.001409, 0.001503, 0.001416, 0.001544
5 , 1, 1, 1, 1, 1, 1, 1
5 , 0.007678, 0.009927, 0.012105, 0.015227, 0.012629, 0.012571, 0.012710
6 , 0.001615, 0.001636, 0.001528, 0.001859, 0.001683, 0.001730, 0.001571, 0.001814, 0.001905, 0.001857, 0.001873, 0.001684, 0.001903, 0.001817, 0.001995, 0.001795, 0.001947, 0.001863, 0.001788, 0.001874, 0.001925, 0.001612, 0.000970, 0.001540, 0.001460, 0.001438, 0.001392, 0.001475, 0.001470, 0.001473, 0.001375, 0.001367, 0.001334, 0.001386, 0.001478, 0.001416, 0.001445, 0.001442, 0.001474, 0.001409, 0.001503, 0.001416, 0.001544, 0.001423, 0.001515, 0.001323, 0.001667, 0.000023, 0.001558, 0.001605, 0.001752, 0.001594, 0.001634, 0.001532, 0.001769, 0.001644, 0.001840, 0.001664, 0.001851, 0.001780, 0.001776, 0.001753, 0.001753, 0.001899, 0.001740, 0.001814, 0.001661, 0.001860, 0.001775, 0.001797, 0.001682, 0.001870, 0.000187, 0.001611, 0.001477, 0.001490, 0.001418, 0.001423, 0.001208, 0.001400, 0.001181, 0.001453, 0.001263, 0.001456, 0.001234, 0.001440, 0.001309, 0.001556, 0.001400, 0.001528, 0.001314, 0.001568
6 , 1, 1, 1, 1, 1, 1, 1
6 , 0.010404, 0.012453, 0.014466, 0.014510, 0.017120, 0.014404, 0.014347
7 , 0.001752, 0.001594, 0.001634, 0.001532, 0.001769, 0.001644, 0.001840, 0.001664, 0.001851, 0.001780, 0.001776, 0.001753, 0.001753, 0.001899, 0.001740, 0.001814, 0.001661, 0.001860, 0.001775, 0.001797, 0.001682, 0.001870, 0.000187, 0.001611, 0.001477, 0.001490, 0.001418, 0.001423, 0.001208, 0.001400, 0.001181, 0.001453, 0.001263, 0.001456, 0.001234, 0.001440, 0.001309, 0.001556, 0.001400, 0.001528, 0.001314, 0.001568, 0.001406, 0.001420, 0.001460, 0.001035, 0.001159, 0.001521, 0.001694, 0.001573, 0.001591, 0.001517, 0.001538, 0.001626, 0.001616, 0.001619, 0.001555, 0.001808, 0.001565, 0.001656, 0.001596, 0.001670, 0.001714, 0.001640, 0.001599, 0.001464, 0.001754, 0.001699, 0.001661, 0.001841, 0.000628, 0.001374, 0.001670, 0.001507, 0.001481, 0.001359, 0.001303, 0.001362, 0.001361, 0.001297, 0.001303, 0.001392, 0.001386, 0.001472, 0.001408, 0.001378, 0.001284, 0.001376, 0.001341, 0.001428, 0.001297, 0.001417
7 , 1, 1, 1, 1, 1, 1, 1
7 , 0.009671, 0.012216, 0.014338, 0.013991, 0.010990, 0.011002, 0.010839
8 , 0.001694, 0.001573, 0.001591, 0.001517, 0.001538, 0.001626, 0.001616, 0.001619, 0.001555, 0.001808, 0.001565, 0.001656, 0.001596, 0.001670, 0.001714, 0.001640, 0.001599, 0.001464, 0.001754, 0.001699, 0.001661, 0.001841, 0.000628, 0.001374, 0.001670, 0.001507, 0.001481, 0.001359, 0.001303, 0.001362, 0.001361, 0.001297, 0.001303, 0.001392, 0.001386, 0.001472, 0.001408, 0.001378, 0.001284, 0.001376, 0.001341, 0.001428, 0.001297, 0.001417, 0.001328, 0.001567, 0.001350, 0.001505, 0.000522, 0.001488, 0.001419, 0.001548, 0.001544, 0.001601, 0.001419, 0.001654, 0.001560, 0.001719, 0.001588, 0.001777, 0.001808, 0.001667, 0.001680, 0.001669, 0.001909, 0.001958, 0.001816, 0.001689, 0.001920, 0.002054, 0.001891, 0.001966, 0.001489, 0.000746, 0.001581, 0.001341, 0.001325, 0.001194, 0.001255, 0.001125, 0.001284, 0.001126, 0.001344, 0.001122, 0.001370, 0.001183, 0.001223, 0.001158, 0.001139, 0.001069, 0.001223, 0.001277
8 , 1, 1, 1, 1, 1, 1, 1
8 , 0.008437, 0.010915, 0.012826, 0.014790, 0.014090, 0.015876, 0.014829
9 , 0.001548, 0.001544, 0.001601, 0.001419, 0.001654, 0.001560, 0.001719, 0.001588, 0.001777, 0.001808, 0.001667, 0.001680, 0.001669, 0.001909, 0.001958, 0.001816, 0.001689, 0.001920, 0.002054, 0.001891, 0.001966, 0.001489, 0.000746, 0.001581, 0.001341, 0.001325, 0.001194, 0.001255, 0.001125, 0.001284, 0.001126, 0.001344, 0.001122, 0.001370, 0.001183, 0.001223, 0.001158, 0.001139, 0.001069, 0.001223, 0.001277, 0.001184, 0.001321, 0.001313, 0.001368, 0.000157, 0.001633, 0.001478, 0.001948, 0.001678, 0.001720, 0.001739, 0.001917, 0.001938, 0.001677, 0.001858, 0.001658, 0.001956, 0.001734, 0.001866, 0.001677, 0.001869, 0.001964, 0.001919, 0.001730, 0.001764, 0.001948, 0.001766, 0.001850, 0.001713, 0.001765, 0.002004, 0.000496, 0.001794, 0.001654, 0.001626, 0.001409, 0.001384, 0.001227, 0.001316, 0.001375, 0.001343, 0.001434, 0.001393, 0.001488, 0.001393, 0.001553, 0.001275, 0.001364, 0.001300, 0.001395, 0.001331
9 , 1, 1, 1, 1, 1, 1, 1
9 , 0.013865, 0.016788, 0.020950, 0.021440, 0.020985, 0.018344, 0.018144
10 , 0.001678, 0.001720, 0.001739, 0.001917, 0.001938, 0.001677, 0.001858, 0.001658, 0.001956, 0.001734, 0.001866, 0.001677, 0.001869, 0.001964, 0.001919, 0.001730, 0.001764, 0.001948, 0.001766, 0.001850, 0.001713, 0.001765, 0.002004, 0.000496, 0.001794, 0.001654, 0.001626, 0.001409, 0.001384, 0.001227, 0.001316, 0.001375, 0.001343, 0.001434, 0.001393, 0.001488, 0.001393, 0.001553, 0.001275, 0.001364, 0.001300, 0.001395, 0.001331, 0.001451, 0.001357, 0.001511, 0.001388, 0.001423, 0.001302, 0.001401, 0.001306, 0.001466, 0.001289, 0.001357, 0.001211, 0.001340, 0.001241, 0.001344, 0.001317, 0.001295, 0.001173, 0.001331, 0.001296, 0.001357, 0.001234, 0.001210, 0.001205, 0.001208, 0.001294, 0.001176, 0.001178, 0.001149, 0.001244, 0.001172, 0.001355, 0.001226, 0.001284, 0.001282, 0.001287, 0.001217, 0.001340, 0.001245, 0.001283, 0.001218, 0.001284, 0.001010, 0.001198, 0.001043, 0.001168, 0.001070, 0.001310, 0.001183
10 , 1, 1, 1, 1, 1, 1, 1
10 , 0.009014, 0.009884, 0.009852, 0.009832, 0.010277, 0.008126, 0.008120
11 , 0.001306, 0.001466, 0.001289, 0.001357, 0.001211, 0.001340, 0.001241, 0.001344, 0.001317, 0.001295, 0.001173, 0.001331, 0.001296, 0.001357, 0.001234, 0.001210, 0.001205, 0.001208, 0.001294, 0.001176, 0.001178, 0.001149, 0.001244, 0.001172, 0.001355, 0.001226, 0.001284, 0.001282, 0.001287, 0.001217, 0.001340, 0.001245, 0.001283, 0.001218, 0.001284, 0.001010, 0.001198, 0.001043, 0.001168, 0.001070, 0.001310, 0.001183, 0.001339, 0.001306, 0.001396, 0.001208, 0.001208, 0.001240, 0.001303, 0.001327, 0.001417, 0.001448, 0.001236, 0.001477, 0.001327, 0.001458, 0.001277, 0.001283, 0.001316, 0.001414, 0.001193, 0.001327, 0.001144, 0.001361, 0.001263, 0.001388, 0.001439, 0.001382, 0.001230, 0.001380, 0.001290, 0.001319, 0.001189, 0.001408, 0.001399, 0.001428, 0.001307, 0.001394, 0.001306, 0.001344, 0.001312, 0.001254, 0.001378, 0.001296, 0.001299, 0.001145, 0.001393, 0.001086, 0.001327, 0.001235, 0.001266, 0.001230
11 , 1, 1, 1, 1, 1, 1, 1
11 , 0.002387, 0.001747, 0.001880, 0.001710, 0.001757, 0.001208, 0.001466
12 , 0.001208, 0.001240, 0.001303, 0.001327, 0.001417, 0.001448, 0.001236, 0.001477, 0.001327, 0.001458, 0.001277, 0.001283, 0.001316, 0.001414, 0.001193, 0.001327, 0.001144, 0.001361, 0.001263, 0.001388, 0.001439, 0.001382, 0.001230, 0.001380, 0.001290, 0.001319, 0.001189, 0.001408, 0.001399, 0.001428, 0.001307, 0.001394, 0.001306, 0.001344, 0.001312, 0.001254, 0.001378, 0.001296, 0.001299, 0.001145, 0.001393, 0.001086, 0.001327, 0.001235, 0.001266, 0.001230, 0.001292, 0.001197, 0.001324, 0.001230, 0.001264, 0.001256, 0.001357, 0.001174, 0.001203, 0.001230, 0.001259, 0.001168, 0.001231, 0.001202, 0.001351, 0.001227, 0.001374, 0.001373, 0.001247, 0.001336, 0.001240, 0.001389, 0.001322, 0.001472, 0.001289, 0.001471, 0.001317, 0.001416, 0.001379, 0.001379, 0.001341, 0.001465, 0.001339, 0.001430, 0.001280, 0.001348, 0.001196, 0.001378, 0.001348, 0.001352, 0.001327, 0.001269, 0.001206, 0.001244, 0.001190, 0.001195
12 , 0, 2, 2, 2, 2, 2, 2
12 , 0.001900, 0.001803, 0.001532, 0.001706, 0.001369, 0.001368, 0.000989
13 , 0.001292, 0.001197, 0.001324, 0.001230, 0.001264, 0.001256, 0.001357, 0.001174, 0.001203, 0.001230, 0.001259, 0.001168, 0.001231, 0.001202, 0.001351, 0.001227, 0.001374, 0.001373, 0.001247, 0.001336, 0.001240, 0.001389, 0.001322, 0.001472, 0.001289, 0.001471, 0.001317, 0.001416, 0.001379, 0.001379, 0.001341, 0.001465, 0.001339, 0.001430, 0.001280, 0.001348, 0.001196, 0.001378, 0.001348, 0.001352, 0.001327, 0.001269, 0.001206, 0.001244, 0.001190, 0.001195, 0.001353, 0.001113, 0.001177, 0.001145, 0.001270, 0.001111, 0.001198, 0.001133, 0.001247, 0.001173, 0.001328, 0.001235, 0.001631, 0.001263, 0.001240, 0.001173, 0.001274, 0.001181, 0.001246, 0.001158, 0.001225, 0.001191, 0.001219, 0.001099, 0.001250, 0.001249, 0.001185, 0.001336, 0.001307, 0.001397, 0.001338, 0.001344, 0.001282, 0.001349, 0.001295, 0.001302, 0.001147, 0.001368, 0.001216, 0.001284, 0.001075, 0.001264, 0.001142, 0.001211, 0.001095, 0.001162
13 , 0, 0, 0, 0, 0, 0, 0
13 , 0.002836, 0.002551, 0.002626, 0.002447, 0.001956, 0.001411, 0.000838
14 , 0.001353, 0.001113, 0.001177, 0.001145, 0.001270, 0.001111, 0.001198, 0.001133, 0.001247, 0.001173, 0.001328, 0.001235, 0.001631, 0.001263, 0.001240, 0.001173, 0.001274, 0.001181, 0.001246, 0.001158, 0.001225, 0.001191, 0.001219, 0.001099, 0.001250, 0.001249, 0.001185, 0.001336, 0.001307, 0.001397, 0.001338, 0.001344, 0.001282, 0.001349, 0.001295, 0.001302, 0.001147, 0.001368, 0.001216, 0.001284, 0.001075, 0.001264, 0.001142, 0.001211, 0.001095, 0.001162, 0.001130, 0.001219, 0.001063, 0.001188, 0.001206, 0.001205, 0.001212, 0.001109, 0.001196, 0.001223, 0.001130, 0.001062, 0.001271, 0.001164, 0.001339, 0.001353, 0.001405, 0.001363, 0.001417, 0.001316, 0.001527, 0.001515, 0.001697, 0.001421, 0.001606, 0.001455, 0.001521, 0.001372, 0.001441, 0.001327, 0.001489, 0.001315, 0.001359, 0.001306, 0.001308, 0.001176, 0.001130, 0.001229, 0.001106, 0.001110, 0.001049, 0.001144, 0.001042, 0.001287, 0.001151, 0.001273
14 , 0, 0, 3, 3, 3, 3, 3
14 , 0.001844, 0.000854, 0.000296, 0.001047, 0.001732, 0.002276, 0.002475
15 , 0.001212, 0.001109, 0.001196, 0.001223, 0.001130, 0.001062, 0.001271, 0.001164, 0.001339, 0.001353, 0.001405, 0.001363, 0.001417, 0.001316, 0.001527, 0.001515, 0.001697, 0.001421, 0.001606, 0.001455, 0.001521, 0.001372, 0.001441, 0.001327, 0.001489, 0.001315, 0.001359, 0.001306, 0.001308, 0.001176, 0.001130, 0.001229, 0.001106, 0.001110, 0.001049, 0.001144, 0.001042, 0.001287, 0.001151, 0.001273, 0.001140, 0.001413, 0.001223, 0.001344, 0.001245, 0.001425, 0.001205, 0.001268, 0.001196, 0.001322, 0.001284, 0.001260, 0.001221, 0.001340, 0.001344, 0.001345, 0.001374, 0.001438, 0.001316, 0.001317, 0.001413, 0.001233, 0.001362, 0.001389, 0.001301, 0.001301, 0.001432, 0.001096, 0.001382, 0.001137, 0.001321, 0.001349, 0.001441, 0.001193, 0.001315, 0.001283, 0.001258, 0.001199, 0.001255, 0.001188, 0.001223, 0.001140, 0.001327, 0.001378, 0.001198, 0.001380, 0.001369, 0.001395, 0.001240, 0.001396, 0.001325, 0.001391
15 , 1, 1, 1, 1, 1, 1, 1
15 , 0.001671, 0.002272, 0.002205, 0.002588, 0.003123, 0.003679, 0.003940
16 , 0.001221, 0.001340, 0.001344, 0.001345, 0.001374, 0.001438, 0.001316, 0.001317, 0.001413, 0.001233, 0.001362, 0.001389, 0.001301, 0.001301, 0.001432, 0.001096, 0.001382, 0.001137, 0.001321, 0.001349, 0.001441, 0.001193, 0.001315, 0.001283, 0.001258, 0.001199, 0.001255, 0.001188, 0.001223, 0.001140, 0.001327, 0.001378, 0.001198, 0.001380, 0.001369, 0.001395, 0.001240, 0.001396, 0.001325, 0.001391, 0.001296, 0.001479, 0.001263, 0.001475, 0.001324, 0.001508, 0.001227, 0.001436, 0.001283, 0.001409, 0.001378, 0.001478, 0.001294, 0.001420, 0.001301, 0.001328, 0.001268, 0.001333, 0.001270, 0.001268, 0.001324, 0.001225, 0.001437, 0.001400, 0.001581, 0.001395, 0.001579, 0.001396, 0.001573, 0.001389, 0.001484, 0.001325, 0.001571, 0.001478, 0.001510, 0.001505, 0.001507, 0.001415, 0.001477, 0.001385, 0.001512, 0.001364, 0.001460, 0.001401, 0.001345, 0.001406, 0.001284, 0.001380, 0.001437, 0.001474, 0.001353, 0.001392
16 , 2, 2, 2, 2, 2, 2, 0
16 , 0.001665, 0.001369, 0.001540, 0.001091, 0.001176, 0.000681, 0.000186
