0 , 0.001852, 0.001662, 0.002025, 0.002026, 0.002049, 0.001916, 0.001835, 0.002212, 0.001975, 0.001951, 0.001788, 0.001801, 0.002019, 0.001780, 0.001873, 0.001709, 0.001711, 0.001872, 0.001659, 0.001732, 0.001496, 0.002015, 0.000245, 0.001581, 0.001325, 0.001403, 0.001320, 0.001320, 0.001217, 0.001273, 0.001161, 0.001264, 0.001229, 0.001225, 0.001290, 0.001225, 0.001329, 0.001186, 0.001260, 0.001135, 0.001157, 0.001084, 0.001301, 0.001026, 0.001051, 0.000937, 0.001160, 0.000482, 0.000892, 0.001490, 0.001325, 0.001487, 0.001485, 0.001572, 0.001462, 0.001674, 0.001473, 0.001500, 0.001620, 0.001604, 0.001488, 0.001342, 0.001561, 0.001488, 0.001425, 0.001491, 0.001349, 0.001507, 0.001377, 0.001428, 0.001326, 0.001492, 0.001014, 0.001455, 0.001641, 0.001559, 0.001455, 0.001348, 0.001503, 0.001326, 0.001352, 0.001348, 0.001525, 0.001294, 0.001578, 0.001378, 0.001552, 0.001381, 0.001534, 0.001298, 0.001612, 0.001312
0 , 2, 2, 2, 2, 1, 1, 1
0 , 0.014542, 0.015089, 0.015182, 0.016155, 0.014315, 0.014756, 0.013809
1 , 0.001490, 0.001325, 0.001487, 0.001485, 0.001572, 0.001462, 0.001674, 0.001473, 0.001500, 0.001620, 0.001604, 0.001488, 0.001342, 0.001561, 0.001488, 0.001425, 0.001491, 0.001349, 0.001507, 0.001377, 0.001428, 0.001326, 0.001492, 0.001014, 0.001455, 0.001641, 0.001559, 0.001455, 0.001348, 0.001503, 0.001326, 0.001352, 0.001348, 0.001525, 0.001294, 0.001578, 0.001378, 0.001552, 0.001381, 0.001534, 0.001298, 0.001612, 0.001312, 0.001489, 0.001304, 0.001504, 0.001314, 0.000100, 0.000985, 0.001063, 0.001422, 0.001206, 0.001385, 0.001395, 0.001359, 0.001504, 0.001220, 0.001637, 0.001518, 0.001441, 0.001435, 0.001345, 0.001438, 0.001425, 0.001541, 0.001528, 0.001580, 0.001881, 0.001581, 0.001570, 0.001510, 0.001758, 0.000358, 0.001412, 0.001257, 0.001423, 0.001141, 0.001202, 0.001136, 0.001257, 0.001006, 0.001165, 0.001053, 0.001196, 0.001122, 0.001191, 0.001118, 0.001123, 0.001141, 0.001133, 0.001198, 0.001098
1 , 3, 3, 1, 1, 1, 1, 1
1 , 0.003467, 0.003902, 0.004435, 0.005488, 0.009209, 0.007572, 0.008605
2 , 0.001422, 0.001206, 0.001385, 0.001395, 0.001359, 0.001504, 0.001220, 0.001637, 0.001518, 0.001441, 0.001435, 0.001345, 0.001438, 0.001425, 0.001541, 0.001528, 0.001580, 0.001881, 0.001581, 0.001570, 0.001510, 0.001758, 0.000358, 0.001412, 0.001257, 0.001423, 0.001141, 0.001202, 0.001136, 0.001257, 0.001006, 0.001165, 0.001053, 0.001196, 0.001122, 0.001191, 0.001118, 0.001123, 0.001141, 0.001133, 0.001198, 0.001098, 0.001089, 0.001086, 0.001089, 0.000898, 0.001243, 0.000018, 0.001207, 0.001500, 0.001320, 0.001271, 0.001317, 0.001494, 0.001412, 0.001524, 0.001412, 0.001399, 0.001670, 0.001419, 0.001524, 0.001409, 0.001488, 0.001541, 0.001303, 0.001488, 0.001216, 0.001541, 0.001636, 0.001604, 0.001485, 0.001759, 0.000341, 0.001352, 0.001260, 0.001146, 0.001111, 0.001034, 0.000962, 0.000988, 0.001011, 0.000872, 0.000988, 0.000851, 0.001176, 0.000893, 0.001113, 0.000926, 0.001249, 0.001062, 0.001308, 0.001161
2 , 1, 1, 1, 1, 1, 1, 1
2 , 0.008191, 0.011264, 0.013403, 0.015179, 0.016734, 0.015646, 0.015128
3 , 0.001320, 0.001271, 0.001317, 0.001494, 0.001412, 0.001524, 0.001412, 0.001399, 0.001670, 0.001419, 0.001524, 0.001409, 0.001488, 0.001541, 0.001303, 0.001488, 0.001216, 0.001541, 0.001636, 0.001604, 0.001485, 0.001759, 0.000341, 0.001352, 0.001260, 0.001146, 0.001111, 0.001034, 0.000962, 0.000988, 0.001011, 0.000872, 0.000988, 0.000851, 0.001176, 0.000893, 0.001113, 0.000926, 0.001249, 0.001062, 0.001308, 0.001161, 0.001221, 0.000975, 0.001350, 0.000807, 0.000665, 0.001223, 0.001223, 0.001351, 0.001193, 0.001278, 0.001385, 0.001394, 0.001479, 0.001225, 0.001443, 0.001421, 0.001398, 0.001374, 0.001338, 0.001632, 0.001372, 0.001484, 0.001468, 0.001508, 0.001544, 0.001438, 0.001448, 0.001649, 0.000993, 0.001044, 0.001444, 0.001292, 0.001356, 0.001135, 0.001304, 0.000972, 0.001184, 0.001055, 0.001288, 0.001017, 0.001202, 0.000996, 0.001273, 0.001002, 0.001081, 0.000976, 0.001257, 0.001071, 0.001095, 0.001062
3 , 1, 1, 1, 1, 1, 1, 1
3 , 0.009286, 0.011600, 0.013952, 0.015564, 0.013492, 0.014354, 0.014391
4 , 0.001351, 0.001193, 0.001278, 0.001385, 0.001394, 0.001479, 0.001225, 0.001443, 0.001421, 0.001398, 0.001374, 0.001338, 0.001632, 0.001372, 0.001484, 0.001468, 0.001508, 0.001544, 0.001438, 0.001448, 0.001649, 0.000993, 0.001044, 0.001444, 0.001292, 0.001356, 0.001135, 0.001304, 0.000972, 0.001184, 0.001055, 0.001288, 0.001017, 0.001202, 0.000996, 0.001273, 0.001002, 0.001081, 0.000976, 0.001257, 0.001071, 0.001095, 0.001062, 0.001076, 0.001014, 0.001046, 0.001027, 0.000486, 0.001298, 0.001427, 0.001565, 0.001516, 0.001344, 0.001494, 0.001368, 0.001544, 0.001375, 0.001438, 0.001673, 0.001409, 0.001680, 0.001475, 0.001544, 0.001710, 0.001405, 0.001521, 0.001435, 0.001600, 0.001584, 0.001387, 0.001594, 0.001479, 0.000469, 0.001399, 0.001324, 0.001260, 0.001255, 0.001299, 0.001320, 0.001242, 0.001221, 0.001169, 0.001234, 0.001174, 0.001265, 0.001097, 0.001270, 0.001011, 0.001249, 0.001050, 0.001270, 0.000836
4 , 1, 1, 1, 1, 1, 1, 1
4 , 0.007655, 0.009976, 0.011464, 0.012525, 0.014102, 0.013227, 0.013306
5 , 0.001565, 0.001516, 0.001344, 0.001494, 0.001368, 0.001544, 0.001375, 0.001438, 0.001673, 0.001409, 0.001680, 0.001475, 0.001544, 0.001710, 0.001405, 0.001521, 0.001435, 0.001600, 0.001584, 0.001387, 0.001594, 0.001479, 0.000469, 0.001399, 0.001324, 0.001260, 0.001255, 0.001299, 0.001320, 0.001242, 0.001221, 0.001169, 0.001234, 0.001174, 0.001265, 0.001097, 0.001270, 0.001011, 0.001249, 0.001050, 0.001270, 0.000836, 0.001146, 0.000911, 0.001170, 0.000029, 0.001120, 0.001578, 0.001505, 0.001570, 0.001599, 0.001583, 0.001684, 0.001492, 0.001720, 0.001446, 0.001685, 0.001662, 0.001639, 0.001620, 0.001488, 0.001710, 0.001591, 0.001531, 0.001491, 0.001200, 0.001544, 0.001524, 0.001454, 0.001883, 0.000038, 0.001226, 0.001391, 0.001189, 0.001142, 0.000931, 0.001162, 0.000914, 0.001188, 0.000921, 0.001048, 0.000839, 0.001099, 0.000805, 0.000990, 0.000958, 0.001106, 0.000974, 0.001074, 0.000965, 0.001202, 0.001168
5 , 1, 1, 1, 1, 1, 1, 1
5 , 0.014809, 0.016700, 0.021096, 0.019295, 0.016779, 0.016859, 0.016272
6 , 0.001505, 0.001570, 0.001599, 0.001583, 0.001684, 0.001492, 0.001720, 0.001446, 0.001685, 0.001662, 0.001639, 0.001620, 0.001488, 0.001710, 0.001591, 0.001531, 0.001491, 0.001200, 0.001544, 0.001524, 0.001454, 0.001883, 0.000038, 0.001226, 0.001391, 0.001189, 0.001142, 0.000931, 0.001162, 0.000914, 0.001188, 0.000921, 0.001048, 0.000839, 0.001099, 0.000805, 0.000990, 0.000958, 0.001106, 0.000974, 0.001074, 0.000965, 0.001202, 0.001168, 0.001184, 0.000973, 0.001130, 0.000892, 0.000998, 0.001296, 0.001382, 0.001319, 0.001438, 0.001389, 0.001531, 0.001536, 0.001553, 0.001553, 0.001249, 0.001588, 0.001526, 0.001430, 0.001477, 0.001444, 0.001673, 0.001488, 0.001581, 0.001574, 0.001468, 0.001733, 0.001481, 0.001911, 0.000878, 0.001035, 0.001311, 0.001414, 0.001267, 0.001068, 0.001172, 0.001021, 0.001128, 0.001146, 0.001051, 0.001044, 0.001018, 0.001018, 0.001014, 0.001134, 0.000974, 0.001097, 0.000972, 0.000995
6 , 1, 1, 1, 1, 1, 1, 1
6 , 0.013212, 0.015702, 0.018039, 0.019932, 0.019685, 0.019200, 0.019172
7 , 0.001296, 0.001382, 0.001319, 0.001438, 0.001389, 0.001531, 0.001536, 0.001553, 0.001553, 0.001249, 0.001588, 0.001526, 0.001430, 0.001477, 0.001444, 0.001673, 0.001488, 0.001581, 0.001574, 0.001468, 0.001733, 0.001481, 0.001911, 0.000878, 0.001035, 0.001311, 0.001414, 0.001267, 0.001068, 0.001172, 0.001021, 0.001128, 0.001146, 0.001051, 0.001044, 0.001018, 0.001018, 0.001014, 0.001134, 0.000974, 0.001097, 0.000972, 0.000995, 0.000856, 0.001127, 0.000691, 0.001118, 0.000588, 0.001471, 0.001650, 0.001738, 0.001649, 0.001704, 0.001452, 0.001866, 0.001793, 0.001859, 0.001758, 0.001684, 0.001901, 0.001845, 0.001955, 0.001845, 0.001786, 0.002102, 0.001843, 0.001910, 0.001798, 0.001691, 0.001766, 0.001675, 0.001689, 0.001547, 0.001912, 0.000399, 0.001473, 0.001406, 0.001415, 0.001173, 0.001329, 0.001092, 0.001346, 0.001182, 0.001355, 0.001238, 0.001295, 0.001208, 0.001338, 0.001182, 0.001324, 0.001186, 0.001212
7 , 1, 1, 1, 1, 1, 1, 1
7 , 0.012259, 0.013867, 0.017406, 0.019271, 0.022818, 0.022178, 0.022217
8 , 0.001738, 0.001649, 0.001704, 0.001452, 0.001866, 0.001793, 0.001859, 0.001758, 0.001684, 0.001901, 0.001845, 0.001955, 0.001845, 0.001786, 0.002102, 0.001843, 0.001910, 0.001798, 0.001691, 0.001766, 0.001675, 0.001689, 0.001547, 0.001912, 0.000399, 0.001473, 0.001406, 0.001415, 0.001173, 0.001329, 0.001092, 0.001346, 0.001182, 0.001355, 0.001238, 0.001295, 0.001208, 0.001338, 0.001182, 0.001324, 0.001186, 0.001212, 0.001182, 0.001165, 0.001238, 0.001178, 0.001234, 0.001242, 0.001251, 0.001109, 0.001199, 0.001148, 0.001156, 0.000992, 0.001307, 0.001044, 0.001355, 0.001225, 0.001204, 0.001117, 0.001277, 0.001225, 0.001445, 0.001221, 0.001355, 0.001234, 0.001299, 0.001165, 0.001432, 0.001156, 0.001277, 0.001048, 0.001364, 0.000933, 0.001159, 0.001051, 0.001123, 0.000937, 0.001018, 0.000805, 0.001164, 0.000955, 0.001155, 0.000895, 0.001039, 0.000883, 0.001090, 0.000932, 0.001062, 0.001058, 0.001195, 0.000965
8 , 1, 1, 1, 1, 1, 1, 1
8 , 0.011537, 0.013812, 0.014452, 0.015302, 0.015200, 0.016598, 0.014282
9 , 0.001148, 0.001156, 0.000992, 0.001307, 0.001044, 0.001355, 0.001225, 0.001204, 0.001117, 0.001277, 0.001225, 0.001445, 0.001221, 0.001355, 0.001234, 0.001299, 0.001165, 0.001432, 0.001156, 0.001277, 0.001048, 0.001364, 0.000933, 0.001159, 0.001051, 0.001123, 0.000937, 0.001018, 0.000805, 0.001164, 0.000955, 0.001155, 0.000895, 0.001039, 0.000883, 0.001090, 0.000932, 0.001062, 0.001058, 0.001195, 0.000965, 0.001070, 0.001003, 0.001059, 0.001132, 0.001170, 0.001153, 0.001144, 0.001083, 0.001174, 0.001117, 0.001182, 0.001152, 0.001122, 0.001225, 0.001268, 0.001281, 0.001337, 0.001312, 0.001191, 0.001247, 0.001096, 0.001174, 0.001135, 0.001247, 0.001044, 0.001264, 0.001031, 0.001230, 0.001204, 0.001320, 0.001160, 0.001342, 0.001027, 0.001350, 0.001087, 0.001139, 0.001053, 0.001359, 0.001135, 0.001264, 0.001091, 0.001376, 0.001122, 0.001320, 0.001173, 0.001385, 0.001247, 0.001303, 0.001139, 0.001381, 0.001113
9 , 2, 2, 2, 2, 2, 2, 2
9 , 0.005085, 0.005068, 0.005030, 0.005032, 0.004736, 0.004361, 0.004661
10 , 0.001153, 0.001144, 0.001083, 0.001174, 0.001117, 0.001182, 0.001152, 0.001122, 0.001225, 0.001268, 0.001281, 0.001337, 0.001312, 0.001191, 0.001247, 0.001096, 0.001174, 0.001135, 0.001247, 0.001044, 0.001264, 0.001031, 0.001230, 0.001204, 0.001320, 0.001160, 0.001342, 0.001027, 0.001350, 0.001087, 0.001139, 0.001053, 0.001359, 0.001135, 0.001264, 0.001091, 0.001376, 0.001122, 0.001320, 0.001173, 0.001385, 0.001247, 0.001303, 0.001139, 0.001381, 0.001113, 0.001307, 0.001148, 0.001242, 0.001061, 0.001234, 0.001117, 0.001303, 0.001087, 0.001242, 0.001230, 0.001260, 0.001091, 0.001264, 0.001208, 0.001415, 0.001113, 0.001229, 0.001208, 0.001191, 0.001057, 0.001200, 0.001019, 0.001070, 0.001140, 0.001171, 0.001103, 0.001142, 0.001116, 0.001125, 0.001165, 0.001018, 0.000902, 0.000921, 0.000944, 0.001004, 0.000944, 0.000867, 0.000983, 0.001016, 0.000974, 0.000909, 0.000986, 0.000840, 0.001060, 0.000999, 0.001179
10 , 3, 3, 3, 3, 3, 3, 3
10 , 0.004617, 0.004668, 0.004552, 0.004823, 0.004535, 0.004266, 0.003768
11 , 0.001061, 0.001234, 0.001117, 0.001303, 0.001087, 0.001242, 0.001230, 0.001260, 0.001091, 0.001264, 0.001208, 0.001415, 0.001113, 0.001229, 0.001208, 0.001191, 0.001057, 0.001200, 0.001019, 0.001070, 0.001140, 0.001171, 0.001103, 0.001142, 0.001116, 0.001125, 0.001165, 0.001018, 0.000902, 0.000921, 0.000944, 0.001004, 0.000944, 0.000867, 0.000983, 0.001016, 0.000974, 0.000909, 0.000986, 0.000840, 0.001060, 0.000999, 0.001179, 0.001187, 0.001290, 0.001173, 0.001268, 0.001234, 0.001411, 0.001218, 0.001434, 0.001254, 0.001495, 0.001310, 0.001413, 0.001302, 0.001492, 0.001276, 0.001426, 0.001266, 0.001430, 0.001214, 0.001420, 0.001196, 0.001346, 0.001178, 0.001303, 0.001040, 0.001363, 0.001113, 0.001290, 0.001156, 0.001290, 0.001178, 0.001260, 0.001117, 0.001415, 0.001096, 0.001256, 0.001186, 0.001277, 0.001105, 0.001238, 0.001040, 0.001329, 0.001087, 0.001368, 0.001238, 0.001454, 0.001165, 0.001368, 0.001217
11 , 1, 1, 1, 1, 1, 1, 1
11 , 0.005997, 0.005813, 0.005456, 0.005382, 0.005084, 0.004860, 0.004724
12 , 0.001268, 0.001234, 0.001411, 0.001218, 0.001434, 0.001254, 0.001495, 0.001310, 0.001413, 0.001302, 0.001492, 0.001276, 0.001426, 0.001266, 0.001430, 0.001214, 0.001420, 0.001196, 0.001346, 0.001178, 0.001303, 0.001040, 0.001363, 0.001113, 0.001290, 0.001156, 0.001290, 0.001178, 0.001260, 0.001117, 0.001415, 0.001096, 0.001256, 0.001186, 0.001277, 0.001105, 0.001238, 0.001040, 0.001329, 0.001087, 0.001368, 0.001238, 0.001454, 0.001165, 0.001368, 0.001217, 0.001286, 0.001031, 0.001170, 0.001105, 0.001075, 0.001096, 0.001260, 0.001269, 0.001299, 0.001230, 0.001303, 0.001217, 0.001235, 0.001119, 0.001245, 0.001210, 0.001112, 0.001035, 0.001086, 0.001079, 0.001035, 0.001023, 0.001144, 0.001272, 0.001192, 0.001213, 0.001144, 0.001286, 0.001221, 0.001320, 0.001277, 0.001324, 0.001376, 0.001398, 0.001338, 0.001398, 0.001234, 0.001359, 0.001170, 0.001484, 0.001281, 0.001273, 0.001113, 0.001368, 0.001156, 0.001234
12 , 2, 2, 2, 2, 2, 2, 2
12 , 0.004704, 0.004954, 0.004882, 0.004638, 0.004942, 0.005040, 0.004776
13 , 0.001096, 0.001260, 0.001269, 0.001299, 0.001230, 0.001303, 0.001217, 0.001235, 0.001119, 0.001245, 0.001210, 0.001112, 0.001035, 0.001086, 0.001079, 0.001035, 0.001023, 0.001144, 0.001272, 0.001192, 0.001213, 0.001144, 0.001286, 0.001221, 0.001320, 0.001277, 0.001324, 0.001376, 0.001398, 0.001338, 0.001398, 0.001234, 0.001359, 0.001170, 0.001484, 0.001281, 0.001273, 0.001113, 0.001368, 0.001156, 0.001234, 0.001273, 0.001394, 0.001139, 0.001351, 0.001191, 0.001252, 0.001148, 0.001273, 0.001161, 0.001420, 0.001217, 0.001346, 0.001143, 0.001277, 0.001014, 0.001269, 0.001096, 0.001395, 0.001062, 0.001227, 0.001102, 0.001210, 0.001098, 0.001254, 0.000976, 0.001293, 0.001064, 0.001311, 0.001060, 0.001269, 0.000988, 0.001201, 0.001062, 0.001213, 0.001107, 0.001245, 0.001126, 0.001394, 0.001156, 0.001247, 0.001179, 0.001447, 0.001224, 0.001350, 0.001387, 0.001506, 0.001470, 0.001598, 0.001583, 0.001662, 0.001590
13 , 0, 0, 0, 0, 0, 0, 0
13 , 0.004053, 0.004502, 0.005104, 0.005447, 0.006029, 0.006581, 0.007019
14 , 0.001346, 0.001143, 0.001277, 0.001014, 0.001269, 0.001096, 0.001395, 0.001062, 0.001227, 0.001102, 0.001210, 0.001098, 0.001254, 0.000976, 0.001293, 0.001064, 0.001311, 0.001060, 0.001269, 0.000988, 0.001201, 0.001062, 0.001213, 0.001107, 0.001245, 0.001126, 0.001394, 0.001156, 0.001247, 0.001179, 0.001447, 0.001224, 0.001350, 0.001387, 0.001506, 0.001470, 0.001598, 0.001583, 0.001662, 0.001590, 0.001738, 0.001590, 0.001613, 0.001564, 0.001573, 0.001378, 0.001474, 0.001325, 0.001256, 0.001059, 0.001085, 0.001030, 0.000926, 0.000708, 0.000698, 0.000707, 0.000672, 0.000803, 0.000727, 0.000717, 0.000763, 0.000838, 0.000808, 0.000833, 0.000743, 0.000849, 0.000850, 0.000971, 0.001017, 0.001139, 0.000923, 0.001125, 0.001053, 0.001181, 0.001192, 0.001316, 0.001074, 0.001415, 0.001264, 0.001329, 0.001364, 0.001403, 0.001257, 0.001400, 0.001220, 0.001448, 0.001159, 0.001387, 0.001284, 0.001456, 0.001313, 0.001511
14 , 0, 0, 0, 0, 0, 0, 0
14 , 0.011136, 0.012888, 0.013696, 0.015401, 0.016030, 0.016748, 0.016444
15 , 0.001030, 0.000926, 0.000708, 0.000698, 0.000707, 0.000672, 0.000803, 0.000727, 0.000717, 0.000763, 0.000838, 0.000808, 0.000833, 0.000743, 0.000849, 0.000850, 0.000971, 0.001017, 0.001139, 0.000923, 0.001125, 0.001053, 0.001181, 0.001192, 0.001316, 0.001074, 0.001415, 0.001264, 0.001329, 0.001364, 0.001403, 0.001257, 0.001400, 0.001220, 0.001448, 0.001159, 0.001387, 0.001284, 0.001456, 0.001313, 0.001511, 0.001308, 0.001385, 0.001152, 0.001385, 0.001049, 0.001206, 0.001051, 0.001438, 0.001074, 0.001099, 0.001009, 0.001197, 0.000956, 0.001079, 0.000893, 0.001203, 0.000987, 0.001227, 0.000957, 0.001098, 0.001024, 0.001114, 0.000925, 0.001206, 0.000960, 0.001231, 0.001134, 0.001156, 0.000991, 0.001306, 0.001142, 0.001272, 0.001086, 0.001160, 0.000961, 0.001104, 0.001014, 0.001197, 0.001088, 0.001231, 0.001009, 0.001108, 0.000999, 0.001153, 0.000939, 0.001018, 0.001074, 0.001060, 0.000999, 0.000981, 0.001005
15 , 3, 3, 3, 3, 3, 3, 3
15 , 0.009593, 0.010315, 0.010126, 0.010713, 0.010393, 0.010357, 0.009498
16 , 0.001074, 0.001099, 0.001009, 0.001197, 0.000956, 0.001079, 0.000893, 0.001203, 0.000987, 0.001227, 0.000957, 0.001098, 0.001024, 0.001114, 0.000925, 0.001206, 0.000960, 0.001231, 0.001134, 0.001156, 0.000991, 0.001306, 0.001142, 0.001272, 0.001086, 0.001160, 0.000961, 0.001104, 0.001014, 0.001197, 0.001088, 0.001231, 0.001009, 0.001108, 0.000999, 0.001153, 0.000939, 0.001018, 0.001074, 0.001060, 0.000999, 0.000981, 0.001005, 0.001272, 0.001121, 0.001106, 0.001157, 0.001171, 0.001136, 0.001123, 0.001140, 0.001239, 0.001102, 0.000972, 0.001184, 0.001249, 0.001193, 0.000987, 0.001133, 0.001142, 0.001181, 0.001091, 0.001104, 0.000958, 0.001053, 0.000967, 0.000981, 0.000967, 0.001055, 0.000944, 0.001143, 0.000934, 0.001013, 0.000930, 0.000997, 0.000893, 0.000992, 0.000779, 0.001013, 0.001032, 0.001153, 0.000963, 0.001132, 0.000879, 0.001195, 0.000996, 0.001177, 0.000999, 0.001225, 0.001000, 0.001216, 0.001073
16 , 3, 3, 3, 3, 3, 1, 1
16 , 0.001766, 0.001771, 0.001512, 0.001551, 0.000977, 0.000801, 0.000290
