0 , 0.002042, 0.001818, 0.001944, 0.002189, 0.002148, 0.002239, 0.002204, 0.002411, 0.002287, 0.002433, 0.002252, 0.002225, 0.002193, 0.002068, 0.002274, 0.001984, 0.002187, 0.002062, 0.002158, 0.001853, 0.002053, 0.001883, 0.002114, 0.000802, 0.001322, 0.001502, 0.001494, 0.001373, 0.001339, 0.001375, 0.001335, 0.001305, 0.001251, 0.001351, 0.001106, 0.001392, 0.001176, 0.001333, 0.001215, 0.001313, 0.001193, 0.001284, 0.001005, 0.001226, 0.001284, 0.001322, 0.001241, 0.001171, 0.001151, 0.000306, 0.001794, 0.001660, 0.001618, 0.001864, 0.001815, 0.001784, 0.001572, 0.001893, 0.001787, 0.001818, 0.001821, 0.001752, 0.001945, 0.001821, 0.001855, 0.001644, 0.001875, 0.001898, 0.001810, 0.001704, 0.001746, 0.001865, 0.001996, 0.001609, 0.000934, 0.001505, 0.001554, 0.001466, 0.001275, 0.001458, 0.001249, 0.001283, 0.001189, 0.001339, 0.001281, 0.001226, 0.001224, 0.001411, 0.001288, 0.001298, 0.001295, 0.001237
0 , 1, 1, 1, 1, 1, 1, 1
0 , 0.018027, 0.020198, 0.023060, 0.025378, 0.027717, 0.027907, 0.030005
1 , 0.001618, 0.001864, 0.001815, 0.001784, 0.001572, 0.001893, 0.001787, 0.001818, 0.001821, 0.001752, 0.001945, 0.001821, 0.001855, 0.001644, 0.001875, 0.001898, 0.001810, 0.001704, 0.001746, 0.001865, 0.001996, 0.001609, 0.000934, 0.001505, 0.001554, 0.001466, 0.001275, 0.001458, 0.001249, 0.001283, 0.001189, 0.001339, 0.001281, 0.001226, 0.001224, 0.001411, 0.001288, 0.001298, 0.001295, 0.001237, 0.001236, 0.001287, 0.001208, 0.001284, 0.001336, 0.000333, 0.001530, 0.001682, 0.001485, 0.001867, 0.001769, 0.001738, 0.001598, 0.001741, 0.001786, 0.001843, 0.001774, 0.001601, 0.001947, 0.001774, 0.001694, 0.001490, 0.001729, 0.001868, 0.001872, 0.001767, 0.001647, 0.002041, 0.001898, 0.001939, 0.001773, 0.002051, 0.000191, 0.001471, 0.001432, 0.001586, 0.001187, 0.001285, 0.001219, 0.001256, 0.001251, 0.001410, 0.001190, 0.001310, 0.001158, 0.001434, 0.001245, 0.001344, 0.001251, 0.001528, 0.001283, 0.001341
1 , 1, 1, 1, 1, 1, 1, 1
1 , 0.014820, 0.017839, 0.021968, 0.022670, 0.022414, 0.019663, 0.018926
2 , 0.001867, 0.001769, 0.001738, 0.001598, 0.001741, 0.001786, 0.001843, 0.001774, 0.001601, 0.001947, 0.001774, 0.001694, 0.001490, 0.001729, 0.001868, 0.001872, 0.001767, 0.001647, 0.002041, 0.001898, 0.001939, 0.001773, 0.002051, 0.000191, 0.001471, 0.001432, 0.001586, 0.001187, 0.001285, 0.001219, 0.001256, 0.001251, 0.001410, 0.001190, 0.001310, 0.001158, 0.001434, 0.001245, 0.001344, 0.001251, 0.001528, 0.001283, 0.001341, 0.001245, 0.001308, 0.001237, 0.001251, 0.001269, 0.001025, 0.001237, 0.001527, 0.001720, 0.001656, 0.001747, 0.001671, 0.001921, 0.001887, 0.002019, 0.001863, 0.001935, 0.002102, 0.002090, 0.001980, 0.001907, 0.002272, 0.002006, 0.001945, 0.001990, 0.002191, 0.002183, 0.001998, 0.001953, 0.002091, 0.001294, 0.001208, 0.001458, 0.001378, 0.001390, 0.001291, 0.001168, 0.001262, 0.001201, 0.001105, 0.001284, 0.001161, 0.001284, 0.001252, 0.001247, 0.001341, 0.001276, 0.001392, 0.001204
2 , 1, 1, 1, 1, 1, 1, 1
2 , 0.014789, 0.017547, 0.020243, 0.022594, 0.024814, 0.024439, 0.024427
3 , 0.001527, 0.001720, 0.001656, 0.001747, 0.001671, 0.001921, 0.001887, 0.002019, 0.001863, 0.001935, 0.002102, 0.002090, 0.001980, 0.001907, 0.002272, 0.002006, 0.001945, 0.001990, 0.002191, 0.002183, 0.001998, 0.001953, 0.002091, 0.001294, 0.001208, 0.001458, 0.001378, 0.001390, 0.001291, 0.001168, 0.001262, 0.001201, 0.001105, 0.001284, 0.001161, 0.001284, 0.001252, 0.001247, 0.001341, 0.001276, 0.001392, 0.001204, 0.001384, 0.001119, 0.001331, 0.001123, 0.001353, 0.000411, 0.001697, 0.001595, 0.001758, 0.001682, 0.001799, 0.001795, 0.002053, 0.001935, 0.002064, 0.001859, 0.002139, 0.002056, 0.002120, 0.002056, 0.001886, 0.001962, 0.001912, 0.002057, 0.001833, 0.001974, 0.001927, 0.002034, 0.001954, 0.001908, 0.000364, 0.001570, 0.001293, 0.001332, 0.001201, 0.001242, 0.001175, 0.001265, 0.001226, 0.001349, 0.001155, 0.001352, 0.001094, 0.001273, 0.001238, 0.001298, 0.001233, 0.001386, 0.001286, 0.001349
3 , 1, 1, 1, 1, 1, 1, 1
3 , 0.018998, 0.021901, 0.025408, 0.027931, 0.032299, 0.029187, 0.028624
4 , 0.001758, 0.001682, 0.001799, 0.001795, 0.002053, 0.001935, 0.002064, 0.001859, 0.002139, 0.002056, 0.002120, 0.002056, 0.001886, 0.001962, 0.001912, 0.002057, 0.001833, 0.001974, 0.001927, 0.002034, 0.001954, 0.001908, 0.000364, 0.001570, 0.001293, 0.001332, 0.001201, 0.001242, 0.001175, 0.001265, 0.001226, 0.001349, 0.001155, 0.001352, 0.001094, 0.001273, 0.001238, 0.001298, 0.001233, 0.001386, 0.001286, 0.001349, 0.001281, 0.001316, 0.001273, 0.001297, 0.001444, 0.000638, 0.001478, 0.001492, 0.001643, 0.001620, 0.001704, 0.001613, 0.001893, 0.001870, 0.001832, 0.001821, 0.001806, 0.002002, 0.001877, 0.001877, 0.001700, 0.001954, 0.001855, 0.001882, 0.001731, 0.001660, 0.002004, 0.001947, 0.001777, 0.001851, 0.000346, 0.001478, 0.001510, 0.001501, 0.001311, 0.001466, 0.001278, 0.001399, 0.001363, 0.001240, 0.001273, 0.001338, 0.001397, 0.001490, 0.001275, 0.001460, 0.001338, 0.001461, 0.001189, 0.001224
4 , 1, 1, 1, 1, 1, 1, 1
4 , 0.017314, 0.020973, 0.023296, 0.024960, 0.025255, 0.023089, 0.022625
5 , 0.001643, 0.001620, 0.001704, 0.001613, 0.001893, 0.001870, 0.001832, 0.001821, 0.001806, 0.002002, 0.001877, 0.001877, 0.001700, 0.001954, 0.001855, 0.001882, 0.001731, 0.001660, 0.002004, 0.001947, 0.001777, 0.001851, 0.000346, 0.001478, 0.001510, 0.001501, 0.001311, 0.001466, 0.001278, 0.001399, 0.001363, 0.001240, 0.001273, 0.001338, 0.001397, 0.001490, 0.001275, 0.001460, 0.001338, 0.001461, 0.001189, 0.001224, 0.001100, 0.001359, 0.001224, 0.001096, 0.001008, 0.001652, 0.001731, 0.001818, 0.001868, 0.001853, 0.001679, 0.001962, 0.001868, 0.001883, 0.001849, 0.002069, 0.001985, 0.002000, 0.001970, 0.001838, 0.002091, 0.001959, 0.001875, 0.001728, 0.001917, 0.001932, 0.001762, 0.002007, 0.001042, 0.001150, 0.001590, 0.001488, 0.001436, 0.001302, 0.001459, 0.001272, 0.001396, 0.001177, 0.001333, 0.001303, 0.001330, 0.001139, 0.001414, 0.001374, 0.001463, 0.001278, 0.001367, 0.001396, 0.001247, 0.001340
5 , 1, 1, 1, 1, 1, 1, 1
5 , 0.017355, 0.020290, 0.022941, 0.023879, 0.020613, 0.020181, 0.019578
6 , 0.001818, 0.001868, 0.001853, 0.001679, 0.001962, 0.001868, 0.001883, 0.001849, 0.002069, 0.001985, 0.002000, 0.001970, 0.001838, 0.002091, 0.001959, 0.001875, 0.001728, 0.001917, 0.001932, 0.001762, 0.002007, 0.001042, 0.001150, 0.001590, 0.001488, 0.001436, 0.001302, 0.001459, 0.001272, 0.001396, 0.001177, 0.001333, 0.001303, 0.001330, 0.001139, 0.001414, 0.001374, 0.001463, 0.001278, 0.001367, 0.001396, 0.001247, 0.001340, 0.001310, 0.001487, 0.001257, 0.001451, 0.000130, 0.001523, 0.001495, 0.001826, 0.001663, 0.001712, 0.001637, 0.001878, 0.001837, 0.001856, 0.001750, 0.001883, 0.002050, 0.001925, 0.001989, 0.001728, 0.002042, 0.001879, 0.001992, 0.001836, 0.001822, 0.001980, 0.001826, 0.001925, 0.001699, 0.000407, 0.001443, 0.001355, 0.001372, 0.001144, 0.001299, 0.001078, 0.001147, 0.001132, 0.001198, 0.001046, 0.001142, 0.001018, 0.001294, 0.001073, 0.001198, 0.001161, 0.001225, 0.001065, 0.001280
6 , 1, 1, 1, 1, 1, 1, 1
6 , 0.019869, 0.022145, 0.024580, 0.024601, 0.027043, 0.025019, 0.024787
7 , 0.001826, 0.001663, 0.001712, 0.001637, 0.001878, 0.001837, 0.001856, 0.001750, 0.001883, 0.002050, 0.001925, 0.001989, 0.001728, 0.002042, 0.001879, 0.001992, 0.001836, 0.001822, 0.001980, 0.001826, 0.001925, 0.001699, 0.000407, 0.001443, 0.001355, 0.001372, 0.001144, 0.001299, 0.001078, 0.001147, 0.001132, 0.001198, 0.001046, 0.001142, 0.001018, 0.001294, 0.001073, 0.001198, 0.001161, 0.001225, 0.001065, 0.001280, 0.001177, 0.001105, 0.001249, 0.000604, 0.001623, 0.001663, 0.001762, 0.001762, 0.001644, 0.001625, 0.001718, 0.001758, 0.001519, 0.001715, 0.001690, 0.001779, 0.001651, 0.001701, 0.001508, 0.001692, 0.001759, 0.001789, 0.001718, 0.001556, 0.001728, 0.001715, 0.001685, 0.001748, 0.000087, 0.001528, 0.001596, 0.001536, 0.001351, 0.001375, 0.001227, 0.001386, 0.001228, 0.001231, 0.001182, 0.001191, 0.001283, 0.001283, 0.001105, 0.001145, 0.001032, 0.001100, 0.000948, 0.001050, 0.000982, 0.001264
7 , 1, 1, 1, 1, 1, 1, 1
7 , 0.020305, 0.023647, 0.027281, 0.024848, 0.022455, 0.022172, 0.021701
8 , 0.001762, 0.001762, 0.001644, 0.001625, 0.001718, 0.001758, 0.001519, 0.001715, 0.001690, 0.001779, 0.001651, 0.001701, 0.001508, 0.001692, 0.001759, 0.001789, 0.001718, 0.001556, 0.001728, 0.001715, 0.001685, 0.001748, 0.000087, 0.001528, 0.001596, 0.001536, 0.001351, 0.001375, 0.001227, 0.001386, 0.001228, 0.001231, 0.001182, 0.001191, 0.001283, 0.001283, 0.001105, 0.001145, 0.001032, 0.001100, 0.000948, 0.001050, 0.000982, 0.001264, 0.001111, 0.001176, 0.001017, 0.001168, 0.001046, 0.001797, 0.001907, 0.002032, 0.001885, 0.001988, 0.001954, 0.002103, 0.002000, 0.002077, 0.001875, 0.002115, 0.002135, 0.002086, 0.002040, 0.001973, 0.001951, 0.001955, 0.002015, 0.001728, 0.001940, 0.001936, 0.001977, 0.002000, 0.001188, 0.000995, 0.001477, 0.001370, 0.001375, 0.001212, 0.001277, 0.001122, 0.001309, 0.001188, 0.001227, 0.001166, 0.001146, 0.001178, 0.001247, 0.001149, 0.001203, 0.001233, 0.001154, 0.001158
8 , 1, 1, 1, 1, 1, 1, 1
8 , 0.019162, 0.022411, 0.024524, 0.027120, 0.026037, 0.026417, 0.025172
9 , 0.001797, 0.001907, 0.002032, 0.001885, 0.001988, 0.001954, 0.002103, 0.002000, 0.002077, 0.001875, 0.002115, 0.002135, 0.002086, 0.002040, 0.001973, 0.001951, 0.001955, 0.002015, 0.001728, 0.001940, 0.001936, 0.001977, 0.002000, 0.001188, 0.000995, 0.001477, 0.001370, 0.001375, 0.001212, 0.001277, 0.001122, 0.001309, 0.001188, 0.001227, 0.001166, 0.001146, 0.001178, 0.001247, 0.001149, 0.001203, 0.001233, 0.001154, 0.001158, 0.001157, 0.001198, 0.001189, 0.001313, 0.000393, 0.001829, 0.001557, 0.001902, 0.001784, 0.001872, 0.001739, 0.001947, 0.001920, 0.001928, 0.001784, 0.001814, 0.002015, 0.001901, 0.001897, 0.001704, 0.002011, 0.001984, 0.001904, 0.001704, 0.001859, 0.001775, 0.001718, 0.001821, 0.001802, 0.001936, 0.001741, 0.000809, 0.001643, 0.001405, 0.001326, 0.001264, 0.001235, 0.001332, 0.001271, 0.001304, 0.001125, 0.001219, 0.001038, 0.001190, 0.001154, 0.001343, 0.001059, 0.001270, 0.001288
9 , 1, 1, 1, 1, 1, 1, 1
9 , 0.019164, 0.022121, 0.024615, 0.027251, 0.030863, 0.030359, 0.029435
10 , 0.001902, 0.001784, 0.001872, 0.001739, 0.001947, 0.001920, 0.001928, 0.001784, 0.001814, 0.002015, 0.001901, 0.001897, 0.001704, 0.002011, 0.001984, 0.001904, 0.001704, 0.001859, 0.001775, 0.001718, 0.001821, 0.001802, 0.001936, 0.001741, 0.000809, 0.001643, 0.001405, 0.001326, 0.001264, 0.001235, 0.001332, 0.001271, 0.001304, 0.001125, 0.001219, 0.001038, 0.001190, 0.001154, 0.001343, 0.001059, 0.001270, 0.001288, 0.001407, 0.001187, 0.001248, 0.001115, 0.001297, 0.001205, 0.001478, 0.001316, 0.001412, 0.001255, 0.001353, 0.001284, 0.001339, 0.001305, 0.001338, 0.001239, 0.001386, 0.001511, 0.001415, 0.001356, 0.001298, 0.001394, 0.001304, 0.001367, 0.001277, 0.001317, 0.001284, 0.001353, 0.001196, 0.001388, 0.001186, 0.001381, 0.001256, 0.001232, 0.001023, 0.001155, 0.001096, 0.001160, 0.001119, 0.001207, 0.001171, 0.001355, 0.001105, 0.001168, 0.001220, 0.001313, 0.001281, 0.001306, 0.001247, 0.001245
10 , 1, 1, 1, 1, 1, 1, 1
10 , 0.011497, 0.013307, 0.014349, 0.014949, 0.016068, 0.015869, 0.014500
11 , 0.001412, 0.001255, 0.001353, 0.001284, 0.001339, 0.001305, 0.001338, 0.001239, 0.001386, 0.001511, 0.001415, 0.001356, 0.001298, 0.001394, 0.001304, 0.001367, 0.001277, 0.001317, 0.001284, 0.001353, 0.001196, 0.001388, 0.001186, 0.001381, 0.001256, 0.001232, 0.001023, 0.001155, 0.001096, 0.001160, 0.001119, 0.001207, 0.001171, 0.001355, 0.001105, 0.001168, 0.001220, 0.001313, 0.001281, 0.001306, 0.001247, 0.001245, 0.001217, 0.001310, 0.001245, 0.001207, 0.001330, 0.001261, 0.001346, 0.001311, 0.001439, 0.001262, 0.001514, 0.001233, 0.001363, 0.001297, 0.001299, 0.001266, 0.001423, 0.001349, 0.001355, 0.001288, 0.001380, 0.001288, 0.001415, 0.001290, 0.001362, 0.001212, 0.001276, 0.001303, 0.001148, 0.001146, 0.001182, 0.001207, 0.001331, 0.001398, 0.001245, 0.001349, 0.001219, 0.001195, 0.001195, 0.001316, 0.001191, 0.001255, 0.001152, 0.001303, 0.001204, 0.001288, 0.001252, 0.001372, 0.001311, 0.001318
11 , 1, 1, 1, 1, 1, 1, 1
11 , 0.004321, 0.004510, 0.004307, 0.004086, 0.003561, 0.003360, 0.003079
12 , 0.001261, 0.001346, 0.001311, 0.001439, 0.001262, 0.001514, 0.001233, 0.001363, 0.001297, 0.001299, 0.001266, 0.001423, 0.001349, 0.001355, 0.001288, 0.001380, 0.001288, 0.001415, 0.001290, 0.001362, 0.001212, 0.001276, 0.001303, 0.001148, 0.001146, 0.001182, 0.001207, 0.001331, 0.001398, 0.001245, 0.001349, 0.001219, 0.001195, 0.001195, 0.001316, 0.001191, 0.001255, 0.001152, 0.001303, 0.001204, 0.001288, 0.001252, 0.001372, 0.001311, 0.001318, 0.001253, 0.001379, 0.001233, 0.001298, 0.001274, 0.001310, 0.001245, 0.001283, 0.001312, 0.001105, 0.001197, 0.001227, 0.001235, 0.001212, 0.001267, 0.001107, 0.001320, 0.001103, 0.001256, 0.001130, 0.001259, 0.001133, 0.001108, 0.001044, 0.001230, 0.001158, 0.001369, 0.001240, 0.001309, 0.001126, 0.001315, 0.001309, 0.001313, 0.001248, 0.001165, 0.001378, 0.001371, 0.001272, 0.001334, 0.001302, 0.001238, 0.001247, 0.001186, 0.001251, 0.001270, 0.001274, 0.001391
12 , 2, 2, 2, 2, 2, 2, 2
12 , 0.002212, 0.002872, 0.002903, 0.003200, 0.003200, 0.002941, 0.002697
13 , 0.001274, 0.001310, 0.001245, 0.001283, 0.001312, 0.001105, 0.001197, 0.001227, 0.001235, 0.001212, 0.001267, 0.001107, 0.001320, 0.001103, 0.001256, 0.001130, 0.001259, 0.001133, 0.001108, 0.001044, 0.001230, 0.001158, 0.001369, 0.001240, 0.001309, 0.001126, 0.001315, 0.001309, 0.001313, 0.001248, 0.001165, 0.001378, 0.001371, 0.001272, 0.001334, 0.001302, 0.001238, 0.001247, 0.001186, 0.001251, 0.001270, 0.001274, 0.001391, 0.001391, 0.001270, 0.001394, 0.001238, 0.001353, 0.001345, 0.001375, 0.001280, 0.001560, 0.001435, 0.001403, 0.001278, 0.001466, 0.001307, 0.001456, 0.001334, 0.001344, 0.001279, 0.001435, 0.001403, 0.001312, 0.001317, 0.001316, 0.001471, 0.001312, 0.001436, 0.001373, 0.001411, 0.001351, 0.001415, 0.001326, 0.001402, 0.001133, 0.001259, 0.001201, 0.001270, 0.001172, 0.001271, 0.001146, 0.001367, 0.001207, 0.001236, 0.001198, 0.001442, 0.001303, 0.001177, 0.001264, 0.001207, 0.001235
13 , 3, 3, 3, 3, 3, 3, 3
13 , 0.002625, 0.003525, 0.003836, 0.004406, 0.004469, 0.004921, 0.005050
14 , 0.001435, 0.001403, 0.001278, 0.001466, 0.001307, 0.001456, 0.001334, 0.001344, 0.001279, 0.001435, 0.001403, 0.001312, 0.001317, 0.001316, 0.001471, 0.001312, 0.001436, 0.001373, 0.001411, 0.001351, 0.001415, 0.001326, 0.001402, 0.001133, 0.001259, 0.001201, 0.001270, 0.001172, 0.001271, 0.001146, 0.001367, 0.001207, 0.001236, 0.001198, 0.001442, 0.001303, 0.001177, 0.001264, 0.001207, 0.001235, 0.001177, 0.001209, 0.001151, 0.001158, 0.001152, 0.001184, 0.001140, 0.001352, 0.001224, 0.001349, 0.001220, 0.001399, 0.001299, 0.001327, 0.001289, 0.001467, 0.001365, 0.001548, 0.001356, 0.001415, 0.001477, 0.001481, 0.001354, 0.001413, 0.001437, 0.001402, 0.001436, 0.001342, 0.001462, 0.001429, 0.001582, 0.001428, 0.001615, 0.001432, 0.001351, 0.001322, 0.001537, 0.001356, 0.001454, 0.001297, 0.001426, 0.001300, 0.001463, 0.001247, 0.001401, 0.001221, 0.001326, 0.001203, 0.001152, 0.001094, 0.001224, 0.001169
14 , 2, 1, 1, 1, 1, 1, 1
14 , 0.003564, 0.003310, 0.004124, 0.004932, 0.005191, 0.005684, 0.005934
15 , 0.001299, 0.001327, 0.001289, 0.001467, 0.001365, 0.001548, 0.001356, 0.001415, 0.001477, 0.001481, 0.001354, 0.001413, 0.001437, 0.001402, 0.001436, 0.001342, 0.001462, 0.001429, 0.001582, 0.001428, 0.001615, 0.001432, 0.001351, 0.001322, 0.001537, 0.001356, 0.001454, 0.001297, 0.001426, 0.001300, 0.001463, 0.001247, 0.001401, 0.001221, 0.001326, 0.001203, 0.001152, 0.001094, 0.001224, 0.001169, 0.001261, 0.001151, 0.001155, 0.001180, 0.000991, 0.001206, 0.001171, 0.001239, 0.001113, 0.001241, 0.001081, 0.001267, 0.001137, 0.001323, 0.001285, 0.001285, 0.001216, 0.001339, 0.001330, 0.001326, 0.001135, 0.001259, 0.001259, 0.001288, 0.001280, 0.001402, 0.001308, 0.001304, 0.001397, 0.001428, 0.001368, 0.001436, 0.001472, 0.001346, 0.001380, 0.001382, 0.001297, 0.001203, 0.001419, 0.001236, 0.001337, 0.001152, 0.001407, 0.001127, 0.001312, 0.001281, 0.001252, 0.001161, 0.001195, 0.001223, 0.001316, 0.001254
15 , 2, 2, 2, 2, 2, 1, 1
15 , 0.003758, 0.003692, 0.004162, 0.004144, 0.003905, 0.004463, 0.005289
16 , 0.001137, 0.001323, 0.001285, 0.001285, 0.001216, 0.001339, 0.001330, 0.001326, 0.001135, 0.001259, 0.001259, 0.001288, 0.001280, 0.001402, 0.001308, 0.001304, 0.001397, 0.001428, 0.001368, 0.001436, 0.001472, 0.001346, 0.001380, 0.001382, 0.001297, 0.001203, 0.001419, 0.001236, 0.001337, 0.001152, 0.001407, 0.001127, 0.001312, 0.001281, 0.001252, 0.001161, 0.001195, 0.001223, 0.001316, 0.001254, 0.001232, 0.001261, 0.001171, 0.001264, 0.001255, 0.001320, 0.001224, 0.001223, 0.001186, 0.001317, 0.001183, 0.001392, 0.001143, 0.001480, 0.001346, 0.001491, 0.001366, 0.001362, 0.001417, 0.001545, 0.001448, 0.001537, 0.001361, 0.001361, 0.001395, 0.001493, 0.001378, 0.001350, 0.001407, 0.001375, 0.001321, 0.001354, 0.001383, 0.001299, 0.001303, 0.001245, 0.001373, 0.001244, 0.001429, 0.001245, 0.001396, 0.001387, 0.001388, 0.001260, 0.001439, 0.001369, 0.001458, 0.001295, 0.001447, 0.001350, 0.001419, 0.001204
16 , 1, 1, 1, 1, 1, 1, 1
16 , 0.000298, 0.000885, 0.001440, 0.001855, 0.002226, 0.002790, 0.002697
