0 , 0.001509, 0.001340, 0.001612, 0.001618, 0.001634, 0.001465, 0.001693, 0.001729, 0.001711, 0.001673, 0.001707, 0.001832, 0.001703, 0.001764, 0.001665, 0.001845, 0.001703, 0.001776, 0.001595, 0.001653, 0.001651, 0.001571, 0.001896, 0.000736, 0.001281, 0.001735, 0.001619, 0.001561, 0.001487, 0.001516, 0.001244, 0.001398, 0.001449, 0.001643, 0.001489, 0.001398, 0.001422, 0.001491, 0.001248, 0.001495, 0.001471, 0.001439, 0.001439, 0.001384, 0.001445, 0.001327, 0.001409, 0.001306, 0.001622, 0.000124, 0.001467, 0.001151, 0.001461, 0.001425, 0.001550, 0.001443, 0.001702, 0.001559, 0.001740, 0.001577, 0.001615, 0.001782, 0.001585, 0.001762, 0.001550, 0.001795, 0.001653, 0.001803, 0.001698, 0.001667, 0.001702, 0.001609, 0.001649, 0.001468, 0.000661, 0.001571, 0.001432, 0.001596, 0.001428, 0.001503, 0.001381, 0.001478, 0.001350, 0.001420, 0.001264, 0.001336, 0.001202, 0.001471, 0.001323, 0.001418, 0.001291, 0.001381
0 , 1, 1, 1, 1, 1, 1, 1
0 , 0.004035, 0.005058, 0.006533, 0.007938, 0.009687, 0.008628, 0.011075
1 , 0.001461, 0.001425, 0.001550, 0.001443, 0.001702, 0.001559, 0.001740, 0.001577, 0.001615, 0.001782, 0.001585, 0.001762, 0.001550, 0.001795, 0.001653, 0.001803, 0.001698, 0.001667, 0.001702, 0.001609, 0.001649, 0.001468, 0.000661, 0.001571, 0.001432, 0.001596, 0.001428, 0.001503, 0.001381, 0.001478, 0.001350, 0.001420, 0.001264, 0.001336, 0.001202, 0.001471, 0.001323, 0.001418, 0.001291, 0.001381, 0.001139, 0.001245, 0.001189, 0.001338, 0.001420, 0.000491, 0.001490, 0.001441, 0.001718, 0.001619, 0.001692, 0.001544, 0.001621, 0.001792, 0.001675, 0.001680, 0.001468, 0.001764, 0.001682, 0.001693, 0.001576, 0.001592, 0.001653, 0.001693, 0.001713, 0.001588, 0.001675, 0.001520, 0.001637, 0.001650, 0.001476, 0.001756, 0.000246, 0.001875, 0.001510, 0.001474, 0.001417, 0.001478, 0.001356, 0.001391, 0.001357, 0.001481, 0.001301, 0.001337, 0.001338, 0.001272, 0.001398, 0.001423, 0.001396, 0.001215, 0.001277, 0.001245
1 , 1, 1, 1, 1, 1, 1, 1
1 , 0.007901, 0.010215, 0.013086, 0.013597, 0.012630, 0.010041, 0.010422
2 , 0.001619, 0.001692, 0.001544, 0.001621, 0.001792, 0.001675, 0.001680, 0.001468, 0.001764, 0.001682, 0.001693, 0.001576, 0.001592, 0.001653, 0.001693, 0.001713, 0.001588, 0.001675, 0.001520, 0.001637, 0.001650, 0.001476, 0.001756, 0.000246, 0.001875, 0.001510, 0.001474, 0.001417, 0.001478, 0.001356, 0.001391, 0.001357, 0.001481, 0.001301, 0.001337, 0.001338, 0.001272, 0.001398, 0.001423, 0.001396, 0.001215, 0.001277, 0.001245, 0.001457, 0.001361, 0.001445, 0.001296, 0.001404, 0.001153, 0.000568, 0.001462, 0.001551, 0.001385, 0.001298, 0.001533, 0.001355, 0.001583, 0.001431, 0.001446, 0.001560, 0.001545, 0.001522, 0.001431, 0.001802, 0.001488, 0.001752, 0.001574, 0.001710, 0.001725, 0.001634, 0.001611, 0.001484, 0.001822, 0.000850, 0.001616, 0.001635, 0.001403, 0.001377, 0.001487, 0.001332, 0.001430, 0.001301, 0.001433, 0.001305, 0.001401, 0.001272, 0.001396, 0.001388, 0.001454, 0.001383, 0.001430, 0.001489
2 , 2, 1, 1, 1, 1, 1, 1
2 , 0.005657, 0.006557, 0.007364, 0.007737, 0.008269, 0.007135, 0.008460
3 , 0.001385, 0.001298, 0.001533, 0.001355, 0.001583, 0.001431, 0.001446, 0.001560, 0.001545, 0.001522, 0.001431, 0.001802, 0.001488, 0.001752, 0.001574, 0.001710, 0.001725, 0.001634, 0.001611, 0.001484, 0.001822, 0.000850, 0.001616, 0.001635, 0.001403, 0.001377, 0.001487, 0.001332, 0.001430, 0.001301, 0.001433, 0.001305, 0.001401, 0.001272, 0.001396, 0.001388, 0.001454, 0.001383, 0.001430, 0.001489, 0.001521, 0.001273, 0.001446, 0.001340, 0.001620, 0.000139, 0.001251, 0.001350, 0.001446, 0.001341, 0.001504, 0.001619, 0.001572, 0.001626, 0.001600, 0.001688, 0.001370, 0.001506, 0.001438, 0.001639, 0.001556, 0.001567, 0.001560, 0.001450, 0.001669, 0.001518, 0.001612, 0.001492, 0.001617, 0.001577, 0.000864, 0.001735, 0.001649, 0.001391, 0.001210, 0.001305, 0.001428, 0.001277, 0.001376, 0.001337, 0.001361, 0.001389, 0.001428, 0.001308, 0.001338, 0.001310, 0.001376, 0.001193, 0.001494, 0.001250, 0.001472, 0.001229
3 , 1, 1, 1, 1, 1, 1, 1
3 , 0.003870, 0.005012, 0.008600, 0.006746, 0.008005, 0.009199, 0.009083
4 , 0.001619, 0.001572, 0.001626, 0.001600, 0.001688, 0.001370, 0.001506, 0.001438, 0.001639, 0.001556, 0.001567, 0.001560, 0.001450, 0.001669, 0.001518, 0.001612, 0.001492, 0.001617, 0.001577, 0.000864, 0.001735, 0.001649, 0.001391, 0.001210, 0.001305, 0.001428, 0.001277, 0.001376, 0.001337, 0.001361, 0.001389, 0.001428, 0.001308, 0.001338, 0.001310, 0.001376, 0.001193, 0.001494, 0.001250, 0.001472, 0.001229, 0.001356, 0.001185, 0.001489, 0.000524, 0.001157, 0.001424, 0.001588, 0.001656, 0.001432, 0.001659, 0.001496, 0.001751, 0.001725, 0.001742, 0.001737, 0.001574, 0.001582, 0.001535, 0.001794, 0.001717, 0.001798, 0.001652, 0.001707, 0.001871, 0.001812, 0.001857, 0.001623, 0.001980, 0.000085, 0.001603, 0.001452, 0.001537, 0.001372, 0.001496, 0.001361, 0.001308, 0.001308, 0.001396, 0.001237, 0.001396, 0.001272, 0.001428, 0.001327, 0.001449, 0.001266, 0.001425, 0.001300, 0.001367, 0.001340, 0.001227, 0.001254
4 , 1, 1, 1, 1, 1, 1, 1
4 , 0.010266, 0.012121, 0.010877, 0.011776, 0.011369, 0.011125, 0.010615
5 , 0.001588, 0.001656, 0.001432, 0.001659, 0.001496, 0.001751, 0.001725, 0.001742, 0.001737, 0.001574, 0.001582, 0.001535, 0.001794, 0.001717, 0.001798, 0.001652, 0.001707, 0.001871, 0.001812, 0.001857, 0.001623, 0.001980, 0.000085, 0.001603, 0.001452, 0.001537, 0.001372, 0.001496, 0.001361, 0.001308, 0.001308, 0.001396, 0.001237, 0.001396, 0.001272, 0.001428, 0.001327, 0.001449, 0.001266, 0.001425, 0.001300, 0.001367, 0.001340, 0.001227, 0.001254, 0.001299, 0.000852, 0.001373, 0.001522, 0.001454, 0.001578, 0.001506, 0.001751, 0.001687, 0.001643, 0.001531, 0.001732, 0.001732, 0.001615, 0.001587, 0.001506, 0.001693, 0.001496, 0.001534, 0.001496, 0.001647, 0.001712, 0.001564, 0.001435, 0.001705, 0.001090, 0.001453, 0.001808, 0.001721, 0.001602, 0.001620, 0.001503, 0.001626, 0.001606, 0.001425, 0.001550, 0.001544, 0.001480, 0.001635, 0.001545, 0.001617, 0.001439, 0.001500, 0.001498, 0.001508, 0.001447, 0.001547
5 , 2, 2, 1, 1, 1, 1, 1
5 , 0.005168, 0.006995, 0.008383, 0.009848, 0.007339, 0.007967, 0.008642
6 , 0.001454, 0.001578, 0.001506, 0.001751, 0.001687, 0.001643, 0.001531, 0.001732, 0.001732, 0.001615, 0.001587, 0.001506, 0.001693, 0.001496, 0.001534, 0.001496, 0.001647, 0.001712, 0.001564, 0.001435, 0.001705, 0.001090, 0.001453, 0.001808, 0.001721, 0.001602, 0.001620, 0.001503, 0.001626, 0.001606, 0.001425, 0.001550, 0.001544, 0.001480, 0.001635, 0.001545, 0.001617, 0.001439, 0.001500, 0.001498, 0.001508, 0.001447, 0.001547, 0.001250, 0.001494, 0.001331, 0.001473, 0.000129, 0.001399, 0.001527, 0.001744, 0.001524, 0.001593, 0.001541, 0.001782, 0.001709, 0.001744, 0.001649, 0.001791, 0.001678, 0.001717, 0.001669, 0.001592, 0.001720, 0.001577, 0.001736, 0.001482, 0.001571, 0.001631, 0.001400, 0.001423, 0.001645, 0.000615, 0.001826, 0.001526, 0.001564, 0.001367, 0.001593, 0.001404, 0.001582, 0.001394, 0.001588, 0.001426, 0.001484, 0.001382, 0.001603, 0.001472, 0.001721, 0.001538, 0.001513, 0.001355, 0.001516
6 , 1, 1, 1, 1, 1, 1, 1
6 , 0.002038, 0.002818, 0.003640, 0.002682, 0.005722, 0.004695, 0.005647
7 , 0.001744, 0.001524, 0.001593, 0.001541, 0.001782, 0.001709, 0.001744, 0.001649, 0.001791, 0.001678, 0.001717, 0.001669, 0.001592, 0.001720, 0.001577, 0.001736, 0.001482, 0.001571, 0.001631, 0.001400, 0.001423, 0.001645, 0.000615, 0.001826, 0.001526, 0.001564, 0.001367, 0.001593, 0.001404, 0.001582, 0.001394, 0.001588, 0.001426, 0.001484, 0.001382, 0.001603, 0.001472, 0.001721, 0.001538, 0.001513, 0.001355, 0.001516, 0.001445, 0.001497, 0.001581, 0.000799, 0.001018, 0.001141, 0.001447, 0.001380, 0.001486, 0.001369, 0.001395, 0.001619, 0.001466, 0.001478, 0.001423, 0.001641, 0.001500, 0.001534, 0.001472, 0.001702, 0.001744, 0.001611, 0.001651, 0.001729, 0.001768, 0.001621, 0.001610, 0.001888, 0.000244, 0.001667, 0.001503, 0.001530, 0.001454, 0.001454, 0.001415, 0.001506, 0.001618, 0.001433, 0.001432, 0.001437, 0.001344, 0.001576, 0.001450, 0.001510, 0.001381, 0.001505, 0.001405, 0.001559, 0.001431, 0.001521
7 , 1, 1, 1, 1, 1, 1, 1
7 , 0.002834, 0.004003, 0.006197, 0.004892, 0.004014, 0.004712, 0.005048
8 , 0.001447, 0.001380, 0.001486, 0.001369, 0.001395, 0.001619, 0.001466, 0.001478, 0.001423, 0.001641, 0.001500, 0.001534, 0.001472, 0.001702, 0.001744, 0.001611, 0.001651, 0.001729, 0.001768, 0.001621, 0.001610, 0.001888, 0.000244, 0.001667, 0.001503, 0.001530, 0.001454, 0.001454, 0.001415, 0.001506, 0.001618, 0.001433, 0.001432, 0.001437, 0.001344, 0.001576, 0.001450, 0.001510, 0.001381, 0.001505, 0.001405, 0.001559, 0.001431, 0.001521, 0.001417, 0.001541, 0.001420, 0.001371, 0.000471, 0.001193, 0.001310, 0.001563, 0.001403, 0.001567, 0.001447, 0.001554, 0.001520, 0.001748, 0.001534, 0.001599, 0.001841, 0.001634, 0.001660, 0.001601, 0.001761, 0.001697, 0.001675, 0.001615, 0.001744, 0.001887, 0.001701, 0.001775, 0.001003, 0.000983, 0.001637, 0.001509, 0.001465, 0.001311, 0.001427, 0.001261, 0.001472, 0.001417, 0.001503, 0.001402, 0.001664, 0.001567, 0.001654, 0.001554, 0.001652, 0.001519, 0.001709, 0.001644
8 , 1, 1, 1, 1, 1, 1, 1
8 , 0.000433, 0.002010, 0.003195, 0.004748, 0.003070, 0.004508, 0.004101
9 , 0.001193, 0.001310, 0.001563, 0.001403, 0.001567, 0.001447, 0.001554, 0.001520, 0.001748, 0.001534, 0.001599, 0.001841, 0.001634, 0.001660, 0.001601, 0.001761, 0.001697, 0.001675, 0.001615, 0.001744, 0.001887, 0.001701, 0.001775, 0.001003, 0.000983, 0.001637, 0.001509, 0.001465, 0.001311, 0.001427, 0.001261, 0.001472, 0.001417, 0.001503, 0.001402, 0.001664, 0.001567, 0.001654, 0.001554, 0.001652, 0.001519, 0.001709, 0.001644, 0.001528, 0.001580, 0.001507, 0.001605, 0.000312, 0.001312, 0.001158, 0.001470, 0.001334, 0.001554, 0.001443, 0.001534, 0.001655, 0.001462, 0.001496, 0.001442, 0.001817, 0.001603, 0.001615, 0.001474, 0.001651, 0.001639, 0.001535, 0.001578, 0.001548, 0.001612, 0.001526, 0.001545, 0.001348, 0.001580, 0.001773, 0.000829, 0.001916, 0.001555, 0.001480, 0.001448, 0.001362, 0.001390, 0.001261, 0.001343, 0.001366, 0.001400, 0.001307, 0.001461, 0.001295, 0.001329, 0.001229, 0.001499, 0.001403
9 , 3, 1, 1, 1, 1, 1, 1
9 , 0.001119, 0.001298, 0.002238, 0.003646, 0.006572, 0.006539, 0.006655
10 , 0.001554, 0.001443, 0.001534, 0.001655, 0.001462, 0.001496, 0.001442, 0.001817, 0.001603, 0.001615, 0.001474, 0.001651, 0.001639, 0.001535, 0.001578, 0.001548, 0.001612, 0.001526, 0.001545, 0.001348, 0.001580, 0.001773, 0.000829, 0.001916, 0.001555, 0.001480, 0.001448, 0.001362, 0.001390, 0.001261, 0.001343, 0.001366, 0.001400, 0.001307, 0.001461, 0.001295, 0.001329, 0.001229, 0.001499, 0.001403, 0.001503, 0.001264, 0.001517, 0.001442, 0.001510, 0.001295, 0.001388, 0.001264, 0.001429, 0.001189, 0.001324, 0.001263, 0.001233, 0.001320, 0.001379, 0.001302, 0.001402, 0.001214, 0.001452, 0.001300, 0.001410, 0.001520, 0.001457, 0.001484, 0.001449, 0.001538, 0.001474, 0.001601, 0.001532, 0.001566, 0.001436, 0.001500, 0.001457, 0.001550, 0.001426, 0.001673, 0.001390, 0.001582, 0.001399, 0.001535, 0.001356, 0.001491, 0.001472, 0.001451, 0.001322, 0.001565, 0.001318, 0.001456, 0.001273, 0.001252, 0.001223, 0.001315
10 , 2, 2, 2, 2, 2, 2, 1
10 , 0.004557, 0.004283, 0.004066, 0.004720, 0.003136, 0.003928, 0.004508
11 , 0.001189, 0.001324, 0.001263, 0.001233, 0.001320, 0.001379, 0.001302, 0.001402, 0.001214, 0.001452, 0.001300, 0.001410, 0.001520, 0.001457, 0.001484, 0.001449, 0.001538, 0.001474, 0.001601, 0.001532, 0.001566, 0.001436, 0.001500, 0.001457, 0.001550, 0.001426, 0.001673, 0.001390, 0.001582, 0.001399, 0.001535, 0.001356, 0.001491, 0.001472, 0.001451, 0.001322, 0.001565, 0.001318, 0.001456, 0.001273, 0.001252, 0.001223, 0.001315, 0.001311, 0.001318, 0.001349, 0.001286, 0.001290, 0.001286, 0.001436, 0.001255, 0.001377, 0.001316, 0.001328, 0.001349, 0.001535, 0.001293, 0.001383, 0.001313, 0.001589, 0.001397, 0.001612, 0.001325, 0.001390, 0.001350, 0.001533, 0.001435, 0.001528, 0.001399, 0.001426, 0.001425, 0.001447, 0.001471, 0.001529, 0.001500, 0.001489, 0.001606, 0.001600, 0.001568, 0.001567, 0.001637, 0.001388, 0.001544, 0.001430, 0.001627, 0.001506, 0.001516, 0.001430, 0.001594, 0.001377, 0.001601, 0.001270
11 , 0, 0, 0, 0, 2, 2, 2
11 , 0.003884, 0.003423, 0.003002, 0.002551, 0.002645, 0.002737, 0.003040
12 , 0.001286, 0.001290, 0.001286, 0.001436, 0.001255, 0.001377, 0.001316, 0.001328, 0.001349, 0.001535, 0.001293, 0.001383, 0.001313, 0.001589, 0.001397, 0.001612, 0.001325, 0.001390, 0.001350, 0.001533, 0.001435, 0.001528, 0.001399, 0.001426, 0.001425, 0.001447, 0.001471, 0.001529, 0.001500, 0.001489, 0.001606, 0.001600, 0.001568, 0.001567, 0.001637, 0.001388, 0.001544, 0.001430, 0.001627, 0.001506, 0.001516, 0.001430, 0.001594, 0.001377, 0.001601, 0.001270, 0.001463, 0.001444, 0.001524, 0.001320, 0.001272, 0.001156, 0.001318, 0.001225, 0.001262, 0.001162, 0.001278, 0.001298, 0.001294, 0.001268, 0.001315, 0.001364, 0.001236, 0.001390, 0.001368, 0.001359, 0.001381, 0.001491, 0.001535, 0.001529, 0.001460, 0.001730, 0.001507, 0.001570, 0.001623, 0.001721, 0.001532, 0.001535, 0.001561, 0.001539, 0.001596, 0.001687, 0.001687, 0.001751, 0.001510, 0.001634, 0.001690, 0.001660, 0.001664, 0.001666, 0.001551, 0.001611
12 , 0, 0, 0, 0, 0, 0, 0
12 , 0.009149, 0.009191, 0.008672, 0.008582, 0.008144, 0.008107, 0.007697
13 , 0.001444, 0.001524, 0.001320, 0.001272, 0.001156, 0.001318, 0.001225, 0.001262, 0.001162, 0.001278, 0.001298, 0.001294, 0.001268, 0.001315, 0.001364, 0.001236, 0.001390, 0.001368, 0.001359, 0.001381, 0.001491, 0.001535, 0.001529, 0.001460, 0.001730, 0.001507, 0.001570, 0.001623, 0.001721, 0.001532, 0.001535, 0.001561, 0.001539, 0.001596, 0.001687, 0.001687, 0.001751, 0.001510, 0.001634, 0.001690, 0.001660, 0.001664, 0.001666, 0.001551, 0.001611, 0.001646, 0.001494, 0.001652, 0.001497, 0.001633, 0.001515, 0.001641, 0.001455, 0.001525, 0.001432, 0.001589, 0.001347, 0.001422, 0.001331, 0.001454, 0.001391, 0.001481, 0.001332, 0.001427, 0.001420, 0.001424, 0.001354, 0.001417, 0.001501, 0.001467, 0.001528, 0.001498, 0.001472, 0.001485, 0.001422, 0.001474, 0.001535, 0.001401, 0.001579, 0.001394, 0.001552, 0.001482, 0.001550, 0.001462, 0.001499, 0.001435, 0.001526, 0.001381, 0.001517, 0.001445, 0.001486, 0.001391
13 , 0, 0, 0, 0, 0, 0, 0
13 , 0.006296, 0.006800, 0.006932, 0.006648, 0.006984, 0.007093, 0.006646
14 , 0.001641, 0.001455, 0.001525, 0.001432, 0.001589, 0.001347, 0.001422, 0.001331, 0.001454, 0.001391, 0.001481, 0.001332, 0.001427, 0.001420, 0.001424, 0.001354, 0.001417, 0.001501, 0.001467, 0.001528, 0.001498, 0.001472, 0.001485, 0.001422, 0.001474, 0.001535, 0.001401, 0.001579, 0.001394, 0.001552, 0.001482, 0.001550, 0.001462, 0.001499, 0.001435, 0.001526, 0.001381, 0.001517, 0.001445, 0.001486, 0.001391, 0.001641, 0.001456, 0.001395, 0.001496, 0.001471, 0.001469, 0.001427, 0.001467, 0.001352, 0.001233, 0.001330, 0.001516, 0.001448, 0.001387, 0.001326, 0.001545, 0.001354, 0.001415, 0.001341, 0.001456, 0.001264, 0.001460, 0.001338, 0.001440, 0.001311, 0.001427, 0.001391, 0.001386, 0.001417, 0.001422, 0.001357, 0.001397, 0.001458, 0.001424, 0.001363, 0.001420, 0.001388, 0.001408, 0.001438, 0.001403, 0.001403, 0.001361, 0.001571, 0.001444, 0.001520, 0.001369, 0.001444, 0.001381, 0.001535, 0.001356, 0.001436
14 , 0, 0, 0, 0, 0, 0, 0
14 , 0.001061, 0.001255, 0.001357, 0.001457, 0.001499, 0.001535, 0.001156
15 , 0.001330, 0.001516, 0.001448, 0.001387, 0.001326, 0.001545, 0.001354, 0.001415, 0.001341, 0.001456, 0.001264, 0.001460, 0.001338, 0.001440, 0.001311, 0.001427, 0.001391, 0.001386, 0.001417, 0.001422, 0.001357, 0.001397, 0.001458, 0.001424, 0.001363, 0.001420, 0.001388, 0.001408, 0.001438, 0.001403, 0.001403, 0.001361, 0.001571, 0.001444, 0.001520, 0.001369, 0.001444, 0.001381, 0.001535, 0.001356, 0.001436, 0.001231, 0.001284, 0.001256, 0.001302, 0.001140, 0.001155, 0.001190, 0.001057, 0.000982, 0.000995, 0.001087, 0.001141, 0.001110, 0.001127, 0.001340, 0.001174, 0.001235, 0.001159, 0.001246, 0.001201, 0.001318, 0.001152, 0.001310, 0.001280, 0.001421, 0.001349, 0.001431, 0.001386, 0.001565, 0.001372, 0.001547, 0.001604, 0.001574, 0.001506, 0.001644, 0.001702, 0.001669, 0.001672, 0.001605, 0.001794, 0.001634, 0.001669, 0.001558, 0.001588, 0.001617, 0.001686, 0.001417, 0.001547, 0.001396, 0.001577, 0.001452
15 , 0, 0, 2, 2, 2, 2, 2
15 , 0.008916, 0.008767, 0.008190, 0.008459, 0.008507, 0.008125, 0.007877
16 , 0.001155, 0.001190, 0.001057, 0.000982, 0.000995, 0.001087, 0.001141, 0.001110, 0.001127, 0.001340, 0.001174, 0.001235, 0.001159, 0.001246, 0.001201, 0.001318, 0.001152, 0.001310, 0.001280, 0.001421, 0.001349, 0.001431, 0.001386, 0.001565, 0.001372, 0.001547, 0.001604, 0.001574, 0.001506, 0.001644, 0.001702, 0.001669, 0.001672, 0.001605, 0.001794, 0.001634, 0.001669, 0.001558, 0.001588, 0.001617, 0.001686, 0.001417, 0.001547, 0.001396, 0.001577, 0.001452, 0.001555, 0.001496, 0.001621, 0.001374, 0.001442, 0.001313, 0.001532, 0.001417, 0.001513, 0.001512, 0.001454, 0.001465, 0.001410, 0.001383, 0.001290, 0.001436, 0.001402, 0.001406, 0.001400, 0.001463, 0.001399, 0.001492, 0.001431, 0.001524, 0.001298, 0.001539, 0.001413, 0.001508, 0.001261, 0.001445, 0.001494, 0.001525, 0.001398, 0.001469, 0.001442, 0.001344, 0.001520, 0.001459, 0.001335, 0.001487, 0.001492, 0.001303, 0.001481, 0.001516, 0.001521, 0.001276
16 , 3, 3, 3, 3, 3, 0, 3
16 , 0.009146, 0.008906, 0.009037, 0.008636, 0.008608, 0.008286, 0.007896
