0 , 0.001388, 0.001268, 0.001270, 0.001211, 0.001123, 0.001091, 0.001170, 0.001288, 0.001394, 0.001247, 0.001281, 0.001227, 0.001269, 0.001132, 0.001195, 0.001132, 0.001199, 0.001165, 0.001298, 0.001224, 0.001121, 0.001163, 0.000792, 0.001170, 0.001528, 0.001433, 0.001760, 0.001548, 0.001642, 0.001434, 0.001739, 0.001593, 0.001582, 0.001391, 0.001520, 0.001657, 0.001635, 0.001586, 0.001476, 0.001689, 0.001522, 0.001582, 0.001495, 0.001669, 0.001711, 0.001418, 0.001652, 0.000309, 0.001409, 0.001680, 0.001616, 0.001531, 0.001348, 0.001383, 0.001377, 0.001470, 0.001348, 0.001383, 0.001446, 0.001451, 0.001356, 0.001456, 0.001362, 0.001400, 0.001380, 0.001258, 0.001266, 0.001150, 0.001387, 0.001236, 0.001174, 0.000584, 0.001792, 0.001581, 0.001818, 0.001740, 0.001805, 0.001697, 0.001840, 0.001852, 0.001792, 0.001821, 0.001597, 0.001928, 0.001716, 0.001763, 0.001539, 0.001525, 0.001642, 0.001710, 0.001704, 0.001527
0 , 0, 0, 0, 0, 0, 0, 0
0 , 0.011084, 0.011425, 0.012609, 0.014168, 0.015114, 0.014771, 0.014848
1 , 0.001616, 0.001531, 0.001348, 0.001383, 0.001377, 0.001470, 0.001348, 0.001383, 0.001446, 0.001451, 0.001356, 0.001456, 0.001362, 0.001400, 0.001380, 0.001258, 0.001266, 0.001150, 0.001387, 0.001236, 0.001174, 0.000584, 0.001792, 0.001581, 0.001818, 0.001740, 0.001805, 0.001697, 0.001840, 0.001852, 0.001792, 0.001821, 0.001597, 0.001928, 0.001716, 0.001763, 0.001539, 0.001525, 0.001642, 0.001710, 0.001704, 0.001527, 0.001690, 0.001495, 0.001665, 0.000896, 0.000979, 0.001629, 0.001481, 0.001494, 0.001363, 0.001436, 0.001312, 0.001383, 0.001163, 0.001353, 0.001109, 0.001337, 0.001364, 0.001290, 0.001104, 0.001385, 0.001263, 0.001306, 0.001241, 0.001344, 0.001215, 0.001267, 0.001081, 0.001169, 0.001238, 0.000024, 0.001719, 0.001602, 0.001907, 0.001839, 0.001770, 0.001796, 0.001887, 0.002064, 0.001835, 0.001878, 0.001702, 0.001783, 0.001718, 0.001778, 0.001704, 0.001720, 0.001771, 0.001642, 0.001613, 0.001652
1 , 0, 0, 0, 0, 0, 0, 0
1 , 0.013409, 0.014056, 0.014184, 0.015831, 0.018890, 0.018529, 0.017781
2 , 0.001363, 0.001436, 0.001312, 0.001383, 0.001163, 0.001353, 0.001109, 0.001337, 0.001364, 0.001290, 0.001104, 0.001385, 0.001263, 0.001306, 0.001241, 0.001344, 0.001215, 0.001267, 0.001081, 0.001169, 0.001238, 0.000024, 0.001719, 0.001602, 0.001907, 0.001839, 0.001770, 0.001796, 0.001887, 0.002064, 0.001835, 0.001878, 0.001702, 0.001783, 0.001718, 0.001778, 0.001704, 0.001720, 0.001771, 0.001642, 0.001613, 0.001652, 0.001817, 0.001744, 0.001756, 0.001649, 0.000319, 0.001616, 0.001518, 0.001503, 0.001428, 0.001589, 0.001290, 0.001317, 0.001339, 0.001371, 0.001158, 0.001354, 0.001165, 0.001292, 0.001145, 0.001274, 0.001021, 0.001275, 0.001130, 0.001113, 0.001073, 0.001182, 0.001077, 0.000667, 0.001339, 0.001628, 0.001701, 0.001835, 0.001736, 0.001814, 0.001645, 0.002064, 0.001788, 0.001909, 0.001771, 0.001930, 0.001999, 0.001913, 0.001904, 0.001861, 0.002073, 0.001995, 0.001853, 0.001801, 0.002030, 0.002068
2 , 0, 0, 0, 0, 0, 0, 0
2 , 0.018076, 0.020526, 0.023525, 0.024999, 0.024862, 0.024671, 0.023267
3 , 0.001503, 0.001428, 0.001589, 0.001290, 0.001317, 0.001339, 0.001371, 0.001158, 0.001354, 0.001165, 0.001292, 0.001145, 0.001274, 0.001021, 0.001275, 0.001130, 0.001113, 0.001073, 0.001182, 0.001077, 0.000667, 0.001339, 0.001628, 0.001701, 0.001835, 0.001736, 0.001814, 0.001645, 0.002064, 0.001788, 0.001909, 0.001771, 0.001930, 0.001999, 0.001913, 0.001904, 0.001861, 0.002073, 0.001995, 0.001853, 0.001801, 0.002030, 0.002068, 0.001960, 0.001943, 0.001762, 0.002223, 0.000561, 0.001596, 0.001311, 0.001327, 0.001292, 0.001351, 0.001251, 0.001437, 0.001334, 0.001423, 0.001266, 0.001422, 0.001297, 0.001425, 0.001247, 0.001252, 0.001166, 0.001177, 0.001059, 0.001070, 0.001054, 0.001119, 0.001208, 0.001113, 0.001088, 0.001035, 0.000739, 0.001690, 0.001719, 0.001825, 0.001619, 0.001860, 0.001912, 0.001951, 0.001899, 0.001749, 0.001965, 0.001827, 0.001822, 0.001619, 0.001765, 0.001747, 0.001738, 0.001660, 0.001555
3 , 0, 0, 0, 0, 0, 0, 0
3 , 0.017916, 0.019468, 0.022517, 0.025131, 0.024014, 0.024629, 0.025354
4 , 0.001351, 0.001251, 0.001437, 0.001334, 0.001423, 0.001266, 0.001422, 0.001297, 0.001425, 0.001247, 0.001252, 0.001166, 0.001177, 0.001059, 0.001070, 0.001054, 0.001119, 0.001208, 0.001113, 0.001088, 0.001035, 0.000739, 0.001690, 0.001719, 0.001825, 0.001619, 0.001860, 0.001912, 0.001951, 0.001899, 0.001749, 0.001965, 0.001827, 0.001822, 0.001619, 0.001765, 0.001747, 0.001738, 0.001660, 0.001555, 0.001690, 0.001468, 0.001661, 0.001549, 0.001744, 0.001360, 0.001346, 0.001726, 0.001497, 0.001358, 0.001342, 0.001173, 0.001270, 0.001170, 0.001295, 0.001288, 0.001349, 0.001185, 0.001315, 0.001183, 0.001247, 0.001131, 0.001351, 0.001188, 0.001198, 0.001080, 0.001361, 0.001136, 0.001374, 0.000228, 0.001462, 0.001572, 0.001581, 0.001835, 0.001663, 0.001926, 0.001917, 0.001999, 0.001926, 0.001947, 0.001982, 0.001891, 0.001965, 0.001706, 0.002051, 0.001939, 0.001917, 0.001913, 0.001913, 0.001986, 0.001840, 0.001864
4 , 0, 0, 0, 0, 0, 0, 0
4 , 0.018964, 0.020824, 0.024186, 0.025632, 0.025635, 0.025309, 0.022318
5 , 0.001342, 0.001173, 0.001270, 0.001170, 0.001295, 0.001288, 0.001349, 0.001185, 0.001315, 0.001183, 0.001247, 0.001131, 0.001351, 0.001188, 0.001198, 0.001080, 0.001361, 0.001136, 0.001374, 0.000228, 0.001462, 0.001572, 0.001581, 0.001835, 0.001663, 0.001926, 0.001917, 0.001999, 0.001926, 0.001947, 0.001982, 0.001891, 0.001965, 0.001706, 0.002051, 0.001939, 0.001917, 0.001913, 0.001913, 0.001986, 0.001840, 0.001864, 0.001723, 0.002027, 0.000179, 0.001513, 0.001360, 0.001333, 0.001293, 0.001268, 0.001141, 0.001324, 0.001283, 0.001310, 0.001249, 0.001423, 0.001226, 0.001381, 0.001337, 0.001428, 0.001273, 0.001457, 0.001303, 0.001308, 0.001284, 0.001263, 0.001438, 0.001332, 0.001516, 0.000836, 0.001137, 0.001345, 0.001460, 0.001478, 0.001615, 0.001486, 0.001665, 0.001563, 0.001669, 0.001468, 0.001695, 0.001680, 0.001665, 0.001601, 0.001476, 0.001744, 0.001648, 0.001648, 0.001601, 0.001789, 0.001706, 0.001676
5 , 0, 0, 0, 0, 0, 0, 0
5 , 0.017847, 0.018231, 0.019863, 0.020197, 0.019940, 0.018950, 0.017254
6 , 0.001268, 0.001141, 0.001324, 0.001283, 0.001310, 0.001249, 0.001423, 0.001226, 0.001381, 0.001337, 0.001428, 0.001273, 0.001457, 0.001303, 0.001308, 0.001284, 0.001263, 0.001438, 0.001332, 0.001516, 0.000836, 0.001137, 0.001345, 0.001460, 0.001478, 0.001615, 0.001486, 0.001665, 0.001563, 0.001669, 0.001468, 0.001695, 0.001680, 0.001665, 0.001601, 0.001476, 0.001744, 0.001648, 0.001648, 0.001601, 0.001789, 0.001706, 0.001676, 0.001587, 0.001841, 0.000779, 0.001431, 0.001635, 0.001750, 0.001329, 0.001446, 0.001345, 0.001470, 0.001292, 0.001395, 0.001362, 0.001302, 0.001292, 0.001322, 0.001343, 0.001465, 0.001218, 0.001338, 0.001392, 0.001404, 0.001303, 0.001460, 0.001273, 0.001410, 0.000644, 0.001409, 0.001508, 0.001537, 0.001583, 0.001603, 0.001512, 0.001776, 0.001700, 0.001843, 0.001697, 0.001939, 0.001935, 0.001999, 0.001956, 0.001969, 0.001991, 0.001917, 0.001956, 0.001762, 0.001899, 0.001697, 0.001867
6 , 0, 0, 0, 0, 0, 0, 0
6 , 0.012206, 0.013293, 0.014920, 0.015849, 0.016549, 0.016618, 0.015289
7 , 0.001345, 0.001470, 0.001292, 0.001395, 0.001362, 0.001302, 0.001292, 0.001322, 0.001343, 0.001465, 0.001218, 0.001338, 0.001392, 0.001404, 0.001303, 0.001460, 0.001273, 0.001410, 0.000644, 0.001409, 0.001508, 0.001537, 0.001583, 0.001603, 0.001512, 0.001776, 0.001700, 0.001843, 0.001697, 0.001939, 0.001935, 0.001999, 0.001956, 0.001969, 0.001991, 0.001917, 0.001956, 0.001762, 0.001899, 0.001697, 0.001867, 0.001869, 0.001421, 0.000812, 0.001561, 0.001351, 0.001304, 0.001256, 0.001238, 0.001084, 0.001243, 0.001107, 0.001322, 0.001098, 0.001396, 0.001268, 0.001256, 0.001280, 0.001343, 0.001364, 0.001542, 0.001360, 0.001346, 0.001465, 0.001413, 0.001500, 0.001398, 0.001569, 0.000308, 0.001442, 0.001340, 0.001611, 0.001369, 0.001478, 0.001503, 0.001666, 0.001601, 0.001680, 0.001749, 0.001521, 0.001878, 0.001654, 0.001783, 0.001499, 0.001724, 0.001704, 0.001714, 0.001615, 0.001724, 0.001846, 0.001613, 0.001641
7 , 0, 0, 0, 0, 0, 0, 0
7 , 0.014106, 0.017390, 0.017132, 0.017073, 0.016336, 0.014462, 0.013513
8 , 0.001256, 0.001238, 0.001084, 0.001243, 0.001107, 0.001322, 0.001098, 0.001396, 0.001268, 0.001256, 0.001280, 0.001343, 0.001364, 0.001542, 0.001360, 0.001346, 0.001465, 0.001413, 0.001500, 0.001398, 0.001569, 0.000308, 0.001442, 0.001340, 0.001611, 0.001369, 0.001478, 0.001503, 0.001666, 0.001601, 0.001680, 0.001749, 0.001521, 0.001878, 0.001654, 0.001783, 0.001499, 0.001724, 0.001704, 0.001714, 0.001615, 0.001724, 0.001846, 0.001613, 0.001641, 0.001796, 0.000125, 0.001573, 0.001440, 0.001639, 0.001319, 0.001476, 0.001349, 0.001383, 0.001317, 0.001446, 0.001112, 0.001327, 0.001258, 0.001378, 0.001312, 0.001317, 0.001120, 0.001222, 0.001120, 0.001252, 0.001181, 0.001354, 0.001263, 0.000941, 0.001145, 0.001489, 0.001496, 0.001503, 0.001494, 0.001567, 0.001519, 0.001698, 0.001452, 0.001639, 0.001502, 0.001630, 0.001512, 0.001490, 0.001633, 0.001456, 0.001680, 0.001468, 0.001487, 0.001366, 0.001635, 0.001654
8 , 0, 0, 0, 0, 0, 0, 0
8 , 0.009498, 0.010385, 0.011942, 0.012245, 0.012268, 0.012508, 0.011106
9 , 0.001476, 0.001349, 0.001383, 0.001317, 0.001446, 0.001112, 0.001327, 0.001258, 0.001378, 0.001312, 0.001317, 0.001120, 0.001222, 0.001120, 0.001252, 0.001181, 0.001354, 0.001263, 0.000941, 0.001145, 0.001489, 0.001496, 0.001503, 0.001494, 0.001567, 0.001519, 0.001698, 0.001452, 0.001639, 0.001502, 0.001630, 0.001512, 0.001490, 0.001633, 0.001456, 0.001680, 0.001468, 0.001487, 0.001366, 0.001635, 0.001654, 0.001484, 0.001793, 0.000463, 0.001307, 0.001643, 0.001526, 0.001500, 0.001369, 0.001385, 0.001329, 0.001403, 0.001283, 0.001229, 0.001145, 0.001154, 0.001152, 0.001346, 0.001163, 0.001258, 0.001206, 0.001145, 0.001121, 0.001155, 0.001214, 0.001174, 0.001229, 0.001052, 0.001254, 0.000461, 0.001706, 0.001458, 0.001651, 0.001375, 0.001539, 0.001343, 0.001602, 0.001526, 0.001417, 0.001398, 0.001329, 0.001477, 0.001394, 0.001412, 0.001367, 0.001552, 0.001479, 0.001514, 0.001401, 0.001382, 0.001504, 0.001401
9 , 0, 0, 0, 0, 0, 0, 0
9 , 0.007897, 0.008535, 0.011063, 0.010431, 0.010574, 0.009418, 0.008684
10 , 0.001369, 0.001385, 0.001329, 0.001403, 0.001283, 0.001229, 0.001145, 0.001154, 0.001152, 0.001346, 0.001163, 0.001258, 0.001206, 0.001145, 0.001121, 0.001155, 0.001214, 0.001174, 0.001229, 0.001052, 0.001254, 0.000461, 0.001706, 0.001458, 0.001651, 0.001375, 0.001539, 0.001343, 0.001602, 0.001526, 0.001417, 0.001398, 0.001329, 0.001477, 0.001394, 0.001412, 0.001367, 0.001552, 0.001479, 0.001514, 0.001401, 0.001382, 0.001504, 0.001401, 0.001587, 0.001049, 0.000998, 0.001806, 0.001576, 0.001503, 0.001288, 0.001457, 0.001396, 0.001288, 0.001051, 0.001313, 0.001089, 0.001231, 0.001233, 0.001269, 0.001085, 0.001267, 0.001165, 0.001144, 0.001203, 0.001334, 0.001311, 0.001275, 0.001313, 0.000465, 0.001472, 0.001425, 0.001576, 0.001710, 0.001727, 0.001549, 0.001567, 0.001743, 0.001661, 0.001677, 0.001492, 0.001845, 0.001793, 0.001847, 0.001613, 0.001607, 0.001612, 0.001616, 0.001647, 0.001401, 0.001692, 0.001571
10 , 0, 0, 0, 0, 0, 0, 0
10 , 0.008906, 0.010392, 0.012270, 0.013472, 0.013722, 0.013777, 0.012982
11 , 0.001457, 0.001396, 0.001288, 0.001051, 0.001313, 0.001089, 0.001231, 0.001233, 0.001269, 0.001085, 0.001267, 0.001165, 0.001144, 0.001203, 0.001334, 0.001311, 0.001275, 0.001313, 0.000465, 0.001472, 0.001425, 0.001576, 0.001710, 0.001727, 0.001549, 0.001567, 0.001743, 0.001661, 0.001677, 0.001492, 0.001845, 0.001793, 0.001847, 0.001613, 0.001607, 0.001612, 0.001616, 0.001647, 0.001401, 0.001692, 0.001571, 0.001529, 0.001587, 0.001591, 0.001764, 0.000429, 0.001797, 0.001603, 0.001425, 0.001451, 0.001515, 0.001484, 0.001457, 0.001364, 0.001425, 0.001395, 0.001398, 0.001311, 0.001319, 0.001353, 0.001258, 0.001297, 0.001383, 0.001517, 0.001254, 0.001265, 0.001256, 0.001401, 0.001280, 0.001319, 0.001219, 0.001256, 0.001127, 0.001285, 0.001361, 0.001510, 0.001388, 0.001517, 0.001293, 0.001447, 0.001354, 0.001364, 0.001268, 0.001396, 0.001269, 0.001298, 0.001297, 0.001302, 0.001274, 0.001273, 0.001423, 0.001269
11 , 3, 3, 3, 3, 3, 0, 0
11 , 0.010214, 0.010132, 0.009999, 0.009303, 0.008463, 0.007783, 0.007657
12 , 0.001797, 0.001603, 0.001425, 0.001451, 0.001515, 0.001484, 0.001457, 0.001364, 0.001425, 0.001395, 0.001398, 0.001311, 0.001319, 0.001353, 0.001258, 0.001297, 0.001383, 0.001517, 0.001254, 0.001265, 0.001256, 0.001401, 0.001280, 0.001319, 0.001219, 0.001256, 0.001127, 0.001285, 0.001361, 0.001510, 0.001388, 0.001517, 0.001293, 0.001447, 0.001354, 0.001364, 0.001268, 0.001396, 0.001269, 0.001298, 0.001297, 0.001302, 0.001274, 0.001273, 0.001423, 0.001269, 0.001390, 0.001390, 0.001353, 0.001370, 0.001452, 0.001358, 0.001416, 0.001401, 0.001497, 0.001340, 0.001560, 0.001457, 0.001647, 0.001464, 0.001461, 0.001335, 0.001460, 0.001393, 0.001673, 0.001483, 0.001580, 0.001515, 0.001493, 0.001399, 0.001589, 0.001494, 0.001439, 0.001385, 0.001428, 0.001375, 0.001377, 0.001205, 0.001334, 0.001280, 0.001254, 0.001193, 0.001198, 0.001333, 0.001116, 0.001188, 0.001211, 0.001388, 0.001163, 0.001168, 0.001161, 0.001371
12 , 1, 1, 1, 1, 1, 1, 1
12 , 0.004617, 0.004526, 0.004371, 0.005771, 0.005510, 0.005361, 0.005176
13 , 0.001370, 0.001452, 0.001358, 0.001416, 0.001401, 0.001497, 0.001340, 0.001560, 0.001457, 0.001647, 0.001464, 0.001461, 0.001335, 0.001460, 0.001393, 0.001673, 0.001483, 0.001580, 0.001515, 0.001493, 0.001399, 0.001589, 0.001494, 0.001439, 0.001385, 0.001428, 0.001375, 0.001377, 0.001205, 0.001334, 0.001280, 0.001254, 0.001193, 0.001198, 0.001333, 0.001116, 0.001188, 0.001211, 0.001388, 0.001163, 0.001168, 0.001161, 0.001371, 0.001232, 0.001356, 0.001227, 0.001407, 0.001372, 0.001558, 0.001341, 0.001356, 0.001322, 0.001388, 0.001319, 0.001367, 0.001349, 0.001496, 0.001423, 0.001535, 0.001640, 0.001602, 0.001686, 0.001737, 0.001876, 0.001838, 0.001863, 0.001763, 0.002037, 0.001940, 0.001943, 0.001698, 0.001946, 0.001735, 0.001808, 0.001696, 0.001798, 0.001651, 0.001750, 0.001538, 0.001521, 0.001535, 0.001635, 0.001458, 0.001532, 0.001451, 0.001436, 0.001359, 0.001344, 0.001442, 0.001385, 0.001270, 0.001243
13 , 2, 2, 1, 1, 1, 1, 1
13 , 0.005371, 0.004471, 0.004812, 0.005975, 0.007367, 0.007854, 0.008942
14 , 0.001388, 0.001319, 0.001367, 0.001349, 0.001496, 0.001423, 0.001535, 0.001640, 0.001602, 0.001686, 0.001737, 0.001876, 0.001838, 0.001863, 0.001763, 0.002037, 0.001940, 0.001943, 0.001698, 0.001946, 0.001735, 0.001808, 0.001696, 0.001798, 0.001651, 0.001750, 0.001538, 0.001521, 0.001535, 0.001635, 0.001458, 0.001532, 0.001451, 0.001436, 0.001359, 0.001344, 0.001442, 0.001385, 0.001270, 0.001243, 0.001374, 0.001292, 0.001258, 0.001106, 0.001323, 0.001277, 0.001306, 0.001238, 0.001451, 0.001163, 0.001410, 0.001219, 0.001371, 0.001261, 0.001494, 0.001390, 0.001533, 0.001467, 0.001529, 0.001394, 0.001613, 0.001552, 0.001619, 0.001590, 0.001560, 0.001526, 0.001519, 0.001550, 0.001464, 0.001651, 0.001552, 0.001674, 0.001490, 0.001555, 0.001557, 0.001628, 0.001377, 0.001570, 0.001363, 0.001425, 0.001303, 0.001527, 0.001372, 0.001468, 0.001311, 0.001410, 0.001433, 0.001463, 0.001402, 0.001463, 0.001341, 0.001431
14 , 2, 2, 2, 1, 1, 1, 1
14 , 0.003593, 0.004679, 0.004832, 0.005561, 0.006978, 0.007929, 0.009280
15 , 0.001371, 0.001261, 0.001494, 0.001390, 0.001533, 0.001467, 0.001529, 0.001394, 0.001613, 0.001552, 0.001619, 0.001590, 0.001560, 0.001526, 0.001519, 0.001550, 0.001464, 0.001651, 0.001552, 0.001674, 0.001490, 0.001555, 0.001557, 0.001628, 0.001377, 0.001570, 0.001363, 0.001425, 0.001303, 0.001527, 0.001372, 0.001468, 0.001311, 0.001410, 0.001433, 0.001463, 0.001402, 0.001463, 0.001341, 0.001431, 0.001460, 0.001404, 0.001369, 0.001341, 0.001424, 0.001361, 0.001395, 0.001481, 0.001454, 0.001329, 0.001518, 0.001332, 0.001486, 0.001305, 0.001438, 0.001367, 0.001559, 0.001247, 0.001439, 0.001378, 0.001381, 0.001319, 0.001327, 0.001200, 0.001295, 0.001348, 0.001353, 0.001446, 0.001373, 0.001331, 0.001393, 0.001398, 0.001420, 0.001353, 0.001467, 0.001561, 0.001581, 0.001484, 0.001388, 0.001579, 0.001509, 0.001752, 0.001444, 0.001573, 0.001446, 0.001720, 0.001421, 0.001545, 0.001448, 0.001629, 0.001467, 0.001508
15 , 2, 2, 2, 2, 2, 2, 2
15 , 0.002972, 0.004040, 0.004416, 0.005030, 0.005338, 0.005919, 0.005869
16 , 0.001332, 0.001486, 0.001305, 0.001438, 0.001367, 0.001559, 0.001247, 0.001439, 0.001378, 0.001381, 0.001319, 0.001327, 0.001200, 0.001295, 0.001348, 0.001353, 0.001446, 0.001373, 0.001331, 0.001393, 0.001398, 0.001420, 0.001353, 0.001467, 0.001561, 0.001581, 0.001484, 0.001388, 0.001579, 0.001509, 0.001752, 0.001444, 0.001573, 0.001446, 0.001720, 0.001421, 0.001545, 0.001448, 0.001629, 0.001467, 0.001508, 0.001361, 0.001428, 0.001397, 0.001565, 0.001417, 0.001392, 0.001547, 0.001553, 0.001439, 0.001285, 0.001381, 0.001446, 0.001488, 0.001332, 0.001303, 0.001210, 0.001496, 0.001308, 0.001523, 0.001334, 0.001428, 0.001325, 0.001441, 0.001346, 0.001497, 0.001337, 0.001431, 0.001363, 0.001454, 0.001454, 0.001428, 0.001492, 0.001488, 0.001395, 0.001306, 0.001491, 0.001428, 0.001489, 0.001268, 0.001536, 0.001288, 0.001328, 0.001325, 0.001477, 0.001355, 0.001520, 0.001334, 0.001550, 0.001398, 0.001470, 0.001279
16 , 0, 0, 0, 0, 0, 0, 0
16 , 0.002990, 0.003461, 0.003391, 0.003222, 0.003523, 0.003571, 0.003064
