0 , 0.001728, 0.001668, 0.001680, 0.001776, 0.001862, 0.001930, 0.001943, 0.002150, 0.001929, 0.002097, 0.001945, 0.002174, 0.002153, 0.002016, 0.001994, 0.002002, 0.002138, 0.002039, 0.002065, 0.001866, 0.001922, 0.001794, 0.001934, 0.001317, 0.000933, 0.001446, 0.001511, 0.001400, 0.001354, 0.001404, 0.001360, 0.001455, 0.001196, 0.001313, 0.001252, 0.001418, 0.001158, 0.001197, 0.001198, 0.001448, 0.001264, 0.001332, 0.001203, 0.001305, 0.001183, 0.001192, 0.001184, 0.001241, 0.001268, 0.000261, 0.001551, 0.001581, 0.001463, 0.001823, 0.001660, 0.001750, 0.001601, 0.001851, 0.001778, 0.001885, 0.001765, 0.001838, 0.002032, 0.001799, 0.001944, 0.001656, 0.001874, 0.001777, 0.001746, 0.001591, 0.001726, 0.001790, 0.001690, 0.001798, 0.000445, 0.001387, 0.001410, 0.001326, 0.001171, 0.001203, 0.001291, 0.001296, 0.001302, 0.001203, 0.001254, 0.001222, 0.001118, 0.001123, 0.001129, 0.001194, 0.001221, 0.001316
0 , 1, 1, 1, 1, 1, 1, 1
0 , 0.014985, 0.017416, 0.019739, 0.022488, 0.024664, 0.025321, 0.027468
1 , 0.001463, 0.001823, 0.001660, 0.001750, 0.001601, 0.001851, 0.001778, 0.001885, 0.001765, 0.001838, 0.002032, 0.001799, 0.001944, 0.001656, 0.001874, 0.001777, 0.001746, 0.001591, 0.001726, 0.001790, 0.001690, 0.001798, 0.000445, 0.001387, 0.001410, 0.001326, 0.001171, 0.001203, 0.001291, 0.001296, 0.001302, 0.001203, 0.001254, 0.001222, 0.001118, 0.001123, 0.001129, 0.001194, 0.001221, 0.001316, 0.001062, 0.001152, 0.001113, 0.001282, 0.001257, 0.000702, 0.001126, 0.001697, 0.001472, 0.001602, 0.001572, 0.001701, 0.001536, 0.001746, 0.001809, 0.001696, 0.001740, 0.001415, 0.001730, 0.001488, 0.001616, 0.001510, 0.001635, 0.001726, 0.001608, 0.001703, 0.001543, 0.001785, 0.001708, 0.001769, 0.001650, 0.002014, 0.000871, 0.001545, 0.001468, 0.001419, 0.001379, 0.001401, 0.001273, 0.001485, 0.001401, 0.001458, 0.001333, 0.001499, 0.001406, 0.001440, 0.001174, 0.001457, 0.001213, 0.001190, 0.001276, 0.001497
1 , 1, 1, 1, 1, 1, 1, 1
1 , 0.012509, 0.015539, 0.018227, 0.019792, 0.018666, 0.017138, 0.016846
2 , 0.001602, 0.001572, 0.001701, 0.001536, 0.001746, 0.001809, 0.001696, 0.001740, 0.001415, 0.001730, 0.001488, 0.001616, 0.001510, 0.001635, 0.001726, 0.001608, 0.001703, 0.001543, 0.001785, 0.001708, 0.001769, 0.001650, 0.002014, 0.000871, 0.001545, 0.001468, 0.001419, 0.001379, 0.001401, 0.001273, 0.001485, 0.001401, 0.001458, 0.001333, 0.001499, 0.001406, 0.001440, 0.001174, 0.001457, 0.001213, 0.001190, 0.001276, 0.001497, 0.001186, 0.001277, 0.001340, 0.001407, 0.001142, 0.001370, 0.000754, 0.001438, 0.001579, 0.001526, 0.001696, 0.001597, 0.001773, 0.001710, 0.001763, 0.001815, 0.001833, 0.001907, 0.001882, 0.001885, 0.001597, 0.001958, 0.001759, 0.001843, 0.001678, 0.001666, 0.001645, 0.001678, 0.001756, 0.001702, 0.001653, 0.000808, 0.001573, 0.001367, 0.001445, 0.001344, 0.001404, 0.001305, 0.001277, 0.001245, 0.001360, 0.001270, 0.001218, 0.001308, 0.001347, 0.001232, 0.001209, 0.001267, 0.001273
2 , 1, 1, 1, 1, 1, 1, 1
2 , 0.008873, 0.010731, 0.011916, 0.013012, 0.015424, 0.015038, 0.017013
3 , 0.001526, 0.001696, 0.001597, 0.001773, 0.001710, 0.001763, 0.001815, 0.001833, 0.001907, 0.001882, 0.001885, 0.001597, 0.001958, 0.001759, 0.001843, 0.001678, 0.001666, 0.001645, 0.001678, 0.001756, 0.001702, 0.001653, 0.000808, 0.001573, 0.001367, 0.001445, 0.001344, 0.001404, 0.001305, 0.001277, 0.001245, 0.001360, 0.001270, 0.001218, 0.001308, 0.001347, 0.001232, 0.001209, 0.001267, 0.001273, 0.001241, 0.001221, 0.001214, 0.001026, 0.001225, 0.000071, 0.001512, 0.001704, 0.001835, 0.001636, 0.001823, 0.001693, 0.001938, 0.001827, 0.001939, 0.001857, 0.001926, 0.002103, 0.001875, 0.001892, 0.001767, 0.001948, 0.001887, 0.001843, 0.001675, 0.001829, 0.001760, 0.001851, 0.001710, 0.001792, 0.000029, 0.001443, 0.001419, 0.001455, 0.001344, 0.001344, 0.001187, 0.001399, 0.001297, 0.001458, 0.001215, 0.001346, 0.001161, 0.001206, 0.001031, 0.001167, 0.001070, 0.001294, 0.001025, 0.001123, 0.001028, 0.001220
3 , 1, 1, 1, 1, 1, 1, 1
3 , 0.018942, 0.021546, 0.025926, 0.023466, 0.021883, 0.021326, 0.021045
4 , 0.001835, 0.001636, 0.001823, 0.001693, 0.001938, 0.001827, 0.001939, 0.001857, 0.001926, 0.002103, 0.001875, 0.001892, 0.001767, 0.001948, 0.001887, 0.001843, 0.001675, 0.001829, 0.001760, 0.001851, 0.001710, 0.001792, 0.000029, 0.001443, 0.001419, 0.001455, 0.001344, 0.001344, 0.001187, 0.001399, 0.001297, 0.001458, 0.001215, 0.001346, 0.001161, 0.001206, 0.001031, 0.001167, 0.001070, 0.001294, 0.001025, 0.001123, 0.001028, 0.001220, 0.001150, 0.001175, 0.001055, 0.000865, 0.001221, 0.001456, 0.001762, 0.001758, 0.001809, 0.001783, 0.001740, 0.001977, 0.001735, 0.001830, 0.001760, 0.001819, 0.001686, 0.001807, 0.001726, 0.001797, 0.001658, 0.001666, 0.001745, 0.001613, 0.001773, 0.001583, 0.001714, 0.001938, 0.000775, 0.001297, 0.001526, 0.001302, 0.001304, 0.001270, 0.001275, 0.001307, 0.001194, 0.001226, 0.001152, 0.001213, 0.001174, 0.001152, 0.001121, 0.000992, 0.001202, 0.001201, 0.001170, 0.001236
4 , 1, 1, 1, 1, 1, 1, 1
4 , 0.017830, 0.021506, 0.023060, 0.025021, 0.024365, 0.023461, 0.023043
5 , 0.001456, 0.001762, 0.001758, 0.001809, 0.001783, 0.001740, 0.001977, 0.001735, 0.001830, 0.001760, 0.001819, 0.001686, 0.001807, 0.001726, 0.001797, 0.001658, 0.001666, 0.001745, 0.001613, 0.001773, 0.001583, 0.001714, 0.001938, 0.000775, 0.001297, 0.001526, 0.001302, 0.001304, 0.001270, 0.001275, 0.001307, 0.001194, 0.001226, 0.001152, 0.001213, 0.001174, 0.001152, 0.001121, 0.000992, 0.001202, 0.001201, 0.001170, 0.001236, 0.001025, 0.001260, 0.001116, 0.001225, 0.000669, 0.001763, 0.001442, 0.001806, 0.001783, 0.001761, 0.001727, 0.001915, 0.001877, 0.001781, 0.001569, 0.001672, 0.001898, 0.001670, 0.001712, 0.001621, 0.001782, 0.001725, 0.001691, 0.001558, 0.001616, 0.001798, 0.001511, 0.001675, 0.001386, 0.000798, 0.001638, 0.001548, 0.001536, 0.001378, 0.001357, 0.001230, 0.001326, 0.001203, 0.001363, 0.001289, 0.001451, 0.001208, 0.001302, 0.001145, 0.001241, 0.000965, 0.001224, 0.001219, 0.001344
5 , 1, 1, 1, 1, 1, 1, 1
5 , 0.014437, 0.016778, 0.018649, 0.020412, 0.023085, 0.019694, 0.019655
6 , 0.001806, 0.001783, 0.001761, 0.001727, 0.001915, 0.001877, 0.001781, 0.001569, 0.001672, 0.001898, 0.001670, 0.001712, 0.001621, 0.001782, 0.001725, 0.001691, 0.001558, 0.001616, 0.001798, 0.001511, 0.001675, 0.001386, 0.000798, 0.001638, 0.001548, 0.001536, 0.001378, 0.001357, 0.001230, 0.001326, 0.001203, 0.001363, 0.001289, 0.001451, 0.001208, 0.001302, 0.001145, 0.001241, 0.000965, 0.001224, 0.001219, 0.001344, 0.001182, 0.001250, 0.001265, 0.001260, 0.001303, 0.000266, 0.001534, 0.001367, 0.001727, 0.001635, 0.001786, 0.001754, 0.001764, 0.001897, 0.001724, 0.001888, 0.001710, 0.001888, 0.001754, 0.001866, 0.001638, 0.001781, 0.001948, 0.001819, 0.001819, 0.001664, 0.001875, 0.001734, 0.001805, 0.001832, 0.000011, 0.001372, 0.001329, 0.001277, 0.001091, 0.001157, 0.001152, 0.001150, 0.001100, 0.001071, 0.001079, 0.000993, 0.000995, 0.001097, 0.000970, 0.001038, 0.000995, 0.000996, 0.000982, 0.001263
6 , 1, 1, 1, 1, 1, 1, 1
6 , 0.017999, 0.020575, 0.022131, 0.023201, 0.024971, 0.022186, 0.022511
7 , 0.001727, 0.001635, 0.001786, 0.001754, 0.001764, 0.001897, 0.001724, 0.001888, 0.001710, 0.001888, 0.001754, 0.001866, 0.001638, 0.001781, 0.001948, 0.001819, 0.001819, 0.001664, 0.001875, 0.001734, 0.001805, 0.001832, 0.000011, 0.001372, 0.001329, 0.001277, 0.001091, 0.001157, 0.001152, 0.001150, 0.001100, 0.001071, 0.001079, 0.000993, 0.000995, 0.001097, 0.000970, 0.001038, 0.000995, 0.000996, 0.000982, 0.001263, 0.001152, 0.001231, 0.001021, 0.000873, 0.001055, 0.001598, 0.001558, 0.001668, 0.001547, 0.001680, 0.001498, 0.001773, 0.001746, 0.001891, 0.001698, 0.001793, 0.001778, 0.001744, 0.001706, 0.001686, 0.001873, 0.001720, 0.001841, 0.001749, 0.001970, 0.001928, 0.001713, 0.002066, 0.000806, 0.001057, 0.001419, 0.001258, 0.001181, 0.001059, 0.001136, 0.001107, 0.001241, 0.000908, 0.000969, 0.000871, 0.001064, 0.001054, 0.001046, 0.000920, 0.000884, 0.000970, 0.001099, 0.000945, 0.000975, 0.001004
7 , 1, 1, 1, 1, 1, 1, 1
7 , 0.023797, 0.027440, 0.030926, 0.031722, 0.028005, 0.027767, 0.026920
8 , 0.001668, 0.001547, 0.001680, 0.001498, 0.001773, 0.001746, 0.001891, 0.001698, 0.001793, 0.001778, 0.001744, 0.001706, 0.001686, 0.001873, 0.001720, 0.001841, 0.001749, 0.001970, 0.001928, 0.001713, 0.002066, 0.000806, 0.001057, 0.001419, 0.001258, 0.001181, 0.001059, 0.001136, 0.001107, 0.001241, 0.000908, 0.000969, 0.000871, 0.001064, 0.001054, 0.001046, 0.000920, 0.000884, 0.000970, 0.001099, 0.000945, 0.000975, 0.001004, 0.000930, 0.001069, 0.000899, 0.001094, 0.000409, 0.001724, 0.001492, 0.001812, 0.001678, 0.001902, 0.001686, 0.001831, 0.001841, 0.001870, 0.001688, 0.001821, 0.001800, 0.001656, 0.001845, 0.001700, 0.001762, 0.001796, 0.001857, 0.001671, 0.001699, 0.001828, 0.001662, 0.001671, 0.001316, 0.000694, 0.001501, 0.001477, 0.001430, 0.001233, 0.001361, 0.001175, 0.001455, 0.001322, 0.001422, 0.001288, 0.001384, 0.001288, 0.001466, 0.001342, 0.001617, 0.001369, 0.001409, 0.001251, 0.001392
8 , 1, 1, 1, 1, 1, 1, 1
8 , 0.019115, 0.021595, 0.024404, 0.024221, 0.025039, 0.022889, 0.022493
9 , 0.001812, 0.001678, 0.001902, 0.001686, 0.001831, 0.001841, 0.001870, 0.001688, 0.001821, 0.001800, 0.001656, 0.001845, 0.001700, 0.001762, 0.001796, 0.001857, 0.001671, 0.001699, 0.001828, 0.001662, 0.001671, 0.001316, 0.000694, 0.001501, 0.001477, 0.001430, 0.001233, 0.001361, 0.001175, 0.001455, 0.001322, 0.001422, 0.001288, 0.001384, 0.001288, 0.001466, 0.001342, 0.001617, 0.001369, 0.001409, 0.001251, 0.001392, 0.001442, 0.001382, 0.001250, 0.000331, 0.001432, 0.001346, 0.001565, 0.001506, 0.001591, 0.001595, 0.001583, 0.001875, 0.001625, 0.001781, 0.001644, 0.001762, 0.001732, 0.001785, 0.001575, 0.001595, 0.001717, 0.001565, 0.001644, 0.001621, 0.001728, 0.001736, 0.001692, 0.001720, 0.001691, 0.002094, 0.000191, 0.001620, 0.001431, 0.001397, 0.001245, 0.001221, 0.001250, 0.001370, 0.001245, 0.001255, 0.001077, 0.001199, 0.001074, 0.001222, 0.001221, 0.001199, 0.001231, 0.001228, 0.001261, 0.001228
9 , 1, 1, 1, 1, 1, 1, 1
9 , 0.012957, 0.015530, 0.018665, 0.019097, 0.018879, 0.016417, 0.016470
10 , 0.001506, 0.001591, 0.001595, 0.001583, 0.001875, 0.001625, 0.001781, 0.001644, 0.001762, 0.001732, 0.001785, 0.001575, 0.001595, 0.001717, 0.001565, 0.001644, 0.001621, 0.001728, 0.001736, 0.001692, 0.001720, 0.001691, 0.002094, 0.000191, 0.001620, 0.001431, 0.001397, 0.001245, 0.001221, 0.001250, 0.001370, 0.001245, 0.001255, 0.001077, 0.001199, 0.001074, 0.001222, 0.001221, 0.001199, 0.001231, 0.001228, 0.001261, 0.001228, 0.001289, 0.001040, 0.001229, 0.001153, 0.001248, 0.001126, 0.001278, 0.001203, 0.001328, 0.001195, 0.001289, 0.001311, 0.001457, 0.001430, 0.001494, 0.001186, 0.001494, 0.001344, 0.001413, 0.001408, 0.001530, 0.001312, 0.001443, 0.001251, 0.001373, 0.001455, 0.001401, 0.001367, 0.001421, 0.001326, 0.001389, 0.001541, 0.001476, 0.001453, 0.001389, 0.001457, 0.001458, 0.001458, 0.001320, 0.001480, 0.001230, 0.001427, 0.001217, 0.001362, 0.001148, 0.001254, 0.001073, 0.001172, 0.001132
10 , 2, 2, 2, 2, 1, 1, 1
10 , 0.009195, 0.009309, 0.009774, 0.009990, 0.011700, 0.009777, 0.010317
11 , 0.001203, 0.001328, 0.001195, 0.001289, 0.001311, 0.001457, 0.001430, 0.001494, 0.001186, 0.001494, 0.001344, 0.001413, 0.001408, 0.001530, 0.001312, 0.001443, 0.001251, 0.001373, 0.001455, 0.001401, 0.001367, 0.001421, 0.001326, 0.001389, 0.001541, 0.001476, 0.001453, 0.001389, 0.001457, 0.001458, 0.001458, 0.001320, 0.001480, 0.001230, 0.001427, 0.001217, 0.001362, 0.001148, 0.001254, 0.001073, 0.001172, 0.001132, 0.001277, 0.001114, 0.001326, 0.001256, 0.001402, 0.001174, 0.001378, 0.001305, 0.001299, 0.001206, 0.001413, 0.001313, 0.001340, 0.001517, 0.001454, 0.001424, 0.001361, 0.001552, 0.001527, 0.001595, 0.001300, 0.001463, 0.001140, 0.001307, 0.001307, 0.001292, 0.001168, 0.001265, 0.001046, 0.001236, 0.001236, 0.001281, 0.001155, 0.001189, 0.001035, 0.001320, 0.001103, 0.001252, 0.001128, 0.001240, 0.001202, 0.001292, 0.001222, 0.001133, 0.001253, 0.001238, 0.001235, 0.001115, 0.001285, 0.001283
11 , 1, 1, 1, 1, 1, 1, 1
11 , 0.003644, 0.003767, 0.004108, 0.003676, 0.003843, 0.003854, 0.004449
12 , 0.001413, 0.001313, 0.001340, 0.001517, 0.001454, 0.001424, 0.001361, 0.001552, 0.001527, 0.001595, 0.001300, 0.001463, 0.001140, 0.001307, 0.001307, 0.001292, 0.001168, 0.001265, 0.001046, 0.001236, 0.001236, 0.001281, 0.001155, 0.001189, 0.001035, 0.001320, 0.001103, 0.001252, 0.001128, 0.001240, 0.001202, 0.001292, 0.001222, 0.001133, 0.001253, 0.001238, 0.001235, 0.001115, 0.001285, 0.001283, 0.001407, 0.001155, 0.001245, 0.001213, 0.001407, 0.001398, 0.001369, 0.001315, 0.001381, 0.001198, 0.001334, 0.001123, 0.001283, 0.001222, 0.001263, 0.001111, 0.001241, 0.001148, 0.001179, 0.001181, 0.001206, 0.001285, 0.001280, 0.001160, 0.001121, 0.001334, 0.001219, 0.001167, 0.001185, 0.001304, 0.001354, 0.001386, 0.001174, 0.001334, 0.001148, 0.001397, 0.001272, 0.001344, 0.001158, 0.001292, 0.001282, 0.001382, 0.001195, 0.001304, 0.001180, 0.001272, 0.001115, 0.001236, 0.001179, 0.001211, 0.001119, 0.001119
12 , 2, 2, 2, 2, 1, 2, 2
12 , 0.003271, 0.003279, 0.002965, 0.002733, 0.002043, 0.001942, 0.001278
13 , 0.001315, 0.001381, 0.001198, 0.001334, 0.001123, 0.001283, 0.001222, 0.001263, 0.001111, 0.001241, 0.001148, 0.001179, 0.001181, 0.001206, 0.001285, 0.001280, 0.001160, 0.001121, 0.001334, 0.001219, 0.001167, 0.001185, 0.001304, 0.001354, 0.001386, 0.001174, 0.001334, 0.001148, 0.001397, 0.001272, 0.001344, 0.001158, 0.001292, 0.001282, 0.001382, 0.001195, 0.001304, 0.001180, 0.001272, 0.001115, 0.001236, 0.001179, 0.001211, 0.001119, 0.001119, 0.001153, 0.001213, 0.001273, 0.001214, 0.001272, 0.001217, 0.001222, 0.001104, 0.001256, 0.001128, 0.001136, 0.001040, 0.001261, 0.001147, 0.001247, 0.001148, 0.001250, 0.001035, 0.001236, 0.001088, 0.001094, 0.001000, 0.001187, 0.001082, 0.001057, 0.000966, 0.001055, 0.001018, 0.001105, 0.001096, 0.001100, 0.001181, 0.001194, 0.001272, 0.001236, 0.001297, 0.001160, 0.001428, 0.001332, 0.001424, 0.001233, 0.001483, 0.001271, 0.001370, 0.001302, 0.001477, 0.001294
13 , 2, 0, 0, 0, 0, 0, 0
13 , 0.001015, 0.001333, 0.002067, 0.002852, 0.003390, 0.003725, 0.003912
14 , 0.001104, 0.001256, 0.001128, 0.001136, 0.001040, 0.001261, 0.001147, 0.001247, 0.001148, 0.001250, 0.001035, 0.001236, 0.001088, 0.001094, 0.001000, 0.001187, 0.001082, 0.001057, 0.000966, 0.001055, 0.001018, 0.001105, 0.001096, 0.001100, 0.001181, 0.001194, 0.001272, 0.001236, 0.001297, 0.001160, 0.001428, 0.001332, 0.001424, 0.001233, 0.001483, 0.001271, 0.001370, 0.001302, 0.001477, 0.001294, 0.001395, 0.001268, 0.001428, 0.001177, 0.001343, 0.001283, 0.001373, 0.001338, 0.001276, 0.001270, 0.001419, 0.001326, 0.001300, 0.001518, 0.001331, 0.001396, 0.001271, 0.001268, 0.001299, 0.001463, 0.001398, 0.001375, 0.001253, 0.001497, 0.001229, 0.001426, 0.001206, 0.001250, 0.001221, 0.001351, 0.001317, 0.001356, 0.001234, 0.001342, 0.001204, 0.001105, 0.001161, 0.001286, 0.001168, 0.001147, 0.001215, 0.001130, 0.001132, 0.001056, 0.001005, 0.000975, 0.000948, 0.000965, 0.001143, 0.000997, 0.001125, 0.000973
14 , 3, 3, 3, 3, 3, 3, 3
14 , 0.006733, 0.007338, 0.008098, 0.008772, 0.009275, 0.009754, 0.010063
15 , 0.001300, 0.001518, 0.001331, 0.001396, 0.001271, 0.001268, 0.001299, 0.001463, 0.001398, 0.001375, 0.001253, 0.001497, 0.001229, 0.001426, 0.001206, 0.001250, 0.001221, 0.001351, 0.001317, 0.001356, 0.001234, 0.001342, 0.001204, 0.001105, 0.001161, 0.001286, 0.001168, 0.001147, 0.001215, 0.001130, 0.001132, 0.001056, 0.001005, 0.000975, 0.000948, 0.000965, 0.001143, 0.000997, 0.001125, 0.000973, 0.001121, 0.001046, 0.001141, 0.000972, 0.001063, 0.001073, 0.001157, 0.001121, 0.001215, 0.001195, 0.001319, 0.001216, 0.001217, 0.001204, 0.001291, 0.001254, 0.001366, 0.001428, 0.001337, 0.001395, 0.001395, 0.001360, 0.001255, 0.001326, 0.001261, 0.001419, 0.001229, 0.001484, 0.001332, 0.001480, 0.001305, 0.001315, 0.001279, 0.001373, 0.001283, 0.001296, 0.001143, 0.001269, 0.001270, 0.001240, 0.001267, 0.001216, 0.001304, 0.001333, 0.001326, 0.001172, 0.001209, 0.001246, 0.001238, 0.001250, 0.001317, 0.001157
15 , 2, 1, 1, 1, 1, 1, 1
15 , 0.005238, 0.005849, 0.006396, 0.006891, 0.007070, 0.006761, 0.006794
16 , 0.001319, 0.001216, 0.001217, 0.001204, 0.001291, 0.001254, 0.001366, 0.001428, 0.001337, 0.001395, 0.001395, 0.001360, 0.001255, 0.001326, 0.001261, 0.001419, 0.001229, 0.001484, 0.001332, 0.001480, 0.001305, 0.001315, 0.001279, 0.001373, 0.001283, 0.001296, 0.001143, 0.001269, 0.001270, 0.001240, 0.001267, 0.001216, 0.001304, 0.001333, 0.001326, 0.001172, 0.001209, 0.001246, 0.001238, 0.001250, 0.001317, 0.001157, 0.001317, 0.001129, 0.001314, 0.001152, 0.001304, 0.001264, 0.001267, 0.001126, 0.001247, 0.001273, 0.001450, 0.001412, 0.001448, 0.001265, 0.001329, 0.001244, 0.001247, 0.001183, 0.001192, 0.001229, 0.001261, 0.001389, 0.001124, 0.001280, 0.001311, 0.001255, 0.001158, 0.001326, 0.001256, 0.001290, 0.001141, 0.001329, 0.001172, 0.001294, 0.001170, 0.001249, 0.001267, 0.001243, 0.001207, 0.001263, 0.001199, 0.001258, 0.001245, 0.001304, 0.001241, 0.001240, 0.001204, 0.001235, 0.001363, 0.001140
16 , 1, 1, 1, 1, 1, 1, 1
16 , 0.001389, 0.001682, 0.002062, 0.002261, 0.002323, 0.002372, 0.002972
