0 , 0.001317, 0.001476, 0.001368, 0.001524, 0.001372, 0.001506, 0.001580, 0.001416, 0.001558, 0.001347, 0.001571, 0.001480, 0.001610, 0.001484, 0.001363, 0.001574, 0.001397, 0.001510, 0.001401, 0.001544, 0.001412, 0.001286, 0.001397, 0.000498, 0.001783, 0.001765, 0.001721, 0.001646, 0.001621, 0.001594, 0.001651, 0.001475, 0.001568, 0.001419, 0.001513, 0.001403, 0.001351, 0.001296, 0.001403, 0.001372, 0.001498, 0.001193, 0.001335, 0.001266, 0.001498, 0.001477, 0.001058, 0.000932, 0.001239, 0.001135, 0.001324, 0.001247, 0.001302, 0.001133, 0.001322, 0.001229, 0.001287, 0.001193, 0.001269, 0.001335, 0.001221, 0.001199, 0.001040, 0.001313, 0.001112, 0.001043, 0.001127, 0.001244, 0.001210, 0.001069, 0.001378, 0.000024, 0.001548, 0.001864, 0.001802, 0.001760, 0.001611, 0.001588, 0.001559, 0.001673, 0.001445, 0.001577, 0.001398, 0.001441, 0.001201, 0.001277, 0.001218, 0.001307, 0.001283, 0.001288, 0.001362, 0.001453
0 , 0, 0, 2, 2, 2, 0, 2
0 , 0.004881, 0.005181, 0.005320, 0.005262, 0.008028, 0.007394, 0.005619
1 , 0.001324, 0.001247, 0.001302, 0.001133, 0.001322, 0.001229, 0.001287, 0.001193, 0.001269, 0.001335, 0.001221, 0.001199, 0.001040, 0.001313, 0.001112, 0.001043, 0.001127, 0.001244, 0.001210, 0.001069, 0.001378, 0.000024, 0.001548, 0.001864, 0.001802, 0.001760, 0.001611, 0.001588, 0.001559, 0.001673, 0.001445, 0.001577, 0.001398, 0.001441, 0.001201, 0.001277, 0.001218, 0.001307, 0.001283, 0.001288, 0.001362, 0.001453, 0.001338, 0.001370, 0.001327, 0.001384, 0.001388, 0.000346, 0.001447, 0.001105, 0.001312, 0.001334, 0.001355, 0.001100, 0.001345, 0.001466, 0.001289, 0.001348, 0.001352, 0.001441, 0.001263, 0.001366, 0.001199, 0.001348, 0.001344, 0.001257, 0.001302, 0.001215, 0.001509, 0.001415, 0.001536, 0.001002, 0.000988, 0.001650, 0.001662, 0.001644, 0.001486, 0.001496, 0.001304, 0.001409, 0.001403, 0.001429, 0.001330, 0.001492, 0.001294, 0.001540, 0.001424, 0.001528, 0.001328, 0.001429, 0.001418, 0.001544
1 , 0, 0, 0, 0, 0, 0, 0
1 , 0.007620, 0.007480, 0.007320, 0.009656, 0.007886, 0.007738, 0.005918
2 , 0.001105, 0.001312, 0.001334, 0.001355, 0.001100, 0.001345, 0.001466, 0.001289, 0.001348, 0.001352, 0.001441, 0.001263, 0.001366, 0.001199, 0.001348, 0.001344, 0.001257, 0.001302, 0.001215, 0.001509, 0.001415, 0.001536, 0.001002, 0.000988, 0.001650, 0.001662, 0.001644, 0.001486, 0.001496, 0.001304, 0.001409, 0.001403, 0.001429, 0.001330, 0.001492, 0.001294, 0.001540, 0.001424, 0.001528, 0.001328, 0.001429, 0.001418, 0.001544, 0.001314, 0.001416, 0.001572, 0.000513, 0.001299, 0.001125, 0.001156, 0.001223, 0.001219, 0.001261, 0.001122, 0.001314, 0.001124, 0.001322, 0.001200, 0.001372, 0.001353, 0.001208, 0.001235, 0.001273, 0.001375, 0.001243, 0.001322, 0.001245, 0.001384, 0.001410, 0.001388, 0.001330, 0.001321, 0.001702, 0.000401, 0.001770, 0.001572, 0.001496, 0.001403, 0.001443, 0.001372, 0.001528, 0.001384, 0.001390, 0.001242, 0.001372, 0.001303, 0.001376, 0.001293, 0.001264, 0.001264, 0.001289, 0.001254
2 , 0, 0, 0, 0, 0, 0, 0
2 , 0.006539, 0.006185, 0.005359, 0.003355, 0.003656, 0.003194, 0.004091
3 , 0.000513, 0.001299, 0.001125, 0.001156, 0.001223, 0.001219, 0.001261, 0.001122, 0.001314, 0.001124, 0.001322, 0.001200, 0.001372, 0.001353, 0.001208, 0.001235, 0.001273, 0.001375, 0.001243, 0.001322, 0.001245, 0.001384, 0.001410, 0.001388, 0.001330, 0.001321, 0.001702, 0.000401, 0.001770, 0.001572, 0.001496, 0.001403, 0.001443, 0.001372, 0.001528, 0.001384, 0.001390, 0.001242, 0.001372, 0.001303, 0.001376, 0.001293, 0.001264, 0.001264, 0.001289, 0.001254, 0.001244, 0.001356, 0.001354, 0.001576, 0.001486, 0.001724, 0.001158, 0.000754, 0.001169, 0.001168, 0.001151, 0.001152, 0.001212, 0.001385, 0.001347, 0.001524, 0.001412, 0.001511, 0.001472, 0.001605, 0.001484, 0.001596, 0.001690, 0.001643, 0.001576, 0.001490, 0.001747, 0.001564, 0.001726, 0.001415, 0.001745, 0.000658, 0.001511, 0.001536, 0.001646, 0.001549, 0.001576, 0.001441, 0.001681, 0.001520, 0.001556, 0.001425, 0.001609, 0.001479, 0.001577, 0.001480
3 , 0, 0, 0, 0, 0, 0, 0
3 , 0.006661, 0.006009, 0.005734, 0.005353, 0.004257, 0.003402, 0.003486
4 , 0.001244, 0.001356, 0.001354, 0.001576, 0.001486, 0.001724, 0.001158, 0.000754, 0.001169, 0.001168, 0.001151, 0.001152, 0.001212, 0.001385, 0.001347, 0.001524, 0.001412, 0.001511, 0.001472, 0.001605, 0.001484, 0.001596, 0.001690, 0.001643, 0.001576, 0.001490, 0.001747, 0.001564, 0.001726, 0.001415, 0.001745, 0.000658, 0.001511, 0.001536, 0.001646, 0.001549, 0.001576, 0.001441, 0.001681, 0.001520, 0.001556, 0.001425, 0.001609, 0.001479, 0.001577, 0.001480, 0.001482, 0.001407, 0.001595, 0.001548, 0.001719, 0.001562, 0.001723, 0.001540, 0.001797, 0.000295, 0.000988, 0.001112, 0.001037, 0.001174, 0.001188, 0.001344, 0.001374, 0.001206, 0.001311, 0.001134, 0.001341, 0.001285, 0.001385, 0.001277, 0.001436, 0.001357, 0.001185, 0.001323, 0.001137, 0.001235, 0.001214, 0.001346, 0.001398, 0.001300, 0.001146, 0.001864, 0.001829, 0.001749, 0.001521, 0.001778, 0.001492, 0.001585, 0.001550, 0.001675, 0.001524, 0.001688
4 , 0, 0, 0, 0, 0, 0, 0
4 , 0.007397, 0.007510, 0.007762, 0.007606, 0.007130, 0.007713, 0.007846
5 , 0.001723, 0.001540, 0.001797, 0.000295, 0.000988, 0.001112, 0.001037, 0.001174, 0.001188, 0.001344, 0.001374, 0.001206, 0.001311, 0.001134, 0.001341, 0.001285, 0.001385, 0.001277, 0.001436, 0.001357, 0.001185, 0.001323, 0.001137, 0.001235, 0.001214, 0.001346, 0.001398, 0.001300, 0.001146, 0.001864, 0.001829, 0.001749, 0.001521, 0.001778, 0.001492, 0.001585, 0.001550, 0.001675, 0.001524, 0.001688, 0.001560, 0.001694, 0.001482, 0.001521, 0.001441, 0.001532, 0.001470, 0.001485, 0.001542, 0.001481, 0.001531, 0.001443, 0.001701, 0.000547, 0.001110, 0.001157, 0.001423, 0.001264, 0.001411, 0.001359, 0.001580, 0.001338, 0.001347, 0.001394, 0.001411, 0.001550, 0.001390, 0.001481, 0.001394, 0.001626, 0.001311, 0.001323, 0.001150, 0.001324, 0.001271, 0.001116, 0.001098, 0.001327, 0.000416, 0.002120, 0.001916, 0.002045, 0.001828, 0.001923, 0.001772, 0.001850, 0.001760, 0.001809, 0.001654, 0.001724, 0.001607, 0.001707
5 , 0, 0, 0, 0, 0, 0, 0
5 , 0.007025, 0.007676, 0.008443, 0.009385, 0.010649, 0.012164, 0.013303
6 , 0.001701, 0.000547, 0.001110, 0.001157, 0.001423, 0.001264, 0.001411, 0.001359, 0.001580, 0.001338, 0.001347, 0.001394, 0.001411, 0.001550, 0.001390, 0.001481, 0.001394, 0.001626, 0.001311, 0.001323, 0.001150, 0.001324, 0.001271, 0.001116, 0.001098, 0.001327, 0.000416, 0.002120, 0.001916, 0.002045, 0.001828, 0.001923, 0.001772, 0.001850, 0.001760, 0.001809, 0.001654, 0.001724, 0.001607, 0.001707, 0.001494, 0.001661, 0.001457, 0.001683, 0.001357, 0.001498, 0.001397, 0.001508, 0.001412, 0.001186, 0.000842, 0.001181, 0.001225, 0.001415, 0.001410, 0.001406, 0.001277, 0.001532, 0.001255, 0.001558, 0.001390, 0.001571, 0.001377, 0.001437, 0.001381, 0.001372, 0.001567, 0.001351, 0.001355, 0.001299, 0.001424, 0.001463, 0.001386, 0.001473, 0.000282, 0.001599, 0.001704, 0.001726, 0.001692, 0.001420, 0.001545, 0.001424, 0.001405, 0.001488, 0.001393, 0.001418, 0.001542, 0.001515, 0.001610, 0.001523, 0.001582, 0.001547
6 , 0, 0, 0, 0, 0, 0, 0
6 , 0.006046, 0.006407, 0.007617, 0.007905, 0.008620, 0.008432, 0.008183
7 , 0.000842, 0.001181, 0.001225, 0.001415, 0.001410, 0.001406, 0.001277, 0.001532, 0.001255, 0.001558, 0.001390, 0.001571, 0.001377, 0.001437, 0.001381, 0.001372, 0.001567, 0.001351, 0.001355, 0.001299, 0.001424, 0.001463, 0.001386, 0.001473, 0.000282, 0.001599, 0.001704, 0.001726, 0.001692, 0.001420, 0.001545, 0.001424, 0.001405, 0.001488, 0.001393, 0.001418, 0.001542, 0.001515, 0.001610, 0.001523, 0.001582, 0.001547, 0.001468, 0.001443, 0.001411, 0.001409, 0.001382, 0.001595, 0.001378, 0.001555, 0.000101, 0.001279, 0.001174, 0.001429, 0.001291, 0.001567, 0.001386, 0.001446, 0.001537, 0.001498, 0.001437, 0.001360, 0.001463, 0.001489, 0.001601, 0.001337, 0.001489, 0.001472, 0.001567, 0.001338, 0.001541, 0.001679, 0.001381, 0.001522, 0.001234, 0.000896, 0.001697, 0.001603, 0.001707, 0.001453, 0.001530, 0.001396, 0.001532, 0.001223, 0.001408, 0.001270, 0.001489, 0.001455, 0.001577, 0.001401, 0.001610, 0.001388
7 , 0, 0, 0, 0, 0, 0, 0
7 , 0.003779, 0.003776, 0.004092, 0.003421, 0.002740, 0.002406, 0.004514
8 , 0.001174, 0.001429, 0.001291, 0.001567, 0.001386, 0.001446, 0.001537, 0.001498, 0.001437, 0.001360, 0.001463, 0.001489, 0.001601, 0.001337, 0.001489, 0.001472, 0.001567, 0.001338, 0.001541, 0.001679, 0.001381, 0.001522, 0.001234, 0.000896, 0.001697, 0.001603, 0.001707, 0.001453, 0.001530, 0.001396, 0.001532, 0.001223, 0.001408, 0.001270, 0.001489, 0.001455, 0.001577, 0.001401, 0.001610, 0.001388, 0.001416, 0.001437, 0.001380, 0.001543, 0.001454, 0.001494, 0.000680, 0.001099, 0.001208, 0.001388, 0.001526, 0.001637, 0.001598, 0.001695, 0.001790, 0.001663, 0.001772, 0.001568, 0.001886, 0.001670, 0.001632, 0.001569, 0.001523, 0.001605, 0.001386, 0.001429, 0.001207, 0.001366, 0.001318, 0.001265, 0.001254, 0.000509, 0.002011, 0.002099, 0.001975, 0.001813, 0.001876, 0.001905, 0.001874, 0.001868, 0.001811, 0.001684, 0.001689, 0.001723, 0.001852, 0.001736, 0.001843, 0.001737, 0.001758, 0.001456, 0.001556, 0.001403
8 , 0, 0, 2, 2, 2, 2, 2
8 , 0.005629, 0.005556, 0.005191, 0.005850, 0.007639, 0.005456, 0.004892
9 , 0.001526, 0.001637, 0.001598, 0.001695, 0.001790, 0.001663, 0.001772, 0.001568, 0.001886, 0.001670, 0.001632, 0.001569, 0.001523, 0.001605, 0.001386, 0.001429, 0.001207, 0.001366, 0.001318, 0.001265, 0.001254, 0.000509, 0.002011, 0.002099, 0.001975, 0.001813, 0.001876, 0.001905, 0.001874, 0.001868, 0.001811, 0.001684, 0.001689, 0.001723, 0.001852, 0.001736, 0.001843, 0.001737, 0.001758, 0.001456, 0.001556, 0.001403, 0.001513, 0.001475, 0.001530, 0.001504, 0.001286, 0.000829, 0.001204, 0.001208, 0.001476, 0.001251, 0.001368, 0.001458, 0.001687, 0.001488, 0.001489, 0.001359, 0.001537, 0.001433, 0.001351, 0.001381, 0.001316, 0.001558, 0.001342, 0.001372, 0.001260, 0.001427, 0.001448, 0.001276, 0.001444, 0.000377, 0.001512, 0.001837, 0.001735, 0.001626, 0.001491, 0.001556, 0.001468, 0.001593, 0.001563, 0.001599, 0.001471, 0.001502, 0.001412, 0.001628, 0.001466, 0.001448, 0.001519, 0.001605, 0.001603, 0.001448
9 , 0, 0, 0, 0, 0, 0, 0
9 , 0.006010, 0.006348, 0.007106, 0.008607, 0.008636, 0.006970, 0.004960
10 , 0.001476, 0.001251, 0.001368, 0.001458, 0.001687, 0.001488, 0.001489, 0.001359, 0.001537, 0.001433, 0.001351, 0.001381, 0.001316, 0.001558, 0.001342, 0.001372, 0.001260, 0.001427, 0.001448, 0.001276, 0.001444, 0.000377, 0.001512, 0.001837, 0.001735, 0.001626, 0.001491, 0.001556, 0.001468, 0.001593, 0.001563, 0.001599, 0.001471, 0.001502, 0.001412, 0.001628, 0.001466, 0.001448, 0.001519, 0.001605, 0.001603, 0.001448, 0.001622, 0.001511, 0.001601, 0.000010, 0.001217, 0.000988, 0.001295, 0.001265, 0.001282, 0.001252, 0.001311, 0.001311, 0.001493, 0.001233, 0.001290, 0.001535, 0.001255, 0.001302, 0.001191, 0.001458, 0.001459, 0.001519, 0.001360, 0.001377, 0.001597, 0.001394, 0.001459, 0.001347, 0.001588, 0.001347, 0.001316, 0.001855, 0.001669, 0.001557, 0.001553, 0.001380, 0.001445, 0.001323, 0.001569, 0.001414, 0.001593, 0.001407, 0.001506, 0.001433, 0.001500, 0.001498, 0.001565, 0.001466, 0.001559, 0.001403
10 , 0, 0, 0, 0, 0, 0, 0
10 , 0.007400, 0.007425, 0.004627, 0.005741, 0.005081, 0.004118, 0.002451
11 , 0.000988, 0.001295, 0.001265, 0.001282, 0.001252, 0.001311, 0.001311, 0.001493, 0.001233, 0.001290, 0.001535, 0.001255, 0.001302, 0.001191, 0.001458, 0.001459, 0.001519, 0.001360, 0.001377, 0.001597, 0.001394, 0.001459, 0.001347, 0.001588, 0.001347, 0.001316, 0.001855, 0.001669, 0.001557, 0.001553, 0.001380, 0.001445, 0.001323, 0.001569, 0.001414, 0.001593, 0.001407, 0.001506, 0.001433, 0.001500, 0.001498, 0.001565, 0.001466, 0.001559, 0.001403, 0.001608, 0.001502, 0.001615, 0.001611, 0.001683, 0.001439, 0.001538, 0.001568, 0.001628, 0.001498, 0.001618, 0.001665, 0.001592, 0.001610, 0.001531, 0.001561, 0.001682, 0.001748, 0.001432, 0.001540, 0.001431, 0.001481, 0.001374, 0.001444, 0.001219, 0.001272, 0.001110, 0.001091, 0.000883, 0.001122, 0.000978, 0.001076, 0.000908, 0.001045, 0.000888, 0.000979, 0.000839, 0.001198, 0.001018, 0.001068, 0.001015, 0.001186, 0.001120, 0.001228, 0.001167, 0.001275, 0.001470
11 , 3, 3, 3, 3, 3, 3, 3
11 , 0.015841, 0.015970, 0.014353, 0.013725, 0.012892, 0.011769, 0.010768
12 , 0.001615, 0.001611, 0.001683, 0.001439, 0.001538, 0.001568, 0.001628, 0.001498, 0.001618, 0.001665, 0.001592, 0.001610, 0.001531, 0.001561, 0.001682, 0.001748, 0.001432, 0.001540, 0.001431, 0.001481, 0.001374, 0.001444, 0.001219, 0.001272, 0.001110, 0.001091, 0.000883, 0.001122, 0.000978, 0.001076, 0.000908, 0.001045, 0.000888, 0.000979, 0.000839, 0.001198, 0.001018, 0.001068, 0.001015, 0.001186, 0.001120, 0.001228, 0.001167, 0.001275, 0.001470, 0.001349, 0.001425, 0.001337, 0.001447, 0.001376, 0.001437, 0.001420, 0.001495, 0.001545, 0.001729, 0.001565, 0.001646, 0.001460, 0.001617, 0.001633, 0.001776, 0.001678, 0.001739, 0.001611, 0.001827, 0.001608, 0.001829, 0.001647, 0.001724, 0.001690, 0.001630, 0.001633, 0.001663, 0.001610, 0.001649, 0.001627, 0.001722, 0.001642, 0.001643, 0.001563, 0.001477, 0.001568, 0.001506, 0.001605, 0.001486, 0.001606, 0.001515, 0.001582, 0.001485, 0.001643, 0.001536, 0.001667
12 , 2, 2, 1, 1, 1, 1, 1
12 , 0.011242, 0.010996, 0.011270, 0.011398, 0.011413, 0.011219, 0.010766
13 , 0.001437, 0.001420, 0.001495, 0.001545, 0.001729, 0.001565, 0.001646, 0.001460, 0.001617, 0.001633, 0.001776, 0.001678, 0.001739, 0.001611, 0.001827, 0.001608, 0.001829, 0.001647, 0.001724, 0.001690, 0.001630, 0.001633, 0.001663, 0.001610, 0.001649, 0.001627, 0.001722, 0.001642, 0.001643, 0.001563, 0.001477, 0.001568, 0.001506, 0.001605, 0.001486, 0.001606, 0.001515, 0.001582, 0.001485, 0.001643, 0.001536, 0.001667, 0.001399, 0.001559, 0.001460, 0.001469, 0.001317, 0.001368, 0.001374, 0.001475, 0.001301, 0.001283, 0.001292, 0.001416, 0.001320, 0.001257, 0.001305, 0.001392, 0.001390, 0.001469, 0.001495, 0.001364, 0.001542, 0.001354, 0.001441, 0.001363, 0.001696, 0.001574, 0.001694, 0.001534, 0.001753, 0.001567, 0.001536, 0.001502, 0.001721, 0.001459, 0.001676, 0.001550, 0.001683, 0.001565, 0.001631, 0.001595, 0.001603, 0.001574, 0.001549, 0.001427, 0.001468, 0.001549, 0.001513, 0.001576, 0.001477, 0.001561
13 , 2, 2, 2, 2, 2, 2, 2
13 , 0.004105, 0.004337, 0.004558, 0.004502, 0.004848, 0.005122, 0.005346
14 , 0.001292, 0.001416, 0.001320, 0.001257, 0.001305, 0.001392, 0.001390, 0.001469, 0.001495, 0.001364, 0.001542, 0.001354, 0.001441, 0.001363, 0.001696, 0.001574, 0.001694, 0.001534, 0.001753, 0.001567, 0.001536, 0.001502, 0.001721, 0.001459, 0.001676, 0.001550, 0.001683, 0.001565, 0.001631, 0.001595, 0.001603, 0.001574, 0.001549, 0.001427, 0.001468, 0.001549, 0.001513, 0.001576, 0.001477, 0.001561, 0.001590, 0.001545, 0.001424, 0.001616, 0.001437, 0.001575, 0.001388, 0.001524, 0.001376, 0.001347, 0.001345, 0.001461, 0.001422, 0.001471, 0.001327, 0.001486, 0.001390, 0.001364, 0.001323, 0.001402, 0.001384, 0.001449, 0.001512, 0.001534, 0.001557, 0.001488, 0.001610, 0.001431, 0.001555, 0.001513, 0.001576, 0.001515, 0.001610, 0.001386, 0.001542, 0.001448, 0.001534, 0.001462, 0.001606, 0.001424, 0.001582, 0.001414, 0.001574, 0.001483, 0.001704, 0.001528, 0.001603, 0.001422, 0.001378, 0.001382, 0.001388, 0.001360
14 , 0, 0, 0, 0, 0, 0, 0
14 , 0.004498, 0.003986, 0.003726, 0.002990, 0.002255, 0.001712, 0.000970
15 , 0.001388, 0.001524, 0.001376, 0.001347, 0.001345, 0.001461, 0.001422, 0.001471, 0.001327, 0.001486, 0.001390, 0.001364, 0.001323, 0.001402, 0.001384, 0.001449, 0.001512, 0.001534, 0.001557, 0.001488, 0.001610, 0.001431, 0.001555, 0.001513, 0.001576, 0.001515, 0.001610, 0.001386, 0.001542, 0.001448, 0.001534, 0.001462, 0.001606, 0.001424, 0.001582, 0.001414, 0.001574, 0.001483, 0.001704, 0.001528, 0.001603, 0.001422, 0.001378, 0.001382, 0.001388, 0.001360, 0.001397, 0.001427, 0.001366, 0.001332, 0.001397, 0.001401, 0.001449, 0.001451, 0.001354, 0.001467, 0.001311, 0.001593, 0.001372, 0.001489, 0.001305, 0.001638, 0.001437, 0.001563, 0.001610, 0.001618, 0.001468, 0.001551, 0.001475, 0.001593, 0.001588, 0.001559, 0.001656, 0.001629, 0.001606, 0.001486, 0.001675, 0.001468, 0.001414, 0.001514, 0.001469, 0.001343, 0.001514, 0.001334, 0.001420, 0.001266, 0.001425, 0.001210, 0.001314, 0.001308, 0.001399, 0.001292
15 , 0, 0, 3, 3, 3, 3, 3
15 , 0.002299, 0.002072, 0.001367, 0.001963, 0.001891, 0.002284, 0.002387
16 , 0.001449, 0.001451, 0.001354, 0.001467, 0.001311, 0.001593, 0.001372, 0.001489, 0.001305, 0.001638, 0.001437, 0.001563, 0.001610, 0.001618, 0.001468, 0.001551, 0.001475, 0.001593, 0.001588, 0.001559, 0.001656, 0.001629, 0.001606, 0.001486, 0.001675, 0.001468, 0.001414, 0.001514, 0.001469, 0.001343, 0.001514, 0.001334, 0.001420, 0.001266, 0.001425, 0.001210, 0.001314, 0.001308, 0.001399, 0.001292, 0.001468, 0.001417, 0.001380, 0.001382, 0.001439, 0.001445, 0.001565, 0.001612, 0.001597, 0.001557, 0.001561, 0.001565, 0.001531, 0.001624, 0.001620, 0.001595, 0.001427, 0.001703, 0.001609, 0.001654, 0.001534, 0.001538, 0.001359, 0.001565, 0.001331, 0.001583, 0.001364, 0.001394, 0.001392, 0.001554, 0.001364, 0.001426, 0.001396, 0.001491, 0.001455, 0.001414, 0.001449, 0.001422, 0.001449, 0.001510, 0.001508, 0.001490, 0.001584, 0.001542, 0.001664, 0.001576, 0.001637, 0.001448, 0.001608, 0.001488, 0.001589, 0.001517
16 , 1, 1, 1, 1, 1, 2, 2
16 , 0.001902, 0.002107, 0.002652, 0.002590, 0.002330, 0.002300, 0.002844
