0 , 0.001288, 0.001292, 0.001230, 0.001193, 0.001385, 0.001167, 0.001266, 0.001355, 0.001455, 0.001335, 0.001289, 0.001614, 0.001395, 0.001541, 0.001421, 0.001424, 0.001703, 0.001527, 0.001626, 0.001400, 0.001574, 0.001576, 0.001554, 0.001347, 0.000953, 0.001248, 0.001509, 0.001325, 0.001283, 0.001111, 0.001207, 0.001035, 0.001304, 0.001000, 0.001221, 0.001042, 0.001348, 0.001105, 0.001344, 0.001070, 0.001373, 0.001170, 0.001424, 0.001218, 0.001385, 0.001136, 0.001406, 0.000307, 0.001073, 0.001100, 0.001365, 0.001206, 0.001235, 0.001146, 0.001330, 0.001458, 0.001266, 0.001287, 0.001082, 0.001223, 0.001206, 0.001300, 0.001270, 0.000959, 0.001301, 0.001253, 0.001285, 0.001255, 0.001146, 0.001470, 0.001286, 0.001735, 0.000558, 0.001488, 0.001592, 0.001303, 0.001295, 0.001269, 0.001317, 0.001092, 0.001187, 0.001092, 0.001128, 0.001029, 0.001219, 0.001138, 0.001149, 0.000998, 0.001149, 0.001130, 0.001077, 0.001124
0 , 2, 2, 2, 2, 1, 1, 1
0 , 0.002115, 0.002675, 0.002613, 0.003709, 0.007240, 0.006351, 0.006595
1 , 0.001365, 0.001206, 0.001235, 0.001146, 0.001330, 0.001458, 0.001266, 0.001287, 0.001082, 0.001223, 0.001206, 0.001300, 0.001270, 0.000959, 0.001301, 0.001253, 0.001285, 0.001255, 0.001146, 0.001470, 0.001286, 0.001735, 0.000558, 0.001488, 0.001592, 0.001303, 0.001295, 0.001269, 0.001317, 0.001092, 0.001187, 0.001092, 0.001128, 0.001029, 0.001219, 0.001138, 0.001149, 0.000998, 0.001149, 0.001130, 0.001077, 0.001124, 0.001110, 0.001261, 0.001208, 0.001114, 0.001345, 0.000911, 0.001077, 0.001245, 0.001431, 0.001431, 0.001339, 0.001391, 0.001203, 0.001524, 0.001349, 0.001511, 0.001511, 0.001418, 0.001421, 0.001342, 0.001474, 0.001412, 0.001408, 0.001508, 0.001511, 0.001537, 0.001239, 0.001494, 0.001448, 0.001812, 0.000329, 0.001496, 0.001424, 0.001476, 0.001217, 0.001351, 0.001234, 0.001269, 0.001096, 0.001355, 0.001191, 0.001355, 0.001178, 0.001410, 0.001250, 0.001320, 0.001233, 0.001457, 0.001324, 0.001462
1 , 3, 1, 1, 1, 1, 1, 1
1 , 0.001966, 0.002536, 0.003473, 0.004587, 0.004830, 0.003552, 0.004629
2 , 0.001431, 0.001431, 0.001339, 0.001391, 0.001203, 0.001524, 0.001349, 0.001511, 0.001511, 0.001418, 0.001421, 0.001342, 0.001474, 0.001412, 0.001408, 0.001508, 0.001511, 0.001537, 0.001239, 0.001494, 0.001448, 0.001812, 0.000329, 0.001496, 0.001424, 0.001476, 0.001217, 0.001351, 0.001234, 0.001269, 0.001096, 0.001355, 0.001191, 0.001355, 0.001178, 0.001410, 0.001250, 0.001320, 0.001233, 0.001457, 0.001324, 0.001462, 0.001311, 0.001553, 0.001372, 0.001462, 0.000429, 0.001004, 0.000918, 0.001197, 0.001048, 0.001272, 0.001063, 0.001219, 0.001240, 0.001270, 0.001330, 0.001101, 0.001306, 0.001231, 0.001244, 0.001218, 0.001147, 0.001315, 0.001229, 0.001418, 0.001385, 0.001329, 0.001577, 0.001378, 0.001431, 0.001484, 0.001427, 0.000845, 0.001648, 0.001473, 0.001486, 0.001083, 0.001360, 0.001169, 0.001363, 0.001276, 0.001410, 0.001273, 0.001394, 0.001209, 0.001308, 0.001269, 0.001421, 0.001193, 0.001237, 0.001033
2 , 2, 2, 2, 2, 2, 1, 2
2 , 0.004466, 0.004583, 0.004883, 0.005431, 0.002877, 0.003181, 0.003570
3 , 0.001197, 0.001048, 0.001272, 0.001063, 0.001219, 0.001240, 0.001270, 0.001330, 0.001101, 0.001306, 0.001231, 0.001244, 0.001218, 0.001147, 0.001315, 0.001229, 0.001418, 0.001385, 0.001329, 0.001577, 0.001378, 0.001431, 0.001484, 0.001427, 0.000845, 0.001648, 0.001473, 0.001486, 0.001083, 0.001360, 0.001169, 0.001363, 0.001276, 0.001410, 0.001273, 0.001394, 0.001209, 0.001308, 0.001269, 0.001421, 0.001193, 0.001237, 0.001033, 0.001186, 0.001074, 0.001093, 0.001093, 0.000934, 0.001195, 0.000014, 0.001028, 0.001509, 0.001589, 0.001558, 0.001456, 0.001803, 0.001752, 0.001840, 0.001602, 0.001852, 0.001798, 0.001620, 0.001713, 0.001461, 0.001654, 0.001577, 0.001448, 0.001454, 0.001315, 0.001541, 0.001464, 0.001560, 0.001447, 0.001539, 0.000172, 0.001807, 0.001634, 0.001570, 0.001539, 0.001505, 0.001484, 0.001467, 0.001496, 0.001440, 0.001557, 0.001259, 0.001393, 0.001302, 0.001298, 0.001216, 0.001411, 0.001230
3 , 3, 3, 3, 1, 1, 1, 1
3 , 0.003353, 0.002043, 0.001961, 0.001993, 0.003616, 0.004697, 0.006875
4 , 0.001589, 0.001558, 0.001456, 0.001803, 0.001752, 0.001840, 0.001602, 0.001852, 0.001798, 0.001620, 0.001713, 0.001461, 0.001654, 0.001577, 0.001448, 0.001454, 0.001315, 0.001541, 0.001464, 0.001560, 0.001447, 0.001539, 0.000172, 0.001807, 0.001634, 0.001570, 0.001539, 0.001505, 0.001484, 0.001467, 0.001496, 0.001440, 0.001557, 0.001259, 0.001393, 0.001302, 0.001298, 0.001216, 0.001411, 0.001230, 0.001399, 0.001230, 0.001290, 0.001234, 0.001518, 0.000645, 0.000663, 0.001282, 0.001196, 0.001236, 0.001199, 0.001501, 0.001398, 0.001371, 0.001365, 0.001301, 0.001497, 0.001404, 0.001536, 0.001507, 0.001315, 0.001703, 0.001374, 0.001470, 0.001427, 0.001388, 0.001454, 0.001464, 0.001408, 0.001490, 0.000742, 0.001419, 0.001568, 0.001494, 0.001642, 0.001390, 0.001387, 0.001136, 0.001356, 0.001162, 0.001391, 0.001171, 0.001474, 0.001192, 0.001349, 0.001162, 0.001365, 0.001243, 0.001421, 0.001248, 0.001391, 0.001162
4 , 1, 1, 1, 1, 1, 1, 1
4 , 0.002820, 0.004458, 0.006622, 0.007190, 0.004845, 0.006412, 0.007390
5 , 0.001398, 0.001371, 0.001365, 0.001301, 0.001497, 0.001404, 0.001536, 0.001507, 0.001315, 0.001703, 0.001374, 0.001470, 0.001427, 0.001388, 0.001454, 0.001464, 0.001408, 0.001490, 0.000742, 0.001419, 0.001568, 0.001494, 0.001642, 0.001390, 0.001387, 0.001136, 0.001356, 0.001162, 0.001391, 0.001171, 0.001474, 0.001192, 0.001349, 0.001162, 0.001365, 0.001243, 0.001421, 0.001248, 0.001391, 0.001162, 0.001373, 0.001234, 0.001351, 0.001239, 0.000282, 0.001062, 0.001051, 0.001223, 0.001044, 0.001127, 0.001299, 0.001219, 0.001328, 0.001114, 0.001365, 0.001421, 0.001428, 0.001392, 0.001180, 0.001385, 0.001269, 0.001392, 0.001345, 0.001206, 0.001474, 0.001355, 0.001451, 0.001295, 0.001287, 0.000725, 0.001613, 0.001361, 0.001351, 0.001177, 0.001246, 0.001116, 0.001330, 0.001058, 0.001202, 0.001079, 0.001174, 0.001139, 0.001216, 0.001337, 0.001387, 0.001313, 0.001373, 0.001312, 0.001217, 0.001341, 0.001191, 0.001440
5 , 2, 1, 2, 1, 1, 1, 1
5 , 0.001245, 0.003197, 0.003291, 0.004439, 0.006269, 0.007394, 0.007770
6 , 0.001328, 0.001114, 0.001365, 0.001421, 0.001428, 0.001392, 0.001180, 0.001385, 0.001269, 0.001392, 0.001345, 0.001206, 0.001474, 0.001355, 0.001451, 0.001295, 0.001287, 0.000725, 0.001613, 0.001361, 0.001351, 0.001177, 0.001246, 0.001116, 0.001330, 0.001058, 0.001202, 0.001079, 0.001174, 0.001139, 0.001216, 0.001337, 0.001387, 0.001313, 0.001373, 0.001312, 0.001217, 0.001341, 0.001191, 0.001440, 0.000331, 0.000897, 0.001133, 0.000978, 0.001135, 0.000999, 0.001291, 0.001189, 0.001202, 0.001136, 0.001119, 0.001353, 0.001065, 0.001125, 0.001053, 0.001197, 0.001289, 0.001121, 0.001045, 0.000990, 0.001190, 0.001069, 0.001084, 0.001051, 0.001261, 0.000277, 0.001857, 0.001707, 0.001671, 0.001586, 0.001603, 0.001680, 0.001450, 0.001566, 0.001411, 0.001535, 0.001280, 0.001496, 0.001367, 0.001419, 0.001211, 0.001453, 0.001186, 0.001407, 0.001208, 0.001424, 0.001157, 0.001373, 0.001029, 0.001407, 0.000770, 0.000604
6 , 2, 2, 2, 2, 2, 2, 1
6 , 0.008157, 0.007816, 0.006817, 0.005350, 0.004284, 0.003699, 0.003765
7 , 0.001291, 0.001189, 0.001202, 0.001136, 0.001119, 0.001353, 0.001065, 0.001125, 0.001053, 0.001197, 0.001289, 0.001121, 0.001045, 0.000990, 0.001190, 0.001069, 0.001084, 0.001051, 0.001261, 0.000277, 0.001857, 0.001707, 0.001671, 0.001586, 0.001603, 0.001680, 0.001450, 0.001566, 0.001411, 0.001535, 0.001280, 0.001496, 0.001367, 0.001419, 0.001211, 0.001453, 0.001186, 0.001407, 0.001208, 0.001424, 0.001157, 0.001373, 0.001029, 0.001407, 0.000770, 0.000604, 0.001129, 0.001196, 0.001312, 0.001136, 0.001388, 0.001481, 0.001378, 0.001279, 0.001186, 0.001517, 0.001487, 0.001464, 0.001428, 0.001444, 0.001484, 0.001414, 0.001554, 0.001348, 0.001404, 0.001623, 0.001478, 0.001447, 0.001585, 0.000646, 0.001276, 0.001545, 0.001444, 0.001600, 0.001466, 0.001634, 0.001415, 0.001584, 0.001321, 0.001493, 0.001402, 0.001592, 0.001373, 0.001563, 0.001550, 0.001528, 0.001425, 0.001468, 0.001516, 0.001607, 0.001403, 0.001515
7 , 0, 0, 0, 0, 0, 0, 3
7 , 0.008296, 0.008697, 0.007437, 0.006243, 0.005011, 0.002886, 0.001999
8 , 0.001196, 0.001312, 0.001136, 0.001388, 0.001481, 0.001378, 0.001279, 0.001186, 0.001517, 0.001487, 0.001464, 0.001428, 0.001444, 0.001484, 0.001414, 0.001554, 0.001348, 0.001404, 0.001623, 0.001478, 0.001447, 0.001585, 0.000646, 0.001276, 0.001545, 0.001444, 0.001600, 0.001466, 0.001634, 0.001415, 0.001584, 0.001321, 0.001493, 0.001402, 0.001592, 0.001373, 0.001563, 0.001550, 0.001528, 0.001425, 0.001468, 0.001516, 0.001607, 0.001403, 0.001515, 0.001519, 0.000123, 0.000859, 0.000963, 0.000999, 0.001070, 0.000906, 0.001274, 0.001170, 0.001266, 0.001155, 0.001187, 0.001338, 0.001191, 0.001383, 0.001182, 0.001274, 0.001393, 0.001248, 0.001312, 0.001256, 0.001358, 0.001345, 0.001438, 0.001414, 0.001201, 0.000690, 0.001551, 0.001522, 0.001531, 0.001345, 0.001492, 0.001306, 0.001406, 0.001375, 0.001363, 0.001298, 0.001369, 0.001257, 0.001196, 0.001317, 0.001287, 0.001326, 0.001064, 0.001228, 0.001180, 0.001237
8 , 0, 0, 0, 0, 0, 0, 2
8 , 0.006801, 0.005998, 0.005096, 0.002136, 0.003523, 0.002483, 0.001241
9 , 0.000123, 0.000859, 0.000963, 0.000999, 0.001070, 0.000906, 0.001274, 0.001170, 0.001266, 0.001155, 0.001187, 0.001338, 0.001191, 0.001383, 0.001182, 0.001274, 0.001393, 0.001248, 0.001312, 0.001256, 0.001358, 0.001345, 0.001438, 0.001414, 0.001201, 0.000690, 0.001551, 0.001522, 0.001531, 0.001345, 0.001492, 0.001306, 0.001406, 0.001375, 0.001363, 0.001298, 0.001369, 0.001257, 0.001196, 0.001317, 0.001287, 0.001326, 0.001064, 0.001228, 0.001180, 0.001237, 0.001147, 0.001376, 0.000905, 0.001442, 0.000058, 0.001183, 0.001453, 0.001208, 0.001345, 0.001281, 0.001542, 0.001565, 0.001546, 0.001559, 0.001400, 0.001603, 0.001477, 0.001516, 0.001420, 0.001440, 0.001570, 0.001249, 0.001488, 0.001312, 0.001176, 0.001425, 0.001348, 0.001345, 0.001574, 0.000072, 0.001518, 0.001553, 0.001583, 0.001505, 0.001362, 0.001388, 0.001354, 0.001665, 0.001319, 0.001535, 0.001432, 0.001704, 0.001419, 0.001622, 0.001407, 0.001736
9 , 0, 0, 0, 0, 0, 0, 0
9 , 0.004580, 0.004478, 0.004534, 0.005039, 0.003727, 0.002542, 0.002765
10 , 0.001442, 0.000058, 0.001183, 0.001453, 0.001208, 0.001345, 0.001281, 0.001542, 0.001565, 0.001546, 0.001559, 0.001400, 0.001603, 0.001477, 0.001516, 0.001420, 0.001440, 0.001570, 0.001249, 0.001488, 0.001312, 0.001176, 0.001425, 0.001348, 0.001345, 0.001574, 0.000072, 0.001518, 0.001553, 0.001583, 0.001505, 0.001362, 0.001388, 0.001354, 0.001665, 0.001319, 0.001535, 0.001432, 0.001704, 0.001419, 0.001622, 0.001407, 0.001736, 0.001538, 0.001671, 0.001468, 0.001593, 0.001346, 0.001611, 0.001079, 0.000415, 0.001013, 0.001109, 0.001192, 0.001017, 0.001008, 0.001243, 0.001335, 0.001418, 0.001233, 0.001352, 0.001536, 0.001400, 0.001647, 0.001373, 0.001585, 0.001674, 0.001541, 0.001816, 0.001571, 0.001709, 0.001665, 0.001562, 0.001640, 0.001489, 0.001924, 0.000946, 0.001340, 0.001430, 0.001529, 0.001239, 0.001254, 0.001213, 0.001226, 0.001315, 0.001380, 0.001363, 0.001345, 0.001419, 0.001311, 0.001324, 0.001164
10 , 0, 0, 0, 0, 0, 0, 3
10 , 0.004606, 0.003799, 0.003669, 0.003154, 0.002471, 0.001186, 0.001371
11 , 0.001593, 0.001346, 0.001611, 0.001079, 0.000415, 0.001013, 0.001109, 0.001192, 0.001017, 0.001008, 0.001243, 0.001335, 0.001418, 0.001233, 0.001352, 0.001536, 0.001400, 0.001647, 0.001373, 0.001585, 0.001674, 0.001541, 0.001816, 0.001571, 0.001709, 0.001665, 0.001562, 0.001640, 0.001489, 0.001924, 0.000946, 0.001340, 0.001430, 0.001529, 0.001239, 0.001254, 0.001213, 0.001226, 0.001315, 0.001380, 0.001363, 0.001345, 0.001419, 0.001311, 0.001324, 0.001164, 0.001363, 0.001255, 0.001393, 0.001251, 0.001397, 0.001203, 0.001419, 0.001259, 0.001501, 0.001311, 0.001397, 0.001315, 0.001626, 0.001280, 0.001548, 0.001298, 0.001548, 0.001216, 0.001600, 0.001362, 0.001492, 0.001298, 0.001531, 0.001349, 0.001380, 0.001220, 0.001496, 0.001362, 0.001479, 0.001220, 0.001557, 0.001259, 0.001419, 0.001393, 0.001518, 0.001298, 0.001505, 0.001480, 0.001445, 0.001411, 0.001385, 0.001298, 0.001410, 0.001363, 0.001458, 0.001402
11 , 0, 0, 0, 0, 0, 0, 0
11 , 0.004482, 0.003800, 0.003211, 0.002965, 0.002333, 0.001781, 0.001144
12 , 0.001363, 0.001255, 0.001393, 0.001251, 0.001397, 0.001203, 0.001419, 0.001259, 0.001501, 0.001311, 0.001397, 0.001315, 0.001626, 0.001280, 0.001548, 0.001298, 0.001548, 0.001216, 0.001600, 0.001362, 0.001492, 0.001298, 0.001531, 0.001349, 0.001380, 0.001220, 0.001496, 0.001362, 0.001479, 0.001220, 0.001557, 0.001259, 0.001419, 0.001393, 0.001518, 0.001298, 0.001505, 0.001480, 0.001445, 0.001411, 0.001385, 0.001298, 0.001410, 0.001363, 0.001458, 0.001402, 0.001337, 0.001449, 0.001393, 0.001510, 0.001502, 0.001589, 0.001556, 0.001592, 0.001491, 0.001785, 0.001633, 0.001837, 0.001613, 0.001882, 0.001769, 0.001814, 0.001663, 0.001856, 0.001723, 0.001784, 0.001545, 0.001712, 0.001425, 0.001663, 0.001441, 0.001607, 0.001355, 0.001574, 0.001198, 0.001354, 0.001174, 0.001361, 0.001163, 0.001288, 0.001130, 0.001395, 0.001191, 0.001260, 0.000966, 0.001334, 0.001105, 0.001279, 0.001142, 0.001335, 0.001179, 0.001331
12 , 3, 3, 3, 3, 3, 3, 3
12 , 0.007937, 0.008038, 0.008525, 0.008645, 0.008956, 0.008838, 0.009325
13 , 0.001556, 0.001592, 0.001491, 0.001785, 0.001633, 0.001837, 0.001613, 0.001882, 0.001769, 0.001814, 0.001663, 0.001856, 0.001723, 0.001784, 0.001545, 0.001712, 0.001425, 0.001663, 0.001441, 0.001607, 0.001355, 0.001574, 0.001198, 0.001354, 0.001174, 0.001361, 0.001163, 0.001288, 0.001130, 0.001395, 0.001191, 0.001260, 0.000966, 0.001334, 0.001105, 0.001279, 0.001142, 0.001335, 0.001179, 0.001331, 0.001204, 0.001385, 0.001294, 0.001407, 0.001371, 0.001483, 0.001285, 0.001349, 0.001345, 0.001500, 0.001406, 0.001449, 0.001471, 0.001548, 0.001446, 0.001585, 0.001490, 0.001486, 0.001576, 0.001578, 0.001495, 0.001505, 0.001616, 0.001586, 0.001564, 0.001550, 0.001528, 0.001645, 0.001636, 0.001372, 0.001536, 0.001380, 0.001527, 0.001388, 0.001406, 0.001259, 0.001483, 0.001354, 0.001492, 0.001376, 0.001500, 0.001324, 0.001552, 0.001276, 0.001462, 0.001237, 0.001647, 0.001376, 0.001544, 0.001345, 0.001531, 0.001280
13 , 1, 1, 1, 1, 1, 1, 1
13 , 0.010108, 0.010995, 0.010450, 0.011231, 0.010689, 0.010872, 0.010145
14 , 0.001500, 0.001406, 0.001449, 0.001471, 0.001548, 0.001446, 0.001585, 0.001490, 0.001486, 0.001576, 0.001578, 0.001495, 0.001505, 0.001616, 0.001586, 0.001564, 0.001550, 0.001528, 0.001645, 0.001636, 0.001372, 0.001536, 0.001380, 0.001527, 0.001388, 0.001406, 0.001259, 0.001483, 0.001354, 0.001492, 0.001376, 0.001500, 0.001324, 0.001552, 0.001276, 0.001462, 0.001237, 0.001647, 0.001376, 0.001544, 0.001345, 0.001531, 0.001280, 0.001444, 0.001298, 0.001359, 0.001329, 0.001559, 0.001266, 0.001332, 0.001172, 0.001406, 0.001074, 0.001339, 0.001170, 0.001325, 0.001255, 0.001374, 0.001267, 0.001390, 0.001232, 0.001397, 0.001172, 0.001248, 0.001246, 0.001453, 0.001163, 0.001365, 0.001351, 0.001437, 0.001333, 0.001485, 0.001324, 0.001410, 0.001359, 0.001557, 0.001440, 0.001423, 0.001449, 0.001505, 0.001431, 0.001488, 0.001509, 0.001509, 0.001505, 0.001479, 0.001496, 0.001397, 0.001414, 0.001475, 0.001462, 0.001462
14 , 2, 2, 2, 2, 2, 2, 2
14 , 0.004920, 0.005680, 0.005662, 0.006185, 0.006058, 0.006598, 0.006728
15 , 0.001074, 0.001339, 0.001170, 0.001325, 0.001255, 0.001374, 0.001267, 0.001390, 0.001232, 0.001397, 0.001172, 0.001248, 0.001246, 0.001453, 0.001163, 0.001365, 0.001351, 0.001437, 0.001333, 0.001485, 0.001324, 0.001410, 0.001359, 0.001557, 0.001440, 0.001423, 0.001449, 0.001505, 0.001431, 0.001488, 0.001509, 0.001509, 0.001505, 0.001479, 0.001496, 0.001397, 0.001414, 0.001475, 0.001462, 0.001462, 0.001583, 0.001540, 0.001622, 0.001488, 0.001466, 0.001518, 0.001570, 0.001397, 0.001561, 0.001397, 0.001449, 0.001332, 0.001514, 0.001358, 0.001596, 0.001436, 0.001527, 0.001265, 0.001473, 0.001325, 0.001405, 0.001198, 0.001381, 0.001165, 0.001355, 0.001207, 0.001441, 0.001284, 0.001462, 0.001249, 0.001486, 0.001243, 0.001520, 0.001281, 0.001579, 0.001376, 0.001635, 0.001444, 0.001712, 0.001479, 0.001673, 0.001453, 0.001669, 0.001371, 0.001522, 0.001336, 0.001665, 0.001466, 0.001600, 0.001306, 0.001587, 0.001492
15 , 0, 0, 0, 0, 0, 0, 0
15 , 0.005912, 0.005589, 0.006239, 0.006483, 0.006786, 0.006456, 0.006439
16 , 0.001449, 0.001332, 0.001514, 0.001358, 0.001596, 0.001436, 0.001527, 0.001265, 0.001473, 0.001325, 0.001405, 0.001198, 0.001381, 0.001165, 0.001355, 0.001207, 0.001441, 0.001284, 0.001462, 0.001249, 0.001486, 0.001243, 0.001520, 0.001281, 0.001579, 0.001376, 0.001635, 0.001444, 0.001712, 0.001479, 0.001673, 0.001453, 0.001669, 0.001371, 0.001522, 0.001336, 0.001665, 0.001466, 0.001600, 0.001306, 0.001587, 0.001492, 0.001639, 0.001363, 0.001462, 0.001332, 0.001561, 0.001229, 0.001476, 0.001354, 0.001467, 0.001337, 0.001411, 0.001268, 0.001514, 0.001445, 0.001441, 0.001259, 0.001475, 0.001410, 0.001526, 0.001354, 0.001496, 0.001522, 0.001492, 0.001410, 0.001419, 0.001501, 0.001527, 0.001511, 0.001442, 0.001533, 0.001585, 0.001625, 0.001542, 0.001564, 0.001633, 0.001585, 0.001627, 0.001520, 0.001504, 0.001619, 0.001589, 0.001571, 0.001459, 0.001610, 0.001579, 0.001614, 0.001489, 0.001523, 0.001532, 0.001605
16 , 0, 0, 0, 0, 0, 0, 0
16 , 0.005181, 0.005472, 0.005236, 0.005989, 0.005225, 0.005335, 0.004574
