0 , 0.001521, 0.001202, 0.001180, 0.001111, 0.001113, 0.001086, 0.001005, 0.001003, 0.000948, 0.001062, 0.001031, 0.001129, 0.001084, 0.001131, 0.000975, 0.001040, 0.001001, 0.001216, 0.001009, 0.001198, 0.000939, 0.001101, 0.000601, 0.001270, 0.001765, 0.001689, 0.001909, 0.001594, 0.001821, 0.001849, 0.001919, 0.001786, 0.001869, 0.002025, 0.001920, 0.001960, 0.001709, 0.001943, 0.001973, 0.002047, 0.001887, 0.001857, 0.001940, 0.001737, 0.001958, 0.001763, 0.002160, 0.001015, 0.001374, 0.001435, 0.001321, 0.001216, 0.001455, 0.001200, 0.001376, 0.001303, 0.001398, 0.001327, 0.001426, 0.001360, 0.001399, 0.001211, 0.001369, 0.001068, 0.001386, 0.001191, 0.001266, 0.001057, 0.001215, 0.001070, 0.001163, 0.001091, 0.001283, 0.000677, 0.001621, 0.001738, 0.001611, 0.001759, 0.001620, 0.001837, 0.001828, 0.001807, 0.001781, 0.001768, 0.001949, 0.001803, 0.001885, 0.001574, 0.001855, 0.001807, 0.001907, 0.001695
0 , 0, 0, 0, 0, 0, 0, 0
0 , 0.017224, 0.019958, 0.023425, 0.025160, 0.027031, 0.027795, 0.028652
1 , 0.001455, 0.001200, 0.001376, 0.001303, 0.001398, 0.001327, 0.001426, 0.001360, 0.001399, 0.001211, 0.001369, 0.001068, 0.001386, 0.001191, 0.001266, 0.001057, 0.001215, 0.001070, 0.001163, 0.001091, 0.001283, 0.000677, 0.001621, 0.001738, 0.001611, 0.001759, 0.001620, 0.001837, 0.001828, 0.001807, 0.001781, 0.001768, 0.001949, 0.001803, 0.001885, 0.001574, 0.001855, 0.001807, 0.001907, 0.001695, 0.001703, 0.001920, 0.001690, 0.001812, 0.001705, 0.001710, 0.000756, 0.001442, 0.001220, 0.001187, 0.001050, 0.001152, 0.001031, 0.001133, 0.000996, 0.001183, 0.000994, 0.001142, 0.001072, 0.001068, 0.000977, 0.001094, 0.001027, 0.001088, 0.001080, 0.001072, 0.001170, 0.001100, 0.001202, 0.000259, 0.001405, 0.001466, 0.001713, 0.001613, 0.001721, 0.001380, 0.001629, 0.001680, 0.001575, 0.001489, 0.001398, 0.001578, 0.001392, 0.001553, 0.001355, 0.001699, 0.001614, 0.001553, 0.001463, 0.001450, 0.001753, 0.001597
1 , 0, 0, 0, 0, 0, 0, 0
1 , 0.017095, 0.018805, 0.022213, 0.022375, 0.022135, 0.020511, 0.019431
2 , 0.001187, 0.001050, 0.001152, 0.001031, 0.001133, 0.000996, 0.001183, 0.000994, 0.001142, 0.001072, 0.001068, 0.000977, 0.001094, 0.001027, 0.001088, 0.001080, 0.001072, 0.001170, 0.001100, 0.001202, 0.000259, 0.001405, 0.001466, 0.001713, 0.001613, 0.001721, 0.001380, 0.001629, 0.001680, 0.001575, 0.001489, 0.001398, 0.001578, 0.001392, 0.001553, 0.001355, 0.001699, 0.001614, 0.001553, 0.001463, 0.001450, 0.001753, 0.001597, 0.001599, 0.001636, 0.001618, 0.001955, 0.000337, 0.001839, 0.001336, 0.001410, 0.001323, 0.001209, 0.001157, 0.001157, 0.001243, 0.001188, 0.001194, 0.001154, 0.001316, 0.001186, 0.001209, 0.001203, 0.001292, 0.001199, 0.001351, 0.001193, 0.001315, 0.001216, 0.001313, 0.001095, 0.001379, 0.000933, 0.000854, 0.001441, 0.001475, 0.001470, 0.001470, 0.001794, 0.001556, 0.001659, 0.001375, 0.001667, 0.001711, 0.001694, 0.001568, 0.001651, 0.001749, 0.001599, 0.001728, 0.001534, 0.001684
2 , 0, 0, 0, 0, 0, 0, 0
2 , 0.012749, 0.013668, 0.016733, 0.018548, 0.016378, 0.017392, 0.017882
3 , 0.001336, 0.001410, 0.001323, 0.001209, 0.001157, 0.001157, 0.001243, 0.001188, 0.001194, 0.001154, 0.001316, 0.001186, 0.001209, 0.001203, 0.001292, 0.001199, 0.001351, 0.001193, 0.001315, 0.001216, 0.001313, 0.001095, 0.001379, 0.000933, 0.000854, 0.001441, 0.001475, 0.001470, 0.001470, 0.001794, 0.001556, 0.001659, 0.001375, 0.001667, 0.001711, 0.001694, 0.001568, 0.001651, 0.001749, 0.001599, 0.001728, 0.001534, 0.001684, 0.001662, 0.001577, 0.001597, 0.001508, 0.001920, 0.000834, 0.001518, 0.001441, 0.001517, 0.001249, 0.001252, 0.001123, 0.001285, 0.001018, 0.001270, 0.001148, 0.001255, 0.001072, 0.001111, 0.001080, 0.001222, 0.001031, 0.001131, 0.000979, 0.001168, 0.000965, 0.001044, 0.001057, 0.001233, 0.000552, 0.001570, 0.001667, 0.001786, 0.001680, 0.001655, 0.001902, 0.001730, 0.001730, 0.001458, 0.001663, 0.001658, 0.001612, 0.001481, 0.001497, 0.001600, 0.001467, 0.001491, 0.001214, 0.001389
3 , 0, 0, 0, 0, 0, 0, 0
3 , 0.010211, 0.012446, 0.012477, 0.014418, 0.015846, 0.017558, 0.018474
4 , 0.001249, 0.001252, 0.001123, 0.001285, 0.001018, 0.001270, 0.001148, 0.001255, 0.001072, 0.001111, 0.001080, 0.001222, 0.001031, 0.001131, 0.000979, 0.001168, 0.000965, 0.001044, 0.001057, 0.001233, 0.000552, 0.001570, 0.001667, 0.001786, 0.001680, 0.001655, 0.001902, 0.001730, 0.001730, 0.001458, 0.001663, 0.001658, 0.001612, 0.001481, 0.001497, 0.001600, 0.001467, 0.001491, 0.001214, 0.001389, 0.001476, 0.001604, 0.001404, 0.001356, 0.001560, 0.000943, 0.001718, 0.001452, 0.001524, 0.001366, 0.001398, 0.001488, 0.001368, 0.001368, 0.001342, 0.001251, 0.001317, 0.001278, 0.001251, 0.001347, 0.001406, 0.001378, 0.001339, 0.001466, 0.001374, 0.001456, 0.001249, 0.001534, 0.001299, 0.001637, 0.000442, 0.001148, 0.001236, 0.001382, 0.001416, 0.001368, 0.001390, 0.001696, 0.001676, 0.001798, 0.001639, 0.001803, 0.001738, 0.001798, 0.001772, 0.001828, 0.001915, 0.001776, 0.001949, 0.001759, 0.001851, 0.001838
4 , 0, 0, 0, 0, 0, 0, 0
4 , 0.011471, 0.012804, 0.013604, 0.016372, 0.016723, 0.016699, 0.016335
5 , 0.001398, 0.001488, 0.001368, 0.001368, 0.001342, 0.001251, 0.001317, 0.001278, 0.001251, 0.001347, 0.001406, 0.001378, 0.001339, 0.001466, 0.001374, 0.001456, 0.001249, 0.001534, 0.001299, 0.001637, 0.000442, 0.001148, 0.001236, 0.001382, 0.001416, 0.001368, 0.001390, 0.001696, 0.001676, 0.001798, 0.001639, 0.001803, 0.001738, 0.001798, 0.001772, 0.001828, 0.001915, 0.001776, 0.001949, 0.001759, 0.001851, 0.001838, 0.001829, 0.001720, 0.001905, 0.000388, 0.001473, 0.001361, 0.001483, 0.001297, 0.001297, 0.001137, 0.001281, 0.001281, 0.001342, 0.001306, 0.001432, 0.001203, 0.001428, 0.001269, 0.001462, 0.001156, 0.001324, 0.001168, 0.001231, 0.001197, 0.001372, 0.001080, 0.001094, 0.001013, 0.001552, 0.001514, 0.001592, 0.001536, 0.001691, 0.001652, 0.001764, 0.001687, 0.001764, 0.001574, 0.001803, 0.001820, 0.001911, 0.001838, 0.001648, 0.001842, 0.001743, 0.001760, 0.001695, 0.001842, 0.001816, 0.001721
5 , 0, 0, 0, 0, 0, 0, 0
5 , 0.013776, 0.015417, 0.016625, 0.017258, 0.017620, 0.016965, 0.016145
6 , 0.001297, 0.001137, 0.001281, 0.001281, 0.001342, 0.001306, 0.001432, 0.001203, 0.001428, 0.001269, 0.001462, 0.001156, 0.001324, 0.001168, 0.001231, 0.001197, 0.001372, 0.001080, 0.001094, 0.001013, 0.001552, 0.001514, 0.001592, 0.001536, 0.001691, 0.001652, 0.001764, 0.001687, 0.001764, 0.001574, 0.001803, 0.001820, 0.001911, 0.001838, 0.001648, 0.001842, 0.001743, 0.001760, 0.001695, 0.001842, 0.001816, 0.001721, 0.001742, 0.000837, 0.001122, 0.001485, 0.001342, 0.001475, 0.001287, 0.001317, 0.001279, 0.001382, 0.001095, 0.001249, 0.001055, 0.001215, 0.001216, 0.001209, 0.001243, 0.001317, 0.001125, 0.001348, 0.001254, 0.001178, 0.001300, 0.001247, 0.001211, 0.001027, 0.001344, 0.000130, 0.001601, 0.001481, 0.001795, 0.001688, 0.001809, 0.001628, 0.001827, 0.001973, 0.001851, 0.001883, 0.001753, 0.001991, 0.001733, 0.001786, 0.001777, 0.001984, 0.001725, 0.001612, 0.001590, 0.001464, 0.001579, 0.001465
6 , 0, 0, 0, 0, 0, 0, 0
6 , 0.018145, 0.018499, 0.021166, 0.020382, 0.020047, 0.018388, 0.016309
7 , 0.001287, 0.001317, 0.001279, 0.001382, 0.001095, 0.001249, 0.001055, 0.001215, 0.001216, 0.001209, 0.001243, 0.001317, 0.001125, 0.001348, 0.001254, 0.001178, 0.001300, 0.001247, 0.001211, 0.001027, 0.001344, 0.000130, 0.001601, 0.001481, 0.001795, 0.001688, 0.001809, 0.001628, 0.001827, 0.001973, 0.001851, 0.001883, 0.001753, 0.001991, 0.001733, 0.001786, 0.001777, 0.001984, 0.001725, 0.001612, 0.001590, 0.001464, 0.001579, 0.001465, 0.001564, 0.001292, 0.000764, 0.001729, 0.001649, 0.001662, 0.001435, 0.001533, 0.001355, 0.001367, 0.001306, 0.001433, 0.001220, 0.001295, 0.001157, 0.001323, 0.001172, 0.001211, 0.001155, 0.001344, 0.001117, 0.001230, 0.001140, 0.001316, 0.001327, 0.000633, 0.001349, 0.001337, 0.001415, 0.001561, 0.001518, 0.001609, 0.001510, 0.001708, 0.001527, 0.001669, 0.001514, 0.001677, 0.001685, 0.001621, 0.001569, 0.001496, 0.001833, 0.001565, 0.001656, 0.001639, 0.001721, 0.001690
7 , 0, 0, 0, 0, 0, 0, 0
7 , 0.012678, 0.014221, 0.015914, 0.017648, 0.018213, 0.018783, 0.016701
8 , 0.001533, 0.001355, 0.001367, 0.001306, 0.001433, 0.001220, 0.001295, 0.001157, 0.001323, 0.001172, 0.001211, 0.001155, 0.001344, 0.001117, 0.001230, 0.001140, 0.001316, 0.001327, 0.000633, 0.001349, 0.001337, 0.001415, 0.001561, 0.001518, 0.001609, 0.001510, 0.001708, 0.001527, 0.001669, 0.001514, 0.001677, 0.001685, 0.001621, 0.001569, 0.001496, 0.001833, 0.001565, 0.001656, 0.001639, 0.001721, 0.001690, 0.001695, 0.001747, 0.000028, 0.001414, 0.001553, 0.001304, 0.001277, 0.001066, 0.001212, 0.001327, 0.001207, 0.001178, 0.001211, 0.001178, 0.001261, 0.001141, 0.001123, 0.001188, 0.001153, 0.001249, 0.001088, 0.001171, 0.001159, 0.001152, 0.001110, 0.001321, 0.001268, 0.001245, 0.000739, 0.001402, 0.001242, 0.001557, 0.001544, 0.001635, 0.001587, 0.001919, 0.001802, 0.001827, 0.001852, 0.001809, 0.002115, 0.001877, 0.001928, 0.001695, 0.001913, 0.001840, 0.001703, 0.001639, 0.001587, 0.001920, 0.001557
8 , 0, 0, 0, 0, 0, 0, 0
8 , 0.015516, 0.016392, 0.018929, 0.018896, 0.019157, 0.017371, 0.016037
9 , 0.001327, 0.001207, 0.001178, 0.001211, 0.001178, 0.001261, 0.001141, 0.001123, 0.001188, 0.001153, 0.001249, 0.001088, 0.001171, 0.001159, 0.001152, 0.001110, 0.001321, 0.001268, 0.001245, 0.000739, 0.001402, 0.001242, 0.001557, 0.001544, 0.001635, 0.001587, 0.001919, 0.001802, 0.001827, 0.001852, 0.001809, 0.002115, 0.001877, 0.001928, 0.001695, 0.001913, 0.001840, 0.001703, 0.001639, 0.001587, 0.001920, 0.001557, 0.001779, 0.000876, 0.001179, 0.001542, 0.001430, 0.001465, 0.001328, 0.001425, 0.001288, 0.001410, 0.001313, 0.001440, 0.001317, 0.001420, 0.001325, 0.001425, 0.001217, 0.001467, 0.001318, 0.001430, 0.001331, 0.001433, 0.001399, 0.001338, 0.001308, 0.000016, 0.001531, 0.001393, 0.001565, 0.001691, 0.001449, 0.001479, 0.001639, 0.001803, 0.001695, 0.001760, 0.001488, 0.001812, 0.001721, 0.001756, 0.001613, 0.001540, 0.001760, 0.001557, 0.001687, 0.001609, 0.001799, 0.001691, 0.001631, 0.001586
9 , 0, 0, 0, 0, 0, 0, 0
9 , 0.017843, 0.018630, 0.018821, 0.018866, 0.018220, 0.017918, 0.016342
10 , 0.001425, 0.001288, 0.001410, 0.001313, 0.001440, 0.001317, 0.001420, 0.001325, 0.001425, 0.001217, 0.001467, 0.001318, 0.001430, 0.001331, 0.001433, 0.001399, 0.001338, 0.001308, 0.000016, 0.001531, 0.001393, 0.001565, 0.001691, 0.001449, 0.001479, 0.001639, 0.001803, 0.001695, 0.001760, 0.001488, 0.001812, 0.001721, 0.001756, 0.001613, 0.001540, 0.001760, 0.001557, 0.001687, 0.001609, 0.001799, 0.001691, 0.001631, 0.001586, 0.001591, 0.001821, 0.000626, 0.001629, 0.001442, 0.001503, 0.001499, 0.001478, 0.001356, 0.001329, 0.001291, 0.001320, 0.001295, 0.001238, 0.001157, 0.001287, 0.001191, 0.001254, 0.001290, 0.001142, 0.001247, 0.001154, 0.001207, 0.001129, 0.001289, 0.001009, 0.001167, 0.001044, 0.001208, 0.001171, 0.001143, 0.001102, 0.001326, 0.001100, 0.001228, 0.001098, 0.001200, 0.001097, 0.001306, 0.001097, 0.001308, 0.001193, 0.001310, 0.001304, 0.001392, 0.001283, 0.001374, 0.001345, 0.001342
10 , 3, 3, 3, 3, 0, 0, 0
10 , 0.009878, 0.008891, 0.008559, 0.007503, 0.006872, 0.007342, 0.007831
11 , 0.001629, 0.001442, 0.001503, 0.001499, 0.001478, 0.001356, 0.001329, 0.001291, 0.001320, 0.001295, 0.001238, 0.001157, 0.001287, 0.001191, 0.001254, 0.001290, 0.001142, 0.001247, 0.001154, 0.001207, 0.001129, 0.001289, 0.001009, 0.001167, 0.001044, 0.001208, 0.001171, 0.001143, 0.001102, 0.001326, 0.001100, 0.001228, 0.001098, 0.001200, 0.001097, 0.001306, 0.001097, 0.001308, 0.001193, 0.001310, 0.001304, 0.001392, 0.001283, 0.001374, 0.001345, 0.001342, 0.001426, 0.001418, 0.001325, 0.001259, 0.001410, 0.001374, 0.001466, 0.001392, 0.001456, 0.001429, 0.001581, 0.001400, 0.001496, 0.001243, 0.001427, 0.001388, 0.001458, 0.001301, 0.001554, 0.001370, 0.001649, 0.001339, 0.001415, 0.001267, 0.001396, 0.001311, 0.001417, 0.001302, 0.001376, 0.001197, 0.001199, 0.001180, 0.001296, 0.001176, 0.001157, 0.001192, 0.001198, 0.001198, 0.001111, 0.001234, 0.001255, 0.001222, 0.001123, 0.001184, 0.001209, 0.001176
11 , 1, 1, 1, 1, 1, 1, 3
11 , 0.006681, 0.006457, 0.005536, 0.006252, 0.005341, 0.005147, 0.004907
12 , 0.001426, 0.001418, 0.001325, 0.001259, 0.001410, 0.001374, 0.001466, 0.001392, 0.001456, 0.001429, 0.001581, 0.001400, 0.001496, 0.001243, 0.001427, 0.001388, 0.001458, 0.001301, 0.001554, 0.001370, 0.001649, 0.001339, 0.001415, 0.001267, 0.001396, 0.001311, 0.001417, 0.001302, 0.001376, 0.001197, 0.001199, 0.001180, 0.001296, 0.001176, 0.001157, 0.001192, 0.001198, 0.001198, 0.001111, 0.001234, 0.001255, 0.001222, 0.001123, 0.001184, 0.001209, 0.001176, 0.001087, 0.001271, 0.001136, 0.001290, 0.001132, 0.001108, 0.001131, 0.001408, 0.001123, 0.001247, 0.001195, 0.001374, 0.001337, 0.001460, 0.001271, 0.001425, 0.001362, 0.001332, 0.001428, 0.001306, 0.001272, 0.001266, 0.001296, 0.001472, 0.001411, 0.001352, 0.001355, 0.001169, 0.001304, 0.001338, 0.001410, 0.001195, 0.001358, 0.001326, 0.001354, 0.001232, 0.001354, 0.001259, 0.001209, 0.001125, 0.001319, 0.001274, 0.001197, 0.001167, 0.001292, 0.001190
12 , 2, 2, 2, 1, 1, 1, 1
12 , 0.003869, 0.003808, 0.004108, 0.004556, 0.004892, 0.005318, 0.005367
13 , 0.001131, 0.001408, 0.001123, 0.001247, 0.001195, 0.001374, 0.001337, 0.001460, 0.001271, 0.001425, 0.001362, 0.001332, 0.001428, 0.001306, 0.001272, 0.001266, 0.001296, 0.001472, 0.001411, 0.001352, 0.001355, 0.001169, 0.001304, 0.001338, 0.001410, 0.001195, 0.001358, 0.001326, 0.001354, 0.001232, 0.001354, 0.001259, 0.001209, 0.001125, 0.001319, 0.001274, 0.001197, 0.001167, 0.001292, 0.001190, 0.001228, 0.001129, 0.001176, 0.001123, 0.001093, 0.001091, 0.001148, 0.001304, 0.001111, 0.001268, 0.001113, 0.001197, 0.001184, 0.001342, 0.001297, 0.001385, 0.001406, 0.001437, 0.001274, 0.001433, 0.001115, 0.001311, 0.001154, 0.001279, 0.001288, 0.001317, 0.001276, 0.001351, 0.001164, 0.001349, 0.001322, 0.001335, 0.001213, 0.001186, 0.001193, 0.001125, 0.001243, 0.001182, 0.001281, 0.001241, 0.001215, 0.001211, 0.001241, 0.001205, 0.001367, 0.001222, 0.001340, 0.001249, 0.001222, 0.001163, 0.001386, 0.001136
13 , 1, 1, 1, 1, 1, 1, 1
13 , 0.001277, 0.001671, 0.002380, 0.002823, 0.003105, 0.003255, 0.003467
14 , 0.001184, 0.001342, 0.001297, 0.001385, 0.001406, 0.001437, 0.001274, 0.001433, 0.001115, 0.001311, 0.001154, 0.001279, 0.001288, 0.001317, 0.001276, 0.001351, 0.001164, 0.001349, 0.001322, 0.001335, 0.001213, 0.001186, 0.001193, 0.001125, 0.001243, 0.001182, 0.001281, 0.001241, 0.001215, 0.001211, 0.001241, 0.001205, 0.001367, 0.001222, 0.001340, 0.001249, 0.001222, 0.001163, 0.001386, 0.001136, 0.001258, 0.001321, 0.001321, 0.001220, 0.001443, 0.001294, 0.001327, 0.001136, 0.001302, 0.001271, 0.001205, 0.001266, 0.001174, 0.001174, 0.001134, 0.001140, 0.001169, 0.001205, 0.001106, 0.001327, 0.001296, 0.001355, 0.001184, 0.001310, 0.001177, 0.001361, 0.001173, 0.001469, 0.001340, 0.001438, 0.001340, 0.001428, 0.001310, 0.001288, 0.001259, 0.001388, 0.001288, 0.001168, 0.001136, 0.001440, 0.001405, 0.001315, 0.001478, 0.001317, 0.001349, 0.001383, 0.001410, 0.001299, 0.001457, 0.001393, 0.001418, 0.001320
14 , 2, 2, 2, 2, 2, 2, 2
14 , 0.003139, 0.003252, 0.003105, 0.002920, 0.002743, 0.002376, 0.002486
15 , 0.001136, 0.001302, 0.001271, 0.001205, 0.001266, 0.001174, 0.001174, 0.001134, 0.001140, 0.001169, 0.001205, 0.001106, 0.001327, 0.001296, 0.001355, 0.001184, 0.001310, 0.001177, 0.001361, 0.001173, 0.001469, 0.001340, 0.001438, 0.001340, 0.001428, 0.001310, 0.001288, 0.001259, 0.001388, 0.001288, 0.001168, 0.001136, 0.001440, 0.001405, 0.001315, 0.001478, 0.001317, 0.001349, 0.001383, 0.001410, 0.001299, 0.001457, 0.001393, 0.001418, 0.001320, 0.001477, 0.001344, 0.001496, 0.001373, 0.001584, 0.001493, 0.001439, 0.001288, 0.001332, 0.001272, 0.001399, 0.001193, 0.001354, 0.001205, 0.001245, 0.001131, 0.001108, 0.001085, 0.001214, 0.001283, 0.001098, 0.001173, 0.001072, 0.001232, 0.001169, 0.001257, 0.001180, 0.001251, 0.001273, 0.001367, 0.001256, 0.001340, 0.001304, 0.001422, 0.001205, 0.001447, 0.001223, 0.001385, 0.001284, 0.001356, 0.001333, 0.001281, 0.001338, 0.001355, 0.001300, 0.001300, 0.001328
15 , 0, 0, 0, 0, 0, 0, 0
15 , 0.002614, 0.003185, 0.003457, 0.003606, 0.003794, 0.003965, 0.004217
16 , 0.001288, 0.001332, 0.001272, 0.001399, 0.001193, 0.001354, 0.001205, 0.001245, 0.001131, 0.001108, 0.001085, 0.001214, 0.001283, 0.001098, 0.001173, 0.001072, 0.001232, 0.001169, 0.001257, 0.001180, 0.001251, 0.001273, 0.001367, 0.001256, 0.001340, 0.001304, 0.001422, 0.001205, 0.001447, 0.001223, 0.001385, 0.001284, 0.001356, 0.001333, 0.001281, 0.001338, 0.001355, 0.001300, 0.001300, 0.001328, 0.001296, 0.001306, 0.001214, 0.001275, 0.001275, 0.001318, 0.001165, 0.001293, 0.001121, 0.001259, 0.001135, 0.001289, 0.001093, 0.001257, 0.001186, 0.001332, 0.001264, 0.001328, 0.001085, 0.001182, 0.001095, 0.001121, 0.001176, 0.001268, 0.001201, 0.001191, 0.001348, 0.001310, 0.001401, 0.001243, 0.001304, 0.001190, 0.001254, 0.001215, 0.001306, 0.001180, 0.001426, 0.001266, 0.001385, 0.001166, 0.001413, 0.001315, 0.001435, 0.001190, 0.001254, 0.001311, 0.001437, 0.001240, 0.001432, 0.001364, 0.001330, 0.001364
16 , 0, 0, 0, 0, 0, 0, 0
16 , 0.003066, 0.003402, 0.003873, 0.003851, 0.004012, 0.003959, 0.004030
