0 , 0.001253, 0.001267, 0.001340, 0.001440, 0.001423, 0.001522, 0.001479, 0.001923, 0.001762, 0.001700, 0.001658, 0.001823, 0.001835, 0.001805, 0.001746, 0.001721, 0.002071, 0.001860, 0.001983, 0.001845, 0.002060, 0.001888, 0.002049, 0.000404, 0.001211, 0.001172, 0.001269, 0.001311, 0.001205, 0.001358, 0.001262, 0.001331, 0.001317, 0.001372, 0.001208, 0.001423, 0.001286, 0.001427, 0.001184, 0.001461, 0.001449, 0.001418, 0.001438, 0.001639, 0.001345, 0.001592, 0.000726, 0.000955, 0.001318, 0.001267, 0.001194, 0.001461, 0.001440, 0.001613, 0.001449, 0.001574, 0.001721, 0.001544, 0.001587, 0.001445, 0.001674, 0.001497, 0.001574, 0.001513, 0.001613, 0.001690, 0.001551, 0.001590, 0.001598, 0.001695, 0.001934, 0.000387, 0.001557, 0.001313, 0.001425, 0.001378, 0.001391, 0.001292, 0.001318, 0.001317, 0.001374, 0.001461, 0.001304, 0.001460, 0.001330, 0.001458, 0.001460, 0.001431, 0.001286, 0.001381, 0.001263, 0.001298
0 , 1, 1, 1, 1, 1, 1, 1
0 , 0.005425, 0.006532, 0.009244, 0.013160, 0.013764, 0.012476, 0.012384
1 , 0.001194, 0.001461, 0.001440, 0.001613, 0.001449, 0.001574, 0.001721, 0.001544, 0.001587, 0.001445, 0.001674, 0.001497, 0.001574, 0.001513, 0.001613, 0.001690, 0.001551, 0.001590, 0.001598, 0.001695, 0.001934, 0.000387, 0.001557, 0.001313, 0.001425, 0.001378, 0.001391, 0.001292, 0.001318, 0.001317, 0.001374, 0.001461, 0.001304, 0.001460, 0.001330, 0.001458, 0.001460, 0.001431, 0.001286, 0.001381, 0.001263, 0.001298, 0.001105, 0.001305, 0.001267, 0.001395, 0.001104, 0.000419, 0.001360, 0.001566, 0.001336, 0.001397, 0.001579, 0.001479, 0.001548, 0.001492, 0.001747, 0.001669, 0.001794, 0.001613, 0.001635, 0.001531, 0.001613, 0.001579, 0.001531, 0.001816, 0.001561, 0.001609, 0.001600, 0.001643, 0.001694, 0.001250, 0.001361, 0.001490, 0.001486, 0.001344, 0.001250, 0.001149, 0.001301, 0.001248, 0.001220, 0.001281, 0.001350, 0.001236, 0.001323, 0.001165, 0.001234, 0.001169, 0.001142, 0.001228, 0.001315, 0.001262
1 , 1, 1, 1, 1, 1, 1, 1
1 , 0.006648, 0.008521, 0.010253, 0.009680, 0.011954, 0.011936, 0.011875
2 , 0.001336, 0.001397, 0.001579, 0.001479, 0.001548, 0.001492, 0.001747, 0.001669, 0.001794, 0.001613, 0.001635, 0.001531, 0.001613, 0.001579, 0.001531, 0.001816, 0.001561, 0.001609, 0.001600, 0.001643, 0.001694, 0.001250, 0.001361, 0.001490, 0.001486, 0.001344, 0.001250, 0.001149, 0.001301, 0.001248, 0.001220, 0.001281, 0.001350, 0.001236, 0.001323, 0.001165, 0.001234, 0.001169, 0.001142, 0.001228, 0.001315, 0.001262, 0.001307, 0.001185, 0.001318, 0.000061, 0.001283, 0.001458, 0.001461, 0.001233, 0.001497, 0.001410, 0.001505, 0.001419, 0.001566, 0.001514, 0.001531, 0.001626, 0.001505, 0.001794, 0.001609, 0.001600, 0.001488, 0.001712, 0.001613, 0.001570, 0.001699, 0.001483, 0.001648, 0.001587, 0.001612, 0.001564, 0.000229, 0.001465, 0.001421, 0.001496, 0.001272, 0.001242, 0.001207, 0.001320, 0.001082, 0.001206, 0.001126, 0.001230, 0.001146, 0.001122, 0.000942, 0.001136, 0.000963, 0.001092, 0.000944, 0.001192
2 , 1, 1, 1, 1, 1, 1, 1
2 , 0.009779, 0.012214, 0.016350, 0.016750, 0.017200, 0.015183, 0.016179
3 , 0.001497, 0.001410, 0.001505, 0.001419, 0.001566, 0.001514, 0.001531, 0.001626, 0.001505, 0.001794, 0.001609, 0.001600, 0.001488, 0.001712, 0.001613, 0.001570, 0.001699, 0.001483, 0.001648, 0.001587, 0.001612, 0.001564, 0.000229, 0.001465, 0.001421, 0.001496, 0.001272, 0.001242, 0.001207, 0.001320, 0.001082, 0.001206, 0.001126, 0.001230, 0.001146, 0.001122, 0.000942, 0.001136, 0.000963, 0.001092, 0.000944, 0.001192, 0.001148, 0.001136, 0.000862, 0.001134, 0.000959, 0.000655, 0.001271, 0.001690, 0.001674, 0.001777, 0.001716, 0.001693, 0.001535, 0.001893, 0.001746, 0.001860, 0.001591, 0.001700, 0.001774, 0.001725, 0.001718, 0.001558, 0.001780, 0.001632, 0.001771, 0.001521, 0.001582, 0.001750, 0.001582, 0.001747, 0.000453, 0.001250, 0.001593, 0.001440, 0.001469, 0.001282, 0.001315, 0.001305, 0.001402, 0.001341, 0.001414, 0.001286, 0.001261, 0.001231, 0.001355, 0.001208, 0.001332, 0.001195, 0.001212, 0.001270
3 , 1, 1, 1, 1, 1, 1, 1
3 , 0.012697, 0.014657, 0.016442, 0.018312, 0.018358, 0.017016, 0.016349
4 , 0.001674, 0.001777, 0.001716, 0.001693, 0.001535, 0.001893, 0.001746, 0.001860, 0.001591, 0.001700, 0.001774, 0.001725, 0.001718, 0.001558, 0.001780, 0.001632, 0.001771, 0.001521, 0.001582, 0.001750, 0.001582, 0.001747, 0.000453, 0.001250, 0.001593, 0.001440, 0.001469, 0.001282, 0.001315, 0.001305, 0.001402, 0.001341, 0.001414, 0.001286, 0.001261, 0.001231, 0.001355, 0.001208, 0.001332, 0.001195, 0.001212, 0.001270, 0.001098, 0.001228, 0.001124, 0.001213, 0.000476, 0.001748, 0.001405, 0.001744, 0.001577, 0.001633, 0.001614, 0.001793, 0.001728, 0.001746, 0.001712, 0.001633, 0.001904, 0.001658, 0.001783, 0.001437, 0.001603, 0.001643, 0.001444, 0.001634, 0.001505, 0.001742, 0.001635, 0.001651, 0.001173, 0.000811, 0.001624, 0.001648, 0.001574, 0.001343, 0.001513, 0.001441, 0.001475, 0.001314, 0.001445, 0.001384, 0.001447, 0.001352, 0.001562, 0.001379, 0.001570, 0.001291, 0.001388, 0.001327, 0.001452, 0.001363
4 , 1, 1, 1, 1, 1, 1, 1
4 , 0.010320, 0.012861, 0.014178, 0.016013, 0.011989, 0.011821, 0.011736
5 , 0.001744, 0.001577, 0.001633, 0.001614, 0.001793, 0.001728, 0.001746, 0.001712, 0.001633, 0.001904, 0.001658, 0.001783, 0.001437, 0.001603, 0.001643, 0.001444, 0.001634, 0.001505, 0.001742, 0.001635, 0.001651, 0.001173, 0.000811, 0.001624, 0.001648, 0.001574, 0.001343, 0.001513, 0.001441, 0.001475, 0.001314, 0.001445, 0.001384, 0.001447, 0.001352, 0.001562, 0.001379, 0.001570, 0.001291, 0.001388, 0.001327, 0.001452, 0.001363, 0.001381, 0.001329, 0.001362, 0.001318, 0.000450, 0.001365, 0.001341, 0.001504, 0.001561, 0.001560, 0.001680, 0.001558, 0.001753, 0.001639, 0.001830, 0.001746, 0.001937, 0.001841, 0.001793, 0.001607, 0.001675, 0.001895, 0.001767, 0.001943, 0.001681, 0.001839, 0.001925, 0.001827, 0.001972, 0.000008, 0.001194, 0.001389, 0.001328, 0.001230, 0.001226, 0.001156, 0.001176, 0.001200, 0.001198, 0.001189, 0.001307, 0.001268, 0.001293, 0.001352, 0.001346, 0.001191, 0.001362, 0.001269, 0.001370
5 , 1, 1, 1, 1, 1, 1, 1
5 , 0.010141, 0.012592, 0.014003, 0.014593, 0.016214, 0.013860, 0.013765
6 , 0.001504, 0.001561, 0.001560, 0.001680, 0.001558, 0.001753, 0.001639, 0.001830, 0.001746, 0.001937, 0.001841, 0.001793, 0.001607, 0.001675, 0.001895, 0.001767, 0.001943, 0.001681, 0.001839, 0.001925, 0.001827, 0.001972, 0.000008, 0.001194, 0.001389, 0.001328, 0.001230, 0.001226, 0.001156, 0.001176, 0.001200, 0.001198, 0.001189, 0.001307, 0.001268, 0.001293, 0.001352, 0.001346, 0.001191, 0.001362, 0.001269, 0.001370, 0.001301, 0.001311, 0.001465, 0.000989, 0.000923, 0.001414, 0.001323, 0.001587, 0.001272, 0.001570, 0.001462, 0.001604, 0.001626, 0.001664, 0.001530, 0.001612, 0.001689, 0.001538, 0.001711, 0.001559, 0.001737, 0.001654, 0.001749, 0.001689, 0.001641, 0.001844, 0.001639, 0.002001, 0.000572, 0.001122, 0.001324, 0.001276, 0.001398, 0.001265, 0.001245, 0.001239, 0.001372, 0.001187, 0.001348, 0.001102, 0.001226, 0.001152, 0.001101, 0.001033, 0.001157, 0.000996, 0.001172, 0.001102, 0.001224, 0.001150
6 , 1, 1, 1, 1, 1, 1, 1
6 , 0.014504, 0.017151, 0.020242, 0.020993, 0.017592, 0.017098, 0.016520
7 , 0.001587, 0.001272, 0.001570, 0.001462, 0.001604, 0.001626, 0.001664, 0.001530, 0.001612, 0.001689, 0.001538, 0.001711, 0.001559, 0.001737, 0.001654, 0.001749, 0.001689, 0.001641, 0.001844, 0.001639, 0.002001, 0.000572, 0.001122, 0.001324, 0.001276, 0.001398, 0.001265, 0.001245, 0.001239, 0.001372, 0.001187, 0.001348, 0.001102, 0.001226, 0.001152, 0.001101, 0.001033, 0.001157, 0.000996, 0.001172, 0.001102, 0.001224, 0.001150, 0.001330, 0.001324, 0.001174, 0.001226, 0.000312, 0.001547, 0.001258, 0.001538, 0.001500, 0.001565, 0.001448, 0.001655, 0.001750, 0.001625, 0.001686, 0.001552, 0.001734, 0.001583, 0.001738, 0.001466, 0.001522, 0.001674, 0.001557, 0.001471, 0.001402, 0.001673, 0.001639, 0.001728, 0.001257, 0.000793, 0.001567, 0.001481, 0.001581, 0.001329, 0.001342, 0.001142, 0.001244, 0.001214, 0.001372, 0.001226, 0.001437, 0.001159, 0.001348, 0.001135, 0.001354, 0.001189, 0.001287, 0.001063, 0.001220
7 , 1, 1, 1, 1, 1, 1, 1
7 , 0.010765, 0.012533, 0.014988, 0.014594, 0.015879, 0.014521, 0.014865
8 , 0.001538, 0.001500, 0.001565, 0.001448, 0.001655, 0.001750, 0.001625, 0.001686, 0.001552, 0.001734, 0.001583, 0.001738, 0.001466, 0.001522, 0.001674, 0.001557, 0.001471, 0.001402, 0.001673, 0.001639, 0.001728, 0.001257, 0.000793, 0.001567, 0.001481, 0.001581, 0.001329, 0.001342, 0.001142, 0.001244, 0.001214, 0.001372, 0.001226, 0.001437, 0.001159, 0.001348, 0.001135, 0.001354, 0.001189, 0.001287, 0.001063, 0.001220, 0.001262, 0.001226, 0.001256, 0.000323, 0.001470, 0.001315, 0.001517, 0.001704, 0.001484, 0.001497, 0.001470, 0.001660, 0.001543, 0.001708, 0.001487, 0.001746, 0.001720, 0.001690, 0.001621, 0.001625, 0.001859, 0.001612, 0.001716, 0.001539, 0.001702, 0.001747, 0.001623, 0.001774, 0.000255, 0.001396, 0.001445, 0.001323, 0.001256, 0.001281, 0.001226, 0.001230, 0.001212, 0.001194, 0.001220, 0.001159, 0.001159, 0.001222, 0.001033, 0.001250, 0.001109, 0.001206, 0.001054, 0.001132, 0.001037, 0.001254
8 , 1, 1, 1, 1, 1, 1, 1
8 , 0.012046, 0.014613, 0.018389, 0.015961, 0.015169, 0.015369, 0.014788
9 , 0.001517, 0.001704, 0.001484, 0.001497, 0.001470, 0.001660, 0.001543, 0.001708, 0.001487, 0.001746, 0.001720, 0.001690, 0.001621, 0.001625, 0.001859, 0.001612, 0.001716, 0.001539, 0.001702, 0.001747, 0.001623, 0.001774, 0.000255, 0.001396, 0.001445, 0.001323, 0.001256, 0.001281, 0.001226, 0.001230, 0.001212, 0.001194, 0.001220, 0.001159, 0.001159, 0.001222, 0.001033, 0.001250, 0.001109, 0.001206, 0.001054, 0.001132, 0.001037, 0.001254, 0.001002, 0.001291, 0.001218, 0.001034, 0.001034, 0.001534, 0.001353, 0.001604, 0.001397, 0.001505, 0.001294, 0.001699, 0.001600, 0.001574, 0.001462, 0.001535, 0.001578, 0.001402, 0.001630, 0.001410, 0.001561, 0.001513, 0.001539, 0.001457, 0.001401, 0.001547, 0.001380, 0.001707, 0.000518, 0.001399, 0.001690, 0.001410, 0.001545, 0.001328, 0.001328, 0.001149, 0.001281, 0.001218, 0.001319, 0.001201, 0.001327, 0.001274, 0.001224, 0.001145, 0.001124, 0.001061, 0.001109, 0.001213
9 , 1, 1, 1, 1, 1, 1, 1
9 , 0.009924, 0.012833, 0.014013, 0.015358, 0.014601, 0.013542, 0.013589
10 , 0.001534, 0.001353, 0.001604, 0.001397, 0.001505, 0.001294, 0.001699, 0.001600, 0.001574, 0.001462, 0.001535, 0.001578, 0.001402, 0.001630, 0.001410, 0.001561, 0.001513, 0.001539, 0.001457, 0.001401, 0.001547, 0.001380, 0.001707, 0.000518, 0.001399, 0.001690, 0.001410, 0.001545, 0.001328, 0.001328, 0.001149, 0.001281, 0.001218, 0.001319, 0.001201, 0.001327, 0.001274, 0.001224, 0.001145, 0.001124, 0.001061, 0.001109, 0.001213, 0.001096, 0.001115, 0.001089, 0.001174, 0.000416, 0.001709, 0.001419, 0.001716, 0.001590, 0.001612, 0.001453, 0.001613, 0.001605, 0.001557, 0.001600, 0.001406, 0.001638, 0.001552, 0.001599, 0.001362, 0.001552, 0.001586, 0.001543, 0.001427, 0.001423, 0.001591, 0.001466, 0.001600, 0.001422, 0.001535, 0.001566, 0.001116, 0.001697, 0.001535, 0.001376, 0.001378, 0.001226, 0.001350, 0.001175, 0.001327, 0.001153, 0.001137, 0.001074, 0.001148, 0.001111, 0.001126, 0.001004, 0.001198, 0.001184
10 , 1, 1, 1, 1, 1, 1, 1
10 , 0.006588, 0.008120, 0.009737, 0.011130, 0.013834, 0.012102, 0.012389
11 , 0.001716, 0.001590, 0.001612, 0.001453, 0.001613, 0.001605, 0.001557, 0.001600, 0.001406, 0.001638, 0.001552, 0.001599, 0.001362, 0.001552, 0.001586, 0.001543, 0.001427, 0.001423, 0.001591, 0.001466, 0.001600, 0.001422, 0.001535, 0.001566, 0.001116, 0.001697, 0.001535, 0.001376, 0.001378, 0.001226, 0.001350, 0.001175, 0.001327, 0.001153, 0.001137, 0.001074, 0.001148, 0.001111, 0.001126, 0.001004, 0.001198, 0.001184, 0.001189, 0.001067, 0.001200, 0.001067, 0.001322, 0.001078, 0.001174, 0.001111, 0.001337, 0.001074, 0.001282, 0.001184, 0.001250, 0.001200, 0.001218, 0.001242, 0.001236, 0.001114, 0.001216, 0.001250, 0.001189, 0.001214, 0.001090, 0.001293, 0.001289, 0.001202, 0.001174, 0.001302, 0.001206, 0.001274, 0.001072, 0.001322, 0.001137, 0.001263, 0.001232, 0.001306, 0.001235, 0.001367, 0.001117, 0.001376, 0.001179, 0.001331, 0.001187, 0.001311, 0.001360, 0.001480, 0.001332, 0.001336, 0.001259, 0.001345
11 , 2, 2, 2, 2, 2, 2, 2
11 , 0.006409, 0.007914, 0.008060, 0.008419, 0.008607, 0.009433, 0.008659
12 , 0.001074, 0.001282, 0.001184, 0.001250, 0.001200, 0.001218, 0.001242, 0.001236, 0.001114, 0.001216, 0.001250, 0.001189, 0.001214, 0.001090, 0.001293, 0.001289, 0.001202, 0.001174, 0.001302, 0.001206, 0.001274, 0.001072, 0.001322, 0.001137, 0.001263, 0.001232, 0.001306, 0.001235, 0.001367, 0.001117, 0.001376, 0.001179, 0.001331, 0.001187, 0.001311, 0.001360, 0.001480, 0.001332, 0.001336, 0.001259, 0.001345, 0.001381, 0.001427, 0.001250, 0.001317, 0.001234, 0.001214, 0.001419, 0.001158, 0.001115, 0.001028, 0.001236, 0.000993, 0.001138, 0.001169, 0.001143, 0.000923, 0.001077, 0.001059, 0.001265, 0.001202, 0.001198, 0.001041, 0.001369, 0.001215, 0.001219, 0.001119, 0.001187, 0.001082, 0.001248, 0.001213, 0.001267, 0.001169, 0.001228, 0.001340, 0.001242, 0.001364, 0.001212, 0.001207, 0.001272, 0.001309, 0.001216, 0.001407, 0.001124, 0.001191, 0.001187, 0.001167, 0.001216, 0.001427, 0.001205, 0.001323, 0.001262
12 , 0, 0, 0, 0, 0, 0, 0
12 , 0.003496, 0.003932, 0.003791, 0.004249, 0.004311, 0.004525, 0.004366
13 , 0.001236, 0.000993, 0.001138, 0.001169, 0.001143, 0.000923, 0.001077, 0.001059, 0.001265, 0.001202, 0.001198, 0.001041, 0.001369, 0.001215, 0.001219, 0.001119, 0.001187, 0.001082, 0.001248, 0.001213, 0.001267, 0.001169, 0.001228, 0.001340, 0.001242, 0.001364, 0.001212, 0.001207, 0.001272, 0.001309, 0.001216, 0.001407, 0.001124, 0.001191, 0.001187, 0.001167, 0.001216, 0.001427, 0.001205, 0.001323, 0.001262, 0.001327, 0.001228, 0.001408, 0.001459, 0.001507, 0.001383, 0.001415, 0.001437, 0.001505, 0.001400, 0.001307, 0.001431, 0.001431, 0.001284, 0.001223, 0.001290, 0.001351, 0.001313, 0.001345, 0.001621, 0.001376, 0.001377, 0.001195, 0.001298, 0.001259, 0.001397, 0.001305, 0.001374, 0.001275, 0.001374, 0.001201, 0.001366, 0.001212, 0.001311, 0.001163, 0.001261, 0.001226, 0.001259, 0.001261, 0.001317, 0.001254, 0.001165, 0.001289, 0.001283, 0.001133, 0.001254, 0.001407, 0.001301, 0.001453, 0.001195, 0.001504
13 , 3, 3, 3, 3, 3, 3, 3
13 , 0.004915, 0.004943, 0.004878, 0.004812, 0.004586, 0.004160, 0.003843
14 , 0.001415, 0.001437, 0.001505, 0.001400, 0.001307, 0.001431, 0.001431, 0.001284, 0.001223, 0.001290, 0.001351, 0.001313, 0.001345, 0.001621, 0.001376, 0.001377, 0.001195, 0.001298, 0.001259, 0.001397, 0.001305, 0.001374, 0.001275, 0.001374, 0.001201, 0.001366, 0.001212, 0.001311, 0.001163, 0.001261, 0.001226, 0.001259, 0.001261, 0.001317, 0.001254, 0.001165, 0.001289, 0.001283, 0.001133, 0.001254, 0.001407, 0.001301, 0.001453, 0.001195, 0.001504, 0.001408, 0.001471, 0.001395, 0.001535, 0.001429, 0.001490, 0.001477, 0.001563, 0.001434, 0.001495, 0.001467, 0.001590, 0.001373, 0.001588, 0.001440, 0.001449, 0.001415, 0.001450, 0.001393, 0.001269, 0.001357, 0.001395, 0.001431, 0.001340, 0.001376, 0.001353, 0.001391, 0.001143, 0.001391, 0.001328, 0.001513, 0.001438, 0.001421, 0.001294, 0.001547, 0.001248, 0.001463, 0.001305, 0.001378, 0.001228, 0.001307, 0.001216, 0.001279, 0.001159, 0.001315, 0.001198, 0.001141
14 , 1, 1, 1, 1, 1, 1, 1
14 , 0.004876, 0.004566, 0.004406, 0.004392, 0.004312, 0.003601, 0.003153
15 , 0.001471, 0.001395, 0.001535, 0.001429, 0.001490, 0.001477, 0.001563, 0.001434, 0.001495, 0.001467, 0.001590, 0.001373, 0.001588, 0.001440, 0.001449, 0.001415, 0.001450, 0.001393, 0.001269, 0.001357, 0.001395, 0.001431, 0.001340, 0.001376, 0.001353, 0.001391, 0.001143, 0.001391, 0.001328, 0.001513, 0.001438, 0.001421, 0.001294, 0.001547, 0.001248, 0.001463, 0.001305, 0.001378, 0.001228, 0.001307, 0.001216, 0.001279, 0.001159, 0.001315, 0.001198, 0.001141, 0.001206, 0.001239, 0.001269, 0.001174, 0.001293, 0.001169, 0.001293, 0.001228, 0.001230, 0.001252, 0.001244, 0.001209, 0.001342, 0.001209, 0.001427, 0.001270, 0.001281, 0.001185, 0.001350, 0.001196, 0.001295, 0.001139, 0.001289, 0.001344, 0.001356, 0.001198, 0.001200, 0.001291, 0.001274, 0.001213, 0.001320, 0.001374, 0.001196, 0.001346, 0.001218, 0.001299, 0.001293, 0.001323, 0.001153, 0.001461, 0.001334, 0.001494, 0.001263, 0.001461, 0.001458, 0.001289
15 , 2, 2, 2, 2, 2, 2, 2
15 , 0.003611, 0.004014, 0.004070, 0.004099, 0.004102, 0.004427, 0.004348
16 , 0.001169, 0.001293, 0.001228, 0.001230, 0.001252, 0.001244, 0.001209, 0.001342, 0.001209, 0.001427, 0.001270, 0.001281, 0.001185, 0.001350, 0.001196, 0.001295, 0.001139, 0.001289, 0.001344, 0.001356, 0.001198, 0.001200, 0.001291, 0.001274, 0.001213, 0.001320, 0.001374, 0.001196, 0.001346, 0.001218, 0.001299, 0.001293, 0.001323, 0.001153, 0.001461, 0.001334, 0.001494, 0.001263, 0.001461, 0.001458, 0.001289, 0.001191, 0.001368, 0.001334, 0.001362, 0.001275, 0.001311, 0.001281, 0.001291, 0.001264, 0.001362, 0.001297, 0.001272, 0.001335, 0.001272, 0.001329, 0.001297, 0.001203, 0.001325, 0.001323, 0.001222, 0.001344, 0.001181, 0.001372, 0.001157, 0.001378, 0.001387, 0.001356, 0.001408, 0.001473, 0.001328, 0.001425, 0.001349, 0.001431, 0.001399, 0.001460, 0.001300, 0.001484, 0.001357, 0.001450, 0.001538, 0.001443, 0.001352, 0.001357, 0.001447, 0.001375, 0.001601, 0.001415, 0.001567, 0.001474, 0.001454, 0.001243
16 , 0, 0, 0, 0, 0, 0, 0
16 , 0.003775, 0.003714, 0.003551, 0.003654, 0.003476, 0.003422, 0.003343
