0 , 0.001622, 0.001289, 0.001535, 0.001432, 0.001580, 0.001571, 0.001624, 0.001753, 0.001606, 0.001666, 0.001579, 0.001757, 0.001669, 0.001751, 0.001552, 0.001734, 0.001830, 0.001644, 0.001683, 0.001665, 0.001752, 0.001597, 0.001846, 0.001186, 0.000902, 0.001493, 0.001435, 0.001365, 0.001200, 0.001415, 0.001106, 0.001115, 0.001021, 0.001220, 0.001239, 0.001248, 0.001026, 0.001330, 0.000978, 0.001222, 0.000972, 0.001298, 0.001257, 0.001385, 0.001320, 0.001290, 0.001241, 0.001300, 0.001106, 0.000070, 0.001387, 0.001432, 0.001536, 0.001621, 0.001512, 0.001619, 0.001515, 0.001835, 0.001661, 0.001742, 0.001703, 0.001703, 0.001775, 0.001722, 0.001747, 0.001601, 0.001784, 0.001628, 0.001680, 0.001693, 0.001740, 0.001790, 0.001732, 0.001954, 0.000305, 0.001216, 0.001362, 0.001104, 0.001062, 0.001146, 0.001151, 0.000999, 0.001022, 0.001018, 0.000961, 0.000999, 0.001085, 0.000966, 0.001085, 0.001062, 0.001022, 0.001013
0 , 1, 1, 1, 1, 1, 1, 1
0 , 0.011092, 0.013002, 0.015191, 0.017838, 0.019884, 0.020958, 0.023808
1 , 0.001536, 0.001621, 0.001512, 0.001619, 0.001515, 0.001835, 0.001661, 0.001742, 0.001703, 0.001703, 0.001775, 0.001722, 0.001747, 0.001601, 0.001784, 0.001628, 0.001680, 0.001693, 0.001740, 0.001790, 0.001732, 0.001954, 0.000305, 0.001216, 0.001362, 0.001104, 0.001062, 0.001146, 0.001151, 0.000999, 0.001022, 0.001018, 0.000961, 0.000999, 0.001085, 0.000966, 0.001085, 0.001062, 0.001022, 0.001013, 0.001004, 0.001263, 0.001187, 0.001118, 0.001093, 0.000578, 0.001049, 0.001417, 0.001420, 0.001669, 0.001640, 0.001532, 0.001545, 0.001619, 0.001797, 0.001667, 0.001646, 0.001564, 0.001758, 0.001654, 0.001672, 0.001447, 0.001435, 0.001750, 0.001650, 0.001486, 0.001439, 0.001572, 0.001413, 0.001559, 0.001314, 0.001963, 0.000693, 0.001473, 0.001402, 0.001500, 0.001288, 0.001412, 0.001201, 0.001221, 0.001085, 0.001268, 0.001115, 0.001244, 0.001035, 0.001252, 0.001041, 0.001165, 0.001017, 0.001063, 0.000897, 0.001070
1 , 1, 1, 1, 1, 1, 1, 1
1 , 0.015520, 0.018606, 0.021748, 0.023685, 0.022937, 0.021128, 0.020812
2 , 0.001669, 0.001640, 0.001532, 0.001545, 0.001619, 0.001797, 0.001667, 0.001646, 0.001564, 0.001758, 0.001654, 0.001672, 0.001447, 0.001435, 0.001750, 0.001650, 0.001486, 0.001439, 0.001572, 0.001413, 0.001559, 0.001314, 0.001963, 0.000693, 0.001473, 0.001402, 0.001500, 0.001288, 0.001412, 0.001201, 0.001221, 0.001085, 0.001268, 0.001115, 0.001244, 0.001035, 0.001252, 0.001041, 0.001165, 0.001017, 0.001063, 0.000897, 0.001070, 0.000913, 0.001168, 0.001135, 0.001254, 0.001072, 0.001205, 0.000855, 0.001547, 0.001758, 0.001561, 0.001499, 0.001541, 0.001645, 0.001724, 0.001615, 0.001684, 0.001550, 0.001772, 0.001745, 0.001858, 0.001585, 0.001716, 0.001813, 0.001489, 0.001632, 0.001520, 0.001659, 0.001637, 0.001599, 0.001607, 0.001516, 0.000851, 0.001578, 0.001397, 0.001353, 0.001215, 0.001473, 0.001251, 0.001261, 0.001113, 0.001181, 0.001083, 0.001098, 0.001006, 0.001345, 0.001128, 0.001135, 0.001080, 0.001194
2 , 1, 1, 1, 1, 1, 1, 1
2 , 0.012376, 0.013723, 0.015392, 0.016171, 0.018427, 0.018022, 0.019533
3 , 0.001561, 0.001499, 0.001541, 0.001645, 0.001724, 0.001615, 0.001684, 0.001550, 0.001772, 0.001745, 0.001858, 0.001585, 0.001716, 0.001813, 0.001489, 0.001632, 0.001520, 0.001659, 0.001637, 0.001599, 0.001607, 0.001516, 0.000851, 0.001578, 0.001397, 0.001353, 0.001215, 0.001473, 0.001251, 0.001261, 0.001113, 0.001181, 0.001083, 0.001098, 0.001006, 0.001345, 0.001128, 0.001135, 0.001080, 0.001194, 0.001054, 0.000955, 0.001226, 0.001041, 0.001311, 0.000153, 0.001499, 0.001394, 0.001677, 0.001461, 0.001556, 0.001482, 0.001730, 0.001660, 0.001735, 0.001673, 0.001726, 0.002018, 0.001663, 0.001973, 0.001769, 0.001837, 0.001747, 0.001784, 0.001684, 0.001493, 0.001722, 0.001482, 0.001514, 0.001553, 0.000313, 0.001511, 0.001555, 0.001670, 0.001648, 0.001608, 0.001567, 0.001736, 0.001549, 0.001684, 0.001558, 0.001556, 0.001490, 0.001709, 0.001524, 0.001707, 0.001498, 0.001608, 0.001374, 0.001616, 0.001411, 0.001421
3 , 1, 1, 1, 1, 1, 1, 1
3 , 0.010961, 0.012094, 0.015150, 0.012631, 0.011805, 0.012031, 0.012572
4 , 0.001677, 0.001461, 0.001556, 0.001482, 0.001730, 0.001660, 0.001735, 0.001673, 0.001726, 0.002018, 0.001663, 0.001973, 0.001769, 0.001837, 0.001747, 0.001784, 0.001684, 0.001493, 0.001722, 0.001482, 0.001514, 0.001553, 0.000313, 0.001511, 0.001555, 0.001670, 0.001648, 0.001608, 0.001567, 0.001736, 0.001549, 0.001684, 0.001558, 0.001556, 0.001490, 0.001709, 0.001524, 0.001707, 0.001498, 0.001608, 0.001374, 0.001616, 0.001411, 0.001421, 0.001201, 0.001187, 0.001130, 0.000576, 0.001537, 0.001727, 0.001861, 0.002091, 0.002010, 0.002061, 0.001850, 0.001966, 0.001986, 0.002207, 0.001976, 0.002227, 0.002246, 0.002142, 0.002168, 0.001928, 0.002159, 0.002043, 0.002116, 0.001729, 0.001726, 0.001824, 0.001786, 0.001922, 0.000527, 0.001120, 0.001350, 0.001332, 0.001298, 0.001163, 0.001241, 0.001227, 0.001377, 0.001174, 0.001140, 0.001170, 0.001304, 0.001118, 0.001215, 0.001183, 0.001213, 0.001146, 0.001083, 0.001113
4 , 1, 1, 1, 1, 1, 1, 1
4 , 0.014287, 0.017002, 0.018722, 0.020632, 0.021145, 0.019516, 0.018743
5 , 0.001861, 0.002091, 0.002010, 0.002061, 0.001850, 0.001966, 0.001986, 0.002207, 0.001976, 0.002227, 0.002246, 0.002142, 0.002168, 0.001928, 0.002159, 0.002043, 0.002116, 0.001729, 0.001726, 0.001824, 0.001786, 0.001922, 0.000527, 0.001120, 0.001350, 0.001332, 0.001298, 0.001163, 0.001241, 0.001227, 0.001377, 0.001174, 0.001140, 0.001170, 0.001304, 0.001118, 0.001215, 0.001183, 0.001213, 0.001146, 0.001083, 0.001113, 0.001128, 0.001169, 0.001113, 0.001142, 0.000539, 0.001482, 0.001387, 0.001705, 0.001580, 0.001770, 0.001605, 0.001700, 0.001805, 0.001763, 0.001814, 0.001566, 0.001972, 0.001682, 0.001666, 0.001666, 0.001791, 0.001719, 0.001612, 0.001642, 0.001633, 0.001867, 0.001627, 0.001807, 0.001237, 0.000757, 0.001428, 0.001398, 0.001295, 0.001161, 0.001256, 0.001124, 0.001304, 0.001081, 0.001205, 0.001126, 0.001289, 0.001300, 0.001343, 0.001115, 0.001304, 0.001235, 0.001263, 0.001164, 0.001288, 0.001217
5 , 1, 1, 1, 1, 1, 1, 1
5 , 0.022571, 0.025507, 0.027585, 0.029882, 0.026394, 0.025334, 0.024114
6 , 0.001705, 0.001580, 0.001770, 0.001605, 0.001700, 0.001805, 0.001763, 0.001814, 0.001566, 0.001972, 0.001682, 0.001666, 0.001666, 0.001791, 0.001719, 0.001612, 0.001642, 0.001633, 0.001867, 0.001627, 0.001807, 0.001237, 0.000757, 0.001428, 0.001398, 0.001295, 0.001161, 0.001256, 0.001124, 0.001304, 0.001081, 0.001205, 0.001126, 0.001289, 0.001300, 0.001343, 0.001115, 0.001304, 0.001235, 0.001263, 0.001164, 0.001288, 0.001217, 0.001231, 0.001290, 0.001296, 0.001372, 0.000404, 0.001204, 0.001209, 0.001445, 0.001529, 0.001462, 0.001582, 0.001610, 0.002035, 0.001789, 0.001763, 0.001645, 0.001810, 0.001775, 0.001680, 0.001796, 0.001756, 0.001991, 0.001770, 0.001900, 0.001779, 0.001823, 0.001782, 0.001740, 0.001838, 0.000202, 0.001254, 0.001209, 0.001287, 0.001209, 0.001111, 0.001102, 0.001170, 0.001259, 0.001254, 0.001315, 0.001315, 0.001172, 0.001242, 0.001118, 0.001130, 0.000975, 0.001043, 0.000982, 0.001106
6 , 1, 1, 1, 1, 1, 1, 1
6 , 0.015792, 0.018529, 0.020650, 0.021367, 0.023004, 0.021232, 0.021276
7 , 0.001445, 0.001529, 0.001462, 0.001582, 0.001610, 0.002035, 0.001789, 0.001763, 0.001645, 0.001810, 0.001775, 0.001680, 0.001796, 0.001756, 0.001991, 0.001770, 0.001900, 0.001779, 0.001823, 0.001782, 0.001740, 0.001838, 0.000202, 0.001254, 0.001209, 0.001287, 0.001209, 0.001111, 0.001102, 0.001170, 0.001259, 0.001254, 0.001315, 0.001315, 0.001172, 0.001242, 0.001118, 0.001130, 0.000975, 0.001043, 0.000982, 0.001106, 0.001041, 0.001044, 0.001072, 0.000656, 0.001194, 0.001621, 0.001421, 0.001733, 0.001561, 0.001705, 0.001575, 0.001742, 0.001725, 0.001600, 0.001614, 0.001586, 0.001764, 0.001544, 0.001816, 0.001552, 0.001728, 0.001724, 0.001624, 0.001619, 0.001631, 0.001853, 0.001670, 0.001931, 0.000600, 0.001100, 0.001416, 0.001285, 0.001191, 0.001152, 0.001289, 0.000972, 0.001109, 0.001048, 0.001228, 0.001009, 0.001142, 0.000903, 0.001020, 0.001102, 0.001207, 0.001156, 0.001214, 0.001106, 0.000968, 0.001029
7 , 1, 1, 1, 1, 1, 1, 1
7 , 0.018771, 0.022021, 0.025878, 0.026127, 0.023009, 0.022919, 0.021931
8 , 0.001733, 0.001561, 0.001705, 0.001575, 0.001742, 0.001725, 0.001600, 0.001614, 0.001586, 0.001764, 0.001544, 0.001816, 0.001552, 0.001728, 0.001724, 0.001624, 0.001619, 0.001631, 0.001853, 0.001670, 0.001931, 0.000600, 0.001100, 0.001416, 0.001285, 0.001191, 0.001152, 0.001289, 0.000972, 0.001109, 0.001048, 0.001228, 0.001009, 0.001142, 0.000903, 0.001020, 0.001102, 0.001207, 0.001156, 0.001214, 0.001106, 0.000968, 0.001029, 0.001034, 0.001057, 0.001049, 0.000899, 0.000628, 0.001742, 0.001564, 0.001812, 0.001871, 0.001857, 0.001751, 0.001670, 0.002030, 0.001845, 0.001864, 0.001637, 0.001916, 0.001765, 0.001858, 0.001717, 0.001682, 0.001800, 0.001661, 0.001742, 0.001550, 0.001872, 0.001786, 0.001889, 0.001324, 0.000616, 0.001203, 0.001298, 0.001222, 0.001145, 0.001143, 0.001137, 0.001202, 0.001080, 0.001106, 0.001078, 0.001148, 0.000967, 0.001226, 0.001041, 0.001294, 0.001067, 0.001184, 0.001076, 0.001074
8 , 1, 1, 1, 1, 1, 1, 1
8 , 0.020176, 0.022769, 0.025407, 0.026090, 0.027106, 0.025242, 0.024330
9 , 0.001812, 0.001871, 0.001857, 0.001751, 0.001670, 0.002030, 0.001845, 0.001864, 0.001637, 0.001916, 0.001765, 0.001858, 0.001717, 0.001682, 0.001800, 0.001661, 0.001742, 0.001550, 0.001872, 0.001786, 0.001889, 0.001324, 0.000616, 0.001203, 0.001298, 0.001222, 0.001145, 0.001143, 0.001137, 0.001202, 0.001080, 0.001106, 0.001078, 0.001148, 0.000967, 0.001226, 0.001041, 0.001294, 0.001067, 0.001184, 0.001076, 0.001074, 0.000844, 0.000882, 0.001054, 0.000112, 0.001566, 0.001529, 0.001458, 0.001745, 0.001589, 0.001766, 0.001628, 0.001733, 0.001656, 0.001722, 0.001541, 0.001589, 0.001542, 0.001607, 0.001629, 0.001344, 0.001676, 0.001517, 0.001624, 0.001551, 0.001486, 0.001727, 0.001540, 0.001590, 0.001385, 0.001976, 0.000053, 0.001624, 0.001365, 0.001346, 0.001211, 0.001287, 0.001189, 0.001207, 0.001022, 0.001184, 0.001044, 0.001174, 0.001144, 0.001238, 0.001013, 0.001168, 0.001139, 0.001207, 0.001200, 0.001172
9 , 1, 1, 1, 1, 1, 1, 1
9 , 0.019294, 0.022002, 0.025792, 0.025343, 0.024570, 0.021295, 0.020796
10 , 0.001458, 0.001745, 0.001589, 0.001766, 0.001628, 0.001733, 0.001656, 0.001722, 0.001541, 0.001589, 0.001542, 0.001607, 0.001629, 0.001344, 0.001676, 0.001517, 0.001624, 0.001551, 0.001486, 0.001727, 0.001540, 0.001590, 0.001385, 0.001976, 0.000053, 0.001624, 0.001365, 0.001346, 0.001211, 0.001287, 0.001189, 0.001207, 0.001022, 0.001184, 0.001044, 0.001174, 0.001144, 0.001238, 0.001013, 0.001168, 0.001139, 0.001207, 0.001200, 0.001172, 0.001088, 0.000999, 0.000996, 0.001034, 0.001216, 0.001038, 0.001146, 0.001149, 0.001116, 0.001074, 0.001231, 0.001128, 0.001315, 0.001272, 0.001096, 0.001187, 0.001292, 0.001072, 0.001287, 0.001052, 0.001352, 0.001176, 0.001400, 0.001205, 0.001259, 0.001105, 0.001320, 0.001162, 0.001316, 0.001304, 0.001292, 0.001178, 0.001333, 0.001201, 0.001326, 0.001241, 0.001276, 0.001159, 0.001193, 0.001195, 0.001159, 0.001311, 0.001309, 0.001404, 0.001322, 0.001347, 0.001138, 0.001298
10 , 2, 2, 2, 2, 2, 2, 2
10 , 0.008602, 0.010773, 0.011214, 0.011522, 0.011800, 0.012647, 0.009764
11 , 0.001149, 0.001116, 0.001074, 0.001231, 0.001128, 0.001315, 0.001272, 0.001096, 0.001187, 0.001292, 0.001072, 0.001287, 0.001052, 0.001352, 0.001176, 0.001400, 0.001205, 0.001259, 0.001105, 0.001320, 0.001162, 0.001316, 0.001304, 0.001292, 0.001178, 0.001333, 0.001201, 0.001326, 0.001241, 0.001276, 0.001159, 0.001193, 0.001195, 0.001159, 0.001311, 0.001309, 0.001404, 0.001322, 0.001347, 0.001138, 0.001298, 0.001290, 0.001272, 0.001209, 0.001402, 0.001233, 0.001414, 0.001320, 0.001298, 0.001223, 0.001377, 0.001257, 0.001294, 0.001148, 0.001246, 0.001089, 0.001224, 0.001124, 0.001224, 0.001187, 0.001374, 0.001191, 0.001054, 0.001185, 0.001165, 0.001152, 0.001115, 0.001061, 0.001093, 0.001070, 0.001072, 0.001177, 0.001107, 0.001322, 0.001063, 0.001213, 0.001028, 0.001248, 0.001065, 0.001280, 0.001028, 0.001126, 0.001004, 0.001292, 0.001072, 0.001067, 0.001098, 0.001185, 0.001056, 0.001243, 0.001115, 0.001143
11 , 3, 3, 3, 3, 3, 3, 3
11 , 0.003872, 0.003391, 0.003130, 0.002644, 0.002469, 0.001956, 0.002196
12 , 0.001414, 0.001320, 0.001298, 0.001223, 0.001377, 0.001257, 0.001294, 0.001148, 0.001246, 0.001089, 0.001224, 0.001124, 0.001224, 0.001187, 0.001374, 0.001191, 0.001054, 0.001185, 0.001165, 0.001152, 0.001115, 0.001061, 0.001093, 0.001070, 0.001072, 0.001177, 0.001107, 0.001322, 0.001063, 0.001213, 0.001028, 0.001248, 0.001065, 0.001280, 0.001028, 0.001126, 0.001004, 0.001292, 0.001072, 0.001067, 0.001098, 0.001185, 0.001056, 0.001243, 0.001115, 0.001143, 0.001069, 0.001258, 0.001122, 0.001185, 0.001156, 0.001165, 0.001224, 0.001193, 0.001222, 0.001187, 0.001280, 0.001337, 0.001411, 0.001143, 0.001250, 0.001089, 0.001222, 0.001145, 0.001369, 0.001145, 0.001298, 0.001178, 0.001350, 0.001165, 0.001238, 0.001153, 0.001275, 0.001144, 0.001275, 0.001118, 0.001097, 0.001036, 0.001125, 0.001088, 0.001296, 0.001235, 0.001170, 0.001161, 0.001128, 0.001182, 0.001156, 0.001220, 0.001117, 0.001313, 0.001096, 0.001213
12 , 1, 1, 1, 1, 1, 1, 1
12 , 0.003177, 0.003430, 0.003207, 0.003218, 0.002496, 0.002176, 0.001691
13 , 0.001258, 0.001122, 0.001185, 0.001156, 0.001165, 0.001224, 0.001193, 0.001222, 0.001187, 0.001280, 0.001337, 0.001411, 0.001143, 0.001250, 0.001089, 0.001222, 0.001145, 0.001369, 0.001145, 0.001298, 0.001178, 0.001350, 0.001165, 0.001238, 0.001153, 0.001275, 0.001144, 0.001275, 0.001118, 0.001097, 0.001036, 0.001125, 0.001088, 0.001296, 0.001235, 0.001170, 0.001161, 0.001128, 0.001182, 0.001156, 0.001220, 0.001117, 0.001313, 0.001096, 0.001213, 0.001285, 0.001445, 0.001250, 0.001222, 0.001130, 0.001406, 0.001183, 0.001258, 0.001104, 0.001324, 0.001176, 0.001217, 0.001178, 0.001367, 0.001185, 0.001250, 0.001122, 0.001159, 0.001091, 0.001152, 0.001145, 0.001239, 0.001152, 0.001154, 0.001178, 0.001028, 0.001185, 0.001126, 0.001205, 0.001133, 0.001263, 0.001181, 0.001118, 0.001076, 0.001231, 0.001039, 0.001161, 0.001202, 0.001230, 0.001074, 0.001298, 0.001291, 0.001321, 0.001254, 0.001404, 0.001331, 0.001365
13 , 1, 1, 1, 2, 2, 2, 2
13 , 0.001320, 0.001279, 0.000948, 0.001224, 0.001138, 0.001379, 0.001318
14 , 0.001183, 0.001258, 0.001104, 0.001324, 0.001176, 0.001217, 0.001178, 0.001367, 0.001185, 0.001250, 0.001122, 0.001159, 0.001091, 0.001152, 0.001145, 0.001239, 0.001152, 0.001154, 0.001178, 0.001028, 0.001185, 0.001126, 0.001205, 0.001133, 0.001263, 0.001181, 0.001118, 0.001076, 0.001231, 0.001039, 0.001161, 0.001202, 0.001230, 0.001074, 0.001298, 0.001291, 0.001321, 0.001254, 0.001404, 0.001331, 0.001365, 0.001211, 0.001139, 0.001228, 0.001180, 0.001096, 0.001170, 0.001188, 0.001069, 0.001191, 0.001008, 0.001083, 0.001038, 0.001113, 0.001134, 0.001207, 0.000982, 0.001048, 0.000987, 0.001184, 0.000924, 0.001085, 0.001050, 0.001177, 0.001025, 0.001118, 0.001111, 0.001156, 0.001055, 0.001194, 0.001161, 0.001138, 0.001077, 0.001016, 0.001069, 0.001018, 0.001107, 0.000950, 0.001069, 0.001174, 0.001202, 0.001038, 0.001205, 0.001074, 0.001222, 0.001130, 0.001133, 0.001096, 0.001306, 0.001232, 0.001265, 0.001280
14 , 0, 0, 0, 0, 0, 0, 0
14 , 0.000813, 0.001461, 0.001291, 0.001744, 0.002027, 0.002193, 0.002450
15 , 0.001038, 0.001113, 0.001134, 0.001207, 0.000982, 0.001048, 0.000987, 0.001184, 0.000924, 0.001085, 0.001050, 0.001177, 0.001025, 0.001118, 0.001111, 0.001156, 0.001055, 0.001194, 0.001161, 0.001138, 0.001077, 0.001016, 0.001069, 0.001018, 0.001107, 0.000950, 0.001069, 0.001174, 0.001202, 0.001038, 0.001205, 0.001074, 0.001222, 0.001130, 0.001133, 0.001096, 0.001306, 0.001232, 0.001265, 0.001280, 0.001409, 0.001189, 0.001331, 0.001266, 0.001394, 0.001322, 0.001444, 0.001367, 0.001460, 0.001379, 0.001320, 0.001438, 0.001351, 0.001379, 0.001229, 0.001237, 0.001307, 0.001269, 0.001191, 0.001261, 0.001060, 0.001137, 0.000989, 0.001037, 0.000943, 0.001142, 0.000892, 0.000970, 0.000894, 0.001115, 0.000981, 0.001166, 0.000997, 0.001123, 0.001111, 0.001149, 0.000992, 0.001146, 0.000987, 0.001045, 0.001031, 0.001174, 0.001172, 0.001079, 0.001205, 0.001187, 0.001248, 0.001143, 0.001161, 0.001250, 0.001285, 0.001161
15 , 3, 3, 3, 3, 3, 3, 0
15 , 0.004464, 0.003918, 0.003717, 0.003569, 0.003520, 0.003415, 0.003750
16 , 0.001444, 0.001367, 0.001460, 0.001379, 0.001320, 0.001438, 0.001351, 0.001379, 0.001229, 0.001237, 0.001307, 0.001269, 0.001191, 0.001261, 0.001060, 0.001137, 0.000989, 0.001037, 0.000943, 0.001142, 0.000892, 0.000970, 0.000894, 0.001115, 0.000981, 0.001166, 0.000997, 0.001123, 0.001111, 0.001149, 0.000992, 0.001146, 0.000987, 0.001045, 0.001031, 0.001174, 0.001172, 0.001079, 0.001205, 0.001187, 0.001248, 0.001143, 0.001161, 0.001250, 0.001285, 0.001161, 0.001280, 0.001174, 0.001146, 0.001174, 0.001329, 0.001172, 0.001276, 0.001263, 0.001361, 0.001166, 0.001296, 0.001288, 0.001436, 0.001312, 0.001310, 0.001430, 0.001410, 0.001436, 0.001375, 0.001401, 0.001371, 0.001466, 0.001432, 0.001464, 0.001308, 0.001286, 0.001219, 0.001430, 0.001156, 0.001405, 0.001276, 0.001345, 0.001144, 0.001348, 0.001289, 0.001348, 0.001226, 0.001204, 0.001204, 0.001332, 0.001113, 0.001115, 0.001148, 0.001185, 0.001252, 0.001294
16 , 1, 1, 1, 1, 1, 1, 1
16 , 0.004950, 0.005079, 0.004824, 0.004203, 0.003626, 0.003409, 0.003218
