0 , 0.001214, 0.001081, 0.001327, 0.001243, 0.001245, 0.001095, 0.001185, 0.001356, 0.001310, 0.001278, 0.001223, 0.001367, 0.001282, 0.001436, 0.001328, 0.001465, 0.000021, 0.001264, 0.001031, 0.001481, 0.001391, 0.001481, 0.001337, 0.001492, 0.001504, 0.001520, 0.001482, 0.001547, 0.001810, 0.001590, 0.001634, 0.001369, 0.001754, 0.001590, 0.001583, 0.001529, 0.001476, 0.001627, 0.001559, 0.001624, 0.001478, 0.000603, 0.001563, 0.001434, 0.001482, 0.001385, 0.001478, 0.001324, 0.001504, 0.001183, 0.001431, 0.001244, 0.001394, 0.001303, 0.001431, 0.001315, 0.001354, 0.001271, 0.001254, 0.001228, 0.001267, 0.001213, 0.001289, 0.001115, 0.001271, 0.001259, 0.000603, 0.001044, 0.001200, 0.001464, 0.001483, 0.001620, 0.001524, 0.001404, 0.001704, 0.001574, 0.001708, 0.001639, 0.001643, 0.001634, 0.001599, 0.001610, 0.001515, 0.001613, 0.001566, 0.001616, 0.001556, 0.001571, 0.001634, 0.001624, 0.001717, 0.000260
0 , 0, 0, 0, 0, 0, 0, 0
0 , 0.013562, 0.013869, 0.013809, 0.012232, 0.011289, 0.010680, 0.009777
1 , 0.001324, 0.001504, 0.001183, 0.001431, 0.001244, 0.001394, 0.001303, 0.001431, 0.001315, 0.001354, 0.001271, 0.001254, 0.001228, 0.001267, 0.001213, 0.001289, 0.001115, 0.001271, 0.001259, 0.000603, 0.001044, 0.001200, 0.001464, 0.001483, 0.001620, 0.001524, 0.001404, 0.001704, 0.001574, 0.001708, 0.001639, 0.001643, 0.001634, 0.001599, 0.001610, 0.001515, 0.001613, 0.001566, 0.001616, 0.001556, 0.001571, 0.001634, 0.001624, 0.001717, 0.000260, 0.001108, 0.001336, 0.001219, 0.001240, 0.001092, 0.001060, 0.001055, 0.001250, 0.001161, 0.001156, 0.001144, 0.001299, 0.001163, 0.001278, 0.001300, 0.001234, 0.001293, 0.001232, 0.001395, 0.001295, 0.001330, 0.001336, 0.001194, 0.000553, 0.001230, 0.001063, 0.001348, 0.001327, 0.001378, 0.001267, 0.001413, 0.001517, 0.001383, 0.001490, 0.001248, 0.001621, 0.001536, 0.001390, 0.001318, 0.001374, 0.001472, 0.001428, 0.001458, 0.001435, 0.001630, 0.001414, 0.001801
1 , 0, 0, 0, 0, 0, 0, 0
1 , 0.008685, 0.010005, 0.010471, 0.011896, 0.010841, 0.010230, 0.009047
2 , 0.001092, 0.001060, 0.001055, 0.001250, 0.001161, 0.001156, 0.001144, 0.001299, 0.001163, 0.001278, 0.001300, 0.001234, 0.001293, 0.001232, 0.001395, 0.001295, 0.001330, 0.001336, 0.001194, 0.000553, 0.001230, 0.001063, 0.001348, 0.001327, 0.001378, 0.001267, 0.001413, 0.001517, 0.001383, 0.001490, 0.001248, 0.001621, 0.001536, 0.001390, 0.001318, 0.001374, 0.001472, 0.001428, 0.001458, 0.001435, 0.001630, 0.001414, 0.001801, 0.000808, 0.001026, 0.001444, 0.001418, 0.001324, 0.001252, 0.001397, 0.001189, 0.001254, 0.001121, 0.001271, 0.001217, 0.001253, 0.000994, 0.001174, 0.001050, 0.001277, 0.000961, 0.001098, 0.001029, 0.001237, 0.001136, 0.001153, 0.001243, 0.001336, 0.001152, 0.000095, 0.001630, 0.001393, 0.001559, 0.001624, 0.001680, 0.001775, 0.001499, 0.001829, 0.001627, 0.001651, 0.001475, 0.001604, 0.001639, 0.001746, 0.001534, 0.001349, 0.001674, 0.001560, 0.001565, 0.001458, 0.001523, 0.001547
2 , 0, 0, 0, 0, 0, 0, 0
2 , 0.009643, 0.011079, 0.014058, 0.014295, 0.014111, 0.013335, 0.011889
3 , 0.001397, 0.001189, 0.001254, 0.001121, 0.001271, 0.001217, 0.001253, 0.000994, 0.001174, 0.001050, 0.001277, 0.000961, 0.001098, 0.001029, 0.001237, 0.001136, 0.001153, 0.001243, 0.001336, 0.001152, 0.000095, 0.001630, 0.001393, 0.001559, 0.001624, 0.001680, 0.001775, 0.001499, 0.001829, 0.001627, 0.001651, 0.001475, 0.001604, 0.001639, 0.001746, 0.001534, 0.001349, 0.001674, 0.001560, 0.001565, 0.001458, 0.001523, 0.001547, 0.001557, 0.001432, 0.000708, 0.001425, 0.001498, 0.001392, 0.001266, 0.001331, 0.001266, 0.001294, 0.001285, 0.001235, 0.001172, 0.001268, 0.001198, 0.001268, 0.001233, 0.001292, 0.001189, 0.001257, 0.001287, 0.001318, 0.001167, 0.001205, 0.001281, 0.000545, 0.001015, 0.001288, 0.001163, 0.001420, 0.001418, 0.001458, 0.001279, 0.001456, 0.001611, 0.001497, 0.001507, 0.001451, 0.001681, 0.001486, 0.001620, 0.001541, 0.001662, 0.001657, 0.001683, 0.001648, 0.001450, 0.001669, 0.001451
3 , 0, 0, 0, 0, 0, 0, 0
3 , 0.011179, 0.013517, 0.015708, 0.015426, 0.016507, 0.014643, 0.013519
4 , 0.001331, 0.001266, 0.001294, 0.001285, 0.001235, 0.001172, 0.001268, 0.001198, 0.001268, 0.001233, 0.001292, 0.001189, 0.001257, 0.001287, 0.001318, 0.001167, 0.001205, 0.001281, 0.000545, 0.001015, 0.001288, 0.001163, 0.001420, 0.001418, 0.001458, 0.001279, 0.001456, 0.001611, 0.001497, 0.001507, 0.001451, 0.001681, 0.001486, 0.001620, 0.001541, 0.001662, 0.001657, 0.001683, 0.001648, 0.001450, 0.001669, 0.001451, 0.001801, 0.000122, 0.001175, 0.001260, 0.001321, 0.001232, 0.001014, 0.001181, 0.001047, 0.001166, 0.001068, 0.001192, 0.001018, 0.001186, 0.001194, 0.001191, 0.001185, 0.001319, 0.001200, 0.001435, 0.001340, 0.001399, 0.001514, 0.001358, 0.001366, 0.001334, 0.001135, 0.000505, 0.001301, 0.001108, 0.001357, 0.001310, 0.001362, 0.001371, 0.001383, 0.001396, 0.001457, 0.001624, 0.001423, 0.001632, 0.001527, 0.001488, 0.001418, 0.001551, 0.001660, 0.001516, 0.001599, 0.001391, 0.001625, 0.001483
4 , 0, 0, 0, 0, 0, 0, 0
4 , 0.008214, 0.009153, 0.011106, 0.011568, 0.012022, 0.010766, 0.010056
5 , 0.001047, 0.001166, 0.001068, 0.001192, 0.001018, 0.001186, 0.001194, 0.001191, 0.001185, 0.001319, 0.001200, 0.001435, 0.001340, 0.001399, 0.001514, 0.001358, 0.001366, 0.001334, 0.001135, 0.000505, 0.001301, 0.001108, 0.001357, 0.001310, 0.001362, 0.001371, 0.001383, 0.001396, 0.001457, 0.001624, 0.001423, 0.001632, 0.001527, 0.001488, 0.001418, 0.001551, 0.001660, 0.001516, 0.001599, 0.001391, 0.001625, 0.001483, 0.001715, 0.001001, 0.001169, 0.001334, 0.001407, 0.001451, 0.001198, 0.001385, 0.001289, 0.001385, 0.001196, 0.001385, 0.001320, 0.001369, 0.001266, 0.001306, 0.001177, 0.001238, 0.001172, 0.001249, 0.001055, 0.001268, 0.001018, 0.001142, 0.001165, 0.000088, 0.001470, 0.001425, 0.001383, 0.001591, 0.001457, 0.001621, 0.001510, 0.001754, 0.001745, 0.001715, 0.001580, 0.001555, 0.001722, 0.001588, 0.001662, 0.001472, 0.001595, 0.001539, 0.001544, 0.001444, 0.001449, 0.001601, 0.001451, 0.001620
5 , 0, 0, 0, 0, 0, 0, 0
5 , 0.011915, 0.013139, 0.012820, 0.013453, 0.012815, 0.012635, 0.011024
6 , 0.001385, 0.001289, 0.001385, 0.001196, 0.001385, 0.001320, 0.001369, 0.001266, 0.001306, 0.001177, 0.001238, 0.001172, 0.001249, 0.001055, 0.001268, 0.001018, 0.001142, 0.001165, 0.000088, 0.001470, 0.001425, 0.001383, 0.001591, 0.001457, 0.001621, 0.001510, 0.001754, 0.001745, 0.001715, 0.001580, 0.001555, 0.001722, 0.001588, 0.001662, 0.001472, 0.001595, 0.001539, 0.001544, 0.001444, 0.001449, 0.001601, 0.001451, 0.001620, 0.001310, 0.001793, 0.000516, 0.001610, 0.001389, 0.001476, 0.001276, 0.001495, 0.001269, 0.001402, 0.001223, 0.001291, 0.001195, 0.001343, 0.001239, 0.001365, 0.001274, 0.001304, 0.001176, 0.001219, 0.001283, 0.001309, 0.001215, 0.001224, 0.001175, 0.001238, 0.001235, 0.001177, 0.001226, 0.001125, 0.001313, 0.001212, 0.001285, 0.001095, 0.001310, 0.001266, 0.001446, 0.001098, 0.001315, 0.001115, 0.001421, 0.001091, 0.001363, 0.001317, 0.001463, 0.001232, 0.001448, 0.001407, 0.001492
6 , 3, 0, 3, 0, 0, 0, 0
6 , 0.008956, 0.008581, 0.008117, 0.007941, 0.007732, 0.008193, 0.007707
7 , 0.001610, 0.001389, 0.001476, 0.001276, 0.001495, 0.001269, 0.001402, 0.001223, 0.001291, 0.001195, 0.001343, 0.001239, 0.001365, 0.001274, 0.001304, 0.001176, 0.001219, 0.001283, 0.001309, 0.001215, 0.001224, 0.001175, 0.001238, 0.001235, 0.001177, 0.001226, 0.001125, 0.001313, 0.001212, 0.001285, 0.001095, 0.001310, 0.001266, 0.001446, 0.001098, 0.001315, 0.001115, 0.001421, 0.001091, 0.001363, 0.001317, 0.001463, 0.001232, 0.001448, 0.001407, 0.001492, 0.001263, 0.001386, 0.001445, 0.001447, 0.001310, 0.001521, 0.001536, 0.001605, 0.001561, 0.001473, 0.001542, 0.001651, 0.001586, 0.001531, 0.001559, 0.001531, 0.001599, 0.001511, 0.001637, 0.001428, 0.001517, 0.001424, 0.001537, 0.001388, 0.001496, 0.001350, 0.001511, 0.001306, 0.001386, 0.001319, 0.001493, 0.001191, 0.001453, 0.001229, 0.001369, 0.001156, 0.001285, 0.001221, 0.001292, 0.001189, 0.001294, 0.001343, 0.001313, 0.001205, 0.001374, 0.001374
7 , 1, 1, 1, 1, 1, 3, 3
7 , 0.005192, 0.005366, 0.004441, 0.005367, 0.004767, 0.004609, 0.005002
8 , 0.001447, 0.001310, 0.001521, 0.001536, 0.001605, 0.001561, 0.001473, 0.001542, 0.001651, 0.001586, 0.001531, 0.001559, 0.001531, 0.001599, 0.001511, 0.001637, 0.001428, 0.001517, 0.001424, 0.001537, 0.001388, 0.001496, 0.001350, 0.001511, 0.001306, 0.001386, 0.001319, 0.001493, 0.001191, 0.001453, 0.001229, 0.001369, 0.001156, 0.001285, 0.001221, 0.001292, 0.001189, 0.001294, 0.001343, 0.001313, 0.001205, 0.001374, 0.001374, 0.001393, 0.001439, 0.001341, 0.001430, 0.001383, 0.001589, 0.001520, 0.001516, 0.001413, 0.001482, 0.001411, 0.001533, 0.001466, 0.001482, 0.001329, 0.001612, 0.001429, 0.001529, 0.001344, 0.001539, 0.001395, 0.001439, 0.001312, 0.001473, 0.001295, 0.001306, 0.001269, 0.001395, 0.001360, 0.001386, 0.001274, 0.001222, 0.001435, 0.001322, 0.001324, 0.001388, 0.001430, 0.001242, 0.001289, 0.001137, 0.001170, 0.001161, 0.001276, 0.001086, 0.001243, 0.001172, 0.001306, 0.001144, 0.001309
8 , 1, 1, 1, 1, 1, 1, 1
8 , 0.007407, 0.007647, 0.007750, 0.007919, 0.007983, 0.008069, 0.007391
9 , 0.001413, 0.001482, 0.001411, 0.001533, 0.001466, 0.001482, 0.001329, 0.001612, 0.001429, 0.001529, 0.001344, 0.001539, 0.001395, 0.001439, 0.001312, 0.001473, 0.001295, 0.001306, 0.001269, 0.001395, 0.001360, 0.001386, 0.001274, 0.001222, 0.001435, 0.001322, 0.001324, 0.001388, 0.001430, 0.001242, 0.001289, 0.001137, 0.001170, 0.001161, 0.001276, 0.001086, 0.001243, 0.001172, 0.001306, 0.001144, 0.001309, 0.001144, 0.001220, 0.001276, 0.001301, 0.001193, 0.001308, 0.001125, 0.001219, 0.001214, 0.001268, 0.001287, 0.001322, 0.001296, 0.001367, 0.001367, 0.001250, 0.001245, 0.001267, 0.001293, 0.001260, 0.001436, 0.001421, 0.001456, 0.001411, 0.001439, 0.001378, 0.001502, 0.001344, 0.001399, 0.001413, 0.001535, 0.001428, 0.001655, 0.001527, 0.001523, 0.001509, 0.001513, 0.001418, 0.001570, 0.001384, 0.001570, 0.001500, 0.001662, 0.001576, 0.001559, 0.001559, 0.001439, 0.001506, 0.001364, 0.001405, 0.001289
9 , 2, 2, 2, 2, 2, 2, 2
9 , 0.008179, 0.008057, 0.007865, 0.007585, 0.007037, 0.006443, 0.005958
10 , 0.001308, 0.001125, 0.001219, 0.001214, 0.001268, 0.001287, 0.001322, 0.001296, 0.001367, 0.001367, 0.001250, 0.001245, 0.001267, 0.001293, 0.001260, 0.001436, 0.001421, 0.001456, 0.001411, 0.001439, 0.001378, 0.001502, 0.001344, 0.001399, 0.001413, 0.001535, 0.001428, 0.001655, 0.001527, 0.001523, 0.001509, 0.001513, 0.001418, 0.001570, 0.001384, 0.001570, 0.001500, 0.001662, 0.001576, 0.001559, 0.001559, 0.001439, 0.001506, 0.001364, 0.001405, 0.001289, 0.001387, 0.001300, 0.001365, 0.001426, 0.001380, 0.001087, 0.001402, 0.001257, 0.001338, 0.001149, 0.001336, 0.001069, 0.001292, 0.001132, 0.001317, 0.001123, 0.001285, 0.001214, 0.001390, 0.001296, 0.001423, 0.001266, 0.001212, 0.001264, 0.001327, 0.001146, 0.001264, 0.001322, 0.001301, 0.001371, 0.001301, 0.001460, 0.001420, 0.001322, 0.001114, 0.001281, 0.001222, 0.001321, 0.001192, 0.001328, 0.001131, 0.001313, 0.001007, 0.001243, 0.001235, 0.001416
10 , 3, 3, 3, 0, 0, 0, 0
10 , 0.004961, 0.004539, 0.004376, 0.003961, 0.004149, 0.004171, 0.003949
11 , 0.001387, 0.001300, 0.001365, 0.001426, 0.001380, 0.001087, 0.001402, 0.001257, 0.001338, 0.001149, 0.001336, 0.001069, 0.001292, 0.001132, 0.001317, 0.001123, 0.001285, 0.001214, 0.001390, 0.001296, 0.001423, 0.001266, 0.001212, 0.001264, 0.001327, 0.001146, 0.001264, 0.001322, 0.001301, 0.001371, 0.001301, 0.001460, 0.001420, 0.001322, 0.001114, 0.001281, 0.001222, 0.001321, 0.001192, 0.001328, 0.001131, 0.001313, 0.001007, 0.001243, 0.001235, 0.001416, 0.001261, 0.001491, 0.001178, 0.001386, 0.001343, 0.001341, 0.001474, 0.001478, 0.001531, 0.001531, 0.001526, 0.001551, 0.001557, 0.001496, 0.001589, 0.001396, 0.001557, 0.001453, 0.001494, 0.001441, 0.001635, 0.001391, 0.001367, 0.001286, 0.001519, 0.001297, 0.001461, 0.001274, 0.001374, 0.001191, 0.001481, 0.001252, 0.001271, 0.001180, 0.001339, 0.001133, 0.001133, 0.001166, 0.001133, 0.001171, 0.001011, 0.001171, 0.001163, 0.001138, 0.001065, 0.001120
11 , 1, 1, 1, 1, 3, 3, 3
11 , 0.004836, 0.005189, 0.005307, 0.005945, 0.005584, 0.005927, 0.005886
12 , 0.001386, 0.001343, 0.001341, 0.001474, 0.001478, 0.001531, 0.001531, 0.001526, 0.001551, 0.001557, 0.001496, 0.001589, 0.001396, 0.001557, 0.001453, 0.001494, 0.001441, 0.001635, 0.001391, 0.001367, 0.001286, 0.001519, 0.001297, 0.001461, 0.001274, 0.001374, 0.001191, 0.001481, 0.001252, 0.001271, 0.001180, 0.001339, 0.001133, 0.001133, 0.001166, 0.001133, 0.001171, 0.001011, 0.001171, 0.001163, 0.001138, 0.001065, 0.001120, 0.001141, 0.001351, 0.001299, 0.001294, 0.001081, 0.001355, 0.001295, 0.001417, 0.001347, 0.001380, 0.001419, 0.001565, 0.001378, 0.001450, 0.001441, 0.001441, 0.001407, 0.001464, 0.001370, 0.001557, 0.001399, 0.001376, 0.001435, 0.001427, 0.001433, 0.001338, 0.001429, 0.001366, 0.001468, 0.001313, 0.001358, 0.001391, 0.001432, 0.001230, 0.001339, 0.001121, 0.001334, 0.001275, 0.001257, 0.001100, 0.001289, 0.001137, 0.001337, 0.001180, 0.001250, 0.001189, 0.001321, 0.001194, 0.001346
12 , 1, 1, 1, 1, 1, 1, 1
12 , 0.007511, 0.007636, 0.007783, 0.008442, 0.009226, 0.009513, 0.009642
13 , 0.001380, 0.001419, 0.001565, 0.001378, 0.001450, 0.001441, 0.001441, 0.001407, 0.001464, 0.001370, 0.001557, 0.001399, 0.001376, 0.001435, 0.001427, 0.001433, 0.001338, 0.001429, 0.001366, 0.001468, 0.001313, 0.001358, 0.001391, 0.001432, 0.001230, 0.001339, 0.001121, 0.001334, 0.001275, 0.001257, 0.001100, 0.001289, 0.001137, 0.001337, 0.001180, 0.001250, 0.001189, 0.001321, 0.001194, 0.001346, 0.001197, 0.001209, 0.001204, 0.001217, 0.001161, 0.001232, 0.001222, 0.001215, 0.001283, 0.001294, 0.001413, 0.001221, 0.001313, 0.001224, 0.001388, 0.001214, 0.001254, 0.001221, 0.001474, 0.001280, 0.001376, 0.001289, 0.001177, 0.001137, 0.001383, 0.001210, 0.001381, 0.001259, 0.001407, 0.001238, 0.001221, 0.001254, 0.001278, 0.001338, 0.001299, 0.001271, 0.001187, 0.001258, 0.001197, 0.001207, 0.001141, 0.001209, 0.001143, 0.001212, 0.001115, 0.001227, 0.001266, 0.001430, 0.001119, 0.001337, 0.001189, 0.001399
13 , 1, 1, 1, 1, 1, 1, 1
13 , 0.004053, 0.004848, 0.004880, 0.004849, 0.005096, 0.005093, 0.004751
14 , 0.001413, 0.001221, 0.001313, 0.001224, 0.001388, 0.001214, 0.001254, 0.001221, 0.001474, 0.001280, 0.001376, 0.001289, 0.001177, 0.001137, 0.001383, 0.001210, 0.001381, 0.001259, 0.001407, 0.001238, 0.001221, 0.001254, 0.001278, 0.001338, 0.001299, 0.001271, 0.001187, 0.001258, 0.001197, 0.001207, 0.001141, 0.001209, 0.001143, 0.001212, 0.001115, 0.001227, 0.001266, 0.001430, 0.001119, 0.001337, 0.001189, 0.001399, 0.001233, 0.001437, 0.001326, 0.001356, 0.001315, 0.001478, 0.001468, 0.001551, 0.001482, 0.001411, 0.001468, 0.001531, 0.001472, 0.001504, 0.001432, 0.001531, 0.001417, 0.001259, 0.001547, 0.001299, 0.001516, 0.001358, 0.001510, 0.001451, 0.001524, 0.001283, 0.001506, 0.001389, 0.001386, 0.001267, 0.001285, 0.001215, 0.001280, 0.001257, 0.001329, 0.001175, 0.001371, 0.001132, 0.001208, 0.001299, 0.001217, 0.001151, 0.001153, 0.001123, 0.001189, 0.001207, 0.001009, 0.001147, 0.001048, 0.001134
14 , 1, 1, 1, 1, 1, 1, 1
14 , 0.005548, 0.006023, 0.006201, 0.006425, 0.006047, 0.006036, 0.005590
15 , 0.001551, 0.001482, 0.001411, 0.001468, 0.001531, 0.001472, 0.001504, 0.001432, 0.001531, 0.001417, 0.001259, 0.001547, 0.001299, 0.001516, 0.001358, 0.001510, 0.001451, 0.001524, 0.001283, 0.001506, 0.001389, 0.001386, 0.001267, 0.001285, 0.001215, 0.001280, 0.001257, 0.001329, 0.001175, 0.001371, 0.001132, 0.001208, 0.001299, 0.001217, 0.001151, 0.001153, 0.001123, 0.001189, 0.001207, 0.001009, 0.001147, 0.001048, 0.001134, 0.001098, 0.001101, 0.001060, 0.001273, 0.001052, 0.001174, 0.001087, 0.001326, 0.001177, 0.001238, 0.001242, 0.001324, 0.001219, 0.001442, 0.001248, 0.001339, 0.001395, 0.001295, 0.001380, 0.001491, 0.001376, 0.001373, 0.001432, 0.001460, 0.001376, 0.001282, 0.001382, 0.001310, 0.001378, 0.001349, 0.001506, 0.001360, 0.001456, 0.001245, 0.001271, 0.001292, 0.001381, 0.001261, 0.001299, 0.001175, 0.001399, 0.001303, 0.001409, 0.001257, 0.001334, 0.001355, 0.001353, 0.001404, 0.001433
15 , 2, 2, 2, 2, 2, 2, 1
15 , 0.006291, 0.006778, 0.006718, 0.006835, 0.006521, 0.006280, 0.006038
16 , 0.001087, 0.001326, 0.001177, 0.001238, 0.001242, 0.001324, 0.001219, 0.001442, 0.001248, 0.001339, 0.001395, 0.001295, 0.001380, 0.001491, 0.001376, 0.001373, 0.001432, 0.001460, 0.001376, 0.001282, 0.001382, 0.001310, 0.001378, 0.001349, 0.001506, 0.001360, 0.001456, 0.001245, 0.001271, 0.001292, 0.001381, 0.001261, 0.001299, 0.001175, 0.001399, 0.001303, 0.001409, 0.001257, 0.001334, 0.001355, 0.001353, 0.001404, 0.001433, 0.001458, 0.001369, 0.001367, 0.001326, 0.001400, 0.001435, 0.001343, 0.001196, 0.001233, 0.001111, 0.001329, 0.001235, 0.001371, 0.001278, 0.001161, 0.001067, 0.001304, 0.001119, 0.001283, 0.001133, 0.001270, 0.001052, 0.001143, 0.001024, 0.001245, 0.001156, 0.001144, 0.001169, 0.001278, 0.001201, 0.001115, 0.001148, 0.001100, 0.001179, 0.001085, 0.001113, 0.001095, 0.001196, 0.001191, 0.001313, 0.001227, 0.001344, 0.001212, 0.001334, 0.001238, 0.001367, 0.001170, 0.001142, 0.001165
16 , 3, 3, 3, 3, 0, 0, 0
16 , 0.001857, 0.001708, 0.001143, 0.000869, 0.000588, 0.001037, 0.001128
