0 , 0.001309, 0.001520, 0.001625, 0.001524, 0.001545, 0.001515, 0.001719, 0.001644, 0.001704, 0.001458, 0.001738, 0.001597, 0.001616, 0.001426, 0.001607, 0.001646, 0.001551, 0.001551, 0.001466, 0.001581, 0.001485, 0.001614, 0.001622, 0.000185, 0.001426, 0.001449, 0.001340, 0.001299, 0.001167, 0.001261, 0.001200, 0.001218, 0.001246, 0.001234, 0.001279, 0.001132, 0.001226, 0.001203, 0.001355, 0.001233, 0.001281, 0.001023, 0.001307, 0.001127, 0.001203, 0.001367, 0.000903, 0.000793, 0.001400, 0.001246, 0.001500, 0.001491, 0.001451, 0.001276, 0.001462, 0.001602, 0.001673, 0.001613, 0.001468, 0.001789, 0.001679, 0.001845, 0.001524, 0.001745, 0.001755, 0.001675, 0.001800, 0.001605, 0.001955, 0.001640, 0.001838, 0.000485, 0.001176, 0.001365, 0.001261, 0.001241, 0.001137, 0.001350, 0.001223, 0.001373, 0.001117, 0.001426, 0.001080, 0.001295, 0.001129, 0.001349, 0.001157, 0.001199, 0.001166, 0.001197, 0.001070, 0.001346
0 , 1, 1, 1, 1, 1, 1, 1
0 , 0.009849, 0.012197, 0.014503, 0.016838, 0.017006, 0.014266, 0.014678
1 , 0.001500, 0.001491, 0.001451, 0.001276, 0.001462, 0.001602, 0.001673, 0.001613, 0.001468, 0.001789, 0.001679, 0.001845, 0.001524, 0.001745, 0.001755, 0.001675, 0.001800, 0.001605, 0.001955, 0.001640, 0.001838, 0.000485, 0.001176, 0.001365, 0.001261, 0.001241, 0.001137, 0.001350, 0.001223, 0.001373, 0.001117, 0.001426, 0.001080, 0.001295, 0.001129, 0.001349, 0.001157, 0.001199, 0.001166, 0.001197, 0.001070, 0.001346, 0.001152, 0.001141, 0.001052, 0.001125, 0.001122, 0.000514, 0.001600, 0.001399, 0.001414, 0.001609, 0.001499, 0.001589, 0.001464, 0.001739, 0.001594, 0.001639, 0.001428, 0.001508, 0.001673, 0.001533, 0.001693, 0.001593, 0.001657, 0.001532, 0.001652, 0.001597, 0.001714, 0.001742, 0.001769, 0.001375, 0.000909, 0.001408, 0.001355, 0.001160, 0.001165, 0.001064, 0.001099, 0.000946, 0.000990, 0.000816, 0.000864, 0.000960, 0.000886, 0.000898, 0.000973, 0.000955, 0.000781, 0.000893, 0.000821, 0.000957
1 , 1, 1, 1, 1, 1, 1, 1
1 , 0.014830, 0.017748, 0.020437, 0.020499, 0.022260, 0.021309, 0.021469
2 , 0.001414, 0.001609, 0.001499, 0.001589, 0.001464, 0.001739, 0.001594, 0.001639, 0.001428, 0.001508, 0.001673, 0.001533, 0.001693, 0.001593, 0.001657, 0.001532, 0.001652, 0.001597, 0.001714, 0.001742, 0.001769, 0.001375, 0.000909, 0.001408, 0.001355, 0.001160, 0.001165, 0.001064, 0.001099, 0.000946, 0.000990, 0.000816, 0.000864, 0.000960, 0.000886, 0.000898, 0.000973, 0.000955, 0.000781, 0.000893, 0.000821, 0.000957, 0.000812, 0.000808, 0.000930, 0.000087, 0.001594, 0.001759, 0.001571, 0.001624, 0.001735, 0.001715, 0.001660, 0.001454, 0.001724, 0.001539, 0.001633, 0.001482, 0.001762, 0.001526, 0.001508, 0.001462, 0.001360, 0.001597, 0.001462, 0.001562, 0.001406, 0.001545, 0.001465, 0.001503, 0.001364, 0.001739, 0.000075, 0.001683, 0.001454, 0.001466, 0.001246, 0.001278, 0.001335, 0.001314, 0.001126, 0.001290, 0.001180, 0.001370, 0.001178, 0.001360, 0.001349, 0.001407, 0.001257, 0.001353, 0.001222, 0.001321
2 , 1, 1, 1, 1, 1, 1, 1
2 , 0.015494, 0.018180, 0.021728, 0.021299, 0.020377, 0.017226, 0.017319
3 , 0.001571, 0.001624, 0.001735, 0.001715, 0.001660, 0.001454, 0.001724, 0.001539, 0.001633, 0.001482, 0.001762, 0.001526, 0.001508, 0.001462, 0.001360, 0.001597, 0.001462, 0.001562, 0.001406, 0.001545, 0.001465, 0.001503, 0.001364, 0.001739, 0.000075, 0.001683, 0.001454, 0.001466, 0.001246, 0.001278, 0.001335, 0.001314, 0.001126, 0.001290, 0.001180, 0.001370, 0.001178, 0.001360, 0.001349, 0.001407, 0.001257, 0.001353, 0.001222, 0.001321, 0.001286, 0.001365, 0.001236, 0.001426, 0.001206, 0.000947, 0.000961, 0.001217, 0.001347, 0.001433, 0.001474, 0.001504, 0.001449, 0.001680, 0.001630, 0.001660, 0.001550, 0.001851, 0.001610, 0.001685, 0.001585, 0.001690, 0.001795, 0.001614, 0.001584, 0.001524, 0.001769, 0.001693, 0.001588, 0.001694, 0.000898, 0.001155, 0.001370, 0.001335, 0.001220, 0.001135, 0.001380, 0.001277, 0.001211, 0.001150, 0.001198, 0.001041, 0.001137, 0.001086, 0.001223, 0.001137, 0.001150, 0.001178
3 , 1, 1, 1, 1, 1, 1, 1
3 , 0.007873, 0.010338, 0.010842, 0.011977, 0.012581, 0.014119, 0.012897
4 , 0.001217, 0.001347, 0.001433, 0.001474, 0.001504, 0.001449, 0.001680, 0.001630, 0.001660, 0.001550, 0.001851, 0.001610, 0.001685, 0.001585, 0.001690, 0.001795, 0.001614, 0.001584, 0.001524, 0.001769, 0.001693, 0.001588, 0.001694, 0.000898, 0.001155, 0.001370, 0.001335, 0.001220, 0.001135, 0.001380, 0.001277, 0.001211, 0.001150, 0.001198, 0.001041, 0.001137, 0.001086, 0.001223, 0.001137, 0.001150, 0.001178, 0.001086, 0.001081, 0.001132, 0.001160, 0.001084, 0.001193, 0.000393, 0.001384, 0.001169, 0.001499, 0.001239, 0.001235, 0.001257, 0.001332, 0.001291, 0.001235, 0.001187, 0.001052, 0.001325, 0.000995, 0.001080, 0.000891, 0.000873, 0.000926, 0.000706, 0.000812, 0.000728, 0.001077, 0.000956, 0.001053, 0.000814, 0.001196, 0.001926, 0.001797, 0.001647, 0.001624, 0.001647, 0.001413, 0.001470, 0.001426, 0.001370, 0.001133, 0.001314, 0.001061, 0.001292, 0.001132, 0.001188, 0.001056, 0.001229, 0.001000, 0.001027
4 , 2, 2, 2, 2, 2, 2, 2
4 , 0.010828, 0.012236, 0.013764, 0.014902, 0.016350, 0.015584, 0.013608
5 , 0.001499, 0.001239, 0.001235, 0.001257, 0.001332, 0.001291, 0.001235, 0.001187, 0.001052, 0.001325, 0.000995, 0.001080, 0.000891, 0.000873, 0.000926, 0.000706, 0.000812, 0.000728, 0.001077, 0.000956, 0.001053, 0.000814, 0.001196, 0.001926, 0.001797, 0.001647, 0.001624, 0.001647, 0.001413, 0.001470, 0.001426, 0.001370, 0.001133, 0.001314, 0.001061, 0.001292, 0.001132, 0.001188, 0.001056, 0.001229, 0.001000, 0.001027, 0.000905, 0.001178, 0.000999, 0.001104, 0.000921, 0.000312, 0.001366, 0.001480, 0.001559, 0.001735, 0.001675, 0.001615, 0.001500, 0.001760, 0.001574, 0.001588, 0.001417, 0.001711, 0.001767, 0.001459, 0.001439, 0.001311, 0.001639, 0.001293, 0.001381, 0.001295, 0.001381, 0.001548, 0.001330, 0.001603, 0.000227, 0.001452, 0.001546, 0.001414, 0.001438, 0.001375, 0.001279, 0.001216, 0.001286, 0.001316, 0.001262, 0.001267, 0.001325, 0.001208, 0.001267, 0.001286, 0.001138, 0.001178, 0.001237, 0.001137
5 , 3, 3, 3, 3, 3, 3, 3
5 , 0.007332, 0.007397, 0.008535, 0.009599, 0.010753, 0.007417, 0.006714
6 , 0.001559, 0.001735, 0.001675, 0.001615, 0.001500, 0.001760, 0.001574, 0.001588, 0.001417, 0.001711, 0.001767, 0.001459, 0.001439, 0.001311, 0.001639, 0.001293, 0.001381, 0.001295, 0.001381, 0.001548, 0.001330, 0.001603, 0.000227, 0.001452, 0.001546, 0.001414, 0.001438, 0.001375, 0.001279, 0.001216, 0.001286, 0.001316, 0.001262, 0.001267, 0.001325, 0.001208, 0.001267, 0.001286, 0.001138, 0.001178, 0.001237, 0.001137, 0.001158, 0.001177, 0.001248, 0.000820, 0.000872, 0.001493, 0.001263, 0.001517, 0.001491, 0.001535, 0.001459, 0.001408, 0.001683, 0.001553, 0.001622, 0.001346, 0.001615, 0.001527, 0.001516, 0.001423, 0.001441, 0.001641, 0.001569, 0.001638, 0.001443, 0.001694, 0.001451, 0.001796, 0.000561, 0.001136, 0.001368, 0.001328, 0.001426, 0.001201, 0.001363, 0.001105, 0.001326, 0.001091, 0.001402, 0.001363, 0.001356, 0.001108, 0.001318, 0.001124, 0.001394, 0.001326, 0.001401, 0.001261, 0.001483, 0.001265
6 , 1, 1, 1, 1, 1, 1, 1
6 , 0.008461, 0.010390, 0.012154, 0.011993, 0.008713, 0.008851, 0.008601
7 , 0.001263, 0.001517, 0.001491, 0.001535, 0.001459, 0.001408, 0.001683, 0.001553, 0.001622, 0.001346, 0.001615, 0.001527, 0.001516, 0.001423, 0.001441, 0.001641, 0.001569, 0.001638, 0.001443, 0.001694, 0.001451, 0.001796, 0.000561, 0.001136, 0.001368, 0.001328, 0.001426, 0.001201, 0.001363, 0.001105, 0.001326, 0.001091, 0.001402, 0.001363, 0.001356, 0.001108, 0.001318, 0.001124, 0.001394, 0.001326, 0.001401, 0.001261, 0.001483, 0.001265, 0.001461, 0.001242, 0.001288, 0.001174, 0.000091, 0.001375, 0.001311, 0.001149, 0.001307, 0.001353, 0.001441, 0.001212, 0.001557, 0.001437, 0.001536, 0.001372, 0.001522, 0.001652, 0.001367, 0.001536, 0.001272, 0.001532, 0.001629, 0.001608, 0.001573, 0.001554, 0.001525, 0.001551, 0.001405, 0.000887, 0.001442, 0.001564, 0.001433, 0.001295, 0.001269, 0.001325, 0.001381, 0.001295, 0.001267, 0.001314, 0.001274, 0.001152, 0.001243, 0.001175, 0.001367, 0.001112, 0.001262, 0.001281
7 , 1, 1, 1, 1, 1, 1, 1
7 , 0.003359, 0.005039, 0.006433, 0.007724, 0.006980, 0.009254, 0.008294
8 , 0.001149, 0.001307, 0.001353, 0.001441, 0.001212, 0.001557, 0.001437, 0.001536, 0.001372, 0.001522, 0.001652, 0.001367, 0.001536, 0.001272, 0.001532, 0.001629, 0.001608, 0.001573, 0.001554, 0.001525, 0.001551, 0.001405, 0.000887, 0.001442, 0.001564, 0.001433, 0.001295, 0.001269, 0.001325, 0.001381, 0.001295, 0.001267, 0.001314, 0.001274, 0.001152, 0.001243, 0.001175, 0.001367, 0.001112, 0.001262, 0.001281, 0.001358, 0.001109, 0.001229, 0.001399, 0.000449, 0.000956, 0.001206, 0.001012, 0.001227, 0.001315, 0.001277, 0.001302, 0.001138, 0.001332, 0.001281, 0.001364, 0.001078, 0.001260, 0.001246, 0.001302, 0.001245, 0.001292, 0.001517, 0.001462, 0.001402, 0.001216, 0.001574, 0.001517, 0.001821, 0.000314, 0.001335, 0.001400, 0.001355, 0.001150, 0.001236, 0.001211, 0.001026, 0.001297, 0.001068, 0.001185, 0.001076, 0.001264, 0.001029, 0.001246, 0.001267, 0.001244, 0.001218, 0.001316, 0.001227, 0.001351, 0.001192
8 , 1, 1, 1, 1, 1, 1, 1
8 , 0.002148, 0.004118, 0.007237, 0.006260, 0.005925, 0.007111, 0.007753
9 , 0.001302, 0.001138, 0.001332, 0.001281, 0.001364, 0.001078, 0.001260, 0.001246, 0.001302, 0.001245, 0.001292, 0.001517, 0.001462, 0.001402, 0.001216, 0.001574, 0.001517, 0.001821, 0.000314, 0.001335, 0.001400, 0.001355, 0.001150, 0.001236, 0.001211, 0.001026, 0.001297, 0.001068, 0.001185, 0.001076, 0.001264, 0.001029, 0.001246, 0.001267, 0.001244, 0.001218, 0.001316, 0.001227, 0.001351, 0.001192, 0.001218, 0.001169, 0.001388, 0.000894, 0.000664, 0.001408, 0.001262, 0.001347, 0.001607, 0.001392, 0.001552, 0.001322, 0.001668, 0.001658, 0.001638, 0.001427, 0.001467, 0.001722, 0.001663, 0.001684, 0.001614, 0.001789, 0.001705, 0.001840, 0.001625, 0.001750, 0.001770, 0.001968, 0.000913, 0.001132, 0.001096, 0.001248, 0.001273, 0.001099, 0.001074, 0.001028, 0.001079, 0.001139, 0.001101, 0.001091, 0.001238, 0.001120, 0.001361, 0.001199, 0.001250, 0.001215, 0.001400, 0.001180, 0.001278, 0.001251, 0.001314, 0.001159
9 , 1, 1, 1, 1, 1, 1, 1
9 , 0.011149, 0.011838, 0.011459, 0.011401, 0.011868, 0.011141, 0.010247
10 , 0.001552, 0.001322, 0.001668, 0.001658, 0.001638, 0.001427, 0.001467, 0.001722, 0.001663, 0.001684, 0.001614, 0.001789, 0.001705, 0.001840, 0.001625, 0.001750, 0.001770, 0.001968, 0.000913, 0.001132, 0.001096, 0.001248, 0.001273, 0.001099, 0.001074, 0.001028, 0.001079, 0.001139, 0.001101, 0.001091, 0.001238, 0.001120, 0.001361, 0.001199, 0.001250, 0.001215, 0.001400, 0.001180, 0.001278, 0.001251, 0.001314, 0.001159, 0.000331, 0.001393, 0.001397, 0.001206, 0.001380, 0.001491, 0.001562, 0.001461, 0.001545, 0.001746, 0.001521, 0.001686, 0.001526, 0.001684, 0.001473, 0.001585, 0.001531, 0.001410, 0.001615, 0.001545, 0.001576, 0.001492, 0.001767, 0.001614, 0.001642, 0.001630, 0.001601, 0.000635, 0.001471, 0.001370, 0.001421, 0.001234, 0.001464, 0.001181, 0.001155, 0.000993, 0.001214, 0.001201, 0.001257, 0.001023, 0.001297, 0.001257, 0.001328, 0.001262, 0.001442, 0.001244, 0.001405, 0.001424, 0.001394, 0.001357
10 , 1, 1, 1, 1, 1, 1, 1
10 , 0.016699, 0.016600, 0.014647, 0.014577, 0.013888, 0.013162, 0.011875
11 , 0.001380, 0.001491, 0.001562, 0.001461, 0.001545, 0.001746, 0.001521, 0.001686, 0.001526, 0.001684, 0.001473, 0.001585, 0.001531, 0.001410, 0.001615, 0.001545, 0.001576, 0.001492, 0.001767, 0.001614, 0.001642, 0.001630, 0.001601, 0.000635, 0.001471, 0.001370, 0.001421, 0.001234, 0.001464, 0.001181, 0.001155, 0.000993, 0.001214, 0.001201, 0.001257, 0.001023, 0.001297, 0.001257, 0.001328, 0.001262, 0.001442, 0.001244, 0.001405, 0.001424, 0.001394, 0.001357, 0.001441, 0.001320, 0.001315, 0.001306, 0.001315, 0.001372, 0.001320, 0.001261, 0.001259, 0.001378, 0.001396, 0.001428, 0.001363, 0.001454, 0.001359, 0.001415, 0.001267, 0.001459, 0.001317, 0.001389, 0.001181, 0.001335, 0.001204, 0.001370, 0.001253, 0.001234, 0.001075, 0.001333, 0.001234, 0.001363, 0.001178, 0.001178, 0.001082, 0.001282, 0.001170, 0.001203, 0.001172, 0.001182, 0.001038, 0.001101, 0.001205, 0.001160, 0.001134, 0.001132, 0.001122, 0.001061
11 , 1, 1, 1, 1, 1, 1, 1
11 , 0.008075, 0.008397, 0.009188, 0.009803, 0.010318, 0.008469, 0.008722
12 , 0.001315, 0.001372, 0.001320, 0.001261, 0.001259, 0.001378, 0.001396, 0.001428, 0.001363, 0.001454, 0.001359, 0.001415, 0.001267, 0.001459, 0.001317, 0.001389, 0.001181, 0.001335, 0.001204, 0.001370, 0.001253, 0.001234, 0.001075, 0.001333, 0.001234, 0.001363, 0.001178, 0.001178, 0.001082, 0.001282, 0.001170, 0.001203, 0.001172, 0.001182, 0.001038, 0.001101, 0.001205, 0.001160, 0.001134, 0.001132, 0.001122, 0.001061, 0.001137, 0.001147, 0.001180, 0.001051, 0.001175, 0.001071, 0.001274, 0.001253, 0.001321, 0.001089, 0.001232, 0.001213, 0.001393, 0.001152, 0.001248, 0.001325, 0.001398, 0.001140, 0.001250, 0.001154, 0.001374, 0.001204, 0.001328, 0.001382, 0.001323, 0.001229, 0.001237, 0.001148, 0.001251, 0.001216, 0.001233, 0.001266, 0.001350, 0.001360, 0.001335, 0.001279, 0.001241, 0.001347, 0.001152, 0.001355, 0.001289, 0.001299, 0.001170, 0.001294, 0.001249, 0.001459, 0.001255, 0.001382, 0.001150, 0.001335
12 , 2, 2, 2, 2, 2, 2, 2
12 , 0.004419, 0.004748, 0.004792, 0.004786, 0.004432, 0.004545, 0.004224
13 , 0.001274, 0.001253, 0.001321, 0.001089, 0.001232, 0.001213, 0.001393, 0.001152, 0.001248, 0.001325, 0.001398, 0.001140, 0.001250, 0.001154, 0.001374, 0.001204, 0.001328, 0.001382, 0.001323, 0.001229, 0.001237, 0.001148, 0.001251, 0.001216, 0.001233, 0.001266, 0.001350, 0.001360, 0.001335, 0.001279, 0.001241, 0.001347, 0.001152, 0.001355, 0.001289, 0.001299, 0.001170, 0.001294, 0.001249, 0.001459, 0.001255, 0.001382, 0.001150, 0.001335, 0.001243, 0.001286, 0.001063, 0.001346, 0.001250, 0.001344, 0.001225, 0.001304, 0.001393, 0.001400, 0.001271, 0.001328, 0.001363, 0.001271, 0.001426, 0.001271, 0.001370, 0.001126, 0.001260, 0.001199, 0.001297, 0.001244, 0.001132, 0.001130, 0.001264, 0.001091, 0.001226, 0.001081, 0.001241, 0.001107, 0.001335, 0.001187, 0.001461, 0.001316, 0.001468, 0.001253, 0.001368, 0.001328, 0.001420, 0.001422, 0.001478, 0.001228, 0.001235, 0.001213, 0.001372, 0.001328, 0.001363, 0.001342
13 , 0, 0, 0, 0, 0, 0, 0
13 , 0.001081, 0.000961, 0.001414, 0.001207, 0.001669, 0.001790, 0.002432
14 , 0.001393, 0.001400, 0.001271, 0.001328, 0.001363, 0.001271, 0.001426, 0.001271, 0.001370, 0.001126, 0.001260, 0.001199, 0.001297, 0.001244, 0.001132, 0.001130, 0.001264, 0.001091, 0.001226, 0.001081, 0.001241, 0.001107, 0.001335, 0.001187, 0.001461, 0.001316, 0.001468, 0.001253, 0.001368, 0.001328, 0.001420, 0.001422, 0.001478, 0.001228, 0.001235, 0.001213, 0.001372, 0.001328, 0.001363, 0.001342, 0.001159, 0.001281, 0.001314, 0.001269, 0.001215, 0.001278, 0.001082, 0.001300, 0.001087, 0.001244, 0.001143, 0.001249, 0.001048, 0.001256, 0.001069, 0.001302, 0.001170, 0.001122, 0.000967, 0.001231, 0.001076, 0.001134, 0.001157, 0.001170, 0.001048, 0.001178, 0.001061, 0.001160, 0.001122, 0.001127, 0.001124, 0.001276, 0.001297, 0.001251, 0.001370, 0.001267, 0.001288, 0.001194, 0.001402, 0.001335, 0.001391, 0.001201, 0.001447, 0.001187, 0.001585, 0.001277, 0.001438, 0.001248, 0.001251, 0.001277, 0.001401, 0.001302
14 , 0, 0, 0, 0, 0, 0, 0
14 , 0.003968, 0.004614, 0.005061, 0.005370, 0.005543, 0.005487, 0.005297
15 , 0.001143, 0.001249, 0.001048, 0.001256, 0.001069, 0.001302, 0.001170, 0.001122, 0.000967, 0.001231, 0.001076, 0.001134, 0.001157, 0.001170, 0.001048, 0.001178, 0.001061, 0.001160, 0.001122, 0.001127, 0.001124, 0.001276, 0.001297, 0.001251, 0.001370, 0.001267, 0.001288, 0.001194, 0.001402, 0.001335, 0.001391, 0.001201, 0.001447, 0.001187, 0.001585, 0.001277, 0.001438, 0.001248, 0.001251, 0.001277, 0.001401, 0.001302, 0.001403, 0.001337, 0.001475, 0.001356, 0.001482, 0.001344, 0.001346, 0.001276, 0.001248, 0.001405, 0.001328, 0.001305, 0.001262, 0.001340, 0.001135, 0.001266, 0.001119, 0.001286, 0.001193, 0.001208, 0.001259, 0.001380, 0.001210, 0.001451, 0.001261, 0.001294, 0.001236, 0.001362, 0.001233, 0.001266, 0.001266, 0.001238, 0.001084, 0.001294, 0.001186, 0.001226, 0.001153, 0.001209, 0.001338, 0.001211, 0.001260, 0.001215, 0.001354, 0.001286, 0.001407, 0.001281, 0.001276, 0.001201, 0.001379, 0.001234
15 , 3, 3, 3, 3, 3, 3, 3
15 , 0.004680, 0.004997, 0.005182, 0.005106, 0.004900, 0.004921, 0.004262
16 , 0.001346, 0.001276, 0.001248, 0.001405, 0.001328, 0.001305, 0.001262, 0.001340, 0.001135, 0.001266, 0.001119, 0.001286, 0.001193, 0.001208, 0.001259, 0.001380, 0.001210, 0.001451, 0.001261, 0.001294, 0.001236, 0.001362, 0.001233, 0.001266, 0.001266, 0.001238, 0.001084, 0.001294, 0.001186, 0.001226, 0.001153, 0.001209, 0.001338, 0.001211, 0.001260, 0.001215, 0.001354, 0.001286, 0.001407, 0.001281, 0.001276, 0.001201, 0.001379, 0.001234, 0.001288, 0.001257, 0.001442, 0.001321, 0.001379, 0.001251, 0.001309, 0.001298, 0.001383, 0.001320, 0.001504, 0.001259, 0.001363, 0.001394, 0.001426, 0.001448, 0.001478, 0.001424, 0.001335, 0.001394, 0.001344, 0.001548, 0.001504, 0.001420, 0.001396, 0.001447, 0.001388, 0.001468, 0.001272, 0.001394, 0.001181, 0.001426, 0.001164, 0.001295, 0.001314, 0.001498, 0.001250, 0.001351, 0.001166, 0.001312, 0.001165, 0.001327, 0.001215, 0.001203, 0.001125, 0.001163, 0.001089, 0.001216
16 , 1, 1, 1, 1, 1, 1, 1
16 , 0.002705, 0.002991, 0.003270, 0.003327, 0.003604, 0.003650, 0.004033
