0 , 0.001224, 0.001129, 0.001163, 0.001173, 0.001277, 0.001321, 0.001245, 0.001346, 0.001212, 0.001530, 0.001442, 0.001548, 0.001302, 0.001377, 0.001365, 0.001261, 0.001370, 0.001120, 0.001475, 0.001443, 0.001565, 0.001250, 0.001636, 0.000038, 0.001614, 0.001422, 0.001584, 0.001453, 0.001541, 0.001260, 0.001427, 0.001384, 0.001399, 0.001263, 0.001562, 0.001443, 0.001442, 0.001161, 0.001480, 0.001295, 0.001498, 0.001305, 0.001432, 0.001168, 0.001434, 0.001257, 0.001549, 0.001404, 0.001139, 0.000737, 0.001120, 0.001170, 0.001381, 0.001316, 0.001371, 0.001281, 0.001521, 0.001351, 0.001491, 0.001175, 0.001435, 0.001545, 0.001490, 0.001318, 0.001192, 0.001488, 0.001216, 0.001432, 0.001197, 0.001266, 0.001354, 0.001240, 0.001365, 0.000517, 0.001401, 0.001842, 0.001617, 0.001665, 0.001409, 0.001543, 0.001358, 0.001515, 0.001346, 0.001454, 0.001325, 0.001543, 0.001328, 0.001561, 0.001379, 0.001320, 0.001318, 0.001503
0 , 0, 0, 0, 0, 0, 0, 0
0 , 0.003658, 0.004142, 0.002618, 0.003070, 0.002723, 0.004591, 0.004290
1 , 0.001170, 0.001381, 0.001316, 0.001371, 0.001281, 0.001521, 0.001351, 0.001491, 0.001175, 0.001435, 0.001545, 0.001490, 0.001318, 0.001192, 0.001488, 0.001216, 0.001432, 0.001197, 0.001266, 0.001354, 0.001240, 0.001365, 0.000517, 0.001401, 0.001842, 0.001617, 0.001665, 0.001409, 0.001543, 0.001358, 0.001515, 0.001346, 0.001454, 0.001325, 0.001543, 0.001328, 0.001561, 0.001379, 0.001320, 0.001318, 0.001503, 0.001373, 0.001267, 0.001325, 0.001341, 0.001282, 0.000061, 0.001230, 0.001175, 0.001376, 0.001391, 0.001511, 0.001406, 0.001311, 0.001552, 0.001276, 0.001461, 0.001371, 0.001381, 0.001225, 0.001360, 0.001415, 0.001316, 0.001400, 0.001260, 0.001466, 0.001310, 0.001365, 0.001438, 0.001386, 0.001296, 0.000890, 0.001551, 0.001614, 0.001465, 0.001480, 0.001510, 0.001325, 0.001477, 0.001358, 0.001353, 0.001351, 0.001439, 0.001282, 0.001399, 0.001331, 0.001528, 0.001305, 0.001462, 0.001422, 0.001470, 0.001356
1 , 0, 0, 0, 2, 0, 0, 0
1 , 0.004241, 0.003900, 0.003418, 0.000794, 0.003003, 0.002176, 0.000570
2 , 0.000061, 0.001230, 0.001175, 0.001376, 0.001391, 0.001511, 0.001406, 0.001311, 0.001552, 0.001276, 0.001461, 0.001371, 0.001381, 0.001225, 0.001360, 0.001415, 0.001316, 0.001400, 0.001260, 0.001466, 0.001310, 0.001365, 0.001438, 0.001386, 0.001296, 0.000890, 0.001551, 0.001614, 0.001465, 0.001480, 0.001510, 0.001325, 0.001477, 0.001358, 0.001353, 0.001351, 0.001439, 0.001282, 0.001399, 0.001331, 0.001528, 0.001305, 0.001462, 0.001422, 0.001470, 0.001356, 0.001493, 0.001346, 0.001239, 0.001432, 0.000520, 0.001014, 0.001205, 0.001120, 0.001316, 0.001426, 0.001341, 0.001285, 0.001301, 0.001506, 0.001285, 0.001455, 0.001314, 0.001433, 0.001342, 0.001335, 0.001226, 0.001340, 0.001382, 0.001141, 0.001217, 0.001057, 0.001350, 0.001197, 0.001539, 0.000417, 0.001801, 0.001777, 0.001609, 0.001581, 0.001314, 0.001481, 0.001333, 0.001536, 0.001351, 0.001424, 0.001269, 0.001520, 0.001351, 0.001439, 0.001346, 0.001376
2 , 0, 0, 0, 0, 0, 0, 0
2 , 0.003929, 0.003938, 0.004434, 0.004912, 0.003930, 0.003494, 0.003801
3 , 0.001432, 0.000520, 0.001014, 0.001205, 0.001120, 0.001316, 0.001426, 0.001341, 0.001285, 0.001301, 0.001506, 0.001285, 0.001455, 0.001314, 0.001433, 0.001342, 0.001335, 0.001226, 0.001340, 0.001382, 0.001141, 0.001217, 0.001057, 0.001350, 0.001197, 0.001539, 0.000417, 0.001801, 0.001777, 0.001609, 0.001581, 0.001314, 0.001481, 0.001333, 0.001536, 0.001351, 0.001424, 0.001269, 0.001520, 0.001351, 0.001439, 0.001346, 0.001376, 0.001257, 0.001328, 0.001252, 0.001432, 0.001237, 0.001457, 0.000995, 0.000523, 0.001169, 0.001149, 0.001039, 0.001379, 0.001350, 0.001461, 0.001180, 0.001416, 0.001527, 0.001461, 0.001556, 0.001456, 0.001546, 0.001480, 0.001742, 0.001510, 0.001641, 0.001747, 0.001716, 0.001741, 0.001580, 0.001590, 0.001783, 0.000790, 0.001318, 0.001244, 0.001335, 0.001216, 0.001227, 0.001196, 0.001282, 0.001238, 0.001299, 0.001263, 0.001255, 0.001339, 0.001255, 0.001228, 0.001206, 0.001298, 0.001313
3 , 0, 3, 3, 3, 3, 3, 3
3 , 0.002147, 0.002417, 0.003615, 0.004589, 0.005662, 0.005271, 0.006099
4 , 0.001149, 0.001039, 0.001379, 0.001350, 0.001461, 0.001180, 0.001416, 0.001527, 0.001461, 0.001556, 0.001456, 0.001546, 0.001480, 0.001742, 0.001510, 0.001641, 0.001747, 0.001716, 0.001741, 0.001580, 0.001590, 0.001783, 0.000790, 0.001318, 0.001244, 0.001335, 0.001216, 0.001227, 0.001196, 0.001282, 0.001238, 0.001299, 0.001263, 0.001255, 0.001339, 0.001255, 0.001228, 0.001206, 0.001298, 0.001313, 0.001404, 0.001391, 0.001358, 0.001348, 0.001548, 0.001376, 0.001404, 0.001351, 0.000169, 0.001119, 0.001370, 0.001241, 0.001135, 0.001356, 0.001316, 0.001496, 0.001216, 0.001516, 0.001311, 0.001466, 0.001331, 0.001517, 0.001697, 0.001466, 0.001521, 0.001400, 0.001695, 0.001604, 0.001570, 0.001528, 0.001521, 0.001496, 0.001516, 0.001072, 0.001479, 0.001421, 0.001360, 0.001341, 0.001232, 0.001427, 0.001259, 0.001381, 0.001277, 0.001379, 0.001214, 0.001437, 0.001358, 0.001460, 0.001427, 0.001487, 0.001290, 0.001429
4 , 2, 2, 2, 1, 1, 1, 1
4 , 0.002730, 0.003243, 0.004135, 0.005088, 0.004536, 0.007392, 0.007192
5 , 0.001241, 0.001135, 0.001356, 0.001316, 0.001496, 0.001216, 0.001516, 0.001311, 0.001466, 0.001331, 0.001517, 0.001697, 0.001466, 0.001521, 0.001400, 0.001695, 0.001604, 0.001570, 0.001528, 0.001521, 0.001496, 0.001516, 0.001072, 0.001479, 0.001421, 0.001360, 0.001341, 0.001232, 0.001427, 0.001259, 0.001381, 0.001277, 0.001379, 0.001214, 0.001437, 0.001358, 0.001460, 0.001427, 0.001487, 0.001290, 0.001429, 0.001275, 0.001437, 0.001214, 0.001564, 0.000411, 0.000834, 0.001145, 0.001190, 0.001119, 0.001135, 0.001405, 0.001290, 0.001380, 0.001220, 0.001505, 0.001360, 0.001426, 0.001215, 0.001299, 0.001430, 0.001345, 0.001404, 0.001159, 0.001484, 0.001378, 0.001384, 0.001343, 0.001198, 0.001370, 0.001190, 0.001612, 0.000240, 0.001577, 0.001698, 0.001694, 0.001595, 0.001415, 0.001541, 0.001478, 0.001551, 0.001404, 0.001482, 0.001343, 0.001406, 0.001287, 0.001372, 0.001172, 0.001406, 0.001183, 0.001371, 0.001396
5 , 0, 2, 2, 2, 2, 2, 2
5 , 0.002754, 0.004174, 0.004677, 0.005357, 0.004318, 0.006962, 0.006657
6 , 0.001405, 0.001290, 0.001380, 0.001220, 0.001505, 0.001360, 0.001426, 0.001215, 0.001299, 0.001430, 0.001345, 0.001404, 0.001159, 0.001484, 0.001378, 0.001384, 0.001343, 0.001198, 0.001370, 0.001190, 0.001612, 0.000240, 0.001577, 0.001698, 0.001694, 0.001595, 0.001415, 0.001541, 0.001478, 0.001551, 0.001404, 0.001482, 0.001343, 0.001406, 0.001287, 0.001372, 0.001172, 0.001406, 0.001183, 0.001371, 0.001396, 0.001282, 0.001302, 0.001363, 0.001282, 0.001266, 0.001211, 0.001200, 0.001294, 0.001291, 0.001217, 0.001303, 0.001346, 0.001277, 0.001442, 0.001364, 0.001481, 0.001452, 0.001632, 0.001513, 0.001602, 0.001429, 0.001677, 0.001487, 0.001668, 0.001413, 0.001511, 0.001481, 0.001614, 0.001457, 0.001543, 0.001475, 0.001492, 0.001377, 0.001506, 0.001347, 0.001529, 0.001412, 0.001478, 0.001425, 0.001475, 0.001338, 0.001394, 0.001419, 0.001338, 0.001353, 0.001181, 0.001311, 0.001280, 0.001329, 0.001279, 0.001346
6 , 0, 3, 3, 3, 3, 3, 3
6 , 0.001227, 0.001869, 0.001398, 0.003795, 0.003756, 0.003336, 0.002818
7 , 0.001291, 0.001217, 0.001303, 0.001346, 0.001277, 0.001442, 0.001364, 0.001481, 0.001452, 0.001632, 0.001513, 0.001602, 0.001429, 0.001677, 0.001487, 0.001668, 0.001413, 0.001511, 0.001481, 0.001614, 0.001457, 0.001543, 0.001475, 0.001492, 0.001377, 0.001506, 0.001347, 0.001529, 0.001412, 0.001478, 0.001425, 0.001475, 0.001338, 0.001394, 0.001419, 0.001338, 0.001353, 0.001181, 0.001311, 0.001280, 0.001329, 0.001279, 0.001346, 0.001241, 0.001296, 0.001266, 0.001363, 0.001241, 0.001304, 0.001280, 0.001374, 0.001245, 0.001399, 0.001206, 0.001303, 0.001325, 0.001356, 0.001315, 0.001566, 0.001214, 0.001282, 0.001305, 0.001404, 0.001145, 0.001460, 0.001325, 0.001485, 0.001444, 0.001472, 0.001447, 0.001302, 0.001335, 0.001277, 0.001249, 0.001409, 0.001414, 0.001252, 0.001384, 0.001267, 0.001356, 0.001254, 0.001358, 0.001285, 0.001348, 0.001323, 0.001478, 0.001272, 0.001427, 0.001356, 0.001364, 0.001285, 0.001511
7 , 2, 2, 1, 2, 2, 2, 2
7 , 0.000959, 0.001395, 0.001781, 0.002198, 0.002497, 0.003235, 0.003557
8 , 0.001399, 0.001206, 0.001303, 0.001325, 0.001356, 0.001315, 0.001566, 0.001214, 0.001282, 0.001305, 0.001404, 0.001145, 0.001460, 0.001325, 0.001485, 0.001444, 0.001472, 0.001447, 0.001302, 0.001335, 0.001277, 0.001249, 0.001409, 0.001414, 0.001252, 0.001384, 0.001267, 0.001356, 0.001254, 0.001358, 0.001285, 0.001348, 0.001323, 0.001478, 0.001272, 0.001427, 0.001356, 0.001364, 0.001285, 0.001511, 0.001310, 0.001525, 0.001368, 0.001432, 0.001247, 0.001409, 0.001376, 0.001475, 0.001252, 0.001292, 0.001295, 0.001341, 0.001333, 0.001377, 0.001413, 0.001352, 0.001339, 0.001333, 0.001471, 0.001332, 0.001271, 0.001285, 0.001290, 0.001186, 0.001385, 0.001250, 0.001336, 0.001346, 0.001505, 0.001252, 0.001546, 0.001417, 0.001663, 0.001438, 0.001537, 0.001473, 0.001630, 0.001370, 0.001593, 0.001468, 0.001515, 0.001384, 0.001576, 0.001440, 0.001488, 0.001376, 0.001472, 0.001485, 0.001498, 0.001351, 0.001414, 0.001392
8 , 0, 2, 0, 0, 0, 2, 0
8 , 0.003326, 0.002941, 0.003317, 0.003114, 0.003147, 0.002214, 0.001881
9 , 0.001376, 0.001475, 0.001252, 0.001292, 0.001295, 0.001341, 0.001333, 0.001377, 0.001413, 0.001352, 0.001339, 0.001333, 0.001471, 0.001332, 0.001271, 0.001285, 0.001290, 0.001186, 0.001385, 0.001250, 0.001336, 0.001346, 0.001505, 0.001252, 0.001546, 0.001417, 0.001663, 0.001438, 0.001537, 0.001473, 0.001630, 0.001370, 0.001593, 0.001468, 0.001515, 0.001384, 0.001576, 0.001440, 0.001488, 0.001376, 0.001472, 0.001485, 0.001498, 0.001351, 0.001414, 0.001392, 0.001336, 0.001415, 0.001255, 0.001208, 0.001180, 0.001385, 0.001410, 0.001471, 0.001412, 0.001515, 0.001399, 0.001600, 0.001384, 0.001534, 0.001504, 0.001685, 0.001602, 0.001758, 0.001652, 0.001837, 0.001674, 0.001630, 0.001702, 0.001737, 0.001585, 0.001635, 0.001473, 0.001560, 0.001544, 0.001477, 0.001373, 0.001353, 0.001414, 0.001381, 0.001472, 0.001414, 0.001389, 0.001316, 0.001465, 0.001216, 0.001376, 0.001354, 0.001363, 0.001205, 0.001360, 0.001319
9 , 3, 3, 3, 3, 3, 3, 3
9 , 0.003398, 0.004528, 0.005216, 0.005784, 0.005996, 0.006666, 0.006510
10 , 0.001385, 0.001410, 0.001471, 0.001412, 0.001515, 0.001399, 0.001600, 0.001384, 0.001534, 0.001504, 0.001685, 0.001602, 0.001758, 0.001652, 0.001837, 0.001674, 0.001630, 0.001702, 0.001737, 0.001585, 0.001635, 0.001473, 0.001560, 0.001544, 0.001477, 0.001373, 0.001353, 0.001414, 0.001381, 0.001472, 0.001414, 0.001389, 0.001316, 0.001465, 0.001216, 0.001376, 0.001354, 0.001363, 0.001205, 0.001360, 0.001319, 0.001423, 0.001247, 0.001435, 0.001295, 0.001480, 0.001259, 0.001341, 0.001328, 0.001399, 0.001225, 0.001335, 0.001269, 0.001269, 0.001307, 0.001338, 0.001454, 0.001459, 0.001390, 0.001352, 0.001438, 0.001399, 0.001419, 0.001406, 0.001553, 0.001323, 0.001619, 0.001422, 0.001605, 0.001593, 0.001633, 0.001377, 0.001605, 0.001488, 0.001490, 0.001346, 0.001487, 0.001424, 0.001597, 0.001290, 0.001468, 0.001344, 0.001329, 0.001307, 0.001290, 0.001260, 0.001224, 0.001290, 0.001310, 0.001205, 0.001293, 0.001268
10 , 2, 2, 1, 1, 1, 1, 1
10 , 0.003581, 0.003490, 0.004029, 0.005273, 0.005825, 0.006702, 0.007084
11 , 0.001269, 0.001269, 0.001307, 0.001338, 0.001454, 0.001459, 0.001390, 0.001352, 0.001438, 0.001399, 0.001419, 0.001406, 0.001553, 0.001323, 0.001619, 0.001422, 0.001605, 0.001593, 0.001633, 0.001377, 0.001605, 0.001488, 0.001490, 0.001346, 0.001487, 0.001424, 0.001597, 0.001290, 0.001468, 0.001344, 0.001329, 0.001307, 0.001290, 0.001260, 0.001224, 0.001290, 0.001310, 0.001205, 0.001293, 0.001268, 0.001255, 0.001354, 0.001279, 0.001340, 0.001244, 0.001365, 0.001313, 0.001341, 0.001184, 0.001427, 0.001285, 0.001419, 0.001300, 0.001413, 0.001294, 0.001352, 0.001225, 0.001390, 0.001291, 0.001354, 0.001258, 0.001382, 0.001341, 0.001423, 0.001406, 0.001335, 0.001260, 0.001338, 0.001279, 0.001338, 0.001332, 0.001374, 0.001313, 0.001258, 0.001418, 0.001291, 0.001501, 0.001389, 0.001488, 0.001356, 0.001544, 0.001361, 0.001358, 0.001376, 0.001528, 0.001216, 0.001465, 0.001386, 0.001525, 0.001389, 0.001475, 0.001384
11 , 2, 2, 2, 2, 2, 2, 2
11 , 0.002692, 0.002877, 0.003661, 0.004021, 0.004500, 0.004722, 0.005278
12 , 0.001300, 0.001413, 0.001294, 0.001352, 0.001225, 0.001390, 0.001291, 0.001354, 0.001258, 0.001382, 0.001341, 0.001423, 0.001406, 0.001335, 0.001260, 0.001338, 0.001279, 0.001338, 0.001332, 0.001374, 0.001313, 0.001258, 0.001418, 0.001291, 0.001501, 0.001389, 0.001488, 0.001356, 0.001544, 0.001361, 0.001358, 0.001376, 0.001528, 0.001216, 0.001465, 0.001386, 0.001525, 0.001389, 0.001475, 0.001384, 0.001515, 0.001427, 0.001404, 0.001399, 0.001346, 0.001339, 0.001392, 0.001298, 0.001364, 0.001442, 0.001379, 0.001434, 0.001409, 0.001465, 0.001429, 0.001470, 0.001376, 0.001455, 0.001346, 0.001478, 0.001278, 0.001388, 0.001269, 0.001404, 0.001277, 0.001456, 0.001207, 0.001324, 0.001166, 0.001398, 0.001318, 0.001293, 0.001246, 0.001313, 0.001103, 0.001296, 0.001368, 0.001329, 0.001335, 0.001310, 0.001255, 0.001387, 0.001406, 0.001263, 0.001448, 0.001274, 0.001249, 0.001294, 0.001438, 0.001331, 0.001412, 0.001280
12 , 3, 3, 3, 3, 3, 3, 3
12 , 0.003052, 0.002732, 0.002775, 0.003035, 0.002685, 0.002594, 0.001881
13 , 0.001392, 0.001298, 0.001364, 0.001442, 0.001379, 0.001434, 0.001409, 0.001465, 0.001429, 0.001470, 0.001376, 0.001455, 0.001346, 0.001478, 0.001278, 0.001388, 0.001269, 0.001404, 0.001277, 0.001456, 0.001207, 0.001324, 0.001166, 0.001398, 0.001318, 0.001293, 0.001246, 0.001313, 0.001103, 0.001296, 0.001368, 0.001329, 0.001335, 0.001310, 0.001255, 0.001387, 0.001406, 0.001263, 0.001448, 0.001274, 0.001249, 0.001294, 0.001438, 0.001331, 0.001412, 0.001280, 0.001401, 0.001414, 0.001629, 0.001442, 0.001543, 0.001404, 0.001523, 0.001389, 0.001450, 0.001453, 0.001600, 0.001457, 0.001546, 0.001546, 0.001633, 0.001625, 0.001387, 0.001394, 0.001541, 0.001506, 0.001511, 0.001509, 0.001438, 0.001443, 0.001417, 0.001554, 0.001331, 0.001541, 0.001364, 0.001462, 0.001293, 0.001488, 0.001371, 0.001434, 0.001308, 0.001500, 0.001336, 0.001528, 0.001320, 0.001447, 0.001416, 0.001399, 0.001280, 0.001361, 0.001320, 0.001392
13 , 1, 1, 1, 1, 1, 1, 1
13 , 0.003550, 0.003756, 0.003831, 0.003780, 0.003702, 0.003154, 0.003273
14 , 0.001629, 0.001442, 0.001543, 0.001404, 0.001523, 0.001389, 0.001450, 0.001453, 0.001600, 0.001457, 0.001546, 0.001546, 0.001633, 0.001625, 0.001387, 0.001394, 0.001541, 0.001506, 0.001511, 0.001509, 0.001438, 0.001443, 0.001417, 0.001554, 0.001331, 0.001541, 0.001364, 0.001462, 0.001293, 0.001488, 0.001371, 0.001434, 0.001308, 0.001500, 0.001336, 0.001528, 0.001320, 0.001447, 0.001416, 0.001399, 0.001280, 0.001361, 0.001320, 0.001392, 0.001298, 0.001450, 0.001353, 0.001320, 0.001320, 0.001389, 0.001455, 0.001339, 0.001369, 0.001303, 0.001430, 0.001325, 0.001422, 0.001267, 0.001430, 0.001315, 0.001472, 0.001313, 0.001396, 0.001264, 0.001571, 0.001505, 0.001609, 0.001386, 0.001442, 0.001290, 0.001485, 0.001449, 0.001556, 0.001310, 0.001460, 0.001391, 0.001462, 0.001333, 0.001411, 0.001325, 0.001391, 0.001462, 0.001406, 0.001412, 0.001348, 0.001356, 0.001336, 0.001463, 0.001209, 0.001313, 0.001354, 0.001540
14 , 2, 1, 2, 2, 1, 1, 1
14 , 0.001904, 0.002140, 0.002321, 0.002362, 0.002336, 0.003088, 0.002829
15 , 0.001339, 0.001369, 0.001303, 0.001430, 0.001325, 0.001422, 0.001267, 0.001430, 0.001315, 0.001472, 0.001313, 0.001396, 0.001264, 0.001571, 0.001505, 0.001609, 0.001386, 0.001442, 0.001290, 0.001485, 0.001449, 0.001556, 0.001310, 0.001460, 0.001391, 0.001462, 0.001333, 0.001411, 0.001325, 0.001391, 0.001462, 0.001406, 0.001412, 0.001348, 0.001356, 0.001336, 0.001463, 0.001209, 0.001313, 0.001354, 0.001540, 0.001263, 0.001385, 0.001220, 0.001402, 0.001402, 0.001651, 0.001380, 0.001382, 0.001380, 0.001388, 0.001228, 0.001421, 0.001316, 0.001432, 0.001386, 0.001417, 0.001462, 0.001419, 0.001409, 0.001490, 0.001457, 0.001410, 0.001555, 0.001578, 0.001510, 0.001478, 0.001581, 0.001548, 0.001621, 0.001468, 0.001595, 0.001529, 0.001691, 0.001412, 0.001493, 0.001409, 0.001396, 0.001277, 0.001333, 0.001331, 0.001460, 0.001316, 0.001440, 0.001308, 0.001349, 0.001126, 0.001250, 0.001483, 0.001399, 0.001336, 0.001379
15 , 1, 1, 1, 1, 1, 1, 1
15 , 0.000669, 0.001210, 0.001822, 0.001736, 0.002138, 0.002558, 0.003214
16 , 0.001421, 0.001316, 0.001432, 0.001386, 0.001417, 0.001462, 0.001419, 0.001409, 0.001490, 0.001457, 0.001410, 0.001555, 0.001578, 0.001510, 0.001478, 0.001581, 0.001548, 0.001621, 0.001468, 0.001595, 0.001529, 0.001691, 0.001412, 0.001493, 0.001409, 0.001396, 0.001277, 0.001333, 0.001331, 0.001460, 0.001316, 0.001440, 0.001308, 0.001349, 0.001126, 0.001250, 0.001483, 0.001399, 0.001336, 0.001379, 0.001310, 0.001424, 0.001447, 0.001371, 0.001448, 0.001504, 0.001548, 0.001517, 0.001604, 0.001454, 0.001658, 0.001448, 0.001596, 0.001374, 0.001624, 0.001386, 0.001472, 0.001287, 0.001498, 0.001389, 0.001477, 0.001302, 0.001546, 0.001396, 0.001490, 0.001487, 0.001470, 0.001432, 0.001503, 0.001397, 0.001394, 0.001485, 0.001440, 0.001560, 0.001567, 0.001567, 0.001557, 0.001557, 0.001454, 0.001517, 0.001424, 0.001602, 0.001321, 0.001576, 0.001602, 0.001702, 0.001480, 0.001677, 0.001590, 0.001597, 0.001389, 0.001498
16 , 2, 2, 2, 2, 2, 2, 2
16 , 0.002412, 0.002814, 0.003081, 0.003945, 0.003735, 0.004070, 0.003809
