0 , 0.001552, 0.001405, 0.001464, 0.001429, 0.001363, 0.001468, 0.001547, 0.001449, 0.001505, 0.001438, 0.001529, 0.001344, 0.001438, 0.001407, 0.001564, 0.001538, 0.001580, 0.001405, 0.001541, 0.001482, 0.001463, 0.001329, 0.000123, 0.001088, 0.001302, 0.001414, 0.001233, 0.001549, 0.001358, 0.001394, 0.001289, 0.001589, 0.001459, 0.001379, 0.001263, 0.001368, 0.001513, 0.001363, 0.001474, 0.001238, 0.001413, 0.001399, 0.001328, 0.001348, 0.001199, 0.001352, 0.001265, 0.001389, 0.001829, 0.001679, 0.001508, 0.001590, 0.001501, 0.001573, 0.001405, 0.001510, 0.001484, 0.001531, 0.001339, 0.001360, 0.001267, 0.001479, 0.001212, 0.001299, 0.001177, 0.001378, 0.001148, 0.001399, 0.001017, 0.001380, 0.000161, 0.001118, 0.001343, 0.001348, 0.001373, 0.001183, 0.001524, 0.001389, 0.001374, 0.001288, 0.001554, 0.001429, 0.001483, 0.001368, 0.001246, 0.001415, 0.001188, 0.001332, 0.001068, 0.001291, 0.001296, 0.001214
0 , 1, 1, 1, 1, 1, 3, 0
0 , 0.006372, 0.006243, 0.006581, 0.004331, 0.001207, 0.000179, 0.001196
1 , 0.001829, 0.001679, 0.001508, 0.001590, 0.001501, 0.001573, 0.001405, 0.001510, 0.001484, 0.001531, 0.001339, 0.001360, 0.001267, 0.001479, 0.001212, 0.001299, 0.001177, 0.001378, 0.001148, 0.001399, 0.001017, 0.001380, 0.000161, 0.001118, 0.001343, 0.001348, 0.001373, 0.001183, 0.001524, 0.001389, 0.001374, 0.001288, 0.001554, 0.001429, 0.001483, 0.001368, 0.001246, 0.001415, 0.001188, 0.001332, 0.001068, 0.001291, 0.001296, 0.001214, 0.001275, 0.001076, 0.001603, 0.000200, 0.001784, 0.001611, 0.001581, 0.001496, 0.001620, 0.001384, 0.001545, 0.001391, 0.001578, 0.001413, 0.001456, 0.001397, 0.001570, 0.001347, 0.001382, 0.001349, 0.001423, 0.001243, 0.001309, 0.001306, 0.001464, 0.001373, 0.001344, 0.001210, 0.000953, 0.000970, 0.001268, 0.001359, 0.001238, 0.001343, 0.001127, 0.001408, 0.001288, 0.001368, 0.001293, 0.001193, 0.001573, 0.001307, 0.001432, 0.001267, 0.001496, 0.001491, 0.001405, 0.001367
1 , 1, 1, 1, 1, 1, 1, 3
1 , 0.005560, 0.005892, 0.005849, 0.005336, 0.004513, 0.001948, 0.000861
2 , 0.000200, 0.001784, 0.001611, 0.001581, 0.001496, 0.001620, 0.001384, 0.001545, 0.001391, 0.001578, 0.001413, 0.001456, 0.001397, 0.001570, 0.001347, 0.001382, 0.001349, 0.001423, 0.001243, 0.001309, 0.001306, 0.001464, 0.001373, 0.001344, 0.001210, 0.000953, 0.000970, 0.001268, 0.001359, 0.001238, 0.001343, 0.001127, 0.001408, 0.001288, 0.001368, 0.001293, 0.001193, 0.001573, 0.001307, 0.001432, 0.001267, 0.001496, 0.001491, 0.001405, 0.001367, 0.001336, 0.001460, 0.001377, 0.001302, 0.001567, 0.000953, 0.001332, 0.001522, 0.001441, 0.001352, 0.001273, 0.001240, 0.001233, 0.001443, 0.001299, 0.001240, 0.001276, 0.001248, 0.001157, 0.001406, 0.001373, 0.001321, 0.001415, 0.001273, 0.001390, 0.001299, 0.001360, 0.001185, 0.001329, 0.000028, 0.001238, 0.001021, 0.001272, 0.001272, 0.001372, 0.001156, 0.001402, 0.001357, 0.001447, 0.001451, 0.001316, 0.001572, 0.001551, 0.001502, 0.001276, 0.001431, 0.001420
2 , 1, 1, 1, 1, 1, 1, 1
2 , 0.003078, 0.002958, 0.003172, 0.002756, 0.003807, 0.003036, 0.002025
3 , 0.000953, 0.001332, 0.001522, 0.001441, 0.001352, 0.001273, 0.001240, 0.001233, 0.001443, 0.001299, 0.001240, 0.001276, 0.001248, 0.001157, 0.001406, 0.001373, 0.001321, 0.001415, 0.001273, 0.001390, 0.001299, 0.001360, 0.001185, 0.001329, 0.000028, 0.001238, 0.001021, 0.001272, 0.001272, 0.001372, 0.001156, 0.001402, 0.001357, 0.001447, 0.001451, 0.001316, 0.001572, 0.001551, 0.001502, 0.001276, 0.001431, 0.001420, 0.001460, 0.001440, 0.001345, 0.001590, 0.001413, 0.001460, 0.001386, 0.001392, 0.001428, 0.000924, 0.001717, 0.001457, 0.001390, 0.001380, 0.001392, 0.001377, 0.001334, 0.001428, 0.001337, 0.001393, 0.001228, 0.001250, 0.001272, 0.001272, 0.001275, 0.001280, 0.001189, 0.001236, 0.001086, 0.001310, 0.001150, 0.001380, 0.001109, 0.001471, 0.000434, 0.001112, 0.001369, 0.001374, 0.001369, 0.001268, 0.001173, 0.001518, 0.001358, 0.001473, 0.001202, 0.001548, 0.001367, 0.001416, 0.001320, 0.001294
3 , 1, 1, 1, 3, 3, 3, 3
3 , 0.002719, 0.002393, 0.001661, 0.000987, 0.000807, 0.000650, 0.003538
4 , 0.001717, 0.001457, 0.001390, 0.001380, 0.001392, 0.001377, 0.001334, 0.001428, 0.001337, 0.001393, 0.001228, 0.001250, 0.001272, 0.001272, 0.001275, 0.001280, 0.001189, 0.001236, 0.001086, 0.001310, 0.001150, 0.001380, 0.001109, 0.001471, 0.000434, 0.001112, 0.001369, 0.001374, 0.001369, 0.001268, 0.001173, 0.001518, 0.001358, 0.001473, 0.001202, 0.001548, 0.001367, 0.001416, 0.001320, 0.001294, 0.001383, 0.001133, 0.001339, 0.001225, 0.001237, 0.001234, 0.001453, 0.001368, 0.001717, 0.000201, 0.001583, 0.001468, 0.001580, 0.001410, 0.001473, 0.001362, 0.001386, 0.001165, 0.001242, 0.001136, 0.001404, 0.001225, 0.001324, 0.001073, 0.001178, 0.001075, 0.001247, 0.001073, 0.001053, 0.001106, 0.001134, 0.001106, 0.001074, 0.000937, 0.001309, 0.001255, 0.001518, 0.001402, 0.001543, 0.001438, 0.001574, 0.001424, 0.001534, 0.001429, 0.001419, 0.001534, 0.001469, 0.001438, 0.001327, 0.001626, 0.001399, 0.001272
4 , 2, 2, 2, 2, 0, 0, 0
4 , 0.002172, 0.002920, 0.002981, 0.003822, 0.003275, 0.004277, 0.004702
5 , 0.001580, 0.001410, 0.001473, 0.001362, 0.001386, 0.001165, 0.001242, 0.001136, 0.001404, 0.001225, 0.001324, 0.001073, 0.001178, 0.001075, 0.001247, 0.001073, 0.001053, 0.001106, 0.001134, 0.001106, 0.001074, 0.000937, 0.001309, 0.001255, 0.001518, 0.001402, 0.001543, 0.001438, 0.001574, 0.001424, 0.001534, 0.001429, 0.001419, 0.001534, 0.001469, 0.001438, 0.001327, 0.001626, 0.001399, 0.001272, 0.001161, 0.001201, 0.001375, 0.001159, 0.001278, 0.000460, 0.001228, 0.001720, 0.001499, 0.001623, 0.001489, 0.001433, 0.001380, 0.001380, 0.001140, 0.001313, 0.001261, 0.001388, 0.001236, 0.001352, 0.001100, 0.001330, 0.001133, 0.001255, 0.001136, 0.001377, 0.001308, 0.001319, 0.001271, 0.001441, 0.001494, 0.000047, 0.001148, 0.000928, 0.001095, 0.001221, 0.001170, 0.001173, 0.001027, 0.001368, 0.001182, 0.001263, 0.001129, 0.001392, 0.001483, 0.001484, 0.001449, 0.001523, 0.001748, 0.001680, 0.001749, 0.001595
5 , 3, 3, 3, 3, 0, 0, 0
5 , 0.004238, 0.003089, 0.003658, 0.004645, 0.005640, 0.007203, 0.009000
6 , 0.001380, 0.001380, 0.001140, 0.001313, 0.001261, 0.001388, 0.001236, 0.001352, 0.001100, 0.001330, 0.001133, 0.001255, 0.001136, 0.001377, 0.001308, 0.001319, 0.001271, 0.001441, 0.001494, 0.000047, 0.001148, 0.000928, 0.001095, 0.001221, 0.001170, 0.001173, 0.001027, 0.001368, 0.001182, 0.001263, 0.001129, 0.001392, 0.001483, 0.001484, 0.001449, 0.001523, 0.001748, 0.001680, 0.001749, 0.001595, 0.001844, 0.001961, 0.001970, 0.001758, 0.000350, 0.001001, 0.001067, 0.000840, 0.000651, 0.000602, 0.000617, 0.000674, 0.000657, 0.000685, 0.000694, 0.000880, 0.000861, 0.000941, 0.001093, 0.001151, 0.001104, 0.001263, 0.001078, 0.001363, 0.001281, 0.001471, 0.001475, 0.000597, 0.000800, 0.001091, 0.000923, 0.001054, 0.001175, 0.001238, 0.001115, 0.001189, 0.001328, 0.001159, 0.001254, 0.001077, 0.001442, 0.001383, 0.001318, 0.001318, 0.001279, 0.001409, 0.001271, 0.001311, 0.001188, 0.001512, 0.001439, 0.001815
6 , 0, 0, 0, 0, 0, 0, 0
6 , 0.008157, 0.010297, 0.010748, 0.012426, 0.011276, 0.010609, 0.009470
7 , 0.000602, 0.000617, 0.000674, 0.000657, 0.000685, 0.000694, 0.000880, 0.000861, 0.000941, 0.001093, 0.001151, 0.001104, 0.001263, 0.001078, 0.001363, 0.001281, 0.001471, 0.001475, 0.000597, 0.000800, 0.001091, 0.000923, 0.001054, 0.001175, 0.001238, 0.001115, 0.001189, 0.001328, 0.001159, 0.001254, 0.001077, 0.001442, 0.001383, 0.001318, 0.001318, 0.001279, 0.001409, 0.001271, 0.001311, 0.001188, 0.001512, 0.001439, 0.001815, 0.000087, 0.001443, 0.001335, 0.001316, 0.001432, 0.001208, 0.001341, 0.001081, 0.001216, 0.001075, 0.001313, 0.001089, 0.001249, 0.001125, 0.001180, 0.001144, 0.001294, 0.001073, 0.001332, 0.001167, 0.001208, 0.001213, 0.001357, 0.001241, 0.001341, 0.000916, 0.000665, 0.001283, 0.001253, 0.001183, 0.001479, 0.001349, 0.001489, 0.001394, 0.001605, 0.001529, 0.001504, 0.001459, 0.001389, 0.001494, 0.001459, 0.001449, 0.001389, 0.001448, 0.001569, 0.001388, 0.001378, 0.001333, 0.001363
7 , 0, 0, 0, 0, 0, 0, 0
7 , 0.008050, 0.009947, 0.011278, 0.011511, 0.011911, 0.010841, 0.010368
8 , 0.001081, 0.001216, 0.001075, 0.001313, 0.001089, 0.001249, 0.001125, 0.001180, 0.001144, 0.001294, 0.001073, 0.001332, 0.001167, 0.001208, 0.001213, 0.001357, 0.001241, 0.001341, 0.000916, 0.000665, 0.001283, 0.001253, 0.001183, 0.001479, 0.001349, 0.001489, 0.001394, 0.001605, 0.001529, 0.001504, 0.001459, 0.001389, 0.001494, 0.001459, 0.001449, 0.001389, 0.001448, 0.001569, 0.001388, 0.001378, 0.001333, 0.001363, 0.001550, 0.000613, 0.001606, 0.001357, 0.001613, 0.001476, 0.001522, 0.001510, 0.001503, 0.001643, 0.001543, 0.001503, 0.001571, 0.001540, 0.001658, 0.001573, 0.001451, 0.001538, 0.001529, 0.001569, 0.001510, 0.001611, 0.001482, 0.001464, 0.001494, 0.000066, 0.000982, 0.001064, 0.001167, 0.000941, 0.001347, 0.001323, 0.001488, 0.001298, 0.001519, 0.001529, 0.001379, 0.001464, 0.001304, 0.001534, 0.001429, 0.001489, 0.001454, 0.001589, 0.001539, 0.001484, 0.001434, 0.001419, 0.001613, 0.001469
8 , 3, 3, 3, 0, 0, 0, 0
8 , 0.005827, 0.006474, 0.005632, 0.005651, 0.006418, 0.006708, 0.006927
9 , 0.001543, 0.001503, 0.001571, 0.001540, 0.001658, 0.001573, 0.001451, 0.001538, 0.001529, 0.001569, 0.001510, 0.001611, 0.001482, 0.001464, 0.001494, 0.000066, 0.000982, 0.001064, 0.001167, 0.000941, 0.001347, 0.001323, 0.001488, 0.001298, 0.001519, 0.001529, 0.001379, 0.001464, 0.001304, 0.001534, 0.001429, 0.001489, 0.001454, 0.001589, 0.001539, 0.001484, 0.001434, 0.001419, 0.001613, 0.001469, 0.000982, 0.001683, 0.001466, 0.001353, 0.001408, 0.001306, 0.001494, 0.001395, 0.001484, 0.001281, 0.001443, 0.001309, 0.001430, 0.001324, 0.001504, 0.001279, 0.001499, 0.001393, 0.001480, 0.001283, 0.001461, 0.001369, 0.001634, 0.001381, 0.001733, 0.000702, 0.000682, 0.001041, 0.001045, 0.000976, 0.000932, 0.001312, 0.001168, 0.001203, 0.001168, 0.001375, 0.001351, 0.001237, 0.001283, 0.001174, 0.001409, 0.001179, 0.001375, 0.001231, 0.001407, 0.001402, 0.001398, 0.001421, 0.001324, 0.001784, 0.000064, 0.001673
9 , 3, 3, 3, 3, 0, 0, 0
9 , 0.002375, 0.002309, 0.003004, 0.002192, 0.002239, 0.003173, 0.003164
10 , 0.001309, 0.001430, 0.001324, 0.001504, 0.001279, 0.001499, 0.001393, 0.001480, 0.001283, 0.001461, 0.001369, 0.001634, 0.001381, 0.001733, 0.000702, 0.000682, 0.001041, 0.001045, 0.000976, 0.000932, 0.001312, 0.001168, 0.001203, 0.001168, 0.001375, 0.001351, 0.001237, 0.001283, 0.001174, 0.001409, 0.001179, 0.001375, 0.001231, 0.001407, 0.001402, 0.001398, 0.001421, 0.001324, 0.001784, 0.000064, 0.001673, 0.001424, 0.001396, 0.001302, 0.001244, 0.001198, 0.001305, 0.001165, 0.001287, 0.001190, 0.001308, 0.001132, 0.001309, 0.001205, 0.001360, 0.001321, 0.001316, 0.001281, 0.001324, 0.001428, 0.001415, 0.001448, 0.001263, 0.000693, 0.001007, 0.001281, 0.001152, 0.001180, 0.001134, 0.001434, 0.001274, 0.001344, 0.001156, 0.001091, 0.001412, 0.001253, 0.001339, 0.001144, 0.001475, 0.001367, 0.001528, 0.001403, 0.001318, 0.001559, 0.001379, 0.001600, 0.001434, 0.001414, 0.001770, 0.001005, 0.001352, 0.001250
10 , 2, 0, 0, 0, 0, 0, 0
10 , 0.003496, 0.003122, 0.002658, 0.003077, 0.002891, 0.003311, 0.003206
11 , 0.001305, 0.001165, 0.001287, 0.001190, 0.001308, 0.001132, 0.001309, 0.001205, 0.001360, 0.001321, 0.001316, 0.001281, 0.001324, 0.001428, 0.001415, 0.001448, 0.001263, 0.000693, 0.001007, 0.001281, 0.001152, 0.001180, 0.001134, 0.001434, 0.001274, 0.001344, 0.001156, 0.001091, 0.001412, 0.001253, 0.001339, 0.001144, 0.001475, 0.001367, 0.001528, 0.001403, 0.001318, 0.001559, 0.001379, 0.001600, 0.001434, 0.001414, 0.001770, 0.001005, 0.001352, 0.001250, 0.001269, 0.001065, 0.001123, 0.001065, 0.001211, 0.001021, 0.001112, 0.001004, 0.001175, 0.001178, 0.001186, 0.001250, 0.001275, 0.001264, 0.001342, 0.001459, 0.001406, 0.001144, 0.001258, 0.001443, 0.001332, 0.001337, 0.001230, 0.001210, 0.001281, 0.001378, 0.001259, 0.001338, 0.001242, 0.001463, 0.001170, 0.001330, 0.001203, 0.001399, 0.001261, 0.001337, 0.001187, 0.001378, 0.001109, 0.001362, 0.001167, 0.001387, 0.001235, 0.001517, 0.001301, 0.001400
11 , 0, 0, 0, 0, 0, 0, 0
11 , 0.003351, 0.003851, 0.004173, 0.004386, 0.003930, 0.003429, 0.002868
12 , 0.001065, 0.001211, 0.001021, 0.001112, 0.001004, 0.001175, 0.001178, 0.001186, 0.001250, 0.001275, 0.001264, 0.001342, 0.001459, 0.001406, 0.001144, 0.001258, 0.001443, 0.001332, 0.001337, 0.001230, 0.001210, 0.001281, 0.001378, 0.001259, 0.001338, 0.001242, 0.001463, 0.001170, 0.001330, 0.001203, 0.001399, 0.001261, 0.001337, 0.001187, 0.001378, 0.001109, 0.001362, 0.001167, 0.001387, 0.001235, 0.001517, 0.001301, 0.001400, 0.001132, 0.001474, 0.001246, 0.001209, 0.001217, 0.001299, 0.001109, 0.001271, 0.001197, 0.001142, 0.001261, 0.001172, 0.001128, 0.001255, 0.001277, 0.001186, 0.001161, 0.001307, 0.001247, 0.001172, 0.001144, 0.001045, 0.001291, 0.001142, 0.001230, 0.001045, 0.001125, 0.001256, 0.001367, 0.001124, 0.001514, 0.001364, 0.001400, 0.001286, 0.001299, 0.001197, 0.001413, 0.001283, 0.001560, 0.001359, 0.001575, 0.001380, 0.001430, 0.001334, 0.001314, 0.001360, 0.001499, 0.001317, 0.001287
12 , 0, 0, 0, 0, 0, 0, 0
12 , 0.004165, 0.005331, 0.005534, 0.005285, 0.004520, 0.004896, 0.003782
13 , 0.001299, 0.001109, 0.001271, 0.001197, 0.001142, 0.001261, 0.001172, 0.001128, 0.001255, 0.001277, 0.001186, 0.001161, 0.001307, 0.001247, 0.001172, 0.001144, 0.001045, 0.001291, 0.001142, 0.001230, 0.001045, 0.001125, 0.001256, 0.001367, 0.001124, 0.001514, 0.001364, 0.001400, 0.001286, 0.001299, 0.001197, 0.001413, 0.001283, 0.001560, 0.001359, 0.001575, 0.001380, 0.001430, 0.001334, 0.001314, 0.001360, 0.001499, 0.001317, 0.001287, 0.001226, 0.001333, 0.001353, 0.001248, 0.001461, 0.001273, 0.001367, 0.001456, 0.001466, 0.001380, 0.001413, 0.001347, 0.001497, 0.001337, 0.001489, 0.001374, 0.001582, 0.001325, 0.001433, 0.001365, 0.001646, 0.001386, 0.001538, 0.001356, 0.001550, 0.001279, 0.001385, 0.001299, 0.001387, 0.001210, 0.001337, 0.001226, 0.001328, 0.001206, 0.001338, 0.001325, 0.001411, 0.001393, 0.001357, 0.001327, 0.001324, 0.001418, 0.001474, 0.001446, 0.001449, 0.001557, 0.001398, 0.001590
13 , 3, 3, 3, 3, 3, 3, 3
13 , 0.004023, 0.004353, 0.004631, 0.004778, 0.004776, 0.004478, 0.004470
14 , 0.001273, 0.001367, 0.001456, 0.001466, 0.001380, 0.001413, 0.001347, 0.001497, 0.001337, 0.001489, 0.001374, 0.001582, 0.001325, 0.001433, 0.001365, 0.001646, 0.001386, 0.001538, 0.001356, 0.001550, 0.001279, 0.001385, 0.001299, 0.001387, 0.001210, 0.001337, 0.001226, 0.001328, 0.001206, 0.001338, 0.001325, 0.001411, 0.001393, 0.001357, 0.001327, 0.001324, 0.001418, 0.001474, 0.001446, 0.001449, 0.001557, 0.001398, 0.001590, 0.001386, 0.001447, 0.001451, 0.001505, 0.001410, 0.001484, 0.001302, 0.001627, 0.001386, 0.001492, 0.001347, 0.001517, 0.001344, 0.001484, 0.001314, 0.001449, 0.001156, 0.001238, 0.001139, 0.001208, 0.001161, 0.001172, 0.001100, 0.001203, 0.001161, 0.001064, 0.001222, 0.001302, 0.001205, 0.001050, 0.001202, 0.001230, 0.001285, 0.001134, 0.001227, 0.001173, 0.001330, 0.001214, 0.001181, 0.001207, 0.001349, 0.001235, 0.001364, 0.001261, 0.001448, 0.001284, 0.001514, 0.001342, 0.001616
14 , 1, 1, 1, 1, 2, 2, 2
14 , 0.002823, 0.002292, 0.001800, 0.001086, 0.000720, 0.001494, 0.001371
15 , 0.001505, 0.001410, 0.001484, 0.001302, 0.001627, 0.001386, 0.001492, 0.001347, 0.001517, 0.001344, 0.001484, 0.001314, 0.001449, 0.001156, 0.001238, 0.001139, 0.001208, 0.001161, 0.001172, 0.001100, 0.001203, 0.001161, 0.001064, 0.001222, 0.001302, 0.001205, 0.001050, 0.001202, 0.001230, 0.001285, 0.001134, 0.001227, 0.001173, 0.001330, 0.001214, 0.001181, 0.001207, 0.001349, 0.001235, 0.001364, 0.001261, 0.001448, 0.001284, 0.001514, 0.001342, 0.001616, 0.001475, 0.001468, 0.001318, 0.001477, 0.001386, 0.001447, 0.001386, 0.001457, 0.001520, 0.001441, 0.001364, 0.001400, 0.001385, 0.001268, 0.001304, 0.001365, 0.001400, 0.001254, 0.001234, 0.001261, 0.001284, 0.001284, 0.001338, 0.001112, 0.001300, 0.001209, 0.001496, 0.001305, 0.001465, 0.001236, 0.001328, 0.001168, 0.001502, 0.001314, 0.001336, 0.001242, 0.001488, 0.001294, 0.001363, 0.001244, 0.001277, 0.001338, 0.001308, 0.001283, 0.001081, 0.001144
15 , 1, 1, 1, 1, 1, 1, 3
15 , 0.004545, 0.004068, 0.002938, 0.002314, 0.001243, 0.001425, 0.001544
16 , 0.001475, 0.001468, 0.001318, 0.001477, 0.001386, 0.001447, 0.001386, 0.001457, 0.001520, 0.001441, 0.001364, 0.001400, 0.001385, 0.001268, 0.001304, 0.001365, 0.001400, 0.001254, 0.001234, 0.001261, 0.001284, 0.001284, 0.001338, 0.001112, 0.001300, 0.001209, 0.001496, 0.001305, 0.001465, 0.001236, 0.001328, 0.001168, 0.001502, 0.001314, 0.001336, 0.001242, 0.001488, 0.001294, 0.001363, 0.001244, 0.001277, 0.001338, 0.001308, 0.001283, 0.001081, 0.001144, 0.001175, 0.001208, 0.001178, 0.001269, 0.001125, 0.001368, 0.001144, 0.001238, 0.001139, 0.001385, 0.001227, 0.001236, 0.001178, 0.001363, 0.001281, 0.001431, 0.001321, 0.001385, 0.001362, 0.001481, 0.001459, 0.001618, 0.001396, 0.001454, 0.001393, 0.001464, 0.001401, 0.001576, 0.001388, 0.001429, 0.001527, 0.001405, 0.001438, 0.001289, 0.001378, 0.001454, 0.001429, 0.001459, 0.001593, 0.001386, 0.001487, 0.001272, 0.001433, 0.001279, 0.001497, 0.001347
16 , 2, 2, 2, 2, 2, 2, 2
16 , 0.005429, 0.004925, 0.004739, 0.004251, 0.004070, 0.003290, 0.002823
