0 , 0.001518, 0.001298, 0.001298, 0.001559, 0.001504, 0.001534, 0.001404, 0.001710, 0.001514, 0.001539, 0.001539, 0.001489, 0.001800, 0.001593, 0.001644, 0.001503, 0.001614, 0.001444, 0.001604, 0.001508, 0.001383, 0.001564, 0.001780, 0.000881, 0.001376, 0.001295, 0.001345, 0.001254, 0.001199, 0.001188, 0.001213, 0.001186, 0.001097, 0.001199, 0.001177, 0.001036, 0.001193, 0.001342, 0.001301, 0.001356, 0.001207, 0.001237, 0.001229, 0.001329, 0.001212, 0.001201, 0.001185, 0.001262, 0.001052, 0.000268, 0.001344, 0.001593, 0.001509, 0.001500, 0.001634, 0.001648, 0.001823, 0.001636, 0.001867, 0.001783, 0.001708, 0.001692, 0.001618, 0.001781, 0.001666, 0.001712, 0.001606, 0.001708, 0.001638, 0.001604, 0.001577, 0.001499, 0.001687, 0.001551, 0.001067, 0.001524, 0.001233, 0.001071, 0.001077, 0.000980, 0.001111, 0.001023, 0.001123, 0.000924, 0.001136, 0.001047, 0.001157, 0.000958, 0.001215, 0.001050, 0.001268, 0.001180
0 , 1, 1, 1, 1, 1, 1, 1
0 , 0.009988, 0.011436, 0.012920, 0.014891, 0.016084, 0.016661, 0.019298
1 , 0.001509, 0.001500, 0.001634, 0.001648, 0.001823, 0.001636, 0.001867, 0.001783, 0.001708, 0.001692, 0.001618, 0.001781, 0.001666, 0.001712, 0.001606, 0.001708, 0.001638, 0.001604, 0.001577, 0.001499, 0.001687, 0.001551, 0.001067, 0.001524, 0.001233, 0.001071, 0.001077, 0.000980, 0.001111, 0.001023, 0.001123, 0.000924, 0.001136, 0.001047, 0.001157, 0.000958, 0.001215, 0.001050, 0.001268, 0.001180, 0.001322, 0.001157, 0.001383, 0.001105, 0.001423, 0.000364, 0.000891, 0.001233, 0.001213, 0.001273, 0.001258, 0.001398, 0.001448, 0.001503, 0.001292, 0.001457, 0.001392, 0.001467, 0.001362, 0.001453, 0.001563, 0.001388, 0.001584, 0.001333, 0.001539, 0.001478, 0.001509, 0.001463, 0.001403, 0.001517, 0.001424, 0.001702, 0.000040, 0.001259, 0.001558, 0.001406, 0.001292, 0.001259, 0.001284, 0.001129, 0.001330, 0.001183, 0.001249, 0.001147, 0.001282, 0.001274, 0.001280, 0.001125, 0.001221, 0.001285, 0.001227, 0.001285
1 , 1, 1, 1, 1, 1, 1, 1
1 , 0.010988, 0.012393, 0.015501, 0.016792, 0.017039, 0.015055, 0.014611
2 , 0.001258, 0.001398, 0.001448, 0.001503, 0.001292, 0.001457, 0.001392, 0.001467, 0.001362, 0.001453, 0.001563, 0.001388, 0.001584, 0.001333, 0.001539, 0.001478, 0.001509, 0.001463, 0.001403, 0.001517, 0.001424, 0.001702, 0.000040, 0.001259, 0.001558, 0.001406, 0.001292, 0.001259, 0.001284, 0.001129, 0.001330, 0.001183, 0.001249, 0.001147, 0.001282, 0.001274, 0.001280, 0.001125, 0.001221, 0.001285, 0.001227, 0.001285, 0.001315, 0.001186, 0.001247, 0.001224, 0.001345, 0.000945, 0.000595, 0.001363, 0.001097, 0.001172, 0.001331, 0.001296, 0.001341, 0.001226, 0.001396, 0.001416, 0.001542, 0.001280, 0.001385, 0.001531, 0.001472, 0.001532, 0.001237, 0.001654, 0.001499, 0.001393, 0.001424, 0.001575, 0.001434, 0.001779, 0.000981, 0.001107, 0.001273, 0.001392, 0.001284, 0.001292, 0.001196, 0.001074, 0.001171, 0.001196, 0.001132, 0.001188, 0.001262, 0.001204, 0.001204, 0.001044, 0.001251, 0.001149, 0.001417, 0.001211
2 , 1, 1, 1, 1, 1, 1, 1
2 , 0.004809, 0.005815, 0.006733, 0.007832, 0.007009, 0.007676, 0.007523
3 , 0.001363, 0.001097, 0.001172, 0.001331, 0.001296, 0.001341, 0.001226, 0.001396, 0.001416, 0.001542, 0.001280, 0.001385, 0.001531, 0.001472, 0.001532, 0.001237, 0.001654, 0.001499, 0.001393, 0.001424, 0.001575, 0.001434, 0.001779, 0.000981, 0.001107, 0.001273, 0.001392, 0.001284, 0.001292, 0.001196, 0.001074, 0.001171, 0.001196, 0.001132, 0.001188, 0.001262, 0.001204, 0.001204, 0.001044, 0.001251, 0.001149, 0.001417, 0.001211, 0.001313, 0.001226, 0.001306, 0.001253, 0.000239, 0.001092, 0.001382, 0.001288, 0.001333, 0.001358, 0.001363, 0.001493, 0.001207, 0.001502, 0.001457, 0.001483, 0.001242, 0.001438, 0.001574, 0.001569, 0.001534, 0.001474, 0.001630, 0.001608, 0.001749, 0.001446, 0.001734, 0.001692, 0.001778, 0.000663, 0.001168, 0.001174, 0.000983, 0.001026, 0.000953, 0.001111, 0.000886, 0.001154, 0.000938, 0.001132, 0.000999, 0.001239, 0.001039, 0.001170, 0.001050, 0.001146, 0.001102, 0.001281, 0.001116
3 , 1, 1, 1, 1, 1, 1, 1
3 , 0.005814, 0.006657, 0.008435, 0.010470, 0.014568, 0.013473, 0.012932
4 , 0.001288, 0.001333, 0.001358, 0.001363, 0.001493, 0.001207, 0.001502, 0.001457, 0.001483, 0.001242, 0.001438, 0.001574, 0.001569, 0.001534, 0.001474, 0.001630, 0.001608, 0.001749, 0.001446, 0.001734, 0.001692, 0.001778, 0.000663, 0.001168, 0.001174, 0.000983, 0.001026, 0.000953, 0.001111, 0.000886, 0.001154, 0.000938, 0.001132, 0.000999, 0.001239, 0.001039, 0.001170, 0.001050, 0.001146, 0.001102, 0.001281, 0.001116, 0.001176, 0.001102, 0.001154, 0.001002, 0.001183, 0.000323, 0.001047, 0.001324, 0.001524, 0.001293, 0.001434, 0.001514, 0.001474, 0.001574, 0.001373, 0.001599, 0.001603, 0.001773, 0.001565, 0.001811, 0.001724, 0.001878, 0.001783, 0.001706, 0.002004, 0.001767, 0.001778, 0.001737, 0.001824, 0.002164, 0.000180, 0.001503, 0.001050, 0.001135, 0.001004, 0.000989, 0.000935, 0.001090, 0.001091, 0.001199, 0.001182, 0.001113, 0.001099, 0.001179, 0.001249, 0.001198, 0.001210, 0.001324, 0.001274, 0.001165
4 , 1, 1, 1, 1, 1, 1, 1
4 , 0.011173, 0.014326, 0.016813, 0.019106, 0.021489, 0.019490, 0.019409
5 , 0.001524, 0.001293, 0.001434, 0.001514, 0.001474, 0.001574, 0.001373, 0.001599, 0.001603, 0.001773, 0.001565, 0.001811, 0.001724, 0.001878, 0.001783, 0.001706, 0.002004, 0.001767, 0.001778, 0.001737, 0.001824, 0.002164, 0.000180, 0.001503, 0.001050, 0.001135, 0.001004, 0.000989, 0.000935, 0.001090, 0.001091, 0.001199, 0.001182, 0.001113, 0.001099, 0.001179, 0.001249, 0.001198, 0.001210, 0.001324, 0.001274, 0.001165, 0.001335, 0.001269, 0.001430, 0.001097, 0.000608, 0.001130, 0.001231, 0.001261, 0.001150, 0.001240, 0.001389, 0.001261, 0.001307, 0.001290, 0.001547, 0.001347, 0.001598, 0.001414, 0.001409, 0.001655, 0.001595, 0.001665, 0.001509, 0.001770, 0.001745, 0.001775, 0.001544, 0.001720, 0.001175, 0.001143, 0.001296, 0.001275, 0.001077, 0.001044, 0.001014, 0.001069, 0.000929, 0.001044, 0.001154, 0.001170, 0.001009, 0.001064, 0.001077, 0.001080, 0.001050, 0.001215, 0.001102, 0.001317, 0.001218, 0.001132
5 , 1, 1, 1, 1, 1, 1, 1
5 , 0.012546, 0.014606, 0.017236, 0.020241, 0.018024, 0.018527, 0.018136
6 , 0.001261, 0.001150, 0.001240, 0.001389, 0.001261, 0.001307, 0.001290, 0.001547, 0.001347, 0.001598, 0.001414, 0.001409, 0.001655, 0.001595, 0.001665, 0.001509, 0.001770, 0.001745, 0.001775, 0.001544, 0.001720, 0.001175, 0.001143, 0.001296, 0.001275, 0.001077, 0.001044, 0.001014, 0.001069, 0.000929, 0.001044, 0.001154, 0.001170, 0.001009, 0.001064, 0.001077, 0.001080, 0.001050, 0.001215, 0.001102, 0.001317, 0.001218, 0.001132, 0.001080, 0.001339, 0.001085, 0.001356, 0.000222, 0.001194, 0.001419, 0.001508, 0.001378, 0.001444, 0.001323, 0.001650, 0.001504, 0.001590, 0.001539, 0.001659, 0.001599, 0.001508, 0.001508, 0.001322, 0.001532, 0.001342, 0.001577, 0.001378, 0.001457, 0.001458, 0.001526, 0.001429, 0.001561, 0.000416, 0.001635, 0.001403, 0.001490, 0.001149, 0.001309, 0.001198, 0.001340, 0.001150, 0.001272, 0.001140, 0.001340, 0.001185, 0.001345, 0.001231, 0.001259, 0.001183, 0.001199, 0.000992, 0.001107
6 , 1, 1, 1, 1, 1, 1, 1
6 , 0.008314, 0.009831, 0.012032, 0.012189, 0.014728, 0.013396, 0.014098
7 , 0.001508, 0.001378, 0.001444, 0.001323, 0.001650, 0.001504, 0.001590, 0.001539, 0.001659, 0.001599, 0.001508, 0.001508, 0.001322, 0.001532, 0.001342, 0.001577, 0.001378, 0.001457, 0.001458, 0.001526, 0.001429, 0.001561, 0.000416, 0.001635, 0.001403, 0.001490, 0.001149, 0.001309, 0.001198, 0.001340, 0.001150, 0.001272, 0.001140, 0.001340, 0.001185, 0.001345, 0.001231, 0.001259, 0.001183, 0.001199, 0.000992, 0.001107, 0.001165, 0.001219, 0.001042, 0.000687, 0.001157, 0.001364, 0.001510, 0.001710, 0.001683, 0.001827, 0.001750, 0.002127, 0.002023, 0.002124, 0.001867, 0.001981, 0.002255, 0.002107, 0.001981, 0.001921, 0.002198, 0.002016, 0.001879, 0.001749, 0.001721, 0.001855, 0.001492, 0.001852, 0.000234, 0.001232, 0.001470, 0.001434, 0.001393, 0.001233, 0.001264, 0.001149, 0.001365, 0.001180, 0.001307, 0.001345, 0.001280, 0.001169, 0.001215, 0.001080, 0.001105, 0.001103, 0.001071, 0.001047, 0.001038, 0.000910
7 , 1, 1, 1, 1, 1, 1, 1
7 , 0.016430, 0.019114, 0.022070, 0.021017, 0.019177, 0.020028, 0.019935
8 , 0.001510, 0.001710, 0.001683, 0.001827, 0.001750, 0.002127, 0.002023, 0.002124, 0.001867, 0.001981, 0.002255, 0.002107, 0.001981, 0.001921, 0.002198, 0.002016, 0.001879, 0.001749, 0.001721, 0.001855, 0.001492, 0.001852, 0.000234, 0.001232, 0.001470, 0.001434, 0.001393, 0.001233, 0.001264, 0.001149, 0.001365, 0.001180, 0.001307, 0.001345, 0.001280, 0.001169, 0.001215, 0.001080, 0.001105, 0.001103, 0.001071, 0.001047, 0.001038, 0.000910, 0.000902, 0.000961, 0.000905, 0.000749, 0.000973, 0.001779, 0.001469, 0.001756, 0.001783, 0.001655, 0.001696, 0.001559, 0.001913, 0.001708, 0.001746, 0.001546, 0.001608, 0.001699, 0.001645, 0.001469, 0.001369, 0.001554, 0.001293, 0.001438, 0.001238, 0.001528, 0.001442, 0.001496, 0.000853, 0.001138, 0.001414, 0.001360, 0.001334, 0.001232, 0.001273, 0.001306, 0.001295, 0.001163, 0.001180, 0.001077, 0.001177, 0.000951, 0.001038, 0.000941, 0.001044, 0.000923, 0.001174, 0.000877
8 , 1, 1, 1, 1, 1, 1, 1
8 , 0.018510, 0.021281, 0.023069, 0.025605, 0.024909, 0.024431, 0.023270
9 , 0.001779, 0.001469, 0.001756, 0.001783, 0.001655, 0.001696, 0.001559, 0.001913, 0.001708, 0.001746, 0.001546, 0.001608, 0.001699, 0.001645, 0.001469, 0.001369, 0.001554, 0.001293, 0.001438, 0.001238, 0.001528, 0.001442, 0.001496, 0.000853, 0.001138, 0.001414, 0.001360, 0.001334, 0.001232, 0.001273, 0.001306, 0.001295, 0.001163, 0.001180, 0.001077, 0.001177, 0.000951, 0.001038, 0.000941, 0.001044, 0.000923, 0.001174, 0.000877, 0.001147, 0.000993, 0.001135, 0.001149, 0.000085, 0.001222, 0.001429, 0.001293, 0.001439, 0.001504, 0.001539, 0.001484, 0.001358, 0.001579, 0.001413, 0.001422, 0.001222, 0.001551, 0.001431, 0.001382, 0.001375, 0.001395, 0.001509, 0.001318, 0.001498, 0.001233, 0.001431, 0.001374, 0.001449, 0.001316, 0.001570, 0.000387, 0.001596, 0.001454, 0.001432, 0.001360, 0.001395, 0.001138, 0.001317, 0.001107, 0.001160, 0.000975, 0.001130, 0.001127, 0.001290, 0.001130, 0.001337, 0.001201, 0.001268
9 , 1, 1, 1, 1, 1, 1, 1
9 , 0.009065, 0.009778, 0.011475, 0.012568, 0.015500, 0.014671, 0.014335
10 , 0.001293, 0.001439, 0.001504, 0.001539, 0.001484, 0.001358, 0.001579, 0.001413, 0.001422, 0.001222, 0.001551, 0.001431, 0.001382, 0.001375, 0.001395, 0.001509, 0.001318, 0.001498, 0.001233, 0.001431, 0.001374, 0.001449, 0.001316, 0.001570, 0.000387, 0.001596, 0.001454, 0.001432, 0.001360, 0.001395, 0.001138, 0.001317, 0.001107, 0.001160, 0.000975, 0.001130, 0.001127, 0.001290, 0.001130, 0.001337, 0.001201, 0.001268, 0.001011, 0.001254, 0.001138, 0.001318, 0.001117, 0.001360, 0.001167, 0.001332, 0.001375, 0.001352, 0.001355, 0.001327, 0.001236, 0.001243, 0.001292, 0.001170, 0.001330, 0.001252, 0.001260, 0.001288, 0.001313, 0.001188, 0.001244, 0.001107, 0.001246, 0.001226, 0.001363, 0.001346, 0.001491, 0.001355, 0.001542, 0.001357, 0.001491, 0.001299, 0.001432, 0.001357, 0.001479, 0.001376, 0.001434, 0.001362, 0.001545, 0.001425, 0.001458, 0.001390, 0.001552, 0.001374, 0.001364, 0.001257, 0.001421, 0.001385
10 , 2, 2, 2, 2, 2, 2, 2
10 , 0.005921, 0.007229, 0.007484, 0.007357, 0.007353, 0.007249, 0.005072
11 , 0.001167, 0.001332, 0.001375, 0.001352, 0.001355, 0.001327, 0.001236, 0.001243, 0.001292, 0.001170, 0.001330, 0.001252, 0.001260, 0.001288, 0.001313, 0.001188, 0.001244, 0.001107, 0.001246, 0.001226, 0.001363, 0.001346, 0.001491, 0.001355, 0.001542, 0.001357, 0.001491, 0.001299, 0.001432, 0.001357, 0.001479, 0.001376, 0.001434, 0.001362, 0.001545, 0.001425, 0.001458, 0.001390, 0.001552, 0.001374, 0.001364, 0.001257, 0.001421, 0.001385, 0.001365, 0.001279, 0.001266, 0.001313, 0.001204, 0.001129, 0.001082, 0.001248, 0.001083, 0.001119, 0.001034, 0.001087, 0.001081, 0.001132, 0.000917, 0.001111, 0.001032, 0.000950, 0.000874, 0.001059, 0.000895, 0.001092, 0.000850, 0.001080, 0.000950, 0.000983, 0.000950, 0.001184, 0.001042, 0.001075, 0.001099, 0.001187, 0.001113, 0.001140, 0.000964, 0.001191, 0.001228, 0.001355, 0.001155, 0.001299, 0.001421, 0.001357, 0.001411, 0.001378, 0.001263, 0.001253, 0.001317, 0.001373
11 , 0, 0, 0, 0, 0, 0, 0
11 , 0.005673, 0.006623, 0.006922, 0.007597, 0.007488, 0.007734, 0.007589
12 , 0.001248, 0.001083, 0.001119, 0.001034, 0.001087, 0.001081, 0.001132, 0.000917, 0.001111, 0.001032, 0.000950, 0.000874, 0.001059, 0.000895, 0.001092, 0.000850, 0.001080, 0.000950, 0.000983, 0.000950, 0.001184, 0.001042, 0.001075, 0.001099, 0.001187, 0.001113, 0.001140, 0.000964, 0.001191, 0.001228, 0.001355, 0.001155, 0.001299, 0.001421, 0.001357, 0.001411, 0.001378, 0.001263, 0.001253, 0.001317, 0.001373, 0.001449, 0.001299, 0.001456, 0.001362, 0.001340, 0.001173, 0.001404, 0.001117, 0.001355, 0.001264, 0.001388, 0.001198, 0.001418, 0.001378, 0.001305, 0.001247, 0.001321, 0.001166, 0.001406, 0.001185, 0.001256, 0.001160, 0.001168, 0.001157, 0.001348, 0.001345, 0.001301, 0.001182, 0.001223, 0.001284, 0.001243, 0.001226, 0.001094, 0.001168, 0.001157, 0.001226, 0.001096, 0.001088, 0.001085, 0.001245, 0.001094, 0.001260, 0.001152, 0.001226, 0.001199, 0.001329, 0.001122, 0.001184, 0.001063, 0.001220, 0.001132
12 , 3, 3, 3, 3, 3, 3, 3
12 , 0.006707, 0.007313, 0.007300, 0.007734, 0.008078, 0.008340, 0.008032
13 , 0.001388, 0.001198, 0.001418, 0.001378, 0.001305, 0.001247, 0.001321, 0.001166, 0.001406, 0.001185, 0.001256, 0.001160, 0.001168, 0.001157, 0.001348, 0.001345, 0.001301, 0.001182, 0.001223, 0.001284, 0.001243, 0.001226, 0.001094, 0.001168, 0.001157, 0.001226, 0.001096, 0.001088, 0.001085, 0.001245, 0.001094, 0.001260, 0.001152, 0.001226, 0.001199, 0.001329, 0.001122, 0.001184, 0.001063, 0.001220, 0.001132, 0.001239, 0.001075, 0.001239, 0.001070, 0.001149, 0.001022, 0.001207, 0.001091, 0.001110, 0.001204, 0.001099, 0.001177, 0.001348, 0.001297, 0.001280, 0.001421, 0.001345, 0.001403, 0.001271, 0.001327, 0.001256, 0.001390, 0.001317, 0.001375, 0.001281, 0.001350, 0.001375, 0.001454, 0.001241, 0.001383, 0.001289, 0.001441, 0.001195, 0.001355, 0.001266, 0.001359, 0.001235, 0.001483, 0.001251, 0.001375, 0.001262, 0.001185, 0.001175, 0.001214, 0.001086, 0.001065, 0.000986, 0.000929, 0.001063, 0.000972, 0.001079
13 , 1, 1, 1, 1, 1, 1, 1
13 , 0.002374, 0.003530, 0.003871, 0.004703, 0.004722, 0.005606, 0.005774
14 , 0.001177, 0.001348, 0.001297, 0.001280, 0.001421, 0.001345, 0.001403, 0.001271, 0.001327, 0.001256, 0.001390, 0.001317, 0.001375, 0.001281, 0.001350, 0.001375, 0.001454, 0.001241, 0.001383, 0.001289, 0.001441, 0.001195, 0.001355, 0.001266, 0.001359, 0.001235, 0.001483, 0.001251, 0.001375, 0.001262, 0.001185, 0.001175, 0.001214, 0.001086, 0.001065, 0.000986, 0.000929, 0.001063, 0.000972, 0.001079, 0.000943, 0.000955, 0.000898, 0.001039, 0.000851, 0.000928, 0.000807, 0.000945, 0.000760, 0.001002, 0.000942, 0.001070, 0.000919, 0.001183, 0.001023, 0.001162, 0.001062, 0.001272, 0.001209, 0.001321, 0.001235, 0.001312, 0.001171, 0.001359, 0.001454, 0.001477, 0.001355, 0.001383, 0.001373, 0.001408, 0.001375, 0.001454, 0.001560, 0.001459, 0.001456, 0.001370, 0.001454, 0.001353, 0.001545, 0.001442, 0.001538, 0.001467, 0.001543, 0.001442, 0.001508, 0.001447, 0.001718, 0.001477, 0.001581, 0.001512, 0.001621, 0.001471
14 , 2, 2, 2, 2, 2, 2, 2
14 , 0.011015, 0.011250, 0.011733, 0.011746, 0.011856, 0.011316, 0.011240
15 , 0.000942, 0.001070, 0.000919, 0.001183, 0.001023, 0.001162, 0.001062, 0.001272, 0.001209, 0.001321, 0.001235, 0.001312, 0.001171, 0.001359, 0.001454, 0.001477, 0.001355, 0.001383, 0.001373, 0.001408, 0.001375, 0.001454, 0.001560, 0.001459, 0.001456, 0.001370, 0.001454, 0.001353, 0.001545, 0.001442, 0.001538, 0.001467, 0.001543, 0.001442, 0.001508, 0.001447, 0.001718, 0.001477, 0.001581, 0.001512, 0.001621, 0.001471, 0.001484, 0.001395, 0.001421, 0.001307, 0.001489, 0.001421, 0.001433, 0.001332, 0.001388, 0.001403, 0.001426, 0.001550, 0.001489, 0.001474, 0.001464, 0.001606, 0.001419, 0.001456, 0.001433, 0.001565, 0.001256, 0.001329, 0.001322, 0.001509, 0.001400, 0.001499, 0.001317, 0.001479, 0.001216, 0.001409, 0.001266, 0.001520, 0.001332, 0.001348, 0.001274, 0.001371, 0.001335, 0.001371, 0.001393, 0.001412, 0.001318, 0.001346, 0.001404, 0.001440, 0.001381, 0.001362, 0.001423, 0.001334, 0.001306, 0.001323
15 , 3, 3, 3, 3, 3, 3, 3
15 , 0.008552, 0.007981, 0.007642, 0.006846, 0.006124, 0.005552, 0.005159
16 , 0.001489, 0.001421, 0.001433, 0.001332, 0.001388, 0.001403, 0.001426, 0.001550, 0.001489, 0.001474, 0.001464, 0.001606, 0.001419, 0.001456, 0.001433, 0.001565, 0.001256, 0.001329, 0.001322, 0.001509, 0.001400, 0.001499, 0.001317, 0.001479, 0.001216, 0.001409, 0.001266, 0.001520, 0.001332, 0.001348, 0.001274, 0.001371, 0.001335, 0.001371, 0.001393, 0.001412, 0.001318, 0.001346, 0.001404, 0.001440, 0.001381, 0.001362, 0.001423, 0.001334, 0.001306, 0.001323, 0.001362, 0.001257, 0.001440, 0.001388, 0.001474, 0.001329, 0.001530, 0.001492, 0.001616, 0.001442, 0.001545, 0.001376, 0.001639, 0.001426, 0.001497, 0.001438, 0.001542, 0.001497, 0.001449, 0.001451, 0.001403, 0.001347, 0.001383, 0.001355, 0.001302, 0.001340, 0.001285, 0.001318, 0.001290, 0.001240, 0.001063, 0.001375, 0.001287, 0.001287, 0.001309, 0.001364, 0.001179, 0.001292, 0.001135, 0.001265, 0.001163, 0.001384, 0.001193, 0.001259, 0.001157, 0.001326
16 , 1, 1, 1, 1, 1, 1, 1
16 , 0.004678, 0.005195, 0.005481, 0.005729, 0.005758, 0.005683, 0.005360
