0 , 0.001581, 0.001703, 0.001581, 0.001703, 0.001520, 0.001581, 0.001550, 0.001673, 0.001428, 0.001611, 0.001428, 0.001550, 0.001489, 0.001459, 0.001306, 0.001611, 0.001489, 0.001673, 0.001520, 0.001550, 0.001611, 0.001611, 0.001276, 0.000825, 0.001904, 0.001755, 0.001765, 0.001984, 0.001830, 0.001993, 0.001806, 0.002114, 0.002017, 0.001834, 0.002047, 0.001914, 0.002145, 0.002010, 0.002092, 0.001983, 0.001988, 0.002142, 0.002063, 0.002147, 0.001971, 0.002177, 0.002158, 0.002140, 0.002242, 0.001137, 0.001184, 0.001740, 0.001644, 0.001645, 0.001431, 0.001522, 0.001247, 0.001523, 0.001247, 0.001492, 0.001339, 0.001491, 0.001338, 0.001583, 0.001399, 0.001490, 0.001429, 0.001643, 0.001368, 0.001430, 0.001429, 0.001553, 0.001398, 0.001493, 0.001611, 0.000039, 0.002040, 0.001868, 0.001835, 0.002095, 0.002018, 0.002002, 0.001906, 0.001974, 0.002039, 0.002088, 0.002116, 0.001818, 0.002049, 0.001890, 0.001840, 0.001923
0 , 0, 0, 0, 0, 0, 0, 0
0 , 0.010368, 0.012500, 0.014765, 0.015173, 0.017340, 0.021172, 0.020221
1 , 0.001740, 0.001644, 0.001645, 0.001431, 0.001522, 0.001247, 0.001523, 0.001247, 0.001492, 0.001339, 0.001491, 0.001338, 0.001583, 0.001399, 0.001490, 0.001429, 0.001643, 0.001368, 0.001430, 0.001429, 0.001553, 0.001398, 0.001493, 0.001611, 0.000039, 0.002040, 0.001868, 0.001835, 0.002095, 0.002018, 0.002002, 0.001906, 0.001974, 0.002039, 0.002088, 0.002116, 0.001818, 0.002049, 0.001890, 0.001840, 0.001923, 0.001964, 0.002090, 0.001986, 0.002019, 0.001860, 0.002114, 0.002009, 0.001779, 0.000886, 0.001611, 0.001856, 0.001826, 0.001674, 0.001552, 0.001704, 0.001582, 0.001642, 0.001521, 0.001764, 0.001460, 0.001642, 0.001521, 0.001581, 0.001582, 0.001795, 0.001460, 0.001735, 0.001552, 0.001797, 0.001644, 0.001863, 0.000917, 0.001224, 0.001710, 0.001734, 0.001821, 0.001632, 0.001969, 0.001908, 0.002130, 0.001962, 0.001985, 0.002137, 0.001936, 0.002198, 0.001941, 0.002163, 0.002065, 0.002215, 0.001995, 0.001993
1 , 0, 0, 0, 0, 0, 0, 0
1 , 0.010617, 0.013149, 0.013302, 0.014620, 0.015863, 0.017955, 0.020939
2 , 0.001826, 0.001674, 0.001552, 0.001704, 0.001582, 0.001642, 0.001521, 0.001764, 0.001460, 0.001642, 0.001521, 0.001581, 0.001582, 0.001795, 0.001460, 0.001735, 0.001552, 0.001797, 0.001644, 0.001863, 0.000917, 0.001224, 0.001710, 0.001734, 0.001821, 0.001632, 0.001969, 0.001908, 0.002130, 0.001962, 0.001985, 0.002137, 0.001936, 0.002198, 0.001941, 0.002163, 0.002065, 0.002215, 0.001995, 0.001993, 0.002196, 0.001948, 0.002092, 0.001845, 0.002129, 0.000403, 0.001825, 0.001886, 0.001856, 0.001581, 0.001672, 0.001642, 0.001612, 0.001520, 0.001550, 0.001489, 0.001581, 0.001550, 0.001642, 0.001428, 0.001520, 0.001489, 0.001673, 0.001520, 0.001612, 0.001459, 0.001643, 0.001368, 0.001490, 0.001429, 0.001460, 0.000732, 0.001900, 0.001555, 0.001981, 0.001838, 0.001934, 0.001929, 0.002027, 0.002095, 0.001942, 0.001982, 0.001808, 0.002210, 0.002027, 0.001973, 0.001812, 0.001882, 0.002049, 0.001884, 0.001953, 0.001860
2 , 0, 0, 0, 0, 0, 0, 0
2 , 0.012592, 0.012914, 0.012593, 0.014590, 0.017492, 0.017542, 0.017629
3 , 0.001612, 0.001520, 0.001550, 0.001489, 0.001581, 0.001550, 0.001642, 0.001428, 0.001520, 0.001489, 0.001673, 0.001520, 0.001612, 0.001459, 0.001643, 0.001368, 0.001490, 0.001429, 0.001460, 0.000732, 0.001900, 0.001555, 0.001981, 0.001838, 0.001934, 0.001929, 0.002027, 0.002095, 0.001942, 0.001982, 0.001808, 0.002210, 0.002027, 0.001973, 0.001812, 0.001882, 0.002049, 0.001884, 0.001953, 0.001860, 0.002186, 0.001933, 0.002123, 0.001123, 0.001344, 0.001703, 0.001703, 0.001611, 0.001551, 0.001490, 0.001489, 0.001581, 0.001520, 0.001459, 0.001489, 0.001550, 0.001489, 0.001428, 0.001428, 0.001581, 0.001489, 0.001550, 0.001672, 0.001642, 0.001612, 0.001459, 0.001613, 0.000038, 0.001587, 0.001632, 0.001870, 0.001697, 0.002040, 0.001888, 0.001951, 0.001849, 0.002008, 0.002136, 0.001986, 0.002206, 0.001984, 0.002021, 0.001947, 0.002003, 0.002027, 0.001814, 0.002092, 0.001999, 0.002016, 0.001951, 0.002145, 0.002071
3 , 0, 0, 0, 0, 0, 0, 0
3 , 0.018064, 0.019647, 0.019806, 0.020076, 0.018290, 0.017102, 0.015754
4 , 0.001490, 0.001489, 0.001581, 0.001520, 0.001459, 0.001489, 0.001550, 0.001489, 0.001428, 0.001428, 0.001581, 0.001489, 0.001550, 0.001672, 0.001642, 0.001612, 0.001459, 0.001613, 0.000038, 0.001587, 0.001632, 0.001870, 0.001697, 0.002040, 0.001888, 0.001951, 0.001849, 0.002008, 0.002136, 0.001986, 0.002206, 0.001984, 0.002021, 0.001947, 0.002003, 0.002027, 0.001814, 0.002092, 0.001999, 0.002016, 0.001951, 0.002145, 0.002071, 0.000735, 0.001947, 0.001765, 0.001764, 0.001582, 0.001766, 0.001582, 0.001613, 0.001460, 0.001581, 0.001612, 0.001520, 0.001459, 0.001489, 0.001489, 0.001581, 0.001489, 0.001429, 0.001398, 0.001521, 0.001430, 0.001461, 0.001431, 0.001371, 0.001490, 0.000881, 0.001700, 0.001959, 0.002177, 0.001966, 0.002041, 0.002021, 0.002067, 0.002088, 0.002083, 0.002092, 0.001888, 0.002054, 0.001882, 0.002057, 0.001892, 0.001988, 0.002085, 0.001963, 0.001976, 0.001846, 0.001947, 0.001933, 0.001799
4 , 0, 0, 0, 0, 0, 0, 0
4 , 0.018683, 0.021291, 0.021703, 0.020923, 0.019847, 0.017097, 0.015610
5 , 0.001766, 0.001582, 0.001613, 0.001460, 0.001581, 0.001612, 0.001520, 0.001459, 0.001489, 0.001489, 0.001581, 0.001489, 0.001429, 0.001398, 0.001521, 0.001430, 0.001461, 0.001431, 0.001371, 0.001490, 0.000881, 0.001700, 0.001959, 0.002177, 0.001966, 0.002041, 0.002021, 0.002067, 0.002088, 0.002083, 0.002092, 0.001888, 0.002054, 0.001882, 0.002057, 0.001892, 0.001988, 0.002085, 0.001963, 0.001976, 0.001846, 0.001947, 0.001933, 0.001799, 0.002017, 0.000243, 0.001627, 0.001925, 0.001867, 0.001774, 0.001713, 0.001776, 0.001595, 0.001715, 0.001564, 0.001806, 0.001563, 0.001835, 0.001590, 0.001770, 0.001587, 0.001645, 0.001491, 0.001551, 0.001399, 0.001581, 0.001581, 0.001642, 0.001337, 0.000662, 0.001964, 0.001857, 0.001737, 0.001969, 0.002049, 0.002152, 0.002044, 0.002121, 0.002243, 0.002109, 0.002194, 0.002131, 0.002212, 0.002123, 0.002273, 0.002121, 0.002130, 0.002136, 0.002036, 0.002154, 0.001960, 0.002026
5 , 0, 0, 0, 0, 0, 0, 0
5 , 0.016823, 0.019120, 0.020245, 0.019780, 0.019984, 0.018840, 0.017752
6 , 0.001867, 0.001774, 0.001713, 0.001776, 0.001595, 0.001715, 0.001564, 0.001806, 0.001563, 0.001835, 0.001590, 0.001770, 0.001587, 0.001645, 0.001491, 0.001551, 0.001399, 0.001581, 0.001581, 0.001642, 0.001337, 0.000662, 0.001964, 0.001857, 0.001737, 0.001969, 0.002049, 0.002152, 0.002044, 0.002121, 0.002243, 0.002109, 0.002194, 0.002131, 0.002212, 0.002123, 0.002273, 0.002121, 0.002130, 0.002136, 0.002036, 0.002154, 0.001960, 0.002026, 0.002219, 0.001368, 0.001622, 0.001857, 0.001829, 0.001615, 0.001830, 0.001556, 0.001676, 0.001557, 0.001647, 0.001555, 0.001584, 0.001462, 0.001644, 0.001521, 0.001613, 0.001521, 0.001613, 0.001491, 0.001704, 0.001491, 0.001521, 0.001400, 0.001737, 0.001278, 0.001741, 0.000079, 0.001538, 0.001789, 0.001799, 0.001827, 0.001781, 0.001939, 0.001957, 0.001919, 0.001972, 0.001850, 0.002100, 0.002024, 0.002081, 0.002032, 0.002127, 0.002182, 0.002164, 0.002156, 0.002057, 0.002210
6 , 0, 0, 0, 0, 0, 0, 0
6 , 0.013205, 0.013283, 0.014474, 0.017047, 0.020608, 0.021298, 0.021233
7 , 0.001556, 0.001676, 0.001557, 0.001647, 0.001555, 0.001584, 0.001462, 0.001644, 0.001521, 0.001613, 0.001521, 0.001613, 0.001491, 0.001704, 0.001491, 0.001521, 0.001400, 0.001737, 0.001278, 0.001741, 0.000079, 0.001538, 0.001789, 0.001799, 0.001827, 0.001781, 0.001939, 0.001957, 0.001919, 0.001972, 0.001850, 0.002100, 0.002024, 0.002081, 0.002032, 0.002127, 0.002182, 0.002164, 0.002156, 0.002057, 0.002210, 0.002066, 0.002047, 0.002044, 0.002006, 0.000313, 0.001856, 0.001797, 0.001704, 0.001492, 0.001583, 0.001583, 0.001706, 0.001615, 0.001706, 0.001431, 0.001614, 0.001553, 0.001765, 0.001492, 0.001521, 0.001430, 0.001552, 0.001461, 0.001582, 0.001369, 0.001521, 0.001523, 0.000981, 0.001416, 0.001977, 0.001847, 0.002073, 0.002008, 0.002112, 0.002104, 0.002167, 0.002288, 0.002132, 0.002075, 0.002073, 0.002268, 0.002144, 0.002144, 0.002175, 0.002120, 0.002276, 0.002142, 0.002276, 0.002116, 0.002089, 0.002142
7 , 0, 0, 0, 0, 0, 0, 0
7 , 0.018258, 0.020770, 0.022110, 0.022765, 0.022906, 0.022480, 0.021603
8 , 0.001583, 0.001583, 0.001706, 0.001615, 0.001706, 0.001431, 0.001614, 0.001553, 0.001765, 0.001492, 0.001521, 0.001430, 0.001552, 0.001461, 0.001582, 0.001369, 0.001521, 0.001523, 0.000981, 0.001416, 0.001977, 0.001847, 0.002073, 0.002008, 0.002112, 0.002104, 0.002167, 0.002288, 0.002132, 0.002075, 0.002073, 0.002268, 0.002144, 0.002144, 0.002175, 0.002120, 0.002276, 0.002142, 0.002276, 0.002116, 0.002089, 0.002142, 0.002264, 0.002232, 0.002251, 0.000799, 0.001522, 0.001428, 0.001490, 0.001368, 0.001369, 0.001522, 0.001371, 0.001464, 0.001434, 0.001527, 0.001377, 0.001470, 0.001564, 0.001504, 0.001474, 0.001475, 0.001474, 0.001568, 0.001599, 0.001568, 0.001478, 0.001567, 0.001595, 0.001471, 0.001467, 0.001466, 0.001466, 0.001495, 0.001585, 0.001493, 0.001369, 0.001369, 0.001491, 0.001338, 0.001337, 0.001337, 0.001337, 0.001245, 0.001245, 0.001123, 0.001245, 0.001154, 0.001246, 0.001094, 0.001277, 0.001154
8 , 3, 3, 3, 3, 3, 3, 3
8 , 0.015759, 0.016819, 0.016234, 0.015812, 0.014843, 0.014187, 0.013383
9 , 0.001428, 0.001490, 0.001368, 0.001369, 0.001522, 0.001371, 0.001464, 0.001434, 0.001527, 0.001377, 0.001470, 0.001564, 0.001504, 0.001474, 0.001475, 0.001474, 0.001568, 0.001599, 0.001568, 0.001478, 0.001567, 0.001595, 0.001471, 0.001467, 0.001466, 0.001466, 0.001495, 0.001585, 0.001493, 0.001369, 0.001369, 0.001491, 0.001338, 0.001337, 0.001337, 0.001337, 0.001245, 0.001245, 0.001123, 0.001245, 0.001154, 0.001246, 0.001094, 0.001277, 0.001154, 0.001339, 0.001155, 0.001276, 0.001184, 0.001245, 0.001123, 0.001337, 0.001062, 0.001306, 0.001123, 0.001398, 0.001184, 0.001367, 0.001215, 0.001245, 0.001184, 0.001368, 0.001184, 0.001459, 0.001184, 0.001429, 0.001215, 0.001276, 0.001062, 0.001337, 0.001062, 0.001063, 0.001062, 0.001276, 0.001245, 0.001307, 0.001093, 0.001307, 0.001123, 0.001306, 0.001184, 0.001337, 0.001184, 0.001337, 0.001123, 0.001337, 0.001245, 0.001245, 0.001154, 0.001154, 0.001215, 0.001306
9 , 1, 1, 1, 1, 2, 2, 2
9 , 0.002946, 0.002313, 0.003430, 0.003608, 0.003647, 0.004212, 0.004561
10 , 0.001062, 0.001306, 0.001123, 0.001398, 0.001184, 0.001367, 0.001215, 0.001245, 0.001184, 0.001368, 0.001184, 0.001459, 0.001184, 0.001429, 0.001215, 0.001276, 0.001062, 0.001337, 0.001062, 0.001063, 0.001062, 0.001276, 0.001245, 0.001307, 0.001093, 0.001307, 0.001123, 0.001306, 0.001184, 0.001337, 0.001184, 0.001337, 0.001123, 0.001337, 0.001245, 0.001245, 0.001154, 0.001154, 0.001215, 0.001306, 0.001154, 0.001245, 0.001337, 0.001337, 0.001276, 0.001399, 0.001338, 0.001307, 0.001155, 0.001216, 0.001247, 0.001247, 0.001339, 0.001277, 0.001339, 0.001370, 0.001432, 0.001372, 0.001310, 0.001281, 0.001434, 0.001435, 0.001526, 0.001344, 0.001373, 0.001311, 0.001402, 0.001343, 0.001525, 0.001341, 0.001432, 0.001373, 0.001522, 0.001339, 0.001277, 0.001246, 0.001429, 0.001276, 0.001428, 0.001184, 0.001276, 0.001124, 0.001429, 0.001124, 0.001338, 0.001216, 0.001187, 0.001095, 0.001249, 0.001065, 0.001311, 0.000914
10 , 1, 1, 3, 3, 3, 3, 3
10 , 0.001351, 0.001662, 0.001837, 0.002571, 0.002791, 0.003312, 0.003740
11 , 0.001339, 0.001277, 0.001339, 0.001370, 0.001432, 0.001372, 0.001310, 0.001281, 0.001434, 0.001435, 0.001526, 0.001344, 0.001373, 0.001311, 0.001402, 0.001343, 0.001525, 0.001341, 0.001432, 0.001373, 0.001522, 0.001339, 0.001277, 0.001246, 0.001429, 0.001276, 0.001428, 0.001184, 0.001276, 0.001124, 0.001429, 0.001124, 0.001338, 0.001216, 0.001187, 0.001095, 0.001249, 0.001065, 0.001311, 0.000914, 0.001096, 0.001217, 0.001187, 0.001095, 0.001186, 0.001246, 0.001338, 0.001093, 0.001215, 0.001184, 0.001276, 0.001367, 0.001367, 0.001276, 0.001367, 0.001276, 0.001337, 0.001337, 0.001337, 0.001306, 0.001398, 0.001459, 0.001429, 0.001368, 0.001276, 0.001337, 0.001399, 0.001490, 0.001277, 0.001399, 0.001337, 0.001337, 0.001338, 0.001429, 0.001338, 0.001490, 0.001277, 0.001398, 0.001337, 0.001489, 0.001276, 0.001338, 0.001216, 0.001370, 0.001217, 0.001312, 0.001006, 0.001220, 0.001128, 0.001312, 0.001219, 0.001311
11 , 1, 1, 1, 1, 1, 1, 1
11 , 0.003036, 0.003435, 0.004318, 0.004439, 0.005078, 0.005199, 0.006051
12 , 0.001367, 0.001276, 0.001367, 0.001276, 0.001337, 0.001337, 0.001337, 0.001306, 0.001398, 0.001459, 0.001429, 0.001368, 0.001276, 0.001337, 0.001399, 0.001490, 0.001277, 0.001399, 0.001337, 0.001337, 0.001338, 0.001429, 0.001338, 0.001490, 0.001277, 0.001398, 0.001337, 0.001489, 0.001276, 0.001338, 0.001216, 0.001370, 0.001217, 0.001312, 0.001006, 0.001220, 0.001128, 0.001312, 0.001219, 0.001311, 0.001065, 0.001339, 0.001155, 0.001277, 0.001246, 0.001307, 0.001184, 0.001367, 0.001245, 0.001459, 0.001216, 0.001369, 0.001279, 0.001402, 0.001373, 0.001373, 0.001527, 0.001526, 0.001406, 0.001498, 0.001437, 0.001527, 0.001558, 0.001466, 0.001465, 0.001524, 0.001400, 0.001340, 0.001308, 0.001369, 0.001277, 0.001307, 0.001368, 0.001184, 0.001306, 0.001215, 0.001428, 0.001276, 0.001215, 0.001306, 0.001337, 0.001276, 0.001306, 0.001001, 0.001215, 0.001093, 0.001215, 0.001123, 0.001215, 0.001062, 0.001337, 0.001093
12 , 1, 1, 1, 1, 1, 1, 1
12 , 0.004560, 0.005113, 0.005301, 0.005885, 0.005706, 0.006501, 0.005861
13 , 0.001369, 0.001279, 0.001402, 0.001373, 0.001373, 0.001527, 0.001526, 0.001406, 0.001498, 0.001437, 0.001527, 0.001558, 0.001466, 0.001465, 0.001524, 0.001400, 0.001340, 0.001308, 0.001369, 0.001277, 0.001307, 0.001368, 0.001184, 0.001306, 0.001215, 0.001428, 0.001276, 0.001215, 0.001306, 0.001337, 0.001276, 0.001306, 0.001001, 0.001215, 0.001093, 0.001215, 0.001123, 0.001215, 0.001062, 0.001337, 0.001093, 0.001367, 0.001154, 0.001276, 0.001184, 0.001276, 0.001184, 0.001337, 0.001245, 0.001367, 0.001307, 0.001368, 0.001276, 0.001398, 0.001277, 0.001429, 0.001154, 0.001337, 0.001276, 0.001276, 0.001215, 0.001459, 0.001337, 0.001398, 0.001337, 0.001337, 0.001215, 0.001215, 0.001245, 0.001245, 0.001276, 0.001337, 0.001215, 0.001215, 0.001276, 0.001246, 0.001246, 0.001124, 0.001215, 0.001154, 0.001276, 0.001215, 0.001216, 0.001064, 0.001126, 0.001125, 0.001277, 0.001093, 0.001215, 0.001123, 0.001368, 0.001186
13 , 1, 1, 1, 1, 1, 1, 1
13 , 0.005920, 0.006228, 0.005954, 0.006470, 0.006100, 0.006092, 0.005443
14 , 0.001367, 0.001307, 0.001368, 0.001276, 0.001398, 0.001277, 0.001429, 0.001154, 0.001337, 0.001276, 0.001276, 0.001215, 0.001459, 0.001337, 0.001398, 0.001337, 0.001337, 0.001215, 0.001215, 0.001245, 0.001245, 0.001276, 0.001337, 0.001215, 0.001215, 0.001276, 0.001246, 0.001246, 0.001124, 0.001215, 0.001154, 0.001276, 0.001215, 0.001216, 0.001064, 0.001126, 0.001125, 0.001277, 0.001093, 0.001215, 0.001123, 0.001368, 0.001186, 0.001370, 0.001281, 0.001373, 0.001376, 0.001468, 0.001317, 0.001501, 0.001348, 0.001468, 0.001379, 0.001470, 0.001316, 0.001436, 0.001343, 0.001494, 0.001280, 0.001401, 0.001249, 0.001401, 0.001310, 0.001400, 0.001186, 0.001338, 0.001276, 0.001306, 0.001185, 0.001247, 0.001126, 0.000978, 0.000979, 0.000981, 0.000860, 0.000923, 0.000833, 0.000866, 0.000992, 0.000871, 0.000871, 0.000839, 0.000932, 0.000868, 0.000993, 0.000899, 0.000899, 0.000839, 0.000959, 0.000955, 0.000987, 0.000830
14 , 1, 1, 1, 1, 1, 1, 1
14 , 0.011075, 0.011232, 0.011147, 0.011125, 0.010436, 0.010025, 0.009010
15 , 0.001468, 0.001317, 0.001501, 0.001348, 0.001468, 0.001379, 0.001470, 0.001316, 0.001436, 0.001343, 0.001494, 0.001280, 0.001401, 0.001249, 0.001401, 0.001310, 0.001400, 0.001186, 0.001338, 0.001276, 0.001306, 0.001185, 0.001247, 0.001126, 0.000978, 0.000979, 0.000981, 0.000860, 0.000923, 0.000833, 0.000866, 0.000992, 0.000871, 0.000871, 0.000839, 0.000932, 0.000868, 0.000993, 0.000899, 0.000899, 0.000839, 0.000959, 0.000955, 0.000987, 0.000830, 0.001014, 0.000858, 0.001040, 0.000855, 0.000946, 0.000946, 0.001096, 0.000942, 0.001155, 0.000971, 0.001245, 0.001123, 0.001184, 0.001124, 0.001307, 0.001094, 0.001307, 0.001248, 0.001278, 0.001157, 0.001370, 0.001188, 0.001310, 0.001127, 0.001279, 0.001341, 0.001370, 0.001187, 0.001217, 0.001278, 0.001308, 0.001277, 0.001276, 0.001062, 0.001093, 0.001123, 0.001154, 0.001154, 0.001124, 0.001216, 0.001095, 0.001096, 0.001157, 0.001035, 0.001097, 0.001006, 0.000914
15 , 2, 2, 2, 2, 1, 1, 1
15 , 0.010902, 0.011016, 0.010703, 0.009928, 0.010638, 0.011385, 0.011404
16 , 0.000942, 0.001155, 0.000971, 0.001245, 0.001123, 0.001184, 0.001124, 0.001307, 0.001094, 0.001307, 0.001248, 0.001278, 0.001157, 0.001370, 0.001188, 0.001310, 0.001127, 0.001279, 0.001341, 0.001370, 0.001187, 0.001217, 0.001278, 0.001308, 0.001277, 0.001276, 0.001062, 0.001093, 0.001123, 0.001154, 0.001154, 0.001124, 0.001216, 0.001095, 0.001096, 0.001157, 0.001035, 0.001097, 0.001006, 0.000914, 0.000916, 0.000855, 0.000977, 0.000886, 0.001069, 0.000977, 0.001008, 0.000883, 0.001098, 0.000913, 0.001158, 0.001095, 0.001127, 0.000972, 0.001064, 0.000942, 0.001186, 0.000941, 0.001154, 0.001093, 0.001215, 0.001093, 0.001123, 0.001154, 0.001215, 0.001001, 0.001367, 0.001032, 0.001276, 0.001184, 0.001276, 0.001184, 0.001215, 0.001093, 0.001367, 0.001307, 0.001215, 0.001246, 0.001215, 0.001123, 0.001245, 0.001093, 0.001184, 0.001154, 0.001093, 0.001154, 0.001154, 0.001062, 0.001032, 0.001093, 0.001002, 0.001186
16 , 2, 2, 2, 2, 2, 2, 2
16 , 0.003646, 0.003982, 0.004044, 0.004016, 0.004325, 0.004481, 0.004912
