0 , 0.000834, 0.001050, 0.001406, 0.001461, 0.001652, 0.001762, 0.001602, 0.001571, 0.001733, 0.001652, 0.001652, 0.001527, 0.001778, 0.001758, 0.001793, 0.001607, 0.001587, 0.001737, 0.001431, 0.001626, 0.001406, 0.001541, 0.001579, 0.001365, 0.001676, 0.000459, 0.001302, 0.001612, 0.001502, 0.001414, 0.001284, 0.001322, 0.001193, 0.001394, 0.001361, 0.001300, 0.001173, 0.001163, 0.001102, 0.001323, 0.001141, 0.001240, 0.001204, 0.001248, 0.001182, 0.001242, 0.001184, 0.001131, 0.001138, 0.001167, 0.001231, 0.000401, 0.001476, 0.001326, 0.001542, 0.001633, 0.001587, 0.001592, 0.001527, 0.001873, 0.001552, 0.001643, 0.001502, 0.001748, 0.001708, 0.001592, 0.001688, 0.001582, 0.001818, 0.001592, 0.001587, 0.001552, 0.001648, 0.001637, 0.001627, 0.001431, 0.000895, 0.001272, 0.001389, 0.001364, 0.001168, 0.001293, 0.001371, 0.001277, 0.001287, 0.001273, 0.001167, 0.001215, 0.001198, 0.001175, 0.001115, 0.001203
0 , 1, 1, 1, 1, 1, 1, 1
0 , 0.005097, 0.007388, 0.008664, 0.010284, 0.012376, 0.013814, 0.015443
1 , 0.001476, 0.001326, 0.001542, 0.001633, 0.001587, 0.001592, 0.001527, 0.001873, 0.001552, 0.001643, 0.001502, 0.001748, 0.001708, 0.001592, 0.001688, 0.001582, 0.001818, 0.001592, 0.001587, 0.001552, 0.001648, 0.001637, 0.001627, 0.001431, 0.000895, 0.001272, 0.001389, 0.001364, 0.001168, 0.001293, 0.001371, 0.001277, 0.001287, 0.001273, 0.001167, 0.001215, 0.001198, 0.001175, 0.001115, 0.001203, 0.001073, 0.001261, 0.001256, 0.001314, 0.001049, 0.001192, 0.001208, 0.000123, 0.001224, 0.001547, 0.001392, 0.001506, 0.001682, 0.001471, 0.001531, 0.001401, 0.001554, 0.001435, 0.001479, 0.001329, 0.001519, 0.001584, 0.001564, 0.001453, 0.001308, 0.001602, 0.001357, 0.001451, 0.001429, 0.001481, 0.001552, 0.001639, 0.000521, 0.001599, 0.001437, 0.001402, 0.001224, 0.001163, 0.001406, 0.001262, 0.001257, 0.001120, 0.001166, 0.001135, 0.001301, 0.001250, 0.001355, 0.001148, 0.001175, 0.000987, 0.001165, 0.000977
1 , 1, 1, 1, 1, 1, 1, 1
1 , 0.006845, 0.008554, 0.010032, 0.012615, 0.016182, 0.015423, 0.014513
2 , 0.001392, 0.001506, 0.001682, 0.001471, 0.001531, 0.001401, 0.001554, 0.001435, 0.001479, 0.001329, 0.001519, 0.001584, 0.001564, 0.001453, 0.001308, 0.001602, 0.001357, 0.001451, 0.001429, 0.001481, 0.001552, 0.001639, 0.000521, 0.001599, 0.001437, 0.001402, 0.001224, 0.001163, 0.001406, 0.001262, 0.001257, 0.001120, 0.001166, 0.001135, 0.001301, 0.001250, 0.001355, 0.001148, 0.001175, 0.000987, 0.001165, 0.000977, 0.001245, 0.000888, 0.001261, 0.000991, 0.001150, 0.000523, 0.000945, 0.001472, 0.001467, 0.001417, 0.001392, 0.001678, 0.001597, 0.001652, 0.001386, 0.001496, 0.001536, 0.001620, 0.001390, 0.001425, 0.001549, 0.001468, 0.001553, 0.001388, 0.001578, 0.001527, 0.001342, 0.001357, 0.001325, 0.001946, 0.000816, 0.001614, 0.001472, 0.001416, 0.001214, 0.001363, 0.001221, 0.001343, 0.001125, 0.001343, 0.001132, 0.001401, 0.001133, 0.001201, 0.001154, 0.001256, 0.001093, 0.001317, 0.001090, 0.001184
2 , 1, 1, 1, 1, 1, 1, 1
2 , 0.006277, 0.007961, 0.009484, 0.010381, 0.011896, 0.012107, 0.012577
3 , 0.001392, 0.001678, 0.001597, 0.001652, 0.001386, 0.001496, 0.001536, 0.001620, 0.001390, 0.001425, 0.001549, 0.001468, 0.001553, 0.001388, 0.001578, 0.001527, 0.001342, 0.001357, 0.001325, 0.001946, 0.000816, 0.001614, 0.001472, 0.001416, 0.001214, 0.001363, 0.001221, 0.001343, 0.001125, 0.001343, 0.001132, 0.001401, 0.001133, 0.001201, 0.001154, 0.001256, 0.001093, 0.001317, 0.001090, 0.001184, 0.000982, 0.001222, 0.001007, 0.001220, 0.000722, 0.001291, 0.001502, 0.001486, 0.001572, 0.001532, 0.001627, 0.001597, 0.001668, 0.001607, 0.001562, 0.001691, 0.001546, 0.001571, 0.001374, 0.001653, 0.001572, 0.001607, 0.001505, 0.001375, 0.001500, 0.001496, 0.001379, 0.001296, 0.001385, 0.000928, 0.001746, 0.001613, 0.001596, 0.001404, 0.001528, 0.001369, 0.001505, 0.001304, 0.001446, 0.001322, 0.001603, 0.001299, 0.001563, 0.001345, 0.001339, 0.001262, 0.001239, 0.001095, 0.001240, 0.001002, 0.001150, 0.001013
3 , 1, 1, 1, 1, 1, 1, 1
3 , 0.007953, 0.010696, 0.008985, 0.010271, 0.011075, 0.011091, 0.011346
4 , 0.001668, 0.001607, 0.001562, 0.001691, 0.001546, 0.001571, 0.001374, 0.001653, 0.001572, 0.001607, 0.001505, 0.001375, 0.001500, 0.001496, 0.001379, 0.001296, 0.001385, 0.000928, 0.001746, 0.001613, 0.001596, 0.001404, 0.001528, 0.001369, 0.001505, 0.001304, 0.001446, 0.001322, 0.001603, 0.001299, 0.001563, 0.001345, 0.001339, 0.001262, 0.001239, 0.001095, 0.001240, 0.001002, 0.001150, 0.001013, 0.001004, 0.001187, 0.000320, 0.001627, 0.001550, 0.001658, 0.001764, 0.001782, 0.001607, 0.001789, 0.001915, 0.001660, 0.001822, 0.001636, 0.001868, 0.001767, 0.001778, 0.001627, 0.001702, 0.001868, 0.001642, 0.001688, 0.001477, 0.001713, 0.001647, 0.001482, 0.001666, 0.000269, 0.001515, 0.001495, 0.001459, 0.001447, 0.001394, 0.001445, 0.001348, 0.001353, 0.001222, 0.001374, 0.001364, 0.001367, 0.001283, 0.001295, 0.001318, 0.001351, 0.001269, 0.001302, 0.001252, 0.001267, 0.001244, 0.001364, 0.000963, 0.000677
4 , 1, 1, 1, 1, 1, 1, 1
4 , 0.011856, 0.012116, 0.012390, 0.012315, 0.011644, 0.011005, 0.010349
5 , 0.001607, 0.001789, 0.001915, 0.001660, 0.001822, 0.001636, 0.001868, 0.001767, 0.001778, 0.001627, 0.001702, 0.001868, 0.001642, 0.001688, 0.001477, 0.001713, 0.001647, 0.001482, 0.001666, 0.000269, 0.001515, 0.001495, 0.001459, 0.001447, 0.001394, 0.001445, 0.001348, 0.001353, 0.001222, 0.001374, 0.001364, 0.001367, 0.001283, 0.001295, 0.001318, 0.001351, 0.001269, 0.001302, 0.001252, 0.001267, 0.001244, 0.001364, 0.000963, 0.000677, 0.001389, 0.001343, 0.001413, 0.001397, 0.001472, 0.001432, 0.001408, 0.001648, 0.001429, 0.001568, 0.001438, 0.001608, 0.001568, 0.001549, 0.001650, 0.001476, 0.001757, 0.001668, 0.001793, 0.001752, 0.001807, 0.001831, 0.001849, 0.001791, 0.001908, 0.001303, 0.000934, 0.001130, 0.001020, 0.000921, 0.000908, 0.000874, 0.000732, 0.000796, 0.000850, 0.000806, 0.000729, 0.000608, 0.000836, 0.000718, 0.000878, 0.000828, 0.000907, 0.000861, 0.000968, 0.000944, 0.001108, 0.001027
5 , 1, 1, 1, 1, 1, 1, 1
5 , 0.024447, 0.023419, 0.023496, 0.022719, 0.022486, 0.021680, 0.020335
6 , 0.001413, 0.001397, 0.001472, 0.001432, 0.001408, 0.001648, 0.001429, 0.001568, 0.001438, 0.001608, 0.001568, 0.001549, 0.001650, 0.001476, 0.001757, 0.001668, 0.001793, 0.001752, 0.001807, 0.001831, 0.001849, 0.001791, 0.001908, 0.001303, 0.000934, 0.001130, 0.001020, 0.000921, 0.000908, 0.000874, 0.000732, 0.000796, 0.000850, 0.000806, 0.000729, 0.000608, 0.000836, 0.000718, 0.000878, 0.000828, 0.000907, 0.000861, 0.000968, 0.000944, 0.001108, 0.001027, 0.001010, 0.001007, 0.001195, 0.001105, 0.001224, 0.001165, 0.001333, 0.001217, 0.001336, 0.001338, 0.001551, 0.001426, 0.001543, 0.001343, 0.001443, 0.001361, 0.001463, 0.001278, 0.001448, 0.001334, 0.001306, 0.001105, 0.001295, 0.001077, 0.001195, 0.000954, 0.001034, 0.000954, 0.000965, 0.000897, 0.000884, 0.000887, 0.000959, 0.000941, 0.000846, 0.000786, 0.000941, 0.000968, 0.000883, 0.000971, 0.001047, 0.001088, 0.000943, 0.001023, 0.001057, 0.001129
6 , 1, 1, 1, 1, 1, 1, 1
6 , 0.017465, 0.019800, 0.021153, 0.022634, 0.023844, 0.023388, 0.022300
7 , 0.001224, 0.001165, 0.001333, 0.001217, 0.001336, 0.001338, 0.001551, 0.001426, 0.001543, 0.001343, 0.001443, 0.001361, 0.001463, 0.001278, 0.001448, 0.001334, 0.001306, 0.001105, 0.001295, 0.001077, 0.001195, 0.000954, 0.001034, 0.000954, 0.000965, 0.000897, 0.000884, 0.000887, 0.000959, 0.000941, 0.000846, 0.000786, 0.000941, 0.000968, 0.000883, 0.000971, 0.001047, 0.001088, 0.000943, 0.001023, 0.001057, 0.001129, 0.001088, 0.001343, 0.001183, 0.001282, 0.001262, 0.001317, 0.001087, 0.001389, 0.001224, 0.001292, 0.001161, 0.001358, 0.001242, 0.001198, 0.001107, 0.001340, 0.001059, 0.001389, 0.001135, 0.001190, 0.001018, 0.001023, 0.001054, 0.001175, 0.001073, 0.001142, 0.001045, 0.001065, 0.001156, 0.001233, 0.001115, 0.001123, 0.001018, 0.001043, 0.001142, 0.001109, 0.001233, 0.000982, 0.001032, 0.001150, 0.001106, 0.000999, 0.001157, 0.001113, 0.001146, 0.001105, 0.001302, 0.001246, 0.001300, 0.001219
7 , 1, 1, 1, 1, 1, 1, 2
7 , 0.009284, 0.008909, 0.008369, 0.007743, 0.007052, 0.006561, 0.005275
8 , 0.001262, 0.001317, 0.001087, 0.001389, 0.001224, 0.001292, 0.001161, 0.001358, 0.001242, 0.001198, 0.001107, 0.001340, 0.001059, 0.001389, 0.001135, 0.001190, 0.001018, 0.001023, 0.001054, 0.001175, 0.001073, 0.001142, 0.001045, 0.001065, 0.001156, 0.001233, 0.001115, 0.001123, 0.001018, 0.001043, 0.001142, 0.001109, 0.001233, 0.000982, 0.001032, 0.001150, 0.001106, 0.000999, 0.001157, 0.001113, 0.001146, 0.001105, 0.001302, 0.001246, 0.001300, 0.001219, 0.001367, 0.001289, 0.001413, 0.001315, 0.001413, 0.001261, 0.001476, 0.001287, 0.001343, 0.001453, 0.001523, 0.001355, 0.001474, 0.001287, 0.001413, 0.001341, 0.001430, 0.001376, 0.001448, 0.001481, 0.001376, 0.001350, 0.001299, 0.001369, 0.001288, 0.001338, 0.001097, 0.001175, 0.001095, 0.001187, 0.001104, 0.001214, 0.001134, 0.001181, 0.000971, 0.001151, 0.001112, 0.001160, 0.001076, 0.001225, 0.001043, 0.001225, 0.001057, 0.001214, 0.001045, 0.001189
8 , 1, 1, 1, 1, 1, 1, 1
8 , 0.007135, 0.006926, 0.007143, 0.006797, 0.006675, 0.005594, 0.005450
9 , 0.001413, 0.001315, 0.001413, 0.001261, 0.001476, 0.001287, 0.001343, 0.001453, 0.001523, 0.001355, 0.001474, 0.001287, 0.001413, 0.001341, 0.001430, 0.001376, 0.001448, 0.001481, 0.001376, 0.001350, 0.001299, 0.001369, 0.001288, 0.001338, 0.001097, 0.001175, 0.001095, 0.001187, 0.001104, 0.001214, 0.001134, 0.001181, 0.000971, 0.001151, 0.001112, 0.001160, 0.001076, 0.001225, 0.001043, 0.001225, 0.001057, 0.001214, 0.001045, 0.001189, 0.001048, 0.001261, 0.001090, 0.001270, 0.001163, 0.001368, 0.001211, 0.001259, 0.001269, 0.001358, 0.001110, 0.001378, 0.001307, 0.001394, 0.001399, 0.001226, 0.001284, 0.001231, 0.001388, 0.001272, 0.001214, 0.001216, 0.001287, 0.001158, 0.001318, 0.001097, 0.001462, 0.001191, 0.001254, 0.001252, 0.001437, 0.001206, 0.001406, 0.001140, 0.001407, 0.001222, 0.001283, 0.001259, 0.001378, 0.001280, 0.001502, 0.001341, 0.001373, 0.001308, 0.001254, 0.001399, 0.001521, 0.001406
9 , 2, 2, 2, 2, 2, 2, 2
9 , 0.005944, 0.006188, 0.006745, 0.006676, 0.006816, 0.007050, 0.006806
10 , 0.001259, 0.001269, 0.001358, 0.001110, 0.001378, 0.001307, 0.001394, 0.001399, 0.001226, 0.001284, 0.001231, 0.001388, 0.001272, 0.001214, 0.001216, 0.001287, 0.001158, 0.001318, 0.001097, 0.001462, 0.001191, 0.001254, 0.001252, 0.001437, 0.001206, 0.001406, 0.001140, 0.001407, 0.001222, 0.001283, 0.001259, 0.001378, 0.001280, 0.001502, 0.001341, 0.001373, 0.001308, 0.001254, 0.001399, 0.001521, 0.001406, 0.001359, 0.001383, 0.001479, 0.001465, 0.001338, 0.001294, 0.001329, 0.001399, 0.001297, 0.001333, 0.001249, 0.001345, 0.001127, 0.001394, 0.001173, 0.001277, 0.001249, 0.001318, 0.001168, 0.001339, 0.001143, 0.001306, 0.001093, 0.001275, 0.001166, 0.001298, 0.001168, 0.001295, 0.001100, 0.001191, 0.001211, 0.001267, 0.001224, 0.001330, 0.001231, 0.001269, 0.001269, 0.001325, 0.001325, 0.001175, 0.001335, 0.001203, 0.001274, 0.001302, 0.001257, 0.001274, 0.001452, 0.001232, 0.001376, 0.001357, 0.001399
10 , 3, 0, 0, 0, 0, 0, 0
10 , 0.001830, 0.001544, 0.002364, 0.002672, 0.003041, 0.003195, 0.003597
11 , 0.001345, 0.001127, 0.001394, 0.001173, 0.001277, 0.001249, 0.001318, 0.001168, 0.001339, 0.001143, 0.001306, 0.001093, 0.001275, 0.001166, 0.001298, 0.001168, 0.001295, 0.001100, 0.001191, 0.001211, 0.001267, 0.001224, 0.001330, 0.001231, 0.001269, 0.001269, 0.001325, 0.001325, 0.001175, 0.001335, 0.001203, 0.001274, 0.001302, 0.001257, 0.001274, 0.001452, 0.001232, 0.001376, 0.001357, 0.001399, 0.001378, 0.001493, 0.001308, 0.001458, 0.001357, 0.001474, 0.001378, 0.001514, 0.001385, 0.001542, 0.001392, 0.001467, 0.001357, 0.001493, 0.001226, 0.001334, 0.001243, 0.001348, 0.001159, 0.001348, 0.001237, 0.001262, 0.001264, 0.001173, 0.001237, 0.001272, 0.001462, 0.001191, 0.001216, 0.001155, 0.001260, 0.001174, 0.001225, 0.001123, 0.001150, 0.001054, 0.001189, 0.000943, 0.001139, 0.000979, 0.001228, 0.001184, 0.001255, 0.000998, 0.001211, 0.001181, 0.001294, 0.001143, 0.001207, 0.001133, 0.001282, 0.001107
11 , 3, 3, 3, 3, 3, 3, 3
11 , 0.005645, 0.005820, 0.005647, 0.005861, 0.005614, 0.005446, 0.005259
12 , 0.001542, 0.001392, 0.001467, 0.001357, 0.001493, 0.001226, 0.001334, 0.001243, 0.001348, 0.001159, 0.001348, 0.001237, 0.001262, 0.001264, 0.001173, 0.001237, 0.001272, 0.001462, 0.001191, 0.001216, 0.001155, 0.001260, 0.001174, 0.001225, 0.001123, 0.001150, 0.001054, 0.001189, 0.000943, 0.001139, 0.000979, 0.001228, 0.001184, 0.001255, 0.000998, 0.001211, 0.001181, 0.001294, 0.001143, 0.001207, 0.001133, 0.001282, 0.001107, 0.001279, 0.001284, 0.001287, 0.001376, 0.001315, 0.001300, 0.001290, 0.001339, 0.001334, 0.001423, 0.001336, 0.001306, 0.001367, 0.001407, 0.001239, 0.001378, 0.001160, 0.001262, 0.001016, 0.001173, 0.001198, 0.001432, 0.001036, 0.001234, 0.001188, 0.001168, 0.001115, 0.001268, 0.001168, 0.001402, 0.001201, 0.001303, 0.001174, 0.001270, 0.001174, 0.001212, 0.001194, 0.001287, 0.001095, 0.001166, 0.001348, 0.001363, 0.001267, 0.001328, 0.001373, 0.001252, 0.001267, 0.001186, 0.001206
12 , 1, 1, 1, 1, 1, 1, 1
12 , 0.004724, 0.004279, 0.003548, 0.003259, 0.002561, 0.002512, 0.001953
13 , 0.001376, 0.001315, 0.001300, 0.001290, 0.001339, 0.001334, 0.001423, 0.001336, 0.001306, 0.001367, 0.001407, 0.001239, 0.001378, 0.001160, 0.001262, 0.001016, 0.001173, 0.001198, 0.001432, 0.001036, 0.001234, 0.001188, 0.001168, 0.001115, 0.001268, 0.001168, 0.001402, 0.001201, 0.001303, 0.001174, 0.001270, 0.001174, 0.001212, 0.001194, 0.001287, 0.001095, 0.001166, 0.001348, 0.001363, 0.001267, 0.001328, 0.001373, 0.001252, 0.001267, 0.001186, 0.001206, 0.001211, 0.001312, 0.001160, 0.001320, 0.001259, 0.001396, 0.001102, 0.001305, 0.001244, 0.001338, 0.001186, 0.001318, 0.001227, 0.001204, 0.001105, 0.001268, 0.001044, 0.001342, 0.001261, 0.001165, 0.001046, 0.001178, 0.001084, 0.001148, 0.001142, 0.001159, 0.001113, 0.001211, 0.001302, 0.001277, 0.001244, 0.001264, 0.001264, 0.001198, 0.001132, 0.001181, 0.001328, 0.001247, 0.001344, 0.001252, 0.001491, 0.001334, 0.001491, 0.001322, 0.001456, 0.001413
13 , 2, 2, 2, 2, 2, 2, 2
13 , 0.002022, 0.001969, 0.002313, 0.002532, 0.002590, 0.002635, 0.002876
14 , 0.001102, 0.001305, 0.001244, 0.001338, 0.001186, 0.001318, 0.001227, 0.001204, 0.001105, 0.001268, 0.001044, 0.001342, 0.001261, 0.001165, 0.001046, 0.001178, 0.001084, 0.001148, 0.001142, 0.001159, 0.001113, 0.001211, 0.001302, 0.001277, 0.001244, 0.001264, 0.001264, 0.001198, 0.001132, 0.001181, 0.001328, 0.001247, 0.001344, 0.001252, 0.001491, 0.001334, 0.001491, 0.001322, 0.001456, 0.001413, 0.001416, 0.001355, 0.001428, 0.001187, 0.001356, 0.001201, 0.001457, 0.001335, 0.001305, 0.001216, 0.001346, 0.001298, 0.001369, 0.001184, 0.001256, 0.001195, 0.001256, 0.001134, 0.001137, 0.001151, 0.001240, 0.001295, 0.001214, 0.001391, 0.001330, 0.001475, 0.001302, 0.001394, 0.001234, 0.001440, 0.001240, 0.001327, 0.001364, 0.001458, 0.001355, 0.001605, 0.001283, 0.001350, 0.001350, 0.001479, 0.001383, 0.001605, 0.001390, 0.001481, 0.001350, 0.001357, 0.001439, 0.001458, 0.001411, 0.001329, 0.001357, 0.001453
14 , 0, 0, 0, 0, 0, 0, 0
14 , 0.004250, 0.004824, 0.004737, 0.005598, 0.005462, 0.005606, 0.005281
15 , 0.001298, 0.001369, 0.001184, 0.001256, 0.001195, 0.001256, 0.001134, 0.001137, 0.001151, 0.001240, 0.001295, 0.001214, 0.001391, 0.001330, 0.001475, 0.001302, 0.001394, 0.001234, 0.001440, 0.001240, 0.001327, 0.001364, 0.001458, 0.001355, 0.001605, 0.001283, 0.001350, 0.001350, 0.001479, 0.001383, 0.001605, 0.001390, 0.001481, 0.001350, 0.001357, 0.001439, 0.001458, 0.001411, 0.001329, 0.001357, 0.001453, 0.001350, 0.001512, 0.001402, 0.001306, 0.001346, 0.001242, 0.001302, 0.001161, 0.001265, 0.001113, 0.001167, 0.001142, 0.001313, 0.001012, 0.001148, 0.000990, 0.001095, 0.001059, 0.001173, 0.000955, 0.001190, 0.001024, 0.001282, 0.001091, 0.001153, 0.001123, 0.001236, 0.001167, 0.001283, 0.001115, 0.001303, 0.001196, 0.001108, 0.001239, 0.001219, 0.001234, 0.001323, 0.001224, 0.001346, 0.001247, 0.001352, 0.001411, 0.001390, 0.001486, 0.001224, 0.001406, 0.001341, 0.001406, 0.001348, 0.001322, 0.001226
15 , 0, 0, 0, 0, 0, 0, 0
15 , 0.006058, 0.006507, 0.006517, 0.006613, 0.006297, 0.006156, 0.005891
16 , 0.001265, 0.001113, 0.001167, 0.001142, 0.001313, 0.001012, 0.001148, 0.000990, 0.001095, 0.001059, 0.001173, 0.000955, 0.001190, 0.001024, 0.001282, 0.001091, 0.001153, 0.001123, 0.001236, 0.001167, 0.001283, 0.001115, 0.001303, 0.001196, 0.001108, 0.001239, 0.001219, 0.001234, 0.001323, 0.001224, 0.001346, 0.001247, 0.001352, 0.001411, 0.001390, 0.001486, 0.001224, 0.001406, 0.001341, 0.001406, 0.001348, 0.001322, 0.001226, 0.001303, 0.001271, 0.001447, 0.001163, 0.001447, 0.001244, 0.001325, 0.001173, 0.001381, 0.001171, 0.001126, 0.001148, 0.001206, 0.001093, 0.001115, 0.000966, 0.001005, 0.000893, 0.000910, 0.000977, 0.001056, 0.000916, 0.000938, 0.000971, 0.001023, 0.001133, 0.000943, 0.001117, 0.001040, 0.001189, 0.001125, 0.001167, 0.001059, 0.001347, 0.001149, 0.001273, 0.001161, 0.001333, 0.001219, 0.001399, 0.001229, 0.001414, 0.001222, 0.001353, 0.001430, 0.001399, 0.001322, 0.001476, 0.001371
16 , 0, 0, 0, 0, 0, 0, 0
16 , 0.005718, 0.006223, 0.007442, 0.007835, 0.008711, 0.008803, 0.009480
