0 , 0.001506, 0.001434, 0.001619, 0.001333, 0.001569, 0.001474, 0.001625, 0.001554, 0.001670, 0.001604, 0.001569, 0.001800, 0.001599, 0.001675, 0.001444, 0.001633, 0.001633, 0.001553, 0.001477, 0.001536, 0.001626, 0.001398, 0.001612, 0.001359, 0.000752, 0.001570, 0.001481, 0.001354, 0.001217, 0.001294, 0.001129, 0.001372, 0.001217, 0.001347, 0.001268, 0.001273, 0.001190, 0.001342, 0.001179, 0.001364, 0.001132, 0.001357, 0.001149, 0.001248, 0.001068, 0.001157, 0.001262, 0.000409, 0.001233, 0.001293, 0.001186, 0.001435, 0.001325, 0.001460, 0.001411, 0.001381, 0.001531, 0.001587, 0.001547, 0.001537, 0.001778, 0.001588, 0.001653, 0.001549, 0.001699, 0.001749, 0.001603, 0.001628, 0.001458, 0.001734, 0.001433, 0.001633, 0.000291, 0.001340, 0.001444, 0.001559, 0.001596, 0.001395, 0.001487, 0.001367, 0.001618, 0.001302, 0.001463, 0.001372, 0.001411, 0.001280, 0.001416, 0.001107, 0.001383, 0.001175, 0.001255, 0.001259
0 , 1, 1, 1, 1, 1, 1, 1
0 , 0.004559, 0.006298, 0.008306, 0.009693, 0.012538, 0.010725, 0.009420
1 , 0.001186, 0.001435, 0.001325, 0.001460, 0.001411, 0.001381, 0.001531, 0.001587, 0.001547, 0.001537, 0.001778, 0.001588, 0.001653, 0.001549, 0.001699, 0.001749, 0.001603, 0.001628, 0.001458, 0.001734, 0.001433, 0.001633, 0.000291, 0.001340, 0.001444, 0.001559, 0.001596, 0.001395, 0.001487, 0.001367, 0.001618, 0.001302, 0.001463, 0.001372, 0.001411, 0.001280, 0.001416, 0.001107, 0.001383, 0.001175, 0.001255, 0.001259, 0.001320, 0.001213, 0.001281, 0.001027, 0.001183, 0.000793, 0.000828, 0.001534, 0.001444, 0.001378, 0.001443, 0.001333, 0.001584, 0.001459, 0.001609, 0.001655, 0.001584, 0.001584, 0.001605, 0.001835, 0.001610, 0.001785, 0.001554, 0.001755, 0.001720, 0.001639, 0.001579, 0.001408, 0.001619, 0.001909, 0.000715, 0.001430, 0.001258, 0.001244, 0.001040, 0.001167, 0.001059, 0.001031, 0.001067, 0.001040, 0.000960, 0.001048, 0.001100, 0.001012, 0.001045, 0.001073, 0.001026, 0.000935, 0.001178, 0.001006
1 , 1, 1, 1, 1, 1, 1, 1
1 , 0.008576, 0.011298, 0.012515, 0.014354, 0.015007, 0.014960, 0.015144
2 , 0.001443, 0.001333, 0.001584, 0.001459, 0.001609, 0.001655, 0.001584, 0.001584, 0.001605, 0.001835, 0.001610, 0.001785, 0.001554, 0.001755, 0.001720, 0.001639, 0.001579, 0.001408, 0.001619, 0.001909, 0.000715, 0.001430, 0.001258, 0.001244, 0.001040, 0.001167, 0.001059, 0.001031, 0.001067, 0.001040, 0.000960, 0.001048, 0.001100, 0.001012, 0.001045, 0.001073, 0.001026, 0.000935, 0.001178, 0.001006, 0.000973, 0.001064, 0.001172, 0.001114, 0.000379, 0.001312, 0.001474, 0.001539, 0.001393, 0.001583, 0.001406, 0.001424, 0.001312, 0.001392, 0.001468, 0.001392, 0.001440, 0.001243, 0.001439, 0.001330, 0.001468, 0.001493, 0.001419, 0.001602, 0.001375, 0.001449, 0.001264, 0.001515, 0.001452, 0.001515, 0.001367, 0.000782, 0.001362, 0.001476, 0.001414, 0.001254, 0.001214, 0.001081, 0.001203, 0.001170, 0.001056, 0.001029, 0.001064, 0.001031, 0.001216, 0.001131, 0.001161, 0.000976, 0.001073, 0.000998, 0.001158, 0.001023
2 , 1, 1, 1, 1, 1, 1, 1
2 , 0.015133, 0.018565, 0.017800, 0.018045, 0.016493, 0.016649, 0.015831
3 , 0.001539, 0.001393, 0.001583, 0.001406, 0.001424, 0.001312, 0.001392, 0.001468, 0.001392, 0.001440, 0.001243, 0.001439, 0.001330, 0.001468, 0.001493, 0.001419, 0.001602, 0.001375, 0.001449, 0.001264, 0.001515, 0.001452, 0.001515, 0.001367, 0.000782, 0.001362, 0.001476, 0.001414, 0.001254, 0.001214, 0.001081, 0.001203, 0.001170, 0.001056, 0.001029, 0.001064, 0.001031, 0.001216, 0.001131, 0.001161, 0.000976, 0.001073, 0.000998, 0.001158, 0.001023, 0.001111, 0.000938, 0.001100, 0.001111, 0.000222, 0.001272, 0.001489, 0.001288, 0.001569, 0.001474, 0.001544, 0.001543, 0.001518, 0.001642, 0.001522, 0.001672, 0.001452, 0.001657, 0.001560, 0.001454, 0.001414, 0.001420, 0.001533, 0.001498, 0.001637, 0.001354, 0.001601, 0.001427, 0.001835, 0.000054, 0.001476, 0.001433, 0.001359, 0.001481, 0.001354, 0.001347, 0.001220, 0.001281, 0.001160, 0.001375, 0.001035, 0.001259, 0.001168, 0.001170, 0.001099, 0.001221, 0.001086
3 , 1, 1, 1, 1, 1, 1, 1
3 , 0.005372, 0.007372, 0.008920, 0.010097, 0.011269, 0.012138, 0.014189
4 , 0.001288, 0.001569, 0.001474, 0.001544, 0.001543, 0.001518, 0.001642, 0.001522, 0.001672, 0.001452, 0.001657, 0.001560, 0.001454, 0.001414, 0.001420, 0.001533, 0.001498, 0.001637, 0.001354, 0.001601, 0.001427, 0.001835, 0.000054, 0.001476, 0.001433, 0.001359, 0.001481, 0.001354, 0.001347, 0.001220, 0.001281, 0.001160, 0.001375, 0.001035, 0.001259, 0.001168, 0.001170, 0.001099, 0.001221, 0.001086, 0.001320, 0.001104, 0.001157, 0.000984, 0.001327, 0.000803, 0.000793, 0.001321, 0.001354, 0.001193, 0.001238, 0.001308, 0.001358, 0.001352, 0.001163, 0.001635, 0.001535, 0.001558, 0.001374, 0.001555, 0.001625, 0.001420, 0.001591, 0.001407, 0.001611, 0.001496, 0.001531, 0.001650, 0.001370, 0.001698, 0.000791, 0.001634, 0.001631, 0.001533, 0.001442, 0.001477, 0.001203, 0.001393, 0.001224, 0.001407, 0.001364, 0.001437, 0.001332, 0.001271, 0.001264, 0.001460, 0.001367, 0.001480, 0.001315, 0.001403, 0.001304, 0.001390
4 , 1, 1, 1, 1, 1, 1, 1
4 , 0.004832, 0.006494, 0.008564, 0.009352, 0.007612, 0.008205, 0.009127
5 , 0.001193, 0.001238, 0.001308, 0.001358, 0.001352, 0.001163, 0.001635, 0.001535, 0.001558, 0.001374, 0.001555, 0.001625, 0.001420, 0.001591, 0.001407, 0.001611, 0.001496, 0.001531, 0.001650, 0.001370, 0.001698, 0.000791, 0.001634, 0.001631, 0.001533, 0.001442, 0.001477, 0.001203, 0.001393, 0.001224, 0.001407, 0.001364, 0.001437, 0.001332, 0.001271, 0.001264, 0.001460, 0.001367, 0.001480, 0.001315, 0.001403, 0.001304, 0.001390, 0.001184, 0.001344, 0.001149, 0.001413, 0.000374, 0.001267, 0.001439, 0.001329, 0.001439, 0.001278, 0.001734, 0.001523, 0.001564, 0.001378, 0.001493, 0.001659, 0.001563, 0.001553, 0.001408, 0.001612, 0.001336, 0.001541, 0.001466, 0.001426, 0.001681, 0.001547, 0.001538, 0.001433, 0.001702, 0.000588, 0.001572, 0.001492, 0.001436, 0.001290, 0.001405, 0.001206, 0.001436, 0.001215, 0.001253, 0.001162, 0.001324, 0.001207, 0.001342, 0.001131, 0.001291, 0.001255, 0.001393, 0.001210, 0.001121
5 , 1, 1, 1, 1, 1, 1, 1
5 , 0.002840, 0.003799, 0.005440, 0.004589, 0.008165, 0.007711, 0.008440
6 , 0.001278, 0.001734, 0.001523, 0.001564, 0.001378, 0.001493, 0.001659, 0.001563, 0.001553, 0.001408, 0.001612, 0.001336, 0.001541, 0.001466, 0.001426, 0.001681, 0.001547, 0.001538, 0.001433, 0.001702, 0.000588, 0.001572, 0.001492, 0.001436, 0.001290, 0.001405, 0.001206, 0.001436, 0.001215, 0.001253, 0.001162, 0.001324, 0.001207, 0.001342, 0.001131, 0.001291, 0.001255, 0.001393, 0.001210, 0.001121, 0.001152, 0.001121, 0.001297, 0.000567, 0.001077, 0.001124, 0.001441, 0.001268, 0.001293, 0.001243, 0.001408, 0.001556, 0.001357, 0.001394, 0.001257, 0.001371, 0.001443, 0.001478, 0.001359, 0.001426, 0.001601, 0.001345, 0.001431, 0.001352, 0.001528, 0.001605, 0.001456, 0.001658, 0.000075, 0.001281, 0.001494, 0.001443, 0.001354, 0.001316, 0.001347, 0.001243, 0.001319, 0.001164, 0.001339, 0.001278, 0.001283, 0.001291, 0.001311, 0.001276, 0.001253, 0.001220, 0.001337, 0.001329, 0.001210, 0.001243, 0.001147, 0.001182
6 , 1, 1, 1, 1, 1, 1, 1
6 , 0.009079, 0.007796, 0.006812, 0.007442, 0.008160, 0.008308, 0.008879
7 , 0.001441, 0.001268, 0.001293, 0.001243, 0.001408, 0.001556, 0.001357, 0.001394, 0.001257, 0.001371, 0.001443, 0.001478, 0.001359, 0.001426, 0.001601, 0.001345, 0.001431, 0.001352, 0.001528, 0.001605, 0.001456, 0.001658, 0.000075, 0.001281, 0.001494, 0.001443, 0.001354, 0.001316, 0.001347, 0.001243, 0.001319, 0.001164, 0.001339, 0.001278, 0.001283, 0.001291, 0.001311, 0.001276, 0.001253, 0.001220, 0.001337, 0.001329, 0.001210, 0.001243, 0.001147, 0.001182, 0.001337, 0.001111, 0.000633, 0.001387, 0.001054, 0.001419, 0.001384, 0.001363, 0.001428, 0.001303, 0.001468, 0.001352, 0.001512, 0.001309, 0.001565, 0.001463, 0.001438, 0.001417, 0.001308, 0.001603, 0.001410, 0.001420, 0.001345, 0.001431, 0.001406, 0.001514, 0.000739, 0.001277, 0.001416, 0.001440, 0.001409, 0.001423, 0.001407, 0.001308, 0.001372, 0.001229, 0.001358, 0.001213, 0.001281, 0.001342, 0.001446, 0.001238, 0.001395, 0.001235, 0.001311, 0.001154
7 , 1, 1, 1, 1, 1, 1, 1
7 , 0.001217, 0.003023, 0.004045, 0.005220, 0.003532, 0.003909, 0.004065
8 , 0.001387, 0.001054, 0.001419, 0.001384, 0.001363, 0.001428, 0.001303, 0.001468, 0.001352, 0.001512, 0.001309, 0.001565, 0.001463, 0.001438, 0.001417, 0.001308, 0.001603, 0.001410, 0.001420, 0.001345, 0.001431, 0.001406, 0.001514, 0.000739, 0.001277, 0.001416, 0.001440, 0.001409, 0.001423, 0.001407, 0.001308, 0.001372, 0.001229, 0.001358, 0.001213, 0.001281, 0.001342, 0.001446, 0.001238, 0.001395, 0.001235, 0.001311, 0.001154, 0.001202, 0.001129, 0.001320, 0.001119, 0.000199, 0.001213, 0.001281, 0.001192, 0.001180, 0.001460, 0.001409, 0.001339, 0.001335, 0.001563, 0.001419, 0.001588, 0.001373, 0.001482, 0.001426, 0.001412, 0.001417, 0.001363, 0.001458, 0.001460, 0.001636, 0.001608, 0.001711, 0.001685, 0.001697, 0.000709, 0.001380, 0.001342, 0.001176, 0.001193, 0.001165, 0.001218, 0.000997, 0.001406, 0.001096, 0.001266, 0.001159, 0.001304, 0.001238, 0.001352, 0.001142, 0.001240, 0.001076, 0.001271, 0.001240
8 , 1, 1, 1, 1, 1, 1, 1
8 , 0.001484, 0.002721, 0.003983, 0.006053, 0.009326, 0.007628, 0.007595
9 , 0.001192, 0.001180, 0.001460, 0.001409, 0.001339, 0.001335, 0.001563, 0.001419, 0.001588, 0.001373, 0.001482, 0.001426, 0.001412, 0.001417, 0.001363, 0.001458, 0.001460, 0.001636, 0.001608, 0.001711, 0.001685, 0.001697, 0.000709, 0.001380, 0.001342, 0.001176, 0.001193, 0.001165, 0.001218, 0.000997, 0.001406, 0.001096, 0.001266, 0.001159, 0.001304, 0.001238, 0.001352, 0.001142, 0.001240, 0.001076, 0.001271, 0.001240, 0.001364, 0.001114, 0.001368, 0.001109, 0.001484, 0.000358, 0.000890, 0.001104, 0.001146, 0.001290, 0.001350, 0.001559, 0.001380, 0.001324, 0.001225, 0.001429, 0.001306, 0.001501, 0.001380, 0.001410, 0.001501, 0.001387, 0.001547, 0.001303, 0.001479, 0.001515, 0.001501, 0.001574, 0.001439, 0.001841, 0.000178, 0.001651, 0.001342, 0.001350, 0.001155, 0.001287, 0.001135, 0.001206, 0.001115, 0.001148, 0.001010, 0.001180, 0.001136, 0.001197, 0.001177, 0.001296, 0.001162, 0.001261, 0.001218, 0.001337
9 , 1, 1, 1, 1, 1, 1, 1
9 , 0.003540, 0.005769, 0.007639, 0.008324, 0.010192, 0.009131, 0.010139
10 , 0.001146, 0.001290, 0.001350, 0.001559, 0.001380, 0.001324, 0.001225, 0.001429, 0.001306, 0.001501, 0.001380, 0.001410, 0.001501, 0.001387, 0.001547, 0.001303, 0.001479, 0.001515, 0.001501, 0.001574, 0.001439, 0.001841, 0.000178, 0.001651, 0.001342, 0.001350, 0.001155, 0.001287, 0.001135, 0.001206, 0.001115, 0.001148, 0.001010, 0.001180, 0.001136, 0.001197, 0.001177, 0.001296, 0.001162, 0.001261, 0.001218, 0.001337, 0.001325, 0.001215, 0.001311, 0.001165, 0.000698, 0.001203, 0.001278, 0.001113, 0.001276, 0.001067, 0.001406, 0.001343, 0.001408, 0.001396, 0.001452, 0.001458, 0.001431, 0.001562, 0.001549, 0.001755, 0.001589, 0.001684, 0.001663, 0.001672, 0.001978, 0.001791, 0.001696, 0.001689, 0.001821, 0.001964, 0.001125, 0.001152, 0.001053, 0.001215, 0.001021, 0.001059, 0.001020, 0.001167, 0.001062, 0.001153, 0.001106, 0.001225, 0.001209, 0.001281, 0.001200, 0.001243, 0.001220, 0.001365, 0.001437, 0.001336
10 , 1, 1, 1, 1, 1, 1, 1
10 , 0.005518, 0.007712, 0.009310, 0.012799, 0.012206, 0.012476, 0.012538
11 , 0.001113, 0.001276, 0.001067, 0.001406, 0.001343, 0.001408, 0.001396, 0.001452, 0.001458, 0.001431, 0.001562, 0.001549, 0.001755, 0.001589, 0.001684, 0.001663, 0.001672, 0.001978, 0.001791, 0.001696, 0.001689, 0.001821, 0.001964, 0.001125, 0.001152, 0.001053, 0.001215, 0.001021, 0.001059, 0.001020, 0.001167, 0.001062, 0.001153, 0.001106, 0.001225, 0.001209, 0.001281, 0.001200, 0.001243, 0.001220, 0.001365, 0.001437, 0.001336, 0.001325, 0.001437, 0.001348, 0.001344, 0.001433, 0.001489, 0.001433, 0.001470, 0.001437, 0.001318, 0.001386, 0.001320, 0.001416, 0.001329, 0.001393, 0.001198, 0.001449, 0.001346, 0.001559, 0.001280, 0.001475, 0.001426, 0.001491, 0.001419, 0.001578, 0.001419, 0.001641, 0.001269, 0.001545, 0.001478, 0.001643, 0.001393, 0.001496, 0.001491, 0.001423, 0.001227, 0.001447, 0.001292, 0.001517, 0.001295, 0.001391, 0.001381, 0.001383, 0.001376, 0.001383, 0.001295, 0.001335, 0.001324, 0.001294
11 , 2, 2, 1, 1, 1, 1, 1
11 , 0.003938, 0.005128, 0.006375, 0.007297, 0.008953, 0.008551, 0.008875
12 , 0.001470, 0.001437, 0.001318, 0.001386, 0.001320, 0.001416, 0.001329, 0.001393, 0.001198, 0.001449, 0.001346, 0.001559, 0.001280, 0.001475, 0.001426, 0.001491, 0.001419, 0.001578, 0.001419, 0.001641, 0.001269, 0.001545, 0.001478, 0.001643, 0.001393, 0.001496, 0.001491, 0.001423, 0.001227, 0.001447, 0.001292, 0.001517, 0.001295, 0.001391, 0.001381, 0.001383, 0.001376, 0.001383, 0.001295, 0.001335, 0.001324, 0.001294, 0.001382, 0.001354, 0.001334, 0.001159, 0.001274, 0.001288, 0.001233, 0.001136, 0.001321, 0.001129, 0.001334, 0.001205, 0.001279, 0.001324, 0.001473, 0.001339, 0.001347, 0.001235, 0.001369, 0.001134, 0.001372, 0.001256, 0.001595, 0.001368, 0.001441, 0.001284, 0.001474, 0.001261, 0.001375, 0.001208, 0.001349, 0.001188, 0.001248, 0.001213, 0.001363, 0.001285, 0.001416, 0.001327, 0.001407, 0.001453, 0.001479, 0.001475, 0.001505, 0.001503, 0.001491, 0.001470, 0.001398, 0.001524, 0.001379, 0.001451
12 , 2, 2, 2, 2, 2, 2, 2
12 , 0.001937, 0.002363, 0.002270, 0.002629, 0.003115, 0.003878, 0.004465
13 , 0.001334, 0.001205, 0.001279, 0.001324, 0.001473, 0.001339, 0.001347, 0.001235, 0.001369, 0.001134, 0.001372, 0.001256, 0.001595, 0.001368, 0.001441, 0.001284, 0.001474, 0.001261, 0.001375, 0.001208, 0.001349, 0.001188, 0.001248, 0.001213, 0.001363, 0.001285, 0.001416, 0.001327, 0.001407, 0.001453, 0.001479, 0.001475, 0.001505, 0.001503, 0.001491, 0.001470, 0.001398, 0.001524, 0.001379, 0.001451, 0.001416, 0.001613, 0.001493, 0.001477, 0.001317, 0.001410, 0.001202, 0.001364, 0.001240, 0.001423, 0.001271, 0.001430, 0.001334, 0.001359, 0.001256, 0.001423, 0.001200, 0.001291, 0.001197, 0.001385, 0.001365, 0.001416, 0.001367, 0.001432, 0.001301, 0.001432, 0.001386, 0.001435, 0.001194, 0.001145, 0.001292, 0.001355, 0.001416, 0.001409, 0.001500, 0.001475, 0.001398, 0.001266, 0.001430, 0.001372, 0.001387, 0.001221, 0.001319, 0.001092, 0.001197, 0.001023, 0.001071, 0.001049, 0.001215, 0.001000, 0.001102, 0.000895
13 , 3, 3, 3, 3, 3, 3, 3
13 , 0.003571, 0.003679, 0.003489, 0.003932, 0.004385, 0.005061, 0.005349
14 , 0.001334, 0.001359, 0.001256, 0.001423, 0.001200, 0.001291, 0.001197, 0.001385, 0.001365, 0.001416, 0.001367, 0.001432, 0.001301, 0.001432, 0.001386, 0.001435, 0.001194, 0.001145, 0.001292, 0.001355, 0.001416, 0.001409, 0.001500, 0.001475, 0.001398, 0.001266, 0.001430, 0.001372, 0.001387, 0.001221, 0.001319, 0.001092, 0.001197, 0.001023, 0.001071, 0.001049, 0.001215, 0.001000, 0.001102, 0.000895, 0.001096, 0.000935, 0.001084, 0.000974, 0.001063, 0.000936, 0.001126, 0.001164, 0.001241, 0.001123, 0.001203, 0.001274, 0.001375, 0.001390, 0.001408, 0.001345, 0.001400, 0.001386, 0.001355, 0.001355, 0.001313, 0.001428, 0.001407, 0.001391, 0.001325, 0.001299, 0.001211, 0.001492, 0.001276, 0.001377, 0.001261, 0.001306, 0.001177, 0.001344, 0.001296, 0.001266, 0.001192, 0.001395, 0.001243, 0.001414, 0.001170, 0.001358, 0.001251, 0.001262, 0.001132, 0.001320, 0.001198, 0.001178, 0.001148, 0.001275, 0.001366, 0.001305
14 , 1, 1, 1, 1, 1, 1, 1
14 , 0.003496, 0.003937, 0.005016, 0.005368, 0.006005, 0.006182, 0.006939
15 , 0.001375, 0.001390, 0.001408, 0.001345, 0.001400, 0.001386, 0.001355, 0.001355, 0.001313, 0.001428, 0.001407, 0.001391, 0.001325, 0.001299, 0.001211, 0.001492, 0.001276, 0.001377, 0.001261, 0.001306, 0.001177, 0.001344, 0.001296, 0.001266, 0.001192, 0.001395, 0.001243, 0.001414, 0.001170, 0.001358, 0.001251, 0.001262, 0.001132, 0.001320, 0.001198, 0.001178, 0.001148, 0.001275, 0.001366, 0.001305, 0.001314, 0.001284, 0.001226, 0.001340, 0.001304, 0.001210, 0.001296, 0.001309, 0.001402, 0.001369, 0.001570, 0.001248, 0.001443, 0.001307, 0.001377, 0.001258, 0.001271, 0.001159, 0.001385, 0.001316, 0.001296, 0.001121, 0.001242, 0.000971, 0.001172, 0.001056, 0.001070, 0.001054, 0.001159, 0.001090, 0.001134, 0.000962, 0.001106, 0.001100, 0.001076, 0.001062, 0.001192, 0.001203, 0.001178, 0.001370, 0.001134, 0.001245, 0.001372, 0.001309, 0.001258, 0.001400, 0.001236, 0.001340, 0.001325, 0.001404, 0.001367, 0.001465
15 , 1, 1, 1, 2, 2, 2, 2
15 , 0.002589, 0.002384, 0.001927, 0.001848, 0.002388, 0.002767, 0.002874
16 , 0.001443, 0.001307, 0.001377, 0.001258, 0.001271, 0.001159, 0.001385, 0.001316, 0.001296, 0.001121, 0.001242, 0.000971, 0.001172, 0.001056, 0.001070, 0.001054, 0.001159, 0.001090, 0.001134, 0.000962, 0.001106, 0.001100, 0.001076, 0.001062, 0.001192, 0.001203, 0.001178, 0.001370, 0.001134, 0.001245, 0.001372, 0.001309, 0.001258, 0.001400, 0.001236, 0.001340, 0.001325, 0.001404, 0.001367, 0.001465, 0.001247, 0.001449, 0.001332, 0.001464, 0.001195, 0.001322, 0.001319, 0.001418, 0.001202, 0.001283, 0.001184, 0.001109, 0.001188, 0.001231, 0.001071, 0.001192, 0.001172, 0.001205, 0.001084, 0.001299, 0.001120, 0.001175, 0.001128, 0.001128, 0.001200, 0.001056, 0.001180, 0.001037, 0.001109, 0.001031, 0.001145, 0.001004, 0.001189, 0.001151, 0.001289, 0.001157, 0.001378, 0.001190, 0.001300, 0.001098, 0.001161, 0.001034, 0.001145, 0.001081, 0.001162, 0.001016, 0.001091, 0.001052, 0.001107, 0.000955, 0.001021, 0.001062
16 , 3, 3, 3, 3, 3, 3, 3
16 , 0.001948, 0.002655, 0.003054, 0.003329, 0.003556, 0.003954, 0.004148
