0 , 0.001422, 0.001213, 0.001389, 0.001154, 0.001367, 0.001161, 0.001485, 0.001338, 0.001227, 0.001159, 0.001205, 0.001042, 0.001359, 0.001113, 0.001334, 0.001210, 0.001273, 0.001152, 0.001262, 0.001220, 0.001242, 0.001227, 0.000215, 0.001389, 0.001215, 0.001354, 0.001541, 0.001565, 0.001629, 0.001448, 0.001880, 0.001729, 0.001785, 0.001578, 0.001816, 0.001771, 0.001681, 0.001731, 0.001680, 0.001876, 0.001785, 0.001865, 0.001748, 0.001968, 0.001831, 0.001683, 0.001866, 0.000082, 0.001078, 0.001278, 0.001226, 0.001272, 0.001179, 0.001344, 0.001384, 0.001435, 0.001377, 0.001482, 0.001316, 0.001415, 0.001354, 0.001245, 0.001209, 0.001215, 0.001123, 0.001096, 0.000956, 0.000946, 0.000943, 0.001141, 0.000265, 0.001257, 0.001745, 0.001695, 0.001704, 0.001953, 0.001893, 0.001932, 0.001776, 0.001970, 0.001836, 0.001904, 0.001709, 0.001853, 0.001881, 0.001762, 0.001742, 0.001396, 0.001607, 0.001436, 0.001596, 0.001536
0 , 0, 0, 0, 0, 0, 0, 0
0 , 0.014745, 0.016526, 0.018273, 0.021891, 0.022062, 0.020697, 0.020361
1 , 0.001226, 0.001272, 0.001179, 0.001344, 0.001384, 0.001435, 0.001377, 0.001482, 0.001316, 0.001415, 0.001354, 0.001245, 0.001209, 0.001215, 0.001123, 0.001096, 0.000956, 0.000946, 0.000943, 0.001141, 0.000265, 0.001257, 0.001745, 0.001695, 0.001704, 0.001953, 0.001893, 0.001932, 0.001776, 0.001970, 0.001836, 0.001904, 0.001709, 0.001853, 0.001881, 0.001762, 0.001742, 0.001396, 0.001607, 0.001436, 0.001596, 0.001536, 0.001530, 0.001535, 0.001540, 0.001491, 0.001601, 0.000704, 0.001463, 0.001477, 0.001444, 0.001381, 0.001322, 0.001337, 0.001258, 0.001326, 0.001341, 0.001316, 0.001146, 0.001141, 0.001329, 0.001215, 0.001220, 0.001198, 0.001187, 0.001273, 0.001395, 0.001124, 0.001306, 0.001271, 0.001284, 0.001112, 0.001306, 0.000418, 0.001424, 0.001210, 0.001536, 0.001376, 0.001566, 0.001451, 0.001747, 0.001536, 0.001526, 0.001496, 0.001531, 0.001667, 0.001431, 0.001496, 0.001566, 0.001857, 0.001797, 0.001722
1 , 0, 0, 0, 0, 0, 0, 0
1 , 0.012722, 0.012847, 0.015631, 0.016750, 0.015380, 0.015134, 0.016811
2 , 0.001322, 0.001337, 0.001258, 0.001326, 0.001341, 0.001316, 0.001146, 0.001141, 0.001329, 0.001215, 0.001220, 0.001198, 0.001187, 0.001273, 0.001395, 0.001124, 0.001306, 0.001271, 0.001284, 0.001112, 0.001306, 0.000418, 0.001424, 0.001210, 0.001536, 0.001376, 0.001566, 0.001451, 0.001747, 0.001536, 0.001526, 0.001496, 0.001531, 0.001667, 0.001431, 0.001496, 0.001566, 0.001857, 0.001797, 0.001722, 0.001712, 0.001556, 0.001787, 0.001546, 0.001821, 0.001454, 0.000663, 0.001372, 0.001370, 0.001363, 0.001218, 0.001351, 0.001136, 0.001114, 0.001017, 0.001253, 0.001117, 0.001195, 0.001016, 0.001168, 0.000971, 0.001110, 0.000941, 0.001259, 0.000974, 0.001132, 0.001020, 0.001086, 0.001120, 0.000109, 0.001439, 0.001450, 0.001258, 0.001621, 0.001630, 0.001596, 0.001510, 0.001801, 0.001716, 0.001671, 0.001571, 0.001566, 0.001867, 0.001756, 0.001681, 0.001524, 0.001575, 0.001710, 0.001751, 0.001731, 0.001573, 0.001822
2 , 0, 0, 0, 0, 0, 0, 0
2 , 0.012882, 0.015266, 0.018364, 0.019178, 0.019074, 0.020203, 0.018106
3 , 0.001351, 0.001136, 0.001114, 0.001017, 0.001253, 0.001117, 0.001195, 0.001016, 0.001168, 0.000971, 0.001110, 0.000941, 0.001259, 0.000974, 0.001132, 0.001020, 0.001086, 0.001120, 0.000109, 0.001439, 0.001450, 0.001258, 0.001621, 0.001630, 0.001596, 0.001510, 0.001801, 0.001716, 0.001671, 0.001571, 0.001566, 0.001867, 0.001756, 0.001681, 0.001524, 0.001575, 0.001710, 0.001751, 0.001731, 0.001573, 0.001822, 0.001579, 0.001989, 0.000233, 0.001175, 0.001196, 0.001059, 0.001066, 0.000805, 0.000912, 0.000863, 0.000909, 0.000815, 0.000963, 0.000839, 0.000869, 0.000876, 0.000916, 0.000821, 0.000949, 0.000933, 0.000978, 0.001007, 0.000980, 0.000937, 0.001071, 0.000974, 0.001084, 0.000375, 0.001147, 0.001713, 0.001518, 0.001448, 0.001695, 0.001670, 0.001756, 0.001494, 0.001812, 0.001737, 0.001647, 0.001496, 0.001486, 0.001722, 0.001506, 0.001707, 0.001466, 0.001692, 0.001627, 0.001556, 0.001546, 0.001506, 0.001632
3 , 0, 0, 0, 0, 0, 0, 0
3 , 0.024853, 0.026490, 0.026555, 0.025582, 0.024687, 0.021729, 0.019534
4 , 0.000805, 0.000912, 0.000863, 0.000909, 0.000815, 0.000963, 0.000839, 0.000869, 0.000876, 0.000916, 0.000821, 0.000949, 0.000933, 0.000978, 0.001007, 0.000980, 0.000937, 0.001071, 0.000974, 0.001084, 0.000375, 0.001147, 0.001713, 0.001518, 0.001448, 0.001695, 0.001670, 0.001756, 0.001494, 0.001812, 0.001737, 0.001647, 0.001496, 0.001486, 0.001722, 0.001506, 0.001707, 0.001466, 0.001692, 0.001627, 0.001556, 0.001546, 0.001506, 0.001632, 0.001900, 0.000452, 0.001447, 0.001162, 0.001218, 0.001099, 0.001136, 0.001087, 0.001010, 0.001055, 0.001050, 0.000980, 0.001004, 0.001092, 0.001053, 0.001038, 0.000992, 0.000984, 0.001075, 0.001178, 0.001026, 0.001139, 0.001091, 0.001172, 0.001017, 0.000627, 0.001328, 0.001496, 0.001441, 0.001235, 0.001571, 0.001451, 0.001491, 0.001435, 0.001641, 0.001636, 0.001424, 0.001394, 0.001425, 0.001635, 0.001455, 0.001646, 0.001521, 0.001617, 0.001697, 0.001641, 0.001705, 0.001645
4 , 0, 0, 0, 0, 0, 0, 0
4 , 0.021044, 0.023480, 0.025144, 0.025797, 0.024520, 0.023617, 0.022107
5 , 0.001099, 0.001136, 0.001087, 0.001010, 0.001055, 0.001050, 0.000980, 0.001004, 0.001092, 0.001053, 0.001038, 0.000992, 0.000984, 0.001075, 0.001178, 0.001026, 0.001139, 0.001091, 0.001172, 0.001017, 0.000627, 0.001328, 0.001496, 0.001441, 0.001235, 0.001571, 0.001451, 0.001491, 0.001435, 0.001641, 0.001636, 0.001424, 0.001394, 0.001425, 0.001635, 0.001455, 0.001646, 0.001521, 0.001617, 0.001697, 0.001641, 0.001705, 0.001645, 0.002012, 0.001667, 0.000795, 0.001459, 0.001241, 0.001174, 0.001186, 0.000895, 0.001083, 0.000949, 0.001065, 0.000968, 0.001087, 0.001066, 0.001243, 0.001121, 0.001262, 0.001026, 0.001168, 0.001057, 0.001253, 0.001093, 0.001303, 0.001093, 0.001261, 0.001126, 0.001472, 0.000029, 0.001310, 0.001481, 0.001585, 0.001590, 0.001414, 0.001746, 0.001636, 0.001621, 0.001526, 0.001501, 0.001672, 0.001541, 0.001652, 0.001476, 0.001481, 0.001652, 0.001672, 0.001597, 0.001346, 0.001626, 0.001471
5 , 0, 0, 0, 0, 0, 0, 0
5 , 0.016364, 0.018204, 0.018385, 0.021278, 0.020903, 0.019919, 0.019590
6 , 0.001186, 0.000895, 0.001083, 0.000949, 0.001065, 0.000968, 0.001087, 0.001066, 0.001243, 0.001121, 0.001262, 0.001026, 0.001168, 0.001057, 0.001253, 0.001093, 0.001303, 0.001093, 0.001261, 0.001126, 0.001472, 0.000029, 0.001310, 0.001481, 0.001585, 0.001590, 0.001414, 0.001746, 0.001636, 0.001621, 0.001526, 0.001501, 0.001672, 0.001541, 0.001652, 0.001476, 0.001481, 0.001652, 0.001672, 0.001597, 0.001346, 0.001626, 0.001471, 0.001656, 0.001375, 0.001853, 0.000185, 0.001527, 0.001306, 0.001303, 0.001109, 0.001319, 0.001297, 0.001308, 0.001217, 0.001347, 0.001165, 0.001333, 0.001104, 0.001231, 0.001096, 0.001281, 0.001162, 0.001355, 0.001096, 0.001178, 0.001082, 0.001176, 0.001112, 0.000857, 0.001110, 0.001368, 0.001449, 0.001574, 0.001408, 0.001534, 0.001504, 0.001706, 0.001530, 0.001661, 0.001455, 0.001707, 0.001651, 0.001611, 0.001546, 0.001597, 0.001682, 0.001486, 0.001546, 0.001592, 0.001607, 0.001662
6 , 0, 0, 0, 0, 0, 0, 0
6 , 0.013517, 0.014842, 0.016737, 0.017664, 0.018145, 0.017579, 0.015656
7 , 0.001109, 0.001319, 0.001297, 0.001308, 0.001217, 0.001347, 0.001165, 0.001333, 0.001104, 0.001231, 0.001096, 0.001281, 0.001162, 0.001355, 0.001096, 0.001178, 0.001082, 0.001176, 0.001112, 0.000857, 0.001110, 0.001368, 0.001449, 0.001574, 0.001408, 0.001534, 0.001504, 0.001706, 0.001530, 0.001661, 0.001455, 0.001707, 0.001651, 0.001611, 0.001546, 0.001597, 0.001682, 0.001486, 0.001546, 0.001592, 0.001607, 0.001662, 0.001596, 0.001788, 0.000706, 0.001187, 0.001455, 0.001308, 0.001366, 0.001256, 0.001381, 0.001218, 0.001400, 0.001207, 0.001345, 0.001301, 0.001339, 0.001240, 0.001362, 0.001390, 0.001375, 0.001162, 0.001264, 0.001071, 0.001234, 0.001170, 0.001237, 0.001190, 0.001140, 0.001112, 0.000278, 0.001445, 0.001305, 0.001546, 0.001621, 0.001496, 0.001546, 0.001516, 0.001662, 0.001516, 0.001491, 0.001501, 0.001732, 0.001662, 0.001676, 0.001631, 0.001539, 0.001955, 0.001787, 0.001856, 0.001736, 0.001734
7 , 0, 0, 0, 0, 0, 0, 0
7 , 0.012118, 0.012918, 0.013890, 0.016544, 0.016369, 0.016582, 0.016159
8 , 0.001218, 0.001400, 0.001207, 0.001345, 0.001301, 0.001339, 0.001240, 0.001362, 0.001390, 0.001375, 0.001162, 0.001264, 0.001071, 0.001234, 0.001170, 0.001237, 0.001190, 0.001140, 0.001112, 0.000278, 0.001445, 0.001305, 0.001546, 0.001621, 0.001496, 0.001546, 0.001516, 0.001662, 0.001516, 0.001491, 0.001501, 0.001732, 0.001662, 0.001676, 0.001631, 0.001539, 0.001955, 0.001787, 0.001856, 0.001736, 0.001734, 0.001888, 0.001921, 0.001677, 0.000521, 0.001129, 0.001180, 0.001131, 0.001101, 0.001104, 0.001129, 0.001141, 0.000990, 0.001005, 0.001168, 0.001168, 0.001184, 0.001084, 0.001123, 0.001247, 0.001090, 0.001320, 0.001248, 0.001206, 0.001179, 0.001214, 0.001242, 0.000163, 0.001280, 0.001415, 0.001185, 0.001350, 0.001446, 0.001436, 0.001456, 0.001401, 0.001792, 0.001601, 0.001721, 0.001700, 0.001884, 0.001959, 0.001828, 0.001858, 0.001665, 0.002015, 0.001884, 0.001971, 0.001727, 0.001870, 0.001906, 0.001829
8 , 0, 0, 0, 0, 0, 0, 0
8 , 0.020462, 0.021624, 0.021322, 0.021911, 0.021205, 0.020522, 0.018335
9 , 0.001104, 0.001129, 0.001141, 0.000990, 0.001005, 0.001168, 0.001168, 0.001184, 0.001084, 0.001123, 0.001247, 0.001090, 0.001320, 0.001248, 0.001206, 0.001179, 0.001214, 0.001242, 0.000163, 0.001280, 0.001415, 0.001185, 0.001350, 0.001446, 0.001436, 0.001456, 0.001401, 0.001792, 0.001601, 0.001721, 0.001700, 0.001884, 0.001959, 0.001828, 0.001858, 0.001665, 0.002015, 0.001884, 0.001971, 0.001727, 0.001870, 0.001906, 0.001829, 0.001606, 0.001849, 0.000261, 0.001399, 0.001325, 0.001262, 0.001120, 0.001228, 0.001270, 0.001355, 0.001273, 0.001194, 0.001184, 0.001361, 0.001196, 0.001318, 0.001263, 0.001422, 0.001291, 0.001427, 0.001285, 0.001354, 0.001295, 0.001306, 0.001194, 0.001433, 0.001259, 0.001408, 0.001051, 0.001132, 0.000870, 0.001068, 0.000977, 0.001180, 0.000925, 0.001071, 0.000910, 0.001031, 0.000891, 0.000989, 0.000998, 0.000952, 0.000844, 0.001041, 0.001066, 0.001243, 0.001168, 0.001118, 0.001223
9 , 3, 3, 3, 3, 3, 3, 3
9 , 0.017730, 0.018049, 0.017750, 0.018074, 0.017317, 0.016577, 0.015270
10 , 0.001120, 0.001228, 0.001270, 0.001355, 0.001273, 0.001194, 0.001184, 0.001361, 0.001196, 0.001318, 0.001263, 0.001422, 0.001291, 0.001427, 0.001285, 0.001354, 0.001295, 0.001306, 0.001194, 0.001433, 0.001259, 0.001408, 0.001051, 0.001132, 0.000870, 0.001068, 0.000977, 0.001180, 0.000925, 0.001071, 0.000910, 0.001031, 0.000891, 0.000989, 0.000998, 0.000952, 0.000844, 0.001041, 0.001066, 0.001243, 0.001168, 0.001118, 0.001223, 0.001264, 0.001240, 0.001316, 0.001300, 0.001199, 0.001417, 0.001415, 0.001443, 0.001349, 0.001413, 0.001428, 0.001438, 0.001403, 0.001471, 0.001298, 0.001399, 0.001339, 0.001379, 0.001209, 0.001415, 0.001141, 0.001218, 0.001110, 0.001270, 0.001129, 0.001203, 0.001087, 0.001162, 0.001032, 0.001250, 0.001101, 0.001143, 0.001082, 0.001251, 0.001113, 0.001121, 0.001000, 0.001110, 0.001113, 0.001102, 0.001023, 0.001056, 0.001053, 0.001078, 0.001058, 0.001016, 0.001156, 0.001184, 0.001120
10 , 1, 1, 1, 1, 1, 1, 1
10 , 0.009800, 0.010037, 0.009588, 0.009744, 0.009344, 0.008856, 0.007478
11 , 0.001199, 0.001417, 0.001415, 0.001443, 0.001349, 0.001413, 0.001428, 0.001438, 0.001403, 0.001471, 0.001298, 0.001399, 0.001339, 0.001379, 0.001209, 0.001415, 0.001141, 0.001218, 0.001110, 0.001270, 0.001129, 0.001203, 0.001087, 0.001162, 0.001032, 0.001250, 0.001101, 0.001143, 0.001082, 0.001251, 0.001113, 0.001121, 0.001000, 0.001110, 0.001113, 0.001102, 0.001023, 0.001056, 0.001053, 0.001078, 0.001058, 0.001016, 0.001156, 0.001184, 0.001120, 0.001048, 0.001189, 0.001220, 0.001311, 0.001143, 0.001337, 0.001058, 0.001248, 0.001238, 0.001309, 0.001141, 0.001362, 0.001119, 0.001287, 0.001201, 0.001308, 0.001071, 0.001200, 0.001071, 0.001203, 0.001126, 0.001286, 0.001220, 0.001247, 0.001096, 0.001258, 0.001129, 0.001167, 0.001021, 0.001190, 0.001101, 0.001079, 0.001088, 0.001130, 0.000953, 0.001059, 0.001178, 0.000974, 0.001010, 0.000864, 0.001031, 0.000967, 0.001116, 0.000913, 0.000968, 0.001016, 0.001010
11 , 1, 1, 1, 1, 1, 1, 1
11 , 0.007691, 0.008277, 0.008297, 0.008530, 0.008484, 0.008050, 0.007546
12 , 0.001143, 0.001337, 0.001058, 0.001248, 0.001238, 0.001309, 0.001141, 0.001362, 0.001119, 0.001287, 0.001201, 0.001308, 0.001071, 0.001200, 0.001071, 0.001203, 0.001126, 0.001286, 0.001220, 0.001247, 0.001096, 0.001258, 0.001129, 0.001167, 0.001021, 0.001190, 0.001101, 0.001079, 0.001088, 0.001130, 0.000953, 0.001059, 0.001178, 0.000974, 0.001010, 0.000864, 0.001031, 0.000967, 0.001116, 0.000913, 0.000968, 0.001016, 0.001010, 0.000840, 0.001052, 0.000910, 0.001101, 0.000806, 0.000998, 0.000955, 0.001132, 0.000998, 0.001062, 0.000934, 0.001132, 0.000977, 0.001135, 0.001065, 0.001168, 0.000931, 0.000995, 0.001055, 0.001120, 0.000975, 0.001115, 0.001226, 0.001178, 0.001109, 0.001026, 0.001098, 0.001192, 0.001254, 0.001182, 0.001332, 0.001301, 0.001210, 0.001199, 0.001497, 0.001273, 0.001339, 0.001207, 0.001407, 0.001270, 0.001417, 0.001300, 0.001475, 0.001344, 0.001290, 0.001237, 0.001397, 0.001295, 0.001357
12 , 2, 2, 2, 2, 2, 2, 2
12 , 0.008860, 0.009509, 0.009579, 0.009758, 0.009517, 0.009459, 0.008886
13 , 0.000955, 0.001132, 0.000998, 0.001062, 0.000934, 0.001132, 0.000977, 0.001135, 0.001065, 0.001168, 0.000931, 0.000995, 0.001055, 0.001120, 0.000975, 0.001115, 0.001226, 0.001178, 0.001109, 0.001026, 0.001098, 0.001192, 0.001254, 0.001182, 0.001332, 0.001301, 0.001210, 0.001199, 0.001497, 0.001273, 0.001339, 0.001207, 0.001407, 0.001270, 0.001417, 0.001300, 0.001475, 0.001344, 0.001290, 0.001237, 0.001397, 0.001295, 0.001357, 0.001152, 0.001308, 0.001106, 0.001240, 0.001059, 0.001086, 0.000962, 0.000892, 0.000780, 0.000897, 0.000834, 0.000721, 0.000737, 0.000682, 0.000656, 0.000493, 0.000531, 0.000579, 0.000614, 0.000619, 0.000826, 0.000750, 0.000813, 0.000780, 0.000991, 0.000816, 0.001034, 0.001105, 0.001253, 0.001159, 0.001353, 0.001219, 0.001346, 0.001422, 0.001473, 0.001363, 0.001538, 0.001388, 0.001461, 0.001414, 0.001497, 0.001200, 0.001385, 0.001324, 0.001375, 0.001410, 0.001427, 0.001442, 0.001397
13 , 0, 0, 0, 0, 0, 0, 0
13 , 0.016466, 0.017927, 0.018124, 0.018403, 0.017787, 0.017532, 0.016383
14 , 0.000962, 0.000892, 0.000780, 0.000897, 0.000834, 0.000721, 0.000737, 0.000682, 0.000656, 0.000493, 0.000531, 0.000579, 0.000614, 0.000619, 0.000826, 0.000750, 0.000813, 0.000780, 0.000991, 0.000816, 0.001034, 0.001105, 0.001253, 0.001159, 0.001353, 0.001219, 0.001346, 0.001422, 0.001473, 0.001363, 0.001538, 0.001388, 0.001461, 0.001414, 0.001497, 0.001200, 0.001385, 0.001324, 0.001375, 0.001410, 0.001427, 0.001442, 0.001397, 0.001324, 0.001124, 0.001297, 0.001242, 0.001292, 0.001220, 0.001239, 0.001151, 0.001317, 0.001137, 0.001133, 0.000975, 0.001144, 0.001084, 0.001074, 0.000904, 0.001025, 0.000849, 0.001125, 0.000998, 0.000995, 0.001023, 0.001004, 0.000962, 0.001224, 0.000991, 0.001113, 0.001087, 0.001242, 0.001220, 0.001239, 0.001170, 0.001170, 0.001215, 0.001298, 0.001265, 0.001321, 0.001326, 0.001271, 0.001276, 0.001240, 0.001218, 0.001187, 0.001312, 0.001281, 0.001297, 0.001195, 0.001303, 0.001165
14 , 0, 0, 0, 0, 0, 0, 0
14 , 0.014790, 0.015859, 0.016523, 0.016872, 0.016697, 0.016298, 0.015566
15 , 0.001239, 0.001151, 0.001317, 0.001137, 0.001133, 0.000975, 0.001144, 0.001084, 0.001074, 0.000904, 0.001025, 0.000849, 0.001125, 0.000998, 0.000995, 0.001023, 0.001004, 0.000962, 0.001224, 0.000991, 0.001113, 0.001087, 0.001242, 0.001220, 0.001239, 0.001170, 0.001170, 0.001215, 0.001298, 0.001265, 0.001321, 0.001326, 0.001271, 0.001276, 0.001240, 0.001218, 0.001187, 0.001312, 0.001281, 0.001297, 0.001195, 0.001303, 0.001165, 0.001270, 0.001026, 0.001195, 0.001065, 0.001248, 0.001154, 0.001130, 0.001044, 0.001168, 0.000980, 0.001104, 0.001074, 0.001126, 0.001023, 0.001117, 0.001163, 0.001199, 0.001133, 0.001309, 0.001063, 0.001047, 0.001160, 0.001173, 0.001171, 0.001286, 0.001361, 0.001275, 0.001381, 0.001281, 0.001251, 0.001199, 0.001374, 0.001336, 0.001407, 0.001207, 0.001422, 0.001349, 0.001409, 0.001316, 0.001394, 0.001204, 0.001460, 0.001255, 0.001412, 0.001351, 0.001472, 0.001342, 0.001416, 0.001187
15 , 0, 0, 0, 0, 0, 0, 0
15 , 0.007512, 0.007446, 0.007769, 0.007370, 0.007299, 0.006943, 0.006785
16 , 0.001154, 0.001130, 0.001044, 0.001168, 0.000980, 0.001104, 0.001074, 0.001126, 0.001023, 0.001117, 0.001163, 0.001199, 0.001133, 0.001309, 0.001063, 0.001047, 0.001160, 0.001173, 0.001171, 0.001286, 0.001361, 0.001275, 0.001381, 0.001281, 0.001251, 0.001199, 0.001374, 0.001336, 0.001407, 0.001207, 0.001422, 0.001349, 0.001409, 0.001316, 0.001394, 0.001204, 0.001460, 0.001255, 0.001412, 0.001351, 0.001472, 0.001342, 0.001416, 0.001187, 0.001239, 0.001126, 0.001143, 0.001063, 0.001056, 0.001080, 0.001128, 0.000949, 0.000904, 0.000916, 0.000971, 0.001140, 0.001031, 0.001001, 0.001025, 0.001192, 0.001062, 0.001114, 0.000987, 0.001099, 0.001010, 0.001182, 0.001110, 0.001195, 0.001026, 0.001267, 0.001228, 0.001148, 0.001096, 0.001292, 0.001256, 0.001289, 0.001096, 0.001253, 0.001112, 0.001243, 0.001210, 0.001334, 0.001250, 0.001369, 0.001306, 0.001303, 0.001311, 0.001356, 0.001300, 0.001384, 0.001445, 0.001252
16 , 0, 0, 0, 0, 0, 0, 0
16 , 0.008818, 0.009250, 0.008757, 0.008537, 0.008079, 0.007970, 0.007559
