0 , 0.001104, 0.000975, 0.001082, 0.000919, 0.001086, 0.000939, 0.000942, 0.000916, 0.000908, 0.000847, 0.000860, 0.000717, 0.000795, 0.000851, 0.000653, 0.000788, 0.000655, 0.000665, 0.000653, 0.000769, 0.000487, 0.000781, 0.000869, 0.001721, 0.001853, 0.001874, 0.001965, 0.001901, 0.002036, 0.002166, 0.001974, 0.002051, 0.001812, 0.001995, 0.001978, 0.001846, 0.002028, 0.001846, 0.002101, 0.002071, 0.001915, 0.001962, 0.001879, 0.002117, 0.001915, 0.001905, 0.002040, 0.000118, 0.000907, 0.000985, 0.000917, 0.000822, 0.000813, 0.000835, 0.000555, 0.000758, 0.000547, 0.000799, 0.000488, 0.000778, 0.000453, 0.000615, 0.000374, 0.000664, 0.000473, 0.000627, 0.000480, 0.000708, 0.000458, 0.000817, 0.000220, 0.001696, 0.001851, 0.002022, 0.002007, 0.002050, 0.001766, 0.002247, 0.001965, 0.002089, 0.002125, 0.002066, 0.002294, 0.001995, 0.002171, 0.002072, 0.001997, 0.002243, 0.002067, 0.002048, 0.001929, 0.002153
0 , 0, 0, 0, 0, 0, 0, 0
0 , 0.043135, 0.047186, 0.051559, 0.057069, 0.055451, 0.053003, 0.050457
1 , 0.000985, 0.000917, 0.000822, 0.000813, 0.000835, 0.000555, 0.000758, 0.000547, 0.000799, 0.000488, 0.000778, 0.000453, 0.000615, 0.000374, 0.000664, 0.000473, 0.000627, 0.000480, 0.000708, 0.000458, 0.000817, 0.000220, 0.001696, 0.001851, 0.002022, 0.002007, 0.002050, 0.001766, 0.002247, 0.001965, 0.002089, 0.002125, 0.002066, 0.002294, 0.001995, 0.002171, 0.002072, 0.001997, 0.002243, 0.002067, 0.002048, 0.001929, 0.002153, 0.002173, 0.001905, 0.002154, 0.001855, 0.002328, 0.001087, 0.001097, 0.001011, 0.000976, 0.000760, 0.000816, 0.000778, 0.000847, 0.000873, 0.000709, 0.000838, 0.000744, 0.000822, 0.000761, 0.001046, 0.000856, 0.000916, 0.000899, 0.000938, 0.000735, 0.000955, 0.000649, 0.000972, 0.000661, 0.000821, 0.000469, 0.000970, 0.001862, 0.001793, 0.001760, 0.001717, 0.002071, 0.001889, 0.001965, 0.001911, 0.002057, 0.002309, 0.002059, 0.002212, 0.001986, 0.002224, 0.002350, 0.002190, 0.002352
1 , 0, 0, 0, 0, 0, 0, 0
1 , 0.038328, 0.043701, 0.047384, 0.051969, 0.055057, 0.055106, 0.055396
2 , 0.000760, 0.000816, 0.000778, 0.000847, 0.000873, 0.000709, 0.000838, 0.000744, 0.000822, 0.000761, 0.001046, 0.000856, 0.000916, 0.000899, 0.000938, 0.000735, 0.000955, 0.000649, 0.000972, 0.000661, 0.000821, 0.000469, 0.000970, 0.001862, 0.001793, 0.001760, 0.001717, 0.002071, 0.001889, 0.001965, 0.001911, 0.002057, 0.002309, 0.002059, 0.002212, 0.001986, 0.002224, 0.002350, 0.002190, 0.002352, 0.002162, 0.002302, 0.002256, 0.002183, 0.002199, 0.002274, 0.002308, 0.000235, 0.000926, 0.000773, 0.000787, 0.000530, 0.000751, 0.000628, 0.000740, 0.000592, 0.000782, 0.000605, 0.000829, 0.000631, 0.000976, 0.000730, 0.000972, 0.000757, 0.000886, 0.000702, 0.000926, 0.000824, 0.000908, 0.000852, 0.000354, 0.001462, 0.001645, 0.001756, 0.001791, 0.001768, 0.001864, 0.001759, 0.001987, 0.001832, 0.002020, 0.001944, 0.001885, 0.001898, 0.001885, 0.002003, 0.001834, 0.001857, 0.001719, 0.001716, 0.002043, 0.001839
2 , 0, 0, 0, 0, 0, 0, 0
2 , 0.040190, 0.044263, 0.048520, 0.054305, 0.052577, 0.050038, 0.047400
3 , 0.000773, 0.000787, 0.000530, 0.000751, 0.000628, 0.000740, 0.000592, 0.000782, 0.000605, 0.000829, 0.000631, 0.000976, 0.000730, 0.000972, 0.000757, 0.000886, 0.000702, 0.000926, 0.000824, 0.000908, 0.000852, 0.000354, 0.001462, 0.001645, 0.001756, 0.001791, 0.001768, 0.001864, 0.001759, 0.001987, 0.001832, 0.002020, 0.001944, 0.001885, 0.001898, 0.001885, 0.002003, 0.001834, 0.001857, 0.001719, 0.001716, 0.002043, 0.001839, 0.001907, 0.001806, 0.002137, 0.000282, 0.001279, 0.001011, 0.000946, 0.000747, 0.000872, 0.000700, 0.000760, 0.000661, 0.000700, 0.000756, 0.000752, 0.000787, 0.000648, 0.000658, 0.000580, 0.000813, 0.000679, 0.000796, 0.000658, 0.000722, 0.000614, 0.000877, 0.000550, 0.000911, 0.000035, 0.001256, 0.001717, 0.001624, 0.001800, 0.001651, 0.001944, 0.001848, 0.001798, 0.001751, 0.001830, 0.002114, 0.001886, 0.001845, 0.001774, 0.001864, 0.002009, 0.001791, 0.001996, 0.001835, 0.001925
3 , 0, 0, 0, 0, 0, 0, 0
3 , 0.037149, 0.041495, 0.045035, 0.045918, 0.048271, 0.047268, 0.044577
4 , 0.000747, 0.000872, 0.000700, 0.000760, 0.000661, 0.000700, 0.000756, 0.000752, 0.000787, 0.000648, 0.000658, 0.000580, 0.000813, 0.000679, 0.000796, 0.000658, 0.000722, 0.000614, 0.000877, 0.000550, 0.000911, 0.000035, 0.001256, 0.001717, 0.001624, 0.001800, 0.001651, 0.001944, 0.001848, 0.001798, 0.001751, 0.001830, 0.002114, 0.001886, 0.001845, 0.001774, 0.001864, 0.002009, 0.001791, 0.001996, 0.001835, 0.001925, 0.002018, 0.001991, 0.001833, 0.002208, 0.000913, 0.000976, 0.001097, 0.001114, 0.000911, 0.000769, 0.000782, 0.000773, 0.000963, 0.000700, 0.001002, 0.000765, 0.000920, 0.000704, 0.000967, 0.000756, 0.000968, 0.000803, 0.000898, 0.000721, 0.000946, 0.000743, 0.000885, 0.000715, 0.000819, 0.001596, 0.001724, 0.001908, 0.001773, 0.001733, 0.001892, 0.001826, 0.001886, 0.001704, 0.001948, 0.001812, 0.001822, 0.001912, 0.001743, 0.001938, 0.001835, 0.001988, 0.002084, 0.001747, 0.002061, 0.001952
4 , 0, 0, 0, 0, 0, 0, 0
4 , 0.037059, 0.040879, 0.045115, 0.048130, 0.047155, 0.045316, 0.042905
5 , 0.001114, 0.000911, 0.000769, 0.000782, 0.000773, 0.000963, 0.000700, 0.001002, 0.000765, 0.000920, 0.000704, 0.000967, 0.000756, 0.000968, 0.000803, 0.000898, 0.000721, 0.000946, 0.000743, 0.000885, 0.000715, 0.000819, 0.001596, 0.001724, 0.001908, 0.001773, 0.001733, 0.001892, 0.001826, 0.001886, 0.001704, 0.001948, 0.001812, 0.001822, 0.001912, 0.001743, 0.001938, 0.001835, 0.001988, 0.002084, 0.001747, 0.002061, 0.001952, 0.002031, 0.001975, 0.001727, 0.000342, 0.001185, 0.000912, 0.000853, 0.000698, 0.000846, 0.000509, 0.000699, 0.000579, 0.000843, 0.000655, 0.000725, 0.000556, 0.000655, 0.000621, 0.000651, 0.000634, 0.000622, 0.000634, 0.000655, 0.000741, 0.000621, 0.000727, 0.000573, 0.000829, 0.000445, 0.001551, 0.001796, 0.001697, 0.001800, 0.001687, 0.002160, 0.001978, 0.002035, 0.002005, 0.001909, 0.002065, 0.001955, 0.002154, 0.001915, 0.001952, 0.002368, 0.002072, 0.002242, 0.002077, 0.002160
5 , 0, 0, 0, 0, 0, 0, 0
5 , 0.040876, 0.044756, 0.048690, 0.049333, 0.051092, 0.049467, 0.046730
6 , 0.000698, 0.000846, 0.000509, 0.000699, 0.000579, 0.000843, 0.000655, 0.000725, 0.000556, 0.000655, 0.000621, 0.000651, 0.000634, 0.000622, 0.000634, 0.000655, 0.000741, 0.000621, 0.000727, 0.000573, 0.000829, 0.000445, 0.001551, 0.001796, 0.001697, 0.001800, 0.001687, 0.002160, 0.001978, 0.002035, 0.002005, 0.001909, 0.002065, 0.001955, 0.002154, 0.001915, 0.001952, 0.002368, 0.002072, 0.002242, 0.002077, 0.002160, 0.002356, 0.002190, 0.002197, 0.002233, 0.000541, 0.000710, 0.000780, 0.000602, 0.000467, 0.000512, 0.000442, 0.000472, 0.000572, 0.000332, 0.000599, 0.000430, 0.000599, 0.000538, 0.000763, 0.000530, 0.000622, 0.000569, 0.000858, 0.000577, 0.000843, 0.000529, 0.000847, 0.000005, 0.001374, 0.001836, 0.001756, 0.001796, 0.001727, 0.001859, 0.002021, 0.001750, 0.002031, 0.001869, 0.002088, 0.002081, 0.001969, 0.002121, 0.001909, 0.002124, 0.002038, 0.001955, 0.002008, 0.001938, 0.002084, 0.002058
6 , 0, 0, 0, 0, 0, 0, 0
6 , 0.050194, 0.054873, 0.060666, 0.061020, 0.058332, 0.055904, 0.051506
7 , 0.000602, 0.000467, 0.000512, 0.000442, 0.000472, 0.000572, 0.000332, 0.000599, 0.000430, 0.000599, 0.000538, 0.000763, 0.000530, 0.000622, 0.000569, 0.000858, 0.000577, 0.000843, 0.000529, 0.000847, 0.000005, 0.001374, 0.001836, 0.001756, 0.001796, 0.001727, 0.001859, 0.002021, 0.001750, 0.002031, 0.001869, 0.002088, 0.002081, 0.001969, 0.002121, 0.001909, 0.002124, 0.002038, 0.001955, 0.002008, 0.001938, 0.002084, 0.002058, 0.001967, 0.002270, 0.000875, 0.000661, 0.001111, 0.000947, 0.000908, 0.000546, 0.000792, 0.000640, 0.000865, 0.000622, 0.000851, 0.000575, 0.000821, 0.000799, 0.000864, 0.000665, 0.000877, 0.000730, 0.000894, 0.000756, 0.000938, 0.000748, 0.000967, 0.000847, 0.000812, 0.000748, 0.001074, 0.001640, 0.001839, 0.001704, 0.001892, 0.001770, 0.001982, 0.001869, 0.001829, 0.001972, 0.001902, 0.002194, 0.001952, 0.001939, 0.002001, 0.001938, 0.002114, 0.002017, 0.002173, 0.001968, 0.001882
7 , 0, 0, 0, 0, 0, 0, 0
7 , 0.047634, 0.051501, 0.054295, 0.054035, 0.053168, 0.050536, 0.047882
8 , 0.000947, 0.000908, 0.000546, 0.000792, 0.000640, 0.000865, 0.000622, 0.000851, 0.000575, 0.000821, 0.000799, 0.000864, 0.000665, 0.000877, 0.000730, 0.000894, 0.000756, 0.000938, 0.000748, 0.000967, 0.000847, 0.000812, 0.000748, 0.001074, 0.001640, 0.001839, 0.001704, 0.001892, 0.001770, 0.001982, 0.001869, 0.001829, 0.001972, 0.001902, 0.002194, 0.001952, 0.001939, 0.002001, 0.001938, 0.002114, 0.002017, 0.002173, 0.001968, 0.001882, 0.002127, 0.001796, 0.002290, 0.001589, 0.000476, 0.001003, 0.000972, 0.000908, 0.000843, 0.000812, 0.000713, 0.000743, 0.000747, 0.000717, 0.000842, 0.000765, 0.000847, 0.000760, 0.000903, 0.000769, 0.000851, 0.000631, 0.000838, 0.000605, 0.000946, 0.000537, 0.000933, 0.000653, 0.001613, 0.001809, 0.001841, 0.001915, 0.001819, 0.001902, 0.002087, 0.002034, 0.002127, 0.001809, 0.002048, 0.002226, 0.002051, 0.002080, 0.001951, 0.002124, 0.002140, 0.002051, 0.002187, 0.001873
8 , 0, 0, 0, 0, 0, 0, 0
8 , 0.038638, 0.041991, 0.045665, 0.049738, 0.053139, 0.051631, 0.049174
9 , 0.000972, 0.000908, 0.000843, 0.000812, 0.000713, 0.000743, 0.000747, 0.000717, 0.000842, 0.000765, 0.000847, 0.000760, 0.000903, 0.000769, 0.000851, 0.000631, 0.000838, 0.000605, 0.000946, 0.000537, 0.000933, 0.000653, 0.001613, 0.001809, 0.001841, 0.001915, 0.001819, 0.001902, 0.002087, 0.002034, 0.002127, 0.001809, 0.002048, 0.002226, 0.002051, 0.002080, 0.001951, 0.002124, 0.002140, 0.002051, 0.002187, 0.001873, 0.002078, 0.002005, 0.001889, 0.002017, 0.001799, 0.002271, 0.000276, 0.001050, 0.000890, 0.001054, 0.000838, 0.000920, 0.000730, 0.000890, 0.000670, 0.000795, 0.000622, 0.000795, 0.000756, 0.000804, 0.000692, 0.000869, 0.000645, 0.000706, 0.000779, 0.000707, 0.000693, 0.000702, 0.000648, 0.000601, 0.000653, 0.000481, 0.000624, 0.000485, 0.000582, 0.000552, 0.000736, 0.000464, 0.000599, 0.000471, 0.000782, 0.000538, 0.000664, 0.000476, 0.000752, 0.000609, 0.000901, 0.000645, 0.000779, 0.000524
9 , 3, 3, 3, 3, 3, 3, 3
9 , 0.031652, 0.032909, 0.032145, 0.032613, 0.030756, 0.028788, 0.026222
10 , 0.002271, 0.000276, 0.001050, 0.000890, 0.001054, 0.000838, 0.000920, 0.000730, 0.000890, 0.000670, 0.000795, 0.000622, 0.000795, 0.000756, 0.000804, 0.000692, 0.000869, 0.000645, 0.000706, 0.000779, 0.000707, 0.000693, 0.000702, 0.000648, 0.000601, 0.000653, 0.000481, 0.000624, 0.000485, 0.000582, 0.000552, 0.000736, 0.000464, 0.000599, 0.000471, 0.000782, 0.000538, 0.000664, 0.000476, 0.000752, 0.000609, 0.000901, 0.000645, 0.000779, 0.000524, 0.000805, 0.000563, 0.000688, 0.000623, 0.000740, 0.000489, 0.000787, 0.000622, 0.000726, 0.000592, 0.000773, 0.000713, 0.000899, 0.000606, 0.000922, 0.000872, 0.001027, 0.000821, 0.001090, 0.001005, 0.001142, 0.000993, 0.001039, 0.001017, 0.001067, 0.000880, 0.001005, 0.000850, 0.000915, 0.000888, 0.000853, 0.000901, 0.000978, 0.000974, 0.000919, 0.000991, 0.000931, 0.000927, 0.000719, 0.000878, 0.000796, 0.000959, 0.000778, 0.000912, 0.000657, 0.000808, 0.000734
10 , 2, 2, 2, 2, 2, 1, 1
10 , 0.011065, 0.009358, 0.007428, 0.005989, 0.003994, 0.004284, 0.003972
11 , 0.000563, 0.000688, 0.000623, 0.000740, 0.000489, 0.000787, 0.000622, 0.000726, 0.000592, 0.000773, 0.000713, 0.000899, 0.000606, 0.000922, 0.000872, 0.001027, 0.000821, 0.001090, 0.001005, 0.001142, 0.000993, 0.001039, 0.001017, 0.001067, 0.000880, 0.001005, 0.000850, 0.000915, 0.000888, 0.000853, 0.000901, 0.000978, 0.000974, 0.000919, 0.000991, 0.000931, 0.000927, 0.000719, 0.000878, 0.000796, 0.000959, 0.000778, 0.000912, 0.000657, 0.000808, 0.000734, 0.000881, 0.000653, 0.000813, 0.000697, 0.000702, 0.000573, 0.000734, 0.000613, 0.000856, 0.000567, 0.000787, 0.000485, 0.000759, 0.000620, 0.000754, 0.000590, 0.000715, 0.000493, 0.000803, 0.000603, 0.000871, 0.000728, 0.000814, 0.000605, 0.000809, 0.000575, 0.000791, 0.000721, 0.000916, 0.000786, 0.000972, 0.000757, 0.001003, 0.000705, 0.000864, 0.000839, 0.001033, 0.000955, 0.000964, 0.000795, 0.001110, 0.000877, 0.000808, 0.000895, 0.001084, 0.000972
11 , 0, 0, 0, 0, 0, 0, 0
11 , 0.007164, 0.006541, 0.006422, 0.006266, 0.005774, 0.005240, 0.004866
12 , 0.000881, 0.000653, 0.000813, 0.000697, 0.000702, 0.000573, 0.000734, 0.000613, 0.000856, 0.000567, 0.000787, 0.000485, 0.000759, 0.000620, 0.000754, 0.000590, 0.000715, 0.000493, 0.000803, 0.000603, 0.000871, 0.000728, 0.000814, 0.000605, 0.000809, 0.000575, 0.000791, 0.000721, 0.000916, 0.000786, 0.000972, 0.000757, 0.001003, 0.000705, 0.000864, 0.000839, 0.001033, 0.000955, 0.000964, 0.000795, 0.001110, 0.000877, 0.000808, 0.000895, 0.001084, 0.000972, 0.000825, 0.000868, 0.000812, 0.000760, 0.000924, 0.000916, 0.000955, 0.000920, 0.000950, 0.000924, 0.000822, 0.000843, 0.000887, 0.000978, 0.000871, 0.001086, 0.000945, 0.000945, 0.000872, 0.001009, 0.000888, 0.001008, 0.000758, 0.000948, 0.000853, 0.000968, 0.000926, 0.000968, 0.000770, 0.000934, 0.000770, 0.000908, 0.000749, 0.001003, 0.000761, 0.000855, 0.000635, 0.000894, 0.000726, 0.000881, 0.000695, 0.000860, 0.000678, 0.000942, 0.000730, 0.000834
12 , 3, 3, 3, 3, 3, 3, 3
12 , 0.005126, 0.005152, 0.005382, 0.005532, 0.006147, 0.006732, 0.007298
13 , 0.000955, 0.000920, 0.000950, 0.000924, 0.000822, 0.000843, 0.000887, 0.000978, 0.000871, 0.001086, 0.000945, 0.000945, 0.000872, 0.001009, 0.000888, 0.001008, 0.000758, 0.000948, 0.000853, 0.000968, 0.000926, 0.000968, 0.000770, 0.000934, 0.000770, 0.000908, 0.000749, 0.001003, 0.000761, 0.000855, 0.000635, 0.000894, 0.000726, 0.000881, 0.000695, 0.000860, 0.000678, 0.000942, 0.000730, 0.000834, 0.000575, 0.000709, 0.000566, 0.000809, 0.000597, 0.000867, 0.000491, 0.000678, 0.000453, 0.000717, 0.000428, 0.000748, 0.000562, 0.000752, 0.000622, 0.000799, 0.000500, 0.000760, 0.000568, 0.000835, 0.000679, 0.000890, 0.000739, 0.000868, 0.000562, 0.000894, 0.000843, 0.000947, 0.000908, 0.000882, 0.000770, 0.000982, 0.000792, 0.000943, 0.000975, 0.000945, 0.000971, 0.000963, 0.000820, 0.001040, 0.000939, 0.000874, 0.000895, 0.000817, 0.000748, 0.000782, 0.000847, 0.000886, 0.000812, 0.000730, 0.000769, 0.000756
13 , 2, 2, 2, 2, 2, 2, 2
13 , 0.006608, 0.006699, 0.006631, 0.006867, 0.006284, 0.006291, 0.005776
14 , 0.000717, 0.000428, 0.000748, 0.000562, 0.000752, 0.000622, 0.000799, 0.000500, 0.000760, 0.000568, 0.000835, 0.000679, 0.000890, 0.000739, 0.000868, 0.000562, 0.000894, 0.000843, 0.000947, 0.000908, 0.000882, 0.000770, 0.000982, 0.000792, 0.000943, 0.000975, 0.000945, 0.000971, 0.000963, 0.000820, 0.001040, 0.000939, 0.000874, 0.000895, 0.000817, 0.000748, 0.000782, 0.000847, 0.000886, 0.000812, 0.000730, 0.000769, 0.000756, 0.000795, 0.000644, 0.000782, 0.000769, 0.000821, 0.000855, 0.000739, 0.000596, 0.000782, 0.000644, 0.000791, 0.000532, 0.000722, 0.000619, 0.000731, 0.000675, 0.000637, 0.000600, 0.000743, 0.000569, 0.000760, 0.000646, 0.000781, 0.000487, 0.000767, 0.000719, 0.000969, 0.000649, 0.000792, 0.000606, 0.000796, 0.000692, 0.000740, 0.000619, 0.000765, 0.000610, 0.000809, 0.000593, 0.000762, 0.000571, 0.000784, 0.000641, 0.000796, 0.000606, 0.000693, 0.000461, 0.000708, 0.000393, 0.000615
14 , 0, 0, 3, 3, 3, 3, 3
14 , 0.004284, 0.003516, 0.003807, 0.003402, 0.003237, 0.002673, 0.002727
15 , 0.000769, 0.000821, 0.000855, 0.000739, 0.000596, 0.000782, 0.000644, 0.000791, 0.000532, 0.000722, 0.000619, 0.000731, 0.000675, 0.000637, 0.000600, 0.000743, 0.000569, 0.000760, 0.000646, 0.000781, 0.000487, 0.000767, 0.000719, 0.000969, 0.000649, 0.000792, 0.000606, 0.000796, 0.000692, 0.000740, 0.000619, 0.000765, 0.000610, 0.000809, 0.000593, 0.000762, 0.000571, 0.000784, 0.000641, 0.000796, 0.000606, 0.000693, 0.000461, 0.000708, 0.000393, 0.000615, 0.000502, 0.000620, 0.000399, 0.000620, 0.000399, 0.000694, 0.000441, 0.000601, 0.000414, 0.000711, 0.000749, 0.000697, 0.000554, 0.000787, 0.000536, 0.000865, 0.000622, 0.000709, 0.000739, 0.000790, 0.000639, 0.000769, 0.000696, 0.000782, 0.000777, 0.000838, 0.000717, 0.000765, 0.000786, 0.000748, 0.000783, 0.000879, 0.000836, 0.000932, 0.000825, 0.000951, 0.000977, 0.000835, 0.000880, 0.001015, 0.000928, 0.000932, 0.001007, 0.001038, 0.001072, 0.000973
15 , 2, 2, 2, 2, 2, 2, 2
15 , 0.005463, 0.005876, 0.005713, 0.005884, 0.005987, 0.006660, 0.006620
16 , 0.000694, 0.000441, 0.000601, 0.000414, 0.000711, 0.000749, 0.000697, 0.000554, 0.000787, 0.000536, 0.000865, 0.000622, 0.000709, 0.000739, 0.000790, 0.000639, 0.000769, 0.000696, 0.000782, 0.000777, 0.000838, 0.000717, 0.000765, 0.000786, 0.000748, 0.000783, 0.000879, 0.000836, 0.000932, 0.000825, 0.000951, 0.000977, 0.000835, 0.000880, 0.001015, 0.000928, 0.000932, 0.001007, 0.001038, 0.001072, 0.000973, 0.001110, 0.000989, 0.001047, 0.000882, 0.000993, 0.000763, 0.000869, 0.000879, 0.000852, 0.000644, 0.000799, 0.000678, 0.000760, 0.000610, 0.000762, 0.000602, 0.000749, 0.000585, 0.000746, 0.000547, 0.000725, 0.000628, 0.000806, 0.000582, 0.000897, 0.000591, 0.000755, 0.000609, 0.000782, 0.000449, 0.000752, 0.000544, 0.000773, 0.000648, 0.000866, 0.000731, 0.000870, 0.000592, 0.000912, 0.000588, 0.000761, 0.000683, 0.000799, 0.000616, 0.000841, 0.000707, 0.000820, 0.000702, 0.000850, 0.000573, 0.000788
16 , 3, 0, 0, 0, 0, 0, 0
16 , 0.006570, 0.006012, 0.005949, 0.006332, 0.006355, 0.006733, 0.006494
