0 , 0.001473, 0.001541, 0.001374, 0.001561, 0.001216, 0.001366, 0.001217, 0.001430, 0.001291, 0.001495, 0.001324, 0.001516, 0.001347, 0.001476, 0.001258, 0.001452, 0.001310, 0.001420, 0.001317, 0.001372, 0.001252, 0.001381, 0.001305, 0.000994, 0.000974, 0.001363, 0.001488, 0.001518, 0.001719, 0.001532, 0.001683, 0.001757, 0.001726, 0.001866, 0.001725, 0.001832, 0.001696, 0.001808, 0.001698, 0.001754, 0.001628, 0.001699, 0.001734, 0.001473, 0.001814, 0.001754, 0.001729, 0.001786, 0.000973, 0.001047, 0.001514, 0.001329, 0.001172, 0.001192, 0.001352, 0.001245, 0.001288, 0.001242, 0.001220, 0.001174, 0.001315, 0.001184, 0.001462, 0.001363, 0.001341, 0.001186, 0.001346, 0.001358, 0.001384, 0.001334, 0.001473, 0.001346, 0.000035, 0.001326, 0.001054, 0.001192, 0.001211, 0.001332, 0.001267, 0.001243, 0.001522, 0.001322, 0.001483, 0.001318, 0.001682, 0.001478, 0.001443, 0.001422, 0.001368, 0.001487, 0.001457, 0.001462
0 , 3, 3, 0, 0, 0, 0, 0
0 , 0.005672, 0.006027, 0.005151, 0.006054, 0.006961, 0.009855, 0.010153
1 , 0.001172, 0.001192, 0.001352, 0.001245, 0.001288, 0.001242, 0.001220, 0.001174, 0.001315, 0.001184, 0.001462, 0.001363, 0.001341, 0.001186, 0.001346, 0.001358, 0.001384, 0.001334, 0.001473, 0.001346, 0.000035, 0.001326, 0.001054, 0.001192, 0.001211, 0.001332, 0.001267, 0.001243, 0.001522, 0.001322, 0.001483, 0.001318, 0.001682, 0.001478, 0.001443, 0.001422, 0.001368, 0.001487, 0.001457, 0.001462, 0.001165, 0.001467, 0.001432, 0.001555, 0.001296, 0.000798, 0.001407, 0.001440, 0.001381, 0.001310, 0.001270, 0.001255, 0.001114, 0.001058, 0.001116, 0.001011, 0.001052, 0.001130, 0.001169, 0.001047, 0.001185, 0.001099, 0.001246, 0.001141, 0.001094, 0.001050, 0.001055, 0.001097, 0.001251, 0.001318, 0.000309, 0.001142, 0.001311, 0.001201, 0.001260, 0.001394, 0.001297, 0.001255, 0.001174, 0.001469, 0.001323, 0.001446, 0.001114, 0.001237, 0.001253, 0.001218, 0.001341, 0.001279, 0.001457, 0.001348, 0.001401, 0.001205
1 , 0, 0, 0, 0, 0, 0, 0
1 , 0.002778, 0.002571, 0.004377, 0.006454, 0.007433, 0.007661, 0.008470
2 , 0.001114, 0.001058, 0.001116, 0.001011, 0.001052, 0.001130, 0.001169, 0.001047, 0.001185, 0.001099, 0.001246, 0.001141, 0.001094, 0.001050, 0.001055, 0.001097, 0.001251, 0.001318, 0.000309, 0.001142, 0.001311, 0.001201, 0.001260, 0.001394, 0.001297, 0.001255, 0.001174, 0.001469, 0.001323, 0.001446, 0.001114, 0.001237, 0.001253, 0.001218, 0.001341, 0.001279, 0.001457, 0.001348, 0.001401, 0.001205, 0.001320, 0.001279, 0.001662, 0.000557, 0.001801, 0.001546, 0.001621, 0.001616, 0.001436, 0.001413, 0.001317, 0.001516, 0.001301, 0.001556, 0.001255, 0.001391, 0.001244, 0.001336, 0.001278, 0.001280, 0.001134, 0.001249, 0.001158, 0.001257, 0.001055, 0.001376, 0.000758, 0.000766, 0.001533, 0.001343, 0.001383, 0.001468, 0.001598, 0.001448, 0.001583, 0.001393, 0.001597, 0.001407, 0.001411, 0.001401, 0.001520, 0.001478, 0.001378, 0.001457, 0.001255, 0.001485, 0.001516, 0.001495, 0.001393, 0.001207, 0.001577, 0.000679
2 , 0, 0, 0, 0, 0, 0, 0
2 , 0.006447, 0.007217, 0.007849, 0.007858, 0.008395, 0.007942, 0.007980
3 , 0.001317, 0.001516, 0.001301, 0.001556, 0.001255, 0.001391, 0.001244, 0.001336, 0.001278, 0.001280, 0.001134, 0.001249, 0.001158, 0.001257, 0.001055, 0.001376, 0.000758, 0.000766, 0.001533, 0.001343, 0.001383, 0.001468, 0.001598, 0.001448, 0.001583, 0.001393, 0.001597, 0.001407, 0.001411, 0.001401, 0.001520, 0.001478, 0.001378, 0.001457, 0.001255, 0.001485, 0.001516, 0.001495, 0.001393, 0.001207, 0.001577, 0.000679, 0.001647, 0.001600, 0.001586, 0.001352, 0.001420, 0.001314, 0.001453, 0.001413, 0.001451, 0.001306, 0.001432, 0.001215, 0.001339, 0.001159, 0.001311, 0.001199, 0.001267, 0.001196, 0.001300, 0.001214, 0.001343, 0.001174, 0.001351, 0.001217, 0.001348, 0.000420, 0.001182, 0.001360, 0.001382, 0.001350, 0.001196, 0.001520, 0.001455, 0.001540, 0.001314, 0.001417, 0.001422, 0.001432, 0.001566, 0.001316, 0.001455, 0.001441, 0.001420, 0.001195, 0.001417, 0.001474, 0.001290, 0.001404, 0.001412, 0.001672
3 , 0, 0, 0, 0, 0, 0, 0
3 , 0.005862, 0.007004, 0.007071, 0.007296, 0.005999, 0.006774, 0.006072
4 , 0.001413, 0.001451, 0.001306, 0.001432, 0.001215, 0.001339, 0.001159, 0.001311, 0.001199, 0.001267, 0.001196, 0.001300, 0.001214, 0.001343, 0.001174, 0.001351, 0.001217, 0.001348, 0.000420, 0.001182, 0.001360, 0.001382, 0.001350, 0.001196, 0.001520, 0.001455, 0.001540, 0.001314, 0.001417, 0.001422, 0.001432, 0.001566, 0.001316, 0.001455, 0.001441, 0.001420, 0.001195, 0.001417, 0.001474, 0.001290, 0.001404, 0.001412, 0.001672, 0.000655, 0.001640, 0.001379, 0.001566, 0.001351, 0.001386, 0.001320, 0.001323, 0.001184, 0.001249, 0.001122, 0.001252, 0.001110, 0.001370, 0.001105, 0.001229, 0.001110, 0.001130, 0.001139, 0.001210, 0.001167, 0.001237, 0.001249, 0.000416, 0.001277, 0.001176, 0.001423, 0.001412, 0.001502, 0.001487, 0.001547, 0.001622, 0.001546, 0.001470, 0.001249, 0.001538, 0.001398, 0.001408, 0.001243, 0.001419, 0.001554, 0.001359, 0.001473, 0.001308, 0.001559, 0.001550, 0.001396, 0.001642, 0.000066
4 , 0, 0, 0, 0, 0, 0, 0
4 , 0.007169, 0.008548, 0.008697, 0.007760, 0.007612, 0.007952, 0.007120
5 , 0.001386, 0.001320, 0.001323, 0.001184, 0.001249, 0.001122, 0.001252, 0.001110, 0.001370, 0.001105, 0.001229, 0.001110, 0.001130, 0.001139, 0.001210, 0.001167, 0.001237, 0.001249, 0.000416, 0.001277, 0.001176, 0.001423, 0.001412, 0.001502, 0.001487, 0.001547, 0.001622, 0.001546, 0.001470, 0.001249, 0.001538, 0.001398, 0.001408, 0.001243, 0.001419, 0.001554, 0.001359, 0.001473, 0.001308, 0.001559, 0.001550, 0.001396, 0.001642, 0.000066, 0.001442, 0.001483, 0.001356, 0.001450, 0.001437, 0.001399, 0.001336, 0.001475, 0.001249, 0.001323, 0.001293, 0.001425, 0.001313, 0.001377, 0.001291, 0.001360, 0.001352, 0.001346, 0.001313, 0.001175, 0.001271, 0.001294, 0.001277, 0.001280, 0.000967, 0.000678, 0.001498, 0.001227, 0.001433, 0.001553, 0.001473, 0.001362, 0.001322, 0.001632, 0.001496, 0.001414, 0.001287, 0.001462, 0.001487, 0.001436, 0.001320, 0.001381, 0.001562, 0.001368, 0.001517, 0.001267, 0.001417, 0.001348
5 , 0, 0, 0, 0, 0, 0, 0
5 , 0.004581, 0.005622, 0.007863, 0.007432, 0.008028, 0.007137, 0.006350
6 , 0.001336, 0.001475, 0.001249, 0.001323, 0.001293, 0.001425, 0.001313, 0.001377, 0.001291, 0.001360, 0.001352, 0.001346, 0.001313, 0.001175, 0.001271, 0.001294, 0.001277, 0.001280, 0.000967, 0.000678, 0.001498, 0.001227, 0.001433, 0.001553, 0.001473, 0.001362, 0.001322, 0.001632, 0.001496, 0.001414, 0.001287, 0.001462, 0.001487, 0.001436, 0.001320, 0.001381, 0.001562, 0.001368, 0.001517, 0.001267, 0.001417, 0.001348, 0.001590, 0.000785, 0.001173, 0.001431, 0.001413, 0.001310, 0.001232, 0.001171, 0.001141, 0.001213, 0.001207, 0.001218, 0.001188, 0.001260, 0.001127, 0.001257, 0.001036, 0.001251, 0.001099, 0.001237, 0.001172, 0.001224, 0.001172, 0.001166, 0.001159, 0.000182, 0.001257, 0.001305, 0.001251, 0.001395, 0.001416, 0.001440, 0.001475, 0.001284, 0.001538, 0.001343, 0.001524, 0.001335, 0.001535, 0.001560, 0.001521, 0.001472, 0.001362, 0.001618, 0.001563, 0.001513, 0.001488, 0.001633, 0.001654, 0.001618
6 , 0, 0, 0, 0, 0, 0, 0
6 , 0.007470, 0.009029, 0.009377, 0.010261, 0.010088, 0.009553, 0.007835
7 , 0.001171, 0.001141, 0.001213, 0.001207, 0.001218, 0.001188, 0.001260, 0.001127, 0.001257, 0.001036, 0.001251, 0.001099, 0.001237, 0.001172, 0.001224, 0.001172, 0.001166, 0.001159, 0.000182, 0.001257, 0.001305, 0.001251, 0.001395, 0.001416, 0.001440, 0.001475, 0.001284, 0.001538, 0.001343, 0.001524, 0.001335, 0.001535, 0.001560, 0.001521, 0.001472, 0.001362, 0.001618, 0.001563, 0.001513, 0.001488, 0.001633, 0.001654, 0.001618, 0.001528, 0.001464, 0.000515, 0.001680, 0.001365, 0.001431, 0.001189, 0.001425, 0.001308, 0.001452, 0.001285, 0.001394, 0.001196, 0.001402, 0.001270, 0.001617, 0.001336, 0.001374, 0.001215, 0.001463, 0.001316, 0.001577, 0.001319, 0.001654, 0.001392, 0.001492, 0.001441, 0.001556, 0.001449, 0.001605, 0.001437, 0.001618, 0.001483, 0.001603, 0.001620, 0.001620, 0.001543, 0.001693, 0.001667, 0.001677, 0.001557, 0.001640, 0.001466, 0.001486, 0.001483, 0.001403, 0.001385, 0.001362, 0.001321
7 , 0, 0, 0, 0, 0, 0, 0
7 , 0.011091, 0.011318, 0.009528, 0.009827, 0.009308, 0.008591, 0.007548
8 , 0.001365, 0.001431, 0.001189, 0.001425, 0.001308, 0.001452, 0.001285, 0.001394, 0.001196, 0.001402, 0.001270, 0.001617, 0.001336, 0.001374, 0.001215, 0.001463, 0.001316, 0.001577, 0.001319, 0.001654, 0.001392, 0.001492, 0.001441, 0.001556, 0.001449, 0.001605, 0.001437, 0.001618, 0.001483, 0.001603, 0.001620, 0.001620, 0.001543, 0.001693, 0.001667, 0.001677, 0.001557, 0.001640, 0.001466, 0.001486, 0.001483, 0.001403, 0.001385, 0.001362, 0.001321, 0.001267, 0.001320, 0.001121, 0.001296, 0.001069, 0.001121, 0.001121, 0.001265, 0.001100, 0.001177, 0.001141, 0.001318, 0.001150, 0.001335, 0.001155, 0.001356, 0.001097, 0.001185, 0.001261, 0.001291, 0.001139, 0.001252, 0.001048, 0.001230, 0.001187, 0.001465, 0.001234, 0.001328, 0.001315, 0.001359, 0.001234, 0.001379, 0.001282, 0.001123, 0.001280, 0.001341, 0.001232, 0.001363, 0.001313, 0.001252, 0.001386, 0.001273, 0.001302, 0.001031, 0.001155, 0.001133, 0.001169
8 , 0, 0, 0, 0, 0, 0, 0
8 , 0.006742, 0.006234, 0.005260, 0.004834, 0.004065, 0.003592, 0.002625
9 , 0.001320, 0.001121, 0.001296, 0.001069, 0.001121, 0.001121, 0.001265, 0.001100, 0.001177, 0.001141, 0.001318, 0.001150, 0.001335, 0.001155, 0.001356, 0.001097, 0.001185, 0.001261, 0.001291, 0.001139, 0.001252, 0.001048, 0.001230, 0.001187, 0.001465, 0.001234, 0.001328, 0.001315, 0.001359, 0.001234, 0.001379, 0.001282, 0.001123, 0.001280, 0.001341, 0.001232, 0.001363, 0.001313, 0.001252, 0.001386, 0.001273, 0.001302, 0.001031, 0.001155, 0.001133, 0.001169, 0.000975, 0.001271, 0.001233, 0.001230, 0.001164, 0.001298, 0.001191, 0.001422, 0.001166, 0.001313, 0.001285, 0.001425, 0.001261, 0.001495, 0.001270, 0.001414, 0.001398, 0.001514, 0.001612, 0.001728, 0.001417, 0.001663, 0.001510, 0.001628, 0.001517, 0.001616, 0.001633, 0.001494, 0.001468, 0.001483, 0.001427, 0.001354, 0.001382, 0.001384, 0.001249, 0.001300, 0.001329, 0.001102, 0.001160, 0.000950, 0.001039, 0.000981, 0.001108, 0.001121, 0.001243, 0.001097
9 , 3, 3, 3, 3, 3, 3, 3
9 , 0.000925, 0.001909, 0.002739, 0.003848, 0.004689, 0.005703, 0.005863
10 , 0.001191, 0.001422, 0.001166, 0.001313, 0.001285, 0.001425, 0.001261, 0.001495, 0.001270, 0.001414, 0.001398, 0.001514, 0.001612, 0.001728, 0.001417, 0.001663, 0.001510, 0.001628, 0.001517, 0.001616, 0.001633, 0.001494, 0.001468, 0.001483, 0.001427, 0.001354, 0.001382, 0.001384, 0.001249, 0.001300, 0.001329, 0.001102, 0.001160, 0.000950, 0.001039, 0.000981, 0.001108, 0.001121, 0.001243, 0.001097, 0.001251, 0.001000, 0.001193, 0.001105, 0.001232, 0.001099, 0.001298, 0.001097, 0.001160, 0.001103, 0.001303, 0.001224, 0.001371, 0.001229, 0.001473, 0.001395, 0.001362, 0.001314, 0.001424, 0.001378, 0.001460, 0.001507, 0.001531, 0.001477, 0.001505, 0.001562, 0.001549, 0.001580, 0.001590, 0.001598, 0.001405, 0.001453, 0.001487, 0.001561, 0.001355, 0.001499, 0.001317, 0.001431, 0.001286, 0.001326, 0.001240, 0.001498, 0.001344, 0.001389, 0.001176, 0.001341, 0.001138, 0.001290, 0.001227, 0.001303, 0.001214, 0.001364
10 , 2, 1, 1, 1, 1, 1, 1
10 , 0.003834, 0.004544, 0.006430, 0.006970, 0.008187, 0.008984, 0.010347
11 , 0.001371, 0.001229, 0.001473, 0.001395, 0.001362, 0.001314, 0.001424, 0.001378, 0.001460, 0.001507, 0.001531, 0.001477, 0.001505, 0.001562, 0.001549, 0.001580, 0.001590, 0.001598, 0.001405, 0.001453, 0.001487, 0.001561, 0.001355, 0.001499, 0.001317, 0.001431, 0.001286, 0.001326, 0.001240, 0.001498, 0.001344, 0.001389, 0.001176, 0.001341, 0.001138, 0.001290, 0.001227, 0.001303, 0.001214, 0.001364, 0.001240, 0.001402, 0.001242, 0.001217, 0.001229, 0.001260, 0.001318, 0.001376, 0.001270, 0.001316, 0.001358, 0.001239, 0.001237, 0.001293, 0.001348, 0.001283, 0.001473, 0.001303, 0.001404, 0.001250, 0.001526, 0.001247, 0.001372, 0.001397, 0.001376, 0.001285, 0.001485, 0.001234, 0.001293, 0.001209, 0.001288, 0.001136, 0.001385, 0.001169, 0.001147, 0.001197, 0.001241, 0.001167, 0.001354, 0.001089, 0.001188, 0.001180, 0.001177, 0.001119, 0.001177, 0.001172, 0.001161, 0.001250, 0.001192, 0.001197, 0.001205, 0.001225
11 , 1, 1, 1, 1, 1, 1, 1
11 , 0.004587, 0.005319, 0.005685, 0.006299, 0.006022, 0.006695, 0.006319
12 , 0.001239, 0.001237, 0.001293, 0.001348, 0.001283, 0.001473, 0.001303, 0.001404, 0.001250, 0.001526, 0.001247, 0.001372, 0.001397, 0.001376, 0.001285, 0.001485, 0.001234, 0.001293, 0.001209, 0.001288, 0.001136, 0.001385, 0.001169, 0.001147, 0.001197, 0.001241, 0.001167, 0.001354, 0.001089, 0.001188, 0.001180, 0.001177, 0.001119, 0.001177, 0.001172, 0.001161, 0.001250, 0.001192, 0.001197, 0.001205, 0.001225, 0.001136, 0.001327, 0.001245, 0.001333, 0.001242, 0.001267, 0.001211, 0.001399, 0.001232, 0.001414, 0.001369, 0.001419, 0.001196, 0.001381, 0.001234, 0.001391, 0.001328, 0.001338, 0.001336, 0.001326, 0.001174, 0.001222, 0.001213, 0.001227, 0.001232, 0.001254, 0.001025, 0.001177, 0.001135, 0.001138, 0.001207, 0.001058, 0.001287, 0.001218, 0.001243, 0.001169, 0.001282, 0.001225, 0.001253, 0.001143, 0.001217, 0.001212, 0.001389, 0.001252, 0.001467, 0.001184, 0.001407, 0.001244, 0.001455, 0.001361, 0.001333
12 , 1, 1, 1, 2, 2, 2, 2
12 , 0.003932, 0.003471, 0.002854, 0.002722, 0.002613, 0.002877, 0.002598
13 , 0.001267, 0.001211, 0.001399, 0.001232, 0.001414, 0.001369, 0.001419, 0.001196, 0.001381, 0.001234, 0.001391, 0.001328, 0.001338, 0.001336, 0.001326, 0.001174, 0.001222, 0.001213, 0.001227, 0.001232, 0.001254, 0.001025, 0.001177, 0.001135, 0.001138, 0.001207, 0.001058, 0.001287, 0.001218, 0.001243, 0.001169, 0.001282, 0.001225, 0.001253, 0.001143, 0.001217, 0.001212, 0.001389, 0.001252, 0.001467, 0.001184, 0.001407, 0.001244, 0.001455, 0.001361, 0.001333, 0.001206, 0.001323, 0.001194, 0.001371, 0.001209, 0.001285, 0.001326, 0.001391, 0.001232, 0.001419, 0.001334, 0.001364, 0.001298, 0.001230, 0.001375, 0.001441, 0.001504, 0.001326, 0.001418, 0.001357, 0.001570, 0.001334, 0.001381, 0.001300, 0.001376, 0.001234, 0.001382, 0.001176, 0.001394, 0.001159, 0.001261, 0.001136, 0.001360, 0.001106, 0.001213, 0.001150, 0.001169, 0.001171, 0.001309, 0.001152, 0.001199, 0.001116, 0.001315, 0.001122, 0.001058, 0.001230
13 , 1, 1, 1, 1, 1, 1, 3
13 , 0.003768, 0.003907, 0.003957, 0.003874, 0.003634, 0.003719, 0.003075
14 , 0.001194, 0.001371, 0.001209, 0.001285, 0.001326, 0.001391, 0.001232, 0.001419, 0.001334, 0.001364, 0.001298, 0.001230, 0.001375, 0.001441, 0.001504, 0.001326, 0.001418, 0.001357, 0.001570, 0.001334, 0.001381, 0.001300, 0.001376, 0.001234, 0.001382, 0.001176, 0.001394, 0.001159, 0.001261, 0.001136, 0.001360, 0.001106, 0.001213, 0.001150, 0.001169, 0.001171, 0.001309, 0.001152, 0.001199, 0.001116, 0.001315, 0.001122, 0.001058, 0.001230, 0.001150, 0.001352, 0.001359, 0.001280, 0.001305, 0.001427, 0.001353, 0.001397, 0.001430, 0.001395, 0.001278, 0.001425, 0.001275, 0.001369, 0.001399, 0.001561, 0.001372, 0.001311, 0.001187, 0.001506, 0.001326, 0.001391, 0.001143, 0.001333, 0.001267, 0.001313, 0.001133, 0.001303, 0.001204, 0.001290, 0.001315, 0.001336, 0.001300, 0.001480, 0.001344, 0.001313, 0.001311, 0.001381, 0.001402, 0.001427, 0.001390, 0.001350, 0.001396, 0.001431, 0.001459, 0.001392, 0.001574, 0.001298
14 , 1, 1, 2, 2, 2, 2, 2
14 , 0.002880, 0.003058, 0.003141, 0.003451, 0.003910, 0.003947, 0.004349
15 , 0.001430, 0.001395, 0.001278, 0.001425, 0.001275, 0.001369, 0.001399, 0.001561, 0.001372, 0.001311, 0.001187, 0.001506, 0.001326, 0.001391, 0.001143, 0.001333, 0.001267, 0.001313, 0.001133, 0.001303, 0.001204, 0.001290, 0.001315, 0.001336, 0.001300, 0.001480, 0.001344, 0.001313, 0.001311, 0.001381, 0.001402, 0.001427, 0.001390, 0.001350, 0.001396, 0.001431, 0.001459, 0.001392, 0.001574, 0.001298, 0.001506, 0.001347, 0.001427, 0.001429, 0.001446, 0.001317, 0.001352, 0.001233, 0.001362, 0.001314, 0.001577, 0.001242, 0.001407, 0.001318, 0.001478, 0.001351, 0.001396, 0.001313, 0.001257, 0.001310, 0.001293, 0.001222, 0.001249, 0.001234, 0.001341, 0.001290, 0.001442, 0.001348, 0.001262, 0.001351, 0.001376, 0.001234, 0.001209, 0.001356, 0.001219, 0.001348, 0.001348, 0.001409, 0.001255, 0.001401, 0.001229, 0.001414, 0.001318, 0.001445, 0.001301, 0.001334, 0.001413, 0.001565, 0.001312, 0.001462, 0.001356, 0.001476
15 , 0, 0, 0, 0, 0, 0, 0
15 , 0.000824, 0.001474, 0.001708, 0.001953, 0.002122, 0.002802, 0.002767
16 , 0.001242, 0.001407, 0.001318, 0.001478, 0.001351, 0.001396, 0.001313, 0.001257, 0.001310, 0.001293, 0.001222, 0.001249, 0.001234, 0.001341, 0.001290, 0.001442, 0.001348, 0.001262, 0.001351, 0.001376, 0.001234, 0.001209, 0.001356, 0.001219, 0.001348, 0.001348, 0.001409, 0.001255, 0.001401, 0.001229, 0.001414, 0.001318, 0.001445, 0.001301, 0.001334, 0.001413, 0.001565, 0.001312, 0.001462, 0.001356, 0.001476, 0.001373, 0.001652, 0.001371, 0.001441, 0.001443, 0.001429, 0.001373, 0.001277, 0.001434, 0.001378, 0.001242, 0.001341, 0.001285, 0.001293, 0.001303, 0.001333, 0.001361, 0.001303, 0.001338, 0.001356, 0.001249, 0.001118, 0.001404, 0.001204, 0.001412, 0.001322, 0.001390, 0.001291, 0.001527, 0.001343, 0.001418, 0.001354, 0.001460, 0.001247, 0.001478, 0.001201, 0.001389, 0.001234, 0.001331, 0.001267, 0.001358, 0.001356, 0.001239, 0.001267, 0.001282, 0.001255, 0.001326, 0.001290, 0.001262, 0.001280, 0.001242
16 , 3, 0, 3, 3, 3, 3, 3
16 , 0.000887, 0.000877, 0.001437, 0.002039, 0.001983, 0.002333, 0.002486
