0 , 0.001780, 0.001650, 0.001865, 0.001760, 0.001936, 0.001730, 0.001890, 0.001825, 0.001860, 0.001830, 0.001725, 0.002005, 0.001730, 0.001855, 0.001700, 0.001770, 0.001860, 0.001960, 0.001810, 0.001820, 0.001921, 0.002031, 0.000653, 0.001392, 0.001041, 0.001055, 0.000925, 0.000972, 0.001127, 0.001041, 0.000837, 0.000900, 0.001116, 0.000989, 0.000922, 0.000931, 0.000980, 0.000961, 0.001085, 0.001005, 0.001083, 0.000956, 0.001066, 0.001033, 0.001155, 0.001172, 0.001180, 0.001022, 0.000574, 0.001434, 0.001573, 0.001628, 0.001417, 0.001572, 0.001535, 0.001650, 0.001470, 0.001534, 0.001634, 0.001529, 0.001622, 0.001432, 0.001660, 0.001613, 0.001511, 0.001502, 0.001511, 0.001680, 0.001436, 0.001499, 0.001404, 0.001449, 0.001353, 0.001123, 0.001534, 0.001418, 0.001332, 0.001299, 0.001329, 0.001189, 0.001184, 0.001217, 0.001105, 0.001141, 0.001146, 0.001217, 0.001113, 0.001143, 0.001118, 0.001229, 0.001077, 0.001285
0 , 1, 1, 1, 1, 1, 1, 1
0 , 0.019749, 0.021098, 0.022787, 0.024177, 0.023547, 0.024963, 0.023452
1 , 0.001628, 0.001417, 0.001572, 0.001535, 0.001650, 0.001470, 0.001534, 0.001634, 0.001529, 0.001622, 0.001432, 0.001660, 0.001613, 0.001511, 0.001502, 0.001511, 0.001680, 0.001436, 0.001499, 0.001404, 0.001449, 0.001353, 0.001123, 0.001534, 0.001418, 0.001332, 0.001299, 0.001329, 0.001189, 0.001184, 0.001217, 0.001105, 0.001141, 0.001146, 0.001217, 0.001113, 0.001143, 0.001118, 0.001229, 0.001077, 0.001285, 0.001009, 0.001276, 0.001105, 0.001443, 0.000081, 0.001216, 0.001268, 0.001478, 0.001402, 0.001386, 0.001309, 0.001817, 0.001648, 0.001773, 0.001473, 0.001759, 0.001921, 0.001770, 0.001691, 0.001662, 0.001811, 0.001681, 0.001821, 0.001697, 0.001700, 0.001908, 0.001930, 0.001705, 0.001982, 0.000176, 0.001446, 0.001285, 0.001308, 0.001161, 0.001128, 0.001059, 0.001146, 0.001133, 0.001260, 0.001004, 0.001176, 0.001143, 0.001318, 0.001105, 0.001222, 0.001048, 0.001266, 0.001074, 0.001266, 0.001086, 0.001126
1 , 1, 1, 1, 1, 1, 1, 1
1 , 0.014725, 0.016216, 0.020395, 0.018323, 0.018133, 0.018083, 0.017925
2 , 0.001478, 0.001402, 0.001386, 0.001309, 0.001817, 0.001648, 0.001773, 0.001473, 0.001759, 0.001921, 0.001770, 0.001691, 0.001662, 0.001811, 0.001681, 0.001821, 0.001697, 0.001700, 0.001908, 0.001930, 0.001705, 0.001982, 0.000176, 0.001446, 0.001285, 0.001308, 0.001161, 0.001128, 0.001059, 0.001146, 0.001133, 0.001260, 0.001004, 0.001176, 0.001143, 0.001318, 0.001105, 0.001222, 0.001048, 0.001266, 0.001074, 0.001266, 0.001086, 0.001126, 0.001163, 0.001313, 0.001235, 0.000861, 0.001045, 0.001429, 0.001258, 0.001636, 0.001490, 0.001653, 0.001377, 0.001641, 0.001636, 0.001676, 0.001451, 0.001585, 0.001780, 0.001592, 0.001620, 0.001381, 0.001618, 0.001794, 0.001708, 0.001640, 0.001707, 0.001821, 0.001578, 0.001903, 0.000568, 0.001070, 0.001351, 0.001280, 0.001310, 0.001115, 0.001277, 0.001224, 0.001265, 0.000943, 0.001283, 0.001083, 0.001349, 0.001065, 0.001278, 0.001065, 0.001316, 0.001182, 0.001250, 0.001111
2 , 1, 1, 1, 1, 1, 1, 1
2 , 0.012451, 0.016137, 0.018096, 0.020366, 0.019933, 0.019347, 0.018525
3 , 0.001429, 0.001258, 0.001636, 0.001490, 0.001653, 0.001377, 0.001641, 0.001636, 0.001676, 0.001451, 0.001585, 0.001780, 0.001592, 0.001620, 0.001381, 0.001618, 0.001794, 0.001708, 0.001640, 0.001707, 0.001821, 0.001578, 0.001903, 0.000568, 0.001070, 0.001351, 0.001280, 0.001310, 0.001115, 0.001277, 0.001224, 0.001265, 0.000943, 0.001283, 0.001083, 0.001349, 0.001065, 0.001278, 0.001065, 0.001316, 0.001182, 0.001250, 0.001111, 0.001392, 0.001121, 0.001288, 0.000976, 0.000498, 0.001433, 0.001396, 0.001403, 0.001576, 0.001552, 0.001711, 0.001516, 0.001731, 0.001629, 0.001545, 0.001756, 0.001576, 0.001731, 0.001680, 0.001740, 0.001505, 0.001599, 0.001810, 0.001664, 0.001632, 0.001464, 0.001741, 0.001751, 0.001463, 0.001062, 0.001219, 0.001278, 0.001250, 0.001252, 0.001212, 0.001240, 0.001083, 0.001278, 0.001311, 0.001141, 0.000961, 0.001179, 0.001080, 0.001237, 0.000986, 0.001118, 0.001080, 0.001110, 0.001080
3 , 1, 1, 1, 1, 1, 1, 1
3 , 0.011080, 0.012865, 0.015442, 0.018022, 0.021164, 0.019184, 0.018178
4 , 0.001403, 0.001576, 0.001552, 0.001711, 0.001516, 0.001731, 0.001629, 0.001545, 0.001756, 0.001576, 0.001731, 0.001680, 0.001740, 0.001505, 0.001599, 0.001810, 0.001664, 0.001632, 0.001464, 0.001741, 0.001751, 0.001463, 0.001062, 0.001219, 0.001278, 0.001250, 0.001252, 0.001212, 0.001240, 0.001083, 0.001278, 0.001311, 0.001141, 0.000961, 0.001179, 0.001080, 0.001237, 0.000986, 0.001118, 0.001080, 0.001110, 0.001080, 0.001166, 0.001115, 0.001156, 0.001039, 0.001291, 0.000020, 0.001288, 0.001564, 0.001608, 0.001476, 0.001738, 0.001673, 0.001768, 0.001744, 0.001649, 0.001809, 0.001789, 0.001929, 0.001709, 0.001975, 0.001885, 0.001784, 0.001774, 0.001749, 0.001889, 0.001803, 0.001779, 0.001686, 0.001639, 0.001981, 0.000121, 0.001440, 0.001255, 0.001288, 0.001144, 0.001151, 0.001076, 0.001195, 0.001249, 0.001188, 0.001123, 0.001214, 0.001298, 0.001235, 0.001235, 0.001205, 0.001235, 0.001235, 0.001338, 0.001137
4 , 1, 1, 1, 1, 1, 1, 1
4 , 0.015124, 0.018118, 0.020143, 0.021231, 0.024654, 0.022027, 0.021521
5 , 0.001608, 0.001476, 0.001738, 0.001673, 0.001768, 0.001744, 0.001649, 0.001809, 0.001789, 0.001929, 0.001709, 0.001975, 0.001885, 0.001784, 0.001774, 0.001749, 0.001889, 0.001803, 0.001779, 0.001686, 0.001639, 0.001981, 0.000121, 0.001440, 0.001255, 0.001288, 0.001144, 0.001151, 0.001076, 0.001195, 0.001249, 0.001188, 0.001123, 0.001214, 0.001298, 0.001235, 0.001235, 0.001205, 0.001235, 0.001235, 0.001338, 0.001137, 0.001221, 0.001154, 0.001261, 0.000777, 0.001015, 0.001456, 0.001626, 0.001554, 0.001439, 0.001427, 0.001660, 0.001641, 0.001743, 0.001514, 0.001657, 0.001532, 0.001624, 0.001620, 0.001518, 0.001692, 0.001613, 0.001713, 0.001655, 0.001773, 0.001718, 0.001706, 0.001476, 0.001784, 0.001171, 0.001227, 0.001305, 0.001308, 0.001402, 0.001334, 0.001338, 0.001310, 0.001210, 0.001171, 0.001192, 0.001325, 0.001271, 0.001273, 0.001132, 0.001237, 0.001064, 0.001223, 0.001130, 0.001243, 0.001126, 0.001224
5 , 1, 1, 1, 1, 1, 1, 1
5 , 0.015405, 0.017945, 0.020824, 0.022311, 0.019411, 0.019034, 0.018282
6 , 0.001554, 0.001439, 0.001427, 0.001660, 0.001641, 0.001743, 0.001514, 0.001657, 0.001532, 0.001624, 0.001620, 0.001518, 0.001692, 0.001613, 0.001713, 0.001655, 0.001773, 0.001718, 0.001706, 0.001476, 0.001784, 0.001171, 0.001227, 0.001305, 0.001308, 0.001402, 0.001334, 0.001338, 0.001310, 0.001210, 0.001171, 0.001192, 0.001325, 0.001271, 0.001273, 0.001132, 0.001237, 0.001064, 0.001223, 0.001130, 0.001243, 0.001126, 0.001224, 0.001077, 0.001138, 0.001032, 0.001270, 0.000415, 0.001585, 0.001592, 0.001762, 0.001551, 0.001742, 0.001616, 0.001861, 0.001750, 0.001803, 0.001729, 0.001729, 0.001827, 0.001627, 0.001681, 0.001500, 0.001657, 0.001699, 0.001655, 0.001604, 0.001639, 0.001917, 0.001666, 0.001780, 0.001489, 0.000481, 0.001366, 0.001263, 0.001220, 0.001207, 0.001166, 0.001095, 0.001308, 0.001055, 0.001177, 0.001058, 0.001142, 0.001083, 0.001215, 0.001144, 0.001268, 0.001046, 0.001276, 0.001167, 0.001222
6 , 1, 1, 1, 1, 1, 1, 1
6 , 0.014654, 0.016874, 0.019089, 0.019604, 0.021644, 0.019433, 0.019052
7 , 0.001762, 0.001551, 0.001742, 0.001616, 0.001861, 0.001750, 0.001803, 0.001729, 0.001729, 0.001827, 0.001627, 0.001681, 0.001500, 0.001657, 0.001699, 0.001655, 0.001604, 0.001639, 0.001917, 0.001666, 0.001780, 0.001489, 0.000481, 0.001366, 0.001263, 0.001220, 0.001207, 0.001166, 0.001095, 0.001308, 0.001055, 0.001177, 0.001058, 0.001142, 0.001083, 0.001215, 0.001144, 0.001268, 0.001046, 0.001276, 0.001167, 0.001222, 0.001008, 0.001176, 0.001118, 0.000214, 0.001403, 0.001532, 0.001305, 0.001627, 0.001629, 0.001719, 0.001529, 0.001603, 0.001822, 0.001743, 0.001689, 0.001575, 0.001891, 0.001830, 0.001684, 0.001619, 0.001675, 0.001789, 0.001830, 0.001942, 0.001721, 0.001789, 0.001737, 0.001813, 0.001758, 0.001994, 0.000373, 0.001422, 0.001187, 0.001344, 0.001081, 0.001322, 0.001158, 0.001137, 0.001013, 0.001165, 0.001102, 0.001221, 0.001008, 0.001184, 0.001159, 0.001197, 0.001044, 0.001039, 0.000966, 0.000906
7 , 1, 1, 1, 1, 1, 1, 1
7 , 0.017722, 0.020839, 0.025046, 0.026237, 0.025447, 0.023625, 0.023061
8 , 0.001627, 0.001629, 0.001719, 0.001529, 0.001603, 0.001822, 0.001743, 0.001689, 0.001575, 0.001891, 0.001830, 0.001684, 0.001619, 0.001675, 0.001789, 0.001830, 0.001942, 0.001721, 0.001789, 0.001737, 0.001813, 0.001758, 0.001994, 0.000373, 0.001422, 0.001187, 0.001344, 0.001081, 0.001322, 0.001158, 0.001137, 0.001013, 0.001165, 0.001102, 0.001221, 0.001008, 0.001184, 0.001159, 0.001197, 0.001044, 0.001039, 0.000966, 0.000906, 0.000914, 0.001138, 0.000939, 0.001033, 0.000760, 0.000877, 0.000658, 0.000791, 0.000709, 0.000809, 0.000696, 0.000976, 0.000891, 0.000952, 0.000780, 0.000937, 0.000796, 0.000848, 0.000886, 0.001055, 0.000939, 0.000989, 0.000963, 0.001194, 0.001103, 0.001131, 0.001093, 0.001193, 0.001277, 0.001207, 0.001165, 0.001078, 0.001408, 0.001308, 0.001317, 0.001182, 0.001288, 0.001194, 0.001281, 0.001099, 0.001223, 0.001212, 0.001342, 0.001090, 0.001286, 0.001088, 0.001394, 0.001186, 0.001286
8 , 2, 2, 2, 2, 2, 2, 2
8 , 0.017909, 0.019113, 0.020206, 0.021318, 0.022333, 0.020315, 0.020236
9 , 0.000791, 0.000709, 0.000809, 0.000696, 0.000976, 0.000891, 0.000952, 0.000780, 0.000937, 0.000796, 0.000848, 0.000886, 0.001055, 0.000939, 0.000989, 0.000963, 0.001194, 0.001103, 0.001131, 0.001093, 0.001193, 0.001277, 0.001207, 0.001165, 0.001078, 0.001408, 0.001308, 0.001317, 0.001182, 0.001288, 0.001194, 0.001281, 0.001099, 0.001223, 0.001212, 0.001342, 0.001090, 0.001286, 0.001088, 0.001394, 0.001186, 0.001286, 0.001210, 0.001279, 0.001127, 0.001182, 0.001090, 0.001338, 0.000997, 0.001287, 0.001071, 0.001151, 0.001001, 0.001081, 0.001004, 0.001131, 0.000971, 0.001128, 0.001105, 0.001179, 0.001075, 0.001108, 0.001065, 0.001091, 0.001107, 0.001125, 0.001184, 0.001069, 0.001231, 0.001071, 0.001074, 0.001099, 0.001203, 0.001172, 0.001198, 0.000978, 0.001069, 0.001022, 0.001155, 0.001083, 0.001296, 0.001104, 0.001207, 0.001057, 0.001221, 0.001092, 0.001249, 0.001092, 0.001200, 0.001095, 0.001249, 0.001006
9 , 0, 0, 0, 0, 0, 0, 0
9 , 0.008154, 0.007615, 0.007576, 0.006719, 0.006777, 0.005788, 0.005930
10 , 0.001090, 0.001338, 0.000997, 0.001287, 0.001071, 0.001151, 0.001001, 0.001081, 0.001004, 0.001131, 0.000971, 0.001128, 0.001105, 0.001179, 0.001075, 0.001108, 0.001065, 0.001091, 0.001107, 0.001125, 0.001184, 0.001069, 0.001231, 0.001071, 0.001074, 0.001099, 0.001203, 0.001172, 0.001198, 0.000978, 0.001069, 0.001022, 0.001155, 0.001083, 0.001296, 0.001104, 0.001207, 0.001057, 0.001221, 0.001092, 0.001249, 0.001092, 0.001200, 0.001095, 0.001249, 0.001006, 0.001203, 0.001043, 0.001261, 0.000982, 0.001167, 0.001252, 0.001322, 0.001099, 0.001223, 0.001029, 0.001219, 0.001188, 0.001172, 0.001048, 0.001090, 0.001062, 0.001151, 0.001118, 0.000996, 0.001151, 0.001102, 0.001280, 0.001180, 0.001212, 0.001175, 0.001203, 0.001082, 0.001182, 0.001084, 0.001145, 0.001051, 0.001336, 0.001140, 0.001364, 0.001214, 0.001254, 0.001132, 0.001230, 0.001135, 0.001198, 0.001071, 0.001261, 0.001165, 0.001235, 0.001172, 0.001326
10 , 0, 0, 0, 0, 0, 0, 0
10 , 0.001180, 0.001583, 0.001102, 0.001527, 0.001046, 0.001918, 0.001494
11 , 0.001252, 0.001322, 0.001099, 0.001223, 0.001029, 0.001219, 0.001188, 0.001172, 0.001048, 0.001090, 0.001062, 0.001151, 0.001118, 0.000996, 0.001151, 0.001102, 0.001280, 0.001180, 0.001212, 0.001175, 0.001203, 0.001082, 0.001182, 0.001084, 0.001145, 0.001051, 0.001336, 0.001140, 0.001364, 0.001214, 0.001254, 0.001132, 0.001230, 0.001135, 0.001198, 0.001071, 0.001261, 0.001165, 0.001235, 0.001172, 0.001326, 0.001209, 0.001317, 0.001125, 0.001102, 0.001102, 0.001148, 0.001188, 0.001111, 0.001114, 0.001116, 0.001116, 0.001095, 0.001136, 0.001131, 0.001161, 0.001110, 0.001125, 0.001113, 0.001176, 0.000999, 0.001151, 0.001021, 0.001206, 0.001100, 0.001232, 0.001047, 0.001283, 0.001179, 0.001119, 0.001102, 0.001287, 0.001132, 0.001434, 0.001135, 0.001317, 0.001243, 0.001304, 0.001210, 0.001397, 0.001317, 0.001408, 0.001282, 0.001351, 0.001166, 0.001440, 0.001438, 0.001256, 0.001408, 0.001203, 0.001271, 0.001240
11 , 0, 0, 0, 0, 0, 0, 0
11 , 0.004342, 0.004301, 0.004114, 0.004452, 0.004433, 0.004710, 0.004113
12 , 0.001116, 0.001095, 0.001136, 0.001131, 0.001161, 0.001110, 0.001125, 0.001113, 0.001176, 0.000999, 0.001151, 0.001021, 0.001206, 0.001100, 0.001232, 0.001047, 0.001283, 0.001179, 0.001119, 0.001102, 0.001287, 0.001132, 0.001434, 0.001135, 0.001317, 0.001243, 0.001304, 0.001210, 0.001397, 0.001317, 0.001408, 0.001282, 0.001351, 0.001166, 0.001440, 0.001438, 0.001256, 0.001408, 0.001203, 0.001271, 0.001240, 0.001290, 0.001164, 0.001234, 0.001134, 0.001358, 0.001288, 0.001338, 0.001240, 0.001342, 0.001166, 0.001355, 0.001249, 0.001286, 0.001286, 0.001425, 0.001177, 0.001364, 0.001253, 0.001340, 0.001218, 0.001440, 0.001338, 0.001403, 0.001188, 0.001299, 0.001221, 0.001266, 0.001116, 0.001069, 0.001097, 0.001226, 0.001177, 0.001119, 0.001123, 0.001159, 0.001128, 0.001151, 0.001131, 0.001179, 0.001223, 0.001186, 0.001340, 0.001228, 0.001249, 0.001182, 0.001334, 0.001105, 0.001290, 0.001236, 0.001390, 0.001203
12 , 3, 3, 3, 3, 3, 3, 3
12 , 0.005977, 0.005881, 0.005169, 0.005012, 0.004412, 0.004422, 0.003773
13 , 0.001288, 0.001338, 0.001240, 0.001342, 0.001166, 0.001355, 0.001249, 0.001286, 0.001286, 0.001425, 0.001177, 0.001364, 0.001253, 0.001340, 0.001218, 0.001440, 0.001338, 0.001403, 0.001188, 0.001299, 0.001221, 0.001266, 0.001116, 0.001069, 0.001097, 0.001226, 0.001177, 0.001119, 0.001123, 0.001159, 0.001128, 0.001151, 0.001131, 0.001179, 0.001223, 0.001186, 0.001340, 0.001228, 0.001249, 0.001182, 0.001334, 0.001105, 0.001290, 0.001236, 0.001390, 0.001203, 0.001299, 0.001171, 0.001388, 0.001134, 0.001384, 0.001260, 0.001349, 0.001131, 0.001245, 0.001256, 0.001294, 0.001085, 0.001125, 0.001132, 0.001116, 0.001035, 0.001164, 0.001040, 0.001100, 0.001138, 0.001135, 0.001133, 0.001082, 0.001062, 0.000953, 0.001080, 0.000963, 0.001032, 0.000994, 0.001077, 0.001039, 0.001049, 0.000989, 0.001082, 0.000971, 0.001067, 0.000994, 0.001176, 0.000801, 0.001204, 0.001128, 0.001138, 0.001012, 0.001166, 0.001049, 0.001166
13 , 1, 1, 1, 1, 1, 1, 1
13 , 0.005400, 0.004982, 0.004960, 0.004276, 0.003889, 0.002640, 0.002376
14 , 0.001299, 0.001171, 0.001388, 0.001134, 0.001384, 0.001260, 0.001349, 0.001131, 0.001245, 0.001256, 0.001294, 0.001085, 0.001125, 0.001132, 0.001116, 0.001035, 0.001164, 0.001040, 0.001100, 0.001138, 0.001135, 0.001133, 0.001082, 0.001062, 0.000953, 0.001080, 0.000963, 0.001032, 0.000994, 0.001077, 0.001039, 0.001049, 0.000989, 0.001082, 0.000971, 0.001067, 0.000994, 0.001176, 0.000801, 0.001204, 0.001128, 0.001138, 0.001012, 0.001166, 0.001049, 0.001166, 0.001149, 0.001199, 0.001014, 0.001131, 0.001138, 0.001229, 0.000984, 0.001143, 0.001206, 0.001120, 0.001169, 0.001054, 0.000966, 0.001062, 0.001123, 0.001057, 0.000991, 0.000946, 0.001164, 0.000969, 0.001063, 0.001071, 0.001137, 0.001170, 0.001165, 0.000945, 0.001235, 0.001097, 0.001280, 0.001118, 0.001242, 0.000985, 0.001207, 0.001200, 0.001348, 0.001154, 0.001364, 0.001206, 0.001325, 0.001199, 0.001358, 0.001199, 0.001225, 0.001386, 0.001255, 0.001225
14 , 2, 2, 2, 2, 2, 2, 2
14 , 0.005911, 0.006064, 0.005860, 0.005818, 0.006049, 0.005787, 0.005256
15 , 0.001199, 0.001014, 0.001131, 0.001138, 0.001229, 0.000984, 0.001143, 0.001206, 0.001120, 0.001169, 0.001054, 0.000966, 0.001062, 0.001123, 0.001057, 0.000991, 0.000946, 0.001164, 0.000969, 0.001063, 0.001071, 0.001137, 0.001170, 0.001165, 0.000945, 0.001235, 0.001097, 0.001280, 0.001118, 0.001242, 0.000985, 0.001207, 0.001200, 0.001348, 0.001154, 0.001364, 0.001206, 0.001325, 0.001199, 0.001358, 0.001199, 0.001225, 0.001386, 0.001255, 0.001225, 0.001255, 0.001255, 0.001145, 0.001238, 0.001292, 0.001292, 0.001292, 0.001379, 0.001349, 0.001377, 0.001373, 0.001503, 0.001370, 0.001521, 0.001279, 0.001349, 0.001216, 0.001466, 0.001362, 0.001407, 0.001227, 0.001414, 0.001260, 0.001423, 0.001281, 0.001381, 0.001227, 0.001486, 0.001306, 0.001303, 0.001200, 0.001240, 0.001256, 0.001273, 0.001159, 0.001229, 0.001049, 0.001169, 0.001067, 0.001108, 0.001128, 0.001004, 0.001171, 0.001042, 0.001103, 0.001098, 0.001184
15 , 3, 3, 3, 3, 3, 3, 3
15 , 0.005006, 0.005673, 0.006161, 0.006615, 0.006759, 0.007138, 0.007870
16 , 0.001379, 0.001349, 0.001377, 0.001373, 0.001503, 0.001370, 0.001521, 0.001279, 0.001349, 0.001216, 0.001466, 0.001362, 0.001407, 0.001227, 0.001414, 0.001260, 0.001423, 0.001281, 0.001381, 0.001227, 0.001486, 0.001306, 0.001303, 0.001200, 0.001240, 0.001256, 0.001273, 0.001159, 0.001229, 0.001049, 0.001169, 0.001067, 0.001108, 0.001128, 0.001004, 0.001171, 0.001042, 0.001103, 0.001098, 0.001184, 0.001170, 0.001277, 0.001120, 0.001247, 0.001165, 0.001235, 0.001130, 0.001341, 0.001154, 0.001432, 0.001280, 0.001343, 0.001180, 0.001343, 0.001114, 0.001280, 0.001297, 0.001351, 0.001175, 0.001275, 0.001266, 0.001243, 0.001140, 0.001243, 0.001219, 0.001224, 0.001172, 0.001184, 0.001132, 0.001030, 0.001151, 0.001113, 0.001102, 0.000928, 0.001184, 0.001004, 0.000893, 0.001017, 0.001111, 0.000863, 0.001083, 0.000931, 0.001039, 0.000904, 0.000942, 0.000787, 0.001089, 0.000885, 0.001017, 0.000915, 0.001032, 0.000996
16 , 1, 1, 1, 1, 1, 1, 1
16 , 0.008777, 0.008958, 0.009195, 0.009561, 0.009188, 0.009025, 0.007941
