0 , 0.000446, 0.000463, 0.000415, 0.000427, 0.000397, 0.000332, 0.000317, 0.000040, 0.000228, 0.000007, 0.000103, 0.000012, 0.000151, 0.000197, 0.000147, 0.000141, 0.000051, 0.000267, 0.000176, 0.000365, 0.000207, 0.000313, 0.000134, 0.000228, 0.000139, 0.000218, 0.000041, 0.000156, 0.000045, 0.000189, 0.000137, 0.000153, 0.000075, 0.000013, 0.000007, 0.000108, 0.000055, 0.000167, 0.000218, 0.000183, 0.000082, 0.000314, 0.000228, 0.000281, 0.000181, 0.000251, 0.000125, 0.000195, 0.000144, 0.000324, 0.000165, 0.000422, 0.000230, 0.000256, 0.000135, 0.000385, 0.000259, 0.000296, 0.000254, 0.000424, 0.000181, 0.000347, 0.000202, 0.000254, 0.000139, 0.000164, 0.000014, 0.000070, 0.000037, 0.000007, 0.000024, 0.000026, 0.000003, 0.000059, 0.000073, 0.000101, 0.000169, 0.000111, 0.000164, 0.000090, 0.000116, 0.000019, 0.000149, 0.000091, 0.000151, 0.000020, 0.000198, 0.000102, 0.000223, 0.000060, 0.000147, 0.000088
0 , 1, 1, 1, 1, 1, 1, 1
0 , 0.005123, 0.005053, 0.004291, 0.004240, 0.003492, 0.003143, 0.002361
1 , 0.000125, 0.000195, 0.000144, 0.000324, 0.000165, 0.000422, 0.000230, 0.000256, 0.000135, 0.000385, 0.000259, 0.000296, 0.000254, 0.000424, 0.000181, 0.000347, 0.000202, 0.000254, 0.000139, 0.000164, 0.000014, 0.000070, 0.000037, 0.000007, 0.000024, 0.000026, 0.000003, 0.000059, 0.000073, 0.000101, 0.000169, 0.000111, 0.000164, 0.000090, 0.000116, 0.000019, 0.000149, 0.000091, 0.000151, 0.000020, 0.000198, 0.000102, 0.000223, 0.000060, 0.000147, 0.000088, 0.000232, 0.000060, 0.000116, 0.000086, 0.000049, 0.000015, 0.000001, 0.000134, 0.000040, 0.000177, 0.000051, 0.000078, 0.000021, 0.000013, 0.000110, 0.000015, 0.000043, 0.000033, 0.000042, 0.000007, 0.000088, 0.000123, 0.000004, 0.000073, 0.000099, 0.000200, 0.000002, 0.000017, 0.000010, 0.000034, 0.000037, 0.000054, 0.000172, 0.000009, 0.000086, 0.000046, 0.000147, 0.000165, 0.000088, 0.000068, 0.000012, 0.000024, 0.000012, 0.000154, 0.000055, 0.000104
1 , 1, 2, 2, 2, 2, 2, 2
1 , 0.003617, 0.003698, 0.003454, 0.003249, 0.002804, 0.002880, 0.002872
2 , 0.000060, 0.000116, 0.000086, 0.000049, 0.000015, 0.000001, 0.000134, 0.000040, 0.000177, 0.000051, 0.000078, 0.000021, 0.000013, 0.000110, 0.000015, 0.000043, 0.000033, 0.000042, 0.000007, 0.000088, 0.000123, 0.000004, 0.000073, 0.000099, 0.000200, 0.000002, 0.000017, 0.000010, 0.000034, 0.000037, 0.000054, 0.000172, 0.000009, 0.000086, 0.000046, 0.000147, 0.000165, 0.000088, 0.000068, 0.000012, 0.000024, 0.000012, 0.000154, 0.000055, 0.000104, 0.000004, 0.000263, 0.000122, 0.000277, 0.000170, 0.000182, 0.000297, 0.000386, 0.000310, 0.000226, 0.000282, 0.000321, 0.000260, 0.000260, 0.000215, 0.000132, 0.000263, 0.000216, 0.000101, 0.000097, 0.000032, 0.000140, 0.000095, 0.000026, 0.000094, 0.000117, 0.000121, 0.000109, 0.000010, 0.000136, 0.000032, 0.000051, 0.000021, 0.000214, 0.000021, 0.000033, 0.000111, 0.000120, 0.000030, 0.000042, 0.000111, 0.000096, 0.000010, 0.000071, 0.000076, 0.000015, 0.000025
2 , 1, 1, 1, 3, 3, 3, 3
2 , 0.002959, 0.002756, 0.003079, 0.003188, 0.003282, 0.003355, 0.003004
3 , 0.000297, 0.000386, 0.000310, 0.000226, 0.000282, 0.000321, 0.000260, 0.000260, 0.000215, 0.000132, 0.000263, 0.000216, 0.000101, 0.000097, 0.000032, 0.000140, 0.000095, 0.000026, 0.000094, 0.000117, 0.000121, 0.000109, 0.000010, 0.000136, 0.000032, 0.000051, 0.000021, 0.000214, 0.000021, 0.000033, 0.000111, 0.000120, 0.000030, 0.000042, 0.000111, 0.000096, 0.000010, 0.000071, 0.000076, 0.000015, 0.000025, 0.000064, 0.000061, 0.000057, 0.000075, 0.000106, 0.000129, 0.000223, 0.000045, 0.000148, 0.000001, 0.000041, 0.000023, 0.000083, 0.000003, 0.000131, 0.000031, 0.000002, 0.000009, 0.000033, 0.000117, 0.000054, 0.000211, 0.000001, 0.000198, 0.000013, 0.000184, 0.000129, 0.000275, 0.000112, 0.000209, 0.000109, 0.000261, 0.000106, 0.000209, 0.000057, 0.000164, 0.000095, 0.000087, 0.000045, 0.000097, 0.000055, 0.000009, 0.000025, 0.000076, 0.000017, 0.000179, 0.000022, 0.000331, 0.000165, 0.000235, 0.000048
3 , 2, 2, 2, 2, 2, 2, 2
3 , 0.003896, 0.003467, 0.003552, 0.003218, 0.002957, 0.002373, 0.002195
4 , 0.000129, 0.000223, 0.000045, 0.000148, 0.000001, 0.000041, 0.000023, 0.000083, 0.000003, 0.000131, 0.000031, 0.000002, 0.000009, 0.000033, 0.000117, 0.000054, 0.000211, 0.000001, 0.000198, 0.000013, 0.000184, 0.000129, 0.000275, 0.000112, 0.000209, 0.000109, 0.000261, 0.000106, 0.000209, 0.000057, 0.000164, 0.000095, 0.000087, 0.000045, 0.000097, 0.000055, 0.000009, 0.000025, 0.000076, 0.000017, 0.000179, 0.000022, 0.000331, 0.000165, 0.000235, 0.000048, 0.000235, 0.000052, 0.000281, 0.000120, 0.000075, 0.000006, 0.000151, 0.000089, 0.000080, 0.000100, 0.000040, 0.000132, 0.000053, 0.000167, 0.000007, 0.000101, 0.000145, 0.000272, 0.000018, 0.000140, 0.000054, 0.000189, 0.000070, 0.000099, 0.000152, 0.000053, 0.000015, 0.000031, 0.000083, 0.000058, 0.000017, 0.000093, 0.000045, 0.000050, 0.000009, 0.000035, 0.000050, 0.000245, 0.000048, 0.000109, 0.000025, 0.000106, 0.000107, 0.000053, 0.000071, 0.000154
4 , 3, 3, 3, 3, 3, 3, 3
4 , 0.002015, 0.002134, 0.001969, 0.001968, 0.001620, 0.001607, 0.001160
5 , 0.000052, 0.000281, 0.000120, 0.000075, 0.000006, 0.000151, 0.000089, 0.000080, 0.000100, 0.000040, 0.000132, 0.000053, 0.000167, 0.000007, 0.000101, 0.000145, 0.000272, 0.000018, 0.000140, 0.000054, 0.000189, 0.000070, 0.000099, 0.000152, 0.000053, 0.000015, 0.000031, 0.000083, 0.000058, 0.000017, 0.000093, 0.000045, 0.000050, 0.000009, 0.000035, 0.000050, 0.000245, 0.000048, 0.000109, 0.000025, 0.000106, 0.000107, 0.000053, 0.000071, 0.000154, 0.000033, 0.000042, 0.000135, 0.000068, 0.000057, 0.000025, 0.000124, 0.000050, 0.000136, 0.000040, 0.000234, 0.000137, 0.000289, 0.000131, 0.000051, 0.000200, 0.000153, 0.000153, 0.000015, 0.000028, 0.000050, 0.000017, 0.000111, 0.000213, 0.000008, 0.000107, 0.000078, 0.000024, 0.000013, 0.000018, 0.000048, 0.000031, 0.000060, 0.000040, 0.000113, 0.000016, 0.000187, 0.000053, 0.000165, 0.000020, 0.000167, 0.000054, 0.000155, 0.000014, 0.000155, 0.000023, 0.000203
5 , 1, 1, 1, 1, 1, 1, 1
5 , 0.001531, 0.001367, 0.001624, 0.001456, 0.001478, 0.001320, 0.001156
6 , 0.000068, 0.000057, 0.000025, 0.000124, 0.000050, 0.000136, 0.000040, 0.000234, 0.000137, 0.000289, 0.000131, 0.000051, 0.000200, 0.000153, 0.000153, 0.000015, 0.000028, 0.000050, 0.000017, 0.000111, 0.000213, 0.000008, 0.000107, 0.000078, 0.000024, 0.000013, 0.000018, 0.000048, 0.000031, 0.000060, 0.000040, 0.000113, 0.000016, 0.000187, 0.000053, 0.000165, 0.000020, 0.000167, 0.000054, 0.000155, 0.000014, 0.000155, 0.000023, 0.000203, 0.000010, 0.000093, 0.000063, 0.000040, 0.000074, 0.000060, 0.000004, 0.000123, 0.000087, 0.000115, 0.000001, 0.000064, 0.000035, 0.000011, 0.000050, 0.000054, 0.000106, 0.000042, 0.000047, 0.000041, 0.000022, 0.000069, 0.000149, 0.000077, 0.000121, 0.000067, 0.000088, 0.000072, 0.000116, 0.000009, 0.000040, 0.000054, 0.000025, 0.000071, 0.000003, 0.000167, 0.000067, 0.000150, 0.000020, 0.000097, 0.000053, 0.000018, 0.000055, 0.000030, 0.000011, 0.000035, 0.000004, 0.000018
6 , 2, 1, 1, 1, 1, 1, 1
6 , 0.000437, 0.000575, 0.000902, 0.000816, 0.000918, 0.000958, 0.000869
7 , 0.000123, 0.000087, 0.000115, 0.000001, 0.000064, 0.000035, 0.000011, 0.000050, 0.000054, 0.000106, 0.000042, 0.000047, 0.000041, 0.000022, 0.000069, 0.000149, 0.000077, 0.000121, 0.000067, 0.000088, 0.000072, 0.000116, 0.000009, 0.000040, 0.000054, 0.000025, 0.000071, 0.000003, 0.000167, 0.000067, 0.000150, 0.000020, 0.000097, 0.000053, 0.000018, 0.000055, 0.000030, 0.000011, 0.000035, 0.000004, 0.000018, 0.000109, 0.000142, 0.000008, 0.000130, 0.000080, 0.000014, 0.000075, 0.000199, 0.000090, 0.000274, 0.000120, 0.000263, 0.000100, 0.000198, 0.000130, 0.000233, 0.000137, 0.000237, 0.000115, 0.000185, 0.000115, 0.000291, 0.000103, 0.000298, 0.000169, 0.000148, 0.000113, 0.000188, 0.000025, 0.000038, 0.000137, 0.000214, 0.000099, 0.000130, 0.000087, 0.000134, 0.000167, 0.000050, 0.000046, 0.000020, 0.000013, 0.000102, 0.000069, 0.000025, 0.000083, 0.000015, 0.000116, 0.000081, 0.000170, 0.000071, 0.000099
7 , 1, 1, 1, 1, 1, 1, 3
7 , 0.001940, 0.001988, 0.001891, 0.002068, 0.002029, 0.001906, 0.001934
8 , 0.000090, 0.000274, 0.000120, 0.000263, 0.000100, 0.000198, 0.000130, 0.000233, 0.000137, 0.000237, 0.000115, 0.000185, 0.000115, 0.000291, 0.000103, 0.000298, 0.000169, 0.000148, 0.000113, 0.000188, 0.000025, 0.000038, 0.000137, 0.000214, 0.000099, 0.000130, 0.000087, 0.000134, 0.000167, 0.000050, 0.000046, 0.000020, 0.000013, 0.000102, 0.000069, 0.000025, 0.000083, 0.000015, 0.000116, 0.000081, 0.000170, 0.000071, 0.000099, 0.000055, 0.000144, 0.000094, 0.000189, 0.000035, 0.000118, 0.000001, 0.000098, 0.000097, 0.000184, 0.000062, 0.000070, 0.000026, 0.000068, 0.000057, 0.000078, 0.000102, 0.000066, 0.000013, 0.000038, 0.000013, 0.000015, 0.000005, 0.000011, 0.000075, 0.000090, 0.000035, 0.000123, 0.000015, 0.000066, 0.000025, 0.000183, 0.000026, 0.000142, 0.000054, 0.000159, 0.000236, 0.000222, 0.000296, 0.000244, 0.000090, 0.000303, 0.000176, 0.000326, 0.000248, 0.000324, 0.000250, 0.000366, 0.000007
8 , 2, 2, 2, 2, 2, 2, 2
8 , 0.003822, 0.004253, 0.004525, 0.004164, 0.004464, 0.004546, 0.004698
9 , 0.000184, 0.000062, 0.000070, 0.000026, 0.000068, 0.000057, 0.000078, 0.000102, 0.000066, 0.000013, 0.000038, 0.000013, 0.000015, 0.000005, 0.000011, 0.000075, 0.000090, 0.000035, 0.000123, 0.000015, 0.000066, 0.000025, 0.000183, 0.000026, 0.000142, 0.000054, 0.000159, 0.000236, 0.000222, 0.000296, 0.000244, 0.000090, 0.000303, 0.000176, 0.000326, 0.000248, 0.000324, 0.000250, 0.000366, 0.000007, 0.000145, 0.000062, 0.000124, 0.000081, 0.000064, 0.000101, 0.000027, 0.000156, 0.000137, 0.000198, 0.000188, 0.000167, 0.000157, 0.000225, 0.000064, 0.000092, 0.000199, 0.000143, 0.000120, 0.000069, 0.000179, 0.000021, 0.000060, 0.000095, 0.000050, 0.000016, 0.000116, 0.000028, 0.000135, 0.000089, 0.000018, 0.000167, 0.000057, 0.000197, 0.000024, 0.000197, 0.000043, 0.000005, 0.000056, 0.000127, 0.000008, 0.000064, 0.000085, 0.000074, 0.000067, 0.000095, 0.000138, 0.000061, 0.000031, 0.000035, 0.000093, 0.000007
9 , 3, 3, 3, 3, 3, 3, 3
9 , 0.003142, 0.003348, 0.003398, 0.003475, 0.003512, 0.003576, 0.003585
10 , 0.000157, 0.000225, 0.000064, 0.000092, 0.000199, 0.000143, 0.000120, 0.000069, 0.000179, 0.000021, 0.000060, 0.000095, 0.000050, 0.000016, 0.000116, 0.000028, 0.000135, 0.000089, 0.000018, 0.000167, 0.000057, 0.000197, 0.000024, 0.000197, 0.000043, 0.000005, 0.000056, 0.000127, 0.000008, 0.000064, 0.000085, 0.000074, 0.000067, 0.000095, 0.000138, 0.000061, 0.000031, 0.000035, 0.000093, 0.000007, 0.000115, 0.000059, 0.000170, 0.000119, 0.000050, 0.000046, 0.000042, 0.000092, 0.000065, 0.000040, 0.000123, 0.000012, 0.000131, 0.000009, 0.000111, 0.000077, 0.000122, 0.000063, 0.000036, 0.000033, 0.000135, 0.000139, 0.000001, 0.000141, 0.000056, 0.000128, 0.000010, 0.000119, 0.000099, 0.000242, 0.000078, 0.000111, 0.000134, 0.000118, 0.000020, 0.000252, 0.000261, 0.000207, 0.000256, 0.000167, 0.000174, 0.000083, 0.000244, 0.000092, 0.000132, 0.000045, 0.000216, 0.000038, 0.000162, 0.000053, 0.000035, 0.000037
10 , 2, 2, 2, 2, 2, 2, 2
10 , 0.002272, 0.002262, 0.001739, 0.001848, 0.001536, 0.001487, 0.001290
11 , 0.000042, 0.000092, 0.000065, 0.000040, 0.000123, 0.000012, 0.000131, 0.000009, 0.000111, 0.000077, 0.000122, 0.000063, 0.000036, 0.000033, 0.000135, 0.000139, 0.000001, 0.000141, 0.000056, 0.000128, 0.000010, 0.000119, 0.000099, 0.000242, 0.000078, 0.000111, 0.000134, 0.000118, 0.000020, 0.000252, 0.000261, 0.000207, 0.000256, 0.000167, 0.000174, 0.000083, 0.000244, 0.000092, 0.000132, 0.000045, 0.000216, 0.000038, 0.000162, 0.000053, 0.000035, 0.000037, 0.000019, 0.000049, 0.000016, 0.000229, 0.000077, 0.000079, 0.000040, 0.000176, 0.000020, 0.000163, 0.000045, 0.000056, 0.000099, 0.000050, 0.000010, 0.000119, 0.000099, 0.000097, 0.000013, 0.000009, 0.000050, 0.000020, 0.000061, 0.000069, 0.000064, 0.000127, 0.000243, 0.000213, 0.000185, 0.000091, 0.000150, 0.000094, 0.000140, 0.000021, 0.000069, 0.000035, 0.000135, 0.000017, 0.000089, 0.000085, 0.000166, 0.000060, 0.000130, 0.000067, 0.000269, 0.000004
11 , 0, 0, 0, 0, 0, 0, 0
11 , 0.002433, 0.002310, 0.002546, 0.002270, 0.002137, 0.001350, 0.001436
12 , 0.000016, 0.000229, 0.000077, 0.000079, 0.000040, 0.000176, 0.000020, 0.000163, 0.000045, 0.000056, 0.000099, 0.000050, 0.000010, 0.000119, 0.000099, 0.000097, 0.000013, 0.000009, 0.000050, 0.000020, 0.000061, 0.000069, 0.000064, 0.000127, 0.000243, 0.000213, 0.000185, 0.000091, 0.000150, 0.000094, 0.000140, 0.000021, 0.000069, 0.000035, 0.000135, 0.000017, 0.000089, 0.000085, 0.000166, 0.000060, 0.000130, 0.000067, 0.000269, 0.000004, 0.000178, 0.000059, 0.000145, 0.000038, 0.000044, 0.000121, 0.000091, 0.000053, 0.000119, 0.000050, 0.000073, 0.000136, 0.000111, 0.000086, 0.000091, 0.000122, 0.000086, 0.000008, 0.000042, 0.000200, 0.000077, 0.000169, 0.000045, 0.000233, 0.000048, 0.000144, 0.000024, 0.000106, 0.000032, 0.000098, 0.000015, 0.000097, 0.000008, 0.000160, 0.000044, 0.000120, 0.000073, 0.000120, 0.000062, 0.000001, 0.000027, 0.000026, 0.000131, 0.000024, 0.000070, 0.000022, 0.000064, 0.000041
12 , 3, 3, 3, 3, 3, 3, 3
12 , 0.001503, 0.001574, 0.001696, 0.001614, 0.001684, 0.001694, 0.001442
13 , 0.000044, 0.000121, 0.000091, 0.000053, 0.000119, 0.000050, 0.000073, 0.000136, 0.000111, 0.000086, 0.000091, 0.000122, 0.000086, 0.000008, 0.000042, 0.000200, 0.000077, 0.000169, 0.000045, 0.000233, 0.000048, 0.000144, 0.000024, 0.000106, 0.000032, 0.000098, 0.000015, 0.000097, 0.000008, 0.000160, 0.000044, 0.000120, 0.000073, 0.000120, 0.000062, 0.000001, 0.000027, 0.000026, 0.000131, 0.000024, 0.000070, 0.000022, 0.000064, 0.000041, 0.000030, 0.000029, 0.000037, 0.000096, 0.000062, 0.000062, 0.000054, 0.000073, 0.000004, 0.000020, 0.000036, 0.000082, 0.000110, 0.000017, 0.000071, 0.000078, 0.000115, 0.000075, 0.000057, 0.000107, 0.000125, 0.000118, 0.000115, 0.000009, 0.000178, 0.000032, 0.000009, 0.000088, 0.000079, 0.000171, 0.000087, 0.000052, 0.000105, 0.000068, 0.000044, 0.000036, 0.000188, 0.000061, 0.000122, 0.000089, 0.000177, 0.000005, 0.000041, 0.000022, 0.000063, 0.000064, 0.000030, 0.000046
13 , 2, 2, 2, 2, 2, 2, 1
13 , 0.000768, 0.000882, 0.000798, 0.001077, 0.000938, 0.000924, 0.000901
14 , 0.000062, 0.000054, 0.000073, 0.000004, 0.000020, 0.000036, 0.000082, 0.000110, 0.000017, 0.000071, 0.000078, 0.000115, 0.000075, 0.000057, 0.000107, 0.000125, 0.000118, 0.000115, 0.000009, 0.000178, 0.000032, 0.000009, 0.000088, 0.000079, 0.000171, 0.000087, 0.000052, 0.000105, 0.000068, 0.000044, 0.000036, 0.000188, 0.000061, 0.000122, 0.000089, 0.000177, 0.000005, 0.000041, 0.000022, 0.000063, 0.000064, 0.000030, 0.000046, 0.000032, 0.000055, 0.000073, 0.000077, 0.000098, 0.000006, 0.000085, 0.000001, 0.000103, 0.000034, 0.000128, 0.000120, 0.000189, 0.000041, 0.000144, 0.000052, 0.000141, 0.000040, 0.000220, 0.000002, 0.000063, 0.000025, 0.000139, 0.000041, 0.000071, 0.000131, 0.000080, 0.000155, 0.000075, 0.000139, 0.000167, 0.000139, 0.000082, 0.000115, 0.000164, 0.000113, 0.000047, 0.000111, 0.000047, 0.000211, 0.000006, 0.000057, 0.000035, 0.000153, 0.000086, 0.000032, 0.000097, 0.000021, 0.000135
14 , 0, 2, 2, 0, 0, 2, 1
14 , 0.000565, 0.000477, 0.000307, 0.000252, 0.000266, 0.000122, 0.000333
15 , 0.000077, 0.000098, 0.000006, 0.000085, 0.000001, 0.000103, 0.000034, 0.000128, 0.000120, 0.000189, 0.000041, 0.000144, 0.000052, 0.000141, 0.000040, 0.000220, 0.000002, 0.000063, 0.000025, 0.000139, 0.000041, 0.000071, 0.000131, 0.000080, 0.000155, 0.000075, 0.000139, 0.000167, 0.000139, 0.000082, 0.000115, 0.000164, 0.000113, 0.000047, 0.000111, 0.000047, 0.000211, 0.000006, 0.000057, 0.000035, 0.000153, 0.000086, 0.000032, 0.000097, 0.000021, 0.000135, 0.000082, 0.000163, 0.000041, 0.000230, 0.000090, 0.000341, 0.000106, 0.000209, 0.000211, 0.000344, 0.000205, 0.000221, 0.000133, 0.000260, 0.000202, 0.000183, 0.000211, 0.000277, 0.000264, 0.000250, 0.000115, 0.000062, 0.000037, 0.000037, 0.000164, 0.000070, 0.000144, 0.000013, 0.000188, 0.000105, 0.000102, 0.000110, 0.000087, 0.000069, 0.000143, 0.000007, 0.000125, 0.000029, 0.000173, 0.000108, 0.000117, 0.000046, 0.000176, 0.000102, 0.000127, 0.000026
15 , 3, 3, 3, 3, 3, 3, 3
15 , 0.002374, 0.002099, 0.002020, 0.002252, 0.002038, 0.002227, 0.001696
16 , 0.000082, 0.000163, 0.000041, 0.000230, 0.000090, 0.000341, 0.000106, 0.000209, 0.000211, 0.000344, 0.000205, 0.000221, 0.000133, 0.000260, 0.000202, 0.000183, 0.000211, 0.000277, 0.000264, 0.000250, 0.000115, 0.000062, 0.000037, 0.000037, 0.000164, 0.000070, 0.000144, 0.000013, 0.000188, 0.000105, 0.000102, 0.000110, 0.000087, 0.000069, 0.000143, 0.000007, 0.000125, 0.000029, 0.000173, 0.000108, 0.000117, 0.000046, 0.000176, 0.000102, 0.000127, 0.000026, 0.000170, 0.000037, 0.000253, 0.000112, 0.000134, 0.000158, 0.000302, 0.000418, 0.000326, 0.000257, 0.000158, 0.000297, 0.000242, 0.000264, 0.000236, 0.000253, 0.000214, 0.000247, 0.000217, 0.000192, 0.000062, 0.000289, 0.000104, 0.000161, 0.000051, 0.000177, 0.000022, 0.000239, 0.000006, 0.000138, 0.000052, 0.000038, 0.000058, 0.000123, 0.000120, 0.000043, 0.000040, 0.000005, 0.000265, 0.000108, 0.000118, 0.000041, 0.000078, 0.000078, 0.000091, 0.000052
16 , 1, 1, 1, 1, 1, 1, 1
16 , 0.004448, 0.004727, 0.005114, 0.004814, 0.005037, 0.004399, 0.004915
