0 , 0.001621, 0.001477, 0.001504, 0.001709, 0.001568, 0.001571, 0.001450, 0.001647, 0.001517, 0.001561, 0.001492, 0.001619, 0.001577, 0.001382, 0.001482, 0.001382, 0.001658, 0.001661, 0.001640, 0.001549, 0.001646, 0.001587, 0.001893, 0.000311, 0.001606, 0.001370, 0.001442, 0.001353, 0.001321, 0.001340, 0.001181, 0.001272, 0.001122, 0.001107, 0.001163, 0.001297, 0.001228, 0.001330, 0.001200, 0.001233, 0.001226, 0.001317, 0.001193, 0.001322, 0.001204, 0.001229, 0.001010, 0.000596, 0.001409, 0.001387, 0.001480, 0.001278, 0.001656, 0.001528, 0.001719, 0.001528, 0.001500, 0.001613, 0.001500, 0.001595, 0.001384, 0.001678, 0.001513, 0.001586, 0.001498, 0.001512, 0.001572, 0.001494, 0.001596, 0.001450, 0.001810, 0.001331, 0.001199, 0.001449, 0.001474, 0.001299, 0.001264, 0.001294, 0.001378, 0.001244, 0.001297, 0.001199, 0.001344, 0.001283, 0.001290, 0.001182, 0.001458, 0.001227, 0.001381, 0.001114, 0.001362, 0.001290
0 , 1, 1, 1, 1, 1, 1, 1
0 , 0.005678, 0.007221, 0.009267, 0.011552, 0.013685, 0.011250, 0.011596
1 , 0.001480, 0.001278, 0.001656, 0.001528, 0.001719, 0.001528, 0.001500, 0.001613, 0.001500, 0.001595, 0.001384, 0.001678, 0.001513, 0.001586, 0.001498, 0.001512, 0.001572, 0.001494, 0.001596, 0.001450, 0.001810, 0.001331, 0.001199, 0.001449, 0.001474, 0.001299, 0.001264, 0.001294, 0.001378, 0.001244, 0.001297, 0.001199, 0.001344, 0.001283, 0.001290, 0.001182, 0.001458, 0.001227, 0.001381, 0.001114, 0.001362, 0.001290, 0.001503, 0.001159, 0.001485, 0.001161, 0.001549, 0.000046, 0.001299, 0.001237, 0.001355, 0.001403, 0.001441, 0.001397, 0.001673, 0.001601, 0.001782, 0.001552, 0.001728, 0.001810, 0.001777, 0.001702, 0.001674, 0.001914, 0.001764, 0.001864, 0.001669, 0.001823, 0.001919, 0.001902, 0.001769, 0.001732, 0.000076, 0.001474, 0.001343, 0.001472, 0.001227, 0.001349, 0.001330, 0.001395, 0.001178, 0.001323, 0.001224, 0.001255, 0.001278, 0.001361, 0.001228, 0.001361, 0.001315, 0.001430, 0.001267, 0.001476
1 , 1, 1, 1, 1, 1, 1, 1
1 , 0.007537, 0.009279, 0.011704, 0.011944, 0.014917, 0.012795, 0.013247
2 , 0.001355, 0.001403, 0.001441, 0.001397, 0.001673, 0.001601, 0.001782, 0.001552, 0.001728, 0.001810, 0.001777, 0.001702, 0.001674, 0.001914, 0.001764, 0.001864, 0.001669, 0.001823, 0.001919, 0.001902, 0.001769, 0.001732, 0.000076, 0.001474, 0.001343, 0.001472, 0.001227, 0.001349, 0.001330, 0.001395, 0.001178, 0.001323, 0.001224, 0.001255, 0.001278, 0.001361, 0.001228, 0.001361, 0.001315, 0.001430, 0.001267, 0.001476, 0.001317, 0.001295, 0.001315, 0.000709, 0.001062, 0.001318, 0.001227, 0.001659, 0.001540, 0.001615, 0.001452, 0.001780, 0.001785, 0.001736, 0.001737, 0.001677, 0.001912, 0.001666, 0.001882, 0.001536, 0.001721, 0.001917, 0.001721, 0.001867, 0.001587, 0.001807, 0.001638, 0.001752, 0.001643, 0.001989, 0.000868, 0.001451, 0.001408, 0.001378, 0.001180, 0.001243, 0.001124, 0.001180, 0.001074, 0.001251, 0.001200, 0.001221, 0.001216, 0.001436, 0.001155, 0.001284, 0.001204, 0.001386, 0.001209, 0.001373
2 , 1, 1, 1, 1, 1, 1, 1
2 , 0.011386, 0.014405, 0.017521, 0.019538, 0.018465, 0.017883, 0.017436
3 , 0.001659, 0.001540, 0.001615, 0.001452, 0.001780, 0.001785, 0.001736, 0.001737, 0.001677, 0.001912, 0.001666, 0.001882, 0.001536, 0.001721, 0.001917, 0.001721, 0.001867, 0.001587, 0.001807, 0.001638, 0.001752, 0.001643, 0.001989, 0.000868, 0.001451, 0.001408, 0.001378, 0.001180, 0.001243, 0.001124, 0.001180, 0.001074, 0.001251, 0.001200, 0.001221, 0.001216, 0.001436, 0.001155, 0.001284, 0.001204, 0.001386, 0.001209, 0.001373, 0.001211, 0.001409, 0.001276, 0.001356, 0.001042, 0.001259, 0.000458, 0.001419, 0.001353, 0.001464, 0.001276, 0.001533, 0.001424, 0.001533, 0.001538, 0.001495, 0.001396, 0.001512, 0.001569, 0.001423, 0.001596, 0.001423, 0.001626, 0.001457, 0.001384, 0.001473, 0.001410, 0.001619, 0.001608, 0.001730, 0.001225, 0.000733, 0.001424, 0.001251, 0.001140, 0.001043, 0.001135, 0.000907, 0.001061, 0.000845, 0.001027, 0.000830, 0.000970, 0.000763, 0.000910, 0.000813, 0.000896, 0.000731, 0.001008
3 , 1, 1, 1, 1, 1, 1, 1
3 , 0.012432, 0.013876, 0.015599, 0.017178, 0.019764, 0.019882, 0.021824
4 , 0.001464, 0.001276, 0.001533, 0.001424, 0.001533, 0.001538, 0.001495, 0.001396, 0.001512, 0.001569, 0.001423, 0.001596, 0.001423, 0.001626, 0.001457, 0.001384, 0.001473, 0.001410, 0.001619, 0.001608, 0.001730, 0.001225, 0.000733, 0.001424, 0.001251, 0.001140, 0.001043, 0.001135, 0.000907, 0.001061, 0.000845, 0.001027, 0.000830, 0.000970, 0.000763, 0.000910, 0.000813, 0.000896, 0.000731, 0.001008, 0.000864, 0.001019, 0.000881, 0.001021, 0.001184, 0.000076, 0.001417, 0.001522, 0.001402, 0.001574, 0.001517, 0.001529, 0.001350, 0.001375, 0.001579, 0.001334, 0.001369, 0.001049, 0.001321, 0.001109, 0.001229, 0.001143, 0.001258, 0.001378, 0.001132, 0.001152, 0.001125, 0.001539, 0.001287, 0.001467, 0.000748, 0.001643, 0.001721, 0.001584, 0.001483, 0.001365, 0.001558, 0.001462, 0.001602, 0.001371, 0.001491, 0.001304, 0.001349, 0.001171, 0.001367, 0.001211, 0.001379, 0.001192, 0.001327, 0.001255, 0.001405, 0.001173
4 , 2, 2, 2, 2, 2, 2, 2
4 , 0.011608, 0.013047, 0.013559, 0.014334, 0.012495, 0.011912, 0.011048
5 , 0.001574, 0.001517, 0.001529, 0.001350, 0.001375, 0.001579, 0.001334, 0.001369, 0.001049, 0.001321, 0.001109, 0.001229, 0.001143, 0.001258, 0.001378, 0.001132, 0.001152, 0.001125, 0.001539, 0.001287, 0.001467, 0.000748, 0.001643, 0.001721, 0.001584, 0.001483, 0.001365, 0.001558, 0.001462, 0.001602, 0.001371, 0.001491, 0.001304, 0.001349, 0.001171, 0.001367, 0.001211, 0.001379, 0.001192, 0.001327, 0.001255, 0.001405, 0.001173, 0.001444, 0.001285, 0.001336, 0.000681, 0.000766, 0.001317, 0.001429, 0.001308, 0.001438, 0.001417, 0.001494, 0.001572, 0.001424, 0.001732, 0.001420, 0.001528, 0.001373, 0.001559, 0.001577, 0.001400, 0.001507, 0.001464, 0.001551, 0.001433, 0.001635, 0.001587, 0.001615, 0.001978, 0.000482, 0.001707, 0.001506, 0.001433, 0.001311, 0.001454, 0.001206, 0.001444, 0.001309, 0.001440, 0.001344, 0.001424, 0.001289, 0.001520, 0.001326, 0.001380, 0.001193, 0.001358, 0.001408, 0.001471, 0.001417
5 , 3, 3, 3, 3, 3, 1, 1
5 , 0.001020, 0.001629, 0.001976, 0.004421, 0.002166, 0.002510, 0.002887
6 , 0.001429, 0.001308, 0.001438, 0.001417, 0.001494, 0.001572, 0.001424, 0.001732, 0.001420, 0.001528, 0.001373, 0.001559, 0.001577, 0.001400, 0.001507, 0.001464, 0.001551, 0.001433, 0.001635, 0.001587, 0.001615, 0.001978, 0.000482, 0.001707, 0.001506, 0.001433, 0.001311, 0.001454, 0.001206, 0.001444, 0.001309, 0.001440, 0.001344, 0.001424, 0.001289, 0.001520, 0.001326, 0.001380, 0.001193, 0.001358, 0.001408, 0.001471, 0.001417, 0.001506, 0.001339, 0.001416, 0.000365, 0.001120, 0.001418, 0.001345, 0.001399, 0.001260, 0.001551, 0.001580, 0.001538, 0.001335, 0.001549, 0.001602, 0.001421, 0.001667, 0.001385, 0.001519, 0.001524, 0.001580, 0.001601, 0.001526, 0.001589, 0.001594, 0.001649, 0.001503, 0.001490, 0.000867, 0.001616, 0.001482, 0.001489, 0.001337, 0.001372, 0.001167, 0.001534, 0.001358, 0.001565, 0.001552, 0.001595, 0.001415, 0.001606, 0.001410, 0.001449, 0.001441, 0.001536, 0.001410, 0.001484, 0.001480
6 , 2, 1, 1, 1, 1, 1, 1
6 , 0.000670, 0.001418, 0.002570, 0.005978, 0.003580, 0.004585, 0.005026
7 , 0.001345, 0.001399, 0.001260, 0.001551, 0.001580, 0.001538, 0.001335, 0.001549, 0.001602, 0.001421, 0.001667, 0.001385, 0.001519, 0.001524, 0.001580, 0.001601, 0.001526, 0.001589, 0.001594, 0.001649, 0.001503, 0.001490, 0.000867, 0.001616, 0.001482, 0.001489, 0.001337, 0.001372, 0.001167, 0.001534, 0.001358, 0.001565, 0.001552, 0.001595, 0.001415, 0.001606, 0.001410, 0.001449, 0.001441, 0.001536, 0.001410, 0.001484, 0.001480, 0.001425, 0.001495, 0.001406, 0.001511, 0.000663, 0.001062, 0.000927, 0.001328, 0.001415, 0.001333, 0.001380, 0.001255, 0.001502, 0.001311, 0.001488, 0.001343, 0.001545, 0.001638, 0.001615, 0.001723, 0.001625, 0.001825, 0.001595, 0.001639, 0.001473, 0.001731, 0.001717, 0.001593, 0.001827, 0.000113, 0.001261, 0.001441, 0.001444, 0.001340, 0.001297, 0.001254, 0.001190, 0.001310, 0.001333, 0.001396, 0.001381, 0.001463, 0.001355, 0.001419, 0.001384, 0.001477, 0.001355, 0.001386, 0.001395
7 , 3, 1, 1, 1, 1, 1, 1
7 , 0.001628, 0.002659, 0.003779, 0.004110, 0.005472, 0.004021, 0.004889
8 , 0.001328, 0.001415, 0.001333, 0.001380, 0.001255, 0.001502, 0.001311, 0.001488, 0.001343, 0.001545, 0.001638, 0.001615, 0.001723, 0.001625, 0.001825, 0.001595, 0.001639, 0.001473, 0.001731, 0.001717, 0.001593, 0.001827, 0.000113, 0.001261, 0.001441, 0.001444, 0.001340, 0.001297, 0.001254, 0.001190, 0.001310, 0.001333, 0.001396, 0.001381, 0.001463, 0.001355, 0.001419, 0.001384, 0.001477, 0.001355, 0.001386, 0.001395, 0.001355, 0.001386, 0.001504, 0.000894, 0.000848, 0.001406, 0.001164, 0.001299, 0.001589, 0.001338, 0.001486, 0.001415, 0.001614, 0.001519, 0.001624, 0.001510, 0.001575, 0.001649, 0.001477, 0.001574, 0.001447, 0.001639, 0.001483, 0.001578, 0.001491, 0.001453, 0.001497, 0.001627, 0.000452, 0.001606, 0.001550, 0.001550, 0.001531, 0.001414, 0.001505, 0.001412, 0.001444, 0.001292, 0.001325, 0.001295, 0.001451, 0.001273, 0.001311, 0.001395, 0.001367, 0.001302, 0.001337, 0.001358, 0.001526, 0.001257
8 , 1, 1, 1, 1, 1, 1, 1
8 , 0.003184, 0.004582, 0.006646, 0.007324, 0.005202, 0.005708, 0.006413
9 , 0.001299, 0.001589, 0.001338, 0.001486, 0.001415, 0.001614, 0.001519, 0.001624, 0.001510, 0.001575, 0.001649, 0.001477, 0.001574, 0.001447, 0.001639, 0.001483, 0.001578, 0.001491, 0.001453, 0.001497, 0.001627, 0.000452, 0.001606, 0.001550, 0.001550, 0.001531, 0.001414, 0.001505, 0.001412, 0.001444, 0.001292, 0.001325, 0.001295, 0.001451, 0.001273, 0.001311, 0.001395, 0.001367, 0.001302, 0.001337, 0.001358, 0.001526, 0.001257, 0.001419, 0.001372, 0.001346, 0.001295, 0.000076, 0.001116, 0.001153, 0.001230, 0.001071, 0.001408, 0.001244, 0.001299, 0.001191, 0.001290, 0.001409, 0.001244, 0.001279, 0.001137, 0.001210, 0.001176, 0.001310, 0.001005, 0.001251, 0.001394, 0.001265, 0.001339, 0.001239, 0.001481, 0.001258, 0.001304, 0.001810, 0.001525, 0.001461, 0.001548, 0.001272, 0.001440, 0.001323, 0.001393, 0.001175, 0.001426, 0.001351, 0.001508, 0.001255, 0.001473, 0.001384, 0.001485, 0.001234, 0.001371, 0.001295
9 , 2, 2, 2, 2, 2, 2, 2
9 , 0.006520, 0.007222, 0.007963, 0.006035, 0.006938, 0.007158, 0.007014
10 , 0.001116, 0.001153, 0.001230, 0.001071, 0.001408, 0.001244, 0.001299, 0.001191, 0.001290, 0.001409, 0.001244, 0.001279, 0.001137, 0.001210, 0.001176, 0.001310, 0.001005, 0.001251, 0.001394, 0.001265, 0.001339, 0.001239, 0.001481, 0.001258, 0.001304, 0.001810, 0.001525, 0.001461, 0.001548, 0.001272, 0.001440, 0.001323, 0.001393, 0.001175, 0.001426, 0.001351, 0.001508, 0.001255, 0.001473, 0.001384, 0.001485, 0.001234, 0.001371, 0.001295, 0.001506, 0.001317, 0.001714, 0.000257, 0.001038, 0.001234, 0.001339, 0.001336, 0.001299, 0.001485, 0.001640, 0.001540, 0.001540, 0.001461, 0.001724, 0.001589, 0.001707, 0.001475, 0.001475, 0.001709, 0.001399, 0.001607, 0.001468, 0.001630, 0.001613, 0.001472, 0.001381, 0.001485, 0.001446, 0.001607, 0.000569, 0.002015, 0.001718, 0.001659, 0.001537, 0.001474, 0.001542, 0.001535, 0.001564, 0.001353, 0.001544, 0.001485, 0.001421, 0.001330, 0.001541, 0.001374, 0.001388, 0.001243
10 , 0, 0, 0, 0, 3, 3, 3
10 , 0.005276, 0.005253, 0.004949, 0.004455, 0.003136, 0.003408, 0.003940
11 , 0.001714, 0.000257, 0.001038, 0.001234, 0.001339, 0.001336, 0.001299, 0.001485, 0.001640, 0.001540, 0.001540, 0.001461, 0.001724, 0.001589, 0.001707, 0.001475, 0.001475, 0.001709, 0.001399, 0.001607, 0.001468, 0.001630, 0.001613, 0.001472, 0.001381, 0.001485, 0.001446, 0.001607, 0.000569, 0.002015, 0.001718, 0.001659, 0.001537, 0.001474, 0.001542, 0.001535, 0.001564, 0.001353, 0.001544, 0.001485, 0.001421, 0.001330, 0.001541, 0.001374, 0.001388, 0.001243, 0.001389, 0.001257, 0.001305, 0.001132, 0.001208, 0.001107, 0.001276, 0.001084, 0.001317, 0.001054, 0.001180, 0.001145, 0.001246, 0.001200, 0.001266, 0.000985, 0.001388, 0.001119, 0.001271, 0.001375, 0.001406, 0.001373, 0.001422, 0.001440, 0.001407, 0.001210, 0.001409, 0.001309, 0.001503, 0.001367, 0.001555, 0.001384, 0.001361, 0.001382, 0.001408, 0.001341, 0.001484, 0.001397, 0.001317, 0.001434, 0.001432, 0.001445, 0.001426, 0.001398, 0.001456, 0.001496
11 , 0, 0, 0, 0, 0, 2, 2
11 , 0.006006, 0.005418, 0.005050, 0.004568, 0.004439, 0.004392, 0.004679
12 , 0.001389, 0.001257, 0.001305, 0.001132, 0.001208, 0.001107, 0.001276, 0.001084, 0.001317, 0.001054, 0.001180, 0.001145, 0.001246, 0.001200, 0.001266, 0.000985, 0.001388, 0.001119, 0.001271, 0.001375, 0.001406, 0.001373, 0.001422, 0.001440, 0.001407, 0.001210, 0.001409, 0.001309, 0.001503, 0.001367, 0.001555, 0.001384, 0.001361, 0.001382, 0.001408, 0.001341, 0.001484, 0.001397, 0.001317, 0.001434, 0.001432, 0.001445, 0.001426, 0.001398, 0.001456, 0.001496, 0.001290, 0.001302, 0.001180, 0.001304, 0.001175, 0.001283, 0.001192, 0.001456, 0.001182, 0.001341, 0.001234, 0.001461, 0.001257, 0.001297, 0.001169, 0.001419, 0.001323, 0.001417, 0.001260, 0.001366, 0.001321, 0.001450, 0.001213, 0.001472, 0.001307, 0.001461, 0.001295, 0.001452, 0.001280, 0.001562, 0.001465, 0.001441, 0.001345, 0.001556, 0.001375, 0.001406, 0.001430, 0.001539, 0.001410, 0.001491, 0.001487, 0.001539, 0.001491, 0.001365, 0.001456, 0.001478
12 , 0, 0, 0, 0, 0, 0, 0
12 , 0.006435, 0.006911, 0.006991, 0.006933, 0.006611, 0.006117, 0.005761
13 , 0.001180, 0.001304, 0.001175, 0.001283, 0.001192, 0.001456, 0.001182, 0.001341, 0.001234, 0.001461, 0.001257, 0.001297, 0.001169, 0.001419, 0.001323, 0.001417, 0.001260, 0.001366, 0.001321, 0.001450, 0.001213, 0.001472, 0.001307, 0.001461, 0.001295, 0.001452, 0.001280, 0.001562, 0.001465, 0.001441, 0.001345, 0.001556, 0.001375, 0.001406, 0.001430, 0.001539, 0.001410, 0.001491, 0.001487, 0.001539, 0.001491, 0.001365, 0.001456, 0.001478, 0.001452, 0.001358, 0.001450, 0.001352, 0.001515, 0.001433, 0.001552, 0.001391, 0.001491, 0.001419, 0.001550, 0.001415, 0.001406, 0.001380, 0.001493, 0.001275, 0.001593, 0.001319, 0.001424, 0.001424, 0.001529, 0.001346, 0.001421, 0.001323, 0.001365, 0.001208, 0.001416, 0.001370, 0.001485, 0.001478, 0.001421, 0.001334, 0.001547, 0.001388, 0.001562, 0.001491, 0.001478, 0.001497, 0.001607, 0.001562, 0.001491, 0.001554, 0.001594, 0.001600, 0.001479, 0.001661, 0.001493, 0.001584
13 , 0, 0, 0, 0, 0, 0, 0
13 , 0.003658, 0.004091, 0.004749, 0.004757, 0.004831, 0.004942, 0.005008
14 , 0.001491, 0.001419, 0.001550, 0.001415, 0.001406, 0.001380, 0.001493, 0.001275, 0.001593, 0.001319, 0.001424, 0.001424, 0.001529, 0.001346, 0.001421, 0.001323, 0.001365, 0.001208, 0.001416, 0.001370, 0.001485, 0.001478, 0.001421, 0.001334, 0.001547, 0.001388, 0.001562, 0.001491, 0.001478, 0.001497, 0.001607, 0.001562, 0.001491, 0.001554, 0.001594, 0.001600, 0.001479, 0.001661, 0.001493, 0.001584, 0.001544, 0.001667, 0.001572, 0.001584, 0.001452, 0.001643, 0.001465, 0.001528, 0.001456, 0.001554, 0.001395, 0.001604, 0.001356, 0.001441, 0.001412, 0.001499, 0.001362, 0.001525, 0.001417, 0.001632, 0.001478, 0.001569, 0.001384, 0.001565, 0.001439, 0.001636, 0.001447, 0.001543, 0.001482, 0.001454, 0.001393, 0.001399, 0.001404, 0.001497, 0.001465, 0.001549, 0.001510, 0.001384, 0.001536, 0.001506, 0.001606, 0.001471, 0.001621, 0.001354, 0.001571, 0.001362, 0.001528, 0.001458, 0.001565, 0.001406, 0.001450, 0.001345
14 , 3, 3, 3, 3, 0, 0, 0
14 , 0.002697, 0.002948, 0.002989, 0.002865, 0.003036, 0.003210, 0.003306
15 , 0.001356, 0.001441, 0.001412, 0.001499, 0.001362, 0.001525, 0.001417, 0.001632, 0.001478, 0.001569, 0.001384, 0.001565, 0.001439, 0.001636, 0.001447, 0.001543, 0.001482, 0.001454, 0.001393, 0.001399, 0.001404, 0.001497, 0.001465, 0.001549, 0.001510, 0.001384, 0.001536, 0.001506, 0.001606, 0.001471, 0.001621, 0.001354, 0.001571, 0.001362, 0.001528, 0.001458, 0.001565, 0.001406, 0.001450, 0.001345, 0.001569, 0.001319, 0.001528, 0.001423, 0.001678, 0.001491, 0.001600, 0.001345, 0.001476, 0.001330, 0.001395, 0.001297, 0.001386, 0.001292, 0.001545, 0.001451, 0.001449, 0.001435, 0.001505, 0.001405, 0.001459, 0.001417, 0.001476, 0.001530, 0.001493, 0.001580, 0.001582, 0.001575, 0.001549, 0.001608, 0.001534, 0.001604, 0.001534, 0.001595, 0.001513, 0.001700, 0.001526, 0.001778, 0.001722, 0.001676, 0.001554, 0.001702, 0.001572, 0.001759, 0.001556, 0.001767, 0.001574, 0.001647, 0.001515, 0.001682, 0.001611, 0.001737
15 , 2, 0, 0, 0, 0, 0, 2
15 , 0.003630, 0.003729, 0.003692, 0.004170, 0.003542, 0.003367, 0.003287
16 , 0.001330, 0.001395, 0.001297, 0.001386, 0.001292, 0.001545, 0.001451, 0.001449, 0.001435, 0.001505, 0.001405, 0.001459, 0.001417, 0.001476, 0.001530, 0.001493, 0.001580, 0.001582, 0.001575, 0.001549, 0.001608, 0.001534, 0.001604, 0.001534, 0.001595, 0.001513, 0.001700, 0.001526, 0.001778, 0.001722, 0.001676, 0.001554, 0.001702, 0.001572, 0.001759, 0.001556, 0.001767, 0.001574, 0.001647, 0.001515, 0.001682, 0.001611, 0.001737, 0.001463, 0.001599, 0.001528, 0.001680, 0.001558, 0.001623, 0.001543, 0.001623, 0.001528, 0.001450, 0.001487, 0.001337, 0.001503, 0.001388, 0.001421, 0.001515, 0.001461, 0.001405, 0.001480, 0.001302, 0.001446, 0.001256, 0.001315, 0.001195, 0.001385, 0.001231, 0.001441, 0.001251, 0.001343, 0.001333, 0.001414, 0.001332, 0.001590, 0.001332, 0.001508, 0.001389, 0.001452, 0.001412, 0.001480, 0.001465, 0.001575, 0.001467, 0.001534, 0.001495, 0.001617, 0.001502, 0.001441, 0.001441, 0.001478
16 , 3, 0, 0, 0, 0, 0, 0
16 , 0.004347, 0.004269, 0.004011, 0.004754, 0.004777, 0.005178, 0.005118
