0 , 0.001221, 0.001335, 0.001289, 0.001231, 0.001082, 0.001105, 0.001018, 0.001241, 0.001120, 0.001257, 0.000998, 0.001155, 0.000942, 0.001186, 0.001102, 0.001216, 0.000968, 0.001186, 0.001108, 0.001161, 0.001172, 0.001211, 0.001196, 0.000267, 0.001429, 0.001275, 0.001610, 0.001509, 0.001483, 0.001427, 0.001388, 0.001703, 0.001513, 0.001655, 0.001485, 0.001691, 0.001775, 0.001659, 0.001731, 0.001708, 0.001838, 0.001675, 0.001826, 0.001758, 0.001840, 0.001877, 0.001781, 0.001904, 0.000038, 0.001108, 0.001252, 0.001164, 0.001034, 0.001084, 0.001097, 0.001003, 0.001084, 0.000901, 0.001012, 0.000963, 0.001001, 0.001013, 0.001102, 0.001052, 0.001154, 0.001235, 0.001189, 0.001238, 0.001328, 0.001215, 0.001389, 0.000802, 0.000965, 0.001474, 0.001357, 0.001509, 0.001673, 0.001504, 0.001504, 0.001378, 0.001621, 0.001461, 0.001707, 0.001489, 0.001622, 0.001794, 0.001803, 0.001856, 0.001593, 0.001969, 0.001930, 0.001879
0 , 0, 0, 0, 0, 0, 0, 0
0 , 0.014633, 0.016950, 0.018563, 0.020125, 0.022964, 0.023847, 0.023458
1 , 0.001164, 0.001034, 0.001084, 0.001097, 0.001003, 0.001084, 0.000901, 0.001012, 0.000963, 0.001001, 0.001013, 0.001102, 0.001052, 0.001154, 0.001235, 0.001189, 0.001238, 0.001328, 0.001215, 0.001389, 0.000802, 0.000965, 0.001474, 0.001357, 0.001509, 0.001673, 0.001504, 0.001504, 0.001378, 0.001621, 0.001461, 0.001707, 0.001489, 0.001622, 0.001794, 0.001803, 0.001856, 0.001593, 0.001969, 0.001930, 0.001879, 0.001806, 0.001937, 0.001912, 0.002130, 0.000748, 0.001178, 0.001172, 0.001244, 0.001092, 0.001043, 0.001164, 0.001128, 0.001156, 0.001035, 0.001098, 0.001118, 0.001128, 0.001095, 0.001024, 0.000864, 0.001072, 0.000907, 0.001067, 0.000995, 0.001109, 0.001046, 0.001234, 0.001031, 0.001203, 0.001193, 0.000461, 0.001450, 0.001520, 0.001747, 0.001505, 0.001751, 0.001570, 0.001710, 0.001656, 0.001777, 0.001858, 0.001818, 0.001897, 0.001808, 0.001983, 0.001827, 0.001913, 0.001813, 0.001827, 0.001867, 0.001786
1 , 0, 0, 0, 0, 0, 0, 0
1 , 0.023310, 0.024595, 0.025056, 0.026133, 0.027638, 0.027243, 0.026339
2 , 0.001043, 0.001164, 0.001128, 0.001156, 0.001035, 0.001098, 0.001118, 0.001128, 0.001095, 0.001024, 0.000864, 0.001072, 0.000907, 0.001067, 0.000995, 0.001109, 0.001046, 0.001234, 0.001031, 0.001203, 0.001193, 0.000461, 0.001450, 0.001520, 0.001747, 0.001505, 0.001751, 0.001570, 0.001710, 0.001656, 0.001777, 0.001858, 0.001818, 0.001897, 0.001808, 0.001983, 0.001827, 0.001913, 0.001813, 0.001827, 0.001867, 0.001786, 0.001869, 0.001696, 0.001885, 0.001619, 0.000889, 0.001496, 0.001201, 0.001089, 0.001173, 0.001145, 0.001158, 0.001092, 0.001135, 0.001064, 0.001209, 0.001105, 0.001381, 0.001260, 0.001325, 0.001105, 0.001316, 0.001151, 0.001327, 0.001116, 0.001434, 0.001070, 0.001477, 0.000030, 0.001356, 0.001413, 0.001508, 0.001564, 0.001555, 0.001555, 0.001794, 0.001720, 0.001678, 0.001504, 0.001768, 0.001652, 0.001720, 0.001710, 0.001717, 0.001922, 0.001710, 0.001771, 0.001662, 0.001634, 0.001604, 0.001531
2 , 0, 0, 0, 0, 0, 0, 0
2 , 0.020724, 0.021940, 0.025581, 0.026347, 0.026271, 0.025374, 0.023742
3 , 0.001089, 0.001173, 0.001145, 0.001158, 0.001092, 0.001135, 0.001064, 0.001209, 0.001105, 0.001381, 0.001260, 0.001325, 0.001105, 0.001316, 0.001151, 0.001327, 0.001116, 0.001434, 0.001070, 0.001477, 0.000030, 0.001356, 0.001413, 0.001508, 0.001564, 0.001555, 0.001555, 0.001794, 0.001720, 0.001678, 0.001504, 0.001768, 0.001652, 0.001720, 0.001710, 0.001717, 0.001922, 0.001710, 0.001771, 0.001662, 0.001634, 0.001604, 0.001531, 0.001615, 0.001593, 0.001682, 0.001884, 0.000341, 0.001594, 0.001348, 0.001329, 0.001322, 0.001219, 0.001252, 0.001182, 0.001240, 0.001161, 0.001250, 0.001166, 0.001265, 0.001166, 0.001292, 0.001061, 0.001208, 0.001155, 0.001232, 0.001039, 0.001135, 0.000920, 0.001049, 0.000991, 0.001294, 0.000711, 0.001055, 0.001690, 0.001694, 0.001694, 0.001619, 0.001778, 0.001601, 0.001664, 0.001603, 0.001620, 0.001731, 0.001571, 0.001788, 0.001465, 0.001587, 0.001561, 0.001608, 0.001617, 0.001444
3 , 0, 0, 0, 0, 0, 0, 0
3 , 0.013498, 0.014389, 0.018710, 0.020429, 0.018543, 0.019964, 0.020208
4 , 0.001348, 0.001329, 0.001322, 0.001219, 0.001252, 0.001182, 0.001240, 0.001161, 0.001250, 0.001166, 0.001265, 0.001166, 0.001292, 0.001061, 0.001208, 0.001155, 0.001232, 0.001039, 0.001135, 0.000920, 0.001049, 0.000991, 0.001294, 0.000711, 0.001055, 0.001690, 0.001694, 0.001694, 0.001619, 0.001778, 0.001601, 0.001664, 0.001603, 0.001620, 0.001731, 0.001571, 0.001788, 0.001465, 0.001587, 0.001561, 0.001608, 0.001617, 0.001444, 0.001759, 0.001498, 0.001642, 0.001480, 0.001899, 0.000973, 0.001381, 0.001432, 0.001448, 0.001184, 0.001210, 0.001175, 0.001324, 0.001247, 0.001320, 0.001238, 0.001301, 0.001224, 0.001148, 0.001115, 0.001186, 0.001061, 0.001201, 0.001102, 0.001269, 0.001061, 0.001208, 0.000950, 0.001186, 0.000612, 0.001535, 0.001556, 0.001723, 0.001556, 0.001667, 0.001486, 0.001900, 0.001765, 0.001831, 0.001686, 0.001781, 0.001877, 0.001846, 0.001821, 0.001627, 0.001791, 0.001659, 0.001831, 0.001640
4 , 0, 0, 0, 0, 0, 0, 0
4 , 0.011682, 0.014259, 0.015199, 0.017512, 0.019422, 0.021938, 0.022568
5 , 0.001184, 0.001210, 0.001175, 0.001324, 0.001247, 0.001320, 0.001238, 0.001301, 0.001224, 0.001148, 0.001115, 0.001186, 0.001061, 0.001201, 0.001102, 0.001269, 0.001061, 0.001208, 0.000950, 0.001186, 0.000612, 0.001535, 0.001556, 0.001723, 0.001556, 0.001667, 0.001486, 0.001900, 0.001765, 0.001831, 0.001686, 0.001781, 0.001877, 0.001846, 0.001821, 0.001627, 0.001791, 0.001659, 0.001831, 0.001640, 0.001724, 0.001886, 0.001727, 0.001843, 0.001510, 0.000636, 0.001468, 0.001290, 0.001114, 0.000974, 0.001070, 0.001037, 0.001222, 0.001052, 0.001186, 0.001140, 0.001206, 0.000983, 0.001231, 0.001013, 0.001239, 0.001018, 0.001294, 0.001021, 0.001277, 0.001018, 0.001130, 0.001102, 0.001057, 0.001099, 0.000155, 0.001501, 0.001651, 0.001606, 0.001822, 0.001771, 0.001841, 0.001639, 0.001884, 0.001934, 0.001626, 0.001631, 0.001472, 0.001745, 0.001750, 0.001880, 0.001710, 0.001738, 0.001884, 0.001802, 0.001794, 0.001667
5 , 0, 0, 0, 0, 0, 0, 0
5 , 0.020933, 0.022651, 0.023728, 0.026400, 0.025997, 0.024333, 0.023180
6 , 0.000974, 0.001070, 0.001037, 0.001222, 0.001052, 0.001186, 0.001140, 0.001206, 0.000983, 0.001231, 0.001013, 0.001239, 0.001018, 0.001294, 0.001021, 0.001277, 0.001018, 0.001130, 0.001102, 0.001057, 0.001099, 0.000155, 0.001501, 0.001651, 0.001606, 0.001822, 0.001771, 0.001841, 0.001639, 0.001884, 0.001934, 0.001626, 0.001631, 0.001472, 0.001745, 0.001750, 0.001880, 0.001710, 0.001738, 0.001884, 0.001802, 0.001794, 0.001667, 0.001947, 0.001644, 0.002049, 0.000054, 0.001220, 0.001294, 0.001139, 0.001067, 0.000921, 0.001090, 0.000811, 0.000961, 0.000861, 0.001113, 0.000858, 0.001083, 0.000897, 0.001012, 0.000730, 0.001045, 0.000857, 0.000951, 0.000888, 0.001058, 0.000803, 0.001095, 0.000590, 0.001087, 0.001581, 0.001559, 0.001432, 0.001566, 0.001700, 0.001659, 0.001638, 0.001508, 0.001761, 0.001550, 0.001604, 0.001518, 0.001531, 0.001587, 0.001557, 0.001506, 0.001464, 0.001750, 0.001499, 0.001615, 0.001553
6 , 0, 0, 0, 0, 0, 0, 0
6 , 0.022357, 0.024310, 0.027934, 0.028224, 0.027014, 0.026214, 0.024255
7 , 0.001139, 0.001067, 0.000921, 0.001090, 0.000811, 0.000961, 0.000861, 0.001113, 0.000858, 0.001083, 0.000897, 0.001012, 0.000730, 0.001045, 0.000857, 0.000951, 0.000888, 0.001058, 0.000803, 0.001095, 0.000590, 0.001087, 0.001581, 0.001559, 0.001432, 0.001566, 0.001700, 0.001659, 0.001638, 0.001508, 0.001761, 0.001550, 0.001604, 0.001518, 0.001531, 0.001587, 0.001557, 0.001506, 0.001464, 0.001750, 0.001499, 0.001615, 0.001553, 0.001540, 0.001960, 0.000803, 0.001447, 0.001368, 0.001355, 0.001256, 0.001338, 0.001099, 0.001320, 0.001196, 0.001267, 0.001041, 0.001241, 0.001117, 0.001221, 0.001011, 0.001212, 0.001052, 0.001106, 0.000954, 0.001039, 0.000896, 0.001142, 0.001081, 0.001070, 0.001006, 0.001250, 0.000621, 0.001514, 0.001726, 0.001686, 0.001782, 0.001661, 0.001942, 0.001917, 0.001957, 0.001772, 0.001902, 0.001881, 0.001871, 0.001962, 0.001736, 0.001941, 0.001785, 0.001845, 0.001821, 0.001906, 0.002007
7 , 0, 0, 0, 0, 0, 0, 0
7 , 0.023046, 0.024512, 0.026051, 0.027571, 0.028928, 0.028570, 0.027619
8 , 0.001338, 0.001099, 0.001320, 0.001196, 0.001267, 0.001041, 0.001241, 0.001117, 0.001221, 0.001011, 0.001212, 0.001052, 0.001106, 0.000954, 0.001039, 0.000896, 0.001142, 0.001081, 0.001070, 0.001006, 0.001250, 0.000621, 0.001514, 0.001726, 0.001686, 0.001782, 0.001661, 0.001942, 0.001917, 0.001957, 0.001772, 0.001902, 0.001881, 0.001871, 0.001962, 0.001736, 0.001941, 0.001785, 0.001845, 0.001821, 0.001906, 0.002007, 0.001887, 0.002011, 0.001932, 0.002018, 0.000502, 0.001206, 0.001125, 0.001238, 0.001042, 0.001028, 0.000918, 0.001072, 0.000854, 0.001023, 0.000857, 0.000970, 0.000987, 0.001084, 0.000933, 0.001118, 0.000945, 0.001193, 0.001023, 0.001211, 0.001150, 0.001122, 0.001104, 0.000498, 0.001362, 0.001471, 0.001634, 0.001592, 0.001631, 0.001601, 0.001620, 0.001738, 0.001562, 0.001701, 0.001592, 0.001833, 0.001731, 0.001678, 0.001766, 0.001611, 0.001866, 0.001838, 0.001717, 0.001680, 0.001788, 0.001747
8 , 0, 0, 0, 0, 0, 0, 0
8 , 0.024603, 0.027294, 0.030977, 0.031017, 0.030533, 0.029109, 0.026497
9 , 0.001238, 0.001042, 0.001028, 0.000918, 0.001072, 0.000854, 0.001023, 0.000857, 0.000970, 0.000987, 0.001084, 0.000933, 0.001118, 0.000945, 0.001193, 0.001023, 0.001211, 0.001150, 0.001122, 0.001104, 0.000498, 0.001362, 0.001471, 0.001634, 0.001592, 0.001631, 0.001601, 0.001620, 0.001738, 0.001562, 0.001701, 0.001592, 0.001833, 0.001731, 0.001678, 0.001766, 0.001611, 0.001866, 0.001838, 0.001717, 0.001680, 0.001788, 0.001747, 0.001738, 0.001946, 0.000148, 0.001256, 0.001391, 0.001249, 0.001094, 0.001130, 0.001168, 0.001006, 0.001173, 0.000961, 0.001065, 0.001029, 0.001073, 0.000976, 0.001035, 0.000904, 0.000981, 0.000951, 0.001067, 0.001045, 0.000987, 0.001042, 0.001100, 0.000970, 0.001184, 0.000842, 0.000982, 0.001680, 0.001418, 0.001568, 0.001647, 0.001601, 0.001670, 0.001586, 0.001780, 0.001619, 0.001778, 0.001638, 0.001757, 0.001696, 0.001631, 0.001736, 0.001622, 0.001666, 0.001562, 0.001743, 0.001605
9 , 0, 0, 0, 0, 0, 0, 0
9 , 0.023792, 0.025599, 0.025479, 0.026313, 0.027280, 0.025990, 0.025123
10 , 0.001130, 0.001168, 0.001006, 0.001173, 0.000961, 0.001065, 0.001029, 0.001073, 0.000976, 0.001035, 0.000904, 0.000981, 0.000951, 0.001067, 0.001045, 0.000987, 0.001042, 0.001100, 0.000970, 0.001184, 0.000842, 0.000982, 0.001680, 0.001418, 0.001568, 0.001647, 0.001601, 0.001670, 0.001586, 0.001780, 0.001619, 0.001778, 0.001638, 0.001757, 0.001696, 0.001631, 0.001736, 0.001622, 0.001666, 0.001562, 0.001743, 0.001605, 0.001853, 0.001797, 0.001935, 0.000969, 0.001222, 0.001269, 0.001320, 0.001142, 0.001196, 0.001251, 0.001186, 0.001193, 0.001127, 0.001109, 0.001117, 0.001120, 0.001028, 0.001206, 0.001079, 0.001145, 0.001036, 0.001138, 0.001142, 0.001089, 0.001170, 0.001221, 0.001183, 0.000347, 0.001464, 0.001536, 0.001418, 0.001337, 0.001778, 0.001580, 0.001613, 0.001495, 0.001613, 0.001743, 0.001743, 0.001784, 0.001507, 0.001720, 0.001599, 0.001622, 0.001409, 0.001586, 0.001681, 0.001556, 0.001728, 0.001520
10 , 0, 0, 0, 0, 0, 0, 0
10 , 0.019609, 0.021692, 0.024228, 0.024394, 0.023432, 0.023197, 0.022478
11 , 0.001142, 0.001196, 0.001251, 0.001186, 0.001193, 0.001127, 0.001109, 0.001117, 0.001120, 0.001028, 0.001206, 0.001079, 0.001145, 0.001036, 0.001138, 0.001142, 0.001089, 0.001170, 0.001221, 0.001183, 0.000347, 0.001464, 0.001536, 0.001418, 0.001337, 0.001778, 0.001580, 0.001613, 0.001495, 0.001613, 0.001743, 0.001743, 0.001784, 0.001507, 0.001720, 0.001599, 0.001622, 0.001409, 0.001586, 0.001681, 0.001556, 0.001728, 0.001520, 0.001803, 0.001628, 0.001800, 0.001551, 0.000506, 0.001338, 0.001444, 0.001328, 0.001140, 0.001179, 0.000966, 0.001118, 0.001007, 0.001095, 0.001082, 0.001237, 0.001115, 0.001115, 0.001067, 0.001199, 0.001150, 0.001127, 0.001183, 0.001274, 0.001120, 0.001186, 0.001163, 0.001373, 0.001112, 0.001295, 0.001105, 0.001246, 0.001186, 0.001327, 0.001132, 0.001262, 0.001214, 0.001279, 0.001044, 0.001148, 0.001103, 0.001351, 0.001156, 0.001404, 0.001182, 0.001280, 0.001093, 0.001275, 0.001266
11 , 0, 0, 0, 0, 0, 0, 0
11 , 0.009634, 0.010468, 0.013593, 0.013606, 0.011757, 0.011459, 0.012002
12 , 0.001444, 0.001328, 0.001140, 0.001179, 0.000966, 0.001118, 0.001007, 0.001095, 0.001082, 0.001237, 0.001115, 0.001115, 0.001067, 0.001199, 0.001150, 0.001127, 0.001183, 0.001274, 0.001120, 0.001186, 0.001163, 0.001373, 0.001112, 0.001295, 0.001105, 0.001246, 0.001186, 0.001327, 0.001132, 0.001262, 0.001214, 0.001279, 0.001044, 0.001148, 0.001103, 0.001351, 0.001156, 0.001404, 0.001182, 0.001280, 0.001093, 0.001275, 0.001266, 0.001294, 0.001256, 0.001287, 0.001315, 0.001198, 0.001088, 0.001294, 0.001175, 0.001268, 0.001306, 0.001273, 0.001142, 0.001249, 0.001287, 0.001170, 0.001271, 0.001243, 0.001306, 0.001215, 0.001336, 0.001268, 0.001361, 0.001279, 0.001241, 0.001026, 0.001244, 0.001166, 0.001234, 0.001173, 0.001246, 0.001178, 0.001333, 0.001148, 0.001307, 0.001198, 0.001310, 0.001142, 0.001262, 0.001112, 0.001302, 0.001099, 0.001317, 0.001188, 0.001142, 0.001051, 0.001469, 0.001211, 0.001216, 0.001148
12 , 3, 3, 3, 3, 3, 3, 3
12 , 0.002111, 0.002567, 0.001864, 0.001776, 0.002115, 0.002138, 0.002218
13 , 0.001198, 0.001088, 0.001294, 0.001175, 0.001268, 0.001306, 0.001273, 0.001142, 0.001249, 0.001287, 0.001170, 0.001271, 0.001243, 0.001306, 0.001215, 0.001336, 0.001268, 0.001361, 0.001279, 0.001241, 0.001026, 0.001244, 0.001166, 0.001234, 0.001173, 0.001246, 0.001178, 0.001333, 0.001148, 0.001307, 0.001198, 0.001310, 0.001142, 0.001262, 0.001112, 0.001302, 0.001099, 0.001317, 0.001188, 0.001142, 0.001051, 0.001469, 0.001211, 0.001216, 0.001148, 0.001227, 0.001207, 0.001207, 0.001261, 0.001292, 0.001226, 0.001254, 0.001231, 0.001379, 0.001367, 0.001290, 0.001198, 0.001341, 0.001391, 0.001328, 0.001417, 0.001328, 0.001487, 0.001302, 0.001365, 0.001239, 0.001396, 0.001269, 0.001283, 0.001137, 0.001371, 0.001228, 0.001334, 0.001199, 0.001330, 0.001072, 0.001274, 0.001140, 0.001313, 0.001179, 0.001356, 0.001115, 0.001288, 0.001145, 0.001251, 0.001089, 0.001216, 0.001131, 0.001088, 0.001139, 0.001406, 0.001222
13 , 1, 1, 1, 1, 1, 1, 1
13 , 0.002879, 0.003236, 0.002417, 0.002695, 0.002332, 0.002632, 0.002185
14 , 0.001207, 0.001261, 0.001292, 0.001226, 0.001254, 0.001231, 0.001379, 0.001367, 0.001290, 0.001198, 0.001341, 0.001391, 0.001328, 0.001417, 0.001328, 0.001487, 0.001302, 0.001365, 0.001239, 0.001396, 0.001269, 0.001283, 0.001137, 0.001371, 0.001228, 0.001334, 0.001199, 0.001330, 0.001072, 0.001274, 0.001140, 0.001313, 0.001179, 0.001356, 0.001115, 0.001288, 0.001145, 0.001251, 0.001089, 0.001216, 0.001131, 0.001088, 0.001139, 0.001406, 0.001222, 0.001539, 0.001226, 0.001313, 0.001351, 0.001472, 0.001377, 0.001381, 0.001359, 0.001309, 0.001426, 0.001411, 0.001308, 0.001198, 0.001219, 0.000978, 0.001214, 0.001244, 0.001229, 0.001054, 0.001183, 0.001095, 0.001357, 0.001249, 0.001400, 0.001319, 0.001493, 0.001359, 0.001694, 0.001464, 0.001673, 0.001425, 0.001622, 0.001357, 0.001465, 0.001400, 0.001526, 0.001398, 0.001493, 0.001304, 0.001424, 0.001391, 0.001376, 0.001293, 0.001396, 0.001426, 0.001444, 0.001325
14 , 2, 2, 2, 2, 2, 2, 2
14 , 0.005166, 0.005436, 0.005553, 0.005249, 0.004991, 0.004493, 0.004076
15 , 0.001351, 0.001472, 0.001377, 0.001381, 0.001359, 0.001309, 0.001426, 0.001411, 0.001308, 0.001198, 0.001219, 0.000978, 0.001214, 0.001244, 0.001229, 0.001054, 0.001183, 0.001095, 0.001357, 0.001249, 0.001400, 0.001319, 0.001493, 0.001359, 0.001694, 0.001464, 0.001673, 0.001425, 0.001622, 0.001357, 0.001465, 0.001400, 0.001526, 0.001398, 0.001493, 0.001304, 0.001424, 0.001391, 0.001376, 0.001293, 0.001396, 0.001426, 0.001444, 0.001325, 0.001392, 0.001409, 0.001345, 0.001406, 0.001200, 0.001301, 0.001268, 0.001278, 0.001140, 0.001108, 0.001100, 0.001257, 0.001131, 0.001381, 0.001280, 0.001376, 0.001304, 0.001355, 0.001184, 0.001458, 0.001170, 0.001388, 0.001283, 0.001442, 0.001339, 0.001472, 0.001313, 0.001390, 0.001325, 0.001414, 0.001294, 0.001472, 0.001248, 0.001318, 0.001304, 0.001476, 0.001472, 0.001437, 0.001487, 0.001463, 0.001350, 0.001448, 0.001417, 0.001298, 0.001457, 0.001311, 0.001283, 0.001333
15 , 0, 0, 0, 0, 0, 0, 0
15 , 0.005712, 0.006169, 0.005750, 0.005821, 0.005552, 0.005421, 0.004557
16 , 0.001406, 0.001200, 0.001301, 0.001268, 0.001278, 0.001140, 0.001108, 0.001100, 0.001257, 0.001131, 0.001381, 0.001280, 0.001376, 0.001304, 0.001355, 0.001184, 0.001458, 0.001170, 0.001388, 0.001283, 0.001442, 0.001339, 0.001472, 0.001313, 0.001390, 0.001325, 0.001414, 0.001294, 0.001472, 0.001248, 0.001318, 0.001304, 0.001476, 0.001472, 0.001437, 0.001487, 0.001463, 0.001350, 0.001448, 0.001417, 0.001298, 0.001457, 0.001311, 0.001283, 0.001333, 0.001335, 0.001363, 0.001372, 0.001307, 0.001437, 0.001311, 0.001468, 0.001341, 0.001468, 0.001346, 0.001430, 0.001245, 0.001505, 0.001249, 0.001317, 0.001331, 0.001388, 0.001327, 0.001458, 0.001205, 0.001364, 0.001280, 0.001249, 0.001247, 0.001345, 0.001310, 0.001402, 0.001397, 0.001360, 0.001357, 0.001306, 0.001360, 0.001357, 0.001416, 0.001409, 0.001367, 0.001334, 0.001486, 0.001336, 0.001402, 0.001149, 0.001348, 0.001261, 0.001360, 0.001200, 0.001332, 0.001322
16 , 3, 3, 3, 3, 3, 3, 3
16 , 0.002348, 0.002468, 0.002353, 0.002318, 0.002172, 0.002173, 0.001995
