0 , 0.001764, 0.001721, 0.001713, 0.001573, 0.001796, 0.001875, 0.001724, 0.001759, 0.001675, 0.001845, 0.001662, 0.001882, 0.001522, 0.001796, 0.001810, 0.001685, 0.001750, 0.001645, 0.001759, 0.001808, 0.001958, 0.001633, 0.001950, 0.000139, 0.001316, 0.001191, 0.001306, 0.001081, 0.001223, 0.001055, 0.001186, 0.001010, 0.001291, 0.001230, 0.001300, 0.001092, 0.001179, 0.000959, 0.001353, 0.001194, 0.001294, 0.001276, 0.001372, 0.001172, 0.001235, 0.001261, 0.000907, 0.001020, 0.001548, 0.001494, 0.001810, 0.001476, 0.001562, 0.001539, 0.001838, 0.001819, 0.001829, 0.001729, 0.001780, 0.001759, 0.001719, 0.001835, 0.001726, 0.001870, 0.001821, 0.001902, 0.001742, 0.001739, 0.001937, 0.001583, 0.002043, 0.000496, 0.001042, 0.001322, 0.001212, 0.001162, 0.001040, 0.001104, 0.000974, 0.001079, 0.000900, 0.001207, 0.000986, 0.001149, 0.000918, 0.001022, 0.001034, 0.001186, 0.000971, 0.001070, 0.000999, 0.001123
0 , 1, 1, 1, 1, 1, 1, 1
0 , 0.019058, 0.021735, 0.025030, 0.027903, 0.028000, 0.024395, 0.023871
1 , 0.001810, 0.001476, 0.001562, 0.001539, 0.001838, 0.001819, 0.001829, 0.001729, 0.001780, 0.001759, 0.001719, 0.001835, 0.001726, 0.001870, 0.001821, 0.001902, 0.001742, 0.001739, 0.001937, 0.001583, 0.002043, 0.000496, 0.001042, 0.001322, 0.001212, 0.001162, 0.001040, 0.001104, 0.000974, 0.001079, 0.000900, 0.001207, 0.000986, 0.001149, 0.000918, 0.001022, 0.001034, 0.001186, 0.000971, 0.001070, 0.000999, 0.001123, 0.000991, 0.001151, 0.001098, 0.001146, 0.000888, 0.000658, 0.001574, 0.001599, 0.001522, 0.001747, 0.001538, 0.001647, 0.001538, 0.001582, 0.001825, 0.001598, 0.001727, 0.001480, 0.001827, 0.001779, 0.001653, 0.001605, 0.001756, 0.001795, 0.001603, 0.001819, 0.001604, 0.001715, 0.001888, 0.001658, 0.000989, 0.001273, 0.001237, 0.001007, 0.001126, 0.001037, 0.001113, 0.000936, 0.001058, 0.000908, 0.001010, 0.000800, 0.000886, 0.000842, 0.001055, 0.000913, 0.001060, 0.000867, 0.001078, 0.000961
1 , 1, 1, 1, 1, 1, 1, 1
1 , 0.022621, 0.024912, 0.027510, 0.028047, 0.029231, 0.028420, 0.027399
2 , 0.001522, 0.001747, 0.001538, 0.001647, 0.001538, 0.001582, 0.001825, 0.001598, 0.001727, 0.001480, 0.001827, 0.001779, 0.001653, 0.001605, 0.001756, 0.001795, 0.001603, 0.001819, 0.001604, 0.001715, 0.001888, 0.001658, 0.000989, 0.001273, 0.001237, 0.001007, 0.001126, 0.001037, 0.001113, 0.000936, 0.001058, 0.000908, 0.001010, 0.000800, 0.000886, 0.000842, 0.001055, 0.000913, 0.001060, 0.000867, 0.001078, 0.000961, 0.001091, 0.000809, 0.001233, 0.000022, 0.001410, 0.001696, 0.001721, 0.001553, 0.001699, 0.001856, 0.001692, 0.001861, 0.001733, 0.001903, 0.001838, 0.001908, 0.001738, 0.001886, 0.002176, 0.001902, 0.002004, 0.001845, 0.001923, 0.001907, 0.001923, 0.001821, 0.001767, 0.002007, 0.001870, 0.001980, 0.000183, 0.001131, 0.001327, 0.001261, 0.001280, 0.001113, 0.001221, 0.001064, 0.001221, 0.001123, 0.001392, 0.001111, 0.001118, 0.001111, 0.001177, 0.001077, 0.001210, 0.001053, 0.001212, 0.001142
2 , 1, 1, 1, 1, 1, 1, 1
2 , 0.022669, 0.025458, 0.030419, 0.031915, 0.031698, 0.028332, 0.027253
3 , 0.001553, 0.001699, 0.001856, 0.001692, 0.001861, 0.001733, 0.001903, 0.001838, 0.001908, 0.001738, 0.001886, 0.002176, 0.001902, 0.002004, 0.001845, 0.001923, 0.001907, 0.001923, 0.001821, 0.001767, 0.002007, 0.001870, 0.001980, 0.000183, 0.001131, 0.001327, 0.001261, 0.001280, 0.001113, 0.001221, 0.001064, 0.001221, 0.001123, 0.001392, 0.001111, 0.001118, 0.001111, 0.001177, 0.001077, 0.001210, 0.001053, 0.001212, 0.001142, 0.001240, 0.001088, 0.001172, 0.001109, 0.001292, 0.000603, 0.001140, 0.001694, 0.001513, 0.001487, 0.001825, 0.001730, 0.001756, 0.001655, 0.001754, 0.001752, 0.001894, 0.001833, 0.001757, 0.002061, 0.001912, 0.001838, 0.001678, 0.001798, 0.001935, 0.001845, 0.001784, 0.001738, 0.002016, 0.002163, 0.000871, 0.001329, 0.001113, 0.001189, 0.001121, 0.001109, 0.001048, 0.001167, 0.001027, 0.001027, 0.000982, 0.001207, 0.001020, 0.001233, 0.001127, 0.001043, 0.001160, 0.001127, 0.001121
3 , 1, 1, 1, 1, 1, 1, 1
3 , 0.019721, 0.022200, 0.024615, 0.026773, 0.029544, 0.030202, 0.028899
4 , 0.001513, 0.001487, 0.001825, 0.001730, 0.001756, 0.001655, 0.001754, 0.001752, 0.001894, 0.001833, 0.001757, 0.002061, 0.001912, 0.001838, 0.001678, 0.001798, 0.001935, 0.001845, 0.001784, 0.001738, 0.002016, 0.002163, 0.000871, 0.001329, 0.001113, 0.001189, 0.001121, 0.001109, 0.001048, 0.001167, 0.001027, 0.001027, 0.000982, 0.001207, 0.001020, 0.001233, 0.001127, 0.001043, 0.001160, 0.001127, 0.001121, 0.001086, 0.001130, 0.001170, 0.001158, 0.001193, 0.000462, 0.001352, 0.001564, 0.001780, 0.001599, 0.001613, 0.001692, 0.001768, 0.001835, 0.001672, 0.001986, 0.001923, 0.002024, 0.001859, 0.001899, 0.001964, 0.001975, 0.002000, 0.001820, 0.002120, 0.001894, 0.001931, 0.001907, 0.001942, 0.002174, 0.000481, 0.001269, 0.001126, 0.001085, 0.000852, 0.000946, 0.000941, 0.001032, 0.000872, 0.001027, 0.000989, 0.001070, 0.000971, 0.001166, 0.000944, 0.001014, 0.000976, 0.000986, 0.000933, 0.000989, 0.001027
4 , 1, 1, 1, 1, 1, 1, 1
4 , 0.024234, 0.027673, 0.031075, 0.036104, 0.033492, 0.033069, 0.031149
5 , 0.001780, 0.001599, 0.001613, 0.001692, 0.001768, 0.001835, 0.001672, 0.001986, 0.001923, 0.002024, 0.001859, 0.001899, 0.001964, 0.001975, 0.002000, 0.001820, 0.002120, 0.001894, 0.001931, 0.001907, 0.001942, 0.002174, 0.000481, 0.001269, 0.001126, 0.001085, 0.000852, 0.000946, 0.000941, 0.001032, 0.000872, 0.001027, 0.000989, 0.001070, 0.000971, 0.001166, 0.000944, 0.001014, 0.000976, 0.000986, 0.000933, 0.000989, 0.001027, 0.001100, 0.001004, 0.001013, 0.001128, 0.000030, 0.001667, 0.001604, 0.001910, 0.001828, 0.001761, 0.001615, 0.001849, 0.001803, 0.001773, 0.001908, 0.001597, 0.001819, 0.001708, 0.001747, 0.001708, 0.001881, 0.001972, 0.001902, 0.001809, 0.001593, 0.001899, 0.001759, 0.001801, 0.001836, 0.000171, 0.001221, 0.001338, 0.001230, 0.001247, 0.001214, 0.001216, 0.001132, 0.001174, 0.001120, 0.001282, 0.001064, 0.001160, 0.001083, 0.001002, 0.001037, 0.001014, 0.001118, 0.001075, 0.001080
5 , 1, 1, 1, 1, 1, 1, 1
5 , 0.023539, 0.027564, 0.030513, 0.033561, 0.035216, 0.032124, 0.030924
6 , 0.001910, 0.001828, 0.001761, 0.001615, 0.001849, 0.001803, 0.001773, 0.001908, 0.001597, 0.001819, 0.001708, 0.001747, 0.001708, 0.001881, 0.001972, 0.001902, 0.001809, 0.001593, 0.001899, 0.001759, 0.001801, 0.001836, 0.000171, 0.001221, 0.001338, 0.001230, 0.001247, 0.001214, 0.001216, 0.001132, 0.001174, 0.001120, 0.001282, 0.001064, 0.001160, 0.001083, 0.001002, 0.001037, 0.001014, 0.001118, 0.001075, 0.001080, 0.001141, 0.001040, 0.001073, 0.000612, 0.001086, 0.001775, 0.001507, 0.001718, 0.001805, 0.001729, 0.001801, 0.001594, 0.001712, 0.001717, 0.001816, 0.001554, 0.001706, 0.001771, 0.001762, 0.001641, 0.001579, 0.001818, 0.001821, 0.001860, 0.001673, 0.001687, 0.001703, 0.002021, 0.000965, 0.001067, 0.001187, 0.001177, 0.001203, 0.001107, 0.001109, 0.001043, 0.001095, 0.001048, 0.001127, 0.000970, 0.001099, 0.001064, 0.001158, 0.000991, 0.001167, 0.001073, 0.001204, 0.000954, 0.001064, 0.000954
6 , 1, 1, 1, 1, 1, 1, 1
6 , 0.022064, 0.025859, 0.029548, 0.030420, 0.026226, 0.025086, 0.023716
7 , 0.001718, 0.001805, 0.001729, 0.001801, 0.001594, 0.001712, 0.001717, 0.001816, 0.001554, 0.001706, 0.001771, 0.001762, 0.001641, 0.001579, 0.001818, 0.001821, 0.001860, 0.001673, 0.001687, 0.001703, 0.002021, 0.000965, 0.001067, 0.001187, 0.001177, 0.001203, 0.001107, 0.001109, 0.001043, 0.001095, 0.001048, 0.001127, 0.000970, 0.001099, 0.001064, 0.001158, 0.000991, 0.001167, 0.001073, 0.001204, 0.000954, 0.001064, 0.000954, 0.001209, 0.001113, 0.001203, 0.001041, 0.000438, 0.001442, 0.001715, 0.001747, 0.001668, 0.001914, 0.001775, 0.001951, 0.001742, 0.001993, 0.001948, 0.001959, 0.001899, 0.001883, 0.002046, 0.001958, 0.001921, 0.001756, 0.002016, 0.001916, 0.001880, 0.001761, 0.001692, 0.001920, 0.001756, 0.000865, 0.001413, 0.001268, 0.001156, 0.001095, 0.000908, 0.001019, 0.000956, 0.001235, 0.000976, 0.001121, 0.001075, 0.001184, 0.001038, 0.001231, 0.001041, 0.001195, 0.001085, 0.001272, 0.001104
7 , 1, 1, 1, 1, 1, 1, 1
7 , 0.023394, 0.025924, 0.027898, 0.028974, 0.030763, 0.029173, 0.027729
8 , 0.001747, 0.001668, 0.001914, 0.001775, 0.001951, 0.001742, 0.001993, 0.001948, 0.001959, 0.001899, 0.001883, 0.002046, 0.001958, 0.001921, 0.001756, 0.002016, 0.001916, 0.001880, 0.001761, 0.001692, 0.001920, 0.001756, 0.000865, 0.001413, 0.001268, 0.001156, 0.001095, 0.000908, 0.001019, 0.000956, 0.001235, 0.000976, 0.001121, 0.001075, 0.001184, 0.001038, 0.001231, 0.001041, 0.001195, 0.001085, 0.001272, 0.001104, 0.001264, 0.001003, 0.001466, 0.000109, 0.001221, 0.001603, 0.001589, 0.001586, 0.001425, 0.001621, 0.001651, 0.001655, 0.001650, 0.001641, 0.001780, 0.001718, 0.001908, 0.001656, 0.001791, 0.001856, 0.001798, 0.001768, 0.001668, 0.001963, 0.001861, 0.001990, 0.001802, 0.002098, 0.000415, 0.001273, 0.001123, 0.001186, 0.000963, 0.000928, 0.000895, 0.000933, 0.000834, 0.001005, 0.000920, 0.001017, 0.000951, 0.001118, 0.000898, 0.001065, 0.000901, 0.001154, 0.000922, 0.001076, 0.001107, 0.001210
8 , 1, 1, 1, 1, 1, 1, 1
8 , 0.026031, 0.028574, 0.033842, 0.032818, 0.031069, 0.030118, 0.028911
9 , 0.001589, 0.001586, 0.001425, 0.001621, 0.001651, 0.001655, 0.001650, 0.001641, 0.001780, 0.001718, 0.001908, 0.001656, 0.001791, 0.001856, 0.001798, 0.001768, 0.001668, 0.001963, 0.001861, 0.001990, 0.001802, 0.002098, 0.000415, 0.001273, 0.001123, 0.001186, 0.000963, 0.000928, 0.000895, 0.000933, 0.000834, 0.001005, 0.000920, 0.001017, 0.000951, 0.001118, 0.000898, 0.001065, 0.000901, 0.001154, 0.000922, 0.001076, 0.001107, 0.001210, 0.001071, 0.001177, 0.001029, 0.001001, 0.001092, 0.001528, 0.001610, 0.001801, 0.001610, 0.001894, 0.001689, 0.002012, 0.001870, 0.001872, 0.001628, 0.001624, 0.001767, 0.001677, 0.001772, 0.001626, 0.001825, 0.001699, 0.001596, 0.001596, 0.001561, 0.001760, 0.001530, 0.001755, 0.000715, 0.001150, 0.001547, 0.001497, 0.001594, 0.001470, 0.001503, 0.001373, 0.001577, 0.001277, 0.001376, 0.001289, 0.001360, 0.001222, 0.001255, 0.001007, 0.001219, 0.000954, 0.001130, 0.000917
9 , 1, 1, 1, 1, 1, 1, 1
9 , 0.016766, 0.020663, 0.023082, 0.025760, 0.025291, 0.024433, 0.023504
10 , 0.001528, 0.001610, 0.001801, 0.001610, 0.001894, 0.001689, 0.002012, 0.001870, 0.001872, 0.001628, 0.001624, 0.001767, 0.001677, 0.001772, 0.001626, 0.001825, 0.001699, 0.001596, 0.001596, 0.001561, 0.001760, 0.001530, 0.001755, 0.000715, 0.001150, 0.001547, 0.001497, 0.001594, 0.001470, 0.001503, 0.001373, 0.001577, 0.001277, 0.001376, 0.001289, 0.001360, 0.001222, 0.001255, 0.001007, 0.001219, 0.000954, 0.001130, 0.000917, 0.001220, 0.001063, 0.000994, 0.000936, 0.000561, 0.001798, 0.001693, 0.001586, 0.001899, 0.001821, 0.001935, 0.001655, 0.001950, 0.002050, 0.001818, 0.001923, 0.001742, 0.002014, 0.001880, 0.001945, 0.001784, 0.001750, 0.001801, 0.001801, 0.001949, 0.001761, 0.001979, 0.001937, 0.001928, 0.001770, 0.001770, 0.000333, 0.001306, 0.001227, 0.001250, 0.000981, 0.001101, 0.000962, 0.001068, 0.000971, 0.001108, 0.001030, 0.001103, 0.001037, 0.001047, 0.001042, 0.001240, 0.001052, 0.001240
10 , 1, 1, 1, 1, 1, 1, 1
10 , 0.016195, 0.018446, 0.021883, 0.024615, 0.028343, 0.027042, 0.026767
11 , 0.001586, 0.001899, 0.001821, 0.001935, 0.001655, 0.001950, 0.002050, 0.001818, 0.001923, 0.001742, 0.002014, 0.001880, 0.001945, 0.001784, 0.001750, 0.001801, 0.001801, 0.001949, 0.001761, 0.001979, 0.001937, 0.001928, 0.001770, 0.001770, 0.000333, 0.001306, 0.001227, 0.001250, 0.000981, 0.001101, 0.000962, 0.001068, 0.000971, 0.001108, 0.001030, 0.001103, 0.001037, 0.001047, 0.001042, 0.001240, 0.001052, 0.001240, 0.000989, 0.001067, 0.000928, 0.001176, 0.000905, 0.001116, 0.001101, 0.001199, 0.001040, 0.001192, 0.001144, 0.001291, 0.001127, 0.001212, 0.001144, 0.001169, 0.001240, 0.001221, 0.001270, 0.001383, 0.001318, 0.001233, 0.001287, 0.001292, 0.001261, 0.001172, 0.001123, 0.000942, 0.001104, 0.001029, 0.001104, 0.001062, 0.001053, 0.000974, 0.001108, 0.000926, 0.001007, 0.000923, 0.001078, 0.001037, 0.001040, 0.000963, 0.001095, 0.001019, 0.001280, 0.000936, 0.001040, 0.000900, 0.001088, 0.001007
11 , 1, 1, 1, 1, 1, 1, 1
11 , 0.015156, 0.018043, 0.018565, 0.020119, 0.020737, 0.021388, 0.018821
12 , 0.001192, 0.001144, 0.001291, 0.001127, 0.001212, 0.001144, 0.001169, 0.001240, 0.001221, 0.001270, 0.001383, 0.001318, 0.001233, 0.001287, 0.001292, 0.001261, 0.001172, 0.001123, 0.000942, 0.001104, 0.001029, 0.001104, 0.001062, 0.001053, 0.000974, 0.001108, 0.000926, 0.001007, 0.000923, 0.001078, 0.001037, 0.001040, 0.000963, 0.001095, 0.001019, 0.001280, 0.000936, 0.001040, 0.000900, 0.001088, 0.001007, 0.001164, 0.000997, 0.001136, 0.001121, 0.001086, 0.000982, 0.001209, 0.001160, 0.001245, 0.001264, 0.001238, 0.001215, 0.001279, 0.001083, 0.001229, 0.001161, 0.001237, 0.001279, 0.001192, 0.001192, 0.001296, 0.001251, 0.001127, 0.001127, 0.001032, 0.001186, 0.001027, 0.001175, 0.001207, 0.001205, 0.001131, 0.001140, 0.001229, 0.001214, 0.001057, 0.001102, 0.001015, 0.001169, 0.000984, 0.001148, 0.001031, 0.001104, 0.001008, 0.001165, 0.000889, 0.001086, 0.000982, 0.001116, 0.000999, 0.001141, 0.001055
12 , 1, 1, 1, 1, 1, 1, 1
12 , 0.005355, 0.005570, 0.005531, 0.006090, 0.005744, 0.005732, 0.005231
13 , 0.001245, 0.001264, 0.001238, 0.001215, 0.001279, 0.001083, 0.001229, 0.001161, 0.001237, 0.001279, 0.001192, 0.001192, 0.001296, 0.001251, 0.001127, 0.001127, 0.001032, 0.001186, 0.001027, 0.001175, 0.001207, 0.001205, 0.001131, 0.001140, 0.001229, 0.001214, 0.001057, 0.001102, 0.001015, 0.001169, 0.000984, 0.001148, 0.001031, 0.001104, 0.001008, 0.001165, 0.000889, 0.001086, 0.000982, 0.001116, 0.000999, 0.001141, 0.001055, 0.001121, 0.000933, 0.001126, 0.001037, 0.001095, 0.000976, 0.001070, 0.000951, 0.001159, 0.001015, 0.001104, 0.000913, 0.001010, 0.000960, 0.000802, 0.000982, 0.000911, 0.000944, 0.000847, 0.000911, 0.000830, 0.000982, 0.001035, 0.001104, 0.000827, 0.001073, 0.000887, 0.001121, 0.001075, 0.001128, 0.000952, 0.001172, 0.001085, 0.001263, 0.001165, 0.001256, 0.001034, 0.001226, 0.001123, 0.001382, 0.001067, 0.001263, 0.001032, 0.001127, 0.001003, 0.001167, 0.001162, 0.001230, 0.001226
13 , 2, 2, 2, 2, 2, 2, 2
13 , 0.005204, 0.005586, 0.006247, 0.006481, 0.006508, 0.006369, 0.006834
14 , 0.001015, 0.001104, 0.000913, 0.001010, 0.000960, 0.000802, 0.000982, 0.000911, 0.000944, 0.000847, 0.000911, 0.000830, 0.000982, 0.001035, 0.001104, 0.000827, 0.001073, 0.000887, 0.001121, 0.001075, 0.001128, 0.000952, 0.001172, 0.001085, 0.001263, 0.001165, 0.001256, 0.001034, 0.001226, 0.001123, 0.001382, 0.001067, 0.001263, 0.001032, 0.001127, 0.001003, 0.001167, 0.001162, 0.001230, 0.001226, 0.001160, 0.001102, 0.001149, 0.001025, 0.001152, 0.001058, 0.001167, 0.001256, 0.001079, 0.001041, 0.001055, 0.001200, 0.001158, 0.001193, 0.001191, 0.001226, 0.001165, 0.001228, 0.001043, 0.001172, 0.001081, 0.001217, 0.001002, 0.001164, 0.000989, 0.001098, 0.000969, 0.001242, 0.001029, 0.001126, 0.000915, 0.001062, 0.000951, 0.001093, 0.000928, 0.001057, 0.000967, 0.001197, 0.000961, 0.001093, 0.001022, 0.001034, 0.001029, 0.000948, 0.000948, 0.000996, 0.000996, 0.000979, 0.000999, 0.000938, 0.000946, 0.000799
14 , 3, 3, 3, 3, 3, 3, 3
14 , 0.006570, 0.006610, 0.006610, 0.006897, 0.006728, 0.006512, 0.006082
15 , 0.001041, 0.001055, 0.001200, 0.001158, 0.001193, 0.001191, 0.001226, 0.001165, 0.001228, 0.001043, 0.001172, 0.001081, 0.001217, 0.001002, 0.001164, 0.000989, 0.001098, 0.000969, 0.001242, 0.001029, 0.001126, 0.000915, 0.001062, 0.000951, 0.001093, 0.000928, 0.001057, 0.000967, 0.001197, 0.000961, 0.001093, 0.001022, 0.001034, 0.001029, 0.000948, 0.000948, 0.000996, 0.000996, 0.000979, 0.000999, 0.000938, 0.000946, 0.000799, 0.000964, 0.001052, 0.001002, 0.000997, 0.001065, 0.000911, 0.001121, 0.000898, 0.001002, 0.001022, 0.001103, 0.000931, 0.001075, 0.000850, 0.001103, 0.000987, 0.001160, 0.001137, 0.001319, 0.001092, 0.001338, 0.001135, 0.001316, 0.001337, 0.001372, 0.001218, 0.001339, 0.001159, 0.001264, 0.001175, 0.001210, 0.001153, 0.001223, 0.001137, 0.001324, 0.001256, 0.001183, 0.001111, 0.001048, 0.001093, 0.001126, 0.001156, 0.001073, 0.001204, 0.001138, 0.001108, 0.001017, 0.001029, 0.000908
15 , 2, 2, 2, 2, 1, 1, 1
15 , 0.004872, 0.004345, 0.003690, 0.003032, 0.003048, 0.003550, 0.003680
16 , 0.000997, 0.001065, 0.000911, 0.001121, 0.000898, 0.001002, 0.001022, 0.001103, 0.000931, 0.001075, 0.000850, 0.001103, 0.000987, 0.001160, 0.001137, 0.001319, 0.001092, 0.001338, 0.001135, 0.001316, 0.001337, 0.001372, 0.001218, 0.001339, 0.001159, 0.001264, 0.001175, 0.001210, 0.001153, 0.001223, 0.001137, 0.001324, 0.001256, 0.001183, 0.001111, 0.001048, 0.001093, 0.001126, 0.001156, 0.001073, 0.001204, 0.001138, 0.001108, 0.001017, 0.001029, 0.000908, 0.001032, 0.000872, 0.001032, 0.000908, 0.001136, 0.001024, 0.001067, 0.001055, 0.001159, 0.000984, 0.001032, 0.000804, 0.000959, 0.000850, 0.000982, 0.000825, 0.000982, 0.000972, 0.001051, 0.000853, 0.001047, 0.000948, 0.000943, 0.001121, 0.001078, 0.001040, 0.001025, 0.001109, 0.001086, 0.001111, 0.001015, 0.000982, 0.001069, 0.001338, 0.001099, 0.001215, 0.001152, 0.001253, 0.001040, 0.001133, 0.001091, 0.001169, 0.000953, 0.001133, 0.001002, 0.001187
16 , 0, 0, 0, 0, 0, 0, 2
16 , 0.005987, 0.005625, 0.004579, 0.003933, 0.003156, 0.002690, 0.002826
