0 , 0.001857, 0.001567, 0.001790, 0.001857, 0.001776, 0.001825, 0.001684, 0.001959, 0.001792, 0.001860, 0.001654, 0.001821, 0.001774, 0.001728, 0.001681, 0.001557, 0.001783, 0.001533, 0.001749, 0.001528, 0.001668, 0.001515, 0.001684, 0.000826, 0.001541, 0.001620, 0.001567, 0.001529, 0.001346, 0.001419, 0.001358, 0.001421, 0.001271, 0.001342, 0.001214, 0.001357, 0.001335, 0.001357, 0.001233, 0.001527, 0.001251, 0.001480, 0.001180, 0.001330, 0.001173, 0.001234, 0.001032, 0.001350, 0.000438, 0.001030, 0.001500, 0.001486, 0.001456, 0.001572, 0.001823, 0.001675, 0.001788, 0.001598, 0.001764, 0.001746, 0.001699, 0.001569, 0.001609, 0.001779, 0.001593, 0.001715, 0.001611, 0.001736, 0.001607, 0.001603, 0.001586, 0.001462, 0.001968, 0.000430, 0.001617, 0.001537, 0.001624, 0.001215, 0.001428, 0.001267, 0.001355, 0.001103, 0.001355, 0.001387, 0.001381, 0.001230, 0.001451, 0.001261, 0.001427, 0.001295, 0.001338, 0.001159
0 , 1, 1, 1, 1, 1, 1, 1
0 , 0.008209, 0.009725, 0.012169, 0.013373, 0.013779, 0.015649, 0.014386
1 , 0.001486, 0.001456, 0.001572, 0.001823, 0.001675, 0.001788, 0.001598, 0.001764, 0.001746, 0.001699, 0.001569, 0.001609, 0.001779, 0.001593, 0.001715, 0.001611, 0.001736, 0.001607, 0.001603, 0.001586, 0.001462, 0.001968, 0.000430, 0.001617, 0.001537, 0.001624, 0.001215, 0.001428, 0.001267, 0.001355, 0.001103, 0.001355, 0.001387, 0.001381, 0.001230, 0.001451, 0.001261, 0.001427, 0.001295, 0.001338, 0.001159, 0.001331, 0.001276, 0.001357, 0.001226, 0.001272, 0.000864, 0.001496, 0.001652, 0.001577, 0.001725, 0.001616, 0.001690, 0.001734, 0.001910, 0.001686, 0.001507, 0.001932, 0.001874, 0.001918, 0.001749, 0.001762, 0.001901, 0.001811, 0.001769, 0.001716, 0.001880, 0.001844, 0.001934, 0.001795, 0.001740, 0.002043, 0.001285, 0.001265, 0.001363, 0.001327, 0.001245, 0.001372, 0.001187, 0.001292, 0.001105, 0.001327, 0.000988, 0.001126, 0.000979, 0.001150, 0.000979, 0.001236, 0.001004, 0.001189, 0.000871, 0.001098
1 , 1, 1, 1, 1, 1, 1, 1
1 , 0.012922, 0.015882, 0.017954, 0.021044, 0.020437, 0.020250, 0.020051
2 , 0.001577, 0.001725, 0.001616, 0.001690, 0.001734, 0.001910, 0.001686, 0.001507, 0.001932, 0.001874, 0.001918, 0.001749, 0.001762, 0.001901, 0.001811, 0.001769, 0.001716, 0.001880, 0.001844, 0.001934, 0.001795, 0.001740, 0.002043, 0.001285, 0.001265, 0.001363, 0.001327, 0.001245, 0.001372, 0.001187, 0.001292, 0.001105, 0.001327, 0.000988, 0.001126, 0.000979, 0.001150, 0.000979, 0.001236, 0.001004, 0.001189, 0.000871, 0.001098, 0.001075, 0.001232, 0.001077, 0.001245, 0.001000, 0.001260, 0.000071, 0.001356, 0.001725, 0.001631, 0.001672, 0.001559, 0.001876, 0.001583, 0.001752, 0.001640, 0.001654, 0.001806, 0.001629, 0.001668, 0.001439, 0.001633, 0.001611, 0.001607, 0.001534, 0.001607, 0.001797, 0.001525, 0.001642, 0.001384, 0.001917, 0.000253, 0.001573, 0.001270, 0.001384, 0.001246, 0.001264, 0.001058, 0.001311, 0.001121, 0.001377, 0.001042, 0.001244, 0.001096, 0.001139, 0.001081, 0.001184, 0.000916, 0.001119
2 , 1, 1, 1, 1, 1, 1, 1
2 , 0.013562, 0.016134, 0.018753, 0.020020, 0.022791, 0.022700, 0.026249
3 , 0.001631, 0.001672, 0.001559, 0.001876, 0.001583, 0.001752, 0.001640, 0.001654, 0.001806, 0.001629, 0.001668, 0.001439, 0.001633, 0.001611, 0.001607, 0.001534, 0.001607, 0.001797, 0.001525, 0.001642, 0.001384, 0.001917, 0.000253, 0.001573, 0.001270, 0.001384, 0.001246, 0.001264, 0.001058, 0.001311, 0.001121, 0.001377, 0.001042, 0.001244, 0.001096, 0.001139, 0.001081, 0.001184, 0.000916, 0.001119, 0.001022, 0.001184, 0.001059, 0.001156, 0.001192, 0.000699, 0.001316, 0.001445, 0.001589, 0.001761, 0.001593, 0.001639, 0.001532, 0.001907, 0.001657, 0.001801, 0.001602, 0.001654, 0.001762, 0.001628, 0.001753, 0.001571, 0.001748, 0.001718, 0.001744, 0.001675, 0.001683, 0.001869, 0.001646, 0.001922, 0.000348, 0.001268, 0.001466, 0.001307, 0.001433, 0.001137, 0.001320, 0.001189, 0.001357, 0.001163, 0.001302, 0.001144, 0.001183, 0.001209, 0.001375, 0.001213, 0.001218, 0.001152, 0.001309, 0.001268, 0.001361, 0.001054
3 , 1, 1, 1, 1, 1, 1, 1
3 , 0.016209, 0.019063, 0.021560, 0.020678, 0.017983, 0.017996, 0.016852
4 , 0.001589, 0.001761, 0.001593, 0.001639, 0.001532, 0.001907, 0.001657, 0.001801, 0.001602, 0.001654, 0.001762, 0.001628, 0.001753, 0.001571, 0.001748, 0.001718, 0.001744, 0.001675, 0.001683, 0.001869, 0.001646, 0.001922, 0.000348, 0.001268, 0.001466, 0.001307, 0.001433, 0.001137, 0.001320, 0.001189, 0.001357, 0.001163, 0.001302, 0.001144, 0.001183, 0.001209, 0.001375, 0.001213, 0.001218, 0.001152, 0.001309, 0.001268, 0.001361, 0.001054, 0.001216, 0.001216, 0.001218, 0.001061, 0.000511, 0.001409, 0.001335, 0.001462, 0.001684, 0.001537, 0.001525, 0.001468, 0.001663, 0.001663, 0.001659, 0.001607, 0.001555, 0.001685, 0.001504, 0.001706, 0.001564, 0.001698, 0.001680, 0.001800, 0.001779, 0.001550, 0.001715, 0.001752, 0.001360, 0.001107, 0.001250, 0.001377, 0.001245, 0.001215, 0.001182, 0.001281, 0.001096, 0.001250, 0.001079, 0.001136, 0.001225, 0.001309, 0.001187, 0.001197, 0.001138, 0.001262, 0.001269, 0.001182
4 , 1, 1, 1, 1, 1, 1, 1
4 , 0.011259, 0.014162, 0.015537, 0.017748, 0.017072, 0.018276, 0.017904
5 , 0.001462, 0.001684, 0.001537, 0.001525, 0.001468, 0.001663, 0.001663, 0.001659, 0.001607, 0.001555, 0.001685, 0.001504, 0.001706, 0.001564, 0.001698, 0.001680, 0.001800, 0.001779, 0.001550, 0.001715, 0.001752, 0.001360, 0.001107, 0.001250, 0.001377, 0.001245, 0.001215, 0.001182, 0.001281, 0.001096, 0.001250, 0.001079, 0.001136, 0.001225, 0.001309, 0.001187, 0.001197, 0.001138, 0.001262, 0.001269, 0.001182, 0.001166, 0.001269, 0.001105, 0.001418, 0.000012, 0.001352, 0.001524, 0.001509, 0.001394, 0.001537, 0.001486, 0.001516, 0.001559, 0.001521, 0.001646, 0.001543, 0.001659, 0.001491, 0.001568, 0.001517, 0.001581, 0.001529, 0.001554, 0.001800, 0.001610, 0.001846, 0.001605, 0.001633, 0.002098, 0.000218, 0.001527, 0.001238, 0.001204, 0.001192, 0.001189, 0.001014, 0.001204, 0.001194, 0.001117, 0.001096, 0.001096, 0.000977, 0.001015, 0.001081, 0.001032, 0.000979, 0.000956, 0.000959, 0.000870, 0.000992, 0.000913
5 , 1, 1, 1, 1, 1, 1, 1
5 , 0.014446, 0.016926, 0.022201, 0.020403, 0.020192, 0.019528, 0.019255
6 , 0.001509, 0.001394, 0.001537, 0.001486, 0.001516, 0.001559, 0.001521, 0.001646, 0.001543, 0.001659, 0.001491, 0.001568, 0.001517, 0.001581, 0.001529, 0.001554, 0.001800, 0.001610, 0.001846, 0.001605, 0.001633, 0.002098, 0.000218, 0.001527, 0.001238, 0.001204, 0.001192, 0.001189, 0.001014, 0.001204, 0.001194, 0.001117, 0.001096, 0.001096, 0.000977, 0.001015, 0.001081, 0.001032, 0.000979, 0.000956, 0.000959, 0.000870, 0.000992, 0.000913, 0.000969, 0.000940, 0.001108, 0.000272, 0.001611, 0.001737, 0.001872, 0.001782, 0.001826, 0.001796, 0.002049, 0.001775, 0.001949, 0.001859, 0.001737, 0.001870, 0.001772, 0.001800, 0.001619, 0.001785, 0.001829, 0.001752, 0.001652, 0.001709, 0.001839, 0.001620, 0.001601, 0.001825, 0.000757, 0.001343, 0.001492, 0.001468, 0.001194, 0.001133, 0.001262, 0.001173, 0.001121, 0.001072, 0.001161, 0.001075, 0.001107, 0.001171, 0.001026, 0.001023, 0.001155, 0.001155, 0.001084, 0.001110
6 , 1, 1, 1, 1, 1, 1, 1
6 , 0.016807, 0.020592, 0.022781, 0.025328, 0.026294, 0.025145, 0.024190
7 , 0.001872, 0.001782, 0.001826, 0.001796, 0.002049, 0.001775, 0.001949, 0.001859, 0.001737, 0.001870, 0.001772, 0.001800, 0.001619, 0.001785, 0.001829, 0.001752, 0.001652, 0.001709, 0.001839, 0.001620, 0.001601, 0.001825, 0.000757, 0.001343, 0.001492, 0.001468, 0.001194, 0.001133, 0.001262, 0.001173, 0.001121, 0.001072, 0.001161, 0.001075, 0.001107, 0.001171, 0.001026, 0.001023, 0.001155, 0.001155, 0.001084, 0.001110, 0.001065, 0.001100, 0.001107, 0.001063, 0.000535, 0.001702, 0.001463, 0.001661, 0.001654, 0.001709, 0.001770, 0.001700, 0.001835, 0.001837, 0.001944, 0.001670, 0.002034, 0.001816, 0.001813, 0.001843, 0.001823, 0.001957, 0.001802, 0.001897, 0.001584, 0.001949, 0.001835, 0.002006, 0.001375, 0.000787, 0.001185, 0.001164, 0.001223, 0.001104, 0.001048, 0.001007, 0.000994, 0.001040, 0.001068, 0.000989, 0.001073, 0.001019, 0.001152, 0.001148, 0.001270, 0.001200, 0.001340, 0.001354, 0.001498, 0.001298
7 , 1, 1, 1, 1, 1, 1, 1
7 , 0.022742, 0.025809, 0.027787, 0.030081, 0.026383, 0.025304, 0.024010
8 , 0.001661, 0.001654, 0.001709, 0.001770, 0.001700, 0.001835, 0.001837, 0.001944, 0.001670, 0.002034, 0.001816, 0.001813, 0.001843, 0.001823, 0.001957, 0.001802, 0.001897, 0.001584, 0.001949, 0.001835, 0.002006, 0.001375, 0.000787, 0.001185, 0.001164, 0.001223, 0.001104, 0.001048, 0.001007, 0.000994, 0.001040, 0.001068, 0.000989, 0.001073, 0.001019, 0.001152, 0.001148, 0.001270, 0.001200, 0.001340, 0.001354, 0.001498, 0.001298, 0.001511, 0.001426, 0.001458, 0.001496, 0.000374, 0.001094, 0.001343, 0.001187, 0.001301, 0.001416, 0.001281, 0.001368, 0.001227, 0.001598, 0.001423, 0.001555, 0.001534, 0.001637, 0.001628, 0.001649, 0.001713, 0.001619, 0.002016, 0.001819, 0.001881, 0.001800, 0.001948, 0.001913, 0.002161, 0.000197, 0.001238, 0.001076, 0.001120, 0.001139, 0.000853, 0.001007, 0.000850, 0.001093, 0.000895, 0.001088, 0.000913, 0.001047, 0.000804, 0.001139, 0.000885, 0.001106, 0.000885, 0.000928, 0.000837
8 , 1, 1, 1, 1, 1, 1, 1
8 , 0.018078, 0.021075, 0.023437, 0.024722, 0.027140, 0.025141, 0.024305
9 , 0.001187, 0.001301, 0.001416, 0.001281, 0.001368, 0.001227, 0.001598, 0.001423, 0.001555, 0.001534, 0.001637, 0.001628, 0.001649, 0.001713, 0.001619, 0.002016, 0.001819, 0.001881, 0.001800, 0.001948, 0.001913, 0.002161, 0.000197, 0.001238, 0.001076, 0.001120, 0.001139, 0.000853, 0.001007, 0.000850, 0.001093, 0.000895, 0.001088, 0.000913, 0.001047, 0.000804, 0.001139, 0.000885, 0.001106, 0.000885, 0.000928, 0.000837, 0.001070, 0.000921, 0.001244, 0.000481, 0.001129, 0.001610, 0.001711, 0.001697, 0.001565, 0.001835, 0.001760, 0.001816, 0.001616, 0.001825, 0.001951, 0.001930, 0.002011, 0.001760, 0.001893, 0.001881, 0.001835, 0.001619, 0.001925, 0.002076, 0.001835, 0.001965, 0.001726, 0.001893, 0.001681, 0.002059, 0.000770, 0.001049, 0.001382, 0.001276, 0.001144, 0.001073, 0.001113, 0.000987, 0.001177, 0.001055, 0.001068, 0.000989, 0.001113, 0.001088, 0.001154, 0.000959, 0.001172, 0.001117, 0.001365, 0.001164
9 , 1, 1, 1, 1, 1, 1, 1
9 , 0.020389, 0.023757, 0.027949, 0.030869, 0.029784, 0.028008, 0.026202
10 , 0.001697, 0.001565, 0.001835, 0.001760, 0.001816, 0.001616, 0.001825, 0.001951, 0.001930, 0.002011, 0.001760, 0.001893, 0.001881, 0.001835, 0.001619, 0.001925, 0.002076, 0.001835, 0.001965, 0.001726, 0.001893, 0.001681, 0.002059, 0.000770, 0.001049, 0.001382, 0.001276, 0.001144, 0.001073, 0.001113, 0.000987, 0.001177, 0.001055, 0.001068, 0.000989, 0.001113, 0.001088, 0.001154, 0.000959, 0.001172, 0.001117, 0.001365, 0.001164, 0.001192, 0.001068, 0.001245, 0.001077, 0.001288, 0.001172, 0.001265, 0.001259, 0.001326, 0.001217, 0.001418, 0.001313, 0.001413, 0.001254, 0.001467, 0.001311, 0.001326, 0.001291, 0.001272, 0.001181, 0.001164, 0.001110, 0.001206, 0.001227, 0.001194, 0.001166, 0.001103, 0.001227, 0.001234, 0.001269, 0.001023, 0.001145, 0.001084, 0.001246, 0.001099, 0.001207, 0.001086, 0.001091, 0.001022, 0.001205, 0.001101, 0.001099, 0.001107, 0.001232, 0.001128, 0.001227, 0.001086, 0.001306, 0.001117
10 , 1, 1, 1, 1, 1, 1, 1
10 , 0.014443, 0.015876, 0.016460, 0.017294, 0.018247, 0.017271, 0.015684
11 , 0.001259, 0.001326, 0.001217, 0.001418, 0.001313, 0.001413, 0.001254, 0.001467, 0.001311, 0.001326, 0.001291, 0.001272, 0.001181, 0.001164, 0.001110, 0.001206, 0.001227, 0.001194, 0.001166, 0.001103, 0.001227, 0.001234, 0.001269, 0.001023, 0.001145, 0.001084, 0.001246, 0.001099, 0.001207, 0.001086, 0.001091, 0.001022, 0.001205, 0.001101, 0.001099, 0.001107, 0.001232, 0.001128, 0.001227, 0.001086, 0.001306, 0.001117, 0.001360, 0.001145, 0.001367, 0.001227, 0.001353, 0.001155, 0.001192, 0.001211, 0.001392, 0.001246, 0.001410, 0.001185, 0.001199, 0.001197, 0.001248, 0.001276, 0.001281, 0.001251, 0.001283, 0.001354, 0.001389, 0.001287, 0.001337, 0.001404, 0.001380, 0.001372, 0.001361, 0.001320, 0.001368, 0.001370, 0.001350, 0.001346, 0.001303, 0.001364, 0.001307, 0.001466, 0.001222, 0.001355, 0.001385, 0.001463, 0.001181, 0.001363, 0.001131, 0.001129, 0.001005, 0.001164, 0.001080, 0.001144, 0.000984, 0.001179
11 , 1, 1, 1, 1, 1, 1, 1
11 , 0.002852, 0.002613, 0.003097, 0.003150, 0.003799, 0.003768, 0.004081
12 , 0.001410, 0.001185, 0.001199, 0.001197, 0.001248, 0.001276, 0.001281, 0.001251, 0.001283, 0.001354, 0.001389, 0.001287, 0.001337, 0.001404, 0.001380, 0.001372, 0.001361, 0.001320, 0.001368, 0.001370, 0.001350, 0.001346, 0.001303, 0.001364, 0.001307, 0.001466, 0.001222, 0.001355, 0.001385, 0.001463, 0.001181, 0.001363, 0.001131, 0.001129, 0.001005, 0.001164, 0.001080, 0.001144, 0.000984, 0.001179, 0.001063, 0.001068, 0.001030, 0.001248, 0.001027, 0.001121, 0.001045, 0.001202, 0.001213, 0.001281, 0.001188, 0.001234, 0.001138, 0.001267, 0.001224, 0.001245, 0.001423, 0.001276, 0.001356, 0.001316, 0.001304, 0.001217, 0.001372, 0.001400, 0.001339, 0.001262, 0.001299, 0.001210, 0.001416, 0.001292, 0.001213, 0.001051, 0.001178, 0.001101, 0.001260, 0.001227, 0.001419, 0.001181, 0.001366, 0.001237, 0.001300, 0.001228, 0.001430, 0.001237, 0.001333, 0.001229, 0.001442, 0.001292, 0.001394, 0.001176, 0.001274, 0.001180
12 , 2, 2, 1, 1, 2, 2, 2
12 , 0.002509, 0.002382, 0.002697, 0.003298, 0.003135, 0.003670, 0.004287
13 , 0.001138, 0.001267, 0.001224, 0.001245, 0.001423, 0.001276, 0.001356, 0.001316, 0.001304, 0.001217, 0.001372, 0.001400, 0.001339, 0.001262, 0.001299, 0.001210, 0.001416, 0.001292, 0.001213, 0.001051, 0.001178, 0.001101, 0.001260, 0.001227, 0.001419, 0.001181, 0.001366, 0.001237, 0.001300, 0.001228, 0.001430, 0.001237, 0.001333, 0.001229, 0.001442, 0.001292, 0.001394, 0.001176, 0.001274, 0.001180, 0.001459, 0.001346, 0.001403, 0.001214, 0.001389, 0.001451, 0.001541, 0.001389, 0.001403, 0.001429, 0.001338, 0.001405, 0.001352, 0.001413, 0.001385, 0.001420, 0.001172, 0.001396, 0.001322, 0.001485, 0.001278, 0.001437, 0.001256, 0.001376, 0.001233, 0.001405, 0.001290, 0.001367, 0.001325, 0.001480, 0.001157, 0.001325, 0.001286, 0.001304, 0.001227, 0.001400, 0.001302, 0.001366, 0.001326, 0.001244, 0.001294, 0.001300, 0.001237, 0.001446, 0.001441, 0.001279, 0.001311, 0.001342, 0.001349, 0.001290, 0.001292, 0.001227
13 , 1, 3, 3, 3, 3, 3, 3
13 , 0.001511, 0.001539, 0.002038, 0.002157, 0.002167, 0.002314, 0.001919
14 , 0.001405, 0.001352, 0.001413, 0.001385, 0.001420, 0.001172, 0.001396, 0.001322, 0.001485, 0.001278, 0.001437, 0.001256, 0.001376, 0.001233, 0.001405, 0.001290, 0.001367, 0.001325, 0.001480, 0.001157, 0.001325, 0.001286, 0.001304, 0.001227, 0.001400, 0.001302, 0.001366, 0.001326, 0.001244, 0.001294, 0.001300, 0.001237, 0.001446, 0.001441, 0.001279, 0.001311, 0.001342, 0.001349, 0.001290, 0.001292, 0.001227, 0.001260, 0.001236, 0.001391, 0.001245, 0.001311, 0.001213, 0.001309, 0.001128, 0.001229, 0.001131, 0.001255, 0.000946, 0.001224, 0.001194, 0.001241, 0.001110, 0.001340, 0.001054, 0.001274, 0.001124, 0.001165, 0.001143, 0.001162, 0.001071, 0.001256, 0.001043, 0.001248, 0.001211, 0.001213, 0.001164, 0.001126, 0.001217, 0.001269, 0.001286, 0.001232, 0.001321, 0.001318, 0.001208, 0.001330, 0.001245, 0.001187, 0.001372, 0.001152, 0.001334, 0.001295, 0.001267, 0.001166, 0.001330, 0.001264, 0.001423, 0.001147
14 , 2, 2, 2, 2, 2, 2, 2
14 , 0.002818, 0.002572, 0.002790, 0.002843, 0.003163, 0.003036, 0.003272
15 , 0.000946, 0.001224, 0.001194, 0.001241, 0.001110, 0.001340, 0.001054, 0.001274, 0.001124, 0.001165, 0.001143, 0.001162, 0.001071, 0.001256, 0.001043, 0.001248, 0.001211, 0.001213, 0.001164, 0.001126, 0.001217, 0.001269, 0.001286, 0.001232, 0.001321, 0.001318, 0.001208, 0.001330, 0.001245, 0.001187, 0.001372, 0.001152, 0.001334, 0.001295, 0.001267, 0.001166, 0.001330, 0.001264, 0.001423, 0.001147, 0.001370, 0.001206, 0.001386, 0.001206, 0.001269, 0.001225, 0.001253, 0.001181, 0.001281, 0.001181, 0.001337, 0.001239, 0.001253, 0.001227, 0.001325, 0.001185, 0.001288, 0.001224, 0.001229, 0.001140, 0.001183, 0.001150, 0.001188, 0.001232, 0.001164, 0.001215, 0.001274, 0.001213, 0.001138, 0.001299, 0.001112, 0.001283, 0.001103, 0.001192, 0.001072, 0.001332, 0.001075, 0.001211, 0.001087, 0.001304, 0.000967, 0.001165, 0.001096, 0.001258, 0.001071, 0.001172, 0.000934, 0.001121, 0.001033, 0.001251, 0.001021, 0.001194
15 , 3, 3, 3, 3, 3, 3, 3
15 , 0.004057, 0.004059, 0.004332, 0.004080, 0.003866, 0.003564, 0.003217
16 , 0.001281, 0.001181, 0.001337, 0.001239, 0.001253, 0.001227, 0.001325, 0.001185, 0.001288, 0.001224, 0.001229, 0.001140, 0.001183, 0.001150, 0.001188, 0.001232, 0.001164, 0.001215, 0.001274, 0.001213, 0.001138, 0.001299, 0.001112, 0.001283, 0.001103, 0.001192, 0.001072, 0.001332, 0.001075, 0.001211, 0.001087, 0.001304, 0.000967, 0.001165, 0.001096, 0.001258, 0.001071, 0.001172, 0.000934, 0.001121, 0.001033, 0.001251, 0.001021, 0.001194, 0.001154, 0.001269, 0.001283, 0.001333, 0.001224, 0.001261, 0.001213, 0.001315, 0.001320, 0.001248, 0.001350, 0.001283, 0.001437, 0.001400, 0.001324, 0.001237, 0.001396, 0.001218, 0.001255, 0.001229, 0.001297, 0.001220, 0.001260, 0.001105, 0.001299, 0.001143, 0.001248, 0.001168, 0.001238, 0.001121, 0.001316, 0.001091, 0.001194, 0.001112, 0.001201, 0.001110, 0.001183, 0.001175, 0.001284, 0.001134, 0.001165, 0.001169, 0.001256, 0.001162, 0.001015, 0.001151, 0.001037, 0.001156
16 , 1, 1, 1, 1, 1, 1, 1
16 , 0.004114, 0.004454, 0.004187, 0.004378, 0.003906, 0.004164, 0.003731
