0 , 0.001213, 0.001175, 0.001455, 0.001369, 0.001546, 0.001364, 0.001666, 0.001567, 0.001640, 0.001514, 0.001587, 0.001777, 0.001630, 0.001720, 0.001578, 0.001744, 0.001700, 0.001717, 0.001635, 0.001436, 0.001688, 0.001630, 0.001892, 0.000203, 0.001306, 0.001511, 0.001398, 0.001457, 0.001211, 0.001368, 0.001218, 0.001288, 0.001066, 0.001375, 0.001181, 0.001305, 0.001239, 0.001296, 0.001226, 0.001413, 0.001191, 0.001324, 0.001191, 0.001189, 0.001037, 0.001282, 0.000965, 0.000711, 0.001577, 0.001489, 0.001320, 0.001662, 0.001520, 0.001602, 0.001584, 0.001507, 0.001597, 0.001559, 0.001589, 0.001403, 0.001783, 0.001597, 0.001654, 0.001563, 0.001494, 0.001692, 0.001636, 0.001598, 0.001377, 0.001554, 0.001775, 0.001022, 0.001560, 0.001415, 0.001467, 0.001354, 0.001278, 0.001213, 0.001345, 0.001100, 0.001111, 0.001094, 0.001360, 0.001223, 0.001351, 0.001183, 0.001370, 0.001216, 0.001337, 0.001211, 0.001324, 0.001291
0 , 1, 1, 1, 1, 1, 1, 1
0 , 0.008085, 0.009062, 0.010759, 0.013237, 0.015028, 0.012950, 0.012525
1 , 0.001320, 0.001662, 0.001520, 0.001602, 0.001584, 0.001507, 0.001597, 0.001559, 0.001589, 0.001403, 0.001783, 0.001597, 0.001654, 0.001563, 0.001494, 0.001692, 0.001636, 0.001598, 0.001377, 0.001554, 0.001775, 0.001022, 0.001560, 0.001415, 0.001467, 0.001354, 0.001278, 0.001213, 0.001345, 0.001100, 0.001111, 0.001094, 0.001360, 0.001223, 0.001351, 0.001183, 0.001370, 0.001216, 0.001337, 0.001211, 0.001324, 0.001291, 0.001404, 0.001276, 0.001435, 0.001265, 0.001520, 0.000047, 0.001104, 0.001381, 0.001356, 0.001235, 0.001394, 0.001579, 0.001389, 0.001362, 0.001151, 0.001586, 0.001350, 0.001432, 0.001402, 0.001462, 0.001553, 0.001485, 0.001498, 0.001408, 0.001658, 0.001602, 0.001613, 0.001713, 0.001597, 0.001989, 0.000479, 0.001518, 0.001330, 0.001314, 0.001169, 0.001236, 0.001094, 0.001258, 0.001033, 0.001253, 0.001134, 0.001277, 0.001026, 0.001188, 0.001155, 0.001219, 0.001082, 0.001214, 0.001169, 0.001085
1 , 1, 1, 1, 1, 1, 1, 1
1 , 0.006657, 0.008197, 0.009896, 0.009520, 0.014170, 0.012827, 0.013311
2 , 0.001356, 0.001235, 0.001394, 0.001579, 0.001389, 0.001362, 0.001151, 0.001586, 0.001350, 0.001432, 0.001402, 0.001462, 0.001553, 0.001485, 0.001498, 0.001408, 0.001658, 0.001602, 0.001613, 0.001713, 0.001597, 0.001989, 0.000479, 0.001518, 0.001330, 0.001314, 0.001169, 0.001236, 0.001094, 0.001258, 0.001033, 0.001253, 0.001134, 0.001277, 0.001026, 0.001188, 0.001155, 0.001219, 0.001082, 0.001214, 0.001169, 0.001085, 0.001035, 0.001260, 0.001204, 0.000650, 0.001383, 0.001490, 0.001624, 0.001517, 0.001702, 0.001479, 0.001519, 0.001778, 0.001666, 0.001705, 0.001467, 0.001628, 0.001507, 0.001641, 0.001563, 0.001489, 0.001753, 0.001571, 0.001628, 0.001467, 0.001675, 0.001727, 0.001597, 0.001740, 0.001540, 0.001930, 0.000469, 0.001620, 0.001313, 0.001317, 0.001250, 0.001406, 0.001189, 0.001319, 0.001269, 0.001369, 0.001280, 0.001420, 0.001118, 0.001318, 0.001242, 0.001316, 0.001120, 0.001244, 0.001111, 0.001335
2 , 1, 1, 1, 1, 1, 1, 1
2 , 0.007913, 0.010833, 0.013993, 0.015568, 0.014978, 0.013213, 0.013403
3 , 0.001517, 0.001702, 0.001479, 0.001519, 0.001778, 0.001666, 0.001705, 0.001467, 0.001628, 0.001507, 0.001641, 0.001563, 0.001489, 0.001753, 0.001571, 0.001628, 0.001467, 0.001675, 0.001727, 0.001597, 0.001740, 0.001540, 0.001930, 0.000469, 0.001620, 0.001313, 0.001317, 0.001250, 0.001406, 0.001189, 0.001319, 0.001269, 0.001369, 0.001280, 0.001420, 0.001118, 0.001318, 0.001242, 0.001316, 0.001120, 0.001244, 0.001111, 0.001335, 0.001074, 0.001256, 0.001282, 0.001420, 0.001167, 0.001290, 0.000792, 0.001257, 0.001554, 0.001576, 0.001438, 0.001339, 0.001494, 0.001602, 0.001476, 0.001554, 0.001356, 0.001627, 0.001455, 0.001511, 0.001416, 0.001524, 0.001644, 0.001541, 0.001671, 0.001529, 0.001667, 0.001654, 0.001641, 0.001696, 0.001216, 0.000939, 0.001548, 0.001370, 0.001475, 0.001244, 0.001384, 0.001169, 0.001272, 0.001066, 0.001260, 0.001136, 0.001213, 0.000993, 0.001178, 0.001138, 0.001391, 0.001087, 0.001222
3 , 1, 1, 1, 1, 1, 1, 1
3 , 0.008529, 0.009494, 0.011166, 0.011869, 0.014132, 0.012979, 0.014384
4 , 0.001576, 0.001438, 0.001339, 0.001494, 0.001602, 0.001476, 0.001554, 0.001356, 0.001627, 0.001455, 0.001511, 0.001416, 0.001524, 0.001644, 0.001541, 0.001671, 0.001529, 0.001667, 0.001654, 0.001641, 0.001696, 0.001216, 0.000939, 0.001548, 0.001370, 0.001475, 0.001244, 0.001384, 0.001169, 0.001272, 0.001066, 0.001260, 0.001136, 0.001213, 0.000993, 0.001178, 0.001138, 0.001391, 0.001087, 0.001222, 0.001028, 0.001202, 0.001204, 0.001206, 0.001235, 0.000081, 0.001670, 0.001499, 0.001383, 0.001728, 0.001559, 0.001672, 0.001607, 0.001738, 0.001720, 0.001690, 0.001729, 0.001654, 0.001788, 0.001702, 0.001758, 0.001545, 0.001800, 0.001831, 0.001722, 0.001791, 0.001685, 0.001897, 0.001759, 0.001864, 0.000397, 0.001203, 0.001239, 0.001170, 0.001135, 0.001079, 0.001238, 0.001206, 0.001170, 0.001003, 0.001284, 0.001143, 0.001154, 0.001134, 0.001323, 0.001105, 0.001239, 0.001138, 0.001255, 0.001242, 0.001274, 0.001198
4 , 1, 1, 1, 1, 1, 1, 1
4 , 0.014647, 0.016942, 0.021370, 0.018505, 0.016876, 0.017041, 0.015992
5 , 0.001383, 0.001728, 0.001559, 0.001672, 0.001607, 0.001738, 0.001720, 0.001690, 0.001729, 0.001654, 0.001788, 0.001702, 0.001758, 0.001545, 0.001800, 0.001831, 0.001722, 0.001791, 0.001685, 0.001897, 0.001759, 0.001864, 0.000397, 0.001203, 0.001239, 0.001170, 0.001135, 0.001079, 0.001238, 0.001206, 0.001170, 0.001003, 0.001284, 0.001143, 0.001154, 0.001134, 0.001323, 0.001105, 0.001239, 0.001138, 0.001255, 0.001242, 0.001274, 0.001198, 0.001341, 0.001204, 0.001335, 0.000488, 0.000963, 0.001442, 0.001524, 0.001343, 0.001580, 0.001550, 0.001601, 0.001437, 0.001558, 0.001627, 0.001503, 0.001701, 0.001580, 0.001844, 0.001554, 0.001563, 0.001576, 0.001580, 0.001775, 0.001580, 0.001602, 0.001455, 0.001416, 0.001817, 0.000299, 0.001715, 0.001542, 0.001475, 0.001360, 0.001370, 0.001191, 0.001359, 0.001267, 0.001345, 0.001335, 0.001308, 0.001217, 0.001280, 0.001158, 0.001226, 0.001181, 0.001307, 0.001176, 0.001176
5 , 1, 1, 1, 1, 1, 1, 1
5 , 0.011836, 0.014764, 0.015936, 0.017151, 0.017943, 0.016195, 0.016505
6 , 0.001524, 0.001343, 0.001580, 0.001550, 0.001601, 0.001437, 0.001558, 0.001627, 0.001503, 0.001701, 0.001580, 0.001844, 0.001554, 0.001563, 0.001576, 0.001580, 0.001775, 0.001580, 0.001602, 0.001455, 0.001416, 0.001817, 0.000299, 0.001715, 0.001542, 0.001475, 0.001360, 0.001370, 0.001191, 0.001359, 0.001267, 0.001345, 0.001335, 0.001308, 0.001217, 0.001280, 0.001158, 0.001226, 0.001181, 0.001307, 0.001176, 0.001176, 0.001279, 0.001098, 0.001155, 0.001084, 0.000721, 0.001344, 0.001444, 0.001426, 0.001316, 0.001381, 0.001671, 0.001433, 0.001554, 0.001425, 0.001641, 0.001511, 0.001619, 0.001559, 0.001498, 0.001666, 0.001506, 0.001580, 0.001373, 0.001593, 0.001636, 0.001485, 0.001619, 0.001666, 0.001519, 0.001061, 0.001585, 0.001500, 0.001398, 0.001454, 0.001411, 0.001137, 0.001261, 0.001148, 0.001272, 0.001155, 0.001220, 0.001131, 0.001382, 0.001190, 0.001246, 0.001293, 0.001228, 0.001337, 0.001404, 0.001269
6 , 1, 1, 1, 1, 1, 1, 1
6 , 0.007362, 0.009375, 0.011005, 0.013522, 0.010663, 0.011726, 0.012161
7 , 0.001426, 0.001316, 0.001381, 0.001671, 0.001433, 0.001554, 0.001425, 0.001641, 0.001511, 0.001619, 0.001559, 0.001498, 0.001666, 0.001506, 0.001580, 0.001373, 0.001593, 0.001636, 0.001485, 0.001619, 0.001666, 0.001519, 0.001061, 0.001585, 0.001500, 0.001398, 0.001454, 0.001411, 0.001137, 0.001261, 0.001148, 0.001272, 0.001155, 0.001220, 0.001131, 0.001382, 0.001190, 0.001246, 0.001293, 0.001228, 0.001337, 0.001404, 0.001269, 0.001367, 0.001305, 0.001217, 0.001323, 0.000293, 0.001524, 0.001390, 0.001584, 0.001425, 0.001588, 0.001609, 0.001544, 0.001764, 0.001633, 0.001659, 0.001615, 0.001886, 0.001782, 0.001917, 0.001692, 0.001562, 0.001819, 0.001628, 0.001763, 0.001642, 0.001754, 0.001722, 0.001608, 0.001718, 0.000330, 0.001417, 0.001641, 0.001432, 0.001482, 0.001361, 0.001389, 0.001385, 0.001385, 0.001342, 0.001378, 0.001248, 0.001427, 0.001500, 0.001400, 0.001415, 0.001569, 0.001472, 0.001541, 0.001417
7 , 1, 1, 1, 1, 1, 1, 1
7 , 0.006388, 0.008330, 0.009789, 0.010536, 0.012640, 0.010677, 0.010835
8 , 0.001584, 0.001425, 0.001588, 0.001609, 0.001544, 0.001764, 0.001633, 0.001659, 0.001615, 0.001886, 0.001782, 0.001917, 0.001692, 0.001562, 0.001819, 0.001628, 0.001763, 0.001642, 0.001754, 0.001722, 0.001608, 0.001718, 0.000330, 0.001417, 0.001641, 0.001432, 0.001482, 0.001361, 0.001389, 0.001385, 0.001385, 0.001342, 0.001378, 0.001248, 0.001427, 0.001500, 0.001400, 0.001415, 0.001569, 0.001472, 0.001541, 0.001417, 0.001442, 0.001429, 0.001516, 0.000795, 0.000893, 0.001333, 0.001278, 0.001282, 0.001592, 0.001515, 0.001515, 0.001343, 0.001576, 0.001589, 0.001606, 0.001606, 0.001558, 0.001731, 0.001657, 0.001735, 0.001635, 0.001761, 0.001747, 0.001713, 0.001746, 0.001622, 0.001737, 0.002010, 0.000451, 0.001553, 0.001297, 0.001316, 0.001192, 0.001162, 0.001118, 0.001281, 0.001218, 0.001218, 0.001181, 0.001141, 0.001176, 0.001226, 0.001328, 0.001446, 0.001409, 0.001252, 0.001270, 0.001297, 0.001327, 0.001297
8 , 1, 1, 1, 1, 1, 1, 1
8 , 0.008985, 0.011283, 0.014077, 0.013942, 0.012034, 0.012130, 0.012534
9 , 0.001278, 0.001282, 0.001592, 0.001515, 0.001515, 0.001343, 0.001576, 0.001589, 0.001606, 0.001606, 0.001558, 0.001731, 0.001657, 0.001735, 0.001635, 0.001761, 0.001747, 0.001713, 0.001746, 0.001622, 0.001737, 0.002010, 0.000451, 0.001553, 0.001297, 0.001316, 0.001192, 0.001162, 0.001118, 0.001281, 0.001218, 0.001218, 0.001181, 0.001141, 0.001176, 0.001226, 0.001328, 0.001446, 0.001409, 0.001252, 0.001270, 0.001297, 0.001327, 0.001297, 0.001425, 0.001353, 0.001357, 0.001346, 0.000406, 0.001325, 0.001338, 0.001459, 0.001412, 0.001352, 0.001490, 0.001507, 0.001519, 0.001533, 0.001649, 0.001446, 0.001533, 0.001382, 0.001550, 0.001671, 0.001632, 0.001697, 0.001490, 0.001736, 0.001688, 0.001666, 0.001662, 0.001814, 0.001607, 0.001083, 0.001609, 0.001446, 0.001375, 0.001178, 0.001253, 0.001199, 0.001110, 0.001171, 0.001225, 0.001127, 0.001242, 0.001233, 0.001252, 0.001285, 0.001345, 0.001367, 0.001365, 0.001352
9 , 1, 1, 1, 1, 1, 1, 1
9 , 0.006722, 0.008331, 0.010171, 0.012114, 0.011387, 0.014328, 0.013576
10 , 0.001459, 0.001412, 0.001352, 0.001490, 0.001507, 0.001519, 0.001533, 0.001649, 0.001446, 0.001533, 0.001382, 0.001550, 0.001671, 0.001632, 0.001697, 0.001490, 0.001736, 0.001688, 0.001666, 0.001662, 0.001814, 0.001607, 0.001083, 0.001609, 0.001446, 0.001375, 0.001178, 0.001253, 0.001199, 0.001110, 0.001171, 0.001225, 0.001127, 0.001242, 0.001233, 0.001252, 0.001285, 0.001345, 0.001367, 0.001365, 0.001352, 0.001289, 0.001283, 0.001272, 0.001427, 0.000193, 0.001474, 0.001261, 0.001584, 0.001485, 0.001601, 0.001498, 0.001537, 0.001654, 0.001641, 0.001636, 0.001425, 0.001658, 0.001649, 0.001680, 0.001520, 0.001675, 0.001791, 0.001748, 0.001830, 0.001595, 0.001859, 0.001760, 0.001582, 0.001670, 0.001625, 0.001993, 0.000156, 0.001557, 0.001495, 0.001483, 0.001400, 0.001432, 0.001145, 0.001476, 0.001279, 0.001355, 0.001339, 0.001431, 0.001390, 0.001411, 0.001369, 0.001558, 0.001446, 0.001509, 0.001446, 0.001595
10 , 1, 1, 1, 1, 1, 1, 1
10 , 0.006926, 0.008646, 0.012457, 0.013037, 0.013748, 0.011182, 0.011381
11 , 0.001601, 0.001498, 0.001537, 0.001654, 0.001641, 0.001636, 0.001425, 0.001658, 0.001649, 0.001680, 0.001520, 0.001675, 0.001791, 0.001748, 0.001830, 0.001595, 0.001859, 0.001760, 0.001582, 0.001670, 0.001625, 0.001993, 0.000156, 0.001557, 0.001495, 0.001483, 0.001400, 0.001432, 0.001145, 0.001476, 0.001279, 0.001355, 0.001339, 0.001431, 0.001390, 0.001411, 0.001369, 0.001558, 0.001446, 0.001509, 0.001446, 0.001595, 0.001460, 0.001514, 0.001485, 0.001641, 0.001485, 0.001553, 0.001525, 0.001494, 0.001589, 0.001534, 0.001496, 0.001498, 0.001534, 0.001482, 0.001548, 0.001438, 0.001309, 0.001372, 0.001368, 0.001248, 0.001387, 0.001230, 0.001274, 0.001228, 0.001359, 0.001172, 0.001366, 0.001324, 0.001340, 0.001204, 0.001459, 0.001242, 0.001412, 0.001192, 0.001199, 0.001136, 0.001185, 0.001146, 0.001392, 0.001098, 0.001391, 0.001250, 0.001575, 0.001414, 0.001445, 0.001339, 0.001447, 0.001230, 0.001388, 0.001234
11 , 1, 1, 1, 1, 1, 1, 1
11 , 0.006828, 0.007438, 0.007081, 0.008057, 0.004729, 0.004965, 0.004468
12 , 0.001494, 0.001589, 0.001534, 0.001496, 0.001498, 0.001534, 0.001482, 0.001548, 0.001438, 0.001309, 0.001372, 0.001368, 0.001248, 0.001387, 0.001230, 0.001274, 0.001228, 0.001359, 0.001172, 0.001366, 0.001324, 0.001340, 0.001204, 0.001459, 0.001242, 0.001412, 0.001192, 0.001199, 0.001136, 0.001185, 0.001146, 0.001392, 0.001098, 0.001391, 0.001250, 0.001575, 0.001414, 0.001445, 0.001339, 0.001447, 0.001230, 0.001388, 0.001234, 0.001339, 0.001250, 0.001446, 0.001202, 0.001330, 0.001328, 0.001267, 0.001206, 0.001446, 0.001364, 0.001483, 0.001534, 0.001429, 0.001474, 0.001457, 0.001521, 0.001462, 0.001572, 0.001714, 0.001607, 0.001652, 0.001761, 0.001653, 0.001789, 0.001691, 0.001837, 0.001822, 0.002030, 0.001812, 0.002021, 0.001775, 0.001872, 0.001749, 0.001853, 0.001757, 0.001888, 0.001836, 0.001954, 0.001692, 0.001814, 0.001533, 0.001564, 0.001434, 0.001538, 0.001360, 0.001387, 0.001137, 0.001255, 0.001194
12 , 2, 2, 2, 2, 2, 1, 1
12 , 0.008032, 0.006741, 0.005446, 0.003736, 0.002278, 0.003184, 0.003930
13 , 0.001202, 0.001330, 0.001328, 0.001267, 0.001206, 0.001446, 0.001364, 0.001483, 0.001534, 0.001429, 0.001474, 0.001457, 0.001521, 0.001462, 0.001572, 0.001714, 0.001607, 0.001652, 0.001761, 0.001653, 0.001789, 0.001691, 0.001837, 0.001822, 0.002030, 0.001812, 0.002021, 0.001775, 0.001872, 0.001749, 0.001853, 0.001757, 0.001888, 0.001836, 0.001954, 0.001692, 0.001814, 0.001533, 0.001564, 0.001434, 0.001538, 0.001360, 0.001387, 0.001137, 0.001255, 0.001194, 0.001251, 0.001137, 0.001218, 0.001074, 0.001208, 0.001010, 0.001114, 0.001056, 0.001072, 0.001044, 0.000989, 0.000969, 0.001019, 0.001044, 0.001067, 0.001109, 0.001127, 0.001142, 0.001135, 0.001270, 0.001159, 0.001300, 0.001220, 0.001314, 0.001255, 0.001379, 0.001248, 0.001335, 0.001146, 0.001385, 0.001343, 0.001374, 0.001243, 0.001495, 0.001322, 0.001478, 0.001285, 0.001378, 0.001279, 0.001402, 0.001301, 0.001400, 0.001323, 0.001457, 0.001321, 0.001290
13 , 0, 0, 0, 0, 0, 0, 0
13 , 0.011894, 0.011454, 0.010208, 0.009554, 0.007877, 0.006870, 0.005030
14 , 0.001251, 0.001137, 0.001218, 0.001074, 0.001208, 0.001010, 0.001114, 0.001056, 0.001072, 0.001044, 0.000989, 0.000969, 0.001019, 0.001044, 0.001067, 0.001109, 0.001127, 0.001142, 0.001135, 0.001270, 0.001159, 0.001300, 0.001220, 0.001314, 0.001255, 0.001379, 0.001248, 0.001335, 0.001146, 0.001385, 0.001343, 0.001374, 0.001243, 0.001495, 0.001322, 0.001478, 0.001285, 0.001378, 0.001279, 0.001402, 0.001301, 0.001400, 0.001323, 0.001457, 0.001321, 0.001290, 0.001278, 0.001368, 0.001415, 0.001377, 0.001223, 0.001495, 0.001434, 0.001506, 0.001385, 0.001447, 0.001449, 0.001329, 0.001364, 0.001364, 0.001392, 0.001311, 0.001285, 0.001152, 0.001345, 0.001259, 0.001316, 0.001075, 0.001375, 0.001279, 0.001255, 0.001124, 0.001218, 0.001122, 0.001164, 0.001042, 0.001272, 0.001108, 0.001370, 0.001080, 0.001332, 0.001152, 0.001269, 0.001103, 0.001286, 0.001075, 0.001288, 0.001148, 0.001286, 0.001216, 0.001239, 0.001213
14 , 3, 3, 3, 3, 3, 3, 3
14 , 0.008064, 0.008195, 0.008450, 0.008342, 0.008217, 0.008036, 0.007629
15 , 0.001415, 0.001377, 0.001223, 0.001495, 0.001434, 0.001506, 0.001385, 0.001447, 0.001449, 0.001329, 0.001364, 0.001364, 0.001392, 0.001311, 0.001285, 0.001152, 0.001345, 0.001259, 0.001316, 0.001075, 0.001375, 0.001279, 0.001255, 0.001124, 0.001218, 0.001122, 0.001164, 0.001042, 0.001272, 0.001108, 0.001370, 0.001080, 0.001332, 0.001152, 0.001269, 0.001103, 0.001286, 0.001075, 0.001288, 0.001148, 0.001286, 0.001216, 0.001239, 0.001213, 0.001185, 0.001127, 0.001359, 0.001226, 0.001280, 0.001163, 0.001259, 0.001313, 0.001287, 0.001308, 0.001363, 0.001432, 0.001302, 0.001428, 0.001265, 0.001328, 0.001356, 0.001422, 0.001450, 0.001474, 0.001328, 0.001431, 0.001251, 0.001251, 0.001131, 0.001410, 0.001159, 0.001290, 0.001045, 0.001197, 0.001103, 0.001255, 0.001122, 0.001241, 0.001262, 0.001272, 0.001084, 0.001262, 0.001218, 0.001188, 0.001115, 0.001172, 0.001252, 0.001332, 0.001350, 0.001405, 0.001425, 0.001416
15 , 1, 1, 1, 1, 1, 1, 1
15 , 0.005821, 0.005168, 0.005781, 0.005155, 0.004912, 0.003907, 0.003702
16 , 0.001359, 0.001226, 0.001280, 0.001163, 0.001259, 0.001313, 0.001287, 0.001308, 0.001363, 0.001432, 0.001302, 0.001428, 0.001265, 0.001328, 0.001356, 0.001422, 0.001450, 0.001474, 0.001328, 0.001431, 0.001251, 0.001251, 0.001131, 0.001410, 0.001159, 0.001290, 0.001045, 0.001197, 0.001103, 0.001255, 0.001122, 0.001241, 0.001262, 0.001272, 0.001084, 0.001262, 0.001218, 0.001188, 0.001115, 0.001172, 0.001252, 0.001332, 0.001350, 0.001405, 0.001425, 0.001416, 0.001467, 0.001406, 0.001486, 0.001535, 0.001554, 0.001487, 0.001570, 0.001439, 0.001510, 0.001448, 0.001426, 0.001426, 0.001560, 0.001377, 0.001579, 0.001303, 0.001368, 0.001343, 0.001349, 0.001319, 0.001339, 0.001185, 0.001424, 0.001263, 0.001454, 0.001185, 0.001287, 0.001165, 0.001341, 0.001187, 0.001193, 0.001158, 0.001169, 0.001202, 0.001251, 0.001171, 0.001173, 0.001087, 0.001101, 0.001080, 0.000993, 0.000970, 0.001104, 0.001091, 0.001033, 0.001180
16 , 1, 1, 1, 1, 1, 1, 1
16 , 0.007430, 0.007986, 0.007962, 0.008130, 0.007570, 0.007585, 0.006835
