0 , 0.001655, 0.001364, 0.001352, 0.001278, 0.001307, 0.001124, 0.001309, 0.001183, 0.001346, 0.001313, 0.001390, 0.001244, 0.001265, 0.001078, 0.001099, 0.001139, 0.001242, 0.001062, 0.001077, 0.001074, 0.001132, 0.001069, 0.001132, 0.001092, 0.001107, 0.000812, 0.001442, 0.001706, 0.001660, 0.001674, 0.001523, 0.001887, 0.001792, 0.001836, 0.001711, 0.001890, 0.001929, 0.001641, 0.001729, 0.001594, 0.001840, 0.001715, 0.001775, 0.001703, 0.001812, 0.001873, 0.001665, 0.001714, 0.001661, 0.001535, 0.000984, 0.001494, 0.001459, 0.001483, 0.001344, 0.001346, 0.001161, 0.001318, 0.001243, 0.001370, 0.001241, 0.001463, 0.001326, 0.001307, 0.001246, 0.001257, 0.001137, 0.001322, 0.001142, 0.001225, 0.001235, 0.001269, 0.001246, 0.000150, 0.001566, 0.001330, 0.001607, 0.001674, 0.001781, 0.001686, 0.001665, 0.001906, 0.001806, 0.001885, 0.001732, 0.001922, 0.001964, 0.001966, 0.001880, 0.001880, 0.002098, 0.001812
0 , 0, 0, 0, 0, 0, 0, 0
0 , 0.009431, 0.012097, 0.015262, 0.016257, 0.018451, 0.020326, 0.024215
1 , 0.001459, 0.001483, 0.001344, 0.001346, 0.001161, 0.001318, 0.001243, 0.001370, 0.001241, 0.001463, 0.001326, 0.001307, 0.001246, 0.001257, 0.001137, 0.001322, 0.001142, 0.001225, 0.001235, 0.001269, 0.001246, 0.000150, 0.001566, 0.001330, 0.001607, 0.001674, 0.001781, 0.001686, 0.001665, 0.001906, 0.001806, 0.001885, 0.001732, 0.001922, 0.001964, 0.001966, 0.001880, 0.001880, 0.002098, 0.001812, 0.001915, 0.001866, 0.001982, 0.001948, 0.001743, 0.001760, 0.001688, 0.002067, 0.000169, 0.001535, 0.001288, 0.001188, 0.001043, 0.001139, 0.001063, 0.001309, 0.001049, 0.001295, 0.001127, 0.001255, 0.001263, 0.001350, 0.001215, 0.001374, 0.001235, 0.001385, 0.001226, 0.001298, 0.001233, 0.001428, 0.001320, 0.001411, 0.001435, 0.000947, 0.001166, 0.001463, 0.001601, 0.001523, 0.001540, 0.001440, 0.001579, 0.001908, 0.001662, 0.001623, 0.001553, 0.001762, 0.001624, 0.001632, 0.001529, 0.001650, 0.001727, 0.001576
1 , 0, 0, 0, 0, 0, 0, 0
1 , 0.014209, 0.015876, 0.016759, 0.020266, 0.021585, 0.019379, 0.020375
2 , 0.001288, 0.001188, 0.001043, 0.001139, 0.001063, 0.001309, 0.001049, 0.001295, 0.001127, 0.001255, 0.001263, 0.001350, 0.001215, 0.001374, 0.001235, 0.001385, 0.001226, 0.001298, 0.001233, 0.001428, 0.001320, 0.001411, 0.001435, 0.000947, 0.001166, 0.001463, 0.001601, 0.001523, 0.001540, 0.001440, 0.001579, 0.001908, 0.001662, 0.001623, 0.001553, 0.001762, 0.001624, 0.001632, 0.001529, 0.001650, 0.001727, 0.001576, 0.001680, 0.001503, 0.001689, 0.001589, 0.001503, 0.001871, 0.000511, 0.001309, 0.001505, 0.001472, 0.001441, 0.001228, 0.001294, 0.001202, 0.001387, 0.001128, 0.001231, 0.001176, 0.001373, 0.001094, 0.001279, 0.001134, 0.001143, 0.001049, 0.001211, 0.000986, 0.001202, 0.001078, 0.001152, 0.001040, 0.000524, 0.001597, 0.001470, 0.001504, 0.001786, 0.001643, 0.001748, 0.001407, 0.001740, 0.001693, 0.001658, 0.001464, 0.001559, 0.001710, 0.001529, 0.001753, 0.001503, 0.001735, 0.001692, 0.001725
2 , 0, 0, 0, 0, 0, 0, 0
2 , 0.011127, 0.013047, 0.013292, 0.014431, 0.016150, 0.017181, 0.017127
3 , 0.001472, 0.001441, 0.001228, 0.001294, 0.001202, 0.001387, 0.001128, 0.001231, 0.001176, 0.001373, 0.001094, 0.001279, 0.001134, 0.001143, 0.001049, 0.001211, 0.000986, 0.001202, 0.001078, 0.001152, 0.001040, 0.000524, 0.001597, 0.001470, 0.001504, 0.001786, 0.001643, 0.001748, 0.001407, 0.001740, 0.001693, 0.001658, 0.001464, 0.001559, 0.001710, 0.001529, 0.001753, 0.001503, 0.001735, 0.001692, 0.001725, 0.001639, 0.001762, 0.001812, 0.001764, 0.001330, 0.000920, 0.001100, 0.001384, 0.001308, 0.001148, 0.001085, 0.001211, 0.001169, 0.001103, 0.001099, 0.001110, 0.001078, 0.001190, 0.001131, 0.001195, 0.001068, 0.001180, 0.001124, 0.001241, 0.001232, 0.001190, 0.001262, 0.001270, 0.001258, 0.001383, 0.000101, 0.001261, 0.001484, 0.001486, 0.001520, 0.001827, 0.001727, 0.001778, 0.001690, 0.001855, 0.001959, 0.001730, 0.001815, 0.001695, 0.001975, 0.002066, 0.001994, 0.001831, 0.001896, 0.001915, 0.001866
3 , 0, 0, 0, 0, 0, 0, 0
3 , 0.017493, 0.018584, 0.019873, 0.021269, 0.023421, 0.023979, 0.023742
4 , 0.001085, 0.001211, 0.001169, 0.001103, 0.001099, 0.001110, 0.001078, 0.001190, 0.001131, 0.001195, 0.001068, 0.001180, 0.001124, 0.001241, 0.001232, 0.001190, 0.001262, 0.001270, 0.001258, 0.001383, 0.000101, 0.001261, 0.001484, 0.001486, 0.001520, 0.001827, 0.001727, 0.001778, 0.001690, 0.001855, 0.001959, 0.001730, 0.001815, 0.001695, 0.001975, 0.002066, 0.001994, 0.001831, 0.001896, 0.001915, 0.001866, 0.001877, 0.001811, 0.001894, 0.001969, 0.000399, 0.001601, 0.001176, 0.001244, 0.001179, 0.001186, 0.001148, 0.001230, 0.001192, 0.001169, 0.001139, 0.001038, 0.001281, 0.001213, 0.001246, 0.001202, 0.001230, 0.001134, 0.001237, 0.001099, 0.001361, 0.001047, 0.001234, 0.000734, 0.001212, 0.001683, 0.001762, 0.001681, 0.001463, 0.001639, 0.001813, 0.001699, 0.001899, 0.001650, 0.001899, 0.001802, 0.001857, 0.001748, 0.001834, 0.001987, 0.001692, 0.001806, 0.001604, 0.001973, 0.001743, 0.001792, 0.001648
4 , 0, 0, 0, 0, 0, 0, 0
4 , 0.022883, 0.025715, 0.026987, 0.027097, 0.025904, 0.024237, 0.023141
5 , 0.001179, 0.001186, 0.001148, 0.001230, 0.001192, 0.001169, 0.001139, 0.001038, 0.001281, 0.001213, 0.001246, 0.001202, 0.001230, 0.001134, 0.001237, 0.001099, 0.001361, 0.001047, 0.001234, 0.000734, 0.001212, 0.001683, 0.001762, 0.001681, 0.001463, 0.001639, 0.001813, 0.001699, 0.001899, 0.001650, 0.001899, 0.001802, 0.001857, 0.001748, 0.001834, 0.001987, 0.001692, 0.001806, 0.001604, 0.001973, 0.001743, 0.001792, 0.001648, 0.001861, 0.000966, 0.001344, 0.001412, 0.001546, 0.001359, 0.001355, 0.001259, 0.001246, 0.001252, 0.001168, 0.001257, 0.001315, 0.001313, 0.001435, 0.001252, 0.001252, 0.001215, 0.001346, 0.001318, 0.001446, 0.001326, 0.001368, 0.001185, 0.001309, 0.001195, 0.001281, 0.000520, 0.001628, 0.001583, 0.001831, 0.001615, 0.001841, 0.001695, 0.002029, 0.001952, 0.001843, 0.001913, 0.001709, 0.001934, 0.001734, 0.001787, 0.001593, 0.001801, 0.001784, 0.001721, 0.001734, 0.001558, 0.001799
5 , 0, 0, 0, 0, 0, 0, 0
5 , 0.019642, 0.021052, 0.021487, 0.022949, 0.022002, 0.021274, 0.019914
6 , 0.001355, 0.001259, 0.001246, 0.001252, 0.001168, 0.001257, 0.001315, 0.001313, 0.001435, 0.001252, 0.001252, 0.001215, 0.001346, 0.001318, 0.001446, 0.001326, 0.001368, 0.001185, 0.001309, 0.001195, 0.001281, 0.000520, 0.001628, 0.001583, 0.001831, 0.001615, 0.001841, 0.001695, 0.002029, 0.001952, 0.001843, 0.001913, 0.001709, 0.001934, 0.001734, 0.001787, 0.001593, 0.001801, 0.001784, 0.001721, 0.001734, 0.001558, 0.001799, 0.001563, 0.001896, 0.001369, 0.000871, 0.001412, 0.001380, 0.001337, 0.001302, 0.001291, 0.001118, 0.001151, 0.000978, 0.001109, 0.000955, 0.000990, 0.000985, 0.001119, 0.000962, 0.001206, 0.001074, 0.001147, 0.000948, 0.001016, 0.001022, 0.001196, 0.001157, 0.000030, 0.001346, 0.001676, 0.001416, 0.001529, 0.001768, 0.001670, 0.001545, 0.001593, 0.001727, 0.001469, 0.001559, 0.001451, 0.001520, 0.001546, 0.001581, 0.001512, 0.001456, 0.001736, 0.001542, 0.001693, 0.001609, 0.001787
6 , 0, 0, 0, 0, 0, 0, 0
6 , 0.015702, 0.017895, 0.021166, 0.022322, 0.021633, 0.021673, 0.019153
7 , 0.001337, 0.001302, 0.001291, 0.001118, 0.001151, 0.000978, 0.001109, 0.000955, 0.000990, 0.000985, 0.001119, 0.000962, 0.001206, 0.001074, 0.001147, 0.000948, 0.001016, 0.001022, 0.001196, 0.001157, 0.000030, 0.001346, 0.001676, 0.001416, 0.001529, 0.001768, 0.001670, 0.001545, 0.001593, 0.001727, 0.001469, 0.001559, 0.001451, 0.001520, 0.001546, 0.001581, 0.001512, 0.001456, 0.001736, 0.001542, 0.001693, 0.001609, 0.001787, 0.001739, 0.002022, 0.000280, 0.001497, 0.001309, 0.001352, 0.001239, 0.001171, 0.001239, 0.001022, 0.001237, 0.001027, 0.001376, 0.001153, 0.001265, 0.001094, 0.001389, 0.001195, 0.001176, 0.001127, 0.001279, 0.001205, 0.001326, 0.001102, 0.001324, 0.001141, 0.001366, 0.000838, 0.000847, 0.001322, 0.001486, 0.001425, 0.001494, 0.001615, 0.001611, 0.001585, 0.001499, 0.001736, 0.001576, 0.001753, 0.001572, 0.001555, 0.001671, 0.001726, 0.001907, 0.001697, 0.001859, 0.001913, 0.001836
7 , 0, 0, 0, 0, 0, 0, 0
7 , 0.015104, 0.017281, 0.018374, 0.020215, 0.021052, 0.021369, 0.021492
8 , 0.001022, 0.001237, 0.001027, 0.001376, 0.001153, 0.001265, 0.001094, 0.001389, 0.001195, 0.001176, 0.001127, 0.001279, 0.001205, 0.001326, 0.001102, 0.001324, 0.001141, 0.001366, 0.000838, 0.000847, 0.001322, 0.001486, 0.001425, 0.001494, 0.001615, 0.001611, 0.001585, 0.001499, 0.001736, 0.001576, 0.001753, 0.001572, 0.001555, 0.001671, 0.001726, 0.001907, 0.001697, 0.001859, 0.001913, 0.001836, 0.001926, 0.001788, 0.002383, 0.001026, 0.001343, 0.001320, 0.001307, 0.001059, 0.001056, 0.000887, 0.001165, 0.001052, 0.001237, 0.001167, 0.001324, 0.001082, 0.001351, 0.001094, 0.001220, 0.001031, 0.001275, 0.001111, 0.001322, 0.001133, 0.001400, 0.001148, 0.001487, 0.000467, 0.001374, 0.001464, 0.001498, 0.001615, 0.001438, 0.001507, 0.001745, 0.001679, 0.001597, 0.001342, 0.001718, 0.001558, 0.001648, 0.001678, 0.001748, 0.001757, 0.001683, 0.001752, 0.001510, 0.001807, 0.001638, 0.001772, 0.001815, 0.001536
8 , 0, 0, 0, 0, 0, 0, 0
8 , 0.020238, 0.021494, 0.021548, 0.020970, 0.019938, 0.019147, 0.016736
9 , 0.001056, 0.000887, 0.001165, 0.001052, 0.001237, 0.001167, 0.001324, 0.001082, 0.001351, 0.001094, 0.001220, 0.001031, 0.001275, 0.001111, 0.001322, 0.001133, 0.001400, 0.001148, 0.001487, 0.000467, 0.001374, 0.001464, 0.001498, 0.001615, 0.001438, 0.001507, 0.001745, 0.001679, 0.001597, 0.001342, 0.001718, 0.001558, 0.001648, 0.001678, 0.001748, 0.001757, 0.001683, 0.001752, 0.001510, 0.001807, 0.001638, 0.001772, 0.001815, 0.001536, 0.001911, 0.001725, 0.001035, 0.001515, 0.001305, 0.001000, 0.001239, 0.001137, 0.001208, 0.001028, 0.001043, 0.000828, 0.001140, 0.000891, 0.001201, 0.001000, 0.001312, 0.001011, 0.001165, 0.000970, 0.001168, 0.001043, 0.001178, 0.000912, 0.001188, 0.001031, 0.001150, 0.001041, 0.001249, 0.000980, 0.001153, 0.001106, 0.001295, 0.001106, 0.001244, 0.001100, 0.001219, 0.001120, 0.001214, 0.001188, 0.001201, 0.001090, 0.001183, 0.001148, 0.001176, 0.001171, 0.001181, 0.001174
9 , 0, 0, 0, 0, 0, 0, 0
9 , 0.009337, 0.012340, 0.013468, 0.012542, 0.012713, 0.011670, 0.011140
10 , 0.001305, 0.001000, 0.001239, 0.001137, 0.001208, 0.001028, 0.001043, 0.000828, 0.001140, 0.000891, 0.001201, 0.001000, 0.001312, 0.001011, 0.001165, 0.000970, 0.001168, 0.001043, 0.001178, 0.000912, 0.001188, 0.001031, 0.001150, 0.001041, 0.001249, 0.000980, 0.001153, 0.001106, 0.001295, 0.001106, 0.001244, 0.001100, 0.001219, 0.001120, 0.001214, 0.001188, 0.001201, 0.001090, 0.001183, 0.001148, 0.001176, 0.001171, 0.001181, 0.001174, 0.001164, 0.001188, 0.001141, 0.001192, 0.001227, 0.001255, 0.001216, 0.001148, 0.001346, 0.001398, 0.001300, 0.001304, 0.001291, 0.001304, 0.001200, 0.001398, 0.001272, 0.001394, 0.001270, 0.001454, 0.001209, 0.001291, 0.001277, 0.001500, 0.001285, 0.001328, 0.001352, 0.001446, 0.001255, 0.001422, 0.001330, 0.001370, 0.001194, 0.001387, 0.001350, 0.001444, 0.001246, 0.001342, 0.001181, 0.001382, 0.001230, 0.001171, 0.001249, 0.001281, 0.001113, 0.001265, 0.001316, 0.001373
10 , 2, 0, 3, 3, 3, 3, 3
10 , 0.000467, 0.001019, 0.000739, 0.001525, 0.002103, 0.002228, 0.002572
11 , 0.001346, 0.001398, 0.001300, 0.001304, 0.001291, 0.001304, 0.001200, 0.001398, 0.001272, 0.001394, 0.001270, 0.001454, 0.001209, 0.001291, 0.001277, 0.001500, 0.001285, 0.001328, 0.001352, 0.001446, 0.001255, 0.001422, 0.001330, 0.001370, 0.001194, 0.001387, 0.001350, 0.001444, 0.001246, 0.001342, 0.001181, 0.001382, 0.001230, 0.001171, 0.001249, 0.001281, 0.001113, 0.001265, 0.001316, 0.001373, 0.001319, 0.001302, 0.001241, 0.001302, 0.001351, 0.001258, 0.001293, 0.001206, 0.001328, 0.001237, 0.001328, 0.001173, 0.001232, 0.001227, 0.001295, 0.001223, 0.001384, 0.001321, 0.001358, 0.001195, 0.001237, 0.001171, 0.001363, 0.001157, 0.001281, 0.001091, 0.001230, 0.001129, 0.001190, 0.001089, 0.001183, 0.001171, 0.001297, 0.001230, 0.001309, 0.001255, 0.001307, 0.001207, 0.001455, 0.001350, 0.001426, 0.001294, 0.001426, 0.001354, 0.001420, 0.001304, 0.001330, 0.001202, 0.001283, 0.001324, 0.001330, 0.001494
11 , 2, 2, 2, 2, 2, 2, 2
11 , 0.001051, 0.001632, 0.002077, 0.002901, 0.003254, 0.003294, 0.003249
12 , 0.001173, 0.001232, 0.001227, 0.001295, 0.001223, 0.001384, 0.001321, 0.001358, 0.001195, 0.001237, 0.001171, 0.001363, 0.001157, 0.001281, 0.001091, 0.001230, 0.001129, 0.001190, 0.001089, 0.001183, 0.001171, 0.001297, 0.001230, 0.001309, 0.001255, 0.001307, 0.001207, 0.001455, 0.001350, 0.001426, 0.001294, 0.001426, 0.001354, 0.001420, 0.001304, 0.001330, 0.001202, 0.001283, 0.001324, 0.001330, 0.001494, 0.001381, 0.001294, 0.001326, 0.001485, 0.001316, 0.001251, 0.001284, 0.001297, 0.001173, 0.001415, 0.001141, 0.001375, 0.001195, 0.001204, 0.001108, 0.001272, 0.001165, 0.001262, 0.001115, 0.001239, 0.001024, 0.001211, 0.000956, 0.001169, 0.001199, 0.001260, 0.001157, 0.001265, 0.001146, 0.001267, 0.001108, 0.001345, 0.001244, 0.001211, 0.001136, 0.001255, 0.001230, 0.001204, 0.001143, 0.001255, 0.001164, 0.001220, 0.001223, 0.001255, 0.001420, 0.001181, 0.001267, 0.001152, 0.001386, 0.001291, 0.001300
12 , 0, 0, 0, 0, 0, 0, 0
12 , 0.002135, 0.002924, 0.003450, 0.003449, 0.003679, 0.003517, 0.003218
13 , 0.001415, 0.001141, 0.001375, 0.001195, 0.001204, 0.001108, 0.001272, 0.001165, 0.001262, 0.001115, 0.001239, 0.001024, 0.001211, 0.000956, 0.001169, 0.001199, 0.001260, 0.001157, 0.001265, 0.001146, 0.001267, 0.001108, 0.001345, 0.001244, 0.001211, 0.001136, 0.001255, 0.001230, 0.001204, 0.001143, 0.001255, 0.001164, 0.001220, 0.001223, 0.001255, 0.001420, 0.001181, 0.001267, 0.001152, 0.001386, 0.001291, 0.001300, 0.001164, 0.001321, 0.001127, 0.001368, 0.001172, 0.001381, 0.001309, 0.001439, 0.001298, 0.001389, 0.001330, 0.001465, 0.001302, 0.001550, 0.001296, 0.001333, 0.001344, 0.001437, 0.001348, 0.001435, 0.001318, 0.001500, 0.001325, 0.001443, 0.001413, 0.001437, 0.001370, 0.001409, 0.001388, 0.001364, 0.001451, 0.001390, 0.001360, 0.001390, 0.001417, 0.001329, 0.001557, 0.001381, 0.001452, 0.001309, 0.001376, 0.001318, 0.001366, 0.001253, 0.001319, 0.001143, 0.001258, 0.001146, 0.001259, 0.001196
13 , 3, 3, 3, 3, 3, 3, 3
13 , 0.000850, 0.001436, 0.001757, 0.002294, 0.002462, 0.002949, 0.003366
14 , 0.001330, 0.001465, 0.001302, 0.001550, 0.001296, 0.001333, 0.001344, 0.001437, 0.001348, 0.001435, 0.001318, 0.001500, 0.001325, 0.001443, 0.001413, 0.001437, 0.001370, 0.001409, 0.001388, 0.001364, 0.001451, 0.001390, 0.001360, 0.001390, 0.001417, 0.001329, 0.001557, 0.001381, 0.001452, 0.001309, 0.001376, 0.001318, 0.001366, 0.001253, 0.001319, 0.001143, 0.001258, 0.001146, 0.001259, 0.001196, 0.001285, 0.001067, 0.001315, 0.001097, 0.001193, 0.001125, 0.001249, 0.001151, 0.001308, 0.001192, 0.001281, 0.001295, 0.001384, 0.001321, 0.001342, 0.001277, 0.001303, 0.001237, 0.001457, 0.001392, 0.001429, 0.001438, 0.001223, 0.001316, 0.001260, 0.001272, 0.001204, 0.001319, 0.001195, 0.001270, 0.001153, 0.001196, 0.001000, 0.001259, 0.001064, 0.001168, 0.000995, 0.001122, 0.001155, 0.001251, 0.001119, 0.001251, 0.000998, 0.001201, 0.001153, 0.001244, 0.001101, 0.001422, 0.001251, 0.001373, 0.001266, 0.001294
14 , 1, 1, 1, 1, 1, 1, 1
14 , 0.004174, 0.004092, 0.004721, 0.004626, 0.004858, 0.004252, 0.004562
15 , 0.001281, 0.001295, 0.001384, 0.001321, 0.001342, 0.001277, 0.001303, 0.001237, 0.001457, 0.001392, 0.001429, 0.001438, 0.001223, 0.001316, 0.001260, 0.001272, 0.001204, 0.001319, 0.001195, 0.001270, 0.001153, 0.001196, 0.001000, 0.001259, 0.001064, 0.001168, 0.000995, 0.001122, 0.001155, 0.001251, 0.001119, 0.001251, 0.000998, 0.001201, 0.001153, 0.001244, 0.001101, 0.001422, 0.001251, 0.001373, 0.001266, 0.001294, 0.001248, 0.001307, 0.001354, 0.001481, 0.001285, 0.001444, 0.001415, 0.001261, 0.001335, 0.001274, 0.001315, 0.001257, 0.001313, 0.001250, 0.001254, 0.001287, 0.001361, 0.001142, 0.001338, 0.001225, 0.001363, 0.001274, 0.001314, 0.001178, 0.001225, 0.001183, 0.001408, 0.001176, 0.001417, 0.001220, 0.001356, 0.001272, 0.001422, 0.001199, 0.001358, 0.001284, 0.001321, 0.001279, 0.001431, 0.001266, 0.001318, 0.001287, 0.001287, 0.001339, 0.001452, 0.001250, 0.001404, 0.001465, 0.001376, 0.001446
15 , 2, 2, 2, 2, 2, 2, 2
15 , 0.003039, 0.003079, 0.003102, 0.002913, 0.002514, 0.002225, 0.001833
16 , 0.001415, 0.001261, 0.001335, 0.001274, 0.001315, 0.001257, 0.001313, 0.001250, 0.001254, 0.001287, 0.001361, 0.001142, 0.001338, 0.001225, 0.001363, 0.001274, 0.001314, 0.001178, 0.001225, 0.001183, 0.001408, 0.001176, 0.001417, 0.001220, 0.001356, 0.001272, 0.001422, 0.001199, 0.001358, 0.001284, 0.001321, 0.001279, 0.001431, 0.001266, 0.001318, 0.001287, 0.001287, 0.001339, 0.001452, 0.001250, 0.001404, 0.001465, 0.001376, 0.001446, 0.001322, 0.001200, 0.001409, 0.001420, 0.001228, 0.001361, 0.001294, 0.001479, 0.001322, 0.001394, 0.001155, 0.001286, 0.001157, 0.001419, 0.001302, 0.001368, 0.001232, 0.001429, 0.001145, 0.001281, 0.001213, 0.001400, 0.001258, 0.001314, 0.001211, 0.001342, 0.001305, 0.001450, 0.001205, 0.001275, 0.001366, 0.001293, 0.001246, 0.001253, 0.001255, 0.001159, 0.001209, 0.001340, 0.001239, 0.001274, 0.001284, 0.001028, 0.001174, 0.001111, 0.001244, 0.001158, 0.001231, 0.001077
16 , 3, 3, 3, 3, 3, 3, 3
16 , 0.002008, 0.002388, 0.002311, 0.002937, 0.003185, 0.003381, 0.003278
