0 , 0.001502, 0.001640, 0.001884, 0.001822, 0.001968, 0.001854, 0.002049, 0.002025, 0.002109, 0.001928, 0.001883, 0.002167, 0.001862, 0.002041, 0.001830, 0.001914, 0.001989, 0.001959, 0.001859, 0.001674, 0.002006, 0.001820, 0.001719, 0.000601, 0.001348, 0.001484, 0.001306, 0.001356, 0.001210, 0.001267, 0.001219, 0.001262, 0.001138, 0.001365, 0.001201, 0.001178, 0.001088, 0.001221, 0.001193, 0.001341, 0.001219, 0.001331, 0.001146, 0.001275, 0.001137, 0.001424, 0.000467, 0.001160, 0.001447, 0.001546, 0.001498, 0.001624, 0.001646, 0.001680, 0.001610, 0.001734, 0.001830, 0.001742, 0.001819, 0.001757, 0.001900, 0.001826, 0.001864, 0.001764, 0.001845, 0.002001, 0.001762, 0.001850, 0.001671, 0.001782, 0.001864, 0.001694, 0.001985, 0.000439, 0.001214, 0.001362, 0.001237, 0.001312, 0.001249, 0.001394, 0.001198, 0.001354, 0.001158, 0.001339, 0.001215, 0.001378, 0.001224, 0.001291, 0.001275, 0.001306, 0.001238, 0.001421
0 , 1, 1, 1, 1, 1, 1, 1
0 , 0.016531, 0.018292, 0.021778, 0.025228, 0.026968, 0.026152, 0.023392
1 , 0.001498, 0.001624, 0.001646, 0.001680, 0.001610, 0.001734, 0.001830, 0.001742, 0.001819, 0.001757, 0.001900, 0.001826, 0.001864, 0.001764, 0.001845, 0.002001, 0.001762, 0.001850, 0.001671, 0.001782, 0.001864, 0.001694, 0.001985, 0.000439, 0.001214, 0.001362, 0.001237, 0.001312, 0.001249, 0.001394, 0.001198, 0.001354, 0.001158, 0.001339, 0.001215, 0.001378, 0.001224, 0.001291, 0.001275, 0.001306, 0.001238, 0.001421, 0.001264, 0.001454, 0.001358, 0.001354, 0.001358, 0.001234, 0.001101, 0.000668, 0.001578, 0.001208, 0.001397, 0.001605, 0.001590, 0.001740, 0.001567, 0.001815, 0.001590, 0.001798, 0.001590, 0.001620, 0.001815, 0.001771, 0.001763, 0.001622, 0.001868, 0.001838, 0.001859, 0.001776, 0.001887, 0.001919, 0.001987, 0.001293, 0.001078, 0.001205, 0.001326, 0.001212, 0.001073, 0.001146, 0.001172, 0.001189, 0.001205, 0.001086, 0.001296, 0.001223, 0.001338, 0.001221, 0.001195, 0.001221, 0.001141, 0.001209
1 , 1, 1, 1, 1, 1, 1, 1
1 , 0.012088, 0.014274, 0.016258, 0.017949, 0.020643, 0.020478, 0.021421
2 , 0.001397, 0.001605, 0.001590, 0.001740, 0.001567, 0.001815, 0.001590, 0.001798, 0.001590, 0.001620, 0.001815, 0.001771, 0.001763, 0.001622, 0.001868, 0.001838, 0.001859, 0.001776, 0.001887, 0.001919, 0.001987, 0.001293, 0.001078, 0.001205, 0.001326, 0.001212, 0.001073, 0.001146, 0.001172, 0.001189, 0.001205, 0.001086, 0.001296, 0.001223, 0.001338, 0.001221, 0.001195, 0.001221, 0.001141, 0.001209, 0.001148, 0.001190, 0.001090, 0.001124, 0.001279, 0.000166, 0.001470, 0.001541, 0.001627, 0.001513, 0.001764, 0.001734, 0.001718, 0.001648, 0.001713, 0.001859, 0.001776, 0.001820, 0.001613, 0.001864, 0.001824, 0.001771, 0.001727, 0.001676, 0.001896, 0.001822, 0.001843, 0.001752, 0.001770, 0.001790, 0.000617, 0.001653, 0.001415, 0.001324, 0.001155, 0.001223, 0.001251, 0.001281, 0.001246, 0.001239, 0.001331, 0.001242, 0.001188, 0.001129, 0.001204, 0.001113, 0.001181, 0.001174, 0.001207, 0.001080, 0.001171, 0.001017
2 , 1, 1, 1, 1, 1, 1, 1
2 , 0.017358, 0.020431, 0.024902, 0.023558, 0.023294, 0.022651, 0.022015
3 , 0.001627, 0.001513, 0.001764, 0.001734, 0.001718, 0.001648, 0.001713, 0.001859, 0.001776, 0.001820, 0.001613, 0.001864, 0.001824, 0.001771, 0.001727, 0.001676, 0.001896, 0.001822, 0.001843, 0.001752, 0.001770, 0.001790, 0.000617, 0.001653, 0.001415, 0.001324, 0.001155, 0.001223, 0.001251, 0.001281, 0.001246, 0.001239, 0.001331, 0.001242, 0.001188, 0.001129, 0.001204, 0.001113, 0.001181, 0.001174, 0.001207, 0.001080, 0.001171, 0.001017, 0.001246, 0.001024, 0.001319, 0.000405, 0.001319, 0.001504, 0.001676, 0.001576, 0.001641, 0.001567, 0.001896, 0.001757, 0.001850, 0.001745, 0.001871, 0.001957, 0.001875, 0.001780, 0.001780, 0.001873, 0.001759, 0.001803, 0.001609, 0.001801, 0.001838, 0.001849, 0.001694, 0.001981, 0.000675, 0.001457, 0.001377, 0.001462, 0.001281, 0.001309, 0.001150, 0.001106, 0.001197, 0.001223, 0.001129, 0.001218, 0.001073, 0.001260, 0.001127, 0.001108, 0.001090, 0.001282, 0.001036, 0.001055
3 , 1, 1, 1, 1, 1, 1, 1
3 , 0.015660, 0.018901, 0.021585, 0.023318, 0.025088, 0.024530, 0.024451
4 , 0.001676, 0.001576, 0.001641, 0.001567, 0.001896, 0.001757, 0.001850, 0.001745, 0.001871, 0.001957, 0.001875, 0.001780, 0.001780, 0.001873, 0.001759, 0.001803, 0.001609, 0.001801, 0.001838, 0.001849, 0.001694, 0.001981, 0.000675, 0.001457, 0.001377, 0.001462, 0.001281, 0.001309, 0.001150, 0.001106, 0.001197, 0.001223, 0.001129, 0.001218, 0.001073, 0.001260, 0.001127, 0.001108, 0.001090, 0.001282, 0.001036, 0.001055, 0.000987, 0.001063, 0.001051, 0.001098, 0.000753, 0.001775, 0.001300, 0.001550, 0.001543, 0.001652, 0.001492, 0.001661, 0.001630, 0.001626, 0.001695, 0.001535, 0.001670, 0.001596, 0.001752, 0.001561, 0.001716, 0.001872, 0.001715, 0.001810, 0.001622, 0.001971, 0.001704, 0.001899, 0.001101, 0.000856, 0.001283, 0.001335, 0.001310, 0.001258, 0.001242, 0.001192, 0.001347, 0.001188, 0.001211, 0.001181, 0.001303, 0.001092, 0.001228, 0.001171, 0.001263, 0.001167, 0.001228, 0.001153, 0.001314, 0.001207
4 , 1, 1, 1, 1, 1, 1, 1
4 , 0.016780, 0.020227, 0.022583, 0.024530, 0.020964, 0.021104, 0.020567
5 , 0.001550, 0.001543, 0.001652, 0.001492, 0.001661, 0.001630, 0.001626, 0.001695, 0.001535, 0.001670, 0.001596, 0.001752, 0.001561, 0.001716, 0.001872, 0.001715, 0.001810, 0.001622, 0.001971, 0.001704, 0.001899, 0.001101, 0.000856, 0.001283, 0.001335, 0.001310, 0.001258, 0.001242, 0.001192, 0.001347, 0.001188, 0.001211, 0.001181, 0.001303, 0.001092, 0.001228, 0.001171, 0.001263, 0.001167, 0.001228, 0.001153, 0.001314, 0.001207, 0.001403, 0.001165, 0.001221, 0.001260, 0.000008, 0.001432, 0.001393, 0.001348, 0.001540, 0.001544, 0.001734, 0.001540, 0.001476, 0.001804, 0.001691, 0.001683, 0.001543, 0.001759, 0.001745, 0.001676, 0.001694, 0.001685, 0.001870, 0.001748, 0.001813, 0.001660, 0.001798, 0.001794, 0.001830, 0.000667, 0.001507, 0.001445, 0.001363, 0.001349, 0.001111, 0.001249, 0.001155, 0.001331, 0.001054, 0.001343, 0.001127, 0.001228, 0.001204, 0.001307, 0.001125, 0.001167, 0.000962, 0.001319, 0.001025
5 , 1, 1, 1, 1, 1, 1, 1
5 , 0.012422, 0.015104, 0.016963, 0.017907, 0.020517, 0.019038, 0.018927
6 , 0.001348, 0.001540, 0.001544, 0.001734, 0.001540, 0.001476, 0.001804, 0.001691, 0.001683, 0.001543, 0.001759, 0.001745, 0.001676, 0.001694, 0.001685, 0.001870, 0.001748, 0.001813, 0.001660, 0.001798, 0.001794, 0.001830, 0.000667, 0.001507, 0.001445, 0.001363, 0.001349, 0.001111, 0.001249, 0.001155, 0.001331, 0.001054, 0.001343, 0.001127, 0.001228, 0.001204, 0.001307, 0.001125, 0.001167, 0.000962, 0.001319, 0.001025, 0.001194, 0.000971, 0.001357, 0.000491, 0.001166, 0.001582, 0.001698, 0.001763, 0.001568, 0.001952, 0.001868, 0.001868, 0.001833, 0.002017, 0.001946, 0.001814, 0.001831, 0.001694, 0.001761, 0.001599, 0.001793, 0.001645, 0.001591, 0.001808, 0.001626, 0.001629, 0.001446, 0.001894, 0.000432, 0.001750, 0.001521, 0.001606, 0.001478, 0.001565, 0.001374, 0.001533, 0.001415, 0.001480, 0.001356, 0.001493, 0.001269, 0.001467, 0.001304, 0.001343, 0.001300, 0.001308, 0.001328, 0.001578, 0.001269, 0.001469
6 , 1, 1, 1, 1, 1, 1, 1
6 , 0.013001, 0.015189, 0.018882, 0.018210, 0.017212, 0.016898, 0.016741
7 , 0.001698, 0.001763, 0.001568, 0.001952, 0.001868, 0.001868, 0.001833, 0.002017, 0.001946, 0.001814, 0.001831, 0.001694, 0.001761, 0.001599, 0.001793, 0.001645, 0.001591, 0.001808, 0.001626, 0.001629, 0.001446, 0.001894, 0.000432, 0.001750, 0.001521, 0.001606, 0.001478, 0.001565, 0.001374, 0.001533, 0.001415, 0.001480, 0.001356, 0.001493, 0.001269, 0.001467, 0.001304, 0.001343, 0.001300, 0.001308, 0.001328, 0.001578, 0.001269, 0.001469, 0.001319, 0.001434, 0.001189, 0.001254, 0.000847, 0.001381, 0.001546, 0.001634, 0.001567, 0.001704, 0.001599, 0.001829, 0.001660, 0.001745, 0.001571, 0.001815, 0.001796, 0.001773, 0.001798, 0.001608, 0.001801, 0.001780, 0.001815, 0.001668, 0.001755, 0.001810, 0.001704, 0.001815, 0.001254, 0.000830, 0.001573, 0.001455, 0.001484, 0.001193, 0.001329, 0.001160, 0.001350, 0.001193, 0.001340, 0.001199, 0.001316, 0.001111, 0.001354, 0.001313, 0.001469, 0.001238, 0.001447, 0.001326
7 , 1, 1, 1, 1, 1, 1, 1
7 , 0.010436, 0.012835, 0.013866, 0.015777, 0.014643, 0.015770, 0.014682
8 , 0.001381, 0.001546, 0.001634, 0.001567, 0.001704, 0.001599, 0.001829, 0.001660, 0.001745, 0.001571, 0.001815, 0.001796, 0.001773, 0.001798, 0.001608, 0.001801, 0.001780, 0.001815, 0.001668, 0.001755, 0.001810, 0.001704, 0.001815, 0.001254, 0.000830, 0.001573, 0.001455, 0.001484, 0.001193, 0.001329, 0.001160, 0.001350, 0.001193, 0.001340, 0.001199, 0.001316, 0.001111, 0.001354, 0.001313, 0.001469, 0.001238, 0.001447, 0.001326, 0.001424, 0.001425, 0.001460, 0.001531, 0.000364, 0.001174, 0.001240, 0.001059, 0.001313, 0.001283, 0.001495, 0.001245, 0.001378, 0.001499, 0.001452, 0.001564, 0.001396, 0.001607, 0.001530, 0.001611, 0.001490, 0.001482, 0.001663, 0.001529, 0.001594, 0.001481, 0.001654, 0.001566, 0.001753, 0.001453, 0.001744, 0.000217, 0.001509, 0.001387, 0.001614, 0.001267, 0.001345, 0.001127, 0.001254, 0.001066, 0.001259, 0.001066, 0.001254, 0.001038, 0.001276, 0.001000, 0.001167, 0.000966, 0.001187
8 , 1, 1, 1, 1, 1, 1, 1
8 , 0.006995, 0.008260, 0.010048, 0.011491, 0.015590, 0.015985, 0.016004
9 , 0.001283, 0.001495, 0.001245, 0.001378, 0.001499, 0.001452, 0.001564, 0.001396, 0.001607, 0.001530, 0.001611, 0.001490, 0.001482, 0.001663, 0.001529, 0.001594, 0.001481, 0.001654, 0.001566, 0.001753, 0.001453, 0.001744, 0.000217, 0.001509, 0.001387, 0.001614, 0.001267, 0.001345, 0.001127, 0.001254, 0.001066, 0.001259, 0.001066, 0.001254, 0.001038, 0.001276, 0.001000, 0.001167, 0.000966, 0.001187, 0.000928, 0.001126, 0.001015, 0.001050, 0.001035, 0.001245, 0.001116, 0.001324, 0.001059, 0.001349, 0.001146, 0.001354, 0.001241, 0.001419, 0.001254, 0.001343, 0.001336, 0.001371, 0.001306, 0.001356, 0.001322, 0.001326, 0.001324, 0.001515, 0.001426, 0.001404, 0.001382, 0.001415, 0.001362, 0.001252, 0.001331, 0.001272, 0.001338, 0.001136, 0.001298, 0.001118, 0.001148, 0.001146, 0.001300, 0.001260, 0.001380, 0.001125, 0.001303, 0.001237, 0.001298, 0.001186, 0.001367, 0.001356, 0.001545, 0.001295, 0.001502, 0.001254
9 , 1, 1, 1, 1, 1, 1, 1
9 , 0.006674, 0.008301, 0.008659, 0.010010, 0.007522, 0.008328, 0.007998
10 , 0.001349, 0.001146, 0.001354, 0.001241, 0.001419, 0.001254, 0.001343, 0.001336, 0.001371, 0.001306, 0.001356, 0.001322, 0.001326, 0.001324, 0.001515, 0.001426, 0.001404, 0.001382, 0.001415, 0.001362, 0.001252, 0.001331, 0.001272, 0.001338, 0.001136, 0.001298, 0.001118, 0.001148, 0.001146, 0.001300, 0.001260, 0.001380, 0.001125, 0.001303, 0.001237, 0.001298, 0.001186, 0.001367, 0.001356, 0.001545, 0.001295, 0.001502, 0.001254, 0.001534, 0.001276, 0.001432, 0.001223, 0.001402, 0.001276, 0.001356, 0.001315, 0.001334, 0.001210, 0.001310, 0.001256, 0.001235, 0.001146, 0.001368, 0.001209, 0.001314, 0.001274, 0.001244, 0.001192, 0.001263, 0.001176, 0.001082, 0.001204, 0.001232, 0.001239, 0.001207, 0.001097, 0.001155, 0.001167, 0.001091, 0.001278, 0.001250, 0.001319, 0.001124, 0.001255, 0.001169, 0.001144, 0.000989, 0.001113, 0.000979, 0.001192, 0.001149, 0.001169, 0.001060, 0.001240, 0.000967, 0.001210, 0.001137
10 , 1, 1, 1, 1, 1, 1, 1
10 , 0.002689, 0.003258, 0.002777, 0.002989, 0.002395, 0.002548, 0.001668
11 , 0.001402, 0.001276, 0.001356, 0.001315, 0.001334, 0.001210, 0.001310, 0.001256, 0.001235, 0.001146, 0.001368, 0.001209, 0.001314, 0.001274, 0.001244, 0.001192, 0.001263, 0.001176, 0.001082, 0.001204, 0.001232, 0.001239, 0.001207, 0.001097, 0.001155, 0.001167, 0.001091, 0.001278, 0.001250, 0.001319, 0.001124, 0.001255, 0.001169, 0.001144, 0.000989, 0.001113, 0.000979, 0.001192, 0.001149, 0.001169, 0.001060, 0.001240, 0.000967, 0.001210, 0.001137, 0.001296, 0.001160, 0.001268, 0.001023, 0.001076, 0.001010, 0.001172, 0.001074, 0.001226, 0.001158, 0.001307, 0.001258, 0.001199, 0.001040, 0.001181, 0.001172, 0.001278, 0.001186, 0.001280, 0.001306, 0.001243, 0.001178, 0.001088, 0.001388, 0.001264, 0.001199, 0.001276, 0.001393, 0.001241, 0.001404, 0.001087, 0.001278, 0.001286, 0.001319, 0.001228, 0.001367, 0.001247, 0.001380, 0.001148, 0.001202, 0.001085, 0.001261, 0.001109, 0.001184, 0.001114, 0.001210, 0.001144
11 , 2, 2, 2, 2, 2, 2, 2
11 , 0.004191, 0.003661, 0.003374, 0.003375, 0.003218, 0.002457, 0.002134
12 , 0.001160, 0.001268, 0.001023, 0.001076, 0.001010, 0.001172, 0.001074, 0.001226, 0.001158, 0.001307, 0.001258, 0.001199, 0.001040, 0.001181, 0.001172, 0.001278, 0.001186, 0.001280, 0.001306, 0.001243, 0.001178, 0.001088, 0.001388, 0.001264, 0.001199, 0.001276, 0.001393, 0.001241, 0.001404, 0.001087, 0.001278, 0.001286, 0.001319, 0.001228, 0.001367, 0.001247, 0.001380, 0.001148, 0.001202, 0.001085, 0.001261, 0.001109, 0.001184, 0.001114, 0.001210, 0.001144, 0.001383, 0.001106, 0.001205, 0.001030, 0.001205, 0.001113, 0.001156, 0.001050, 0.001108, 0.001088, 0.001164, 0.001091, 0.001096, 0.001124, 0.001142, 0.001259, 0.001361, 0.001300, 0.001260, 0.001471, 0.001281, 0.001375, 0.001256, 0.001300, 0.001233, 0.001401, 0.001162, 0.001232, 0.001134, 0.001424, 0.001146, 0.001233, 0.001226, 0.001200, 0.001043, 0.001149, 0.001055, 0.001321, 0.001126, 0.001266, 0.001046, 0.001444, 0.001209, 0.001396, 0.001293, 0.001211
12 , 0, 0, 0, 0, 0, 0, 0
12 , 0.001834, 0.001863, 0.001626, 0.002257, 0.001316, 0.001381, 0.000774
13 , 0.001030, 0.001205, 0.001113, 0.001156, 0.001050, 0.001108, 0.001088, 0.001164, 0.001091, 0.001096, 0.001124, 0.001142, 0.001259, 0.001361, 0.001300, 0.001260, 0.001471, 0.001281, 0.001375, 0.001256, 0.001300, 0.001233, 0.001401, 0.001162, 0.001232, 0.001134, 0.001424, 0.001146, 0.001233, 0.001226, 0.001200, 0.001043, 0.001149, 0.001055, 0.001321, 0.001126, 0.001266, 0.001046, 0.001444, 0.001209, 0.001396, 0.001293, 0.001211, 0.001265, 0.001239, 0.001174, 0.001359, 0.001183, 0.001315, 0.001132, 0.001125, 0.001062, 0.001165, 0.001218, 0.001125, 0.001244, 0.001338, 0.001270, 0.001216, 0.001338, 0.001216, 0.001279, 0.001298, 0.001485, 0.001263, 0.001239, 0.001207, 0.001338, 0.001099, 0.001267, 0.001202, 0.001303, 0.001207, 0.001254, 0.001034, 0.001352, 0.001158, 0.001233, 0.001200, 0.001385, 0.001078, 0.001177, 0.001149, 0.001172, 0.001190, 0.001282, 0.001186, 0.001256, 0.001190, 0.001321, 0.001207, 0.001343
13 , 3, 3, 3, 3, 3, 3, 1
13 , 0.001492, 0.001240, 0.001074, 0.000874, 0.000374, 0.000394, 0.000102
14 , 0.001359, 0.001183, 0.001315, 0.001132, 0.001125, 0.001062, 0.001165, 0.001218, 0.001125, 0.001244, 0.001338, 0.001270, 0.001216, 0.001338, 0.001216, 0.001279, 0.001298, 0.001485, 0.001263, 0.001239, 0.001207, 0.001338, 0.001099, 0.001267, 0.001202, 0.001303, 0.001207, 0.001254, 0.001034, 0.001352, 0.001158, 0.001233, 0.001200, 0.001385, 0.001078, 0.001177, 0.001149, 0.001172, 0.001190, 0.001282, 0.001186, 0.001256, 0.001190, 0.001321, 0.001207, 0.001343, 0.001334, 0.001273, 0.001454, 0.001284, 0.001419, 0.001452, 0.001450, 0.001381, 0.001452, 0.001456, 0.001454, 0.001306, 0.001495, 0.001336, 0.001445, 0.001388, 0.001369, 0.001221, 0.001312, 0.001167, 0.001279, 0.001132, 0.001235, 0.001144, 0.001334, 0.001116, 0.001369, 0.001299, 0.001446, 0.001170, 0.001203, 0.001158, 0.001317, 0.001305, 0.001277, 0.001198, 0.001376, 0.001310, 0.001399, 0.001458, 0.001454, 0.001467, 0.001497, 0.001547, 0.001421, 0.001511
14 , 1, 1, 1, 1, 2, 2, 0
14 , 0.001707, 0.001431, 0.000786, 0.000777, 0.000677, 0.000772, 0.000582
15 , 0.001334, 0.001273, 0.001454, 0.001284, 0.001419, 0.001452, 0.001450, 0.001381, 0.001452, 0.001456, 0.001454, 0.001306, 0.001495, 0.001336, 0.001445, 0.001388, 0.001369, 0.001221, 0.001312, 0.001167, 0.001279, 0.001132, 0.001235, 0.001144, 0.001334, 0.001116, 0.001369, 0.001299, 0.001446, 0.001170, 0.001203, 0.001158, 0.001317, 0.001305, 0.001277, 0.001198, 0.001376, 0.001310, 0.001399, 0.001458, 0.001454, 0.001467, 0.001497, 0.001547, 0.001421, 0.001511, 0.001439, 0.001482, 0.001263, 0.001454, 0.001389, 0.001484, 0.001408, 0.001504, 0.001345, 0.001504, 0.001371, 0.001382, 0.001306, 0.001502, 0.001295, 0.001402, 0.001310, 0.001467, 0.001254, 0.001370, 0.001218, 0.001410, 0.001352, 0.001403, 0.001246, 0.001436, 0.001188, 0.001228, 0.001175, 0.001256, 0.001149, 0.001194, 0.001080, 0.001151, 0.001235, 0.001174, 0.001194, 0.001118, 0.001192, 0.001121, 0.001118, 0.001144, 0.001136, 0.001111, 0.001240, 0.001037
15 , 1, 1, 1, 1, 1, 3, 3
15 , 0.005694, 0.005456, 0.005353, 0.004851, 0.004671, 0.004909, 0.004873
16 , 0.001439, 0.001482, 0.001263, 0.001454, 0.001389, 0.001484, 0.001408, 0.001504, 0.001345, 0.001504, 0.001371, 0.001382, 0.001306, 0.001502, 0.001295, 0.001402, 0.001310, 0.001467, 0.001254, 0.001370, 0.001218, 0.001410, 0.001352, 0.001403, 0.001246, 0.001436, 0.001188, 0.001228, 0.001175, 0.001256, 0.001149, 0.001194, 0.001080, 0.001151, 0.001235, 0.001174, 0.001194, 0.001118, 0.001192, 0.001121, 0.001118, 0.001144, 0.001136, 0.001111, 0.001240, 0.001037, 0.001225, 0.001121, 0.001278, 0.001172, 0.001293, 0.001242, 0.001328, 0.001282, 0.001491, 0.001204, 0.001388, 0.001347, 0.001365, 0.001354, 0.001537, 0.001415, 0.001511, 0.001261, 0.001515, 0.001419, 0.001393, 0.001369, 0.001436, 0.001323, 0.001434, 0.001228, 0.001274, 0.001251, 0.001111, 0.001239, 0.001178, 0.001186, 0.001261, 0.001139, 0.001127, 0.001261, 0.001142, 0.001296, 0.001198, 0.001357, 0.001172, 0.001304, 0.001119, 0.001271, 0.001167, 0.001390
16 , 1, 1, 1, 1, 1, 1, 1
16 , 0.006389, 0.006704, 0.007123, 0.007462, 0.007805, 0.007739, 0.007796
