0 , 0.001157, 0.001511, 0.001399, 0.001459, 0.001343, 0.001580, 0.001571, 0.001597, 0.001757, 0.001528, 0.001657, 0.001635, 0.001794, 0.001559, 0.001638, 0.001745, 0.001778, 0.001787, 0.001574, 0.001812, 0.001683, 0.001776, 0.001782, 0.001742, 0.002185, 0.000020, 0.001482, 0.001301, 0.001287, 0.001032, 0.001133, 0.000992, 0.001125, 0.001100, 0.001084, 0.000915, 0.001133, 0.001078, 0.001293, 0.001104, 0.001312, 0.001235, 0.001225, 0.001247, 0.001273, 0.001166, 0.001274, 0.001429, 0.001411, 0.001364, 0.001134, 0.000993, 0.001269, 0.001319, 0.001307, 0.001332, 0.001211, 0.001546, 0.001584, 0.001463, 0.001441, 0.001338, 0.001558, 0.001459, 0.001645, 0.001392, 0.001518, 0.001575, 0.001636, 0.001632, 0.001416, 0.001679, 0.001688, 0.001597, 0.001700, 0.000769, 0.001325, 0.001596, 0.001461, 0.001411, 0.001264, 0.001373, 0.001214, 0.001340, 0.001209, 0.001216, 0.001105, 0.001320, 0.001242, 0.001275, 0.001114, 0.001364
0 , 2, 1, 1, 1, 1, 1, 1
0 , 0.005563, 0.006555, 0.009355, 0.010531, 0.012175, 0.013527, 0.015732
1 , 0.001269, 0.001319, 0.001307, 0.001332, 0.001211, 0.001546, 0.001584, 0.001463, 0.001441, 0.001338, 0.001558, 0.001459, 0.001645, 0.001392, 0.001518, 0.001575, 0.001636, 0.001632, 0.001416, 0.001679, 0.001688, 0.001597, 0.001700, 0.000769, 0.001325, 0.001596, 0.001461, 0.001411, 0.001264, 0.001373, 0.001214, 0.001340, 0.001209, 0.001216, 0.001105, 0.001320, 0.001242, 0.001275, 0.001114, 0.001364, 0.001264, 0.001174, 0.001231, 0.001212, 0.001229, 0.001218, 0.001355, 0.000098, 0.001495, 0.001302, 0.001473, 0.001592, 0.001500, 0.001570, 0.001423, 0.001657, 0.001622, 0.001644, 0.001570, 0.001645, 0.001701, 0.001584, 0.001593, 0.001411, 0.001740, 0.001623, 0.001584, 0.001580, 0.001674, 0.001705, 0.001616, 0.001432, 0.000911, 0.001373, 0.001425, 0.001282, 0.001268, 0.001296, 0.001355, 0.001144, 0.001270, 0.001233, 0.001203, 0.001140, 0.001294, 0.001379, 0.001350, 0.001144, 0.001198, 0.001287, 0.001320, 0.001170
1 , 1, 1, 1, 1, 1, 1, 1
1 , 0.005509, 0.007107, 0.009003, 0.010556, 0.014176, 0.011903, 0.012091
2 , 0.001473, 0.001592, 0.001500, 0.001570, 0.001423, 0.001657, 0.001622, 0.001644, 0.001570, 0.001645, 0.001701, 0.001584, 0.001593, 0.001411, 0.001740, 0.001623, 0.001584, 0.001580, 0.001674, 0.001705, 0.001616, 0.001432, 0.000911, 0.001373, 0.001425, 0.001282, 0.001268, 0.001296, 0.001355, 0.001144, 0.001270, 0.001233, 0.001203, 0.001140, 0.001294, 0.001379, 0.001350, 0.001144, 0.001198, 0.001287, 0.001320, 0.001170, 0.001179, 0.001324, 0.001298, 0.001287, 0.001407, 0.000298, 0.001155, 0.001446, 0.001351, 0.001321, 0.001580, 0.001520, 0.001632, 0.001343, 0.001658, 0.001684, 0.001507, 0.001563, 0.001559, 0.001731, 0.001636, 0.001688, 0.001485, 0.001606, 0.001779, 0.001593, 0.001683, 0.001584, 0.001660, 0.001835, 0.000369, 0.001755, 0.001437, 0.001312, 0.001305, 0.001298, 0.001188, 0.001176, 0.001244, 0.001178, 0.001211, 0.001153, 0.001155, 0.001200, 0.001235, 0.001181, 0.001160, 0.001153, 0.001333, 0.001176
2 , 1, 1, 1, 1, 1, 1, 1
2 , 0.008589, 0.011518, 0.012517, 0.013410, 0.015537, 0.013974, 0.014608
3 , 0.001351, 0.001321, 0.001580, 0.001520, 0.001632, 0.001343, 0.001658, 0.001684, 0.001507, 0.001563, 0.001559, 0.001731, 0.001636, 0.001688, 0.001485, 0.001606, 0.001779, 0.001593, 0.001683, 0.001584, 0.001660, 0.001835, 0.000369, 0.001755, 0.001437, 0.001312, 0.001305, 0.001298, 0.001188, 0.001176, 0.001244, 0.001178, 0.001211, 0.001153, 0.001155, 0.001200, 0.001235, 0.001181, 0.001160, 0.001153, 0.001333, 0.001176, 0.001298, 0.001146, 0.001333, 0.000870, 0.001023, 0.001548, 0.001576, 0.001620, 0.001530, 0.001634, 0.001752, 0.001706, 0.001871, 0.001657, 0.002008, 0.001784, 0.001778, 0.001849, 0.001894, 0.001968, 0.001713, 0.001831, 0.001522, 0.001817, 0.001817, 0.001889, 0.001608, 0.001847, 0.001217, 0.001240, 0.001436, 0.001514, 0.001403, 0.001338, 0.001244, 0.001279, 0.001260, 0.001382, 0.001291, 0.001295, 0.001361, 0.001242, 0.001235, 0.001235, 0.001286, 0.001263, 0.001171, 0.001403, 0.001322, 0.001388
3 , 1, 1, 1, 1, 1, 1, 1
3 , 0.012917, 0.014935, 0.017731, 0.018955, 0.016461, 0.017033, 0.016891
4 , 0.001620, 0.001530, 0.001634, 0.001752, 0.001706, 0.001871, 0.001657, 0.002008, 0.001784, 0.001778, 0.001849, 0.001894, 0.001968, 0.001713, 0.001831, 0.001522, 0.001817, 0.001817, 0.001889, 0.001608, 0.001847, 0.001217, 0.001240, 0.001436, 0.001514, 0.001403, 0.001338, 0.001244, 0.001279, 0.001260, 0.001382, 0.001291, 0.001295, 0.001361, 0.001242, 0.001235, 0.001235, 0.001286, 0.001263, 0.001171, 0.001403, 0.001322, 0.001388, 0.001266, 0.001337, 0.001224, 0.001474, 0.000186, 0.001366, 0.001187, 0.001524, 0.001321, 0.001485, 0.001231, 0.001433, 0.001463, 0.001537, 0.001489, 0.001498, 0.001757, 0.001645, 0.001740, 0.001472, 0.001623, 0.001576, 0.001636, 0.001567, 0.001506, 0.001665, 0.001618, 0.001905, 0.001435, 0.000757, 0.001394, 0.001354, 0.001518, 0.001333, 0.001345, 0.001181, 0.001242, 0.001218, 0.001286, 0.001137, 0.001352, 0.001153, 0.001253, 0.001185, 0.001366, 0.001155, 0.001228, 0.001076, 0.001265
4 , 1, 1, 1, 1, 1, 1, 1
4 , 0.010685, 0.012306, 0.014164, 0.014619, 0.016803, 0.015646, 0.016204
5 , 0.001524, 0.001321, 0.001485, 0.001231, 0.001433, 0.001463, 0.001537, 0.001489, 0.001498, 0.001757, 0.001645, 0.001740, 0.001472, 0.001623, 0.001576, 0.001636, 0.001567, 0.001506, 0.001665, 0.001618, 0.001905, 0.001435, 0.000757, 0.001394, 0.001354, 0.001518, 0.001333, 0.001345, 0.001181, 0.001242, 0.001218, 0.001286, 0.001137, 0.001352, 0.001153, 0.001253, 0.001185, 0.001366, 0.001155, 0.001228, 0.001076, 0.001265, 0.001174, 0.001282, 0.001249, 0.000304, 0.001310, 0.001541, 0.001291, 0.001511, 0.001538, 0.001535, 0.001603, 0.001573, 0.001678, 0.001535, 0.001648, 0.001591, 0.001687, 0.001584, 0.001558, 0.001584, 0.001364, 0.001571, 0.001545, 0.001692, 0.001501, 0.001618, 0.001622, 0.001977, 0.000303, 0.001577, 0.001435, 0.001559, 0.001463, 0.001337, 0.001496, 0.001257, 0.001479, 0.001287, 0.001359, 0.001355, 0.001368, 0.001092, 0.001263, 0.001134, 0.001218, 0.001087, 0.001342, 0.001146, 0.001300, 0.001089
5 , 1, 1, 1, 1, 1, 1, 1
5 , 0.007289, 0.009941, 0.014431, 0.013010, 0.011777, 0.012444, 0.012330
6 , 0.001291, 0.001511, 0.001538, 0.001535, 0.001603, 0.001573, 0.001678, 0.001535, 0.001648, 0.001591, 0.001687, 0.001584, 0.001558, 0.001584, 0.001364, 0.001571, 0.001545, 0.001692, 0.001501, 0.001618, 0.001622, 0.001977, 0.000303, 0.001577, 0.001435, 0.001559, 0.001463, 0.001337, 0.001496, 0.001257, 0.001479, 0.001287, 0.001359, 0.001355, 0.001368, 0.001092, 0.001263, 0.001134, 0.001218, 0.001087, 0.001342, 0.001146, 0.001300, 0.001089, 0.001295, 0.001089, 0.001434, 0.000857, 0.000807, 0.001393, 0.001616, 0.001569, 0.001268, 0.001579, 0.001583, 0.001622, 0.001458, 0.001747, 0.001652, 0.001665, 0.001539, 0.001624, 0.001897, 0.001619, 0.001779, 0.001680, 0.001619, 0.001840, 0.001662, 0.001684, 0.001429, 0.001977, 0.000971, 0.001553, 0.001478, 0.001408, 0.001230, 0.001380, 0.001345, 0.001391, 0.001235, 0.001354, 0.001232, 0.001333, 0.001134, 0.001328, 0.001223, 0.001382, 0.001195, 0.001387, 0.001153, 0.001312
6 , 1, 1, 1, 1, 1, 1, 1
6 , 0.006883, 0.009162, 0.011132, 0.012223, 0.012618, 0.013165, 0.013723
7 , 0.001268, 0.001579, 0.001583, 0.001622, 0.001458, 0.001747, 0.001652, 0.001665, 0.001539, 0.001624, 0.001897, 0.001619, 0.001779, 0.001680, 0.001619, 0.001840, 0.001662, 0.001684, 0.001429, 0.001977, 0.000971, 0.001553, 0.001478, 0.001408, 0.001230, 0.001380, 0.001345, 0.001391, 0.001235, 0.001354, 0.001232, 0.001333, 0.001134, 0.001328, 0.001223, 0.001382, 0.001195, 0.001387, 0.001153, 0.001312, 0.001160, 0.001425, 0.001094, 0.001453, 0.000391, 0.001416, 0.001450, 0.001461, 0.001522, 0.001540, 0.001558, 0.001597, 0.001506, 0.001649, 0.001372, 0.001688, 0.001567, 0.001602, 0.001515, 0.001468, 0.001645, 0.001675, 0.001766, 0.001351, 0.001546, 0.001589, 0.001580, 0.001489, 0.001369, 0.001669, 0.001551, 0.001039, 0.001785, 0.001368, 0.001357, 0.001396, 0.001318, 0.001390, 0.001212, 0.001296, 0.001337, 0.001518, 0.001387, 0.001505, 0.001423, 0.001555, 0.001342, 0.001549, 0.001390, 0.001577, 0.001366, 0.001523
7 , 1, 1, 1, 1, 1, 1, 1
7 , 0.008577, 0.011518, 0.010983, 0.011200, 0.010683, 0.010978, 0.010210
8 , 0.001461, 0.001522, 0.001540, 0.001558, 0.001597, 0.001506, 0.001649, 0.001372, 0.001688, 0.001567, 0.001602, 0.001515, 0.001468, 0.001645, 0.001675, 0.001766, 0.001351, 0.001546, 0.001589, 0.001580, 0.001489, 0.001369, 0.001669, 0.001551, 0.001039, 0.001785, 0.001368, 0.001357, 0.001396, 0.001318, 0.001390, 0.001212, 0.001296, 0.001337, 0.001518, 0.001387, 0.001505, 0.001423, 0.001555, 0.001342, 0.001549, 0.001390, 0.001577, 0.001366, 0.001523, 0.001362, 0.001466, 0.001299, 0.001458, 0.001332, 0.001425, 0.001453, 0.001523, 0.001438, 0.001535, 0.001320, 0.001544, 0.001418, 0.001455, 0.001296, 0.001374, 0.001283, 0.001440, 0.001235, 0.001286, 0.001134, 0.001298, 0.001221, 0.001164, 0.001265, 0.001265, 0.001209, 0.001345, 0.001321, 0.001359, 0.001233, 0.001223, 0.001221, 0.001263, 0.001284, 0.001317, 0.001296, 0.001214, 0.001308, 0.001268, 0.001179, 0.001144, 0.001195, 0.001162, 0.001293, 0.001061, 0.001363
8 , 1, 1, 1, 1, 1, 1, 1
8 , 0.003986, 0.004746, 0.005052, 0.004574, 0.004996, 0.005013, 0.004317
9 , 0.001458, 0.001332, 0.001425, 0.001453, 0.001523, 0.001438, 0.001535, 0.001320, 0.001544, 0.001418, 0.001455, 0.001296, 0.001374, 0.001283, 0.001440, 0.001235, 0.001286, 0.001134, 0.001298, 0.001221, 0.001164, 0.001265, 0.001265, 0.001209, 0.001345, 0.001321, 0.001359, 0.001233, 0.001223, 0.001221, 0.001263, 0.001284, 0.001317, 0.001296, 0.001214, 0.001308, 0.001268, 0.001179, 0.001144, 0.001195, 0.001162, 0.001293, 0.001061, 0.001363, 0.001275, 0.001338, 0.001214, 0.001305, 0.001181, 0.001516, 0.001244, 0.001174, 0.001136, 0.001300, 0.001211, 0.001310, 0.001167, 0.001352, 0.001247, 0.001343, 0.001303, 0.001469, 0.001249, 0.001403, 0.001188, 0.001319, 0.001273, 0.001460, 0.001256, 0.001432, 0.001322, 0.001442, 0.001437, 0.001496, 0.001342, 0.001398, 0.001503, 0.001514, 0.001403, 0.001427, 0.001425, 0.001289, 0.001340, 0.001291, 0.001366, 0.001295, 0.001326, 0.001267, 0.001333, 0.001265, 0.001265, 0.001295
9 , 2, 2, 2, 2, 2, 2, 2
9 , 0.005041, 0.004874, 0.004139, 0.004021, 0.003578, 0.003064, 0.002709
10 , 0.001214, 0.001305, 0.001181, 0.001516, 0.001244, 0.001174, 0.001136, 0.001300, 0.001211, 0.001310, 0.001167, 0.001352, 0.001247, 0.001343, 0.001303, 0.001469, 0.001249, 0.001403, 0.001188, 0.001319, 0.001273, 0.001460, 0.001256, 0.001432, 0.001322, 0.001442, 0.001437, 0.001496, 0.001342, 0.001398, 0.001503, 0.001514, 0.001403, 0.001427, 0.001425, 0.001289, 0.001340, 0.001291, 0.001366, 0.001295, 0.001326, 0.001267, 0.001333, 0.001265, 0.001265, 0.001295, 0.001368, 0.001274, 0.001373, 0.001328, 0.001366, 0.001202, 0.001366, 0.001141, 0.001457, 0.001228, 0.001291, 0.001256, 0.001380, 0.001320, 0.001451, 0.001324, 0.001540, 0.001318, 0.001457, 0.001324, 0.001464, 0.001301, 0.001314, 0.001232, 0.001363, 0.001249, 0.001242, 0.001245, 0.001181, 0.001161, 0.001285, 0.001262, 0.001127, 0.001105, 0.001105, 0.001224, 0.001064, 0.001054, 0.001107, 0.001224, 0.001151, 0.001250, 0.001144, 0.001324, 0.001181, 0.001443
10 , 3, 3, 3, 3, 3, 3, 3
10 , 0.005118, 0.005148, 0.005162, 0.004864, 0.004878, 0.004406, 0.004049
11 , 0.001373, 0.001328, 0.001366, 0.001202, 0.001366, 0.001141, 0.001457, 0.001228, 0.001291, 0.001256, 0.001380, 0.001320, 0.001451, 0.001324, 0.001540, 0.001318, 0.001457, 0.001324, 0.001464, 0.001301, 0.001314, 0.001232, 0.001363, 0.001249, 0.001242, 0.001245, 0.001181, 0.001161, 0.001285, 0.001262, 0.001127, 0.001105, 0.001105, 0.001224, 0.001064, 0.001054, 0.001107, 0.001224, 0.001151, 0.001250, 0.001144, 0.001324, 0.001181, 0.001443, 0.001186, 0.001399, 0.001383, 0.001431, 0.001448, 0.001453, 0.001329, 0.001566, 0.001292, 0.001459, 0.001363, 0.001455, 0.001331, 0.001477, 0.001238, 0.001422, 0.001290, 0.001294, 0.001294, 0.001388, 0.001342, 0.001362, 0.001336, 0.001406, 0.001340, 0.001354, 0.001300, 0.001441, 0.001436, 0.001249, 0.001258, 0.001293, 0.001293, 0.001382, 0.001413, 0.001347, 0.001338, 0.001205, 0.001364, 0.001333, 0.001420, 0.001229, 0.001357, 0.001346, 0.001411, 0.001283, 0.001546, 0.001308
11 , 1, 1, 1, 1, 1, 1, 1
11 , 0.004015, 0.004347, 0.003971, 0.003688, 0.003591, 0.003435, 0.002765
12 , 0.001431, 0.001448, 0.001453, 0.001329, 0.001566, 0.001292, 0.001459, 0.001363, 0.001455, 0.001331, 0.001477, 0.001238, 0.001422, 0.001290, 0.001294, 0.001294, 0.001388, 0.001342, 0.001362, 0.001336, 0.001406, 0.001340, 0.001354, 0.001300, 0.001441, 0.001436, 0.001249, 0.001258, 0.001293, 0.001293, 0.001382, 0.001413, 0.001347, 0.001338, 0.001205, 0.001364, 0.001333, 0.001420, 0.001229, 0.001357, 0.001346, 0.001411, 0.001283, 0.001546, 0.001308, 0.001471, 0.001300, 0.001382, 0.001225, 0.001280, 0.001161, 0.001234, 0.001029, 0.001173, 0.001069, 0.001237, 0.000979, 0.001038, 0.000958, 0.001090, 0.001021, 0.001096, 0.000972, 0.001102, 0.000950, 0.001060, 0.001041, 0.000967, 0.001009, 0.001029, 0.001079, 0.001100, 0.001239, 0.001196, 0.001250, 0.001151, 0.001268, 0.001132, 0.001221, 0.001118, 0.001207, 0.001146, 0.001366, 0.001134, 0.001260, 0.001190, 0.001291, 0.001005, 0.001295, 0.001188, 0.001253, 0.001129
12 , 2, 2, 2, 2, 2, 2, 2
12 , 0.001596, 0.002252, 0.002860, 0.003128, 0.003530, 0.003368, 0.003729
13 , 0.001029, 0.001173, 0.001069, 0.001237, 0.000979, 0.001038, 0.000958, 0.001090, 0.001021, 0.001096, 0.000972, 0.001102, 0.000950, 0.001060, 0.001041, 0.000967, 0.001009, 0.001029, 0.001079, 0.001100, 0.001239, 0.001196, 0.001250, 0.001151, 0.001268, 0.001132, 0.001221, 0.001118, 0.001207, 0.001146, 0.001366, 0.001134, 0.001260, 0.001190, 0.001291, 0.001005, 0.001295, 0.001188, 0.001253, 0.001129, 0.001324, 0.001165, 0.001324, 0.001183, 0.001307, 0.001185, 0.001335, 0.001305, 0.001274, 0.001274, 0.001314, 0.001249, 0.001398, 0.001265, 0.001270, 0.001239, 0.001244, 0.001356, 0.001235, 0.001328, 0.001354, 0.001267, 0.001174, 0.001382, 0.001221, 0.001425, 0.001313, 0.001442, 0.001337, 0.001453, 0.001381, 0.001322, 0.001357, 0.001479, 0.001383, 0.001600, 0.001435, 0.001477, 0.001427, 0.001551, 0.001427, 0.001464, 0.001253, 0.001379, 0.001377, 0.001389, 0.001263, 0.001485, 0.001392, 0.001361, 0.001329, 0.001413
13 , 0, 0, 0, 0, 0, 0, 0
13 , 0.005033, 0.005415, 0.004892, 0.005056, 0.004873, 0.004884, 0.004294
14 , 0.001305, 0.001274, 0.001274, 0.001314, 0.001249, 0.001398, 0.001265, 0.001270, 0.001239, 0.001244, 0.001356, 0.001235, 0.001328, 0.001354, 0.001267, 0.001174, 0.001382, 0.001221, 0.001425, 0.001313, 0.001442, 0.001337, 0.001453, 0.001381, 0.001322, 0.001357, 0.001479, 0.001383, 0.001600, 0.001435, 0.001477, 0.001427, 0.001551, 0.001427, 0.001464, 0.001253, 0.001379, 0.001377, 0.001389, 0.001263, 0.001485, 0.001392, 0.001361, 0.001329, 0.001413, 0.001322, 0.001305, 0.001285, 0.001329, 0.001333, 0.001308, 0.001352, 0.001291, 0.001183, 0.001200, 0.001219, 0.001184, 0.001366, 0.001153, 0.001155, 0.001181, 0.001153, 0.001092, 0.001247, 0.000998, 0.001178, 0.001135, 0.001252, 0.001027, 0.001121, 0.001040, 0.001331, 0.001111, 0.001193, 0.001092, 0.001211, 0.001087, 0.001204, 0.001167, 0.001242, 0.001139, 0.001265, 0.001160, 0.001258, 0.001291, 0.001312, 0.001221, 0.001284, 0.001324, 0.001221, 0.001286, 0.001260
14 , 3, 3, 0, 0, 0, 0, 0
14 , 0.003532, 0.003045, 0.002782, 0.003231, 0.002858, 0.002980, 0.003167
15 , 0.001305, 0.001285, 0.001329, 0.001333, 0.001308, 0.001352, 0.001291, 0.001183, 0.001200, 0.001219, 0.001184, 0.001366, 0.001153, 0.001155, 0.001181, 0.001153, 0.001092, 0.001247, 0.000998, 0.001178, 0.001135, 0.001252, 0.001027, 0.001121, 0.001040, 0.001331, 0.001111, 0.001193, 0.001092, 0.001211, 0.001087, 0.001204, 0.001167, 0.001242, 0.001139, 0.001265, 0.001160, 0.001258, 0.001291, 0.001312, 0.001221, 0.001284, 0.001324, 0.001221, 0.001286, 0.001260, 0.001319, 0.001174, 0.001274, 0.001246, 0.001233, 0.001113, 0.001369, 0.001191, 0.001292, 0.001214, 0.001095, 0.001016, 0.001234, 0.001088, 0.001362, 0.001083, 0.001222, 0.001022, 0.001205, 0.001118, 0.001270, 0.001144, 0.001179, 0.001116, 0.001222, 0.001123, 0.001191, 0.001245, 0.001130, 0.001065, 0.001189, 0.001163, 0.001138, 0.001156, 0.001141, 0.001134, 0.001153, 0.001150, 0.001207, 0.001228, 0.001167, 0.001387, 0.001205, 0.001264, 0.001296, 0.001357
15 , 1, 1, 2, 2, 0, 0, 0
15 , 0.001675, 0.001225, 0.000530, 0.000626, 0.000632, 0.001338, 0.001953
16 , 0.001369, 0.001191, 0.001292, 0.001214, 0.001095, 0.001016, 0.001234, 0.001088, 0.001362, 0.001083, 0.001222, 0.001022, 0.001205, 0.001118, 0.001270, 0.001144, 0.001179, 0.001116, 0.001222, 0.001123, 0.001191, 0.001245, 0.001130, 0.001065, 0.001189, 0.001163, 0.001138, 0.001156, 0.001141, 0.001134, 0.001153, 0.001150, 0.001207, 0.001228, 0.001167, 0.001387, 0.001205, 0.001264, 0.001296, 0.001357, 0.001407, 0.001496, 0.001363, 0.001566, 0.001399, 0.001529, 0.001370, 0.001448, 0.001329, 0.001405, 0.001346, 0.001525, 0.001279, 0.001394, 0.001146, 0.001340, 0.001246, 0.001347, 0.001197, 0.001219, 0.001118, 0.001308, 0.001242, 0.001250, 0.001181, 0.001362, 0.001195, 0.001169, 0.001141, 0.001162, 0.001183, 0.001391, 0.001485, 0.001267, 0.001349, 0.001277, 0.001394, 0.001285, 0.001374, 0.001276, 0.001342, 0.001157, 0.001407, 0.001366, 0.001496, 0.001279, 0.001474, 0.001285, 0.001397, 0.001172, 0.001364, 0.001294
16 , 0, 0, 0, 0, 0, 0, 0
16 , 0.001331, 0.002019, 0.002966, 0.003259, 0.003959, 0.003915, 0.004412
