0 , 0.001373, 0.001420, 0.001235, 0.001369, 0.001571, 0.001468, 0.001550, 0.001454, 0.001726, 0.001510, 0.001545, 0.001584, 0.001403, 0.001571, 0.001446, 0.001528, 0.001398, 0.001493, 0.001528, 0.001524, 0.001450, 0.001619, 0.001083, 0.001372, 0.001793, 0.001676, 0.001497, 0.001365, 0.001365, 0.001360, 0.001458, 0.001367, 0.001474, 0.001532, 0.001370, 0.001485, 0.001510, 0.001538, 0.001508, 0.001534, 0.001439, 0.001597, 0.001443, 0.001599, 0.001420, 0.001593, 0.001428, 0.001548, 0.000116, 0.001135, 0.001075, 0.001295, 0.001149, 0.001386, 0.001161, 0.001424, 0.001312, 0.001290, 0.001294, 0.001256, 0.001484, 0.001264, 0.001402, 0.001204, 0.001354, 0.001462, 0.001285, 0.001406, 0.001234, 0.001476, 0.001374, 0.001352, 0.001027, 0.001015, 0.001871, 0.001868, 0.001733, 0.001661, 0.001670, 0.001727, 0.001731, 0.001556, 0.001599, 0.001390, 0.001516, 0.001514, 0.001498, 0.001506, 0.001545, 0.001295, 0.001517, 0.001393
0 , 0, 0, 0, 2, 0, 2, 2
0 , 0.005918, 0.006019, 0.005993, 0.006128, 0.006618, 0.006217, 0.007860
1 , 0.001149, 0.001386, 0.001161, 0.001424, 0.001312, 0.001290, 0.001294, 0.001256, 0.001484, 0.001264, 0.001402, 0.001204, 0.001354, 0.001462, 0.001285, 0.001406, 0.001234, 0.001476, 0.001374, 0.001352, 0.001027, 0.001015, 0.001871, 0.001868, 0.001733, 0.001661, 0.001670, 0.001727, 0.001731, 0.001556, 0.001599, 0.001390, 0.001516, 0.001514, 0.001498, 0.001506, 0.001545, 0.001295, 0.001517, 0.001393, 0.001384, 0.001345, 0.001320, 0.001356, 0.000529, 0.001068, 0.001522, 0.001283, 0.001337, 0.001463, 0.001408, 0.001433, 0.001239, 0.001476, 0.001342, 0.001449, 0.001271, 0.001365, 0.001480, 0.001314, 0.001161, 0.001108, 0.001367, 0.001169, 0.001216, 0.001106, 0.001197, 0.001142, 0.001511, 0.000394, 0.001897, 0.001802, 0.001889, 0.001706, 0.001689, 0.001850, 0.001675, 0.001844, 0.001665, 0.001771, 0.001565, 0.001739, 0.001414, 0.001654, 0.001419, 0.001460, 0.001286, 0.001459, 0.001452, 0.001592, 0.001313, 0.001472
1 , 0, 0, 0, 0, 0, 0, 0
1 , 0.011362, 0.009422, 0.011105, 0.011092, 0.008687, 0.006747, 0.005037
2 , 0.001522, 0.001283, 0.001337, 0.001463, 0.001408, 0.001433, 0.001239, 0.001476, 0.001342, 0.001449, 0.001271, 0.001365, 0.001480, 0.001314, 0.001161, 0.001108, 0.001367, 0.001169, 0.001216, 0.001106, 0.001197, 0.001142, 0.001511, 0.000394, 0.001897, 0.001802, 0.001889, 0.001706, 0.001689, 0.001850, 0.001675, 0.001844, 0.001665, 0.001771, 0.001565, 0.001739, 0.001414, 0.001654, 0.001419, 0.001460, 0.001286, 0.001459, 0.001452, 0.001592, 0.001313, 0.001472, 0.001227, 0.001513, 0.001080, 0.000609, 0.001270, 0.001372, 0.001363, 0.001247, 0.001519, 0.001437, 0.001558, 0.001316, 0.001515, 0.001550, 0.001442, 0.001416, 0.001308, 0.001468, 0.001399, 0.001602, 0.001330, 0.001433, 0.001411, 0.001381, 0.001459, 0.001247, 0.001616, 0.000905, 0.001581, 0.001818, 0.001611, 0.001499, 0.001621, 0.001408, 0.001633, 0.001451, 0.001727, 0.001487, 0.001585, 0.001453, 0.001731, 0.001386, 0.001568, 0.001359, 0.001581, 0.001422
2 , 0, 0, 0, 0, 0, 0, 0
2 , 0.008642, 0.008951, 0.008850, 0.008592, 0.009172, 0.010019, 0.008663
3 , 0.001372, 0.001363, 0.001247, 0.001519, 0.001437, 0.001558, 0.001316, 0.001515, 0.001550, 0.001442, 0.001416, 0.001308, 0.001468, 0.001399, 0.001602, 0.001330, 0.001433, 0.001411, 0.001381, 0.001459, 0.001247, 0.001616, 0.000905, 0.001581, 0.001818, 0.001611, 0.001499, 0.001621, 0.001408, 0.001633, 0.001451, 0.001727, 0.001487, 0.001585, 0.001453, 0.001731, 0.001386, 0.001568, 0.001359, 0.001581, 0.001422, 0.001550, 0.001424, 0.001692, 0.001455, 0.001739, 0.000026, 0.001032, 0.001173, 0.001230, 0.001213, 0.001196, 0.001161, 0.001355, 0.001368, 0.001403, 0.001148, 0.001445, 0.001329, 0.001467, 0.001334, 0.001243, 0.001536, 0.001390, 0.001385, 0.001192, 0.001481, 0.001378, 0.001304, 0.001355, 0.001329, 0.000633, 0.001756, 0.001658, 0.001576, 0.001504, 0.001569, 0.001398, 0.001689, 0.001413, 0.001541, 0.001417, 0.001543, 0.001269, 0.001454, 0.001450, 0.001678, 0.001348, 0.001569, 0.001378, 0.001474, 0.001476
3 , 0, 0, 0, 0, 0, 0, 2
3 , 0.007564, 0.007407, 0.007764, 0.004671, 0.006558, 0.004865, 0.003233
4 , 0.001173, 0.001230, 0.001213, 0.001196, 0.001161, 0.001355, 0.001368, 0.001403, 0.001148, 0.001445, 0.001329, 0.001467, 0.001334, 0.001243, 0.001536, 0.001390, 0.001385, 0.001192, 0.001481, 0.001378, 0.001304, 0.001355, 0.001329, 0.000633, 0.001756, 0.001658, 0.001576, 0.001504, 0.001569, 0.001398, 0.001689, 0.001413, 0.001541, 0.001417, 0.001543, 0.001269, 0.001454, 0.001450, 0.001678, 0.001348, 0.001569, 0.001378, 0.001474, 0.001476, 0.001528, 0.001271, 0.001461, 0.001447, 0.000784, 0.001161, 0.001336, 0.001279, 0.001496, 0.001439, 0.001514, 0.001285, 0.001630, 0.001553, 0.001476, 0.001462, 0.001544, 0.001618, 0.001518, 0.001614, 0.001407, 0.001636, 0.001503, 0.001360, 0.001420, 0.001243, 0.001477, 0.001139, 0.001383, 0.000382, 0.001742, 0.001899, 0.001769, 0.001797, 0.001690, 0.001866, 0.001669, 0.001831, 0.001677, 0.001831, 0.001670, 0.001773, 0.001626, 0.001823, 0.001638, 0.001779, 0.001448, 0.001575
4 , 0, 0, 0, 0, 0, 0, 0
4 , 0.007334, 0.008313, 0.007235, 0.007099, 0.007807, 0.008250, 0.009159
5 , 0.001496, 0.001439, 0.001514, 0.001285, 0.001630, 0.001553, 0.001476, 0.001462, 0.001544, 0.001618, 0.001518, 0.001614, 0.001407, 0.001636, 0.001503, 0.001360, 0.001420, 0.001243, 0.001477, 0.001139, 0.001383, 0.000382, 0.001742, 0.001899, 0.001769, 0.001797, 0.001690, 0.001866, 0.001669, 0.001831, 0.001677, 0.001831, 0.001670, 0.001773, 0.001626, 0.001823, 0.001638, 0.001779, 0.001448, 0.001575, 0.001575, 0.001676, 0.001651, 0.001779, 0.001280, 0.000368, 0.001162, 0.001222, 0.001067, 0.001265, 0.001261, 0.001356, 0.001179, 0.001243, 0.001524, 0.001394, 0.001498, 0.001196, 0.001459, 0.001399, 0.001447, 0.001356, 0.001369, 0.001494, 0.001399, 0.001481, 0.001459, 0.001524, 0.001701, 0.000751, 0.001686, 0.001593, 0.001630, 0.001417, 0.001450, 0.001530, 0.001502, 0.001278, 0.001520, 0.001355, 0.001607, 0.001449, 0.001542, 0.001475, 0.001508, 0.001465, 0.001587, 0.001490, 0.001560, 0.001490, 0.001642, 0.001605
5 , 0, 0, 0, 0, 0, 0, 0
5 , 0.008412, 0.007943, 0.007388, 0.008459, 0.007501, 0.005481, 0.004841
6 , 0.001265, 0.001261, 0.001356, 0.001179, 0.001243, 0.001524, 0.001394, 0.001498, 0.001196, 0.001459, 0.001399, 0.001447, 0.001356, 0.001369, 0.001494, 0.001399, 0.001481, 0.001459, 0.001524, 0.001701, 0.000751, 0.001686, 0.001593, 0.001630, 0.001417, 0.001450, 0.001530, 0.001502, 0.001278, 0.001520, 0.001355, 0.001607, 0.001449, 0.001542, 0.001475, 0.001508, 0.001465, 0.001587, 0.001490, 0.001560, 0.001490, 0.001642, 0.001605, 0.001771, 0.001467, 0.001687, 0.000149, 0.000928, 0.001311, 0.001343, 0.001225, 0.001199, 0.001471, 0.001315, 0.001388, 0.001139, 0.001466, 0.001384, 0.001289, 0.001220, 0.001286, 0.001407, 0.001398, 0.001481, 0.001261, 0.001533, 0.001364, 0.001386, 0.001372, 0.001316, 0.001636, 0.000817, 0.001689, 0.001515, 0.001654, 0.001458, 0.001586, 0.001521, 0.001545, 0.001408, 0.001539, 0.001454, 0.001515, 0.001415, 0.001547, 0.001443, 0.001526, 0.001505, 0.001627, 0.001547, 0.001605, 0.001667
6 , 0, 0, 0, 0, 0, 0, 0
6 , 0.007841, 0.007337, 0.009405, 0.005792, 0.005807, 0.004947, 0.004204
7 , 0.001311, 0.001343, 0.001225, 0.001199, 0.001471, 0.001315, 0.001388, 0.001139, 0.001466, 0.001384, 0.001289, 0.001220, 0.001286, 0.001407, 0.001398, 0.001481, 0.001261, 0.001533, 0.001364, 0.001386, 0.001372, 0.001316, 0.001636, 0.000817, 0.001689, 0.001515, 0.001654, 0.001458, 0.001586, 0.001521, 0.001545, 0.001408, 0.001539, 0.001454, 0.001515, 0.001415, 0.001547, 0.001443, 0.001526, 0.001505, 0.001627, 0.001547, 0.001605, 0.001667, 0.001714, 0.001894, 0.001079, 0.000992, 0.000922, 0.001230, 0.001165, 0.001230, 0.001139, 0.001208, 0.001263, 0.001251, 0.001350, 0.001146, 0.001417, 0.001352, 0.001421, 0.001292, 0.001374, 0.001465, 0.001257, 0.001219, 0.001207, 0.001495, 0.001380, 0.001407, 0.001428, 0.001201, 0.001708, 0.000020, 0.001841, 0.001586, 0.001715, 0.001373, 0.001380, 0.001312, 0.001537, 0.001382, 0.001567, 0.001373, 0.001467, 0.001323, 0.001513, 0.001435, 0.001494, 0.001388, 0.001548, 0.001449
7 , 0, 0, 0, 0, 0, 0, 0
7 , 0.007408, 0.008378, 0.008305, 0.007352, 0.006464, 0.005926, 0.007634
8 , 0.000992, 0.000922, 0.001230, 0.001165, 0.001230, 0.001139, 0.001208, 0.001263, 0.001251, 0.001350, 0.001146, 0.001417, 0.001352, 0.001421, 0.001292, 0.001374, 0.001465, 0.001257, 0.001219, 0.001207, 0.001495, 0.001380, 0.001407, 0.001428, 0.001201, 0.001708, 0.000020, 0.001841, 0.001586, 0.001715, 0.001373, 0.001380, 0.001312, 0.001537, 0.001382, 0.001567, 0.001373, 0.001467, 0.001323, 0.001513, 0.001435, 0.001494, 0.001388, 0.001548, 0.001449, 0.001489, 0.001325, 0.001441, 0.001351, 0.001570, 0.001445, 0.001516, 0.001453, 0.001476, 0.001362, 0.001508, 0.001299, 0.001430, 0.001408, 0.001321, 0.001382, 0.001395, 0.001351, 0.001264, 0.001308, 0.001219, 0.001336, 0.001154, 0.001243, 0.001364, 0.001442, 0.001365, 0.001426, 0.001410, 0.001439, 0.001393, 0.001549, 0.001386, 0.001510, 0.001559, 0.001587, 0.001457, 0.001607, 0.001400, 0.001638, 0.001506, 0.001689, 0.001478, 0.001573, 0.001529, 0.001596, 0.001444
8 , 0, 0, 0, 0, 0, 0, 0
8 , 0.004468, 0.005709, 0.006458, 0.005987, 0.005931, 0.005260, 0.005951
9 , 0.001351, 0.001570, 0.001445, 0.001516, 0.001453, 0.001476, 0.001362, 0.001508, 0.001299, 0.001430, 0.001408, 0.001321, 0.001382, 0.001395, 0.001351, 0.001264, 0.001308, 0.001219, 0.001336, 0.001154, 0.001243, 0.001364, 0.001442, 0.001365, 0.001426, 0.001410, 0.001439, 0.001393, 0.001549, 0.001386, 0.001510, 0.001559, 0.001587, 0.001457, 0.001607, 0.001400, 0.001638, 0.001506, 0.001689, 0.001478, 0.001573, 0.001529, 0.001596, 0.001444, 0.001615, 0.001412, 0.001542, 0.001359, 0.001510, 0.001417, 0.001454, 0.001173, 0.001313, 0.001177, 0.001381, 0.001257, 0.001370, 0.001169, 0.001263, 0.001291, 0.001248, 0.001262, 0.001285, 0.001236, 0.001329, 0.001390, 0.001433, 0.001393, 0.001295, 0.001239, 0.001354, 0.001471, 0.001423, 0.001521, 0.001315, 0.001445, 0.001347, 0.001530, 0.001432, 0.001515, 0.001396, 0.001544, 0.001408, 0.001560, 0.001469, 0.001556, 0.001402, 0.001540, 0.001386, 0.001640, 0.001500, 0.001704
9 , 0, 0, 0, 0, 0, 0, 0
9 , 0.003962, 0.005423, 0.006109, 0.006900, 0.006535, 0.007112, 0.006800
10 , 0.001173, 0.001313, 0.001177, 0.001381, 0.001257, 0.001370, 0.001169, 0.001263, 0.001291, 0.001248, 0.001262, 0.001285, 0.001236, 0.001329, 0.001390, 0.001433, 0.001393, 0.001295, 0.001239, 0.001354, 0.001471, 0.001423, 0.001521, 0.001315, 0.001445, 0.001347, 0.001530, 0.001432, 0.001515, 0.001396, 0.001544, 0.001408, 0.001560, 0.001469, 0.001556, 0.001402, 0.001540, 0.001386, 0.001640, 0.001500, 0.001704, 0.001391, 0.001563, 0.001304, 0.001390, 0.001259, 0.001364, 0.001126, 0.001299, 0.001150, 0.001390, 0.001256, 0.001346, 0.001119, 0.001276, 0.001101, 0.001162, 0.001240, 0.001263, 0.001255, 0.001265, 0.001258, 0.001253, 0.001271, 0.001292, 0.001318, 0.001346, 0.001397, 0.001316, 0.001435, 0.001443, 0.001462, 0.001419, 0.001631, 0.001613, 0.001644, 0.001596, 0.001737, 0.001577, 0.001665, 0.001629, 0.001842, 0.001620, 0.001690, 0.001475, 0.001727, 0.001602, 0.001765, 0.001497, 0.001657, 0.001622, 0.001786
10 , 0, 0, 0, 0, 0, 0, 0
10 , 0.010817, 0.011425, 0.011171, 0.011407, 0.010375, 0.010411, 0.009232
11 , 0.001126, 0.001299, 0.001150, 0.001390, 0.001256, 0.001346, 0.001119, 0.001276, 0.001101, 0.001162, 0.001240, 0.001263, 0.001255, 0.001265, 0.001258, 0.001253, 0.001271, 0.001292, 0.001318, 0.001346, 0.001397, 0.001316, 0.001435, 0.001443, 0.001462, 0.001419, 0.001631, 0.001613, 0.001644, 0.001596, 0.001737, 0.001577, 0.001665, 0.001629, 0.001842, 0.001620, 0.001690, 0.001475, 0.001727, 0.001602, 0.001765, 0.001497, 0.001657, 0.001622, 0.001786, 0.001510, 0.001591, 0.001497, 0.001587, 0.001450, 0.001502, 0.001387, 0.001507, 0.001358, 0.001365, 0.001284, 0.001270, 0.001136, 0.001240, 0.001124, 0.001073, 0.001104, 0.001018, 0.001218, 0.001296, 0.001265, 0.001275, 0.001306, 0.001205, 0.001342, 0.001302, 0.001556, 0.001316, 0.001482, 0.001391, 0.001474, 0.001441, 0.001678, 0.001533, 0.001792, 0.001713, 0.001740, 0.001540, 0.001721, 0.001682, 0.001895, 0.001765, 0.001951, 0.001669, 0.002007, 0.001831, 0.001792
11 , 0, 0, 0, 0, 0, 0, 0
11 , 0.012791, 0.014660, 0.015292, 0.016396, 0.016231, 0.017081, 0.016924
12 , 0.001387, 0.001507, 0.001358, 0.001365, 0.001284, 0.001270, 0.001136, 0.001240, 0.001124, 0.001073, 0.001104, 0.001018, 0.001218, 0.001296, 0.001265, 0.001275, 0.001306, 0.001205, 0.001342, 0.001302, 0.001556, 0.001316, 0.001482, 0.001391, 0.001474, 0.001441, 0.001678, 0.001533, 0.001792, 0.001713, 0.001740, 0.001540, 0.001721, 0.001682, 0.001895, 0.001765, 0.001951, 0.001669, 0.002007, 0.001831, 0.001792, 0.001697, 0.001894, 0.001684, 0.001668, 0.001708, 0.001782, 0.001613, 0.001510, 0.001467, 0.001506, 0.001426, 0.001439, 0.001454, 0.001269, 0.001376, 0.001267, 0.001309, 0.001330, 0.001355, 0.001175, 0.001421, 0.001374, 0.001402, 0.001236, 0.001430, 0.001262, 0.001470, 0.001426, 0.001456, 0.001302, 0.001613, 0.001426, 0.001567, 0.001454, 0.001606, 0.001494, 0.001552, 0.001477, 0.001664, 0.001617, 0.001640, 0.001634, 0.001786, 0.001689, 0.001838, 0.001683, 0.001662, 0.001598, 0.001659, 0.001701, 0.001589
12 , 0, 0, 0, 0, 0, 0, 0
12 , 0.012171, 0.013298, 0.013839, 0.015260, 0.015328, 0.015810, 0.015551
13 , 0.001426, 0.001439, 0.001454, 0.001269, 0.001376, 0.001267, 0.001309, 0.001330, 0.001355, 0.001175, 0.001421, 0.001374, 0.001402, 0.001236, 0.001430, 0.001262, 0.001470, 0.001426, 0.001456, 0.001302, 0.001613, 0.001426, 0.001567, 0.001454, 0.001606, 0.001494, 0.001552, 0.001477, 0.001664, 0.001617, 0.001640, 0.001634, 0.001786, 0.001689, 0.001838, 0.001683, 0.001662, 0.001598, 0.001659, 0.001701, 0.001589, 0.001646, 0.001589, 0.001530, 0.001534, 0.001540, 0.001566, 0.001538, 0.001633, 0.001613, 0.001503, 0.001696, 0.001552, 0.001672, 0.001572, 0.001619, 0.001465, 0.001591, 0.001363, 0.001504, 0.001494, 0.001556, 0.001422, 0.001688, 0.001505, 0.001568, 0.001497, 0.001595, 0.001560, 0.001682, 0.001556, 0.001670, 0.001522, 0.001560, 0.001501, 0.001627, 0.001534, 0.001544, 0.001548, 0.001498, 0.001447, 0.001371, 0.001499, 0.001465, 0.001473, 0.001419, 0.001496, 0.001461, 0.001500, 0.001370, 0.001468, 0.001387
13 , 3, 3, 3, 3, 3, 3, 3
13 , 0.005936, 0.006592, 0.006730, 0.007111, 0.007217, 0.007397, 0.007269
14 , 0.001696, 0.001552, 0.001672, 0.001572, 0.001619, 0.001465, 0.001591, 0.001363, 0.001504, 0.001494, 0.001556, 0.001422, 0.001688, 0.001505, 0.001568, 0.001497, 0.001595, 0.001560, 0.001682, 0.001556, 0.001670, 0.001522, 0.001560, 0.001501, 0.001627, 0.001534, 0.001544, 0.001548, 0.001498, 0.001447, 0.001371, 0.001499, 0.001465, 0.001473, 0.001419, 0.001496, 0.001461, 0.001500, 0.001370, 0.001468, 0.001387, 0.001526, 0.001395, 0.001491, 0.001338, 0.001619, 0.001367, 0.001578, 0.001478, 0.001563, 0.001481, 0.001719, 0.001596, 0.001773, 0.001516, 0.001874, 0.001833, 0.001808, 0.001668, 0.001806, 0.001623, 0.001787, 0.001611, 0.001653, 0.001626, 0.001652, 0.001611, 0.001580, 0.001430, 0.001468, 0.001354, 0.001296, 0.001169, 0.001025, 0.001023, 0.000961, 0.001134, 0.000879, 0.000973, 0.000854, 0.000973, 0.000941, 0.001194, 0.001061, 0.001095, 0.001106, 0.001288, 0.001253, 0.001482, 0.001297, 0.001471, 0.001341
14 , 1, 1, 1, 1, 1, 1, 1
14 , 0.012228, 0.012594, 0.012547, 0.012722, 0.012008, 0.011304, 0.010192
15 , 0.001563, 0.001481, 0.001719, 0.001596, 0.001773, 0.001516, 0.001874, 0.001833, 0.001808, 0.001668, 0.001806, 0.001623, 0.001787, 0.001611, 0.001653, 0.001626, 0.001652, 0.001611, 0.001580, 0.001430, 0.001468, 0.001354, 0.001296, 0.001169, 0.001025, 0.001023, 0.000961, 0.001134, 0.000879, 0.000973, 0.000854, 0.000973, 0.000941, 0.001194, 0.001061, 0.001095, 0.001106, 0.001288, 0.001253, 0.001482, 0.001297, 0.001471, 0.001341, 0.001575, 0.001536, 0.001619, 0.001590, 0.001626, 0.001590, 0.001773, 0.001520, 0.001674, 0.001632, 0.001663, 0.001663, 0.001703, 0.001558, 0.001626, 0.001649, 0.001607, 0.001562, 0.001548, 0.001504, 0.001421, 0.001519, 0.001476, 0.001482, 0.001452, 0.001529, 0.001381, 0.001428, 0.001283, 0.001447, 0.001323, 0.001439, 0.001336, 0.001517, 0.001353, 0.001360, 0.001248, 0.001461, 0.001443, 0.001391, 0.001349, 0.001495, 0.001323, 0.001506, 0.001413, 0.001561, 0.001459, 0.001640, 0.001546
15 , 1, 1, 1, 1, 1, 1, 1
15 , 0.014970, 0.014990, 0.014231, 0.013591, 0.012384, 0.011434, 0.009244
16 , 0.001626, 0.001590, 0.001773, 0.001520, 0.001674, 0.001632, 0.001663, 0.001663, 0.001703, 0.001558, 0.001626, 0.001649, 0.001607, 0.001562, 0.001548, 0.001504, 0.001421, 0.001519, 0.001476, 0.001482, 0.001452, 0.001529, 0.001381, 0.001428, 0.001283, 0.001447, 0.001323, 0.001439, 0.001336, 0.001517, 0.001353, 0.001360, 0.001248, 0.001461, 0.001443, 0.001391, 0.001349, 0.001495, 0.001323, 0.001506, 0.001413, 0.001561, 0.001459, 0.001640, 0.001546, 0.001548, 0.001520, 0.001622, 0.001583, 0.001603, 0.001629, 0.001564, 0.001656, 0.001627, 0.001654, 0.001627, 0.001635, 0.001548, 0.001615, 0.001441, 0.001636, 0.001545, 0.001578, 0.001380, 0.001634, 0.001534, 0.001604, 0.001530, 0.001569, 0.001350, 0.001634, 0.001380, 0.001454, 0.001411, 0.001756, 0.001443, 0.001602, 0.001323, 0.001480, 0.001441, 0.001541, 0.001350, 0.001584, 0.001499, 0.001491, 0.001435, 0.001496, 0.001456, 0.001500, 0.001348, 0.001503, 0.001486
16 , 1, 1, 1, 1, 1, 1, 1
16 , 0.006108, 0.006235, 0.005619, 0.005829, 0.005103, 0.004821, 0.003972
