0 , 0.001244, 0.001490, 0.001283, 0.001426, 0.001512, 0.001408, 0.001655, 0.001460, 0.001701, 0.001307, 0.001601, 0.001558, 0.001690, 0.001714, 0.001601, 0.001842, 0.001703, 0.001888, 0.001689, 0.001763, 0.001717, 0.001649, 0.001876, 0.000533, 0.001189, 0.001510, 0.001334, 0.001376, 0.001238, 0.001360, 0.001219, 0.001373, 0.001231, 0.001357, 0.001217, 0.001359, 0.001335, 0.001519, 0.001294, 0.001448, 0.001407, 0.001531, 0.001332, 0.001529, 0.001371, 0.001472, 0.001267, 0.000329, 0.001317, 0.001272, 0.001233, 0.001453, 0.001440, 0.001492, 0.001375, 0.001556, 0.001513, 0.001586, 0.001533, 0.001520, 0.001826, 0.001614, 0.001653, 0.001526, 0.001690, 0.001690, 0.001758, 0.001772, 0.001621, 0.001752, 0.001660, 0.001666, 0.001628, 0.001568, 0.000814, 0.001657, 0.001424, 0.001526, 0.001293, 0.001572, 0.001411, 0.001380, 0.001250, 0.001439, 0.001282, 0.001367, 0.001300, 0.001465, 0.001361, 0.001398, 0.001330, 0.001363
0 , 1, 1, 1, 1, 1, 1, 1
0 , 0.003076, 0.004378, 0.006110, 0.007909, 0.011747, 0.010616, 0.011102
1 , 0.001233, 0.001453, 0.001440, 0.001492, 0.001375, 0.001556, 0.001513, 0.001586, 0.001533, 0.001520, 0.001826, 0.001614, 0.001653, 0.001526, 0.001690, 0.001690, 0.001758, 0.001772, 0.001621, 0.001752, 0.001660, 0.001666, 0.001628, 0.001568, 0.000814, 0.001657, 0.001424, 0.001526, 0.001293, 0.001572, 0.001411, 0.001380, 0.001250, 0.001439, 0.001282, 0.001367, 0.001300, 0.001465, 0.001361, 0.001398, 0.001330, 0.001363, 0.001343, 0.001328, 0.001202, 0.001294, 0.001255, 0.001301, 0.001178, 0.000290, 0.001413, 0.001373, 0.001668, 0.001798, 0.001669, 0.001693, 0.001673, 0.001776, 0.001605, 0.001819, 0.001542, 0.001870, 0.001832, 0.001616, 0.001656, 0.001574, 0.001826, 0.001641, 0.001766, 0.001547, 0.001696, 0.001754, 0.001631, 0.001662, 0.000206, 0.001179, 0.001378, 0.001332, 0.001266, 0.001264, 0.001207, 0.001065, 0.001191, 0.001191, 0.001275, 0.001245, 0.001303, 0.001238, 0.001362, 0.001294, 0.001255, 0.001281
1 , 1, 1, 1, 1, 1, 1, 1
1 , 0.005997, 0.009006, 0.010259, 0.011923, 0.013440, 0.014699, 0.016462
2 , 0.001668, 0.001798, 0.001669, 0.001693, 0.001673, 0.001776, 0.001605, 0.001819, 0.001542, 0.001870, 0.001832, 0.001616, 0.001656, 0.001574, 0.001826, 0.001641, 0.001766, 0.001547, 0.001696, 0.001754, 0.001631, 0.001662, 0.000206, 0.001179, 0.001378, 0.001332, 0.001266, 0.001264, 0.001207, 0.001065, 0.001191, 0.001191, 0.001275, 0.001245, 0.001303, 0.001238, 0.001362, 0.001294, 0.001255, 0.001281, 0.001414, 0.001329, 0.001170, 0.001182, 0.001335, 0.000785, 0.000899, 0.001558, 0.001316, 0.001455, 0.001663, 0.001468, 0.001728, 0.001503, 0.001590, 0.001552, 0.001651, 0.001634, 0.001586, 0.001664, 0.001630, 0.001656, 0.001431, 0.001621, 0.001707, 0.001716, 0.001711, 0.001650, 0.001705, 0.002031, 0.000551, 0.001604, 0.001353, 0.001344, 0.001209, 0.001298, 0.001298, 0.001191, 0.001106, 0.001202, 0.001206, 0.001141, 0.001202, 0.001054, 0.001237, 0.001254, 0.001276, 0.001337, 0.001270, 0.001204, 0.001211, 0.001087
2 , 1, 1, 1, 1, 1, 1, 1
2 , 0.013313, 0.016069, 0.019198, 0.019365, 0.016898, 0.016329, 0.015909
3 , 0.001455, 0.001663, 0.001468, 0.001728, 0.001503, 0.001590, 0.001552, 0.001651, 0.001634, 0.001586, 0.001664, 0.001630, 0.001656, 0.001431, 0.001621, 0.001707, 0.001716, 0.001711, 0.001650, 0.001705, 0.002031, 0.000551, 0.001604, 0.001353, 0.001344, 0.001209, 0.001298, 0.001298, 0.001191, 0.001106, 0.001202, 0.001206, 0.001141, 0.001202, 0.001054, 0.001237, 0.001254, 0.001276, 0.001337, 0.001270, 0.001204, 0.001211, 0.001087, 0.001304, 0.001202, 0.001285, 0.001256, 0.000522, 0.001521, 0.001444, 0.001657, 0.001550, 0.001770, 0.001758, 0.001694, 0.001530, 0.001676, 0.001871, 0.001543, 0.001798, 0.001647, 0.001750, 0.001651, 0.001655, 0.001633, 0.001585, 0.001809, 0.001770, 0.001915, 0.001753, 0.001918, 0.001700, 0.000873, 0.001554, 0.001372, 0.001194, 0.001276, 0.001231, 0.001252, 0.001145, 0.001111, 0.001204, 0.001261, 0.001130, 0.001241, 0.001204, 0.001287, 0.001231, 0.001383, 0.001261, 0.001398, 0.001187
3 , 1, 1, 1, 1, 1, 1, 1
3 , 0.012059, 0.014736, 0.016779, 0.016701, 0.019441, 0.018116, 0.018207
4 , 0.001657, 0.001550, 0.001770, 0.001758, 0.001694, 0.001530, 0.001676, 0.001871, 0.001543, 0.001798, 0.001647, 0.001750, 0.001651, 0.001655, 0.001633, 0.001585, 0.001809, 0.001770, 0.001915, 0.001753, 0.001918, 0.001700, 0.000873, 0.001554, 0.001372, 0.001194, 0.001276, 0.001231, 0.001252, 0.001145, 0.001111, 0.001204, 0.001261, 0.001130, 0.001241, 0.001204, 0.001287, 0.001231, 0.001383, 0.001261, 0.001398, 0.001187, 0.001367, 0.001072, 0.001348, 0.000158, 0.001445, 0.001525, 0.001660, 0.001432, 0.001553, 0.001437, 0.001731, 0.001687, 0.001757, 0.001540, 0.001635, 0.001722, 0.001669, 0.001698, 0.001658, 0.001883, 0.001765, 0.001830, 0.001677, 0.001751, 0.001907, 0.001728, 0.001670, 0.001802, 0.000042, 0.001460, 0.001425, 0.001402, 0.001318, 0.001433, 0.001307, 0.001321, 0.001213, 0.001298, 0.001200, 0.001285, 0.001220, 0.001316, 0.001377, 0.001385, 0.001144, 0.001245, 0.001243, 0.001404, 0.001187, 0.001232
4 , 1, 1, 1, 1, 1, 1, 1
4 , 0.014238, 0.016461, 0.020878, 0.018794, 0.017558, 0.017327, 0.017079
5 , 0.001660, 0.001432, 0.001553, 0.001437, 0.001731, 0.001687, 0.001757, 0.001540, 0.001635, 0.001722, 0.001669, 0.001698, 0.001658, 0.001883, 0.001765, 0.001830, 0.001677, 0.001751, 0.001907, 0.001728, 0.001670, 0.001802, 0.000042, 0.001460, 0.001425, 0.001402, 0.001318, 0.001433, 0.001307, 0.001321, 0.001213, 0.001298, 0.001200, 0.001285, 0.001220, 0.001316, 0.001377, 0.001385, 0.001144, 0.001245, 0.001243, 0.001404, 0.001187, 0.001232, 0.001195, 0.001318, 0.001161, 0.000816, 0.000968, 0.001500, 0.001366, 0.001656, 0.001570, 0.001657, 0.001553, 0.001592, 0.001748, 0.001601, 0.001692, 0.001669, 0.001831, 0.001709, 0.001704, 0.001653, 0.001739, 0.001804, 0.001644, 0.001832, 0.001549, 0.001927, 0.001737, 0.002013, 0.000771, 0.001041, 0.001312, 0.001348, 0.001290, 0.001189, 0.001215, 0.001172, 0.001240, 0.001102, 0.001163, 0.001095, 0.001366, 0.001046, 0.001344, 0.001115, 0.001317, 0.001276, 0.001504, 0.001280
5 , 1, 1, 1, 1, 1, 1, 1
5 , 0.012089, 0.014819, 0.016428, 0.018381, 0.017732, 0.017454, 0.016502
6 , 0.001500, 0.001366, 0.001656, 0.001570, 0.001657, 0.001553, 0.001592, 0.001748, 0.001601, 0.001692, 0.001669, 0.001831, 0.001709, 0.001704, 0.001653, 0.001739, 0.001804, 0.001644, 0.001832, 0.001549, 0.001927, 0.001737, 0.002013, 0.000771, 0.001041, 0.001312, 0.001348, 0.001290, 0.001189, 0.001215, 0.001172, 0.001240, 0.001102, 0.001163, 0.001095, 0.001366, 0.001046, 0.001344, 0.001115, 0.001317, 0.001276, 0.001504, 0.001280, 0.001465, 0.001372, 0.001330, 0.001202, 0.000337, 0.001470, 0.001474, 0.001404, 0.001362, 0.001543, 0.001694, 0.001595, 0.001525, 0.001776, 0.001611, 0.001667, 0.001468, 0.001658, 0.001662, 0.001614, 0.001769, 0.001540, 0.001825, 0.001730, 0.001583, 0.001656, 0.001650, 0.001756, 0.001460, 0.001158, 0.001498, 0.001427, 0.001327, 0.001292, 0.001226, 0.001350, 0.001137, 0.001240, 0.001083, 0.001212, 0.001119, 0.001313, 0.001158, 0.001345, 0.001093, 0.001242, 0.001060, 0.001303, 0.001112
6 , 1, 1, 1, 1, 1, 1, 1
6 , 0.010052, 0.011499, 0.013872, 0.016375, 0.019937, 0.018385, 0.017523
7 , 0.001404, 0.001362, 0.001543, 0.001694, 0.001595, 0.001525, 0.001776, 0.001611, 0.001667, 0.001468, 0.001658, 0.001662, 0.001614, 0.001769, 0.001540, 0.001825, 0.001730, 0.001583, 0.001656, 0.001650, 0.001756, 0.001460, 0.001158, 0.001498, 0.001427, 0.001327, 0.001292, 0.001226, 0.001350, 0.001137, 0.001240, 0.001083, 0.001212, 0.001119, 0.001313, 0.001158, 0.001345, 0.001093, 0.001242, 0.001060, 0.001303, 0.001112, 0.001210, 0.001105, 0.001337, 0.000966, 0.001465, 0.000257, 0.001027, 0.001396, 0.001488, 0.001499, 0.001382, 0.001620, 0.001571, 0.001625, 0.001477, 0.001629, 0.001702, 0.001551, 0.001625, 0.001404, 0.001703, 0.001607, 0.001667, 0.001499, 0.001627, 0.001748, 0.001647, 0.001701, 0.001428, 0.002022, 0.000157, 0.001570, 0.001491, 0.001383, 0.001331, 0.001495, 0.001273, 0.001467, 0.001212, 0.001364, 0.001183, 0.001359, 0.001232, 0.001387, 0.001278, 0.001519, 0.001241, 0.001400, 0.001207, 0.001435
7 , 1, 1, 1, 1, 1, 1, 1
7 , 0.008218, 0.010399, 0.012704, 0.012643, 0.015692, 0.014149, 0.014525
8 , 0.001488, 0.001499, 0.001382, 0.001620, 0.001571, 0.001625, 0.001477, 0.001629, 0.001702, 0.001551, 0.001625, 0.001404, 0.001703, 0.001607, 0.001667, 0.001499, 0.001627, 0.001748, 0.001647, 0.001701, 0.001428, 0.002022, 0.000157, 0.001570, 0.001491, 0.001383, 0.001331, 0.001495, 0.001273, 0.001467, 0.001212, 0.001364, 0.001183, 0.001359, 0.001232, 0.001387, 0.001278, 0.001519, 0.001241, 0.001400, 0.001207, 0.001435, 0.001393, 0.001437, 0.001285, 0.001071, 0.000892, 0.001287, 0.001388, 0.001340, 0.001388, 0.001375, 0.001401, 0.001556, 0.001379, 0.001621, 0.001302, 0.001487, 0.001621, 0.001539, 0.001426, 0.001305, 0.001568, 0.001379, 0.001405, 0.001310, 0.001543, 0.001522, 0.001418, 0.001552, 0.001345, 0.001753, 0.000756, 0.001578, 0.001700, 0.001619, 0.001350, 0.001517, 0.001393, 0.001500, 0.001324, 0.001454, 0.001389, 0.001372, 0.001198, 0.001420, 0.001196, 0.001418, 0.001168, 0.001294, 0.001159, 0.001442
8 , 2, 1, 1, 1, 1, 1, 1
8 , 0.003228, 0.004872, 0.006504, 0.008617, 0.007079, 0.006092, 0.006876
9 , 0.001340, 0.001388, 0.001375, 0.001401, 0.001556, 0.001379, 0.001621, 0.001302, 0.001487, 0.001621, 0.001539, 0.001426, 0.001305, 0.001568, 0.001379, 0.001405, 0.001310, 0.001543, 0.001522, 0.001418, 0.001552, 0.001345, 0.001753, 0.000756, 0.001578, 0.001700, 0.001619, 0.001350, 0.001517, 0.001393, 0.001500, 0.001324, 0.001454, 0.001389, 0.001372, 0.001198, 0.001420, 0.001196, 0.001418, 0.001168, 0.001294, 0.001159, 0.001442, 0.001296, 0.001366, 0.001290, 0.001444, 0.001243, 0.001379, 0.001215, 0.001398, 0.001246, 0.001374, 0.001215, 0.001372, 0.001304, 0.001426, 0.001269, 0.001370, 0.001243, 0.001437, 0.001315, 0.001432, 0.001175, 0.001191, 0.001156, 0.001280, 0.001240, 0.001268, 0.001364, 0.001405, 0.001387, 0.001333, 0.001346, 0.001474, 0.001571, 0.001470, 0.001491, 0.001482, 0.001708, 0.001605, 0.001685, 0.001822, 0.001766, 0.001620, 0.001773, 0.001561, 0.001678, 0.001472, 0.001409, 0.001360, 0.001602
9 , 2, 2, 2, 2, 2, 2, 2
9 , 0.005749, 0.006567, 0.007015, 0.007111, 0.007795, 0.006753, 0.007057
10 , 0.001398, 0.001246, 0.001374, 0.001215, 0.001372, 0.001304, 0.001426, 0.001269, 0.001370, 0.001243, 0.001437, 0.001315, 0.001432, 0.001175, 0.001191, 0.001156, 0.001280, 0.001240, 0.001268, 0.001364, 0.001405, 0.001387, 0.001333, 0.001346, 0.001474, 0.001571, 0.001470, 0.001491, 0.001482, 0.001708, 0.001605, 0.001685, 0.001822, 0.001766, 0.001620, 0.001773, 0.001561, 0.001678, 0.001472, 0.001409, 0.001360, 0.001602, 0.001291, 0.001498, 0.001217, 0.001339, 0.001148, 0.001300, 0.001138, 0.001159, 0.000954, 0.001097, 0.000763, 0.001067, 0.000962, 0.001097, 0.000876, 0.001111, 0.000998, 0.001111, 0.001009, 0.001204, 0.001051, 0.001203, 0.001191, 0.001335, 0.001150, 0.001249, 0.001155, 0.001135, 0.001188, 0.001211, 0.001206, 0.001381, 0.001395, 0.001399, 0.001411, 0.001424, 0.001456, 0.001427, 0.001505, 0.001483, 0.001651, 0.001663, 0.001771, 0.001639, 0.001725, 0.001691, 0.001842, 0.001710, 0.001776, 0.001648
10 , 0, 0, 0, 0, 0, 0, 0
10 , 0.013652, 0.014000, 0.014753, 0.014762, 0.015391, 0.015280, 0.015034
11 , 0.000954, 0.001097, 0.000763, 0.001067, 0.000962, 0.001097, 0.000876, 0.001111, 0.000998, 0.001111, 0.001009, 0.001204, 0.001051, 0.001203, 0.001191, 0.001335, 0.001150, 0.001249, 0.001155, 0.001135, 0.001188, 0.001211, 0.001206, 0.001381, 0.001395, 0.001399, 0.001411, 0.001424, 0.001456, 0.001427, 0.001505, 0.001483, 0.001651, 0.001663, 0.001771, 0.001639, 0.001725, 0.001691, 0.001842, 0.001710, 0.001776, 0.001648, 0.001720, 0.001473, 0.001773, 0.001587, 0.001745, 0.001566, 0.001827, 0.001581, 0.001783, 0.001512, 0.001586, 0.001455, 0.001509, 0.001375, 0.001469, 0.001281, 0.001514, 0.001317, 0.001313, 0.001199, 0.001155, 0.001120, 0.001168, 0.001117, 0.001155, 0.001148, 0.001191, 0.001092, 0.001117, 0.001234, 0.001168, 0.001221, 0.001199, 0.001234, 0.001168, 0.001288, 0.001121, 0.001256, 0.001217, 0.001290, 0.001149, 0.001432, 0.001320, 0.001453, 0.001290, 0.001353, 0.001240, 0.001278, 0.001149, 0.001266
11 , 3, 3, 3, 3, 3, 3, 3
11 , 0.014019, 0.014153, 0.013950, 0.013655, 0.013505, 0.012799, 0.011957
12 , 0.001566, 0.001827, 0.001581, 0.001783, 0.001512, 0.001586, 0.001455, 0.001509, 0.001375, 0.001469, 0.001281, 0.001514, 0.001317, 0.001313, 0.001199, 0.001155, 0.001120, 0.001168, 0.001117, 0.001155, 0.001148, 0.001191, 0.001092, 0.001117, 0.001234, 0.001168, 0.001221, 0.001199, 0.001234, 0.001168, 0.001288, 0.001121, 0.001256, 0.001217, 0.001290, 0.001149, 0.001432, 0.001320, 0.001453, 0.001290, 0.001353, 0.001240, 0.001278, 0.001149, 0.001266, 0.001159, 0.001376, 0.001257, 0.001405, 0.001317, 0.001380, 0.001282, 0.001472, 0.001285, 0.001378, 0.001326, 0.001352, 0.001263, 0.001539, 0.001387, 0.001396, 0.001328, 0.001408, 0.001295, 0.001302, 0.001370, 0.001372, 0.001320, 0.001318, 0.001331, 0.001280, 0.001259, 0.001226, 0.001355, 0.001245, 0.001364, 0.001184, 0.001334, 0.001236, 0.001214, 0.001212, 0.001285, 0.001163, 0.001268, 0.001079, 0.001320, 0.001067, 0.001313, 0.001226, 0.001383, 0.001185, 0.001333
12 , 1, 1, 1, 1, 1, 1, 1
12 , 0.007150, 0.006408, 0.006277, 0.005388, 0.004735, 0.003330, 0.002934
13 , 0.001376, 0.001257, 0.001405, 0.001317, 0.001380, 0.001282, 0.001472, 0.001285, 0.001378, 0.001326, 0.001352, 0.001263, 0.001539, 0.001387, 0.001396, 0.001328, 0.001408, 0.001295, 0.001302, 0.001370, 0.001372, 0.001320, 0.001318, 0.001331, 0.001280, 0.001259, 0.001226, 0.001355, 0.001245, 0.001364, 0.001184, 0.001334, 0.001236, 0.001214, 0.001212, 0.001285, 0.001163, 0.001268, 0.001079, 0.001320, 0.001067, 0.001313, 0.001226, 0.001383, 0.001185, 0.001333, 0.001274, 0.001456, 0.001357, 0.001505, 0.001496, 0.001438, 0.001314, 0.001440, 0.001381, 0.001600, 0.001396, 0.001367, 0.001335, 0.001367, 0.001402, 0.001326, 0.001304, 0.001374, 0.001348, 0.001322, 0.001355, 0.001198, 0.001357, 0.001264, 0.001336, 0.001308, 0.001254, 0.001130, 0.001369, 0.001242, 0.001390, 0.001294, 0.001334, 0.001346, 0.001461, 0.001298, 0.001513, 0.001363, 0.001511, 0.001283, 0.001555, 0.001366, 0.001515, 0.001381, 0.001545, 0.001454
13 , 1, 1, 1, 1, 2, 2, 2
13 , 0.001985, 0.002539, 0.002334, 0.002486, 0.002588, 0.002948, 0.003322
14 , 0.001314, 0.001440, 0.001381, 0.001600, 0.001396, 0.001367, 0.001335, 0.001367, 0.001402, 0.001326, 0.001304, 0.001374, 0.001348, 0.001322, 0.001355, 0.001198, 0.001357, 0.001264, 0.001336, 0.001308, 0.001254, 0.001130, 0.001369, 0.001242, 0.001390, 0.001294, 0.001334, 0.001346, 0.001461, 0.001298, 0.001513, 0.001363, 0.001511, 0.001283, 0.001555, 0.001366, 0.001515, 0.001381, 0.001545, 0.001454, 0.001667, 0.001462, 0.001478, 0.001446, 0.001472, 0.001387, 0.001498, 0.001432, 0.001424, 0.001448, 0.001546, 0.001430, 0.001285, 0.001450, 0.001337, 0.001309, 0.001315, 0.001275, 0.001104, 0.001315, 0.001142, 0.001323, 0.001145, 0.001315, 0.001094, 0.001259, 0.001102, 0.001315, 0.001145, 0.001363, 0.001178, 0.001328, 0.001252, 0.001301, 0.001137, 0.001430, 0.001255, 0.001341, 0.001232, 0.001437, 0.001278, 0.001369, 0.001272, 0.001420, 0.001330, 0.001365, 0.001233, 0.001385, 0.001385, 0.001330, 0.001409, 0.001279
14 , 3, 0, 0, 0, 0, 0, 0
14 , 0.000912, 0.001328, 0.001773, 0.002869, 0.002990, 0.003752, 0.003991
15 , 0.001285, 0.001450, 0.001337, 0.001309, 0.001315, 0.001275, 0.001104, 0.001315, 0.001142, 0.001323, 0.001145, 0.001315, 0.001094, 0.001259, 0.001102, 0.001315, 0.001145, 0.001363, 0.001178, 0.001328, 0.001252, 0.001301, 0.001137, 0.001430, 0.001255, 0.001341, 0.001232, 0.001437, 0.001278, 0.001369, 0.001272, 0.001420, 0.001330, 0.001365, 0.001233, 0.001385, 0.001385, 0.001330, 0.001409, 0.001279, 0.001336, 0.001464, 0.001344, 0.001411, 0.001442, 0.001403, 0.001529, 0.001375, 0.001507, 0.001318, 0.001537, 0.001328, 0.001461, 0.001430, 0.001526, 0.001219, 0.001413, 0.001326, 0.001290, 0.001137, 0.001345, 0.001193, 0.001275, 0.001072, 0.001361, 0.001098, 0.001264, 0.001199, 0.001211, 0.001206, 0.001264, 0.001105, 0.001280, 0.001329, 0.001268, 0.001231, 0.001278, 0.001217, 0.001292, 0.001283, 0.001304, 0.001354, 0.001198, 0.001348, 0.001289, 0.001387, 0.001193, 0.001408, 0.001400, 0.001463, 0.001348, 0.001387
15 , 3, 3, 3, 3, 0, 0, 0
15 , 0.002470, 0.002222, 0.002327, 0.002298, 0.002941, 0.003439, 0.003383
16 , 0.001328, 0.001461, 0.001430, 0.001526, 0.001219, 0.001413, 0.001326, 0.001290, 0.001137, 0.001345, 0.001193, 0.001275, 0.001072, 0.001361, 0.001098, 0.001264, 0.001199, 0.001211, 0.001206, 0.001264, 0.001105, 0.001280, 0.001329, 0.001268, 0.001231, 0.001278, 0.001217, 0.001292, 0.001283, 0.001304, 0.001354, 0.001198, 0.001348, 0.001289, 0.001387, 0.001193, 0.001408, 0.001400, 0.001463, 0.001348, 0.001387, 0.001224, 0.001454, 0.001139, 0.001370, 0.001241, 0.001402, 0.001196, 0.001355, 0.001296, 0.001317, 0.001095, 0.001278, 0.001182, 0.001315, 0.001207, 0.001388, 0.001224, 0.001391, 0.001291, 0.001391, 0.001361, 0.001274, 0.001304, 0.001333, 0.001300, 0.001274, 0.001400, 0.001315, 0.001411, 0.001261, 0.001287, 0.001252, 0.001250, 0.001183, 0.001311, 0.001230, 0.001263, 0.001295, 0.001511, 0.001261, 0.001419, 0.001258, 0.001417, 0.001198, 0.001391, 0.001167, 0.001450, 0.001321, 0.001448, 0.001378, 0.001382
16 , 2, 0, 0, 0, 0, 0, 0
16 , 0.000381, 0.000527, 0.000672, 0.001313, 0.001063, 0.001643, 0.001982
