0 , 0.001383, 0.001609, 0.001480, 0.001415, 0.001363, 0.001506, 0.001643, 0.001436, 0.001501, 0.001337, 0.001643, 0.001340, 0.001423, 0.001396, 0.001339, 0.001658, 0.001434, 0.001331, 0.001379, 0.001600, 0.001509, 0.001444, 0.001574, 0.001420, 0.001863, 0.000499, 0.001803, 0.001644, 0.001608, 0.001427, 0.001474, 0.001254, 0.001394, 0.001209, 0.001346, 0.001218, 0.001407, 0.001155, 0.001431, 0.001239, 0.001337, 0.001209, 0.001398, 0.001200, 0.001331, 0.001204, 0.001429, 0.001211, 0.001422, 0.001239, 0.001405, 0.000456, 0.001332, 0.001583, 0.001356, 0.001590, 0.001551, 0.001552, 0.001661, 0.001613, 0.001562, 0.001454, 0.001713, 0.001562, 0.001601, 0.001489, 0.001657, 0.001584, 0.001614, 0.001571, 0.001489, 0.001678, 0.001588, 0.001584, 0.001544, 0.001307, 0.000866, 0.001557, 0.001493, 0.001496, 0.001331, 0.001309, 0.001220, 0.001375, 0.001150, 0.001386, 0.001159, 0.001311, 0.001189, 0.001244, 0.001028, 0.001284
0 , 1, 1, 1, 1, 1, 1, 1
0 , 0.001598, 0.002864, 0.004636, 0.005263, 0.006819, 0.007165, 0.009009
1 , 0.001332, 0.001583, 0.001356, 0.001590, 0.001551, 0.001552, 0.001661, 0.001613, 0.001562, 0.001454, 0.001713, 0.001562, 0.001601, 0.001489, 0.001657, 0.001584, 0.001614, 0.001571, 0.001489, 0.001678, 0.001588, 0.001584, 0.001544, 0.001307, 0.000866, 0.001557, 0.001493, 0.001496, 0.001331, 0.001309, 0.001220, 0.001375, 0.001150, 0.001386, 0.001159, 0.001311, 0.001189, 0.001244, 0.001028, 0.001284, 0.001143, 0.001216, 0.001091, 0.001192, 0.001107, 0.001174, 0.001222, 0.000327, 0.001512, 0.001536, 0.001474, 0.001732, 0.001503, 0.001608, 0.001332, 0.001674, 0.001609, 0.001717, 0.001627, 0.001571, 0.001687, 0.001635, 0.001665, 0.001466, 0.001807, 0.001669, 0.001496, 0.001600, 0.001599, 0.001653, 0.001459, 0.001831, 0.000354, 0.001463, 0.001700, 0.001548, 0.001609, 0.001367, 0.001457, 0.001270, 0.001452, 0.001281, 0.001415, 0.001294, 0.001485, 0.001344, 0.001470, 0.001309, 0.001309, 0.001393, 0.001529, 0.001379
1 , 1, 1, 1, 1, 1, 1, 1
1 , 0.005973, 0.007681, 0.008880, 0.010686, 0.013976, 0.011267, 0.010040
2 , 0.001474, 0.001732, 0.001503, 0.001608, 0.001332, 0.001674, 0.001609, 0.001717, 0.001627, 0.001571, 0.001687, 0.001635, 0.001665, 0.001466, 0.001807, 0.001669, 0.001496, 0.001600, 0.001599, 0.001653, 0.001459, 0.001831, 0.000354, 0.001463, 0.001700, 0.001548, 0.001609, 0.001367, 0.001457, 0.001270, 0.001452, 0.001281, 0.001415, 0.001294, 0.001485, 0.001344, 0.001470, 0.001309, 0.001309, 0.001393, 0.001529, 0.001379, 0.001476, 0.001424, 0.001457, 0.001228, 0.001430, 0.000830, 0.000862, 0.001536, 0.001580, 0.001504, 0.001666, 0.001626, 0.001578, 0.001629, 0.001652, 0.001747, 0.001810, 0.001819, 0.001699, 0.001770, 0.001563, 0.001684, 0.001693, 0.001762, 0.001789, 0.001548, 0.001669, 0.001561, 0.001686, 0.001851, 0.000573, 0.001572, 0.001454, 0.001461, 0.001220, 0.001368, 0.001200, 0.001415, 0.001315, 0.001315, 0.001230, 0.001363, 0.001227, 0.001274, 0.001196, 0.001393, 0.001295, 0.001124, 0.001131, 0.001213
2 , 1, 1, 1, 1, 1, 1, 1
2 , 0.007397, 0.009678, 0.010620, 0.012046, 0.012067, 0.011369, 0.012140
3 , 0.001666, 0.001626, 0.001578, 0.001629, 0.001652, 0.001747, 0.001810, 0.001819, 0.001699, 0.001770, 0.001563, 0.001684, 0.001693, 0.001762, 0.001789, 0.001548, 0.001669, 0.001561, 0.001686, 0.001851, 0.000573, 0.001572, 0.001454, 0.001461, 0.001220, 0.001368, 0.001200, 0.001415, 0.001315, 0.001315, 0.001230, 0.001363, 0.001227, 0.001274, 0.001196, 0.001393, 0.001295, 0.001124, 0.001131, 0.001213, 0.001255, 0.001313, 0.001199, 0.001306, 0.000424, 0.001320, 0.001423, 0.001587, 0.001552, 0.001508, 0.001705, 0.001645, 0.001706, 0.001495, 0.001738, 0.001596, 0.001552, 0.001644, 0.001666, 0.001683, 0.001441, 0.001566, 0.001467, 0.001631, 0.001687, 0.001600, 0.001562, 0.001616, 0.001605, 0.000845, 0.001625, 0.001554, 0.001535, 0.001387, 0.001624, 0.001460, 0.001447, 0.001422, 0.001620, 0.001533, 0.001668, 0.001534, 0.001621, 0.001646, 0.001746, 0.001675, 0.001775, 0.001636, 0.001648, 0.001564, 0.001505, 0.001365
3 , 2, 1, 2, 1, 1, 1, 1
3 , 0.009037, 0.011484, 0.008939, 0.009275, 0.009100, 0.008829, 0.009052
4 , 0.001587, 0.001552, 0.001508, 0.001705, 0.001645, 0.001706, 0.001495, 0.001738, 0.001596, 0.001552, 0.001644, 0.001666, 0.001683, 0.001441, 0.001566, 0.001467, 0.001631, 0.001687, 0.001600, 0.001562, 0.001616, 0.001605, 0.000845, 0.001625, 0.001554, 0.001535, 0.001387, 0.001624, 0.001460, 0.001447, 0.001422, 0.001620, 0.001533, 0.001668, 0.001534, 0.001621, 0.001646, 0.001746, 0.001675, 0.001775, 0.001636, 0.001648, 0.001564, 0.001505, 0.001365, 0.001350, 0.001533, 0.000396, 0.001543, 0.001353, 0.001735, 0.001712, 0.001829, 0.001795, 0.001890, 0.002025, 0.001880, 0.001929, 0.001693, 0.001956, 0.001689, 0.001877, 0.001736, 0.001747, 0.001886, 0.001696, 0.001756, 0.001622, 0.001812, 0.001715, 0.001673, 0.001718, 0.000142, 0.001435, 0.001583, 0.001487, 0.001429, 0.001246, 0.001333, 0.001348, 0.001352, 0.001254, 0.001404, 0.001365, 0.001461, 0.001402, 0.001350, 0.001305, 0.001270, 0.001242, 0.001383, 0.001294
4 , 3, 1, 1, 1, 1, 1, 1
4 , 0.006966, 0.008048, 0.009307, 0.010082, 0.011418, 0.008983, 0.009372
5 , 0.001735, 0.001712, 0.001829, 0.001795, 0.001890, 0.002025, 0.001880, 0.001929, 0.001693, 0.001956, 0.001689, 0.001877, 0.001736, 0.001747, 0.001886, 0.001696, 0.001756, 0.001622, 0.001812, 0.001715, 0.001673, 0.001718, 0.000142, 0.001435, 0.001583, 0.001487, 0.001429, 0.001246, 0.001333, 0.001348, 0.001352, 0.001254, 0.001404, 0.001365, 0.001461, 0.001402, 0.001350, 0.001305, 0.001270, 0.001242, 0.001383, 0.001294, 0.001409, 0.001331, 0.001376, 0.000885, 0.000785, 0.001406, 0.001316, 0.001346, 0.001597, 0.001381, 0.001484, 0.001459, 0.001515, 0.001381, 0.001472, 0.001528, 0.001519, 0.001618, 0.001497, 0.001726, 0.001505, 0.001687, 0.001601, 0.001652, 0.001561, 0.001647, 0.001596, 0.001885, 0.000592, 0.001472, 0.001413, 0.001522, 0.001463, 0.001418, 0.001389, 0.001294, 0.001257, 0.001287, 0.001270, 0.001363, 0.001302, 0.001357, 0.001418, 0.001418, 0.001363, 0.001276, 0.001426, 0.001324, 0.001478, 0.001294
5 , 1, 1, 1, 1, 1, 1, 1
5 , 0.009793, 0.011943, 0.014267, 0.014669, 0.011960, 0.011998, 0.012330
6 , 0.001346, 0.001597, 0.001381, 0.001484, 0.001459, 0.001515, 0.001381, 0.001472, 0.001528, 0.001519, 0.001618, 0.001497, 0.001726, 0.001505, 0.001687, 0.001601, 0.001652, 0.001561, 0.001647, 0.001596, 0.001885, 0.000592, 0.001472, 0.001413, 0.001522, 0.001463, 0.001418, 0.001389, 0.001294, 0.001257, 0.001287, 0.001270, 0.001363, 0.001302, 0.001357, 0.001418, 0.001418, 0.001363, 0.001276, 0.001426, 0.001324, 0.001478, 0.001294, 0.001389, 0.001316, 0.001357, 0.001387, 0.000209, 0.001264, 0.001402, 0.001381, 0.001320, 0.001588, 0.001380, 0.001484, 0.001380, 0.001492, 0.001596, 0.001536, 0.001514, 0.001389, 0.001461, 0.001483, 0.001552, 0.001548, 0.001440, 0.001535, 0.001362, 0.001549, 0.001370, 0.001510, 0.001523, 0.001074, 0.001781, 0.001546, 0.001474, 0.001600, 0.001514, 0.001429, 0.001364, 0.001435, 0.001405, 0.001381, 0.001399, 0.001462, 0.001389, 0.001443, 0.001291, 0.001482, 0.001470, 0.001614, 0.001546
6 , 2, 2, 2, 2, 1, 2, 2
6 , 0.004041, 0.004820, 0.006058, 0.004451, 0.004717, 0.005053, 0.004906
7 , 0.001264, 0.001402, 0.001381, 0.001320, 0.001588, 0.001380, 0.001484, 0.001380, 0.001492, 0.001596, 0.001536, 0.001514, 0.001389, 0.001461, 0.001483, 0.001552, 0.001548, 0.001440, 0.001535, 0.001362, 0.001549, 0.001370, 0.001510, 0.001523, 0.001074, 0.001781, 0.001546, 0.001474, 0.001600, 0.001514, 0.001429, 0.001364, 0.001435, 0.001405, 0.001381, 0.001399, 0.001462, 0.001389, 0.001443, 0.001291, 0.001482, 0.001470, 0.001614, 0.001546, 0.001629, 0.001340, 0.001752, 0.000508, 0.000971, 0.001139, 0.001197, 0.001186, 0.001256, 0.001210, 0.001484, 0.001282, 0.001541, 0.001314, 0.001564, 0.001543, 0.001470, 0.001518, 0.001424, 0.001623, 0.001532, 0.001713, 0.001596, 0.001467, 0.001704, 0.001549, 0.001545, 0.001528, 0.001510, 0.001772, 0.000358, 0.001842, 0.001602, 0.001565, 0.001527, 0.001466, 0.001428, 0.001490, 0.001494, 0.001458, 0.001517, 0.001513, 0.001509, 0.001505, 0.001452, 0.001483, 0.001513, 0.001426
7 , 0, 0, 0, 0, 2, 2, 1
7 , 0.003788, 0.003753, 0.003138, 0.002445, 0.001710, 0.001709, 0.001683
8 , 0.001752, 0.000508, 0.000971, 0.001139, 0.001197, 0.001186, 0.001256, 0.001210, 0.001484, 0.001282, 0.001541, 0.001314, 0.001564, 0.001543, 0.001470, 0.001518, 0.001424, 0.001623, 0.001532, 0.001713, 0.001596, 0.001467, 0.001704, 0.001549, 0.001545, 0.001528, 0.001510, 0.001772, 0.000358, 0.001842, 0.001602, 0.001565, 0.001527, 0.001466, 0.001428, 0.001490, 0.001494, 0.001458, 0.001517, 0.001513, 0.001509, 0.001505, 0.001452, 0.001483, 0.001513, 0.001426, 0.001612, 0.001375, 0.001437, 0.001456, 0.001487, 0.001361, 0.001517, 0.001414, 0.001507, 0.001416, 0.001627, 0.001380, 0.001650, 0.001546, 0.001576, 0.001447, 0.001666, 0.001453, 0.001730, 0.001549, 0.001707, 0.001478, 0.001609, 0.001515, 0.001625, 0.001441, 0.001663, 0.001443, 0.001546, 0.001458, 0.001510, 0.001411, 0.001417, 0.001299, 0.001462, 0.001346, 0.001557, 0.001307, 0.001328, 0.001357, 0.001394, 0.001307, 0.001457, 0.001359, 0.001452, 0.001344
8 , 3, 3, 3, 3, 3, 3, 3
8 , 0.004696, 0.004674, 0.004689, 0.005001, 0.004855, 0.004185, 0.003451
9 , 0.001456, 0.001487, 0.001361, 0.001517, 0.001414, 0.001507, 0.001416, 0.001627, 0.001380, 0.001650, 0.001546, 0.001576, 0.001447, 0.001666, 0.001453, 0.001730, 0.001549, 0.001707, 0.001478, 0.001609, 0.001515, 0.001625, 0.001441, 0.001663, 0.001443, 0.001546, 0.001458, 0.001510, 0.001411, 0.001417, 0.001299, 0.001462, 0.001346, 0.001557, 0.001307, 0.001328, 0.001357, 0.001394, 0.001307, 0.001457, 0.001359, 0.001452, 0.001344, 0.001370, 0.001407, 0.001500, 0.001407, 0.001368, 0.001523, 0.001403, 0.001468, 0.001296, 0.001331, 0.001331, 0.001457, 0.001243, 0.001378, 0.001250, 0.001439, 0.001343, 0.001350, 0.001193, 0.001404, 0.001207, 0.001415, 0.001309, 0.001370, 0.001287, 0.001441, 0.001405, 0.001594, 0.001428, 0.001610, 0.001422, 0.001580, 0.001446, 0.001667, 0.001445, 0.001570, 0.001564, 0.001673, 0.001389, 0.001671, 0.001424, 0.001488, 0.001456, 0.001527, 0.001492, 0.001531, 0.001389, 0.001449, 0.001508
9 , 2, 2, 2, 2, 2, 2, 2
9 , 0.005291, 0.005402, 0.005697, 0.005832, 0.005882, 0.005979, 0.006120
10 , 0.001331, 0.001331, 0.001457, 0.001243, 0.001378, 0.001250, 0.001439, 0.001343, 0.001350, 0.001193, 0.001404, 0.001207, 0.001415, 0.001309, 0.001370, 0.001287, 0.001441, 0.001405, 0.001594, 0.001428, 0.001610, 0.001422, 0.001580, 0.001446, 0.001667, 0.001445, 0.001570, 0.001564, 0.001673, 0.001389, 0.001671, 0.001424, 0.001488, 0.001456, 0.001527, 0.001492, 0.001531, 0.001389, 0.001449, 0.001508, 0.001480, 0.001478, 0.001460, 0.001296, 0.001387, 0.001372, 0.001268, 0.001429, 0.001361, 0.001361, 0.001324, 0.001481, 0.001346, 0.001376, 0.001367, 0.001483, 0.001442, 0.001446, 0.001247, 0.001458, 0.001330, 0.001458, 0.001447, 0.001632, 0.001283, 0.001525, 0.001428, 0.001553, 0.001365, 0.001565, 0.001279, 0.001523, 0.001485, 0.001519, 0.001401, 0.001555, 0.001437, 0.001478, 0.001291, 0.001336, 0.001320, 0.001426, 0.001331, 0.001376, 0.001335, 0.001307, 0.001366, 0.001342, 0.001351, 0.001388, 0.001337, 0.001283
10 , 3, 3, 3, 3, 3, 3, 3
10 , 0.003460, 0.003349, 0.003390, 0.003118, 0.002991, 0.003058, 0.002909
11 , 0.001268, 0.001429, 0.001361, 0.001361, 0.001324, 0.001481, 0.001346, 0.001376, 0.001367, 0.001483, 0.001442, 0.001446, 0.001247, 0.001458, 0.001330, 0.001458, 0.001447, 0.001632, 0.001283, 0.001525, 0.001428, 0.001553, 0.001365, 0.001565, 0.001279, 0.001523, 0.001485, 0.001519, 0.001401, 0.001555, 0.001437, 0.001478, 0.001291, 0.001336, 0.001320, 0.001426, 0.001331, 0.001376, 0.001335, 0.001307, 0.001366, 0.001342, 0.001351, 0.001388, 0.001337, 0.001283, 0.001344, 0.001339, 0.001309, 0.001241, 0.001248, 0.001213, 0.001428, 0.001264, 0.001379, 0.001363, 0.001433, 0.001181, 0.001394, 0.001200, 0.001589, 0.001372, 0.001437, 0.001300, 0.001498, 0.001313, 0.001533, 0.001315, 0.001409, 0.001278, 0.001439, 0.001278, 0.001406, 0.001398, 0.001530, 0.001339, 0.001524, 0.001463, 0.001461, 0.001402, 0.001433, 0.001363, 0.001355, 0.001401, 0.001362, 0.001415, 0.001466, 0.001464, 0.001418, 0.001507, 0.001595, 0.001650
11 , 0, 0, 2, 2, 2, 2, 2
11 , 0.001983, 0.001593, 0.001959, 0.002465, 0.002983, 0.003488, 0.003407
12 , 0.001213, 0.001428, 0.001264, 0.001379, 0.001363, 0.001433, 0.001181, 0.001394, 0.001200, 0.001589, 0.001372, 0.001437, 0.001300, 0.001498, 0.001313, 0.001533, 0.001315, 0.001409, 0.001278, 0.001439, 0.001278, 0.001406, 0.001398, 0.001530, 0.001339, 0.001524, 0.001463, 0.001461, 0.001402, 0.001433, 0.001363, 0.001355, 0.001401, 0.001362, 0.001415, 0.001466, 0.001464, 0.001418, 0.001507, 0.001595, 0.001650, 0.001612, 0.001616, 0.001517, 0.001646, 0.001496, 0.001631, 0.001382, 0.001629, 0.001610, 0.001592, 0.001443, 0.001618, 0.001377, 0.001435, 0.001429, 0.001529, 0.001421, 0.001403, 0.001289, 0.001507, 0.001289, 0.001361, 0.001304, 0.001470, 0.001376, 0.001507, 0.001374, 0.001472, 0.001357, 0.001337, 0.001196, 0.001295, 0.001304, 0.001222, 0.001276, 0.001213, 0.001330, 0.001290, 0.001388, 0.001309, 0.001356, 0.001255, 0.001351, 0.001252, 0.001320, 0.001192, 0.001473, 0.001269, 0.001269, 0.001187, 0.001468
12 , 3, 3, 3, 3, 3, 3, 3
12 , 0.006028, 0.006133, 0.006343, 0.005985, 0.005609, 0.005194, 0.005087
13 , 0.001629, 0.001610, 0.001592, 0.001443, 0.001618, 0.001377, 0.001435, 0.001429, 0.001529, 0.001421, 0.001403, 0.001289, 0.001507, 0.001289, 0.001361, 0.001304, 0.001470, 0.001376, 0.001507, 0.001374, 0.001472, 0.001357, 0.001337, 0.001196, 0.001295, 0.001304, 0.001222, 0.001276, 0.001213, 0.001330, 0.001290, 0.001388, 0.001309, 0.001356, 0.001255, 0.001351, 0.001252, 0.001320, 0.001192, 0.001473, 0.001269, 0.001269, 0.001187, 0.001468, 0.001185, 0.001372, 0.001300, 0.001490, 0.001315, 0.001406, 0.001420, 0.001546, 0.001438, 0.001551, 0.001336, 0.001506, 0.001462, 0.001549, 0.001450, 0.001692, 0.001654, 0.001601, 0.001471, 0.001559, 0.001673, 0.001614, 0.001614, 0.001584, 0.001561, 0.001479, 0.001547, 0.001561, 0.001665, 0.001547, 0.001496, 0.001383, 0.001424, 0.001370, 0.001444, 0.001283, 0.001474, 0.001404, 0.001594, 0.001420, 0.001481, 0.001346, 0.001504, 0.001322, 0.001490, 0.001387, 0.001524, 0.001400
13 , 1, 1, 1, 1, 1, 1, 1
13 , 0.004341, 0.004957, 0.004958, 0.005384, 0.005133, 0.005364, 0.005265
14 , 0.001406, 0.001420, 0.001546, 0.001438, 0.001551, 0.001336, 0.001506, 0.001462, 0.001549, 0.001450, 0.001692, 0.001654, 0.001601, 0.001471, 0.001559, 0.001673, 0.001614, 0.001614, 0.001584, 0.001561, 0.001479, 0.001547, 0.001561, 0.001665, 0.001547, 0.001496, 0.001383, 0.001424, 0.001370, 0.001444, 0.001283, 0.001474, 0.001404, 0.001594, 0.001420, 0.001481, 0.001346, 0.001504, 0.001322, 0.001490, 0.001387, 0.001524, 0.001400, 0.001440, 0.001251, 0.001377, 0.001316, 0.001447, 0.001353, 0.001412, 0.001375, 0.001340, 0.001363, 0.001457, 0.001359, 0.001426, 0.001431, 0.001509, 0.001500, 0.001402, 0.001554, 0.001430, 0.001568, 0.001529, 0.001699, 0.001500, 0.001468, 0.001437, 0.001592, 0.001488, 0.001783, 0.001443, 0.001553, 0.001525, 0.001645, 0.001397, 0.001710, 0.001614, 0.001685, 0.001454, 0.001555, 0.001391, 0.001571, 0.001508, 0.001500, 0.001431, 0.001563, 0.001355, 0.001454, 0.001355, 0.001541, 0.001424
14 , 2, 2, 2, 2, 2, 2, 2
14 , 0.003298, 0.003290, 0.003323, 0.002960, 0.003306, 0.003683, 0.003570
15 , 0.001340, 0.001363, 0.001457, 0.001359, 0.001426, 0.001431, 0.001509, 0.001500, 0.001402, 0.001554, 0.001430, 0.001568, 0.001529, 0.001699, 0.001500, 0.001468, 0.001437, 0.001592, 0.001488, 0.001783, 0.001443, 0.001553, 0.001525, 0.001645, 0.001397, 0.001710, 0.001614, 0.001685, 0.001454, 0.001555, 0.001391, 0.001571, 0.001508, 0.001500, 0.001431, 0.001563, 0.001355, 0.001454, 0.001355, 0.001541, 0.001424, 0.001515, 0.001574, 0.001389, 0.001448, 0.001552, 0.001378, 0.001472, 0.001552, 0.001396, 0.001398, 0.001309, 0.001437, 0.001367, 0.001341, 0.001322, 0.001370, 0.001361, 0.001367, 0.001352, 0.001529, 0.001379, 0.001476, 0.001352, 0.001391, 0.001287, 0.001405, 0.001399, 0.001519, 0.001322, 0.001571, 0.001395, 0.001523, 0.001328, 0.001460, 0.001397, 0.001464, 0.001476, 0.001557, 0.001572, 0.001688, 0.001616, 0.001673, 0.001549, 0.001610, 0.001637, 0.001609, 0.001648, 0.001623, 0.001604, 0.001513, 0.001409
15 , 0, 0, 0, 0, 0, 2, 2
15 , 0.004339, 0.003589, 0.004090, 0.003381, 0.003183, 0.003543, 0.003472
16 , 0.001378, 0.001472, 0.001552, 0.001396, 0.001398, 0.001309, 0.001437, 0.001367, 0.001341, 0.001322, 0.001370, 0.001361, 0.001367, 0.001352, 0.001529, 0.001379, 0.001476, 0.001352, 0.001391, 0.001287, 0.001405, 0.001399, 0.001519, 0.001322, 0.001571, 0.001395, 0.001523, 0.001328, 0.001460, 0.001397, 0.001464, 0.001476, 0.001557, 0.001572, 0.001688, 0.001616, 0.001673, 0.001549, 0.001610, 0.001637, 0.001609, 0.001648, 0.001623, 0.001604, 0.001513, 0.001409, 0.001358, 0.001551, 0.001247, 0.001389, 0.001246, 0.001476, 0.001437, 0.001450, 0.001270, 0.001370, 0.001305, 0.001346, 0.001190, 0.001423, 0.001375, 0.001407, 0.001181, 0.001426, 0.001235, 0.001459, 0.001233, 0.001248, 0.001316, 0.001438, 0.001286, 0.001321, 0.001316, 0.001377, 0.001354, 0.001343, 0.001389, 0.001498, 0.001368, 0.001277, 0.001464, 0.001470, 0.001389, 0.001298, 0.001454, 0.001394, 0.001559, 0.001439, 0.001422, 0.001328, 0.001400, 0.001276
16 , 0, 0, 0, 0, 0, 0, 0
16 , 0.003621, 0.004159, 0.004140, 0.004316, 0.004643, 0.004689, 0.004706
