0 , 0.000217, 0.001382, 0.001478, 0.001245, 0.001526, 0.001564, 0.001607, 0.001323, 0.001595, 0.001690, 0.001651, 0.001625, 0.001478, 0.001806, 0.001551, 0.001681, 0.001534, 0.001547, 0.001741, 0.001586, 0.001625, 0.001447, 0.001668, 0.001490, 0.001770, 0.000506, 0.001515, 0.001526, 0.001452, 0.001512, 0.001371, 0.001384, 0.001260, 0.001382, 0.001207, 0.001419, 0.001204, 0.001314, 0.001119, 0.001207, 0.000984, 0.001088, 0.000800, 0.001019, 0.000909, 0.000893, 0.000844, 0.000932, 0.000758, 0.001038, 0.000455, 0.001315, 0.001907, 0.001821, 0.001575, 0.001793, 0.001852, 0.001792, 0.001809, 0.001634, 0.001654, 0.001473, 0.001586, 0.001482, 0.001672, 0.001499, 0.001408, 0.001365, 0.001330, 0.001641, 0.001438, 0.001490, 0.001465, 0.001392, 0.001883, 0.000505, 0.001798, 0.001580, 0.001671, 0.001438, 0.001477, 0.001212, 0.001272, 0.001204, 0.001277, 0.001092, 0.001340, 0.001188, 0.001251, 0.001087, 0.001216, 0.001174
0 , 1, 1, 1, 1, 1, 1, 1
0 , 0.003992, 0.005521, 0.007650, 0.009274, 0.012205, 0.014142, 0.015593
1 , 0.001907, 0.001821, 0.001575, 0.001793, 0.001852, 0.001792, 0.001809, 0.001634, 0.001654, 0.001473, 0.001586, 0.001482, 0.001672, 0.001499, 0.001408, 0.001365, 0.001330, 0.001641, 0.001438, 0.001490, 0.001465, 0.001392, 0.001883, 0.000505, 0.001798, 0.001580, 0.001671, 0.001438, 0.001477, 0.001212, 0.001272, 0.001204, 0.001277, 0.001092, 0.001340, 0.001188, 0.001251, 0.001087, 0.001216, 0.001174, 0.001305, 0.001073, 0.001319, 0.001247, 0.001315, 0.001235, 0.001289, 0.000630, 0.001365, 0.001491, 0.001368, 0.001452, 0.001380, 0.001619, 0.001527, 0.001708, 0.001540, 0.001657, 0.001705, 0.001726, 0.001726, 0.001479, 0.001795, 0.001580, 0.001687, 0.001664, 0.001646, 0.001894, 0.001708, 0.001818, 0.001651, 0.001556, 0.000988, 0.001705, 0.001449, 0.001423, 0.001330, 0.001375, 0.001212, 0.001371, 0.001267, 0.001478, 0.001167, 0.001297, 0.001321, 0.001360, 0.001200, 0.001389, 0.001317, 0.001415, 0.001198, 0.001364
1 , 1, 1, 1, 1, 1, 1, 1
1 , 0.007679, 0.008992, 0.011436, 0.012263, 0.014710, 0.011688, 0.012758
2 , 0.001368, 0.001452, 0.001380, 0.001619, 0.001527, 0.001708, 0.001540, 0.001657, 0.001705, 0.001726, 0.001726, 0.001479, 0.001795, 0.001580, 0.001687, 0.001664, 0.001646, 0.001894, 0.001708, 0.001818, 0.001651, 0.001556, 0.000988, 0.001705, 0.001449, 0.001423, 0.001330, 0.001375, 0.001212, 0.001371, 0.001267, 0.001478, 0.001167, 0.001297, 0.001321, 0.001360, 0.001200, 0.001389, 0.001317, 0.001415, 0.001198, 0.001364, 0.001265, 0.001458, 0.001380, 0.001329, 0.001362, 0.000503, 0.001344, 0.001309, 0.001391, 0.001456, 0.001464, 0.001508, 0.001494, 0.001681, 0.001603, 0.001663, 0.001620, 0.001814, 0.001740, 0.001654, 0.001628, 0.001473, 0.001745, 0.001667, 0.001719, 0.001547, 0.001542, 0.001573, 0.001533, 0.001742, 0.000382, 0.001403, 0.001545, 0.001334, 0.001409, 0.001447, 0.001360, 0.001304, 0.001319, 0.001132, 0.001275, 0.001277, 0.001369, 0.001325, 0.001364, 0.001266, 0.001327, 0.001325, 0.001210, 0.001184
2 , 1, 1, 1, 1, 1, 1, 1
2 , 0.007839, 0.009844, 0.011056, 0.011836, 0.013715, 0.012530, 0.012850
3 , 0.001391, 0.001456, 0.001464, 0.001508, 0.001494, 0.001681, 0.001603, 0.001663, 0.001620, 0.001814, 0.001740, 0.001654, 0.001628, 0.001473, 0.001745, 0.001667, 0.001719, 0.001547, 0.001542, 0.001573, 0.001533, 0.001742, 0.000382, 0.001403, 0.001545, 0.001334, 0.001409, 0.001447, 0.001360, 0.001304, 0.001319, 0.001132, 0.001275, 0.001277, 0.001369, 0.001325, 0.001364, 0.001266, 0.001327, 0.001325, 0.001210, 0.001184, 0.001208, 0.001219, 0.001386, 0.000809, 0.001079, 0.001629, 0.001495, 0.001448, 0.001602, 0.001550, 0.001741, 0.001547, 0.001668, 0.001698, 0.001629, 0.001577, 0.001387, 0.001655, 0.001594, 0.001668, 0.001374, 0.001543, 0.001581, 0.001569, 0.001590, 0.001482, 0.001603, 0.001877, 0.000436, 0.001664, 0.001358, 0.001498, 0.001391, 0.001323, 0.001323, 0.001397, 0.001326, 0.001304, 0.001336, 0.001310, 0.001312, 0.001310, 0.001253, 0.001273, 0.001415, 0.001406, 0.001380, 0.001348, 0.001411, 0.001317
3 , 1, 1, 1, 1, 1, 1, 1
3 , 0.008540, 0.010270, 0.012717, 0.012288, 0.010320, 0.010112, 0.010655
4 , 0.001495, 0.001448, 0.001602, 0.001550, 0.001741, 0.001547, 0.001668, 0.001698, 0.001629, 0.001577, 0.001387, 0.001655, 0.001594, 0.001668, 0.001374, 0.001543, 0.001581, 0.001569, 0.001590, 0.001482, 0.001603, 0.001877, 0.000436, 0.001664, 0.001358, 0.001498, 0.001391, 0.001323, 0.001323, 0.001397, 0.001326, 0.001304, 0.001336, 0.001310, 0.001312, 0.001310, 0.001253, 0.001273, 0.001415, 0.001406, 0.001380, 0.001348, 0.001411, 0.001317, 0.001413, 0.001285, 0.001182, 0.001330, 0.000355, 0.001231, 0.001210, 0.001331, 0.001271, 0.001482, 0.001443, 0.001413, 0.001413, 0.001477, 0.001644, 0.001368, 0.001431, 0.001298, 0.001520, 0.001425, 0.001353, 0.001447, 0.001340, 0.001681, 0.001544, 0.001541, 0.001471, 0.001646, 0.001518, 0.001098, 0.001669, 0.001488, 0.001462, 0.001310, 0.001321, 0.001347, 0.001291, 0.001171, 0.001228, 0.001252, 0.001134, 0.001243, 0.001273, 0.001327, 0.001201, 0.001266, 0.001232, 0.001269
4 , 2, 1, 1, 1, 1, 1, 1
4 , 0.003892, 0.004338, 0.005746, 0.007181, 0.005981, 0.008868, 0.008524
5 , 0.001331, 0.001271, 0.001482, 0.001443, 0.001413, 0.001413, 0.001477, 0.001644, 0.001368, 0.001431, 0.001298, 0.001520, 0.001425, 0.001353, 0.001447, 0.001340, 0.001681, 0.001544, 0.001541, 0.001471, 0.001646, 0.001518, 0.001098, 0.001669, 0.001488, 0.001462, 0.001310, 0.001321, 0.001347, 0.001291, 0.001171, 0.001228, 0.001252, 0.001134, 0.001243, 0.001273, 0.001327, 0.001201, 0.001266, 0.001232, 0.001269, 0.001210, 0.001319, 0.001193, 0.001549, 0.000321, 0.001157, 0.001219, 0.001599, 0.001408, 0.001555, 0.001387, 0.001497, 0.001423, 0.001552, 0.001471, 0.001449, 0.001550, 0.001391, 0.001498, 0.001357, 0.001572, 0.001482, 0.001468, 0.001429, 0.001335, 0.001619, 0.001353, 0.001570, 0.001486, 0.001365, 0.001594, 0.000420, 0.001837, 0.001580, 0.001504, 0.001315, 0.001439, 0.001413, 0.001425, 0.001421, 0.001394, 0.001396, 0.001492, 0.001398, 0.001386, 0.001293, 0.001380, 0.001297, 0.001376, 0.001281, 0.001398
5 , 1, 1, 1, 1, 1, 1, 1
5 , 0.001513, 0.002767, 0.005877, 0.006720, 0.006968, 0.005345, 0.006223
6 , 0.001555, 0.001387, 0.001497, 0.001423, 0.001552, 0.001471, 0.001449, 0.001550, 0.001391, 0.001498, 0.001357, 0.001572, 0.001482, 0.001468, 0.001429, 0.001335, 0.001619, 0.001353, 0.001570, 0.001486, 0.001365, 0.001594, 0.000420, 0.001837, 0.001580, 0.001504, 0.001315, 0.001439, 0.001413, 0.001425, 0.001421, 0.001394, 0.001396, 0.001492, 0.001398, 0.001386, 0.001293, 0.001380, 0.001297, 0.001376, 0.001281, 0.001398, 0.001368, 0.001331, 0.001474, 0.001376, 0.001431, 0.001372, 0.001487, 0.001452, 0.001441, 0.001407, 0.001445, 0.001441, 0.001530, 0.001371, 0.001527, 0.001494, 0.001603, 0.001330, 0.001492, 0.001372, 0.001502, 0.001360, 0.001524, 0.001309, 0.001421, 0.001210, 0.001238, 0.001156, 0.001347, 0.001223, 0.001363, 0.001155, 0.001382, 0.001087, 0.001368, 0.001171, 0.001370, 0.001089, 0.001274, 0.001197, 0.001326, 0.001085, 0.001267, 0.001247, 0.001301, 0.001203, 0.001390, 0.001256, 0.001416, 0.001284
6 , 1, 1, 1, 1, 1, 1, 1
6 , 0.005723, 0.005749, 0.005023, 0.005350, 0.002883, 0.003633, 0.003276
7 , 0.001372, 0.001487, 0.001452, 0.001441, 0.001407, 0.001445, 0.001441, 0.001530, 0.001371, 0.001527, 0.001494, 0.001603, 0.001330, 0.001492, 0.001372, 0.001502, 0.001360, 0.001524, 0.001309, 0.001421, 0.001210, 0.001238, 0.001156, 0.001347, 0.001223, 0.001363, 0.001155, 0.001382, 0.001087, 0.001368, 0.001171, 0.001370, 0.001089, 0.001274, 0.001197, 0.001326, 0.001085, 0.001267, 0.001247, 0.001301, 0.001203, 0.001390, 0.001256, 0.001416, 0.001284, 0.001454, 0.001291, 0.001425, 0.001496, 0.001413, 0.001378, 0.001537, 0.001348, 0.001409, 0.001433, 0.001470, 0.001419, 0.001453, 0.001431, 0.001413, 0.001452, 0.001277, 0.001347, 0.001375, 0.001442, 0.001253, 0.001408, 0.001260, 0.001484, 0.001329, 0.001432, 0.001184, 0.001282, 0.001234, 0.001419, 0.001286, 0.001569, 0.001347, 0.001477, 0.001284, 0.001406, 0.001190, 0.001419, 0.001358, 0.001493, 0.001245, 0.001378, 0.001375, 0.001439, 0.001249, 0.001284, 0.001210
7 , 1, 1, 1, 1, 1, 1, 1
7 , 0.005034, 0.005553, 0.005065, 0.005182, 0.004264, 0.003766, 0.003033
8 , 0.001425, 0.001496, 0.001413, 0.001378, 0.001537, 0.001348, 0.001409, 0.001433, 0.001470, 0.001419, 0.001453, 0.001431, 0.001413, 0.001452, 0.001277, 0.001347, 0.001375, 0.001442, 0.001253, 0.001408, 0.001260, 0.001484, 0.001329, 0.001432, 0.001184, 0.001282, 0.001234, 0.001419, 0.001286, 0.001569, 0.001347, 0.001477, 0.001284, 0.001406, 0.001190, 0.001419, 0.001358, 0.001493, 0.001245, 0.001378, 0.001375, 0.001439, 0.001249, 0.001284, 0.001210, 0.001375, 0.001277, 0.001369, 0.001332, 0.001442, 0.001377, 0.001432, 0.001423, 0.001358, 0.001389, 0.001356, 0.001482, 0.001380, 0.001370, 0.001380, 0.001510, 0.001358, 0.001432, 0.001362, 0.001427, 0.001364, 0.001458, 0.001488, 0.001534, 0.001332, 0.001464, 0.001376, 0.001543, 0.001374, 0.001567, 0.001413, 0.001565, 0.001326, 0.001437, 0.001218, 0.001441, 0.001461, 0.001559, 0.001256, 0.001360, 0.001334, 0.001440, 0.001367, 0.001425, 0.001184, 0.001343, 0.001332
8 , 2, 1, 1, 1, 1, 1, 1
8 , 0.001714, 0.001527, 0.001164, 0.001882, 0.001823, 0.002283, 0.001698
9 , 0.001432, 0.001423, 0.001358, 0.001389, 0.001356, 0.001482, 0.001380, 0.001370, 0.001380, 0.001510, 0.001358, 0.001432, 0.001362, 0.001427, 0.001364, 0.001458, 0.001488, 0.001534, 0.001332, 0.001464, 0.001376, 0.001543, 0.001374, 0.001567, 0.001413, 0.001565, 0.001326, 0.001437, 0.001218, 0.001441, 0.001461, 0.001559, 0.001256, 0.001360, 0.001334, 0.001440, 0.001367, 0.001425, 0.001184, 0.001343, 0.001332, 0.001308, 0.001330, 0.001403, 0.001284, 0.001321, 0.001323, 0.001338, 0.001343, 0.001371, 0.001343, 0.001277, 0.001397, 0.001327, 0.001323, 0.001262, 0.001377, 0.001308, 0.001397, 0.001352, 0.001515, 0.001547, 0.001579, 0.001449, 0.001540, 0.001403, 0.001591, 0.001494, 0.001681, 0.001494, 0.001626, 0.001508, 0.001549, 0.001392, 0.001676, 0.001463, 0.001534, 0.001467, 0.001522, 0.001406, 0.001571, 0.001452, 0.001469, 0.001390, 0.001445, 0.001345, 0.001412, 0.001456, 0.001456, 0.001451, 0.001475, 0.001412
9 , 2, 2, 2, 2, 2, 2, 2
9 , 0.002542, 0.002229, 0.002025, 0.001894, 0.001639, 0.001765, 0.001836
10 , 0.001323, 0.001338, 0.001343, 0.001371, 0.001343, 0.001277, 0.001397, 0.001327, 0.001323, 0.001262, 0.001377, 0.001308, 0.001397, 0.001352, 0.001515, 0.001547, 0.001579, 0.001449, 0.001540, 0.001403, 0.001591, 0.001494, 0.001681, 0.001494, 0.001626, 0.001508, 0.001549, 0.001392, 0.001676, 0.001463, 0.001534, 0.001467, 0.001522, 0.001406, 0.001571, 0.001452, 0.001469, 0.001390, 0.001445, 0.001345, 0.001412, 0.001456, 0.001456, 0.001451, 0.001475, 0.001412, 0.001445, 0.001512, 0.001388, 0.001449, 0.001336, 0.001375, 0.001371, 0.001441, 0.001336, 0.001491, 0.001306, 0.001528, 0.001310, 0.001504, 0.001289, 0.001452, 0.001312, 0.001493, 0.001356, 0.001482, 0.001266, 0.001384, 0.001377, 0.001536, 0.001356, 0.001371, 0.001336, 0.001434, 0.001390, 0.001538, 0.001449, 0.001491, 0.001329, 0.001423, 0.001449, 0.001416, 0.001358, 0.001423, 0.001458, 0.001419, 0.001451, 0.001549, 0.001451, 0.001408, 0.001438, 0.001408
10 , 0, 0, 0, 0, 0, 0, 0
10 , 0.003171, 0.003372, 0.002663, 0.002581, 0.002265, 0.002127, 0.001720
11 , 0.001512, 0.001388, 0.001449, 0.001336, 0.001375, 0.001371, 0.001441, 0.001336, 0.001491, 0.001306, 0.001528, 0.001310, 0.001504, 0.001289, 0.001452, 0.001312, 0.001493, 0.001356, 0.001482, 0.001266, 0.001384, 0.001377, 0.001536, 0.001356, 0.001371, 0.001336, 0.001434, 0.001390, 0.001538, 0.001449, 0.001491, 0.001329, 0.001423, 0.001449, 0.001416, 0.001358, 0.001423, 0.001458, 0.001419, 0.001451, 0.001549, 0.001451, 0.001408, 0.001438, 0.001408, 0.001440, 0.001408, 0.001473, 0.001314, 0.001469, 0.001295, 0.001417, 0.001382, 0.001496, 0.001516, 0.001567, 0.001494, 0.001647, 0.001515, 0.001643, 0.001538, 0.001749, 0.001477, 0.001671, 0.001525, 0.001484, 0.001293, 0.001403, 0.001303, 0.001361, 0.001232, 0.001207, 0.001134, 0.001134, 0.001058, 0.001097, 0.001052, 0.000930, 0.001102, 0.001213, 0.001094, 0.001255, 0.001260, 0.001217, 0.001352, 0.001169, 0.001333, 0.001334, 0.001493, 0.001404, 0.001703, 0.001443
11 , 3, 3, 3, 3, 3, 3, 3
11 , 0.006351, 0.006496, 0.006159, 0.005871, 0.005108, 0.004548, 0.003840
12 , 0.001473, 0.001314, 0.001469, 0.001295, 0.001417, 0.001382, 0.001496, 0.001516, 0.001567, 0.001494, 0.001647, 0.001515, 0.001643, 0.001538, 0.001749, 0.001477, 0.001671, 0.001525, 0.001484, 0.001293, 0.001403, 0.001303, 0.001361, 0.001232, 0.001207, 0.001134, 0.001134, 0.001058, 0.001097, 0.001052, 0.000930, 0.001102, 0.001213, 0.001094, 0.001255, 0.001260, 0.001217, 0.001352, 0.001169, 0.001333, 0.001334, 0.001493, 0.001404, 0.001703, 0.001443, 0.001618, 0.001504, 0.001683, 0.001552, 0.001710, 0.001491, 0.001690, 0.001529, 0.001719, 0.001521, 0.001688, 0.001393, 0.001527, 0.001563, 0.001599, 0.001449, 0.001518, 0.001532, 0.001593, 0.001417, 0.001573, 0.001478, 0.001573, 0.001519, 0.001590, 0.001562, 0.001451, 0.001493, 0.001404, 0.001321, 0.001302, 0.001396, 0.001396, 0.001426, 0.001359, 0.001391, 0.001401, 0.001391, 0.001323, 0.001368, 0.001310, 0.001394, 0.001253, 0.001539, 0.001369, 0.001399, 0.001256
12 , 1, 1, 1, 1, 1, 1, 1
12 , 0.009565, 0.009526, 0.009438, 0.009498, 0.008772, 0.008422, 0.007129
13 , 0.001504, 0.001683, 0.001552, 0.001710, 0.001491, 0.001690, 0.001529, 0.001719, 0.001521, 0.001688, 0.001393, 0.001527, 0.001563, 0.001599, 0.001449, 0.001518, 0.001532, 0.001593, 0.001417, 0.001573, 0.001478, 0.001573, 0.001519, 0.001590, 0.001562, 0.001451, 0.001493, 0.001404, 0.001321, 0.001302, 0.001396, 0.001396, 0.001426, 0.001359, 0.001391, 0.001401, 0.001391, 0.001323, 0.001368, 0.001310, 0.001394, 0.001253, 0.001539, 0.001369, 0.001399, 0.001256, 0.001512, 0.001382, 0.001628, 0.001400, 0.001646, 0.001484, 0.001537, 0.001492, 0.001582, 0.001496, 0.001565, 0.001417, 0.001490, 0.001402, 0.001484, 0.001327, 0.001504, 0.001312, 0.001375, 0.001261, 0.001268, 0.001291, 0.001210, 0.001248, 0.001250, 0.001355, 0.001314, 0.001368, 0.001284, 0.001429, 0.001347, 0.001453, 0.001406, 0.001612, 0.001461, 0.001573, 0.001521, 0.001643, 0.001532, 0.001746, 0.001613, 0.001675, 0.001697, 0.001856, 0.001550, 0.001740
13 , 2, 2, 2, 2, 2, 2, 2
13 , 0.004000, 0.004880, 0.005447, 0.006215, 0.006709, 0.007436, 0.007946
14 , 0.001537, 0.001492, 0.001582, 0.001496, 0.001565, 0.001417, 0.001490, 0.001402, 0.001484, 0.001327, 0.001504, 0.001312, 0.001375, 0.001261, 0.001268, 0.001291, 0.001210, 0.001248, 0.001250, 0.001355, 0.001314, 0.001368, 0.001284, 0.001429, 0.001347, 0.001453, 0.001406, 0.001612, 0.001461, 0.001573, 0.001521, 0.001643, 0.001532, 0.001746, 0.001613, 0.001675, 0.001697, 0.001856, 0.001550, 0.001740, 0.001670, 0.001858, 0.001674, 0.001734, 0.001613, 0.001586, 0.001464, 0.001635, 0.001576, 0.001614, 0.001565, 0.001563, 0.001603, 0.001609, 0.001425, 0.001514, 0.001518, 0.001480, 0.001437, 0.001386, 0.001399, 0.001321, 0.001543, 0.001425, 0.001462, 0.001338, 0.001465, 0.001338, 0.001371, 0.001238, 0.001419, 0.001227, 0.001532, 0.001345, 0.001508, 0.001373, 0.001497, 0.001490, 0.001553, 0.001439, 0.001593, 0.001431, 0.001703, 0.001634, 0.001607, 0.001516, 0.001571, 0.001577, 0.001701, 0.001540, 0.001542, 0.001510
14 , 3, 0, 0, 0, 0, 0, 0
14 , 0.003649, 0.004229, 0.005484, 0.005832, 0.007253, 0.007493, 0.008413
15 , 0.001603, 0.001609, 0.001425, 0.001514, 0.001518, 0.001480, 0.001437, 0.001386, 0.001399, 0.001321, 0.001543, 0.001425, 0.001462, 0.001338, 0.001465, 0.001338, 0.001371, 0.001238, 0.001419, 0.001227, 0.001532, 0.001345, 0.001508, 0.001373, 0.001497, 0.001490, 0.001553, 0.001439, 0.001593, 0.001431, 0.001703, 0.001634, 0.001607, 0.001516, 0.001571, 0.001577, 0.001701, 0.001540, 0.001542, 0.001510, 0.001636, 0.001516, 0.001494, 0.001589, 0.001459, 0.001614, 0.001555, 0.001587, 0.001368, 0.001476, 0.001508, 0.001567, 0.001415, 0.001595, 0.001457, 0.001585, 0.001626, 0.001701, 0.001402, 0.001595, 0.001496, 0.001683, 0.001476, 0.001547, 0.001445, 0.001578, 0.001421, 0.001519, 0.001328, 0.001517, 0.001441, 0.001624, 0.001498, 0.001595, 0.001618, 0.001605, 0.001601, 0.001626, 0.001626, 0.001626, 0.001654, 0.001628, 0.001601, 0.001569, 0.001630, 0.001482, 0.001524, 0.001400, 0.001528, 0.001474, 0.001512, 0.001386
15 , 0, 0, 0, 0, 0, 0, 0
15 , 0.002138, 0.003035, 0.003243, 0.003730, 0.003822, 0.003918, 0.003642
16 , 0.001567, 0.001415, 0.001595, 0.001457, 0.001585, 0.001626, 0.001701, 0.001402, 0.001595, 0.001496, 0.001683, 0.001476, 0.001547, 0.001445, 0.001578, 0.001421, 0.001519, 0.001328, 0.001517, 0.001441, 0.001624, 0.001498, 0.001595, 0.001618, 0.001605, 0.001601, 0.001626, 0.001626, 0.001626, 0.001654, 0.001628, 0.001601, 0.001569, 0.001630, 0.001482, 0.001524, 0.001400, 0.001528, 0.001474, 0.001512, 0.001386, 0.001578, 0.001493, 0.001532, 0.001319, 0.001540, 0.001284, 0.001488, 0.001282, 0.001450, 0.001352, 0.001459, 0.001302, 0.001366, 0.001289, 0.001509, 0.001336, 0.001482, 0.001375, 0.001464, 0.001312, 0.001466, 0.001384, 0.001504, 0.001557, 0.001579, 0.001512, 0.001624, 0.001643, 0.001728, 0.001685, 0.001700, 0.001788, 0.001725, 0.001720, 0.001683, 0.001837, 0.001718, 0.001813, 0.001693, 0.001754, 0.001630, 0.001706, 0.001708, 0.001724, 0.001599, 0.001675, 0.001523, 0.001703, 0.001530, 0.001658, 0.001437
16 , 0, 0, 0, 0, 0, 2, 2
16 , 0.007068, 0.006436, 0.005947, 0.005095, 0.004642, 0.003902, 0.003501
