0 , 0.000880, 0.000840, 0.001543, 0.001310, 0.001443, 0.001638, 0.001469, 0.001641, 0.001511, 0.001809, 0.001843, 0.001864, 0.001704, 0.001660, 0.002017, 0.001913, 0.001781, 0.001542, 0.001962, 0.001823, 0.001771, 0.001813, 0.001706, 0.001725, 0.002018, 0.000796, 0.001406, 0.001263, 0.001460, 0.001270, 0.001296, 0.001134, 0.001203, 0.001257, 0.001275, 0.001351, 0.001401, 0.001430, 0.001219, 0.001279, 0.001375, 0.001377, 0.001292, 0.001381, 0.001342, 0.001434, 0.001271, 0.001340, 0.001350, 0.001393, 0.001346, 0.000228, 0.001231, 0.001418, 0.001522, 0.001336, 0.001643, 0.001543, 0.001656, 0.001604, 0.001647, 0.001820, 0.001613, 0.001630, 0.001578, 0.001742, 0.001600, 0.001686, 0.001660, 0.001690, 0.001738, 0.001544, 0.001738, 0.001526, 0.001652, 0.001586, 0.000858, 0.001692, 0.001446, 0.001420, 0.001325, 0.001275, 0.001200, 0.001115, 0.001179, 0.001214, 0.001247, 0.001160, 0.001116, 0.001123, 0.001121, 0.001083
0 , 1, 1, 1, 1, 1, 1, 1
0 , 0.004788, 0.006583, 0.008145, 0.010211, 0.011997, 0.014429, 0.016115
1 , 0.001231, 0.001418, 0.001522, 0.001336, 0.001643, 0.001543, 0.001656, 0.001604, 0.001647, 0.001820, 0.001613, 0.001630, 0.001578, 0.001742, 0.001600, 0.001686, 0.001660, 0.001690, 0.001738, 0.001544, 0.001738, 0.001526, 0.001652, 0.001586, 0.000858, 0.001692, 0.001446, 0.001420, 0.001325, 0.001275, 0.001200, 0.001115, 0.001179, 0.001214, 0.001247, 0.001160, 0.001116, 0.001123, 0.001121, 0.001083, 0.001154, 0.000953, 0.001072, 0.001044, 0.001128, 0.000851, 0.001170, 0.000138, 0.001583, 0.001713, 0.001926, 0.001774, 0.001839, 0.001799, 0.001997, 0.001765, 0.001857, 0.001781, 0.001877, 0.001895, 0.001658, 0.001789, 0.001577, 0.001807, 0.001565, 0.001604, 0.001638, 0.001712, 0.001790, 0.001715, 0.001587, 0.001710, 0.000109, 0.001619, 0.001493, 0.001505, 0.001464, 0.001353, 0.001196, 0.001303, 0.001277, 0.001297, 0.001121, 0.001235, 0.001062, 0.001130, 0.001053, 0.001140, 0.001057, 0.001186, 0.001016, 0.001117
1 , 1, 1, 1, 1, 1, 1, 1
1 , 0.012713, 0.014544, 0.017386, 0.019926, 0.024182, 0.021961, 0.020967
2 , 0.001926, 0.001774, 0.001839, 0.001799, 0.001997, 0.001765, 0.001857, 0.001781, 0.001877, 0.001895, 0.001658, 0.001789, 0.001577, 0.001807, 0.001565, 0.001604, 0.001638, 0.001712, 0.001790, 0.001715, 0.001587, 0.001710, 0.000109, 0.001619, 0.001493, 0.001505, 0.001464, 0.001353, 0.001196, 0.001303, 0.001277, 0.001297, 0.001121, 0.001235, 0.001062, 0.001130, 0.001053, 0.001140, 0.001057, 0.001186, 0.001016, 0.001117, 0.000960, 0.001026, 0.000999, 0.001163, 0.001186, 0.000980, 0.000917, 0.001516, 0.001302, 0.001688, 0.001503, 0.001702, 0.001563, 0.001771, 0.001845, 0.001771, 0.001767, 0.001590, 0.001772, 0.001732, 0.001792, 0.001658, 0.001839, 0.001852, 0.001713, 0.001906, 0.001802, 0.001984, 0.001785, 0.002164, 0.001024, 0.001086, 0.001395, 0.001256, 0.001313, 0.001149, 0.001126, 0.001113, 0.001205, 0.001017, 0.001184, 0.001041, 0.001182, 0.001106, 0.001382, 0.001050, 0.001142, 0.001017, 0.001146, 0.001017
2 , 1, 1, 1, 1, 1, 1, 1
2 , 0.016377, 0.020258, 0.022344, 0.024232, 0.023668, 0.024268, 0.023458
3 , 0.001688, 0.001503, 0.001702, 0.001563, 0.001771, 0.001845, 0.001771, 0.001767, 0.001590, 0.001772, 0.001732, 0.001792, 0.001658, 0.001839, 0.001852, 0.001713, 0.001906, 0.001802, 0.001984, 0.001785, 0.002164, 0.001024, 0.001086, 0.001395, 0.001256, 0.001313, 0.001149, 0.001126, 0.001113, 0.001205, 0.001017, 0.001184, 0.001041, 0.001182, 0.001106, 0.001382, 0.001050, 0.001142, 0.001017, 0.001146, 0.001017, 0.001222, 0.001078, 0.001095, 0.001059, 0.000478, 0.001575, 0.001560, 0.001491, 0.001681, 0.001755, 0.001729, 0.001782, 0.001678, 0.001894, 0.001734, 0.001894, 0.001692, 0.001847, 0.001848, 0.001913, 0.001818, 0.001672, 0.001819, 0.001694, 0.001746, 0.001586, 0.001677, 0.001788, 0.001567, 0.001026, 0.001565, 0.001488, 0.001340, 0.001335, 0.001090, 0.001366, 0.001116, 0.001368, 0.001144, 0.001366, 0.001281, 0.001401, 0.001247, 0.001403, 0.001214, 0.001410, 0.001223, 0.001414, 0.001251, 0.001442, 0.001146
3 , 1, 1, 1, 1, 1, 1, 1
3 , 0.018163, 0.021022, 0.024569, 0.023069, 0.022253, 0.022318, 0.021093
4 , 0.001491, 0.001681, 0.001755, 0.001729, 0.001782, 0.001678, 0.001894, 0.001734, 0.001894, 0.001692, 0.001847, 0.001848, 0.001913, 0.001818, 0.001672, 0.001819, 0.001694, 0.001746, 0.001586, 0.001677, 0.001788, 0.001567, 0.001026, 0.001565, 0.001488, 0.001340, 0.001335, 0.001090, 0.001366, 0.001116, 0.001368, 0.001144, 0.001366, 0.001281, 0.001401, 0.001247, 0.001403, 0.001214, 0.001410, 0.001223, 0.001414, 0.001251, 0.001442, 0.001146, 0.001309, 0.001214, 0.001353, 0.000201, 0.001222, 0.001524, 0.001690, 0.001757, 0.001598, 0.001792, 0.001674, 0.001915, 0.001746, 0.001906, 0.001795, 0.001725, 0.001816, 0.001762, 0.002024, 0.001867, 0.001957, 0.001808, 0.001929, 0.002011, 0.001885, 0.001941, 0.001653, 0.002139, 0.000319, 0.001505, 0.001320, 0.001371, 0.001195, 0.001345, 0.001263, 0.001345, 0.001173, 0.001383, 0.001238, 0.001536, 0.001288, 0.001399, 0.001263, 0.001421, 0.001409, 0.001559, 0.001367, 0.001434
4 , 1, 1, 1, 1, 1, 1, 1
4 , 0.013423, 0.015891, 0.017979, 0.018718, 0.021884, 0.020026, 0.019810
5 , 0.001690, 0.001757, 0.001598, 0.001792, 0.001674, 0.001915, 0.001746, 0.001906, 0.001795, 0.001725, 0.001816, 0.001762, 0.002024, 0.001867, 0.001957, 0.001808, 0.001929, 0.002011, 0.001885, 0.001941, 0.001653, 0.002139, 0.000319, 0.001505, 0.001320, 0.001371, 0.001195, 0.001345, 0.001263, 0.001345, 0.001173, 0.001383, 0.001238, 0.001536, 0.001288, 0.001399, 0.001263, 0.001421, 0.001409, 0.001559, 0.001367, 0.001434, 0.001271, 0.001502, 0.001399, 0.001247, 0.000888, 0.001349, 0.001414, 0.001565, 0.001582, 0.001574, 0.001388, 0.001664, 0.001547, 0.001642, 0.001538, 0.001746, 0.001708, 0.001613, 0.001552, 0.001633, 0.001798, 0.001629, 0.001784, 0.001529, 0.001775, 0.001741, 0.001640, 0.001783, 0.001568, 0.002044, 0.001087, 0.001418, 0.001375, 0.001499, 0.001346, 0.001431, 0.001305, 0.001396, 0.001240, 0.001333, 0.001305, 0.001457, 0.001207, 0.001377, 0.001161, 0.001371, 0.001149, 0.001228, 0.001055, 0.001340
5 , 1, 1, 1, 1, 1, 1, 1
5 , 0.010775, 0.013710, 0.015813, 0.018586, 0.017870, 0.017229, 0.016933
6 , 0.001565, 0.001582, 0.001574, 0.001388, 0.001664, 0.001547, 0.001642, 0.001538, 0.001746, 0.001708, 0.001613, 0.001552, 0.001633, 0.001798, 0.001629, 0.001784, 0.001529, 0.001775, 0.001741, 0.001640, 0.001783, 0.001568, 0.002044, 0.001087, 0.001418, 0.001375, 0.001499, 0.001346, 0.001431, 0.001305, 0.001396, 0.001240, 0.001333, 0.001305, 0.001457, 0.001207, 0.001377, 0.001161, 0.001371, 0.001149, 0.001228, 0.001055, 0.001340, 0.001055, 0.001242, 0.001045, 0.001226, 0.001207, 0.001395, 0.001109, 0.001308, 0.001157, 0.001257, 0.001140, 0.001151, 0.001027, 0.001254, 0.001153, 0.001408, 0.001102, 0.001169, 0.001191, 0.001219, 0.001212, 0.001357, 0.001238, 0.001177, 0.001205, 0.001271, 0.001255, 0.001307, 0.001225, 0.001157, 0.001227, 0.001253, 0.001329, 0.001177, 0.001236, 0.001266, 0.001284, 0.001221, 0.001399, 0.001193, 0.001242, 0.001118, 0.001268, 0.001071, 0.001296, 0.001144, 0.001242, 0.001197, 0.001240
6 , 2, 2, 2, 2, 2, 2, 2
6 , 0.005498, 0.006591, 0.007496, 0.007843, 0.009065, 0.008585, 0.008641
7 , 0.001308, 0.001157, 0.001257, 0.001140, 0.001151, 0.001027, 0.001254, 0.001153, 0.001408, 0.001102, 0.001169, 0.001191, 0.001219, 0.001212, 0.001357, 0.001238, 0.001177, 0.001205, 0.001271, 0.001255, 0.001307, 0.001225, 0.001157, 0.001227, 0.001253, 0.001329, 0.001177, 0.001236, 0.001266, 0.001284, 0.001221, 0.001399, 0.001193, 0.001242, 0.001118, 0.001268, 0.001071, 0.001296, 0.001144, 0.001242, 0.001197, 0.001240, 0.001148, 0.001242, 0.001247, 0.001345, 0.001099, 0.001200, 0.001106, 0.001258, 0.001122, 0.001279, 0.001165, 0.001291, 0.001191, 0.001345, 0.001301, 0.001519, 0.001151, 0.001420, 0.001281, 0.001470, 0.001307, 0.001368, 0.001207, 0.001394, 0.001459, 0.001388, 0.001236, 0.001275, 0.001226, 0.001176, 0.001211, 0.001345, 0.001142, 0.001177, 0.001043, 0.001102, 0.001113, 0.001009, 0.001199, 0.001131, 0.001168, 0.001014, 0.001052, 0.001082, 0.001112, 0.001049, 0.001201, 0.000981, 0.001105, 0.001100
7 , 3, 3, 3, 3, 3, 3, 3
7 , 0.003592, 0.003780, 0.004005, 0.004017, 0.004171, 0.004294, 0.004493
8 , 0.001165, 0.001291, 0.001191, 0.001345, 0.001301, 0.001519, 0.001151, 0.001420, 0.001281, 0.001470, 0.001307, 0.001368, 0.001207, 0.001394, 0.001459, 0.001388, 0.001236, 0.001275, 0.001226, 0.001176, 0.001211, 0.001345, 0.001142, 0.001177, 0.001043, 0.001102, 0.001113, 0.001009, 0.001199, 0.001131, 0.001168, 0.001014, 0.001052, 0.001082, 0.001112, 0.001049, 0.001201, 0.000981, 0.001105, 0.001100, 0.001191, 0.001004, 0.001242, 0.001015, 0.001214, 0.001139, 0.001205, 0.001109, 0.001165, 0.001020, 0.001238, 0.001153, 0.001298, 0.001048, 0.001233, 0.001113, 0.001237, 0.001151, 0.001277, 0.001026, 0.001209, 0.001090, 0.001158, 0.001094, 0.001188, 0.001216, 0.001286, 0.001289, 0.001233, 0.001156, 0.001112, 0.001158, 0.001188, 0.001183, 0.000905, 0.001057, 0.001021, 0.001115, 0.001049, 0.001080, 0.001029, 0.001202, 0.001099, 0.001258, 0.001132, 0.001277, 0.001111, 0.001277, 0.001134, 0.001382, 0.001200, 0.001228
8 , 1, 1, 1, 1, 1, 1, 1
8 , 0.005067, 0.004815, 0.004950, 0.004948, 0.005093, 0.004888, 0.004903
9 , 0.001238, 0.001153, 0.001298, 0.001048, 0.001233, 0.001113, 0.001237, 0.001151, 0.001277, 0.001026, 0.001209, 0.001090, 0.001158, 0.001094, 0.001188, 0.001216, 0.001286, 0.001289, 0.001233, 0.001156, 0.001112, 0.001158, 0.001188, 0.001183, 0.000905, 0.001057, 0.001021, 0.001115, 0.001049, 0.001080, 0.001029, 0.001202, 0.001099, 0.001258, 0.001132, 0.001277, 0.001111, 0.001277, 0.001134, 0.001382, 0.001200, 0.001228, 0.001071, 0.001315, 0.001207, 0.001336, 0.001242, 0.001375, 0.001207, 0.001306, 0.001168, 0.001311, 0.001318, 0.001364, 0.001229, 0.001344, 0.001218, 0.001323, 0.001336, 0.001404, 0.001312, 0.001193, 0.001233, 0.001272, 0.001223, 0.001151, 0.001323, 0.001191, 0.001184, 0.001057, 0.001224, 0.001184, 0.001296, 0.001137, 0.001230, 0.001066, 0.001216, 0.001204, 0.001242, 0.001113, 0.001244, 0.001087, 0.001218, 0.001024, 0.001179, 0.001169, 0.001310, 0.001057, 0.001218, 0.001059, 0.001230, 0.001116
9 , 1, 1, 1, 1, 1, 1, 3
9 , 0.003014, 0.003112, 0.002385, 0.002528, 0.002177, 0.002537, 0.002782
10 , 0.001375, 0.001207, 0.001306, 0.001168, 0.001311, 0.001318, 0.001364, 0.001229, 0.001344, 0.001218, 0.001323, 0.001336, 0.001404, 0.001312, 0.001193, 0.001233, 0.001272, 0.001223, 0.001151, 0.001323, 0.001191, 0.001184, 0.001057, 0.001224, 0.001184, 0.001296, 0.001137, 0.001230, 0.001066, 0.001216, 0.001204, 0.001242, 0.001113, 0.001244, 0.001087, 0.001218, 0.001024, 0.001179, 0.001169, 0.001310, 0.001057, 0.001218, 0.001059, 0.001230, 0.001116, 0.001108, 0.001031, 0.001120, 0.000968, 0.001133, 0.001085, 0.001115, 0.001006, 0.001080, 0.001146, 0.001125, 0.001108, 0.001245, 0.001207, 0.001310, 0.001326, 0.001330, 0.001372, 0.001388, 0.001612, 0.001472, 0.001644, 0.001653, 0.001731, 0.001632, 0.001748, 0.001626, 0.001728, 0.001585, 0.001774, 0.001539, 0.001655, 0.001522, 0.001490, 0.001306, 0.001468, 0.001192, 0.001300, 0.001118, 0.001163, 0.000940, 0.001030, 0.000925, 0.000977, 0.000955, 0.000884, 0.000856
10 , 2, 2, 2, 1, 1, 1, 1
10 , 0.005845, 0.004776, 0.003442, 0.003486, 0.004230, 0.006079, 0.007081
11 , 0.001006, 0.001080, 0.001146, 0.001125, 0.001108, 0.001245, 0.001207, 0.001310, 0.001326, 0.001330, 0.001372, 0.001388, 0.001612, 0.001472, 0.001644, 0.001653, 0.001731, 0.001632, 0.001748, 0.001626, 0.001728, 0.001585, 0.001774, 0.001539, 0.001655, 0.001522, 0.001490, 0.001306, 0.001468, 0.001192, 0.001300, 0.001118, 0.001163, 0.000940, 0.001030, 0.000925, 0.000977, 0.000955, 0.000884, 0.000856, 0.001008, 0.000911, 0.000963, 0.000919, 0.000941, 0.000817, 0.000964, 0.001012, 0.001026, 0.001072, 0.001085, 0.001194, 0.001125, 0.001265, 0.001219, 0.001338, 0.001121, 0.001355, 0.001283, 0.001499, 0.001342, 0.001433, 0.001320, 0.001434, 0.001280, 0.001401, 0.001306, 0.001394, 0.001115, 0.001366, 0.001169, 0.001298, 0.001125, 0.001230, 0.001125, 0.001240, 0.001209, 0.001209, 0.001059, 0.001279, 0.001120, 0.001214, 0.001183, 0.001343, 0.001275, 0.001282, 0.001153, 0.001310, 0.001282, 0.001183, 0.001132, 0.001315
11 , 2, 1, 1, 1, 1, 1, 1
11 , 0.002471, 0.003557, 0.005893, 0.007044, 0.008843, 0.009991, 0.011423
12 , 0.001125, 0.001265, 0.001219, 0.001338, 0.001121, 0.001355, 0.001283, 0.001499, 0.001342, 0.001433, 0.001320, 0.001434, 0.001280, 0.001401, 0.001306, 0.001394, 0.001115, 0.001366, 0.001169, 0.001298, 0.001125, 0.001230, 0.001125, 0.001240, 0.001209, 0.001209, 0.001059, 0.001279, 0.001120, 0.001214, 0.001183, 0.001343, 0.001275, 0.001282, 0.001153, 0.001310, 0.001282, 0.001183, 0.001132, 0.001315, 0.001315, 0.001048, 0.001050, 0.001094, 0.001130, 0.001127, 0.001172, 0.001102, 0.001296, 0.000982, 0.001144, 0.001132, 0.001261, 0.001045, 0.001062, 0.001020, 0.001207, 0.001025, 0.001140, 0.001077, 0.001249, 0.000973, 0.001128, 0.001029, 0.001097, 0.001024, 0.001097, 0.000970, 0.001039, 0.000991, 0.001110, 0.001065, 0.001083, 0.001195, 0.001165, 0.001235, 0.001284, 0.001340, 0.001299, 0.001142, 0.001170, 0.001344, 0.001151, 0.001309, 0.001159, 0.001353, 0.001168, 0.001362, 0.001292, 0.001449, 0.001262, 0.001338
12 , 2, 2, 2, 2, 2, 2, 2
12 , 0.004012, 0.004907, 0.005352, 0.005737, 0.005984, 0.006322, 0.006210
13 , 0.001132, 0.001261, 0.001045, 0.001062, 0.001020, 0.001207, 0.001025, 0.001140, 0.001077, 0.001249, 0.000973, 0.001128, 0.001029, 0.001097, 0.001024, 0.001097, 0.000970, 0.001039, 0.000991, 0.001110, 0.001065, 0.001083, 0.001195, 0.001165, 0.001235, 0.001284, 0.001340, 0.001299, 0.001142, 0.001170, 0.001344, 0.001151, 0.001309, 0.001159, 0.001353, 0.001168, 0.001362, 0.001292, 0.001449, 0.001262, 0.001338, 0.001251, 0.001291, 0.001078, 0.001312, 0.001218, 0.001324, 0.001205, 0.001250, 0.000997, 0.001212, 0.001073, 0.001221, 0.001188, 0.001226, 0.001118, 0.001254, 0.001029, 0.001261, 0.001251, 0.001284, 0.001319, 0.001300, 0.001104, 0.001211, 0.001115, 0.001240, 0.001125, 0.001142, 0.001098, 0.001065, 0.001171, 0.000997, 0.001121, 0.000974, 0.001143, 0.001067, 0.001351, 0.001042, 0.001171, 0.001082, 0.001239, 0.000991, 0.001125, 0.000907, 0.001092, 0.001108, 0.001265, 0.001131, 0.001196, 0.001085, 0.001329
13 , 3, 3, 3, 3, 3, 3, 3
13 , 0.005470, 0.005633, 0.005595, 0.005374, 0.005290, 0.004848, 0.004534
14 , 0.001205, 0.001250, 0.000997, 0.001212, 0.001073, 0.001221, 0.001188, 0.001226, 0.001118, 0.001254, 0.001029, 0.001261, 0.001251, 0.001284, 0.001319, 0.001300, 0.001104, 0.001211, 0.001115, 0.001240, 0.001125, 0.001142, 0.001098, 0.001065, 0.001171, 0.000997, 0.001121, 0.000974, 0.001143, 0.001067, 0.001351, 0.001042, 0.001171, 0.001082, 0.001239, 0.000991, 0.001125, 0.000907, 0.001092, 0.001108, 0.001265, 0.001131, 0.001196, 0.001085, 0.001329, 0.001167, 0.001366, 0.001132, 0.001364, 0.001188, 0.001270, 0.001240, 0.001353, 0.001333, 0.001307, 0.001340, 0.001316, 0.001414, 0.001216, 0.001153, 0.001303, 0.001310, 0.001312, 0.001441, 0.001212, 0.001312, 0.001191, 0.001237, 0.001144, 0.001352, 0.001282, 0.001436, 0.001345, 0.001380, 0.001132, 0.001354, 0.001268, 0.001464, 0.001298, 0.001366, 0.001130, 0.001331, 0.001078, 0.001233, 0.001013, 0.001263, 0.001233, 0.001336, 0.001037, 0.001151, 0.001170, 0.001144
14 , 1, 1, 1, 1, 1, 1, 1
14 , 0.002881, 0.002526, 0.002757, 0.002404, 0.002883, 0.002604, 0.003152
15 , 0.001353, 0.001333, 0.001307, 0.001340, 0.001316, 0.001414, 0.001216, 0.001153, 0.001303, 0.001310, 0.001312, 0.001441, 0.001212, 0.001312, 0.001191, 0.001237, 0.001144, 0.001352, 0.001282, 0.001436, 0.001345, 0.001380, 0.001132, 0.001354, 0.001268, 0.001464, 0.001298, 0.001366, 0.001130, 0.001331, 0.001078, 0.001233, 0.001013, 0.001263, 0.001233, 0.001336, 0.001037, 0.001151, 0.001170, 0.001144, 0.001121, 0.001121, 0.001182, 0.001202, 0.001134, 0.001130, 0.001228, 0.001347, 0.001284, 0.001146, 0.001340, 0.001137, 0.001319, 0.001142, 0.001260, 0.000953, 0.001138, 0.001123, 0.001294, 0.001134, 0.001289, 0.001162, 0.001322, 0.001137, 0.001296, 0.001261, 0.001395, 0.001202, 0.001324, 0.001146, 0.001245, 0.001100, 0.001293, 0.001062, 0.001191, 0.001128, 0.001285, 0.001189, 0.001204, 0.001262, 0.001255, 0.001252, 0.001217, 0.001250, 0.001184, 0.001268, 0.001338, 0.001148, 0.001181, 0.001354, 0.001261, 0.001354
15 , 2, 1, 2, 2, 2, 2, 2
15 , 0.001215, 0.001799, 0.001994, 0.002379, 0.002133, 0.002250, 0.002595
16 , 0.001319, 0.001142, 0.001260, 0.000953, 0.001138, 0.001123, 0.001294, 0.001134, 0.001289, 0.001162, 0.001322, 0.001137, 0.001296, 0.001261, 0.001395, 0.001202, 0.001324, 0.001146, 0.001245, 0.001100, 0.001293, 0.001062, 0.001191, 0.001128, 0.001285, 0.001189, 0.001204, 0.001262, 0.001255, 0.001252, 0.001217, 0.001250, 0.001184, 0.001268, 0.001338, 0.001148, 0.001181, 0.001354, 0.001261, 0.001354, 0.001043, 0.001326, 0.001242, 0.001151, 0.001174, 0.001251, 0.001174, 0.001333, 0.001200, 0.001324, 0.001181, 0.001338, 0.001078, 0.001415, 0.001280, 0.001291, 0.001186, 0.001308, 0.001142, 0.001334, 0.001273, 0.001306, 0.001271, 0.001406, 0.001284, 0.001324, 0.001233, 0.001324, 0.001298, 0.001258, 0.001258, 0.001322, 0.001256, 0.001158, 0.001264, 0.001346, 0.001259, 0.001329, 0.001357, 0.001327, 0.001472, 0.001409, 0.001301, 0.001207, 0.001297, 0.001210, 0.001404, 0.001249, 0.001345, 0.001312, 0.001443, 0.001162
16 , 0, 0, 0, 0, 0, 0, 0
16 , 0.000674, 0.000684, 0.000868, 0.000874, 0.001197, 0.001278, 0.001651
